# VERSION_SNANA      = v10_75b 
# VERSION_PHOTOMETRY = Foundation_simup 
# SNANA_VERSION : v10_75b 
# TABLE NAME: FITRES 
# 
VARNAMES:  CID IDSURVEY TYPE FIELD CUTFLAG_SNANA zHEL zHELERR zCMB zCMBERR zHD zHDERR VPEC VPECERR HOST_LOGMASS HOST_LOGMASS_ERR HOST_sSFR HOST_sSFR_ERR SNRMAX1 SNRMAX2 SNRMAX3 PKMJD PKMJDERR x1 x1ERR c cERR mB mBERR x0 x0ERR COV_x1_c COV_x1_x0 COV_c_x0 NDOF FITCHI2 FITPROB SIM_TYPE_INDEX SIM_TEMPLATE_INDEX SIM_LIBID SIM_NGEN_LIBID SIM_ZCMB SIM_ZFLAG SIM_VPEC SIM_DLMAG SIM_PKMJD SIM_x1 SIM_c SIM_alpha SIM_beta SIM_x0 SIM_mB SIM_AV 
#
SN: 570 15 1 NULL 1 0.03731 0.00000 0.03604 0.00000 0.03605 0.00000 4.09000 0 10 0 -9 -9 42.14097 22.20330 -99 57239.016 0.191 -1.25546e+00 0.23420 0.25134 4.89977e-02 17.74731 7.62092e-02 1.42915e-03 1.00314e-04 1.00068e-03 -4.92826e-06 -4.06588e-06 7 3.35035 0.85081 1 0 133 1 3.60500e-02 1 -4.10000e+00 36.00500 57238.766 -1.20710e+00 0.27930 0.16500 3.03200 1.51220e-03 17.68600 -9
SN: 587 15 1 NULL 1 0.05334 0.00000 0.05463 0.00000 0.05324 0.00000 -3.95620e+02 0 10 0 -9 -9 86.74240 26.71126 -99 57462.168 0.596 -1.10579e+00 0.41673 -1.16161e-01 4.89692e-02 17.31392 5.95109e-02 2.13026e-03 1.16763e-04 -3.49213e-03 2.12439e-06 -5.19551e-06 12 5.59659 0.95961 1 0 151 1 5.33100e-02 1 395.60001 36.87900 57461.492 -8.01500e-01 -9.71000e-02 0.16500 3.03200 2.05720e-03 17.35180 -9
SN: 594 15 1 NULL 1 0.03681 0.00000 0.03578 0.00000 0.03571 0.00000 -2.04900e+01 0 10 0 -9 -9 71.69655 65.27422 -99 57351.941 0.127 -6.31431e-02 0.14813 -5.63073e-02 3.44477e-02 16.22511 5.20966e-02 5.80705e-03 2.78638e-04 3.98046e-04 -6.94795e-06 -7.51621e-06 7 2.25367 0.94448 1 0 167 1 3.57100e-02 1 20.50000 35.98360 57351.832 9.80000e-03 -6.55000e-02 0.16500 3.03200 4.86050e-03 16.41830 -9
SN: 607 15 1 NULL 1 0.03180 0.00000 0.03126 0.00000 0.03099 0.00000 -7.77100e+01 0 10 0 -9 -9 55.68780 53.24821 -99 57442.637 0.237 0.21145 0.19672 1.17015e-02 3.95667e-02 16.07695 9.37213e-02 6.65612e-03 5.74560e-04 1.95928e-04 -6.93101e-06 -1.79988e-05 8 5.36424 0.80147 1 0 181 1 3.10000e-02 1 77.70000 35.66790 57442.410 0.31510 -5.40000e-03 0.16500 3.03200 5.75670e-03 16.23460 -9
SN: 701 15 1 NULL 1 0.03805 0.00000 0.03891 0.00000 0.04009 0.00000 337.98999 0 10 0 -9 -9 39.39350 31.84884 -99 57467.539 0.258 -9.15859e-01 0.38092 -1.64678e-02 4.37339e-02 16.81388 7.85795e-02 3.37636e-03 2.44362e-04 3.63095e-03 -2.59225e-05 -8.42013e-06 7 2.05276 0.95686 1 0 153 1 4.00400e-02 1 -338 36.23250 57467.070 -2.40000e-01 -2.99000e-02 0.16500 3.03200 3.36800e-03 16.81660 -9
SN: 718 15 1 NULL 1 0.01367 0.00000 0.01244 0.00000 0.01336 0.00000 271.67999 0 10 0 -9 -9 316.22293 63.62426 -99 57284.129 0.500 1.27693 0.21520 7.16486e-02 3.44710e-02 14.56431 4.62003e-02 2.68087e-02 1.14077e-03 -1.14868e-03 3.67112e-05 -3.27861e-05 9 0.55425 0.99999 1 0 179 1 1.33500e-02 1 -2.71700e+02 33.80830 57284.121 1.31740 5.86000e-02 0.16500 3.03200 3.10840e-02 14.40360 -9
SN: 746 15 1 NULL 1 0.03376 0.00000 0.03365 0.00000 0.03261 0.00000 -2.99220e+02 0 10 0 -9 -9 70.31011 65.38391 -99 57247.883 0.207 0.90987 0.18804 -8.07655e-02 3.40652e-02 16.28012 4.48944e-02 5.52015e-03 2.28254e-04 2.33970e-05 -8.17127e-06 -6.25254e-06 8 2.12252 0.97702 1 0 22 1 3.26500e-02 1 299.20001 35.78390 57247.762 0.91170 -7.00000e-03 0.16500 3.03200 5.68900e-03 16.24740 -9
SN: 748 15 1 NULL 1 0.04543 0.00000 0.04459 0.00000 0.04582 0.00000 355.38000 0 10 0 -9 -9 59.23812 54.48022 -99 57256.988 0.350 -1.39270e+00 0.24910 -6.73175e-02 3.63734e-02 16.85332 4.14334e-02 3.25591e-03 1.24251e-04 -4.34530e-05 -2.28431e-06 -3.70911e-06 6 0.62123 0.99887 1 0 24 1 4.57700e-02 1 -3.55400e+02 36.53530 57256.789 -1.25580e+00 -1.02600e-01 0.16500 3.03200 2.67600e-03 17.06630 -9
SN: 771 15 1 NULL 1 0.03999 0.00000 0.04102 0.00000 0.04066 0.00000 -1.03530e+02 0 10 0 -9 -9 51.52210 50.14642 -99 57454.922 0.269 0.89992 0.14461 2.02973e-02 3.32257e-02 16.85586 3.88648e-02 3.24831e-03 1.16276e-04 -6.17287e-04 -1.00745e-06 -3.24446e-06 13 5.91691 0.96854 1 0 48 1 4.06700e-02 1 103.50000 36.27020 57454.855 1.03990 2.71000e-02 0.16500 3.03200 3.37050e-03 16.81580 -9
SN: 823 15 1 NULL 1 0.04551 0.00000 0.04615 0.00000 0.04487 0.00000 -3.67140e+02 0 10 0 -9 -9 135.22829 69.92221 -99 57099.051 0.260 0.43720 0.19253 5.51485e-02 3.18399e-02 17.29960 3.61400e-02 2.15853e-03 7.18493e-05 -4.71236e-05 -8.00995e-07 -1.92246e-06 8 3.41723 0.94544 1 0 172 1 4.49200e-02 1 367.10001 36.49530 57099.008 0.47090 7.22000e-02 0.16500 3.03200 2.21510e-03 17.27150 -9
SN: 825 15 1 NULL 1 0.03270 0.00000 0.03363 0.00000 0.03334 0.00000 -8.42100e+01 0 10 0 -9 -9 104.30383 87.74901 -99 57169.090 0.168 1.04774 0.13835 -8.69549e-02 3.18566e-02 16.04966 3.59167e-02 6.82550e-03 2.25791e-04 -8.85579e-05 -6.53314e-06 -6.11093e-06 12 2.46493 0.99829 1 0 174 1 3.33500e-02 1 84.20000 35.82730 57169.004 1.17380 -8.57000e-02 0.16500 3.03200 7.08820e-03 16.00870 -9
SN: 843 15 1 NULL 1 0.04320 0.00000 0.04427 0.00000 0.04419 0.00000 -2.37100e+01 0 10 0 -9 -9 60.46908 53.33064 -99 57116.266 0.200 -4.19239e-01 0.17472 -1.46334e-02 3.38481e-02 17.00339 4.06538e-02 2.83560e-03 1.06175e-04 9.64880e-04 -3.95683e-06 -3.09251e-06 10 4.98982 0.89186 1 0 7 1 4.41900e-02 1 23.70000 36.45510 57116.258 -4.16100e-01 -1.82000e-02 0.16500 3.03200 2.58580e-03 17.10350 -9
SN: 887 15 1 NULL 1 0.03039 0.00000 0.03073 0.00000 0.03125 0.00000 151.59000 0 10 0 -9 -9 74.19407 52.80791 -99 57457.594 0.839 0.30425 0.24092 -1.88451e-01 4.01034e-02 15.76251 6.92289e-02 8.89193e-03 5.66969e-04 3.88081e-04 1.52197e-05 -1.80779e-05 8 8.61178 0.37610 1 0 52 1 3.12400e-02 1 -1.51600e+02 35.68150 57459.406 -6.19000e-02 -1.19600e-01 0.16500 3.03200 7.38550e-03 15.96400 -9
SN: 893 15 1 NULL 1 0.02072 0.00000 0.02144 0.00000 0.02056 0.00000 -2.58370e+02 0 10 0 -9 -9 137.15187 109.21557 -99 57417.039 0.420 -2.54266e-01 0.12182 -5.17334e-02 3.24215e-02 15.36906 4.14664e-02 1.27754e-02 4.87919e-04 -7.87480e-04 1.18785e-05 -1.25874e-05 11 0.68084 0.99999 1 0 112 1 2.05700e-02 1 258.39999 34.75950 57417.031 -2.58700e-01 -4.09000e-02 0.16500 3.03200 1.34520e-02 15.31310 -9
SN: 928 15 1 NULL 1 0.04008 0.00000 0.04131 0.00000 0.04181 0.00000 142.66000 0 10 0 -9 -9 62.54752 58.48546 -99 57400.336 0.256 0.81041 0.12224 -2.34397e-02 3.18362e-02 16.74212 3.71965e-02 3.60704e-03 1.23574e-04 -4.90771e-04 2.35190e-07 -3.33097e-06 17 5.77442 0.99458 1 0 163 1 4.17900e-02 1 -1.42700e+02 36.32850 57400.320 0.80770 -1.57000e-02 0.16500 3.03200 3.47530e-03 16.78250 -9
SN: 938 15 1 NULL 1 0.03994 0.00000 0.04009 0.00000 0.03852 0.00000 -4.52710e+02 0 10 0 -9 -9 92.29089 61.49108 -99 57172.438 0.170 1.33138 0.18688 -7.98218e-02 3.32221e-02 16.37591 3.77197e-02 5.05402e-03 1.75582e-04 2.07115e-04 -7.73893e-06 -4.87020e-06 8 2.08937 0.97815 1 0 175 1 3.85800e-02 1 452.70001 36.15620 57172.469 1.14500 -7.45000e-02 0.16500 3.03200 5.05120e-03 16.37650 -9
SN: 984 15 1 NULL 1 0.04467 0.00000 0.04400 0.00000 0.04367 0.00000 -9.55900e+01 0 10 0 -9 -9 55.84752 47.84159 -99 57376.477 0.161 0.17259 0.17488 -3.38372e-02 4.11217e-02 16.74571 9.48789e-02 3.59514e-03 3.14167e-04 3.07551e-04 -5.26737e-06 -1.02400e-05 8 3.28881 0.91495 1 0 36 1 4.36800e-02 1 95.60000 36.43320 57376.328 0.43620 -1.54000e-02 0.16500 3.03200 2.97990e-03 16.94950 -9
SN: 1007 15 1 NULL 1 0.03850 0.00000 0.03897 0.00000 0.03892 0.00000 -1.37300e+01 0 10 0 -9 -9 49.64476 45.50430 -99 57456.008 0.144 -5.60360e-01 0.20554 -7.73287e-02 3.45235e-02 16.70033 5.09367e-02 3.74858e-03 1.75862e-04 4.93915e-04 -5.22678e-06 -4.75366e-06 10 2.96764 0.98218 1 0 116 1 3.89300e-02 1 13.70000 36.17250 57456.207 -2.87100e-01 -4.89000e-02 0.16500 3.03200 3.72680e-03 16.70670 -9
SN: 1012 15 1 NULL 1 0.02946 0.00000 0.03030 0.00000 0.03049 0.00000 55.09000 0 10 0 -9 -9 85.60704 65.80206 -99 57163.395 0.397 0.38413 0.15143 -4.53405e-02 3.19270e-02 16.13190 3.82981e-02 6.32765e-03 2.23200e-04 -6.97911e-04 4.84887e-06 -5.92837e-06 10 10.40828 0.49408 1 0 127 1 3.04900e-02 1 -5.51000e+01 35.62720 57163.945 0.13420 -3.46000e-02 0.16500 3.03200 6.30900e-03 16.13510 -9
SN: 1016 15 1 NULL 1 0.06582 0.00000 0.06580 0.00000 0.06555 0.00000 -7.02300e+01 0 10 0 -9 -9 55.56482 49.72304 -99 57215.980 0.159 1.16568 0.23111 -9.24086e-02 3.64868e-02 17.44611 3.76588e-02 1.88606e-03 6.54179e-05 -1.47026e-03 -1.86747e-06 -1.95649e-06 11 7.75365 0.80407 1 0 131 1 6.55700e-02 1 70.20000 37.34790 57215.938 1.14100 -5.33000e-02 0.16500 3.03200 1.58790e-03 17.63300 -9
SN: 1039 15 1 NULL 1 0.04743 0.00000 0.04856 0.00000 0.04880 0.00000 71.20000 0 10 0 -9 -9 81.69175 48.45032 -99 57401.977 0.243 1.21415 0.12401 -7.03190e-02 3.49542e-02 16.88865 4.69895e-02 3.15166e-03 1.36401e-04 -6.16782e-04 -1.20218e-07 -3.84122e-06 23 6.71803 0.99980 1 0 162 1 4.87900e-02 1 -7.12000e+01 36.67680 57401.832 1.28020 -5.25000e-02 0.16500 3.03200 3.00210e-03 16.94150 -9
SN: 1045 15 1 NULL 1 0.01762 0.00000 0.01704 0.00000 0.01714 0.00000 30.72000 0 10 0 -9 -9 162.70964 71.86804 -99 57362.121 0.169 -1.16287e+00 0.13156 -7.40693e-02 3.99879e-02 15.15409 9.63017e-02 1.55726e-02 1.38125e-03 1.69060e-04 -6.48077e-06 -4.42399e-05 11 1.32656 0.99993 1 0 170 1 1.71400e-02 1 -3.07000e+01 34.35830 57362.090 -1.19870e+00 -1.07800e-01 0.16500 3.03200 2.03390e-02 14.86420 -9
SN: 1057 15 1 NULL 1 0.03480 0.00000 0.03607 0.00000 0.03539 0.00000 -1.97470e+02 0 10 0 -9 -9 66.24235 49.77447 -99 57449.988 0.299 1.45996 0.26472 1.08457e-02 3.37487e-02 16.61592 4.31106e-02 4.05167e-03 1.60877e-04 1.31934e-04 -4.53622e-06 -4.60591e-06 16 5.26126 0.99429 1 0 183 1 3.54100e-02 1 197.50000 35.96110 57450.383 1.09930 3.06000e-02 0.16500 3.03200 4.47670e-03 16.50760 -9
SN: 1069 15 1 NULL 1 0.04814 0.00000 0.04931 0.00000 0.04869 0.00000 -1.77820e+02 0 10 0 -9 -9 54.77614 52.61618 -99 57131.359 0.817 -1.06439e+00 0.23362 -1.11768e-01 3.76149e-02 16.97894 5.37316e-02 2.90019e-03 1.43526e-04 -3.08671e-03 1.50460e-05 -4.40768e-06 10 3.35787 0.98510 1 0 9 1 4.87200e-02 1 177.80000 36.67490 57131.312 -9.73600e-01 -1.07300e-01 0.16500 3.03200 2.48810e-03 17.14530 -9
SN: 1086 15 1 NULL 1 0.04886 0.00000 0.04784 0.00000 0.04581 0.00000 -5.82070e+02 0 10 0 -9 -9 77.07045 52.50258 -99 57278.434 0.481 -1.93576e+00 0.25539 -1.08428e-01 4.02476e-02 17.37080 4.43507e-02 2.02153e-03 8.25765e-05 -7.47210e-04 -2.20012e-06 -2.66221e-06 10 7.19125 0.78339 1 0 26 1 4.59000e-02 1 582.09998 36.54860 57277.875 -1.63420e+00 -5.84000e-02 0.16500 3.03200 2.20580e-03 17.27610 -9
SN: 1206 15 1 NULL 1 0.01817 0.00000 0.01703 0.00000 0.01726 0.00000 70.14000 0 10 0 -9 -9 238.05614 102.97914 -99 57360.844 0.228 0.21916 0.12322 -8.30238e-02 3.18930e-02 14.84825 3.79373e-02 2.06396e-02 7.21181e-04 -8.95456e-05 -9.57028e-06 -1.92796e-05 7 0.47160 0.99954 1 0 34 1 1.72600e-02 1 -7.01000e+01 34.37440 57360.926 0.19630 -6.70000e-02 0.16500 3.03200 2.21020e-02 14.77390 -9
SN: 1275 15 1 NULL 1 0.05546 0.00000 0.05555 0.00000 0.05632 0.00000 219.09000 0 10 0 -9 -9 49.07432 36.96783 -99 57164.152 0.485 0.47150 0.20571 -3.67634e-02 3.92195e-02 17.43030 4.74392e-02 1.91373e-03 8.36168e-05 -1.96128e-03 3.27151e-06 -2.91937e-06 17 13.21071 0.77891 1 0 176 1 5.62800e-02 1 -2.19100e+02 36.99950 57163.891 0.52060 -4.85000e-02 0.16500 3.03200 1.96500e-03 17.40160 -9
