-9.806
-11.549
-12.568
-10.252
-10.308
-10.905
-11.832
-10.42
-12.625
-8.321
-11.402
-9.569
-10.327
-10.308
-38.121
-9.473
-8.99
-9.85
-10.42
-42.454
-11.296
-11.549
-10.776
-10.647
-9.385
-9.861
-9.116
-9.11
-13.056
-13.488
-10.182
-10.63
-8.889
-8.151
-10.483
-10.766
-10.921
-18.175
-10.905
-10.528
-13.488
-10.207
-8.892
-42.46
-10.093
-10.776
-9.85
-10.33
-8.199
-25.108
-11.065
-9.6
-8.987
-11.402
-10.429
-9.018
-9.435
-11.707
-11.12
-20.774
-10.429
-10.766
-10.905
-22.941
-9.861
-9.487
-20.774
-10.776
-9.474
-21.221
-20.774
-10.756
-10.15
-9.726
-33.782
-11.395
-11.187
-8.759
-11.617
-9.448
-8.99
-13.92
-12.194
-9.116
-22.659
-10.921
-13.286
-10.69
-9.771
-11.402
-10.972
-11.764
-8.733
-11.402
-9.752
-33.782
-42.46
-16.167
-9.757
-10.287
-10.327
-14.0
-10.429
-10.42
-11.187
-11.714
-9.984
-10.468
-9.861
-10.232
-10.776
-11.136
-10.69
-9.968
-8.987
-10.42
-12.568
-11.065
-19.054
-8.28
-11.187
-10.483
-10.63
-9.851
-11.065
-9.891
-9.06
-8.889
-9.568
-11.187
-19.776
-9.018
-9.06
-19.054
-11.979
-12.625
-20.774
-9.678
-9.06
-8.697
-10.221
-10.528
-11.549
-29.445
-13.477
-11.832
-11.328
-10.41
-9.855
-10.745
-10.921
-29.445
-10.512
-11.549
-11.832
-21.221
-10.429
-9.13
-9.06
-10.776
-33.782
-9.359
-9.071
-10.093
-8.681
-11.065
-9.861
-9.116
-10.776
-9.852
-16.445
-13.056
-42.46
-9.116
-10.312
-10.475
-21.221
-9.688
-29.445
-8.889
-8.098
-11.12
-10.327
-10.248
-11.402
-38.121
-7.768
