104 104
0.322070331223 0.007767213734 0.00710345895 0.006907200418 0.007212366579 0.006984740868 0.006468627495 0.00683197007 0.007414155095 0.007168029766 0.007048362615 0.007054335836 0.007049914608 0.007307998598 0.007041523462 0.006921556866 0.007385069659 0.008000288344 0.00741568798 0.007111149094 0.00734615592 0.0 0.0 0.0 0.0 0.0 0.0 0.0 0.0 0.0 0.0 0.0 0.0 0.0 0.0 0.0 0.0 0.0 0.0 0.0 0.0 0.0 0.0 0.0 0.0 0.0 0.0 0.0 0.0 0.0 0.0 0.0 0.0 0.0 0.0 0.0 0.0 0.0 0.0 0.0 0.0 0.0 0.0 0.0 0.0 0.0 0.0 0.0 0.0 0.0 0.0 0.0 0.0 0.0 0.0 0.0 0.0 0.0 0.0 0.0 0.0 0.0 0.0 0.0 0.0 0.0 0.0 0.0 0.0 0.0 0.0 0.0 0.0 0.0 0.0 0.0 0.0 0.0 0.0 0.0 0.0 0.0 0.0 0.0
0.007767213734 0.749117951075 0.007079569813 0.006807139484 0.007219440906 0.00689574797 0.006197786351 0.006682057659 0.007514554696 0.007163456476 0.006983489696 0.007007895034 0.006995709674 0.007354545114 0.006971694278 0.006813037568 0.00749358702 0.008481910091 0.007512723296 0.007088470795 0.007409081816 0.0 0.0 0.0 0.0 0.0 0.0 0.0 0.0 0.0 0.0 0.0 0.0 0.0 0.0 0.0 0.0 0.0 0.0 0.0 0.0 0.0 0.0 0.0 0.0 0.0 0.0 0.0 0.0 0.0 0.0 0.0 0.0 0.0 0.0 0.0 0.0 0.0 0.0 0.0 0.0 0.0 0.0 0.0 0.0 0.0 0.0 0.0 0.0 0.0 0.0 0.0 0.0 0.0 0.0 0.0 0.0 0.0 0.0 0.0 0.0 0.0 0.0 0.0 0.0 0.0 0.0 0.0 0.0 0.0 0.0 0.0 0.0 0.0 0.0 0.0 0.0 0.0 0.0 0.0 0.0 0.0 0.0 0.0
0.00710345895 0.007079569813 0.205733448388 0.00725092461 0.007178065093 0.007210221497 0.007315416202 0.007194487637 0.007154922428 0.007211659844 0.0071805247 0.007226635818 0.007206543999 0.007183373663 0.007148330672 0.007156177679 0.007204789446 0.006937429146 0.007099226604 0.007223019895 0.007123977381 0.0 0.0 0.0 0.0 0.0 0.0 0.0 0.0 0.0 0.0 0.0 0.0 0.0 0.0 0.0 0.0 0.0 0.0 0.0 0.0 0.0 0.0 0.0 0.0 0.0 0.0 0.0 0.0 0.0 0.0 0.0 0.0 0.0 0.0 0.0 0.0 0.0 0.0 0.0 0.0 0.0 0.0 0.0 0.0 0.0 0.0 0.0 0.0 0.0 0.0 0.0 0.0 0.0 0.0 0.0 0.0 0.0 0.0 0.0 0.0 0.0 0.0 0.0 0.0 0.0 0.0 0.0 0.0 0.0 0.0 0.0 0.0 0.0 0.0 0.0 0.0 0.0 0.0 0.0 0.0 0.0 0.0 0.0
0.006907200418 0.006807139484 0.00725092461 0.185713861571 0.007137167888 0.007293650391 0.007586793453 0.007384515169 0.007016874698 0.007203401751 0.007242786038 0.007282006935 0.007253279686 0.00705703618 0.007193865922 0.007279404895 0.00702592722 0.006608101452 0.006998179888 0.007219154258 0.007045137214 0.0 0.0 0.0 0.0 0.0 0.0 0.0 0.0 0.0 0.0 0.0 0.0 0.0 0.0 0.0 0.0 0.0 0.0 0.0 0.0 0.0 0.0 0.0 0.0 0.0 0.0 0.0 0.0 0.0 0.0 0.0 0.0 0.0 0.0 0.0 0.0 0.0 0.0 0.0 0.0 0.0 0.0 0.0 0.0 0.0 0.0 0.0 0.0 0.0 0.0 0.0 0.0 0.0 0.0 0.0 0.0 0.0 0.0 0.0 0.0 0.0 0.0 0.0 0.0 0.0 0.0 0.0 0.0 0.0 0.0 0.0 0.0 0.0 0.0 0.0 0.0 0.0 0.0 0.0 0.0 0.0 0.0 0.0
0.007212366579 0.007219440906 0.007178065093 0.007137167888 0.294138901507 0.007164252038 0.007024728916 0.007131364051 0.007208789405 0.007196747436 0.007169802497 0.007163326092 0.007165479426 0.007193319117 0.007143266118 0.007116918493 0.007188971192 0.007191985474 0.007207862903 0.00716605965 0.007204857373 0.0 0.0 0.0 0.0 0.0 0.0 0.0 0.0 0.0 0.0 0.0 0.0 0.0 0.0 0.0 0.0 0.0 0.0 0.0 0.0 0.0 0.0 0.0 0.0 0.0 0.0 0.0 0.0 0.0 0.0 0.0 0.0 0.0 0.0 0.0 0.0 0.0 0.0 0.0 0.0 0.0 0.0 0.0 0.0 0.0 0.0 0.0 0.0 0.0 0.0 0.0 0.0 0.0 0.0 0.0 0.0 0.0 0.0 0.0 0.0 0.0 0.0 0.0 0.0 0.0 0.0 0.0 0.0 0.0 0.0 0.0 0.0 0.0 0.0 0.0 0.0 0.0 0.0 0.0 0.0 0.0 0.0 0.0
0.006984740868 0.00689574797 0.007210221497 0.007293650391 0.007164252038 0.209865404951 0.007393817425 0.007339133285 0.007073829467 0.007216871998 0.007245207958 0.007240781532 0.007232839285 0.007093806729 0.007188172074 0.007237543727 0.007048900572 0.00672922395 0.007077034919 0.007191537928 0.007109816819 0.0 0.0 0.0 0.0 0.0 0.0 0.0 0.0 0.0 0.0 0.0 0.0 0.0 0.0 0.0 0.0 0.0 0.0 0.0 0.0 0.0 0.0 0.0 0.0 0.0 0.0 0.0 0.0 0.0 0.0 0.0 0.0 0.0 0.0 0.0 0.0 0.0 0.0 0.0 0.0 0.0 0.0 0.0 0.0 0.0 0.0 0.0 0.0 0.0 0.0 0.0 0.0 0.0 0.0 0.0 0.0 0.0 0.0 0.0 0.0 0.0 0.0 0.0 0.0 0.0 0.0 0.0 0.0 0.0 0.0 0.0 0.0 0.0 0.0 0.0 0.0 0.0 0.0 0.0 0.0 0.0 0.0 0.0
0.006468627495 0.006197786351 0.007315416202 0.007586793453 0.007024728916 0.007393817425 0.145845818534 0.007628749579 0.006719330774 0.007093231044 0.007268940907 0.007331800563 0.007299751007 0.00691832812 0.00730881245 0.007517252835 0.006856042084 0.005854161044 0.006668811466 0.007239542637 0.006781423558 0.0 0.0 0.0 0.0 0.0 0.0 0.0 0.0 0.0 0.0 0.0 0.0 0.0 0.0 0.0 0.0 0.0 0.0 0.0 0.0 0.0 0.0 0.0 0.0 0.0 0.0 0.0 0.0 0.0 0.0 0.0 0.0 0.0 0.0 0.0 0.0 0.0 0.0 0.0 0.0 0.0 0.0 0.0 0.0 0.0 0.0 0.0 0.0 0.0 0.0 0.0 0.0 0.0 0.0 0.0 0.0 0.0 0.0 0.0 0.0 0.0 0.0 0.0 0.0 0.0 0.0 0.0 0.0 0.0 0.0 0.0 0.0 0.0 0.0 0.0 0.0 0.0 0.0 0.0 0.0 0.0 0.0 0.0
0.00683197007 0.006682057659 0.007194487637 0.007384515169 0.007131364051 0.007339133285 0.007628749579 0.146125839525 0.006969619854 0.007202612402 0.007284778816 0.007274494919 0.007266258999 0.007013019718 0.007223493596 0.007328490572 0.006939729823 0.006454465757 0.006982198271 0.007195269966 0.007035990667 0.0 0.0 0.0 0.0 0.0 0.0 0.0 0.0 0.0 0.0 0.0 0.0 0.0 0.0 0.0 0.0 0.0 0.0 0.0 0.0 0.0 0.0 0.0 0.0 0.0 0.0 0.0 0.0 0.0 0.0 0.0 0.0 0.0 0.0 0.0 0.0 0.0 0.0 0.0 0.0 0.0 0.0 0.0 0.0 0.0 0.0 0.0 0.0 0.0 0.0 0.0 0.0 0.0 0.0 0.0 0.0 0.0 0.0 0.0 0.0 0.0 0.0 0.0 0.0 0.0 0.0 0.0 0.0 0.0 0.0 0.0 0.0 0.0 0.0 0.0 0.0 0.0 0.0 0.0 0.0 0.0 0.0 0.0
0.007414155095 0.007514554696 0.007154922428 0.007016874698 0.007208789405 0.007073829467 0.006719330774 0.006969619854 0.235103193274 0.007195051072 0.007108705277 0.007105987501 0.007104816761 0.007263260932 0.007083319183 0.007004455762 0.007303281356 0.00760101058 0.007326288196 0.007141181741 0.00728891801 0.0 0.0 0.0 0.0 0.0 0.0 0.0 0.0 0.0 0.0 0.0 0.0 0.0 0.0 0.0 0.0 0.0 0.0 0.0 0.0 0.0 0.0 0.0 0.0 0.0 0.0 0.0 0.0 0.0 0.0 0.0 0.0 0.0 0.0 0.0 0.0 0.0 0.0 0.0 0.0 0.0 0.0 0.0 0.0 0.0 0.0 0.0 0.0 0.0 0.0 0.0 0.0 0.0 0.0 0.0 0.0 0.0 0.0 0.0 0.0 0.0 0.0 0.0 0.0 0.0 0.0 0.0 0.0 0.0 0.0 0.0 0.0 0.0 0.0 0.0 0.0 0.0 0.0 0.0 0.0 0.0 0.0 0.0
0.007168029766 0.007163456476 0.007211659844 0.007203401751 0.007196747436 0.007216871998 0.007093231044 0.007202612402 0.007195051072 0.205890695064 0.007206327941 0.007213698332 0.007195567921 0.007162862421 0.007125690629 0.007122545947 0.007153377993 0.007062038775 0.007191411907 0.007183232967 0.007198303678 0.0 0.0 0.0 0.0 0.0 0.0 0.0 0.0 0.0 0.0 0.0 0.0 0.0 0.0 0.0 0.0 0.0 0.0 0.0 0.0 0.0 0.0 0.0 0.0 0.0 0.0 0.0 0.0 0.0 0.0 0.0 0.0 0.0 0.0 0.0 0.0 0.0 0.0 0.0 0.0 0.0 0.0 0.0 0.0 0.0 0.0 0.0 0.0 0.0 0.0 0.0 0.0 0.0 0.0 0.0 0.0 0.0 0.0 0.0 0.0 0.0 0.0 0.0 0.0 0.0 0.0 0.0 0.0 0.0 0.0 0.0 0.0 0.0 0.0 0.0 0.0 0.0 0.0 0.0 0.0 0.0 0.0 0.0
0.007048362615 0.006983489696 0.0071805247 0.007242786038 0.007169802497 0.007245207958 0.007268940907 0.007284778816 0.007108705277 0.007206327941 0.183157518465 0.007211933998 0.007210653212 0.007115089854 0.007179909442 0.007207326438 0.007075802784 0.006863289532 0.00711781432 0.007176769052 0.007139352512 0.0 0.0 0.0 0.0 0.0 0.0 0.0 0.0 0.0 0.0 0.0 0.0 0.0 0.0 0.0 0.0 0.0 0.0 0.0 0.0 0.0 0.0 0.0 0.0 0.0 0.0 0.0 0.0 0.0 0.0 0.0 0.0 0.0 0.0 0.0 0.0 0.0 0.0 0.0 0.0 0.0 0.0 0.0 0.0 0.0 0.0 0.0 0.0 0.0 0.0 0.0 0.0 0.0 0.0 0.0 0.0 0.0 0.0 0.0 0.0 0.0 0.0 0.0 0.0 0.0 0.0 0.0 0.0 0.0 0.0 0.0 0.0 0.0 0.0 0.0 0.0 0.0 0.0 0.0 0.0 0.0 0.0 0.0
0.007054335836 0.007007895034 0.007226635818 0.007282006935 0.007163326092 0.007240781532 0.007331800563 0.007274494919 0.007105987501 0.007213698332 0.007211933998 16.2915784958 0.007220694255 0.007113454513 0.007160510056 0.00720076539 0.00710476585 0.006976001748 0.007096672097 0.007206535405 0.007116137273 0.0 0.0 0.0 0.0 0.0 0.0 0.0 0.0 0.0 0.0 0.0 0.0 0.0 0.0 0.0 0.0 0.0 0.0 0.0 0.0 0.0 0.0 0.0 0.0 0.0 0.0 0.0 0.0 0.0 0.0 0.0 0.0 0.0 0.0 0.0 0.0 0.0 0.0 0.0 0.0 0.0 0.0 0.0 0.0 0.0 0.0 0.0 0.0 0.0 0.0 0.0 0.0 0.0 0.0 0.0 0.0 0.0 0.0 0.0 0.0 0.0 0.0 0.0 0.0 0.0 0.0 0.0 0.0 0.0 0.0 0.0 0.0 0.0 0.0 0.0 0.0 0.0 0.0 0.0 0.0 0.0 0.0 0.0
0.007049914608 0.006995709674 0.007206543999 0.007253279686 0.007165479426 0.007232839285 0.007299751007 0.007266258999 0.007104816761 0.007195567921 0.007210653212 0.007220694255 0.238649194832 0.007121676798 0.007179611546 0.007210192274 0.007096529337 0.006884208064 0.007100449468 0.007192194618 0.007123224112 0.0 0.0 0.0 0.0 0.0 0.0 0.0 0.0 0.0 0.0 0.0 0.0 0.0 0.0 0.0 0.0 0.0 0.0 0.0 0.0 0.0 0.0 0.0 0.0 0.0 0.0 0.0 0.0 0.0 0.0 0.0 0.0 0.0 0.0 0.0 0.0 0.0 0.0 0.0 0.0 0.0 0.0 0.0 0.0 0.0 0.0 0.0 0.0 0.0 0.0 0.0 0.0 0.0 0.0 0.0 0.0 0.0 0.0 0.0 0.0 0.0 0.0 0.0 0.0 0.0 0.0 0.0 0.0 0.0 0.0 0.0 0.0 0.0 0.0 0.0 0.0 0.0 0.0 0.0 0.0 0.0 0.0 0.0
0.007307998598 0.007354545114 0.007183373663 0.00705703618 0.007193319117 0.007093806729 0.00691832812 0.007013019718 0.007263260932 0.007162862421 0.007115089854 0.007113454513 0.007121676798 0.299008969385 0.007130936938 0.007067066218 0.007283580771 0.007401604437 0.007245003272 0.007155380039 0.007227603511 0.0 0.0 0.0 0.0 0.0 0.0 0.0 0.0 0.0 0.0 0.0 0.0 0.0 0.0 0.0 0.0 0.0 0.0 0.0 0.0 0.0 0.0 0.0 0.0 0.0 0.0 0.0 0.0 0.0 0.0 0.0 0.0 0.0 0.0 0.0 0.0 0.0 0.0 0.0 0.0 0.0 0.0 0.0 0.0 0.0 0.0 0.0 0.0 0.0 0.0 0.0 0.0 0.0 0.0 0.0 0.0 0.0 0.0 0.0 0.0 0.0 0.0 0.0 0.0 0.0 0.0 0.0 0.0 0.0 0.0 0.0 0.0 0.0 0.0 0.0 0.0 0.0 0.0 0.0 0.0 0.0 0.0 0.0
0.007041523462 0.006971694278 0.007148330672 0.007193865922 0.007143266118 0.007188172074 0.00730881245 0.007223493596 0.007083319183 0.007125690629 0.007179909442 0.007160510056 0.007179611546 0.007130936938 0.200949850126 0.007246764844 0.007097729844 0.006927044059 0.007088084821 0.007163971805 0.007106673512 0.0 0.0 0.0 0.0 0.0 0.0 0.0 0.0 0.0 0.0 0.0 0.0 0.0 0.0 0.0 0.0 0.0 0.0 0.0 0.0 0.0 0.0 0.0 0.0 0.0 0.0 0.0 0.0 0.0 0.0 0.0 0.0 0.0 0.0 0.0 0.0 0.0 0.0 0.0 0.0 0.0 0.0 0.0 0.0 0.0 0.0 0.0 0.0 0.0 0.0 0.0 0.0 0.0 0.0 0.0 0.0 0.0 0.0 0.0 0.0 0.0 0.0 0.0 0.0 0.0 0.0 0.0 0.0 0.0 0.0 0.0 0.0 0.0 0.0 0.0 0.0 0.0 0.0 0.0 0.0 0.0 0.0 0.0
0.006921556866 0.006813037568 0.007156177679 0.007279404895 0.007116918493 0.007237543727 0.007517252835 0.007328490572 0.007004455762 0.007122545947 0.007207326438 0.00720076539 0.007210192274 0.007067066218 0.007246764844 0.191858905573 0.007021213049 0.006704848325 0.007010366725 0.007175464925 0.007045665404 0.0 0.0 0.0 0.0 0.0 0.0 0.0 0.0 0.0 0.0 0.0 0.0 0.0 0.0 0.0 0.0 0.0 0.0 0.0 0.0 0.0 0.0 0.0 0.0 0.0 0.0 0.0 0.0 0.0 0.0 0.0 0.0 0.0 0.0 0.0 0.0 0.0 0.0 0.0 0.0 0.0 0.0 0.0 0.0 0.0 0.0 0.0 0.0 0.0 0.0 0.0 0.0 0.0 0.0 0.0 0.0 0.0 0.0 0.0 0.0 0.0 0.0 0.0 0.0 0.0 0.0 0.0 0.0 0.0 0.0 0.0 0.0 0.0 0.0 0.0 0.0 0.0 0.0 0.0 0.0 0.0 0.0 0.0
0.007385069659 0.00749358702 0.007204789446 0.00702592722 0.007188971192 0.007048900572 0.006856042084 0.006939729823 0.007303281356 0.007153377993 0.007075802784 0.00710476585 0.007096529337 0.007283580771 0.007097729844 0.007021213049 0.856979090397 0.00759358599 0.007263793314 0.007156522554 0.007234152983 0.0 0.0 0.0 0.0 0.0 0.0 0.0 0.0 0.0 0.0 0.0 0.0 0.0 0.0 0.0 0.0 0.0 0.0 0.0 0.0 0.0 0.0 0.0 0.0 0.0 0.0 0.0 0.0 0.0 0.0 0.0 0.0 0.0 0.0 0.0 0.0 0.0 0.0 0.0 0.0 0.0 0.0 0.0 0.0 0.0 0.0 0.0 0.0 0.0 0.0 0.0 0.0 0.0 0.0 0.0 0.0 0.0 0.0 0.0 0.0 0.0 0.0 0.0 0.0 0.0 0.0 0.0 0.0 0.0 0.0 0.0 0.0 0.0 0.0 0.0 0.0 0.0 0.0 0.0 0.0 0.0 0.0 0.0
0.008000288344 0.008481910091 0.006937429146 0.006608101452 0.007191985474 0.00672922395 0.005854161044 0.006454465757 0.00760101058 0.007062038775 0.006863289532 0.006976001748 0.006884208064 0.007401604437 0.006927044059 0.006704848325 0.00759358599 6.38888016044 0.007627002513 0.007018056956 0.007473713596 0.0 0.0 0.0 0.0 0.0 0.0 0.0 0.0 0.0 0.0 0.0 0.0 0.0 0.0 0.0 0.0 0.0 0.0 0.0 0.0 0.0 0.0 0.0 0.0 0.0 0.0 0.0 0.0 0.0 0.0 0.0 0.0 0.0 0.0 0.0 0.0 0.0 0.0 0.0 0.0 0.0 0.0 0.0 0.0 0.0 0.0 0.0 0.0 0.0 0.0 0.0 0.0 0.0 0.0 0.0 0.0 0.0 0.0 0.0 0.0 0.0 0.0 0.0 0.0 0.0 0.0 0.0 0.0 0.0 0.0 0.0 0.0 0.0 0.0 0.0 0.0 0.0 0.0 0.0 0.0 0.0 0.0 0.0
0.00741568798 0.007512723296 0.007099226604 0.006998179888 0.007207862903 0.007077034919 0.006668811466 0.006982198271 0.007326288196 0.007191411907 0.00711781432 0.007096672097 0.007100449468 0.007245003272 0.007088084821 0.007010366725 0.007263793314 0.007627002513 0.287018501997 0.007119510894 0.00730711288 0.0 0.0 0.0 0.0 0.0 0.0 0.0 0.0 0.0 0.0 0.0 0.0 0.0 0.0 0.0 0.0 0.0 0.0 0.0 0.0 0.0 0.0 0.0 0.0 0.0 0.0 0.0 0.0 0.0 0.0 0.0 0.0 0.0 0.0 0.0 0.0 0.0 0.0 0.0 0.0 0.0 0.0 0.0 0.0 0.0 0.0 0.0 0.0 0.0 0.0 0.0 0.0 0.0 0.0 0.0 0.0 0.0 0.0 0.0 0.0 0.0 0.0 0.0 0.0 0.0 0.0 0.0 0.0 0.0 0.0 0.0 0.0 0.0 0.0 0.0 0.0 0.0 0.0 0.0 0.0 0.0 0.0 0.0
0.007111149094 0.007088470795 0.007223019895 0.007219154258 0.00716605965 0.007191537928 0.007239542637 0.007195269966 0.007141181741 0.007183232967 0.007176769052 0.007206535405 0.007192194618 0.007155380039 0.007163971805 0.007175464925 0.007156522554 0.007018056956 0.007119510894 0.236307951985 0.007135242397 0.0 0.0 0.0 0.0 0.0 0.0 0.0 0.0 0.0 0.0 0.0 0.0 0.0 0.0 0.0 0.0 0.0 0.0 0.0 0.0 0.0 0.0 0.0 0.0 0.0 0.0 0.0 0.0 0.0 0.0 0.0 0.0 0.0 0.0 0.0 0.0 0.0 0.0 0.0 0.0 0.0 0.0 0.0 0.0 0.0 0.0 0.0 0.0 0.0 0.0 0.0 0.0 0.0 0.0 0.0 0.0 0.0 0.0 0.0 0.0 0.0 0.0 0.0 0.0 0.0 0.0 0.0 0.0 0.0 0.0 0.0 0.0 0.0 0.0 0.0 0.0 0.0 0.0 0.0 0.0 0.0 0.0 0.0
0.00734615592 0.007409081816 0.007123977381 0.007045137214 0.007204857373 0.007109816819 0.006781423558 0.007035990667 0.00728891801 0.007198303678 0.007139352512 0.007116137273 0.007123224112 0.007227603511 0.007106673512 0.007045665404 0.007234152983 0.007473713596 0.00730711288 0.007135242397 0.432906847236 0.0 0.0 0.0 0.0 0.0 0.0 0.0 0.0 0.0 0.0 0.0 0.0 0.0 0.0 0.0 0.0 0.0 0.0 0.0 0.0 0.0 0.0 0.0 0.0 0.0 0.0 0.0 0.0 0.0 0.0 0.0 0.0 0.0 0.0 0.0 0.0 0.0 0.0 0.0 0.0 0.0 0.0 0.0 0.0 0.0 0.0 0.0 0.0 0.0 0.0 0.0 0.0 0.0 0.0 0.0 0.0 0.0 0.0 0.0 0.0 0.0 0.0 0.0 0.0 0.0 0.0 0.0 0.0 0.0 0.0 0.0 0.0 0.0 0.0 0.0 0.0 0.0 0.0 0.0 0.0 0.0 0.0 0.0
0.0 0.0 0.0 0.0 0.0 0.0 0.0 0.0 0.0 0.0 0.0 0.0 0.0 0.0 0.0 0.0 0.0 0.0 0.0 0.0 0.0 0.320372979018 0.008311530069 0.007191596962 0.007792786708 0.007906666679 0.007355263559 0.007186731475 0.006502994629 0.006589229067 0.007046477913 0.007369338397 0.007172607939 0.007518988028 0.007274908512 0.007518812899 0.006923668231 0.006722511627 0.007518172069 0.006550052228 0.006271301171 0.007497984201 0.006783115252 0.006329911002 0.007089994332 0.007676304821 0.007880572467 0.007361137507 0.008262254253 0.008272482624 0.007323054029 0.008286663322 0.008526205459 0.007039664179 0.007153935366 0.007134930371 0.0 0.0 0.0 0.0 0.0 0.0 0.0 0.0 0.0 0.0 0.0 0.0 0.0 0.0 0.0 0.0 0.0 0.0 0.0 0.0 0.0 0.0 0.0 0.0 0.0 0.0 0.0 0.0 0.0 0.0 0.0 0.0 0.0 0.0 0.0 0.0 0.0 0.0 0.0 0.0 0.0 0.0 0.0 0.0 0.0 0.0 0.0 0.0
0.0 0.0 0.0 0.0 0.0 0.0 0.0 0.0 0.0 0.0 0.0 0.0 0.0 0.0 0.0 0.0 0.0 0.0 0.0 0.0 0.0 0.008311530069 0.404931831312 0.007194592917 0.007812452166 0.007926636507 0.007364937111 0.007187015399 0.006486386415 0.006574113736 0.007048790593 0.007377385674 0.007175733765 0.007533202789 0.00728847516 0.007531446271 0.006919479827 0.006710960503 0.007534540666 0.006533944228 0.006235315997 0.007510867223 0.006773306984 0.006305753031 0.007094839701 0.007696362313 0.007904411795 0.007379749994 0.008296590111 0.008306081049 0.007332479573 0.008319034735 0.008567404048 0.007041992998 0.007158817972 0.007138920732 0.0 0.0 0.0 0.0 0.0 0.0 0.0 0.0 0.0 0.0 0.0 0.0 0.0 0.0 0.0 0.0 0.0 0.0 0.0 0.0 0.0 0.0 0.0 0.0 0.0 0.0 0.0 0.0 0.0 0.0 0.0 0.0 0.0 0.0 0.0 0.0 0.0 0.0 0.0 0.0 0.0 0.0 0.0 0.0 0.0 0.0 0.0 0.0
0.0 0.0 0.0 0.0 0.0 0.0 0.0 0.0 0.0 0.0 0.0 0.0 0.0 0.0 0.0 0.0 0.0 0.0 0.0 0.0 0.0 0.007191596962 0.007194592917 0.213293852171 0.007171323819 0.007176848133 0.007146483601 0.007140749904 0.007010548244 0.007023329789 0.007115598497 0.007143235296 0.007123381231 0.007160501091 0.007134877855 0.007156779815 0.007083150841 0.007044210921 0.007150969455 0.007019655651 0.00692970975 0.007149999886 0.00704733788 0.006943068554 0.007104826307 0.007163806985 0.007183773345 0.007136375993 0.007194004595 0.007189963125 0.007133171933 0.007189353824 0.007193596706 0.007093019018 0.007101951079 0.007097238264 0.0 0.0 0.0 0.0 0.0 0.0 0.0 0.0 0.0 0.0 0.0 0.0 0.0 0.0 0.0 0.0 0.0 0.0 0.0 0.0 0.0 0.0 0.0 0.0 0.0 0.0 0.0 0.0 0.0 0.0 0.0 0.0 0.0 0.0 0.0 0.0 0.0 0.0 0.0 0.0 0.0 0.0 0.0 0.0 0.0 0.0 0.0 0.0
0.0 0.0 0.0 0.0 0.0 0.0 0.0 0.0 0.0 0.0 0.0 0.0 0.0 0.0 0.0 0.0 0.0 0.0 0.0 0.0 0.0 0.007792786708 0.007812452166 0.007171323819 0.41607706086 0.007589468291 0.007278540748 0.007170461222 0.006704819267 0.006767077405 0.007091434348 0.007277287848 0.007160673908 0.007379677014 0.007249219538 0.007379411873 0.006994098059 0.00685292575 0.007386844702 0.006749337676 0.006537707157 0.007351945242 0.006883749593 0.006593192065 0.007111344162 0.007474870204 0.007590174312 0.007308858022 0.007792240429 0.007794618571 0.007262349026 0.007799950251 0.007915713969 0.007086120278 0.007140998882 0.007127747415 0.0 0.0 0.0 0.0 0.0 0.0 0.0 0.0 0.0 0.0 0.0 0.0 0.0 0.0 0.0 0.0 0.0 0.0 0.0 0.0 0.0 0.0 0.0 0.0 0.0 0.0 0.0 0.0 0.0 0.0 0.0 0.0 0.0 0.0 0.0 0.0 0.0 0.0 0.0 0.0 0.0 0.0 0.0 0.0 0.0 0.0 0.0 0.0
0.0 0.0 0.0 0.0 0.0 0.0 0.0 0.0 0.0 0.0 0.0 0.0 0.0 0.0 0.0 0.0 0.0 0.0 0.0 0.0 0.0 0.007906666679 0.007926636507 0.007176848133 0.007589468291 0.679826088522 0.007303912454 0.007182366905 0.006675385606 0.006735735548 0.007078037723 0.007299256678 0.007176040583 0.007414180699 0.007241228274 0.007414095388 0.006992890141 0.006840686868 0.007415568006 0.006719009563 0.006490036568 0.007394169796 0.006877183486 0.006532775755 0.007099164281 0.007516639887 0.007647906443 0.007292688332 0.007892541275 0.007904961919 0.007269815727 0.007907076732 0.00802795801 0.007073078784 0.007144189675 0.007131269242 0.0 0.0 0.0 0.0 0.0 0.0 0.0 0.0 0.0 0.0 0.0 0.0 0.0 0.0 0.0 0.0 0.0 0.0 0.0 0.0 0.0 0.0 0.0 0.0 0.0 0.0 0.0 0.0 0.0 0.0 0.0 0.0 0.0 0.0 0.0 0.0 0.0 0.0 0.0 0.0 0.0 0.0 0.0 0.0 0.0 0.0 0.0 0.0
0.0 0.0 0.0 0.0 0.0 0.0 0.0 0.0 0.0 0.0 0.0 0.0 0.0 0.0 0.0 0.0 0.0 0.0 0.0 0.0 0.0 0.007355263559 0.007364937111 0.007146483601 0.007278540748 0.007303912454 0.408322333481 0.007218271314 0.006975754336 0.006994117634 0.007148612866 0.007223075367 0.007200908433 0.007263451174 0.007192196431 0.007258240893 0.007117740227 0.007051571212 0.007249655289 0.007011790051 0.006793923632 0.007261295606 0.007040197 0.006836125352 0.007095726234 0.007269435902 0.007309215641 0.007169635836 0.007349410399 0.007315254727 0.0071823178 0.007342728632 0.007402825238 0.007112940291 0.00711866367 0.007124551277 0.0 0.0 0.0 0.0 0.0 0.0 0.0 0.0 0.0 0.0 0.0 0.0 0.0 0.0 0.0 0.0 0.0 0.0 0.0 0.0 0.0 0.0 0.0 0.0 0.0 0.0 0.0 0.0 0.0 0.0 0.0 0.0 0.0 0.0 0.0 0.0 0.0 0.0 0.0 0.0 0.0 0.0 0.0 0.0 0.0 0.0 0.0 0.0
0.0 0.0 0.0 0.0 0.0 0.0 0.0 0.0 0.0 0.0 0.0 0.0 0.0 0.0 0.0 0.0 0.0 0.0 0.0 0.0 0.0 0.007186731475 0.007187015399 0.007140749904 0.007170461222 0.007182366905 0.007218271314 2.04171950797 0.007081854076 0.00708385686 0.007173133686 0.007200584818 0.007191874212 0.007200295677 0.00716060454 0.007190458189 0.007146705432 0.007113266915 0.007169560601 0.007090777899 0.006954717447 0.007208019601 0.007096975561 0.006929640023 0.007102671666 0.007175429799 0.007197440847 0.007118176462 0.007180482032 0.007126881265 0.007148059461 0.007165629509 0.007218517278 0.007107454372 0.007109598598 0.007117741487 0.0 0.0 0.0 0.0 0.0 0.0 0.0 0.0 0.0 0.0 0.0 0.0 0.0 0.0 0.0 0.0 0.0 0.0 0.0 0.0 0.0 0.0 0.0 0.0 0.0 0.0 0.0 0.0 0.0 0.0 0.0 0.0 0.0 0.0 0.0 0.0 0.0 0.0 0.0 0.0 0.0 0.0 0.0 0.0 0.0 0.0 0.0 0.0
0.0 0.0 0.0 0.0 0.0 0.0 0.0 0.0 0.0 0.0 0.0 0.0 0.0 0.0 0.0 0.0 0.0 0.0 0.0 0.0 0.0 0.006502994629 0.006486386415 0.007010548244 0.006704819267 0.006675385606 0.006975754336 0.007081854076 0.345185897039 0.00736580157 0.007110330492 0.006952187182 0.007064382638 0.006864400146 0.006942924597 0.006859767681 0.007188646342 0.007309213862 0.00683479097 0.007382219497 0.007461540032 0.006905361611 0.007265875864 0.007374347598 0.007033504488 0.006766538485 0.006682622032 0.006854916754 0.006497576674 0.006464860764 0.00693005335 0.006483049869 0.00640058489 0.007058831066 0.007027618569 0.00703295549 0.0 0.0 0.0 0.0 0.0 0.0 0.0 0.0 0.0 0.0 0.0 0.0 0.0 0.0 0.0 0.0 0.0 0.0 0.0 0.0 0.0 0.0 0.0 0.0 0.0 0.0 0.0 0.0 0.0 0.0 0.0 0.0 0.0 0.0 0.0 0.0 0.0 0.0 0.0 0.0 0.0 0.0 0.0 0.0 0.0 0.0 0.0 0.0
0.0 0.0 0.0 0.0 0.0 0.0 0.0 0.0 0.0 0.0 0.0 0.0 0.0 0.0 0.0 0.0 0.0 0.0 0.0 0.0 0.0 0.006589229067 0.006574113736 0.007023329789 0.006767077405 0.006735735548 0.006994117634 0.00708385686 0.00736580157 0.300215382318 0.007162923235 0.007007544307 0.007065357914 0.006906610039 0.006985573899 0.00690088428 0.007170985838 0.007265722567 0.006884335554 0.007331800755 0.007365828316 0.006932924428 0.007263500507 0.007320749924 0.007050450184 0.006827376758 0.006751725784 0.006915690807 0.006588560818 0.006548290791 0.006966288248 0.006573739181 0.006502464711 0.007075428088 0.007039768175 0.007045267955 0.0 0.0 0.0 0.0 0.0 0.0 0.0 0.0 0.0 0.0 0.0 0.0 0.0 0.0 0.0 0.0 0.0 0.0 0.0 0.0 0.0 0.0 0.0 0.0 0.0 0.0 0.0 0.0 0.0 0.0 0.0 0.0 0.0 0.0 0.0 0.0 0.0 0.0 0.0 0.0 0.0 0.0 0.0 0.0 0.0 0.0 0.0 0.0
0.0 0.0 0.0 0.0 0.0 0.0 0.0 0.0 0.0 0.0 0.0 0.0 0.0 0.0 0.0 0.0 0.0 0.0 0.0 0.0 0.0 0.007046477913 0.007048790593 0.007115598497 0.007091434348 0.007078037723 0.007148612866 0.007173133686 0.007110330492 0.007162923235 0.475220367278 0.007168507866 0.007135012101 0.007131082612 0.007153441272 0.007117938907 0.007121346182 0.007106477927 0.007108484152 0.007107468878 0.006975215897 0.007120433534 0.007135439355 0.006999581409 0.007117582617 0.007109930878 0.007105138521 0.007132723962 0.007056431817 0.006999128623 0.007126862118 0.007044185616 0.007047812848 0.007111734111 0.007111280729 0.007098437986 0.0 0.0 0.0 0.0 0.0 0.0 0.0 0.0 0.0 0.0 0.0 0.0 0.0 0.0 0.0 0.0 0.0 0.0 0.0 0.0 0.0 0.0 0.0 0.0 0.0 0.0 0.0 0.0 0.0 0.0 0.0 0.0 0.0 0.0 0.0 0.0 0.0 0.0 0.0 0.0 0.0 0.0 0.0 0.0 0.0 0.0 0.0 0.0
0.0 0.0 0.0 0.0 0.0 0.0 0.0 0.0 0.0 0.0 0.0 0.0 0.0 0.0 0.0 0.0 0.0 0.0 0.0 0.0 0.0 0.007369338397 0.007377385674 0.007143235296 0.007277287848 0.007299256678 0.007223075367 0.007200584818 0.006952187182 0.007007544307 0.007168507866 0.577670804597 0.00717271487 0.007257852284 0.007192148095 0.007248619744 0.007087026057 0.007019177136 0.007234395672 0.006965909287 0.00679619231 0.007248145727 0.007050769089 0.006811418176 0.007114256044 0.007271271089 0.007321550806 0.007185412387 0.007366327777 0.007339139252 0.007188072973 0.007357127045 0.007382752057 0.007098711425 0.007119084515 0.007123062879 0.0 0.0 0.0 0.0 0.0 0.0 0.0 0.0 0.0 0.0 0.0 0.0 0.0 0.0 0.0 0.0 0.0 0.0 0.0 0.0 0.0 0.0 0.0 0.0 0.0 0.0 0.0 0.0 0.0 0.0 0.0 0.0 0.0 0.0 0.0 0.0 0.0 0.0 0.0 0.0 0.0 0.0 0.0 0.0 0.0 0.0 0.0 0.0
0.0 0.0 0.0 0.0 0.0 0.0 0.0 0.0 0.0 0.0 0.0 0.0 0.0 0.0 0.0 0.0 0.0 0.0 0.0 0.0 0.0 0.007172607939 0.007175733765 0.007123381231 0.007160673908 0.007176040583 0.007200908433 0.007191874212 0.007064382638 0.007065357914 0.007135012101 0.00717271487 0.519097232553 0.007189938938 0.007145788305 0.0071883857 0.007144456662 0.007108873325 0.007176911829 0.007096192736 0.00694519477 0.007194655439 0.007087068401 0.006951227525 0.007084478197 0.007169867469 0.007178039477 0.007104140684 0.007164109041 0.007142941745 0.007134283193 0.007155382086 0.007162645725 0.007113362839 0.007103338473 0.007109863436 0.0 0.0 0.0 0.0 0.0 0.0 0.0 0.0 0.0 0.0 0.0 0.0 0.0 0.0 0.0 0.0 0.0 0.0 0.0 0.0 0.0 0.0 0.0 0.0 0.0 0.0 0.0 0.0 0.0 0.0 0.0 0.0 0.0 0.0 0.0 0.0 0.0 0.0 0.0 0.0 0.0 0.0 0.0 0.0 0.0 0.0 0.0 0.0
0.0 0.0 0.0 0.0 0.0 0.0 0.0 0.0 0.0 0.0 0.0 0.0 0.0 0.0 0.0 0.0 0.0 0.0 0.0 0.0 0.0 0.007518988028 0.007533202789 0.007160501091 0.007379677014 0.007414180699 0.007263451174 0.007200295677 0.006864400146 0.006906610039 0.007131082612 0.007257852284 0.007189938938 0.923998213363 0.007221610958 0.007311835641 0.007071745942 0.006972536438 0.007308893841 0.006904501132 0.006708175959 0.007299725066 0.006983770937 0.006735996472 0.007108991666 0.007354063081 0.007421344624 0.007229379011 0.007515253561 0.00750363453 0.007220322318 0.007514635726 0.007545004886 0.007106897057 0.007130945236 0.007131321083 0.0 0.0 0.0 0.0 0.0 0.0 0.0 0.0 0.0 0.0 0.0 0.0 0.0 0.0 0.0 0.0 0.0 0.0 0.0 0.0 0.0 0.0 0.0 0.0 0.0 0.0 0.0 0.0 0.0 0.0 0.0 0.0 0.0 0.0 0.0 0.0 0.0 0.0 0.0 0.0 0.0 0.0 0.0 0.0 0.0 0.0 0.0 0.0
0.0 0.0 0.0 0.0 0.0 0.0 0.0 0.0 0.0 0.0 0.0 0.0 0.0 0.0 0.0 0.0 0.0 0.0 0.0 0.0 0.0 0.007274908512 0.00728847516 0.007134877855 0.007249219538 0.007241228274 0.007192196431 0.00716060454 0.006942924597 0.006985573899 0.007153441272 0.007192148095 0.007145788305 0.007221610958 0.736972236152 0.007213677777 0.007075415237 0.007006532761 0.007224773009 0.006979852383 0.006820305241 0.007193601023 0.007007317895 0.006875101794 0.007124098719 0.007241460235 0.00726686179 0.007234987335 0.007292388222 0.007250764473 0.007186341539 0.007285523896 0.007320948038 0.00712588993 0.007105985385 0.007115764884 0.0 0.0 0.0 0.0 0.0 0.0 0.0 0.0 0.0 0.0 0.0 0.0 0.0 0.0 0.0 0.0 0.0 0.0 0.0 0.0 0.0 0.0 0.0 0.0 0.0 0.0 0.0 0.0 0.0 0.0 0.0 0.0 0.0 0.0 0.0 0.0 0.0 0.0 0.0 0.0 0.0 0.0 0.0 0.0 0.0 0.0 0.0 0.0
0.0 0.0 0.0 0.0 0.0 0.0 0.0 0.0 0.0 0.0 0.0 0.0 0.0 0.0 0.0 0.0 0.0 0.0 0.0 0.0 0.0 0.007518812899 0.007531446271 0.007156779815 0.007379411873 0.007414095388 0.007258240893 0.007190458189 0.006859767681 0.00690088428 0.007117938907 0.007248619744 0.0071883857 0.007311835641 0.007213677777 0.371923655316 0.007072320609 0.006971835153 0.007311143452 0.006908038554 0.006684374133 0.007296693658 0.006981434164 0.006745747617 0.007102465331 0.007351335046 0.007415538129 0.007222954561 0.007513362765 0.007510969106 0.007214453473 0.007513313471 0.00756491428 0.007107974361 0.007128749701 0.007128303944 0.0 0.0 0.0 0.0 0.0 0.0 0.0 0.0 0.0 0.0 0.0 0.0 0.0 0.0 0.0 0.0 0.0 0.0 0.0 0.0 0.0 0.0 0.0 0.0 0.0 0.0 0.0 0.0 0.0 0.0 0.0 0.0 0.0 0.0 0.0 0.0 0.0 0.0 0.0 0.0 0.0 0.0 0.0 0.0 0.0 0.0 0.0 0.0
0.0 0.0 0.0 0.0 0.0 0.0 0.0 0.0 0.0 0.0 0.0 0.0 0.0 0.0 0.0 0.0 0.0 0.0 0.0 0.0 0.0 0.006923668231 0.006919479827 0.007083150841 0.006994098059 0.006992890141 0.007117740227 0.007146705432 0.007188646342 0.007170985838 0.007121346182 0.007087026057 0.007144456662 0.007071745942 0.007075415237 0.007072320609 0.299541746591 0.00718554853 0.00706346201 0.007215231013 0.007112804812 0.007087937314 0.007152565605 0.007126112267 0.007063237933 0.007025499368 0.00699239817 0.007018645576 0.006917616083 0.006895883669 0.007060262892 0.006908021039 0.006892552063 0.00710790059 0.007074443358 0.007082883004 0.0 0.0 0.0 0.0 0.0 0.0 0.0 0.0 0.0 0.0 0.0 0.0 0.0 0.0 0.0 0.0 0.0 0.0 0.0 0.0 0.0 0.0 0.0 0.0 0.0 0.0 0.0 0.0 0.0 0.0 0.0 0.0 0.0 0.0 0.0 0.0 0.0 0.0 0.0 0.0 0.0 0.0 0.0 0.0 0.0 0.0 0.0 0.0
0.0 0.0 0.0 0.0 0.0 0.0 0.0 0.0 0.0 0.0 0.0 0.0 0.0 0.0 0.0 0.0 0.0 0.0 0.0 0.0 0.0 0.006722511627 0.006710960503 0.007044210921 0.00685292575 0.006840686868 0.007051571212 0.007113266915 0.007309213862 0.007265722567 0.007106477927 0.007019177136 0.007108873325 0.006972536438 0.007006532761 0.006971835153 0.00718554853 0.392225705185 0.006956431592 0.007307757447 0.007290802946 0.007002324552 0.007210920202 0.007260555222 0.007037718884 0.006900384926 0.006840783249 0.006930696747 0.006714414947 0.006686790262 0.006992597446 0.006703735303 0.006663590739 0.007086131333 0.007047148839 0.007059541288 0.0 0.0 0.0 0.0 0.0 0.0 0.0 0.0 0.0 0.0 0.0 0.0 0.0 0.0 0.0 0.0 0.0 0.0 0.0 0.0 0.0 0.0 0.0 0.0 0.0 0.0 0.0 0.0 0.0 0.0 0.0 0.0 0.0 0.0 0.0 0.0 0.0 0.0 0.0 0.0 0.0 0.0 0.0 0.0 0.0 0.0 0.0 0.0
0.0 0.0 0.0 0.0 0.0 0.0 0.0 0.0 0.0 0.0 0.0 0.0 0.0 0.0 0.0 0.0 0.0 0.0 0.0 0.0 0.0 0.007518172069 0.007534540666 0.007150969455 0.007386844702 0.007415568006 0.007249655289 0.007169560601 0.00683479097 0.006884335554 0.007108484152 0.007234395672 0.007176911829 0.007308893841 0.007224773009 0.007311143452 0.00706346201 0.006956431592 0.279899882371 0.006899915051 0.006692478055 0.007286392709 0.006964291278 0.006753925075 0.007101895155 0.007359422305 0.007413945852 0.00724687211 0.007520298296 0.007517701827 0.007217674787 0.007522365983 0.007580241304 0.007119936964 0.007127627752 0.007126117202 0.0 0.0 0.0 0.0 0.0 0.0 0.0 0.0 0.0 0.0 0.0 0.0 0.0 0.0 0.0 0.0 0.0 0.0 0.0 0.0 0.0 0.0 0.0 0.0 0.0 0.0 0.0 0.0 0.0 0.0 0.0 0.0 0.0 0.0 0.0 0.0 0.0 0.0 0.0 0.0 0.0 0.0 0.0 0.0 0.0 0.0 0.0 0.0
0.0 0.0 0.0 0.0 0.0 0.0 0.0 0.0 0.0 0.0 0.0 0.0 0.0 0.0 0.0 0.0 0.0 0.0 0.0 0.0 0.0 0.006550052228 0.006533944228 0.007019655651 0.006749337676 0.006719009563 0.007011790051 0.007090777899 0.007382219497 0.007331800755 0.007107468878 0.006965909287 0.007096192736 0.006904501132 0.006979852383 0.006908038554 0.007215231013 0.007307757447 0.006899915051 0.404927616969 0.007399749103 0.006938892056 0.007246072837 0.007385841814 0.007022811274 0.006813383586 0.006718778457 0.006891572341 0.006545161693 0.006504154298 0.006952439907 0.00653292278 0.00646149223 0.007101442556 0.007028603934 0.007045462396 0.0 0.0 0.0 0.0 0.0 0.0 0.0 0.0 0.0 0.0 0.0 0.0 0.0 0.0 0.0 0.0 0.0 0.0 0.0 0.0 0.0 0.0 0.0 0.0 0.0 0.0 0.0 0.0 0.0 0.0 0.0 0.0 0.0 0.0 0.0 0.0 0.0 0.0 0.0 0.0 0.0 0.0 0.0 0.0 0.0 0.0 0.0 0.0
0.0 0.0 0.0 0.0 0.0 0.0 0.0 0.0 0.0 0.0 0.0 0.0 0.0 0.0 0.0 0.0 0.0 0.0 0.0 0.0 0.0 0.006271301171 0.006235315997 0.00692970975 0.006537707157 0.006490036568 0.006793923632 0.006954717447 0.007461540032 0.007365828316 0.006975215897 0.00679619231 0.00694519477 0.006708175959 0.006820305241 0.006684374133 0.007112804812 0.007290802946 0.006692478055 0.007399749103 30.1894473483 0.006732341728 0.007271798174 0.007609714777 0.006963487502 0.006601361763 0.006474880297 0.006747965987 0.006278292415 0.006288127508 0.006821730336 0.006258566391 0.005303096812 0.007010179705 0.006966117953 0.006984280759 0.0 0.0 0.0 0.0 0.0 0.0 0.0 0.0 0.0 0.0 0.0 0.0 0.0 0.0 0.0 0.0 0.0 0.0 0.0 0.0 0.0 0.0 0.0 0.0 0.0 0.0 0.0 0.0 0.0 0.0 0.0 0.0 0.0 0.0 0.0 0.0 0.0 0.0 0.0 0.0 0.0 0.0 0.0 0.0 0.0 0.0 0.0 0.0
0.0 0.0 0.0 0.0 0.0 0.0 0.0 0.0 0.0 0.0 0.0 0.0 0.0 0.0 0.0 0.0 0.0 0.0 0.0 0.0 0.0 0.007497984201 0.007510867223 0.007149999886 0.007351945242 0.007394169796 0.007261295606 0.007208019601 0.006905361611 0.006932924428 0.007120433534 0.007248145727 0.007194655439 0.007299725066 0.007193601023 0.007296693658 0.007087937314 0.007002324552 0.007286392709 0.006938892056 0.006732341728 0.285604574926 0.00700739783 0.006759797908 0.007090922342 0.007326618555 0.007395766811 0.007183359691 0.007487130357 0.007473195774 0.007197060851 0.007483219863 0.007557588853 0.007094542855 0.007121867571 0.007125445789 0.0 0.0 0.0 0.0 0.0 0.0 0.0 0.0 0.0 0.0 0.0 0.0 0.0 0.0 0.0 0.0 0.0 0.0 0.0 0.0 0.0 0.0 0.0 0.0 0.0 0.0 0.0 0.0 0.0 0.0 0.0 0.0 0.0 0.0 0.0 0.0 0.0 0.0 0.0 0.0 0.0 0.0 0.0 0.0 0.0 0.0 0.0 0.0
0.0 0.0 0.0 0.0 0.0 0.0 0.0 0.0 0.0 0.0 0.0 0.0 0.0 0.0 0.0 0.0 0.0 0.0 0.0 0.0 0.0 0.006783115252 0.006773306984 0.00704733788 0.006883749593 0.006877183486 0.007040197 0.007096975561 0.007265875864 0.007263500507 0.007135439355 0.007050769089 0.007087068401 0.006983770937 0.007007317895 0.006981434164 0.007152565605 0.007210920202 0.006964291278 0.007246072837 0.007271798174 0.00700739783 0.503842745735 0.007211890294 0.007049190329 0.006924608343 0.006880198326 0.00694882903 0.006777172989 0.006764384844 0.007002829154 0.006766539731 0.006723940196 0.007069065732 0.007040270265 0.007057505308 0.0 0.0 0.0 0.0 0.0 0.0 0.0 0.0 0.0 0.0 0.0 0.0 0.0 0.0 0.0 0.0 0.0 0.0 0.0 0.0 0.0 0.0 0.0 0.0 0.0 0.0 0.0 0.0 0.0 0.0 0.0 0.0 0.0 0.0 0.0 0.0 0.0 0.0 0.0 0.0 0.0 0.0 0.0 0.0 0.0 0.0 0.0 0.0
0.0 0.0 0.0 0.0 0.0 0.0 0.0 0.0 0.0 0.0 0.0 0.0 0.0 0.0 0.0 0.0 0.0 0.0 0.0 0.0 0.0 0.006329911002 0.006305753031 0.006943068554 0.006593192065 0.006532775755 0.006836125352 0.006929640023 0.007374347598 0.007320749924 0.006999581409 0.006811418176 0.006951227525 0.006735996472 0.006875101794 0.006745747617 0.007126112267 0.007260555222 0.006753925075 0.007385841814 0.007609714777 0.006759797908 0.007211890294 0.386994195877 0.006984785246 0.006649622876 0.006529448242 0.006824452282 0.006334235874 0.006328868705 0.006853160522 0.006327631431 0.006213005583 0.007051998725 0.006967126288 0.00698943573 0.0 0.0 0.0 0.0 0.0 0.0 0.0 0.0 0.0 0.0 0.0 0.0 0.0 0.0 0.0 0.0 0.0 0.0 0.0 0.0 0.0 0.0 0.0 0.0 0.0 0.0 0.0 0.0 0.0 0.0 0.0 0.0 0.0 0.0 0.0 0.0 0.0 0.0 0.0 0.0 0.0 0.0 0.0 0.0 0.0 0.0 0.0 0.0
0.0 0.0 0.0 0.0 0.0 0.0 0.0 0.0 0.0 0.0 0.0 0.0 0.0 0.0 0.0 0.0 0.0 0.0 0.0 0.0 0.0 0.007089994332 0.007094839701 0.007104826307 0.007111344162 0.007099164281 0.007095726234 0.007102671666 0.007033504488 0.007050450184 0.007117582617 0.007114256044 0.007084478197 0.007108991666 0.007124098719 0.007102465331 0.007063237933 0.007037718884 0.007101895155 0.007022811274 0.006963487502 0.007090922342 0.007049190329 0.006984785246 0.227383675356 0.007112390601 0.00711632022 0.007140827118 0.0071028839 0.007102620354 0.007115938678 0.007096864285 0.007077470406 0.007089149951 0.007097214741 0.007084664662 0.0 0.0 0.0 0.0 0.0 0.0 0.0 0.0 0.0 0.0 0.0 0.0 0.0 0.0 0.0 0.0 0.0 0.0 0.0 0.0 0.0 0.0 0.0 0.0 0.0 0.0 0.0 0.0 0.0 0.0 0.0 0.0 0.0 0.0 0.0 0.0 0.0 0.0 0.0 0.0 0.0 0.0 0.0 0.0 0.0 0.0 0.0 0.0
0.0 0.0 0.0 0.0 0.0 0.0 0.0 0.0 0.0 0.0 0.0 0.0 0.0 0.0 0.0 0.0 0.0 0.0 0.0 0.0 0.0 0.007676304821 0.007696362313 0.007163806985 0.007474870204 0.007516639887 0.007269435902 0.007175429799 0.006766538485 0.006827376758 0.007109930878 0.007271271089 0.007169867469 0.007354063081 0.007241460235 0.007351335046 0.007025499368 0.006900384926 0.007359422305 0.006813383586 0.006601361763 0.007326618555 0.006924608343 0.006649622876 0.007112390601 0.632182071931 0.007519400086 0.007284384096 0.007677761757 0.007677593031 0.007248936028 0.007682886916 0.00774515915 0.007099876647 0.00714171358 0.007129482238 0.0 0.0 0.0 0.0 0.0 0.0 0.0 0.0 0.0 0.0 0.0 0.0 0.0 0.0 0.0 0.0 0.0 0.0 0.0 0.0 0.0 0.0 0.0 0.0 0.0 0.0 0.0 0.0 0.0 0.0 0.0 0.0 0.0 0.0 0.0 0.0 0.0 0.0 0.0 0.0 0.0 0.0 0.0 0.0 0.0 0.0 0.0 0.0
0.0 0.0 0.0 0.0 0.0 0.0 0.0 0.0 0.0 0.0 0.0 0.0 0.0 0.0 0.0 0.0 0.0 0.0 0.0 0.0 0.0 0.007880572467 0.007904411795 0.007183773345 0.007590174312 0.007647906443 0.007309215641 0.007197440847 0.006682622032 0.006751725784 0.007105138521 0.007321550806 0.007178039477 0.007421344624 0.00726686179 0.007415538129 0.00699239817 0.006840783249 0.007413945852 0.006718778457 0.006474880297 0.007395766811 0.006880198326 0.006529448242 0.00711632022 0.007519400086 0.186839784323 0.007321840105 0.007877486721 0.007872874954 0.007283417743 0.007882706939 0.008002053706 0.007078241999 0.007151503499 0.007137887007 0.0 0.0 0.0 0.0 0.0 0.0 0.0 0.0 0.0 0.0 0.0 0.0 0.0 0.0 0.0 0.0 0.0 0.0 0.0 0.0 0.0 0.0 0.0 0.0 0.0 0.0 0.0 0.0 0.0 0.0 0.0 0.0 0.0 0.0 0.0 0.0 0.0 0.0 0.0 0.0 0.0 0.0 0.0 0.0 0.0 0.0 0.0 0.0
0.0 0.0 0.0 0.0 0.0 0.0 0.0 0.0 0.0 0.0 0.0 0.0 0.0 0.0 0.0 0.0 0.0 0.0 0.0 0.0 0.0 0.007361137507 0.007379749994 0.007136375993 0.007308858022 0.007292688332 0.007169635836 0.007118176462 0.006854916754 0.006915690807 0.007132723962 0.007185412387 0.007104140684 0.007229379011 0.007234987335 0.007222954561 0.007018645576 0.006930696747 0.00724687211 0.006891572341 0.006747965987 0.007183359691 0.00694882903 0.006824452282 0.007140827118 0.007284384096 0.007321840105 0.415307842111 0.00739167999 0.007365628762 0.007205920219 0.007390125072 0.007397810895 0.007120710052 0.007124500944 0.007109552546 0.0 0.0 0.0 0.0 0.0 0.0 0.0 0.0 0.0 0.0 0.0 0.0 0.0 0.0 0.0 0.0 0.0 0.0 0.0 0.0 0.0 0.0 0.0 0.0 0.0 0.0 0.0 0.0 0.0 0.0 0.0 0.0 0.0 0.0 0.0 0.0 0.0 0.0 0.0 0.0 0.0 0.0 0.0 0.0 0.0 0.0 0.0 0.0
0.0 0.0 0.0 0.0 0.0 0.0 0.0 0.0 0.0 0.0 0.0 0.0 0.0 0.0 0.0 0.0 0.0 0.0 0.0 0.0 0.0 0.008262254253 0.008296590111 0.007194004595 0.007792240429 0.007892541275 0.007349410399 0.007180482032 0.006497576674 0.006588560818 0.007056431817 0.007366327777 0.007164109041 0.007515253561 0.007292388222 0.007513362765 0.006917616083 0.006714414947 0.007520298296 0.006545161693 0.006278292415 0.007487130357 0.006777172989 0.006334235874 0.0071028839 0.007677761757 0.007877486721 0.00739167999 0.252843540899 0.008257880592 0.007331139783 0.008275481493 0.008501805193 0.007048322217 0.0071600657 0.007136734402 0.0 0.0 0.0 0.0 0.0 0.0 0.0 0.0 0.0 0.0 0.0 0.0 0.0 0.0 0.0 0.0 0.0 0.0 0.0 0.0 0.0 0.0 0.0 0.0 0.0 0.0 0.0 0.0 0.0 0.0 0.0 0.0 0.0 0.0 0.0 0.0 0.0 0.0 0.0 0.0 0.0 0.0 0.0 0.0 0.0 0.0 0.0 0.0
0.0 0.0 0.0 0.0 0.0 0.0 0.0 0.0 0.0 0.0 0.0 0.0 0.0 0.0 0.0 0.0 0.0 0.0 0.0 0.0 0.0 0.008272482624 0.008306081049 0.007189963125 0.007794618571 0.007904961919 0.007315254727 0.007126881265 0.006464860764 0.006548290791 0.006999128623 0.007339139252 0.007142941745 0.00750363453 0.007250764473 0.007510969106 0.006895883669 0.006686790262 0.007517701827 0.006504154298 0.006288127508 0.007473195774 0.006764384844 0.006328868705 0.007102620354 0.007677593031 0.007872874954 0.007365628762 0.008257880592 0.502225210753 0.007318279571 0.008286602201 0.008487571765 0.007033874894 0.007162825717 0.007130475677 0.0 0.0 0.0 0.0 0.0 0.0 0.0 0.0 0.0 0.0 0.0 0.0 0.0 0.0 0.0 0.0 0.0 0.0 0.0 0.0 0.0 0.0 0.0 0.0 0.0 0.0 0.0 0.0 0.0 0.0 0.0 0.0 0.0 0.0 0.0 0.0 0.0 0.0 0.0 0.0 0.0 0.0 0.0 0.0 0.0 0.0 0.0 0.0
0.0 0.0 0.0 0.0 0.0 0.0 0.0 0.0 0.0 0.0 0.0 0.0 0.0 0.0 0.0 0.0 0.0 0.0 0.0 0.0 0.0 0.007323054029 0.007332479573 0.007133171933 0.007262349026 0.007269815727 0.0071823178 0.007148059461 0.00693005335 0.006966288248 0.007126862118 0.007188072973 0.007134283193 0.007220322318 0.007186341539 0.007214453473 0.007060262892 0.006992597446 0.007217674787 0.006952439907 0.006821730336 0.007197060851 0.007002829154 0.006853160522 0.007115938678 0.007248936028 0.007283417743 0.007205920219 0.007331139783 0.007318279571 0.262684933809 0.007328347626 0.007349392005 0.00710334317 0.007116248701 0.007108593218 0.0 0.0 0.0 0.0 0.0 0.0 0.0 0.0 0.0 0.0 0.0 0.0 0.0 0.0 0.0 0.0 0.0 0.0 0.0 0.0 0.0 0.0 0.0 0.0 0.0 0.0 0.0 0.0 0.0 0.0 0.0 0.0 0.0 0.0 0.0 0.0 0.0 0.0 0.0 0.0 0.0 0.0 0.0 0.0 0.0 0.0 0.0 0.0
0.0 0.0 0.0 0.0 0.0 0.0 0.0 0.0 0.0 0.0 0.0 0.0 0.0 0.0 0.0 0.0 0.0 0.0 0.0 0.0 0.0 0.008286663322 0.008319034735 0.007189353824 0.007799950251 0.007907076732 0.007342728632 0.007165629509 0.006483049869 0.006573739181 0.007044185616 0.007357127045 0.007155382086 0.007514635726 0.007285523896 0.007513313471 0.006908021039 0.006703735303 0.007522365983 0.00653292278 0.006258566391 0.007483219863 0.006766539731 0.006327631431 0.007096864285 0.007682886916 0.007882706939 0.007390125072 0.008275481493 0.008286602201 0.007328347626 1.09704115913 0.008494023905 0.007044570923 0.007155976341 0.007132962091 0.0 0.0 0.0 0.0 0.0 0.0 0.0 0.0 0.0 0.0 0.0 0.0 0.0 0.0 0.0 0.0 0.0 0.0 0.0 0.0 0.0 0.0 0.0 0.0 0.0 0.0 0.0 0.0 0.0 0.0 0.0 0.0 0.0 0.0 0.0 0.0 0.0 0.0 0.0 0.0 0.0 0.0 0.0 0.0 0.0 0.0 0.0 0.0
0.0 0.0 0.0 0.0 0.0 0.0 0.0 0.0 0.0 0.0 0.0 0.0 0.0 0.0 0.0 0.0 0.0 0.0 0.0 0.0 0.0 0.008526205459 0.008567404048 0.007193596706 0.007915713969 0.00802795801 0.007402825238 0.007218517278 0.00640058489 0.006502464711 0.007047812848 0.007382752057 0.007162645725 0.007545004886 0.007320948038 0.00756491428 0.006892552063 0.006663590739 0.007580241304 0.00646149223 0.005303096812 0.007557588853 0.006723940196 0.006213005583 0.007077470406 0.00774515915 0.008002053706 0.007397810895 0.008501805193 0.008487571765 0.007349392005 0.008494023905 31.7560331138 0.007042462753 0.007154571167 0.007114054218 0.0 0.0 0.0 0.0 0.0 0.0 0.0 0.0 0.0 0.0 0.0 0.0 0.0 0.0 0.0 0.0 0.0 0.0 0.0 0.0 0.0 0.0 0.0 0.0 0.0 0.0 0.0 0.0 0.0 0.0 0.0 0.0 0.0 0.0 0.0 0.0 0.0 0.0 0.0 0.0 0.0 0.0 0.0 0.0 0.0 0.0 0.0 0.0
0.0 0.0 0.0 0.0 0.0 0.0 0.0 0.0 0.0 0.0 0.0 0.0 0.0 0.0 0.0 0.0 0.0 0.0 0.0 0.0 0.0 0.007039664179 0.007041992998 0.007093019018 0.007086120278 0.007073078784 0.007112940291 0.007107454372 0.007058831066 0.007075428088 0.007111734111 0.007098711425 0.007113362839 0.007106897057 0.00712588993 0.007107974361 0.00710790059 0.007086131333 0.007119936964 0.007101442556 0.007010179705 0.007094542855 0.007069065732 0.007051998725 0.007089149951 0.007099876647 0.007078241999 0.007120710052 0.007048322217 0.007033874894 0.00710334317 0.007044570923 0.007042462753 0.528037872667 0.007086267497 0.007087429077 0.0 0.0 0.0 0.0 0.0 0.0 0.0 0.0 0.0 0.0 0.0 0.0 0.0 0.0 0.0 0.0 0.0 0.0 0.0 0.0 0.0 0.0 0.0 0.0 0.0 0.0 0.0 0.0 0.0 0.0 0.0 0.0 0.0 0.0 0.0 0.0 0.0 0.0 0.0 0.0 0.0 0.0 0.0 0.0 0.0 0.0 0.0 0.0
0.0 0.0 0.0 0.0 0.0 0.0 0.0 0.0 0.0 0.0 0.0 0.0 0.0 0.0 0.0 0.0 0.0 0.0 0.0 0.0 0.0 0.007153935366 0.007158817972 0.007101951079 0.007140998882 0.007144189675 0.00711866367 0.007109598598 0.007027618569 0.007039768175 0.007111280729 0.007119084515 0.007103338473 0.007130945236 0.007105985385 0.007128749701 0.007074443358 0.007047148839 0.007127627752 0.007028603934 0.006966117953 0.007121867571 0.007040270265 0.006967126288 0.007097214741 0.00714171358 0.007151503499 0.007124500944 0.0071600657 0.007162825717 0.007116248701 0.007155976341 0.007154571167 0.007086267497 0.37050010108 0.007085139534 0.0 0.0 0.0 0.0 0.0 0.0 0.0 0.0 0.0 0.0 0.0 0.0 0.0 0.0 0.0 0.0 0.0 0.0 0.0 0.0 0.0 0.0 0.0 0.0 0.0 0.0 0.0 0.0 0.0 0.0 0.0 0.0 0.0 0.0 0.0 0.0 0.0 0.0 0.0 0.0 0.0 0.0 0.0 0.0 0.0 0.0 0.0 0.0
0.0 0.0 0.0 0.0 0.0 0.0 0.0 0.0 0.0 0.0 0.0 0.0 0.0 0.0 0.0 0.0 0.0 0.0 0.0 0.0 0.0 0.007134930371 0.007138920732 0.007097238264 0.007127747415 0.007131269242 0.007124551277 0.007117741487 0.00703295549 0.007045267955 0.007098437986 0.007123062879 0.007109863436 0.007131321083 0.007115764884 0.007128303944 0.007082883004 0.007059541288 0.007126117202 0.007045462396 0.006984280759 0.007125445789 0.007057505308 0.00698943573 0.007084664662 0.007129482238 0.007137887007 0.007109552546 0.007136734402 0.007130475677 0.007108593218 0.007132962091 0.007114054218 0.007087429077 0.007085139534 0.519534974279 0.0 0.0 0.0 0.0 0.0 0.0 0.0 0.0 0.0 0.0 0.0 0.0 0.0 0.0 0.0 0.0 0.0 0.0 0.0 0.0 0.0 0.0 0.0 0.0 0.0 0.0 0.0 0.0 0.0 0.0 0.0 0.0 0.0 0.0 0.0 0.0 0.0 0.0 0.0 0.0 0.0 0.0 0.0 0.0 0.0 0.0 0.0 0.0
0.0 0.0 0.0 0.0 0.0 0.0 0.0 0.0 0.0 0.0 0.0 0.0 0.0 0.0 0.0 0.0 0.0 0.0 0.0 0.0 0.0 0.0 0.0 0.0 0.0 0.0 0.0 0.0 0.0 0.0 0.0 0.0 0.0 0.0 0.0 0.0 0.0 0.0 0.0 0.0 0.0 0.0 0.0 0.0 0.0 0.0 0.0 0.0 0.0 0.0 0.0 0.0 0.0 0.0 0.0 0.0 0.225282736699 0.004163717924 0.004130850289 0.004107049995 0.003891580374 0.003751170681 0.00388384429 0.003778403952 0.004035171927 0.003873930006 0.003541918954 0.004133228599 0.003672382668 0.004222548869 0.004036523207 0.003899031309 0.003831279966 0.004173201797 0.004059270986 0.003903483273 0.003845198153 0.00405133383 0.003983349062 0.004180513591 0.003759287835 0.004195774975 0.004351155536 0.004437713462 0.003846800364 0.004073195624 0.004003155283 0.003961011432 0.004003189292 0.0 0.0 0.0 0.0 0.0 0.0 0.0 0.0 0.0 0.0 0.0 0.0 0.0 0.0 0.0
0.0 0.0 0.0 0.0 0.0 0.0 0.0 0.0 0.0 0.0 0.0 0.0 0.0 0.0 0.0 0.0 0.0 0.0 0.0 0.0 0.0 0.0 0.0 0.0 0.0 0.0 0.0 0.0 0.0 0.0 0.0 0.0 0.0 0.0 0.0 0.0 0.0 0.0 0.0 0.0 0.0 0.0 0.0 0.0 0.0 0.0 0.0 0.0 0.0 0.0 0.0 0.0 0.0 0.0 0.0 0.0 0.004163717924 0.223311774394 0.004137720527 0.004108961835 0.003880561361 0.003741521358 0.003875418024 0.003769792731 0.004029236516 0.003868838782 0.003519546144 0.004138228686 0.003664476722 0.0042250982 0.004038153375 0.00389331151 0.003823631543 0.004178692478 0.004051568032 0.00389846318 0.003842455566 0.004048314036 0.003990583052 0.004185222292 0.003758739868 0.004205127252 0.00435876614 0.004451275949 0.003844338929 0.004072438785 0.004006326312 0.003955989584 0.004001935408 0.0 0.0 0.0 0.0 0.0 0.0 0.0 0.0 0.0 0.0 0.0 0.0 0.0 0.0 0.0
0.0 0.0 0.0 0.0 0.0 0.0 0.0 0.0 0.0 0.0 0.0 0.0 0.0 0.0 0.0 0.0 0.0 0.0 0.0 0.0 0.0 0.0 0.0 0.0 0.0 0.0 0.0 0.0 0.0 0.0 0.0 0.0 0.0 0.0 0.0 0.0 0.0 0.0 0.0 0.0 0.0 0.0 0.0 0.0 0.0 0.0 0.0 0.0 0.0 0.0 0.0 0.0 0.0 0.0 0.0 0.0 0.004130850289 0.004137720527 0.284747288537 0.004084866331 0.003882210842 0.003757001574 0.003877457952 0.00378327889 0.004013860771 0.003874910067 0.00356131049 0.004110232536 0.003692756803 0.00418472126 0.004022542492 0.00389567166 0.003833750611 0.004144480675 0.00403612094 0.003901249066 0.003850599411 0.004031628716 0.003979095516 0.00414901228 0.003772627566 0.004164022747 0.004299484024 0.004381492964 0.003850346852 0.00405204182 0.003995407859 0.003950793182 0.003991815357 0.0 0.0 0.0 0.0 0.0 0.0 0.0 0.0 0.0 0.0 0.0 0.0 0.0 0.0 0.0
0.0 0.0 0.0 0.0 0.0 0.0 0.0 0.0 0.0 0.0 0.0 0.0 0.0 0.0 0.0 0.0 0.0 0.0 0.0 0.0 0.0 0.0 0.0 0.0 0.0 0.0 0.0 0.0 0.0 0.0 0.0 0.0 0.0 0.0 0.0 0.0 0.0 0.0 0.0 0.0 0.0 0.0 0.0 0.0 0.0 0.0 0.0 0.0 0.0 0.0 0.0 0.0 0.0 0.0 0.0 0.0 0.004107049995 0.004108961835 0.004084866331 0.265121508122 0.003904249125 0.003784428762 0.003899646712 0.003811093028 0.004023347499 0.003891078525 0.003607453328 0.004092756573 0.003719731372 0.004162954068 0.004017353624 0.003910617516 0.00385312085 0.004122471237 0.004050584834 0.003912453407 0.003858541246 0.004033120695 0.00396077257 0.004126541003 0.003779198546 0.004131328159 0.004252676268 0.00430921938 0.003859795595 0.004047945621 0.003991552843 0.003960466549 0.003993071518 0.0 0.0 0.0 0.0 0.0 0.0 0.0 0.0 0.0 0.0 0.0 0.0 0.0 0.0 0.0
0.0 0.0 0.0 0.0 0.0 0.0 0.0 0.0 0.0 0.0 0.0 0.0 0.0 0.0 0.0 0.0 0.0 0.0 0.0 0.0 0.0 0.0 0.0 0.0 0.0 0.0 0.0 0.0 0.0 0.0 0.0 0.0 0.0 0.0 0.0 0.0 0.0 0.0 0.0 0.0 0.0 0.0 0.0 0.0 0.0 0.0 0.0 0.0 0.0 0.0 0.0 0.0 0.0 0.0 0.0 0.0 0.003891580374 0.003880561361 0.003882210842 0.003904249125 0.171576546033 0.003954593914 0.003961786653 0.00395093522 0.0039489817 0.00393461924 0.003963538875 0.003888104782 0.003907811294 0.003894592805 0.003909296593 0.003940059548 0.00394082054 0.003882501689 0.003945827407 0.003930710573 0.003915460799 0.003937312135 0.003884719875 0.00389142548 0.003886812994 0.00386916243 0.003864485288 0.003823642052 0.003919046684 0.003921820181 0.003897049332 0.00394467984 0.003920772076 0.0 0.0 0.0 0.0 0.0 0.0 0.0 0.0 0.0 0.0 0.0 0.0 0.0 0.0 0.0
0.0 0.0 0.0 0.0 0.0 0.0 0.0 0.0 0.0 0.0 0.0 0.0 0.0 0.0 0.0 0.0 0.0 0.0 0.0 0.0 0.0 0.0 0.0 0.0 0.0 0.0 0.0 0.0 0.0 0.0 0.0 0.0 0.0 0.0 0.0 0.0 0.0 0.0 0.0 0.0 0.0 0.0 0.0 0.0 0.0 0.0 0.0 0.0 0.0 0.0 0.0 0.0 0.0 0.0 0.0 0.0 0.003751170681 0.003741521358 0.003757001574 0.003784428762 0.003954593914 0.130730096417 0.003948306618 0.004010874244 0.003854421515 0.003929942047 0.004143868602 0.003760183284 0.004026858716 0.00372018015 0.003825110932 0.00391990468 0.003959185375 0.003736333815 0.003833651943 0.003909967882 0.003934847951 0.003835715806 0.003834232931 0.003741985642 0.003966484998 0.003720637775 0.003634124427 0.003555580883 0.003940336612 0.003817362846 0.003831983266 0.003888053672 0.003848627747 0.0 0.0 0.0 0.0 0.0 0.0 0.0 0.0 0.0 0.0 0.0 0.0 0.0 0.0 0.0
0.0 0.0 0.0 0.0 0.0 0.0 0.0 0.0 0.0 0.0 0.0 0.0 0.0 0.0 0.0 0.0 0.0 0.0 0.0 0.0 0.0 0.0 0.0 0.0 0.0 0.0 0.0 0.0 0.0 0.0 0.0 0.0 0.0 0.0 0.0 0.0 0.0 0.0 0.0 0.0 0.0 0.0 0.0 0.0 0.0 0.0 0.0 0.0 0.0 0.0 0.0 0.0 0.0 0.0 0.0 0.0 0.00388384429 0.003875418024 0.003877457952 0.003899646712 0.003961786653 0.003948306618 0.290200617568 0.00394653306 0.003940184201 0.003932587225 0.003952974069 0.003886316176 0.003911974777 0.003882787215 0.003907248798 0.003937185898 0.003934259489 0.003879371583 0.00393521085 0.003924657714 0.003912511766 0.00392704165 0.003883419678 0.003885006819 0.003893824602 0.003867687336 0.003844896731 0.003798376458 0.003917939966 0.003915338437 0.00390080034 0.003936952707 0.003916398435 0.0 0.0 0.0 0.0 0.0 0.0 0.0 0.0 0.0 0.0 0.0 0.0 0.0 0.0 0.0
0.0 0.0 0.0 0.0 0.0 0.0 0.0 0.0 0.0 0.0 0.0 0.0 0.0 0.0 0.0 0.0 0.0 0.0 0.0 0.0 0.0 0.0 0.0 0.0 0.0 0.0 0.0 0.0 0.0 0.0 0.0 0.0 0.0 0.0 0.0 0.0 0.0 0.0 0.0 0.0 0.0 0.0 0.0 0.0 0.0 0.0 0.0 0.0 0.0 0.0 0.0 0.0 0.0 0.0 0.0 0.0 0.003778403952 0.003769792731 0.00378327889 0.003811093028 0.00395093522 0.004010874244 0.00394653306 0.130072883201 0.00387063708 0.003933417421 0.004101729936 0.00378927112 0.004004022856 0.003755585208 0.003844506783 0.003925086845 0.003958951489 0.003769158173 0.003860650395 0.003918478493 0.003929942069 0.003854118068 0.003842750267 0.003772814154 0.003945607801 0.003750120795 0.003677211869 0.003606270151 0.003935758007 0.003837720119 0.003851124202 0.003899450977 0.003866663148 0.0 0.0 0.0 0.0 0.0 0.0 0.0 0.0 0.0 0.0 0.0 0.0 0.0 0.0 0.0
0.0 0.0 0.0 0.0 0.0 0.0 0.0 0.0 0.0 0.0 0.0 0.0 0.0 0.0 0.0 0.0 0.0 0.0 0.0 0.0 0.0 0.0 0.0 0.0 0.0 0.0 0.0 0.0 0.0 0.0 0.0 0.0 0.0 0.0 0.0 0.0 0.0 0.0 0.0 0.0 0.0 0.0 0.0 0.0 0.0 0.0 0.0 0.0 0.0 0.0 0.0 0.0 0.0 0.0 0.0 0.0 0.004035171927 0.004029236516 0.004013860771 0.004023347499 0.0039489817 0.003854421515 0.003940184201 0.00387063708 0.173078431825 0.00391457673 0.003741626665 0.004024395732 0.003785838626 0.004074834155 0.003987028135 0.00393198305 0.003891373139 0.004040019222 0.004037125826 0.003925595056 0.003880178074 0.004016620739 0.003931238728 0.004049220707 0.003814865623 0.004039034704 0.004111975013 0.004115585079 0.003884409582 0.004016381898 0.003961305225 0.003968239978 0.003975999858 0.0 0.0 0.0 0.0 0.0 0.0 0.0 0.0 0.0 0.0 0.0 0.0 0.0 0.0 0.0
0.0 0.0 0.0 0.0 0.0 0.0 0.0 0.0 0.0 0.0 0.0 0.0 0.0 0.0 0.0 0.0 0.0 0.0 0.0 0.0 0.0 0.0 0.0 0.0 0.0 0.0 0.0 0.0 0.0 0.0 0.0 0.0 0.0 0.0 0.0 0.0 0.0 0.0 0.0 0.0 0.0 0.0 0.0 0.0 0.0 0.0 0.0 0.0 0.0 0.0 0.0 0.0 0.0 0.0 0.0 0.0 0.003873930006 0.003868838782 0.003874910067 0.003891078525 0.00393461924 0.003929942047 0.003932587225 0.003933417421 0.00391457673 0.177213131224 0.003929174493 0.003881701027 0.003919087854 0.003873669532 0.003898852977 0.003926541821 0.003929967972 0.003874525762 0.003921631628 0.003922192251 0.003912963331 0.003908721387 0.00388312837 0.003872875403 0.003890987415 0.003857000004 0.003840448866 0.003810145078 0.003912511161 0.003899293756 0.003900178641 0.00392199358 0.003909824304 0.0 0.0 0.0 0.0 0.0 0.0 0.0 0.0 0.0 0.0 0.0 0.0 0.0 0.0 0.0
0.0 0.0 0.0 0.0 0.0 0.0 0.0 0.0 0.0 0.0 0.0 0.0 0.0 0.0 0.0 0.0 0.0 0.0 0.0 0.0 0.0 0.0 0.0 0.0 0.0 0.0 0.0 0.0 0.0 0.0 0.0 0.0 0.0 0.0 0.0 0.0 0.0 0.0 0.0 0.0 0.0 0.0 0.0 0.0 0.0 0.0 0.0 0.0 0.0 0.0 0.0 0.0 0.0 0.0 0.0 0.0 0.003541918954 0.003519546144 0.00356131049 0.003607453328 0.003963538875 0.004143868602 0.003952974069 0.004101729936 0.003741626665 0.003929174493 0.0891350415579 0.003555602727 0.004211725116 0.003459935255 0.003699146113 0.003907789575 0.004012493056 0.003503540871 0.003691350223 0.003898819827 0.003959977928 0.003708850675 0.003750898878 0.003512087575 0.004080473649 0.003474500542 0.003286780395 0.003147365367 0.003969463558 0.003669477995 0.003722192748 0.00383193381 0.00375233554 0.0 0.0 0.0 0.0 0.0 0.0 0.0 0.0 0.0 0.0 0.0 0.0 0.0 0.0 0.0
0.0 0.0 0.0 0.0 0.0 0.0 0.0 0.0 0.0 0.0 0.0 0.0 0.0 0.0 0.0 0.0 0.0 0.0 0.0 0.0 0.0 0.0 0.0 0.0 0.0 0.0 0.0 0.0 0.0 0.0 0.0 0.0 0.0 0.0 0.0 0.0 0.0 0.0 0.0 0.0 0.0 0.0 0.0 0.0 0.0 0.0 0.0 0.0 0.0 0.0 0.0 0.0 0.0 0.0 0.0 0.0 0.004133228599 0.004138228686 0.004110232536 0.004092756573 0.003888104782 0.003760183284 0.003886316176 0.00378927112 0.004024395732 0.003881701027 0.003555602727 0.381246679424 0.003695678705 0.004195270806 0.004029132759 0.003901846124 0.003836874038 0.004155293238 0.004056266536 0.003906056748 0.003849117908 0.004037065316 0.003969940351 0.004155605893 0.003765929687 0.004168685719 0.004302991926 0.004379140712 0.003849618952 0.004058911358 0.004004184968 0.003955539459 0.003998370912 0.0 0.0 0.0 0.0 0.0 0.0 0.0 0.0 0.0 0.0 0.0 0.0 0.0 0.0 0.0
0.0 0.0 0.0 0.0 0.0 0.0 0.0 0.0 0.0 0.0 0.0 0.0 0.0 0.0 0.0 0.0 0.0 0.0 0.0 0.0 0.0 0.0 0.0 0.0 0.0 0.0 0.0 0.0 0.0 0.0 0.0 0.0 0.0 0.0 0.0 0.0 0.0 0.0 0.0 0.0 0.0 0.0 0.0 0.0 0.0 0.0 0.0 0.0 0.0 0.0 0.0 0.0 0.0 0.0 0.0 0.0 0.003672382668 0.003664476722 0.003692756803 0.003719731372 0.003907811294 0.004026858716 0.003911974777 0.004004022856 0.003785838626 0.003919087854 0.004211725116 0.003695678705 0.0880003246077 0.003626163246 0.003776199546 0.003897658701 0.003953307612 0.003661819869 0.003770692055 0.003893595018 0.003933616579 0.00376848641 0.003804120174 0.003655879477 0.004001251998 0.00363785541 0.003513993678 0.003426851804 0.003933187094 0.003750324227 0.003802050636 0.003843675107 0.003807233364 0.0 0.0 0.0 0.0 0.0 0.0 0.0 0.0 0.0 0.0 0.0 0.0 0.0 0.0 0.0
0.0 0.0 0.0 0.0 0.0 0.0 0.0 0.0 0.0 0.0 0.0 0.0 0.0 0.0 0.0 0.0 0.0 0.0 0.0 0.0 0.0 0.0 0.0 0.0 0.0 0.0 0.0 0.0 0.0 0.0 0.0 0.0 0.0 0.0 0.0 0.0 0.0 0.0 0.0 0.0 0.0 0.0 0.0 0.0 0.0 0.0 0.0 0.0 0.0 0.0 0.0 0.0 0.0 0.0 0.0 0.0 0.004222548869 0.0042250982 0.00418472126 0.004162954068 0.003894592805 0.00372018015 0.003882787215 0.003755585208 0.004074834155 0.003873669532 0.003459935255 0.004195270806 0.003626163246 0.235113019532 0.004070448769 0.003903424062 0.003818475856 0.004251255988 0.004124370566 0.003909729558 0.003830448246 0.004092421825 0.003989254838 0.004257713649 0.003717470767 0.004269241871 0.004499633669 0.004608953125 0.003832125534 0.004121634112 0.00402916285 0.00397910635 0.004031596579 0.0 0.0 0.0 0.0 0.0 0.0 0.0 0.0 0.0 0.0 0.0 0.0 0.0 0.0 0.0
0.0 0.0 0.0 0.0 0.0 0.0 0.0 0.0 0.0 0.0 0.0 0.0 0.0 0.0 0.0 0.0 0.0 0.0 0.0 0.0 0.0 0.0 0.0 0.0 0.0 0.0 0.0 0.0 0.0 0.0 0.0 0.0 0.0 0.0 0.0 0.0 0.0 0.0 0.0 0.0 0.0 0.0 0.0 0.0 0.0 0.0 0.0 0.0 0.0 0.0 0.0 0.0 0.0 0.0 0.0 0.0 0.004036523207 0.004038153375 0.004022542492 0.004017353624 0.003909296593 0.003825110932 0.003907248798 0.003844506783 0.003987028135 0.003898852977 0.003699146113 0.004029132759 0.003776199546 0.004070448769 0.145691626428 0.003912194344 0.003871875207 0.00404715467 0.004004796724 0.003911793174 0.0038730358 0.003992470833 0.003942010106 0.004049072916 0.003815197468 0.004050897482 0.004121439599 0.004153140003 0.003874904917 0.004001191427 0.003965751956 0.0039459717 0.003966369932 0.0 0.0 0.0 0.0 0.0 0.0 0.0 0.0 0.0 0.0 0.0 0.0 0.0 0.0 0.0
0.0 0.0 0.0 0.0 0.0 0.0 0.0 0.0 0.0 0.0 0.0 0.0 0.0 0.0 0.0 0.0 0.0 0.0 0.0 0.0 0.0 0.0 0.0 0.0 0.0 0.0 0.0 0.0 0.0 0.0 0.0 0.0 0.0 0.0 0.0 0.0 0.0 0.0 0.0 0.0 0.0 0.0 0.0 0.0 0.0 0.0 0.0 0.0 0.0 0.0 0.0 0.0 0.0 0.0 0.0 0.0 0.003899031309 0.00389331151 0.00389567166 0.003910617516 0.003940059548 0.00391990468 0.003937185898 0.003925086845 0.00393198305 0.003926541821 0.003907789575 0.003901846124 0.003897658701 0.003903424062 0.003912194344 0.103989531416 0.003924904613 0.003898344283 0.0039372766 0.00392304496 0.003908488557 0.003925998964 0.003891647682 0.003899954977 0.003881068869 0.003885441115 0.003882218954 0.003857074955 0.003909469338 0.003918143134 0.003907801789 0.003931355371 0.00392000547 0.0 0.0 0.0 0.0 0.0 0.0 0.0 0.0 0.0 0.0 0.0 0.0 0.0 0.0 0.0
0.0 0.0 0.0 0.0 0.0 0.0 0.0 0.0 0.0 0.0 0.0 0.0 0.0 0.0 0.0 0.0 0.0 0.0 0.0 0.0 0.0 0.0 0.0 0.0 0.0 0.0 0.0 0.0 0.0 0.0 0.0 0.0 0.0 0.0 0.0 0.0 0.0 0.0 0.0 0.0 0.0 0.0 0.0 0.0 0.0 0.0 0.0 0.0 0.0 0.0 0.0 0.0 0.0 0.0 0.0 0.0 0.003831279966 0.003823631543 0.003833750611 0.00385312085 0.00394082054 0.003959185375 0.003934259489 0.003958951489 0.003891373139 0.003929967972 0.004012493056 0.003836874038 0.003953307612 0.003818475856 0.003871875207 0.003924904613 0.276771597908 0.003824297696 0.003890673117 0.003923266931 0.003923007793 0.003883567708 0.003869292911 0.0038249178 0.003914699704 0.003805096396 0.003768505038 0.003726348257 0.003923207196 0.003868699985 0.003875378301 0.00391196887 0.00389010851 0.0 0.0 0.0 0.0 0.0 0.0 0.0 0.0 0.0 0.0 0.0 0.0 0.0 0.0 0.0
0.0 0.0 0.0 0.0 0.0 0.0 0.0 0.0 0.0 0.0 0.0 0.0 0.0 0.0 0.0 0.0 0.0 0.0 0.0 0.0 0.0 0.0 0.0 0.0 0.0 0.0 0.0 0.0 0.0 0.0 0.0 0.0 0.0 0.0 0.0 0.0 0.0 0.0 0.0 0.0 0.0 0.0 0.0 0.0 0.0 0.0 0.0 0.0 0.0 0.0 0.0 0.0 0.0 0.0 0.0 0.0 0.004173201797 0.004178692478 0.004144480675 0.004122471237 0.003882501689 0.003736333815 0.003879371583 0.003769158173 0.004040019222 0.003874525762 0.003503540871 0.004155293238 0.003661819869 0.004251255988 0.00404715467 0.003898344283 0.003824297696 0.381218914779 0.004079710065 0.003904103673 0.00383882543 0.004055525738 0.003980096928 0.004201294675 0.003744934597 0.004218037651 0.004386814511 0.004484453377 0.003839954073 0.004082708233 0.00401807527 0.003960734187 0.004010880301 0.0 0.0 0.0 0.0 0.0 0.0 0.0 0.0 0.0 0.0 0.0 0.0 0.0 0.0 0.0
0.0 0.0 0.0 0.0 0.0 0.0 0.0 0.0 0.0 0.0 0.0 0.0 0.0 0.0 0.0 0.0 0.0 0.0 0.0 0.0 0.0 0.0 0.0 0.0 0.0 0.0 0.0 0.0 0.0 0.0 0.0 0.0 0.0 0.0 0.0 0.0 0.0 0.0 0.0 0.0 0.0 0.0 0.0 0.0 0.0 0.0 0.0 0.0 0.0 0.0 0.0 0.0 0.0 0.0 0.0 0.0 0.004059270986 0.004051568032 0.00403612094 0.004050584834 0.003945827407 0.003833651943 0.00393521085 0.003860650395 0.004037125826 0.003921631628 0.003691350223 0.004056266536 0.003770692055 0.004124370566 0.004004796724 0.0039372766 0.003890673117 0.004079710065 0.175635204096 0.003936305102 0.003873562361 0.004034376523 0.003926920879 0.004081155675 0.003786067744 0.004062955698 0.004174379776 0.004192890655 0.003875863251 0.004037028622 0.003981143117 0.003977393399 0.003994704784 0.0 0.0 0.0 0.0 0.0 0.0 0.0 0.0 0.0 0.0 0.0 0.0 0.0 0.0 0.0
0.0 0.0 0.0 0.0 0.0 0.0 0.0 0.0 0.0 0.0 0.0 0.0 0.0 0.0 0.0 0.0 0.0 0.0 0.0 0.0 0.0 0.0 0.0 0.0 0.0 0.0 0.0 0.0 0.0 0.0 0.0 0.0 0.0 0.0 0.0 0.0 0.0 0.0 0.0 0.0 0.0 0.0 0.0 0.0 0.0 0.0 0.0 0.0 0.0 0.0 0.0 0.0 0.0 0.0 0.0 0.0 0.003903483273 0.00389846318 0.003901249066 0.003912453407 0.003930710573 0.003909967882 0.003924657714 0.003918478493 0.003925595056 0.003922192251 0.003898819827 0.003906056748 0.003893595018 0.003909729558 0.003911793174 0.00392304496 0.003923266931 0.003904103673 0.003936305102 0.25746260305 0.003906928869 0.003923387974 0.00389216152 0.003903889569 0.003875365641 0.003889404322 0.003895401532 0.003881227771 0.003904991822 0.003916388852 0.003908553191 0.003926249972 0.003919628684 0.0 0.0 0.0 0.0 0.0 0.0 0.0 0.0 0.0 0.0 0.0 0.0 0.0 0.0 0.0
0.0 0.0 0.0 0.0 0.0 0.0 0.0 0.0 0.0 0.0 0.0 0.0 0.0 0.0 0.0 0.0 0.0 0.0 0.0 0.0 0.0 0.0 0.0 0.0 0.0 0.0 0.0 0.0 0.0 0.0 0.0 0.0 0.0 0.0 0.0 0.0 0.0 0.0 0.0 0.0 0.0 0.0 0.0 0.0 0.0 0.0 0.0 0.0 0.0 0.0 0.0 0.0 0.0 0.0 0.0 0.0 0.003845198153 0.003842455566 0.003850599411 0.003858541246 0.003915460799 0.003934847951 0.003912511766 0.003929942069 0.003880178074 0.003912963331 0.003959977928 0.003849117908 0.003933616579 0.003830448246 0.0038730358 0.003908488557 0.003923007793 0.00383882543 0.003873562361 0.003906928869 0.116361200562 0.003876605454 0.003882305423 0.003838702267 0.003918574444 0.003830604586 0.003796640368 0.003772876462 0.003913997591 0.003867609758 0.003876935002 0.003897492811 0.003883191151 0.0 0.0 0.0 0.0 0.0 0.0 0.0 0.0 0.0 0.0 0.0 0.0 0.0 0.0 0.0
0.0 0.0 0.0 0.0 0.0 0.0 0.0 0.0 0.0 0.0 0.0 0.0 0.0 0.0 0.0 0.0 0.0 0.0 0.0 0.0 0.0 0.0 0.0 0.0 0.0 0.0 0.0 0.0 0.0 0.0 0.0 0.0 0.0 0.0 0.0 0.0 0.0 0.0 0.0 0.0 0.0 0.0 0.0 0.0 0.0 0.0 0.0 0.0 0.0 0.0 0.0 0.0 0.0 0.0 0.0 0.0 0.00405133383 0.004048314036 0.004031628716 0.004033120695 0.003937312135 0.003835715806 0.00392704165 0.003854118068 0.004016620739 0.003908721387 0.003708850675 0.004037065316 0.00376848641 0.004092421825 0.003992470833 0.003925998964 0.003883567708 0.004055525738 0.004034376523 0.003923387974 0.003876605454 0.277458805806 0.003944380375 0.004064276443 0.003806316852 0.004056843062 0.004145299841 0.004166774106 0.003879794265 0.004021034679 0.003966623393 0.003966468709 0.003979615492 0.0 0.0 0.0 0.0 0.0 0.0 0.0 0.0 0.0 0.0 0.0 0.0 0.0 0.0 0.0
0.0 0.0 0.0 0.0 0.0 0.0 0.0 0.0 0.0 0.0 0.0 0.0 0.0 0.0 0.0 0.0 0.0 0.0 0.0 0.0 0.0 0.0 0.0 0.0 0.0 0.0 0.0 0.0 0.0 0.0 0.0 0.0 0.0 0.0 0.0 0.0 0.0 0.0 0.0 0.0 0.0 0.0 0.0 0.0 0.0 0.0 0.0 0.0 0.0 0.0 0.0 0.0 0.0 0.0 0.0 0.0 0.003983349062 0.003990583052 0.003979095516 0.00396077257 0.003884719875 0.003834232931 0.003883419678 0.003842750267 0.003931238728 0.00388312837 0.003750898878 0.003969940351 0.003804120174 0.003989254838 0.003942010106 0.003891647682 0.003869292911 0.003980096928 0.003926920879 0.00389216152 0.003882305423 0.003944380375 0.1714083783 0.003984264237 0.003856189936 0.003995626511 0.004033036157 0.004073274655 0.003883064701 0.003947452289 0.003932276424 0.003915573126 0.003928852611 0.0 0.0 0.0 0.0 0.0 0.0 0.0 0.0 0.0 0.0 0.0 0.0 0.0 0.0 0.0
0.0 0.0 0.0 0.0 0.0 0.0 0.0 0.0 0.0 0.0 0.0 0.0 0.0 0.0 0.0 0.0 0.0 0.0 0.0 0.0 0.0 0.0 0.0 0.0 0.0 0.0 0.0 0.0 0.0 0.0 0.0 0.0 0.0 0.0 0.0 0.0 0.0 0.0 0.0 0.0 0.0 0.0 0.0 0.0 0.0 0.0 0.0 0.0 0.0 0.0 0.0 0.0 0.0 0.0 0.0 0.0 0.004180513591 0.004185222292 0.00414901228 0.004126541003 0.00389142548 0.003741985642 0.003885006819 0.003772814154 0.004049220707 0.003872875403 0.003512087575 0.004155605893 0.003655879477 0.004257713649 0.004049072916 0.003899954977 0.0038249178 0.004201294675 0.004081155675 0.003903889569 0.003838702267 0.004064276443 0.003984264237 0.289828893228 0.003745998712 0.004224065732 0.004400284853 0.004493156469 0.003841755907 0.004090731553 0.004013737825 0.003966117811 0.004012274601 0.0 0.0 0.0 0.0 0.0 0.0 0.0 0.0 0.0 0.0 0.0 0.0 0.0 0.0 0.0
0.0 0.0 0.0 0.0 0.0 0.0 0.0 0.0 0.0 0.0 0.0 0.0 0.0 0.0 0.0 0.0 0.0 0.0 0.0 0.0 0.0 0.0 0.0 0.0 0.0 0.0 0.0 0.0 0.0 0.0 0.0 0.0 0.0 0.0 0.0 0.0 0.0 0.0 0.0 0.0 0.0 0.0 0.0 0.0 0.0 0.0 0.0 0.0 0.0 0.0 0.0 0.0 0.0 0.0 0.0 0.0 0.003759287835 0.003758739868 0.003772627566 0.003779198546 0.003886812994 0.003966484998 0.003893824602 0.003945607801 0.003814865623 0.003890987415 0.004080473649 0.003765929687 0.004001251998 0.003717470767 0.003815197468 0.003881068869 0.003914699704 0.003744934597 0.003786067744 0.003875365641 0.003918574444 0.003806316852 0.003856189936 0.003745998712 0.121459026986 0.003746951983 0.003655138904 0.003609603072 0.003918529937 0.003796571884 0.003829343484 0.003849356766 0.003827048576 0.0 0.0 0.0 0.0 0.0 0.0 0.0 0.0 0.0 0.0 0.0 0.0 0.0 0.0 0.0
0.0 0.0 0.0 0.0 0.0 0.0 0.0 0.0 0.0 0.0 0.0 0.0 0.0 0.0 0.0 0.0 0.0 0.0 0.0 0.0 0.0 0.0 0.0 0.0 0.0 0.0 0.0 0.0 0.0 0.0 0.0 0.0 0.0 0.0 0.0 0.0 0.0 0.0 0.0 0.0 0.0 0.0 0.0 0.0 0.0 0.0 0.0 0.0 0.0 0.0 0.0 0.0 0.0 0.0 0.0 0.0 0.004195774975 0.004205127252 0.004164022747 0.004131328159 0.00386916243 0.003720637775 0.003867687336 0.003750120795 0.004039034704 0.003857000004 0.003474500542 0.004168685719 0.00363785541 0.004269241871 0.004050897482 0.003885441115 0.003805096396 0.004218037651 0.004062955698 0.003889404322 0.003830604586 0.004056843062 0.003995626511 0.004224065732 0.003746951983 0.290128121994 0.004430198929 0.004544273502 0.00383331204 0.004090086355 0.004016917119 0.003952832041 0.004006415079 0.0 0.0 0.0 0.0 0.0 0.0 0.0 0.0 0.0 0.0 0.0 0.0 0.0 0.0 0.0
0.0 0.0 0.0 0.0 0.0 0.0 0.0 0.0 0.0 0.0 0.0 0.0 0.0 0.0 0.0 0.0 0.0 0.0 0.0 0.0 0.0 0.0 0.0 0.0 0.0 0.0 0.0 0.0 0.0 0.0 0.0 0.0 0.0 0.0 0.0 0.0 0.0 0.0 0.0 0.0 0.0 0.0 0.0 0.0 0.0 0.0 0.0 0.0 0.0 0.0 0.0 0.0 0.0 0.0 0.0 0.0 0.004351155536 0.00435876614 0.004299484024 0.004252676268 0.003864485288 0.003634124427 0.003844896731 0.003677211869 0.004111975013 0.003840448866 0.003286780395 0.004302991926 0.003513993678 0.004499633669 0.004121439599 0.003882218954 0.003768505038 0.004386814511 0.004174379776 0.003895401532 0.003796640368 0.004145299841 0.004033036157 0.004400284853 0.003655138904 0.004430198929 0.394293128325 0.005010642507 0.003797308229 0.004193128386 0.004062233107 0.003988222005 0.004064353567 0.0 0.0 0.0 0.0 0.0 0.0 0.0 0.0 0.0 0.0 0.0 0.0 0.0 0.0 0.0
0.0 0.0 0.0 0.0 0.0 0.0 0.0 0.0 0.0 0.0 0.0 0.0 0.0 0.0 0.0 0.0 0.0 0.0 0.0 0.0 0.0 0.0 0.0 0.0 0.0 0.0 0.0 0.0 0.0 0.0 0.0 0.0 0.0 0.0 0.0 0.0 0.0 0.0 0.0 0.0 0.0 0.0 0.0 0.0 0.0 0.0 0.0 0.0 0.0 0.0 0.0 0.0 0.0 0.0 0.0 0.0 0.004437713462 0.004451275949 0.004381492964 0.00430921938 0.003823642052 0.003555580883 0.003798376458 0.003606270151 0.004115585079 0.003810145078 0.003147365367 0.004379140712 0.003426851804 0.004608953125 0.004153140003 0.003857074955 0.003726348257 0.004484453377 0.004192890655 0.003881227771 0.003772876462 0.004166774106 0.004073274655 0.004493156469 0.003609603072 0.004544273502 0.005010642507 2.24338351324 0.003769552857 0.004227456167 0.004090875858 0.003983620292 0.004084330926 0.0 0.0 0.0 0.0 0.0 0.0 0.0 0.0 0.0 0.0 0.0 0.0 0.0 0.0 0.0
0.0 0.0 0.0 0.0 0.0 0.0 0.0 0.0 0.0 0.0 0.0 0.0 0.0 0.0 0.0 0.0 0.0 0.0 0.0 0.0 0.0 0.0 0.0 0.0 0.0 0.0 0.0 0.0 0.0 0.0 0.0 0.0 0.0 0.0 0.0 0.0 0.0 0.0 0.0 0.0 0.0 0.0 0.0 0.0 0.0 0.0 0.0 0.0 0.0 0.0 0.0 0.0 0.0 0.0 0.0 0.0 0.003846800364 0.003844338929 0.003850346852 0.003859795595 0.003919046684 0.003940336612 0.003917939966 0.003935758007 0.003884409582 0.003912511161 0.003969463558 0.003849618952 0.003933187094 0.003832125534 0.003874904917 0.003909469338 0.003923207196 0.003839954073 0.003875863251 0.003904991822 0.003913997591 0.003879794265 0.003883064701 0.003841755907 0.003918529937 0.00383331204 0.003797308229 0.003769552857 0.145983582335 0.003870301555 0.003877827691 0.003899502671 0.003884290861 0.0 0.0 0.0 0.0 0.0 0.0 0.0 0.0 0.0 0.0 0.0 0.0 0.0 0.0 0.0
0.0 0.0 0.0 0.0 0.0 0.0 0.0 0.0 0.0 0.0 0.0 0.0 0.0 0.0 0.0 0.0 0.0 0.0 0.0 0.0 0.0 0.0 0.0 0.0 0.0 0.0 0.0 0.0 0.0 0.0 0.0 0.0 0.0 0.0 0.0 0.0 0.0 0.0 0.0 0.0 0.0 0.0 0.0 0.0 0.0 0.0 0.0 0.0 0.0 0.0 0.0 0.0 0.0 0.0 0.0 0.0 0.004073195624 0.004072438785 0.00405204182 0.004047945621 0.003921820181 0.003817362846 0.003915338437 0.003837720119 0.004016381898 0.003899293756 0.003669477995 0.004058911358 0.003750324227 0.004121634112 0.004001191427 0.003918143134 0.003868699985 0.004082708233 0.004037028622 0.003916388852 0.003867609758 0.004021034679 0.003947452289 0.004090731553 0.003796571884 0.004090086355 0.004193128386 0.004227456167 0.003870301555 0.686792772074 0.003974992216 0.003961168106 0.003982208912 0.0 0.0 0.0 0.0 0.0 0.0 0.0 0.0 0.0 0.0 0.0 0.0 0.0 0.0 0.0
0.0 0.0 0.0 0.0 0.0 0.0 0.0 0.0 0.0 0.0 0.0 0.0 0.0 0.0 0.0 0.0 0.0 0.0 0.0 0.0 0.0 0.0 0.0 0.0 0.0 0.0 0.0 0.0 0.0 0.0 0.0 0.0 0.0 0.0 0.0 0.0 0.0 0.0 0.0 0.0 0.0 0.0 0.0 0.0 0.0 0.0 0.0 0.0 0.0 0.0 0.0 0.0 0.0 0.0 0.0 0.0 0.004003155283 0.004006326312 0.003995407859 0.003991552843 0.003897049332 0.003831983266 0.00390080034 0.003851124202 0.003961305225 0.003900178641 0.003722192748 0.004004184968 0.003802050636 0.00402916285 0.003965751956 0.003907801789 0.003875378301 0.00401807527 0.003981143117 0.003908553191 0.003876935002 0.003966623393 0.003932276424 0.004013737825 0.003829343484 0.004016917119 0.004062233107 0.004090875858 0.003877827691 0.003974992216 0.326517829209 0.003931636189 0.003952384777 0.0 0.0 0.0 0.0 0.0 0.0 0.0 0.0 0.0 0.0 0.0 0.0 0.0 0.0 0.0
0.0 0.0 0.0 0.0 0.0 0.0 0.0 0.0 0.0 0.0 0.0 0.0 0.0 0.0 0.0 0.0 0.0 0.0 0.0 0.0 0.0 0.0 0.0 0.0 0.0 0.0 0.0 0.0 0.0 0.0 0.0 0.0 0.0 0.0 0.0 0.0 0.0 0.0 0.0 0.0 0.0 0.0 0.0 0.0 0.0 0.0 0.0 0.0 0.0 0.0 0.0 0.0 0.0 0.0 0.0 0.0 0.003961011432 0.003955989584 0.003950793182 0.003960466549 0.00394467984 0.003888053672 0.003936952707 0.003899450977 0.003968239978 0.00392199358 0.00383193381 0.003955539459 0.003843675107 0.00397910635 0.0039459717 0.003931355371 0.00391196887 0.003960734187 0.003977393399 0.003926249972 0.003897492811 0.003966468709 0.003915573126 0.003966117811 0.003849356766 0.003952832041 0.003988222005 0.003983620292 0.003899502671 0.003961168106 0.003931636189 0.150725222484 0.003946979651 0.0 0.0 0.0 0.0 0.0 0.0 0.0 0.0 0.0 0.0 0.0 0.0 0.0 0.0 0.0
0.0 0.0 0.0 0.0 0.0 0.0 0.0 0.0 0.0 0.0 0.0 0.0 0.0 0.0 0.0 0.0 0.0 0.0 0.0 0.0 0.0 0.0 0.0 0.0 0.0 0.0 0.0 0.0 0.0 0.0 0.0 0.0 0.0 0.0 0.0 0.0 0.0 0.0 0.0 0.0 0.0 0.0 0.0 0.0 0.0 0.0 0.0 0.0 0.0 0.0 0.0 0.0 0.0 0.0 0.0 0.0 0.004003189292 0.004001935408 0.003991815357 0.003993071518 0.003920772076 0.003848627747 0.003916398435 0.003866663148 0.003975999858 0.003909824304 0.00375233554 0.003998370912 0.003807233364 0.004031596579 0.003966369932 0.00392000547 0.00389010851 0.004010880301 0.003994704784 0.003919628684 0.003883191151 0.003979615492 0.003928852611 0.004012274601 0.003827048576 0.004006415079 0.004064353567 0.004084330926 0.003884290861 0.003982208912 0.003952384777 0.003946979651 0.285034076875 0.0 0.0 0.0 0.0 0.0 0.0 0.0 0.0 0.0 0.0 0.0 0.0 0.0 0.0 0.0
0.0 0.0 0.0 0.0 0.0 0.0 0.0 0.0 0.0 0.0 0.0 0.0 0.0 0.0 0.0 0.0 0.0 0.0 0.0 0.0 0.0 0.0 0.0 0.0 0.0 0.0 0.0 0.0 0.0 0.0 0.0 0.0 0.0 0.0 0.0 0.0 0.0 0.0 0.0 0.0 0.0 0.0 0.0 0.0 0.0 0.0 0.0 0.0 0.0 0.0 0.0 0.0 0.0 0.0 0.0 0.0 0.0 0.0 0.0 0.0 0.0 0.0 0.0 0.0 0.0 0.0 0.0 0.0 0.0 0.0 0.0 0.0 0.0 0.0 0.0 0.0 0.0 0.0 0.0 0.0 0.0 0.0 0.0 0.0 0.0 0.0 0.0 0.0 0.0 1.15197817255 0.01190856781 0.01030946285 0.01152771494 0.0109499579 0.01305054544 0.0109057305 0.01044882593 0.009753363451 0.01243248044 0.008366143295 0.01207897717 0.01287934504 0.01097159616 0.009853806958
0.0 0.0 0.0 0.0 0.0 0.0 0.0 0.0 0.0 0.0 0.0 0.0 0.0 0.0 0.0 0.0 0.0 0.0 0.0 0.0 0.0 0.0 0.0 0.0 0.0 0.0 0.0 0.0 0.0 0.0 0.0 0.0 0.0 0.0 0.0 0.0 0.0 0.0 0.0 0.0 0.0 0.0 0.0 0.0 0.0 0.0 0.0 0.0 0.0 0.0 0.0 0.0 0.0 0.0 0.0 0.0 0.0 0.0 0.0 0.0 0.0 0.0 0.0 0.0 0.0 0.0 0.0 0.0 0.0 0.0 0.0 0.0 0.0 0.0 0.0 0.0 0.0 0.0 0.0 0.0 0.0 0.0 0.0 0.0 0.0 0.0 0.0 0.0 0.0 0.01190856781 0.595731161331 0.0101909989 0.01085131822 0.01054971463 0.01155299201 0.01052118615 0.01027036005 0.009821608237 0.01129515137 0.008884739304 0.0111087124 0.01148431441 0.01054417082 0.009860185433
0.0 0.0 0.0 0.0 0.0 0.0 0.0 0.0 0.0 0.0 0.0 0.0 0.0 0.0 0.0 0.0 0.0 0.0 0.0 0.0 0.0 0.0 0.0 0.0 0.0 0.0 0.0 0.0 0.0 0.0 0.0 0.0 0.0 0.0 0.0 0.0 0.0 0.0 0.0 0.0 0.0 0.0 0.0 0.0 0.0 0.0 0.0 0.0 0.0 0.0 0.0 0.0 0.0 0.0 0.0 0.0 0.0 0.0 0.0 0.0 0.0 0.0 0.0 0.0 0.0 0.0 0.0 0.0 0.0 0.0 0.0 0.0 0.0 0.0 0.0 0.0 0.0 0.0 0.0 0.0 0.0 0.0 0.0 0.0 0.0 0.0 0.0 0.0 0.0 0.01030946285 0.0101909989 0.261985351697 0.01020975573 0.0101744296 0.01029286152 0.01012730121 0.01012030398 0.00990724283 0.01027441921 0.009352365793 0.01025660003 0.01030487262 0.01013312682 0.00984517278
0.0 0.0 0.0 0.0 0.0 0.0 0.0 0.0 0.0 0.0 0.0 0.0 0.0 0.0 0.0 0.0 0.0 0.0 0.0 0.0 0.0 0.0 0.0 0.0 0.0 0.0 0.0 0.0 0.0 0.0 0.0 0.0 0.0 0.0 0.0 0.0 0.0 0.0 0.0 0.0 0.0 0.0 0.0 0.0 0.0 0.0 0.0 0.0 0.0 0.0 0.0 0.0 0.0 0.0 0.0 0.0 0.0 0.0 0.0 0.0 0.0 0.0 0.0 0.0 0.0 0.0 0.0 0.0 0.0 0.0 0.0 0.0 0.0 0.0 0.0 0.0 0.0 0.0 0.0 0.0 0.0 0.0 0.0 0.0 0.0 0.0 0.0 0.0 0.0 0.01152771494 0.01085131822 0.01020975573 0.373734938164 0.01050835905 0.01128028742 0.01046393795 0.01028720034 0.009866858932 0.01108519346 0.008966034388 0.01094746495 0.01123075289 0.01048411957 0.0098646319
0.0 0.0 0.0 0.0 0.0 0.0 0.0 0.0 0.0 0.0 0.0 0.0 0.0 0.0 0.0 0.0 0.0 0.0 0.0 0.0 0.0 0.0 0.0 0.0 0.0 0.0 0.0 0.0 0.0 0.0 0.0 0.0 0.0 0.0 0.0 0.0 0.0 0.0 0.0 0.0 0.0 0.0 0.0 0.0 0.0 0.0 0.0 0.0 0.0 0.0 0.0 0.0 0.0 0.0 0.0 0.0 0.0 0.0 0.0 0.0 0.0 0.0 0.0 0.0 0.0 0.0 0.0 0.0 0.0 0.0 0.0 0.0 0.0 0.0 0.0 0.0 0.0 0.0 0.0 0.0 0.0 0.0 0.0 0.0 0.0 0.0 0.0 0.0 0.0 0.0109499579 0.01054971463 0.0101744296 0.01050835905 0.237228140896 0.01082283817 0.01032293674 0.01023595498 0.009904838329 0.01072275502 0.009133105215 0.0106431668 0.010808121 0.01033775345 0.009861831843
0.0 0.0 0.0 0.0 0.0 0.0 0.0 0.0 0.0 0.0 0.0 0.0 0.0 0.0 0.0 0.0 0.0 0.0 0.0 0.0 0.0 0.0 0.0 0.0 0.0 0.0 0.0 0.0 0.0 0.0 0.0 0.0 0.0 0.0 0.0 0.0 0.0 0.0 0.0 0.0 0.0 0.0 0.0 0.0 0.0 0.0 0.0 0.0 0.0 0.0 0.0 0.0 0.0 0.0 0.0 0.0 0.0 0.0 0.0 0.0 0.0 0.0 0.0 0.0 0.0 0.0 0.0 0.0 0.0 0.0 0.0 0.0 0.0 0.0 0.0 0.0 0.0 0.0 0.0 0.0 0.0 0.0 0.0 0.0 0.0 0.0 0.0 0.0 0.0 0.01305054544 0.01155299201 0.01029286152 0.01128028742 0.01082283817 0.466999754795 0.01079059951 0.01042122978 0.00978662054 0.01200856261 0.008563352488 0.01173011903 0.01234531723 0.01082863769 0.009844250202
0.0 0.0 0.0 0.0 0.0 0.0 0.0 0.0 0.0 0.0 0.0 0.0 0.0 0.0 0.0 0.0 0.0 0.0 0.0 0.0 0.0 0.0 0.0 0.0 0.0 0.0 0.0 0.0 0.0 0.0 0.0 0.0 0.0 0.0 0.0 0.0 0.0 0.0 0.0 0.0 0.0 0.0 0.0 0.0 0.0 0.0 0.0 0.0 0.0 0.0 0.0 0.0 0.0 0.0 0.0 0.0 0.0 0.0 0.0 0.0 0.0 0.0 0.0 0.0 0.0 0.0 0.0 0.0 0.0 0.0 0.0 0.0 0.0 0.0 0.0 0.0 0.0 0.0 0.0 0.0 0.0 0.0 0.0 0.0 0.0 0.0 0.0 0.0 0.0 0.0109057305 0.01052118615 0.01012730121 0.01046393795 0.01032293674 0.01079059951 0.186439213204 0.01018757127 0.00986214588 0.01067407883 0.009164264047 0.01059625842 0.01076676049 0.01030450487 0.009843403577
0.0 0.0 0.0 0.0 0.0 0.0 0.0 0.0 0.0 0.0 0.0 0.0 0.0 0.0 0.0 0.0 0.0 0.0 0.0 0.0 0.0 0.0 0.0 0.0 0.0 0.0 0.0 0.0 0.0 0.0 0.0 0.0 0.0 0.0 0.0 0.0 0.0 0.0 0.0 0.0 0.0 0.0 0.0 0.0 0.0 0.0 0.0 0.0 0.0 0.0 0.0 0.0 0.0 0.0 0.0 0.0 0.0 0.0 0.0 0.0 0.0 0.0 0.0 0.0 0.0 0.0 0.0 0.0 0.0 0.0 0.0 0.0 0.0 0.0 0.0 0.0 0.0 0.0 0.0 0.0 0.0 0.0 0.0 0.0 0.0 0.0 0.0 0.0 0.0 0.01044882593 0.01027036005 0.01012030398 0.01028720034 0.01023595498 0.01042122978 0.01018757127 0.167966227814 0.009911138982 0.01038064776 0.009291273881 0.01036180024 0.01043269711 0.01019892911 0.009834312641
0.0 0.0 0.0 0.0 0.0 0.0 0.0 0.0 0.0 0.0 0.0 0.0 0.0 0.0 0.0 0.0 0.0 0.0 0.0 0.0 0.0 0.0 0.0 0.0 0.0 0.0 0.0 0.0 0.0 0.0 0.0 0.0 0.0 0.0 0.0 0.0 0.0 0.0 0.0 0.0 0.0 0.0 0.0 0.0 0.0 0.0 0.0 0.0 0.0 0.0 0.0 0.0 0.0 0.0 0.0 0.0 0.0 0.0 0.0 0.0 0.0 0.0 0.0 0.0 0.0 0.0 0.0 0.0 0.0 0.0 0.0 0.0 0.0 0.0 0.0 0.0 0.0 0.0 0.0 0.0 0.0 0.0 0.0 0.0 0.0 0.0 0.0 0.0 0.0 0.009753363451 0.009821608237 0.00990724283 0.009866858932 0.009904838329 0.00978662054 0.00986214588 0.009911138982 0.140153618795 0.009831935136 0.009611155232 0.00985049362 0.009815687448 0.009867056525 0.009808741302
0.0 0.0 0.0 0.0 0.0 0.0 0.0 0.0 0.0 0.0 0.0 0.0 0.0 0.0 0.0 0.0 0.0 0.0 0.0 0.0 0.0 0.0 0.0 0.0 0.0 0.0 0.0 0.0 0.0 0.0 0.0 0.0 0.0 0.0 0.0 0.0 0.0 0.0 0.0 0.0 0.0 0.0 0.0 0.0 0.0 0.0 0.0 0.0 0.0 0.0 0.0 0.0 0.0 0.0 0.0 0.0 0.0 0.0 0.0 0.0 0.0 0.0 0.0 0.0 0.0 0.0 0.0 0.0 0.0 0.0 0.0 0.0 0.0 0.0 0.0 0.0 0.0 0.0 0.0 0.0 0.0 0.0 0.0 0.0 0.0 0.0 0.0 0.0 0.0 0.01243248044 0.01129515137 0.01027441921 0.01108519346 0.01072275502 0.01200856261 0.01067407883 0.01038064776 0.009831935136 0.372917502196 0.008708732138 0.01143650815 0.01191016006 0.0107059832 0.009864183244
0.0 0.0 0.0 0.0 0.0 0.0 0.0 0.0 0.0 0.0 0.0 0.0 0.0 0.0 0.0 0.0 0.0 0.0 0.0 0.0 0.0 0.0 0.0 0.0 0.0 0.0 0.0 0.0 0.0 0.0 0.0 0.0 0.0 0.0 0.0 0.0 0.0 0.0 0.0 0.0 0.0 0.0 0.0 0.0 0.0 0.0 0.0 0.0 0.0 0.0 0.0 0.0 0.0 0.0 0.0 0.0 0.0 0.0 0.0 0.0 0.0 0.0 0.0 0.0 0.0 0.0 0.0 0.0 0.0 0.0 0.0 0.0 0.0 0.0 0.0 0.0 0.0 0.0 0.0 0.0 0.0 0.0 0.0 0.0 0.0 0.0 0.0 0.0 0.0 0.008366143295 0.008884739304 0.009352365793 0.008966034388 0.009133105215 0.008563352488 0.009164264047 0.009291273881 0.009611155232 0.008708732138 0.0781392735411 0.008808851742 0.008594150582 0.009147464293 0.009637550384
0.0 0.0 0.0 0.0 0.0 0.0 0.0 0.0 0.0 0.0 0.0 0.0 0.0 0.0 0.0 0.0 0.0 0.0 0.0 0.0 0.0 0.0 0.0 0.0 0.0 0.0 0.0 0.0 0.0 0.0 0.0 0.0 0.0 0.0 0.0 0.0 0.0 0.0 0.0 0.0 0.0 0.0 0.0 0.0 0.0 0.0 0.0 0.0 0.0 0.0 0.0 0.0 0.0 0.0 0.0 0.0 0.0 0.0 0.0 0.0 0.0 0.0 0.0 0.0 0.0 0.0 0.0 0.0 0.0 0.0 0.0 0.0 0.0 0.0 0.0 0.0 0.0 0.0 0.0 0.0 0.0 0.0 0.0 0.0 0.0 0.0 0.0 0.0 0.0 0.01207897717 0.0111087124 0.01025660003 0.01094746495 0.0106431668 0.01173011903 0.01059625842 0.01036180024 0.00985049362 0.01143650815 0.008808851742 1.13771188517 0.01165318739 0.01062602341 0.009849298689
0.0 0.0 0.0 0.0 0.0 0.0 0.0 0.0 0.0 0.0 0.0 0.0 0.0 0.0 0.0 0.0 0.0 0.0 0.0 0.0 0.0 0.0 0.0 0.0 0.0 0.0 0.0 0.0 0.0 0.0 0.0 0.0 0.0 0.0 0.0 0.0 0.0 0.0 0.0 0.0 0.0 0.0 0.0 0.0 0.0 0.0 0.0 0.0 0.0 0.0 0.0 0.0 0.0 0.0 0.0 0.0 0.0 0.0 0.0 0.0 0.0 0.0 0.0 0.0 0.0 0.0 0.0 0.0 0.0 0.0 0.0 0.0 0.0 0.0 0.0 0.0 0.0 0.0 0.0 0.0 0.0 0.0 0.0 0.0 0.0 0.0 0.0 0.0 0.0 0.01287934504 0.01148431441 0.01030487262 0.01123075289 0.010808121 0.01234531723 0.01076676049 0.01043269711 0.009815687448 0.01191016006 0.008594150582 0.01165318739 1.35479997216 0.01080731549 0.009851545535
0.0 0.0 0.0 0.0 0.0 0.0 0.0 0.0 0.0 0.0 0.0 0.0 0.0 0.0 0.0 0.0 0.0 0.0 0.0 0.0 0.0 0.0 0.0 0.0 0.0 0.0 0.0 0.0 0.0 0.0 0.0 0.0 0.0 0.0 0.0 0.0 0.0 0.0 0.0 0.0 0.0 0.0 0.0 0.0 0.0 0.0 0.0 0.0 0.0 0.0 0.0 0.0 0.0 0.0 0.0 0.0 0.0 0.0 0.0 0.0 0.0 0.0 0.0 0.0 0.0 0.0 0.0 0.0 0.0 0.0 0.0 0.0 0.0 0.0 0.0 0.0 0.0 0.0 0.0 0.0 0.0 0.0 0.0 0.0 0.0 0.0 0.0 0.0 0.0 0.01097159616 0.01054417082 0.01013312682 0.01048411957 0.01033775345 0.01082863769 0.01030450487 0.01019892911 0.009867056525 0.0107059832 0.009147464293 0.01062602341 0.01080731549 0.228795741467 0.009838867238
0.0 0.0 0.0 0.0 0.0 0.0 0.0 0.0 0.0 0.0 0.0 0.0 0.0 0.0 0.0 0.0 0.0 0.0 0.0 0.0 0.0 0.0 0.0 0.0 0.0 0.0 0.0 0.0 0.0 0.0 0.0 0.0 0.0 0.0 0.0 0.0 0.0 0.0 0.0 0.0 0.0 0.0 0.0 0.0 0.0 0.0 0.0 0.0 0.0 0.0 0.0 0.0 0.0 0.0 0.0 0.0 0.0 0.0 0.0 0.0 0.0 0.0 0.0 0.0 0.0 0.0 0.0 0.0 0.0 0.0 0.0 0.0 0.0 0.0 0.0 0.0 0.0 0.0 0.0 0.0 0.0 0.0 0.0 0.0 0.0 0.0 0.0 0.0 0.0 0.009853806958 0.009860185433 0.00984517278 0.0098646319 0.009861831843 0.009844250202 0.009843403577 0.009834312641 0.009808741302 0.009864183244 0.009637550384 0.009849298689 0.009851545535 0.009838867238 0.219634080354
