97 97
0.241398566571 0.008274193945 0.008251188586 0.008231124937 0.007941049866 0.008273240769 0.008304848284 0.008061809027 0.008269666499 0.008319409332 0.00833432416 0.00812133449 0.008177090258 0.008149516552 0.007985407499 0.008325569654 0.008237280452 0.008138346353 0.0 0.0 0.0 0.0 0.0 0.0 0.0 0.0 0.0 0.0 0.0 0.0 0.0 0.0 0.0 0.0 0.0 0.0 0.0 0.0 0.0 0.0 0.0 0.0 0.0 0.0 0.0 0.0 0.0 0.0 0.0 0.0 0.0 0.0 0.0 0.0 0.0 0.0 0.0 0.0 0.0 0.0 0.0 0.0 0.0 0.0 0.0 0.0 0.0 0.0 0.0 0.0 0.0 0.0 0.0 0.0 0.0 0.0 0.0 0.0 0.0 0.0 0.0 0.0 0.0 0.0 0.0 0.0 0.0 0.0 0.0 0.0 0.0 0.0 0.0 0.0 0.0 0.0 0.0
0.008274193945 0.405410161499 0.008382541121 0.008366885092 0.007832301825 0.008454576708 0.008533470854 0.008073414313 0.008450978218 0.008526482705 0.008597714734 0.008136405813 0.008242625494 0.008196756304 0.007892099053 0.008567408103 0.008448738476 0.008126500356 0.0 0.0 0.0 0.0 0.0 0.0 0.0 0.0 0.0 0.0 0.0 0.0 0.0 0.0 0.0 0.0 0.0 0.0 0.0 0.0 0.0 0.0 0.0 0.0 0.0 0.0 0.0 0.0 0.0 0.0 0.0 0.0 0.0 0.0 0.0 0.0 0.0 0.0 0.0 0.0 0.0 0.0 0.0 0.0 0.0 0.0 0.0 0.0 0.0 0.0 0.0 0.0 0.0 0.0 0.0 0.0 0.0 0.0 0.0 0.0 0.0 0.0 0.0 0.0 0.0 0.0 0.0 0.0 0.0 0.0 0.0 0.0 0.0 0.0 0.0 0.0 0.0 0.0 0.0
0.008251188586 0.008382541121 0.393870617826 0.00832023399 0.007900373324 0.008389793021 0.008445104456 0.008095477918 0.008384943193 0.008442019185 0.008482725529 0.008146416505 0.008234955586 0.008189580417 0.007946342336 0.008465930866 0.00836510846 0.008131705637 0.0 0.0 0.0 0.0 0.0 0.0 0.0 0.0 0.0 0.0 0.0 0.0 0.0 0.0 0.0 0.0 0.0 0.0 0.0 0.0 0.0 0.0 0.0 0.0 0.0 0.0 0.0 0.0 0.0 0.0 0.0 0.0 0.0 0.0 0.0 0.0 0.0 0.0 0.0 0.0 0.0 0.0 0.0 0.0 0.0 0.0 0.0 0.0 0.0 0.0 0.0 0.0 0.0 0.0 0.0 0.0 0.0 0.0 0.0 0.0 0.0 0.0 0.0 0.0 0.0 0.0 0.0 0.0 0.0 0.0 0.0 0.0 0.0 0.0 0.0 0.0 0.0 0.0 0.0
0.008231124937 0.008366885092 0.00832023399 0.251947124473 0.008077532281 0.008420591638 0.008456383835 0.008227136233 0.008390056395 0.008407271551 0.008422988539 0.008210025724 0.008305051128 0.008232200988 0.008099186755 0.008362782228 0.008304457145 0.008107112397 0.0 0.0 0.0 0.0 0.0 0.0 0.0 0.0 0.0 0.0 0.0 0.0 0.0 0.0 0.0 0.0 0.0 0.0 0.0 0.0 0.0 0.0 0.0 0.0 0.0 0.0 0.0 0.0 0.0 0.0 0.0 0.0 0.0 0.0 0.0 0.0 0.0 0.0 0.0 0.0 0.0 0.0 0.0 0.0 0.0 0.0 0.0 0.0 0.0 0.0 0.0 0.0 0.0 0.0 0.0 0.0 0.0 0.0 0.0 0.0 0.0 0.0 0.0 0.0 0.0 0.0 0.0 0.0 0.0 0.0 0.0 0.0 0.0 0.0 0.0 0.0 0.0 0.0 0.0
0.007941049866 0.007832301825 0.007900373324 0.008077532281 0.387479815084 0.007987745864 0.007857714451 0.008729403992 0.007932350389 0.007705020132 0.007521912789 0.008326290275 0.008327904878 0.008190509499 0.008795052071 0.007440468812 0.007605054245 0.008009045386 0.0 0.0 0.0 0.0 0.0 0.0 0.0 0.0 0.0 0.0 0.0 0.0 0.0 0.0 0.0 0.0 0.0 0.0 0.0 0.0 0.0 0.0 0.0 0.0 0.0 0.0 0.0 0.0 0.0 0.0 0.0 0.0 0.0 0.0 0.0 0.0 0.0 0.0 0.0 0.0 0.0 0.0 0.0 0.0 0.0 0.0 0.0 0.0 0.0 0.0 0.0 0.0 0.0 0.0 0.0 0.0 0.0 0.0 0.0 0.0 0.0 0.0 0.0 0.0 0.0 0.0 0.0 0.0 0.0 0.0 0.0 0.0 0.0 0.0 0.0 0.0 0.0 0.0 0.0
0.008273240769 0.008454576708 0.008389793021 0.008420591638 0.007987745864 0.179003919084 0.00856883609 0.008209830332 0.008482990365 0.008515199268 0.008560427819 0.008199826447 0.008325068888 0.008243391725 0.008019431368 0.008497983794 0.008408367828 0.008118769748 0.0 0.0 0.0 0.0 0.0 0.0 0.0 0.0 0.0 0.0 0.0 0.0 0.0 0.0 0.0 0.0 0.0 0.0 0.0 0.0 0.0 0.0 0.0 0.0 0.0 0.0 0.0 0.0 0.0 0.0 0.0 0.0 0.0 0.0 0.0 0.0 0.0 0.0 0.0 0.0 0.0 0.0 0.0 0.0 0.0 0.0 0.0 0.0 0.0 0.0 0.0 0.0 0.0 0.0 0.0 0.0 0.0 0.0 0.0 0.0 0.0 0.0 0.0 0.0 0.0 0.0 0.0 0.0 0.0 0.0 0.0 0.0 0.0 0.0 0.0 0.0 0.0 0.0 0.0
0.008304848284 0.008533470854 0.008445104456 0.008456383835 0.007857714451 0.00856883609 0.448020835533 0.008156560221 0.008579183657 0.008631837734 0.008747776958 0.008157293201 0.008304167402 0.008229743034 0.00789078798 0.008684499505 0.008549244783 0.008118517761 0.0 0.0 0.0 0.0 0.0 0.0 0.0 0.0 0.0 0.0 0.0 0.0 0.0 0.0 0.0 0.0 0.0 0.0 0.0 0.0 0.0 0.0 0.0 0.0 0.0 0.0 0.0 0.0 0.0 0.0 0.0 0.0 0.0 0.0 0.0 0.0 0.0 0.0 0.0 0.0 0.0 0.0 0.0 0.0 0.0 0.0 0.0 0.0 0.0 0.0 0.0 0.0 0.0 0.0 0.0 0.0 0.0 0.0 0.0 0.0 0.0 0.0 0.0 0.0 0.0 0.0 0.0 0.0 0.0 0.0 0.0 0.0 0.0 0.0 0.0 0.0 0.0 0.0 0.0
0.008061809027 0.008073414313 0.008095477918 0.008227136233 0.008729403992 0.008209830332 0.008156560221 0.319656712039 0.008182977656 0.00800416972 0.007903906208 0.008315192183 0.008388401989 0.008238176817 0.008558600215 0.007810769844 0.007901626088 0.008046937945 0.0 0.0 0.0 0.0 0.0 0.0 0.0 0.0 0.0 0.0 0.0 0.0 0.0 0.0 0.0 0.0 0.0 0.0 0.0 0.0 0.0 0.0 0.0 0.0 0.0 0.0 0.0 0.0 0.0 0.0 0.0 0.0 0.0 0.0 0.0 0.0 0.0 0.0 0.0 0.0 0.0 0.0 0.0 0.0 0.0 0.0 0.0 0.0 0.0 0.0 0.0 0.0 0.0 0.0 0.0 0.0 0.0 0.0 0.0 0.0 0.0 0.0 0.0 0.0 0.0 0.0 0.0 0.0 0.0 0.0 0.0 0.0 0.0 0.0 0.0 0.0 0.0 0.0 0.0
0.008269666499 0.008450978218 0.008384943193 0.008390056395 0.007932350389 0.008482990365 0.008579183657 0.008182977656 0.42460863073 0.008523654781 0.008610142348 0.008162965224 0.008287012686 0.008218304647 0.007946266751 0.008556130259 0.008459131062 0.008118544133 0.0 0.0 0.0 0.0 0.0 0.0 0.0 0.0 0.0 0.0 0.0 0.0 0.0 0.0 0.0 0.0 0.0 0.0 0.0 0.0 0.0 0.0 0.0 0.0 0.0 0.0 0.0 0.0 0.0 0.0 0.0 0.0 0.0 0.0 0.0 0.0 0.0 0.0 0.0 0.0 0.0 0.0 0.0 0.0 0.0 0.0 0.0 0.0 0.0 0.0 0.0 0.0 0.0 0.0 0.0 0.0 0.0 0.0 0.0 0.0 0.0 0.0 0.0 0.0 0.0 0.0 0.0 0.0 0.0 0.0 0.0 0.0 0.0 0.0 0.0 0.0 0.0 0.0 0.0
0.008319409332 0.008526482705 0.008442019185 0.008407271551 0.007705020132 0.008515199268 0.008631837734 0.00800416972 0.008523654781 0.364845409774 0.008760939794 0.008106733571 0.008230873723 0.008188701864 0.007782845164 0.00873109104 0.008554557665 0.008135329853 0.0 0.0 0.0 0.0 0.0 0.0 0.0 0.0 0.0 0.0 0.0 0.0 0.0 0.0 0.0 0.0 0.0 0.0 0.0 0.0 0.0 0.0 0.0 0.0 0.0 0.0 0.0 0.0 0.0 0.0 0.0 0.0 0.0 0.0 0.0 0.0 0.0 0.0 0.0 0.0 0.0 0.0 0.0 0.0 0.0 0.0 0.0 0.0 0.0 0.0 0.0 0.0 0.0 0.0 0.0 0.0 0.0 0.0 0.0 0.0 0.0 0.0 0.0 0.0 0.0 0.0 0.0 0.0 0.0 0.0 0.0 0.0 0.0 0.0 0.0 0.0 0.0 0.0 0.0
0.00833432416 0.008597714734 0.008482725529 0.008422988539 0.007521912789 0.008560427819 0.008747776958 0.007903906208 0.008610142348 0.008760939794 0.610115927365 0.008036418979 0.008171212574 0.00815779754 0.007608348675 0.008939872493 0.008730061868 0.008119761212 0.0 0.0 0.0 0.0 0.0 0.0 0.0 0.0 0.0 0.0 0.0 0.0 0.0 0.0 0.0 0.0 0.0 0.0 0.0 0.0 0.0 0.0 0.0 0.0 0.0 0.0 0.0 0.0 0.0 0.0 0.0 0.0 0.0 0.0 0.0 0.0 0.0 0.0 0.0 0.0 0.0 0.0 0.0 0.0 0.0 0.0 0.0 0.0 0.0 0.0 0.0 0.0 0.0 0.0 0.0 0.0 0.0 0.0 0.0 0.0 0.0 0.0 0.0 0.0 0.0 0.0 0.0 0.0 0.0 0.0 0.0 0.0 0.0 0.0 0.0 0.0 0.0 0.0 0.0
0.00812133449 0.008136405813 0.008146416505 0.008210025724 0.008326290275 0.008199826447 0.008157293201 0.008315192183 0.008162965224 0.008106733571 0.008036418979 0.325503519431 0.008266938083 0.008200346701 0.008298705136 0.007996675312 0.008027852414 0.008093852424 0.0 0.0 0.0 0.0 0.0 0.0 0.0 0.0 0.0 0.0 0.0 0.0 0.0 0.0 0.0 0.0 0.0 0.0 0.0 0.0 0.0 0.0 0.0 0.0 0.0 0.0 0.0 0.0 0.0 0.0 0.0 0.0 0.0 0.0 0.0 0.0 0.0 0.0 0.0 0.0 0.0 0.0 0.0 0.0 0.0 0.0 0.0 0.0 0.0 0.0 0.0 0.0 0.0 0.0 0.0 0.0 0.0 0.0 0.0 0.0 0.0 0.0 0.0 0.0 0.0 0.0 0.0 0.0 0.0 0.0 0.0 0.0 0.0 0.0 0.0 0.0 0.0 0.0 0.0
0.008177090258 0.008242625494 0.008234955586 0.008305051128 0.008327904878 0.008325068888 0.008304167402 0.008388401989 0.008287012686 0.008230873723 0.008171212574 0.008266938083 0.313364531894 0.008242169296 0.008291483151 0.00810930925 0.008107000146 0.008106376502 0.0 0.0 0.0 0.0 0.0 0.0 0.0 0.0 0.0 0.0 0.0 0.0 0.0 0.0 0.0 0.0 0.0 0.0 0.0 0.0 0.0 0.0 0.0 0.0 0.0 0.0 0.0 0.0 0.0 0.0 0.0 0.0 0.0 0.0 0.0 0.0 0.0 0.0 0.0 0.0 0.0 0.0 0.0 0.0 0.0 0.0 0.0 0.0 0.0 0.0 0.0 0.0 0.0 0.0 0.0 0.0 0.0 0.0 0.0 0.0 0.0 0.0 0.0 0.0 0.0 0.0 0.0 0.0 0.0 0.0 0.0 0.0 0.0 0.0 0.0 0.0 0.0 0.0 0.0
0.008149516552 0.008196756304 0.008189580417 0.008232200988 0.008190509499 0.008243391725 0.008229743034 0.008238176817 0.008218304647 0.008188701864 0.00815779754 0.008200346701 0.008242169296 0.330276037021 0.008184717217 0.008121346026 0.008137520437 0.008098234203 0.0 0.0 0.0 0.0 0.0 0.0 0.0 0.0 0.0 0.0 0.0 0.0 0.0 0.0 0.0 0.0 0.0 0.0 0.0 0.0 0.0 0.0 0.0 0.0 0.0 0.0 0.0 0.0 0.0 0.0 0.0 0.0 0.0 0.0 0.0 0.0 0.0 0.0 0.0 0.0 0.0 0.0 0.0 0.0 0.0 0.0 0.0 0.0 0.0 0.0 0.0 0.0 0.0 0.0 0.0 0.0 0.0 0.0 0.0 0.0 0.0 0.0 0.0 0.0 0.0 0.0 0.0 0.0 0.0 0.0 0.0 0.0 0.0 0.0 0.0 0.0 0.0 0.0 0.0
0.007985407499 0.007892099053 0.007946342336 0.008099186755 0.008795052071 0.008019431368 0.00789078798 0.008558600215 0.007946266751 0.007782845164 0.007608348675 0.008298705136 0.008291483151 0.008184717217 0.250985660576 0.007542393458 0.007672887294 0.008035634486 0.0 0.0 0.0 0.0 0.0 0.0 0.0 0.0 0.0 0.0 0.0 0.0 0.0 0.0 0.0 0.0 0.0 0.0 0.0 0.0 0.0 0.0 0.0 0.0 0.0 0.0 0.0 0.0 0.0 0.0 0.0 0.0 0.0 0.0 0.0 0.0 0.0 0.0 0.0 0.0 0.0 0.0 0.0 0.0 0.0 0.0 0.0 0.0 0.0 0.0 0.0 0.0 0.0 0.0 0.0 0.0 0.0 0.0 0.0 0.0 0.0 0.0 0.0 0.0 0.0 0.0 0.0 0.0 0.0 0.0 0.0 0.0 0.0 0.0 0.0 0.0 0.0 0.0 0.0
0.008325569654 0.008567408103 0.008465930866 0.008362782228 0.007440468812 0.008497983794 0.008684499505 0.007810769844 0.008556130259 0.00873109104 0.008939872493 0.007996675312 0.00810930925 0.008121346026 0.007542393458 0.617250431219 0.008726702456 0.008128382631 0.0 0.0 0.0 0.0 0.0 0.0 0.0 0.0 0.0 0.0 0.0 0.0 0.0 0.0 0.0 0.0 0.0 0.0 0.0 0.0 0.0 0.0 0.0 0.0 0.0 0.0 0.0 0.0 0.0 0.0 0.0 0.0 0.0 0.0 0.0 0.0 0.0 0.0 0.0 0.0 0.0 0.0 0.0 0.0 0.0 0.0 0.0 0.0 0.0 0.0 0.0 0.0 0.0 0.0 0.0 0.0 0.0 0.0 0.0 0.0 0.0 0.0 0.0 0.0 0.0 0.0 0.0 0.0 0.0 0.0 0.0 0.0 0.0 0.0 0.0 0.0 0.0 0.0 0.0
0.008237280452 0.008448738476 0.00836510846 0.008304457145 0.007605054245 0.008408367828 0.008549244783 0.007901626088 0.008459131062 0.008554557665 0.008730061868 0.008027852414 0.008107000146 0.008137520437 0.007672887294 0.008726702456 0.92963491335 0.008083046171 0.0 0.0 0.0 0.0 0.0 0.0 0.0 0.0 0.0 0.0 0.0 0.0 0.0 0.0 0.0 0.0 0.0 0.0 0.0 0.0 0.0 0.0 0.0 0.0 0.0 0.0 0.0 0.0 0.0 0.0 0.0 0.0 0.0 0.0 0.0 0.0 0.0 0.0 0.0 0.0 0.0 0.0 0.0 0.0 0.0 0.0 0.0 0.0 0.0 0.0 0.0 0.0 0.0 0.0 0.0 0.0 0.0 0.0 0.0 0.0 0.0 0.0 0.0 0.0 0.0 0.0 0.0 0.0 0.0 0.0 0.0 0.0 0.0 0.0 0.0 0.0 0.0 0.0 0.0
0.008138346353 0.008126500356 0.008131705637 0.008107112397 0.008009045386 0.008118769748 0.008118517761 0.008046937945 0.008118544133 0.008135329853 0.008119761212 0.008093852424 0.008106376502 0.008098234203 0.008035634486 0.008128382631 0.008083046171 0.323719014835 0.0 0.0 0.0 0.0 0.0 0.0 0.0 0.0 0.0 0.0 0.0 0.0 0.0 0.0 0.0 0.0 0.0 0.0 0.0 0.0 0.0 0.0 0.0 0.0 0.0 0.0 0.0 0.0 0.0 0.0 0.0 0.0 0.0 0.0 0.0 0.0 0.0 0.0 0.0 0.0 0.0 0.0 0.0 0.0 0.0 0.0 0.0 0.0 0.0 0.0 0.0 0.0 0.0 0.0 0.0 0.0 0.0 0.0 0.0 0.0 0.0 0.0 0.0 0.0 0.0 0.0 0.0 0.0 0.0 0.0 0.0 0.0 0.0 0.0 0.0 0.0 0.0 0.0 0.0
0.0 0.0 0.0 0.0 0.0 0.0 0.0 0.0 0.0 0.0 0.0 0.0 0.0 0.0 0.0 0.0 0.0 0.0 0.271809182314 0.005395477531 0.005420570987 0.005388129454 0.005399200697 0.005406250324 0.005418134982 0.005415025928 0.005345877066 0.005401406067 0.00541372021 0.005388578815 0.005419280016 0.005383430739 0.005417197253 0.005377944952 0.005411319567 0.005348133455 0.005429008356 0.005409195479 0.005420357816 0.005396991463 0.005367402431 0.005417448007 0.005405040191 0.005422249662 0.005348459084 0.005388154974 0.005379219205 0.005379161237 0.005383974001 0.005406501335 0.0 0.0 0.0 0.0 0.0 0.0 0.0 0.0 0.0 0.0 0.0 0.0 0.0 0.0 0.0 0.0 0.0 0.0 0.0 0.0 0.0 0.0 0.0 0.0 0.0 0.0 0.0 0.0 0.0 0.0 0.0 0.0 0.0 0.0 0.0 0.0 0.0 0.0 0.0 0.0 0.0 0.0 0.0 0.0 0.0 0.0 0.0
0.0 0.0 0.0 0.0 0.0 0.0 0.0 0.0 0.0 0.0 0.0 0.0 0.0 0.0 0.0 0.0 0.0 0.0 0.005395477531 0.281822204076 0.005403124232 0.005423635243 0.005405714666 0.005320670367 0.005425392389 0.005352678368 0.005234423019 0.005313606215 0.005450863043 0.005290252866 0.005421769517 0.005306936198 0.005373141601 0.005423400669 0.005364665082 0.005231359853 0.005405802736 0.005328396971 0.005386233293 0.00534219874 0.00532468335 0.005362990685 0.005337422623 0.00538899938 0.005231206261 0.005357676057 0.005399860593 0.005376306623 0.005349943475 0.005352757859 0.0 0.0 0.0 0.0 0.0 0.0 0.0 0.0 0.0 0.0 0.0 0.0 0.0 0.0 0.0 0.0 0.0 0.0 0.0 0.0 0.0 0.0 0.0 0.0 0.0 0.0 0.0 0.0 0.0 0.0 0.0 0.0 0.0 0.0 0.0 0.0 0.0 0.0 0.0 0.0 0.0 0.0 0.0 0.0 0.0 0.0 0.0
0.0 0.0 0.0 0.0 0.0 0.0 0.0 0.0 0.0 0.0 0.0 0.0 0.0 0.0 0.0 0.0 0.0 0.0 0.005420570987 0.005403124232 0.196283873888 0.005413167445 0.005418053319 0.005361880787 0.005439528601 0.005395098593 0.005271388657 0.005354099825 0.005442425002 0.005330011864 0.005446504229 0.005328723012 0.005396290995 0.00542126912 0.005403603514 0.005267993855 0.005432249827 0.005369942906 0.005419122502 0.005360792573 0.005357236377 0.005389824558 0.005380811618 0.005422447793 0.005274318917 0.005367347941 0.005401483663 0.005357464179 0.00536604199 0.005382094951 0.0 0.0 0.0 0.0 0.0 0.0 0.0 0.0 0.0 0.0 0.0 0.0 0.0 0.0 0.0 0.0 0.0 0.0 0.0 0.0 0.0 0.0 0.0 0.0 0.0 0.0 0.0 0.0 0.0 0.0 0.0 0.0 0.0 0.0 0.0 0.0 0.0 0.0 0.0 0.0 0.0 0.0 0.0 0.0 0.0 0.0 0.0
0.0 0.0 0.0 0.0 0.0 0.0 0.0 0.0 0.0 0.0 0.0 0.0 0.0 0.0 0.0 0.0 0.0 0.0 0.005388129454 0.005423635243 0.005413167445 0.309339257924 0.005442904013 0.005234924809 0.005456415228 0.005308155589 0.00509520349 0.005226235202 0.005493649142 0.005184217602 0.005463199431 0.005198634668 0.005335129805 0.005499010708 0.005351123799 0.005081718579 0.005408970055 0.00525606595 0.005382545923 0.005278134973 0.005298505762 0.005309278629 0.005290083529 0.005381072616 0.005091653908 0.005331838861 0.005451060168 0.005345071534 0.005324404906 0.005317654886 0.0 0.0 0.0 0.0 0.0 0.0 0.0 0.0 0.0 0.0 0.0 0.0 0.0 0.0 0.0 0.0 0.0 0.0 0.0 0.0 0.0 0.0 0.0 0.0 0.0 0.0 0.0 0.0 0.0 0.0 0.0 0.0 0.0 0.0 0.0 0.0 0.0 0.0 0.0 0.0 0.0 0.0 0.0 0.0 0.0 0.0 0.0
0.0 0.0 0.0 0.0 0.0 0.0 0.0 0.0 0.0 0.0 0.0 0.0 0.0 0.0 0.0 0.0 0.0 0.0 0.005399200697 0.005405714666 0.005418053319 0.005442904013 0.321042189045 0.005270305647 0.005447854852 0.005335571295 0.005147655659 0.005263177069 0.005469036395 0.005227728791 0.005462715879 0.005232131536 0.005350545461 0.005471364723 0.005372602244 0.005134430237 0.005414465847 0.005290800922 0.005396686202 0.005301497925 0.005316850366 0.005331475342 0.005321257562 0.005394584208 0.005146533109 0.005344463663 0.00544194337 0.005341674332 0.005343119123 0.005341059728 0.0 0.0 0.0 0.0 0.0 0.0 0.0 0.0 0.0 0.0 0.0 0.0 0.0 0.0 0.0 0.0 0.0 0.0 0.0 0.0 0.0 0.0 0.0 0.0 0.0 0.0 0.0 0.0 0.0 0.0 0.0 0.0 0.0 0.0 0.0 0.0 0.0 0.0 0.0 0.0 0.0 0.0 0.0 0.0 0.0 0.0 0.0
0.0 0.0 0.0 0.0 0.0 0.0 0.0 0.0 0.0 0.0 0.0 0.0 0.0 0.0 0.0 0.0 0.0 0.0 0.005406250324 0.005320670367 0.005361880787 0.005234924809 0.005270305647 0.342519277744 0.00533638944 0.005638714962 0.005978718708 0.005774232531 0.00524872558 0.00582575962 0.005302837646 0.005817536212 0.005540081166 0.005133152763 0.005485731364 0.006017456906 0.005430938345 0.005715082744 0.005440115442 0.005590390429 0.005567840036 0.005613596751 0.00564187955 0.005498093281 0.006002851157 0.005385239125 0.005121739931 0.005352233526 0.00539996173 0.005478289915 0.0 0.0 0.0 0.0 0.0 0.0 0.0 0.0 0.0 0.0 0.0 0.0 0.0 0.0 0.0 0.0 0.0 0.0 0.0 0.0 0.0 0.0 0.0 0.0 0.0 0.0 0.0 0.0 0.0 0.0 0.0 0.0 0.0 0.0 0.0 0.0 0.0 0.0 0.0 0.0 0.0 0.0 0.0 0.0 0.0 0.0 0.0
0.0 0.0 0.0 0.0 0.0 0.0 0.0 0.0 0.0 0.0 0.0 0.0 0.0 0.0 0.0 0.0 0.0 0.0 0.005418134982 0.005425392389 0.005439528601 0.005456415228 0.005447854852 0.00533638944 0.40309475564 0.005413804286 0.005232157998 0.005332440835 0.005510154385 0.005288887182 0.005507815498 0.005323296794 0.005388939062 0.005468824502 0.005406866204 0.00521947567 0.005467186378 0.005352863235 0.00543140389 0.005328076611 0.005362691411 0.005396475059 0.005391358456 0.005455883101 0.005234054038 0.005317745138 0.005383667991 0.00532597996 0.00532739243 0.005332840955 0.0 0.0 0.0 0.0 0.0 0.0 0.0 0.0 0.0 0.0 0.0 0.0 0.0 0.0 0.0 0.0 0.0 0.0 0.0 0.0 0.0 0.0 0.0 0.0 0.0 0.0 0.0 0.0 0.0 0.0 0.0 0.0 0.0 0.0 0.0 0.0 0.0 0.0 0.0 0.0 0.0 0.0 0.0 0.0 0.0 0.0 0.0
0.0 0.0 0.0 0.0 0.0 0.0 0.0 0.0 0.0 0.0 0.0 0.0 0.0 0.0 0.0 0.0 0.0 0.0 0.005415025928 0.005352678368 0.005395098593 0.005308155589 0.005335571295 0.005638714962 0.005413804286 0.30301273621 0.005747664567 0.005650317714 0.005341700292 0.005661803141 0.0053927302 0.005673931712 0.005500747005 0.005242215945 0.005479347015 0.005764418485 0.005463739877 0.005617208602 0.00545652015 0.00550145982 0.00552114141 0.005564089416 0.005592850988 0.005514032525 0.005766740444 0.005346972089 0.00519314324 0.005318298851 0.005369425134 0.005425921437 0.0 0.0 0.0 0.0 0.0 0.0 0.0 0.0 0.0 0.0 0.0 0.0 0.0 0.0 0.0 0.0 0.0 0.0 0.0 0.0 0.0 0.0 0.0 0.0 0.0 0.0 0.0 0.0 0.0 0.0 0.0 0.0 0.0 0.0 0.0 0.0 0.0 0.0 0.0 0.0 0.0 0.0 0.0 0.0 0.0 0.0 0.0
0.0 0.0 0.0 0.0 0.0 0.0 0.0 0.0 0.0 0.0 0.0 0.0 0.0 0.0 0.0 0.0 0.0 0.0 0.005345877066 0.005234423019 0.005271388657 0.00509520349 0.005147655659 0.005978718708 0.005232157998 0.005747664567 0.417378756062 0.006012785249 0.005088698229 0.006130045514 0.005169728371 0.006132189346 0.005584999499 0.004924471057 0.005493409676 0.006547969474 0.005374386765 0.005896686378 0.005401347801 0.005707727173 0.005689107997 0.005712982749 0.005775382137 0.005494052311 0.006512420753 0.005373019726 0.004913846286 0.00534066577 0.005400613348 0.005495635832 0.0 0.0 0.0 0.0 0.0 0.0 0.0 0.0 0.0 0.0 0.0 0.0 0.0 0.0 0.0 0.0 0.0 0.0 0.0 0.0 0.0 0.0 0.0 0.0 0.0 0.0 0.0 0.0 0.0 0.0 0.0 0.0 0.0 0.0 0.0 0.0 0.0 0.0 0.0 0.0 0.0 0.0 0.0 0.0 0.0 0.0 0.0
0.0 0.0 0.0 0.0 0.0 0.0 0.0 0.0 0.0 0.0 0.0 0.0 0.0 0.0 0.0 0.0 0.0 0.0 0.005401406067 0.005313606215 0.005354099825 0.005226235202 0.005263177069 0.005774232531 0.005332440835 0.005650317714 0.006012785249 0.491806034055 0.005239731108 0.005845976581 0.005296484672 0.005843711569 0.005543743046 0.005113603982 0.005486929415 0.006049452064 0.005428396025 0.00572875819 0.005438175838 0.005595309689 0.00557796109 0.005625250317 0.005655493164 0.005501847776 0.006033382896 0.005381211099 0.005103437055 0.005350281887 0.00539872521 0.005475243017 0.0 0.0 0.0 0.0 0.0 0.0 0.0 0.0 0.0 0.0 0.0 0.0 0.0 0.0 0.0 0.0 0.0 0.0 0.0 0.0 0.0 0.0 0.0 0.0 0.0 0.0 0.0 0.0 0.0 0.0 0.0 0.0 0.0 0.0 0.0 0.0 0.0 0.0 0.0 0.0 0.0 0.0 0.0 0.0 0.0 0.0 0.0
0.0 0.0 0.0 0.0 0.0 0.0 0.0 0.0 0.0 0.0 0.0 0.0 0.0 0.0 0.0 0.0 0.0 0.0 0.00541372021 0.005450863043 0.005442425002 0.005493649142 0.005469036395 0.00524872558 0.005510154385 0.005341700292 0.005088698229 0.005239731108 0.283984411715 0.005186900112 0.005517317677 0.005224320647 0.005354792427 0.005525573399 0.005370992756 0.005075262898 0.005452518824 0.005272683164 0.005410818242 0.005287715456 0.005302035745 0.005343054127 0.005315849817 0.005420567743 0.005084679997 0.005321385431 0.005443468329 0.005350016362 0.005319202917 0.005312257062 0.0 0.0 0.0 0.0 0.0 0.0 0.0 0.0 0.0 0.0 0.0 0.0 0.0 0.0 0.0 0.0 0.0 0.0 0.0 0.0 0.0 0.0 0.0 0.0 0.0 0.0 0.0 0.0 0.0 0.0 0.0 0.0 0.0 0.0 0.0 0.0 0.0 0.0 0.0 0.0 0.0 0.0 0.0 0.0 0.0 0.0 0.0
0.0 0.0 0.0 0.0 0.0 0.0 0.0 0.0 0.0 0.0 0.0 0.0 0.0 0.0 0.0 0.0 0.0 0.0 0.005388578815 0.005290252866 0.005330011864 0.005184217602 0.005227728791 0.00582575962 0.005288887182 0.005661803141 0.006130045514 0.005845976581 0.005186900112 0.316860953703 0.005248171039 0.005910123156 0.005554261744 0.005056742299 0.005484101556 0.006178777462 0.005404253244 0.005769606575 0.005423395482 0.005633959392 0.005592942785 0.005640555314 0.00567474317 0.005485301635 0.006154588085 0.005395230006 0.005065136312 0.005362562882 0.005409775471 0.005494464858 0.0 0.0 0.0 0.0 0.0 0.0 0.0 0.0 0.0 0.0 0.0 0.0 0.0 0.0 0.0 0.0 0.0 0.0 0.0 0.0 0.0 0.0 0.0 0.0 0.0 0.0 0.0 0.0 0.0 0.0 0.0 0.0 0.0 0.0 0.0 0.0 0.0 0.0 0.0 0.0 0.0 0.0 0.0 0.0 0.0 0.0 0.0
0.0 0.0 0.0 0.0 0.0 0.0 0.0 0.0 0.0 0.0 0.0 0.0 0.0 0.0 0.0 0.0 0.0 0.0 0.005419280016 0.005421769517 0.005446504229 0.005463199431 0.005462715879 0.005302837646 0.005507815498 0.0053927302 0.005169728371 0.005296484672 0.005517317677 0.005248171039 0.247062171941 0.005267963818 0.005372311642 0.005500887438 0.005406710335 0.005155468615 0.005466636136 0.005324445389 0.005433843196 0.005307193734 0.005350687283 0.005370577658 0.005369367319 0.005452312685 0.005171950271 0.005314633218 0.005414661108 0.005308082969 0.005326222821 0.005330488415 0.0 0.0 0.0 0.0 0.0 0.0 0.0 0.0 0.0 0.0 0.0 0.0 0.0 0.0 0.0 0.0 0.0 0.0 0.0 0.0 0.0 0.0 0.0 0.0 0.0 0.0 0.0 0.0 0.0 0.0 0.0 0.0 0.0 0.0 0.0 0.0 0.0 0.0 0.0 0.0 0.0 0.0 0.0 0.0 0.0 0.0 0.0
0.0 0.0 0.0 0.0 0.0 0.0 0.0 0.0 0.0 0.0 0.0 0.0 0.0 0.0 0.0 0.0 0.0 0.0 0.005383430739 0.005306936198 0.005328723012 0.005198634668 0.005232131536 0.005817536212 0.005323296794 0.005673931712 0.006132189346 0.005843711569 0.005224320647 0.005910123156 0.005267963818 0.335640543177 0.00555012421 0.005061865681 0.005472023033 0.006176041255 0.005417498324 0.005764164743 0.005418223158 0.005627133302 0.005587051721 0.005659582038 0.005683411878 0.005495303072 0.006149484812 0.005370382662 0.005035796716 0.005373924334 0.005390178136 0.005457882402 0.0 0.0 0.0 0.0 0.0 0.0 0.0 0.0 0.0 0.0 0.0 0.0 0.0 0.0 0.0 0.0 0.0 0.0 0.0 0.0 0.0 0.0 0.0 0.0 0.0 0.0 0.0 0.0 0.0 0.0 0.0 0.0 0.0 0.0 0.0 0.0 0.0 0.0 0.0 0.0 0.0 0.0 0.0 0.0 0.0 0.0 0.0
0.0 0.0 0.0 0.0 0.0 0.0 0.0 0.0 0.0 0.0 0.0 0.0 0.0 0.0 0.0 0.0 0.0 0.0 0.005417197253 0.005373141601 0.005396290995 0.005335129805 0.005350545461 0.005540081166 0.005388939062 0.005500747005 0.005584999499 0.005543743046 0.005354792427 0.005554261744 0.005372311642 0.00555012421 0.51826633984 0.005280813405 0.00543830878 0.005601008409 0.005429167567 0.005525295844 0.005425864445 0.005469287079 0.005450408735 0.005495912737 0.005495244966 0.005452120888 0.005593532893 0.005386299795 0.00527814476 0.005371550797 0.005388110684 0.005430708058 0.0 0.0 0.0 0.0 0.0 0.0 0.0 0.0 0.0 0.0 0.0 0.0 0.0 0.0 0.0 0.0 0.0 0.0 0.0 0.0 0.0 0.0 0.0 0.0 0.0 0.0 0.0 0.0 0.0 0.0 0.0 0.0 0.0 0.0 0.0 0.0 0.0 0.0 0.0 0.0 0.0 0.0 0.0 0.0 0.0 0.0 0.0
0.0 0.0 0.0 0.0 0.0 0.0 0.0 0.0 0.0 0.0 0.0 0.0 0.0 0.0 0.0 0.0 0.0 0.0 0.005377944952 0.005423400669 0.00542126912 0.005499010708 0.005471364723 0.005133152763 0.005468824502 0.005242215945 0.004924471057 0.005113603982 0.005525573399 0.005056742299 0.005500887438 0.005061865681 0.005280813405 0.46479530908 0.005329169815 0.004901036171 0.005398436967 0.00516173437 0.005371795701 0.005207626637 0.005249501109 0.005233694733 0.005218566889 0.005358933497 0.004917783764 0.005307332162 0.005518401416 0.005313585284 0.005304068154 0.005280926837 0.0 0.0 0.0 0.0 0.0 0.0 0.0 0.0 0.0 0.0 0.0 0.0 0.0 0.0 0.0 0.0 0.0 0.0 0.0 0.0 0.0 0.0 0.0 0.0 0.0 0.0 0.0 0.0 0.0 0.0 0.0 0.0 0.0 0.0 0.0 0.0 0.0 0.0 0.0 0.0 0.0 0.0 0.0 0.0 0.0 0.0 0.0
0.0 0.0 0.0 0.0 0.0 0.0 0.0 0.0 0.0 0.0 0.0 0.0 0.0 0.0 0.0 0.0 0.0 0.0 0.005411319567 0.005364665082 0.005403603514 0.005351123799 0.005372602244 0.005485731364 0.005406866204 0.005479347015 0.005493409676 0.005486929415 0.005370992756 0.005484101556 0.005406710335 0.005472023033 0.00543830878 0.005329169815 0.309629828506 0.005498236805 0.005433079461 0.005480582468 0.005431588487 0.005422274507 0.005439419735 0.005457811141 0.005474179522 0.005451421371 0.00550365521 0.005364908807 0.005309846419 0.005331544462 0.005374905761 0.005409894388 0.0 0.0 0.0 0.0 0.0 0.0 0.0 0.0 0.0 0.0 0.0 0.0 0.0 0.0 0.0 0.0 0.0 0.0 0.0 0.0 0.0 0.0 0.0 0.0 0.0 0.0 0.0 0.0 0.0 0.0 0.0 0.0 0.0 0.0 0.0 0.0 0.0 0.0 0.0 0.0 0.0 0.0 0.0 0.0 0.0 0.0 0.0
0.0 0.0 0.0 0.0 0.0 0.0 0.0 0.0 0.0 0.0 0.0 0.0 0.0 0.0 0.0 0.0 0.0 0.0 0.005348133455 0.005231359853 0.005267993855 0.005081718579 0.005134430237 0.006017456906 0.00521947567 0.005764418485 0.006547969474 0.006049452064 0.005075262898 0.006178777462 0.005155468615 0.006176041255 0.005601008409 0.004901036171 0.005498236805 0.572283427477 0.005373630667 0.005928850382 0.00540283542 0.005734605443 0.005713099139 0.005732292416 0.005791255184 0.005499112537 0.006582386538 0.005378325158 0.004896114661 0.005344888625 0.005403440391 0.005509943021 0.0 0.0 0.0 0.0 0.0 0.0 0.0 0.0 0.0 0.0 0.0 0.0 0.0 0.0 0.0 0.0 0.0 0.0 0.0 0.0 0.0 0.0 0.0 0.0 0.0 0.0 0.0 0.0 0.0 0.0 0.0 0.0 0.0 0.0 0.0 0.0 0.0 0.0 0.0 0.0 0.0 0.0 0.0 0.0 0.0 0.0 0.0
0.0 0.0 0.0 0.0 0.0 0.0 0.0 0.0 0.0 0.0 0.0 0.0 0.0 0.0 0.0 0.0 0.0 0.0 0.005429008356 0.005405802736 0.005432249827 0.005408970055 0.005414465847 0.005430938345 0.005467186378 0.005463739877 0.005374386765 0.005428396025 0.005452518824 0.005404253244 0.005466636136 0.005417498324 0.005429167567 0.005398436967 0.005433079461 0.005373630667 0.423537350309 0.005435567397 0.005444744312 0.00539166115 0.005401531301 0.005447084844 0.005446463353 0.005468871539 0.005382183438 0.005346136091 0.005345492549 0.005336619934 0.005354649942 0.00538199296 0.0 0.0 0.0 0.0 0.0 0.0 0.0 0.0 0.0 0.0 0.0 0.0 0.0 0.0 0.0 0.0 0.0 0.0 0.0 0.0 0.0 0.0 0.0 0.0 0.0 0.0 0.0 0.0 0.0 0.0 0.0 0.0 0.0 0.0 0.0 0.0 0.0 0.0 0.0 0.0 0.0 0.0 0.0 0.0 0.0 0.0 0.0
0.0 0.0 0.0 0.0 0.0 0.0 0.0 0.0 0.0 0.0 0.0 0.0 0.0 0.0 0.0 0.0 0.0 0.0 0.005409195479 0.005328396971 0.005369942906 0.00525606595 0.005290800922 0.005715082744 0.005352863235 0.005617208602 0.005896686378 0.00572875819 0.005272683164 0.005769606575 0.005324445389 0.005764164743 0.005525295844 0.00516173437 0.005480582468 0.005928850382 0.005435567397 0.267223855349 0.005442308388 0.005562505809 0.005544831939 0.005594155892 0.005619417313 0.005494255512 0.005917148086 0.005380868558 0.005150071033 0.005349789682 0.005396446533 0.0054656844 0.0 0.0 0.0 0.0 0.0 0.0 0.0 0.0 0.0 0.0 0.0 0.0 0.0 0.0 0.0 0.0 0.0 0.0 0.0 0.0 0.0 0.0 0.0 0.0 0.0 0.0 0.0 0.0 0.0 0.0 0.0 0.0 0.0 0.0 0.0 0.0 0.0 0.0 0.0 0.0 0.0 0.0 0.0 0.0 0.0 0.0 0.0
0.0 0.0 0.0 0.0 0.0 0.0 0.0 0.0 0.0 0.0 0.0 0.0 0.0 0.0 0.0 0.0 0.0 0.0 0.005420357816 0.005386233293 0.005419122502 0.005382545923 0.005396686202 0.005440115442 0.00543140389 0.00545652015 0.005401347801 0.005438175838 0.005410818242 0.005423395482 0.005433843196 0.005418223158 0.005425864445 0.005371795701 0.005431588487 0.00540283542 0.005444744312 0.005442308388 0.455503401249 0.005399003705 0.005409286912 0.005439535208 0.005443352915 0.005453184298 0.005409655472 0.005361487522 0.005347237872 0.005337728475 0.005368108069 0.005398916339 0.0 0.0 0.0 0.0 0.0 0.0 0.0 0.0 0.0 0.0 0.0 0.0 0.0 0.0 0.0 0.0 0.0 0.0 0.0 0.0 0.0 0.0 0.0 0.0 0.0 0.0 0.0 0.0 0.0 0.0 0.0 0.0 0.0 0.0 0.0 0.0 0.0 0.0 0.0 0.0 0.0 0.0 0.0 0.0 0.0 0.0 0.0
0.0 0.0 0.0 0.0 0.0 0.0 0.0 0.0 0.0 0.0 0.0 0.0 0.0 0.0 0.0 0.0 0.0 0.0 0.005396991463 0.00534219874 0.005360792573 0.005278134973 0.005301497925 0.005590390429 0.005328076611 0.00550145982 0.005707727173 0.005595309689 0.005287715456 0.005633959392 0.005307193734 0.005627133302 0.005469287079 0.005207626637 0.005422274507 0.005734605443 0.00539166115 0.005562505809 0.005399003705 0.31277364439 0.005452593465 0.005508075212 0.005504853144 0.005420323942 0.005717154333 0.005404729657 0.005232313971 0.005398101762 0.005403895302 0.005448254706 0.0 0.0 0.0 0.0 0.0 0.0 0.0 0.0 0.0 0.0 0.0 0.0 0.0 0.0 0.0 0.0 0.0 0.0 0.0 0.0 0.0 0.0 0.0 0.0 0.0 0.0 0.0 0.0 0.0 0.0 0.0 0.0 0.0 0.0 0.0 0.0 0.0 0.0 0.0 0.0 0.0 0.0 0.0 0.0 0.0 0.0 0.0
0.0 0.0 0.0 0.0 0.0 0.0 0.0 0.0 0.0 0.0 0.0 0.0 0.0 0.0 0.0 0.0 0.0 0.0 0.005367402431 0.00532468335 0.005357236377 0.005298505762 0.005316850366 0.005567840036 0.005362691411 0.00552114141 0.005689107997 0.00557796109 0.005302035745 0.005592942785 0.005350687283 0.005587051721 0.005450408735 0.005249501109 0.005439419735 0.005713099139 0.005401531301 0.005544831939 0.005409286912 0.005452593465 2.21457902057 0.005482811153 0.005524832729 0.005446619693 0.005710927511 0.005334371279 0.005214075558 0.005292475018 0.005351580285 0.005395465131 0.0 0.0 0.0 0.0 0.0 0.0 0.0 0.0 0.0 0.0 0.0 0.0 0.0 0.0 0.0 0.0 0.0 0.0 0.0 0.0 0.0 0.0 0.0 0.0 0.0 0.0 0.0 0.0 0.0 0.0 0.0 0.0 0.0 0.0 0.0 0.0 0.0 0.0 0.0 0.0 0.0 0.0 0.0 0.0 0.0 0.0 0.0
0.0 0.0 0.0 0.0 0.0 0.0 0.0 0.0 0.0 0.0 0.0 0.0 0.0 0.0 0.0 0.0 0.0 0.0 0.005417448007 0.005362990685 0.005389824558 0.005309278629 0.005331475342 0.005613596751 0.005396475059 0.005564089416 0.005712982749 0.005625250317 0.005343054127 0.005640555314 0.005370577658 0.005659582038 0.005495912737 0.005233694733 0.005457811141 0.005732292416 0.005447084844 0.005594155892 0.005439535208 0.005508075212 0.005482811153 0.696453297017 0.005559607223 0.005483353803 0.005723063682 0.005371683842 0.005208485178 0.005368619314 0.005383268452 0.005431343072 0.0 0.0 0.0 0.0 0.0 0.0 0.0 0.0 0.0 0.0 0.0 0.0 0.0 0.0 0.0 0.0 0.0 0.0 0.0 0.0 0.0 0.0 0.0 0.0 0.0 0.0 0.0 0.0 0.0 0.0 0.0 0.0 0.0 0.0 0.0 0.0 0.0 0.0 0.0 0.0 0.0 0.0 0.0 0.0 0.0 0.0 0.0
0.0 0.0 0.0 0.0 0.0 0.0 0.0 0.0 0.0 0.0 0.0 0.0 0.0 0.0 0.0 0.0 0.0 0.0 0.005405040191 0.005337422623 0.005380811618 0.005290083529 0.005321257562 0.00564187955 0.005391358456 0.005592850988 0.005775382137 0.005655493164 0.005315849817 0.00567474317 0.005369367319 0.005683411878 0.005495244966 0.005218566889 0.005474179522 0.005791255184 0.005446463353 0.005619417313 0.005443352915 0.005504853144 0.005524832729 0.005559607223 0.268450485461 0.005494932007 0.005791216997 0.00535438875 0.005180977628 0.005324747398 0.005376589121 0.005428545634 0.0 0.0 0.0 0.0 0.0 0.0 0.0 0.0 0.0 0.0 0.0 0.0 0.0 0.0 0.0 0.0 0.0 0.0 0.0 0.0 0.0 0.0 0.0 0.0 0.0 0.0 0.0 0.0 0.0 0.0 0.0 0.0 0.0 0.0 0.0 0.0 0.0 0.0 0.0 0.0 0.0 0.0 0.0 0.0 0.0 0.0 0.0
0.0 0.0 0.0 0.0 0.0 0.0 0.0 0.0 0.0 0.0 0.0 0.0 0.0 0.0 0.0 0.0 0.0 0.0 0.005422249662 0.00538899938 0.005422447793 0.005381072616 0.005394584208 0.005498093281 0.005455883101 0.005514032525 0.005494052311 0.005501847776 0.005420567743 0.005485301635 0.005452312685 0.005495303072 0.005452120888 0.005358933497 0.005451421371 0.005499112537 0.005468871539 0.005494255512 0.005453184298 0.005420323942 0.005446619693 0.005483353803 0.005494932007 0.526962017916 0.005510135572 0.00533457148 0.005299754171 0.005311782932 0.005351316461 0.005392072052 0.0 0.0 0.0 0.0 0.0 0.0 0.0 0.0 0.0 0.0 0.0 0.0 0.0 0.0 0.0 0.0 0.0 0.0 0.0 0.0 0.0 0.0 0.0 0.0 0.0 0.0 0.0 0.0 0.0 0.0 0.0 0.0 0.0 0.0 0.0 0.0 0.0 0.0 0.0 0.0 0.0 0.0 0.0 0.0 0.0 0.0 0.0
0.0 0.0 0.0 0.0 0.0 0.0 0.0 0.0 0.0 0.0 0.0 0.0 0.0 0.0 0.0 0.0 0.0 0.0 0.005348459084 0.005231206261 0.005274318917 0.005091653908 0.005146533109 0.006002851157 0.005234054038 0.005766740444 0.006512420753 0.006033382896 0.005084679997 0.006154588085 0.005171950271 0.006149484812 0.005593532893 0.004917783764 0.00550365521 0.006582386538 0.005382183438 0.005917148086 0.005409655472 0.005717154333 0.005710927511 0.005723063682 0.005791216997 0.005510135572 0.917354088661 0.005367528481 0.004906296914 0.005326182692 0.005397851008 0.005501654023 0.0 0.0 0.0 0.0 0.0 0.0 0.0 0.0 0.0 0.0 0.0 0.0 0.0 0.0 0.0 0.0 0.0 0.0 0.0 0.0 0.0 0.0 0.0 0.0 0.0 0.0 0.0 0.0 0.0 0.0 0.0 0.0 0.0 0.0 0.0 0.0 0.0 0.0 0.0 0.0 0.0 0.0 0.0 0.0 0.0 0.0 0.0
0.0 0.0 0.0 0.0 0.0 0.0 0.0 0.0 0.0 0.0 0.0 0.0 0.0 0.0 0.0 0.0 0.0 0.0 0.005388154974 0.005357676057 0.005367347941 0.005331838861 0.005344463663 0.005385239125 0.005317745138 0.005346972089 0.005373019726 0.005381211099 0.005321385431 0.005395230006 0.005314633218 0.005370382662 0.005386299795 0.005307332162 0.005364908807 0.005378325158 0.005346136091 0.005380868558 0.005361487522 0.005404729657 0.005334371279 0.005371683842 0.00535438875 0.00533457148 0.005367528481 0.228324397601 0.00538104316 0.005428512341 0.005412949091 0.005422043035 0.0 0.0 0.0 0.0 0.0 0.0 0.0 0.0 0.0 0.0 0.0 0.0 0.0 0.0 0.0 0.0 0.0 0.0 0.0 0.0 0.0 0.0 0.0 0.0 0.0 0.0 0.0 0.0 0.0 0.0 0.0 0.0 0.0 0.0 0.0 0.0 0.0 0.0 0.0 0.0 0.0 0.0 0.0 0.0 0.0 0.0 0.0
0.0 0.0 0.0 0.0 0.0 0.0 0.0 0.0 0.0 0.0 0.0 0.0 0.0 0.0 0.0 0.0 0.0 0.0 0.005379219205 0.005399860593 0.005401483663 0.005451060168 0.00544194337 0.005121739931 0.005383667991 0.00519314324 0.004913846286 0.005103437055 0.005443468329 0.005065136312 0.005414661108 0.005035796716 0.00527814476 0.005518401416 0.005309846419 0.004896114661 0.005345492549 0.005150071033 0.005347237872 0.005232313971 0.005214075558 0.005208485178 0.005180977628 0.005299754171 0.004906296914 0.00538104316 0.432003694069 0.005372241135 0.005358155571 0.005340758934 0.0 0.0 0.0 0.0 0.0 0.0 0.0 0.0 0.0 0.0 0.0 0.0 0.0 0.0 0.0 0.0 0.0 0.0 0.0 0.0 0.0 0.0 0.0 0.0 0.0 0.0 0.0 0.0 0.0 0.0 0.0 0.0 0.0 0.0 0.0 0.0 0.0 0.0 0.0 0.0 0.0 0.0 0.0 0.0 0.0 0.0 0.0
0.0 0.0 0.0 0.0 0.0 0.0 0.0 0.0 0.0 0.0 0.0 0.0 0.0 0.0 0.0 0.0 0.0 0.0 0.005379161237 0.005376306623 0.005357464179 0.005345071534 0.005341674332 0.005352233526 0.00532597996 0.005318298851 0.00534066577 0.005350281887 0.005350016362 0.005362562882 0.005308082969 0.005373924334 0.005371550797 0.005313585284 0.005331544462 0.005344888625 0.005336619934 0.005349789682 0.005337728475 0.005398101762 0.005292475018 0.005368619314 0.005324747398 0.005311782932 0.005326182692 0.005428512341 0.005372241135 0.376118939227 0.005403448516 0.00539270363 0.0 0.0 0.0 0.0 0.0 0.0 0.0 0.0 0.0 0.0 0.0 0.0 0.0 0.0 0.0 0.0 0.0 0.0 0.0 0.0 0.0 0.0 0.0 0.0 0.0 0.0 0.0 0.0 0.0 0.0 0.0 0.0 0.0 0.0 0.0 0.0 0.0 0.0 0.0 0.0 0.0 0.0 0.0 0.0 0.0 0.0 0.0
0.0 0.0 0.0 0.0 0.0 0.0 0.0 0.0 0.0 0.0 0.0 0.0 0.0 0.0 0.0 0.0 0.0 0.0 0.005383974001 0.005349943475 0.00536604199 0.005324404906 0.005343119123 0.00539996173 0.00532739243 0.005369425134 0.005400613348 0.00539872521 0.005319202917 0.005409775471 0.005326222821 0.005390178136 0.005388110684 0.005304068154 0.005374905761 0.005403440391 0.005354649942 0.005396446533 0.005368108069 0.005403895302 0.005351580285 0.005383268452 0.005376589121 0.005351316461 0.005397851008 0.005412949091 0.005358155571 0.005403448516 0.28392904576 0.005413857068 0.0 0.0 0.0 0.0 0.0 0.0 0.0 0.0 0.0 0.0 0.0 0.0 0.0 0.0 0.0 0.0 0.0 0.0 0.0 0.0 0.0 0.0 0.0 0.0 0.0 0.0 0.0 0.0 0.0 0.0 0.0 0.0 0.0 0.0 0.0 0.0 0.0 0.0 0.0 0.0 0.0 0.0 0.0 0.0 0.0 0.0 0.0
0.0 0.0 0.0 0.0 0.0 0.0 0.0 0.0 0.0 0.0 0.0 0.0 0.0 0.0 0.0 0.0 0.0 0.0 0.005406501335 0.005352757859 0.005382094951 0.005317654886 0.005341059728 0.005478289915 0.005332840955 0.005425921437 0.005495635832 0.005475243017 0.005312257062 0.005494464858 0.005330488415 0.005457882402 0.005430708058 0.005280926837 0.005409894388 0.005509943021 0.00538199296 0.0054656844 0.005398916339 0.005448254706 0.005395465131 0.005431343072 0.005428545634 0.005392072052 0.005501654023 0.005422043035 0.005340758934 0.00539270363 0.005413857068 0.212812639281 0.0 0.0 0.0 0.0 0.0 0.0 0.0 0.0 0.0 0.0 0.0 0.0 0.0 0.0 0.0 0.0 0.0 0.0 0.0 0.0 0.0 0.0 0.0 0.0 0.0 0.0 0.0 0.0 0.0 0.0 0.0 0.0 0.0 0.0 0.0 0.0 0.0 0.0 0.0 0.0 0.0 0.0 0.0 0.0 0.0 0.0 0.0
0.0 0.0 0.0 0.0 0.0 0.0 0.0 0.0 0.0 0.0 0.0 0.0 0.0 0.0 0.0 0.0 0.0 0.0 0.0 0.0 0.0 0.0 0.0 0.0 0.0 0.0 0.0 0.0 0.0 0.0 0.0 0.0 0.0 0.0 0.0 0.0 0.0 0.0 0.0 0.0 0.0 0.0 0.0 0.0 0.0 0.0 0.0 0.0 0.0 0.0 0.493923170164 0.00559690147 0.005600167531 0.00555130995 0.005533759664 0.005641123085 0.005581947682 0.005622122015 0.005611911705 0.005623560931 0.005595877652 0.005632114932 0.005606670691 0.005566126735 0.005617866261 0.005596017664 0.00559318897 0.005587057262 0.005642287169 0.005577764285 0.005638662239 0.005624237339 0.00559608045 0.005555391174 0.00562113668 0.00559213482 0.005623415691 0.005490953272 0.005499589017 0.005538346214 0.005604156897 0.005618850242 0.0 0.0 0.0 0.0 0.0 0.0 0.0 0.0 0.0 0.0 0.0 0.0 0.0 0.0 0.0
0.0 0.0 0.0 0.0 0.0 0.0 0.0 0.0 0.0 0.0 0.0 0.0 0.0 0.0 0.0 0.0 0.0 0.0 0.0 0.0 0.0 0.0 0.0 0.0 0.0 0.0 0.0 0.0 0.0 0.0 0.0 0.0 0.0 0.0 0.0 0.0 0.0 0.0 0.0 0.0 0.0 0.0 0.0 0.0 0.0 0.0 0.0 0.0 0.0 0.0 0.00559690147 0.252149299569 0.005584259867 0.005552733849 0.005526889719 0.005622968097 0.005572146811 0.005620201881 0.005607676215 0.005615655036 0.005587541449 0.005615438132 0.005593609203 0.005567889901 0.00560182854 0.005579071829 0.005580745222 0.005585308349 0.005620565319 0.005564226802 0.005621665045 0.005599746123 0.005574634428 0.005546469032 0.005611656792 0.005577159311 0.00560318707 0.005486328165 0.005488939557 0.00552947731 0.005583851383 0.005605034502 0.0 0.0 0.0 0.0 0.0 0.0 0.0 0.0 0.0 0.0 0.0 0.0 0.0 0.0 0.0
0.0 0.0 0.0 0.0 0.0 0.0 0.0 0.0 0.0 0.0 0.0 0.0 0.0 0.0 0.0 0.0 0.0 0.0 0.0 0.0 0.0 0.0 0.0 0.0 0.0 0.0 0.0 0.0 0.0 0.0 0.0 0.0 0.0 0.0 0.0 0.0 0.0 0.0 0.0 0.0 0.0 0.0 0.0 0.0 0.0 0.0 0.0 0.0 0.0 0.0 0.005600167531 0.005584259867 0.262934674266 0.005586089177 0.005571422398 0.00560068589 0.005610094589 0.005592475232 0.005565236162 0.005593960589 0.005623832687 0.005586118242 0.005614423178 0.005616225669 0.005594314794 0.005597621843 0.005593040346 0.005524462486 0.005635872297 0.00558545382 0.005584718209 0.0055949043 0.005565874918 0.005591452339 0.005617312792 0.005588088006 0.005561424071 0.005483500664 0.00549516489 0.005529555922 0.005540082444 0.005557545481 0.0 0.0 0.0 0.0 0.0 0.0 0.0 0.0 0.0 0.0 0.0 0.0 0.0 0.0 0.0
0.0 0.0 0.0 0.0 0.0 0.0 0.0 0.0 0.0 0.0 0.0 0.0 0.0 0.0 0.0 0.0 0.0 0.0 0.0 0.0 0.0 0.0 0.0 0.0 0.0 0.0 0.0 0.0 0.0 0.0 0.0 0.0 0.0 0.0 0.0 0.0 0.0 0.0 0.0 0.0 0.0 0.0 0.0 0.0 0.0 0.0 0.0 0.0 0.0 0.0 0.00555130995 0.005552733849 0.005586089177 0.244678122813 0.005723800255 0.005445610719 0.00568466647 0.005365602404 0.005289223716 0.005414602377 0.005703186777 0.00538422215 0.005622320628 0.005734193016 0.005527558683 0.005572750478 0.005579373499 0.00517022817 0.005587880914 0.005599188693 0.005361811737 0.005518714602 0.005466704716 0.005701132265 0.005529802181 0.005530773235 0.005329352917 0.005498840732 0.005609894766 0.005428784295 0.00533431586 0.005295210755 0.0 0.0 0.0 0.0 0.0 0.0 0.0 0.0 0.0 0.0 0.0 0.0 0.0 0.0 0.0
0.0 0.0 0.0 0.0 0.0 0.0 0.0 0.0 0.0 0.0 0.0 0.0 0.0 0.0 0.0 0.0 0.0 0.0 0.0 0.0 0.0 0.0 0.0 0.0 0.0 0.0 0.0 0.0 0.0 0.0 0.0 0.0 0.0 0.0 0.0 0.0 0.0 0.0 0.0 0.0 0.0 0.0 0.0 0.0 0.0 0.0 0.0 0.0 0.0 0.0 0.005533759664 0.005526889719 0.005571422398 0.005723800255 0.416963105095 0.005391068862 0.005690676827 0.005280112596 0.005193151359 0.005345889759 0.005705264349 0.005314427862 0.005608119548 0.005738291888 0.005494994327 0.005562436425 0.005567276402 0.005051485616 0.005565387656 0.005604247368 0.005287839771 0.005496868677 0.005441947749 0.005736300879 0.005490367039 0.005513127046 0.005260159009 0.005519557831 0.005678542694 0.005403115509 0.005271924178 0.005214083521 0.0 0.0 0.0 0.0 0.0 0.0 0.0 0.0 0.0 0.0 0.0 0.0 0.0 0.0 0.0
0.0 0.0 0.0 0.0 0.0 0.0 0.0 0.0 0.0 0.0 0.0 0.0 0.0 0.0 0.0 0.0 0.0 0.0 0.0 0.0 0.0 0.0 0.0 0.0 0.0 0.0 0.0 0.0 0.0 0.0 0.0 0.0 0.0 0.0 0.0 0.0 0.0 0.0 0.0 0.0 0.0 0.0 0.0 0.0 0.0 0.0 0.0 0.0 0.0 0.0 0.005641123085 0.005622968097 0.00560068589 0.005445610719 0.005391068862 0.275069851479 0.005514480663 0.005886880613 0.00592494985 0.005823245985 0.005526627995 0.005842058852 0.005601142014 0.005477951543 0.005681489996 0.005610680178 0.005600913483 0.00598014523 0.005684310169 0.005558692642 0.005879123337 0.005676201115 0.00565806162 0.005455498759 0.005727584983 0.005636585953 0.005855256458 0.005438156177 0.005349462184 0.005604216695 0.005794807062 0.005894552213 0.0 0.0 0.0 0.0 0.0 0.0 0.0 0.0 0.0 0.0 0.0 0.0 0.0 0.0 0.0
0.0 0.0 0.0 0.0 0.0 0.0 0.0 0.0 0.0 0.0 0.0 0.0 0.0 0.0 0.0 0.0 0.0 0.0 0.0 0.0 0.0 0.0 0.0 0.0 0.0 0.0 0.0 0.0 0.0 0.0 0.0 0.0 0.0 0.0 0.0 0.0 0.0 0.0 0.0 0.0 0.0 0.0 0.0 0.0 0.0 0.0 0.0 0.0 0.0 0.0 0.005581947682 0.005572146811 0.005610094589 0.00568466647 0.005690676827 0.005514480663 0.327412064109 0.005474855111 0.005401743809 0.005500365918 0.005710535829 0.00547102108 0.00565056899 0.005736223399 0.005567686472 0.005602669588 0.00559895094 0.00529833924 0.005636776345 0.005611744014 0.00545335957 0.005550945113 0.005504191906 0.005687195962 0.005593847715 0.00556789244 0.005408595735 0.005473039538 0.005542789405 0.00546762582 0.005400611529 0.005385366014 0.0 0.0 0.0 0.0 0.0 0.0 0.0 0.0 0.0 0.0 0.0 0.0 0.0 0.0 0.0
0.0 0.0 0.0 0.0 0.0 0.0 0.0 0.0 0.0 0.0 0.0 0.0 0.0 0.0 0.0 0.0 0.0 0.0 0.0 0.0 0.0 0.0 0.0 0.0 0.0 0.0 0.0 0.0 0.0 0.0 0.0 0.0 0.0 0.0 0.0 0.0 0.0 0.0 0.0 0.0 0.0 0.0 0.0 0.0 0.0 0.0 0.0 0.0 0.0 0.0 0.005622122015 0.005620201881 0.005592475232 0.005365602404 0.005280112596 0.005886880613 0.005474855111 0.75311097474 0.006192707986 0.005980225431 0.005476341998 0.005988849284 0.005591542004 0.005438256977 0.005704635427 0.005607495188 0.005581906848 0.006338692979 0.005694661699 0.005533288552 0.006051243679 0.005670223322 0.005680968316 0.005370844569 0.005806227681 0.005657048995 0.006002116395 0.005380878124 0.005183616048 0.005670236081 0.005911212292 0.006081227361 0.0 0.0 0.0 0.0 0.0 0.0 0.0 0.0 0.0 0.0 0.0 0.0 0.0 0.0 0.0
0.0 0.0 0.0 0.0 0.0 0.0 0.0 0.0 0.0 0.0 0.0 0.0 0.0 0.0 0.0 0.0 0.0 0.0 0.0 0.0 0.0 0.0 0.0 0.0 0.0 0.0 0.0 0.0 0.0 0.0 0.0 0.0 0.0 0.0 0.0 0.0 0.0 0.0 0.0 0.0 0.0 0.0 0.0 0.0 0.0 0.0 0.0 0.0 0.0 0.0 0.005611911705 0.005607676215 0.005565236162 0.005289223716 0.005193151359 0.00592494985 0.005401743809 0.006192707986 0.372743848322 0.006027701127 0.00539536119 0.006056495393 0.005547828364 0.005346249319 0.005706112307 0.005587431612 0.005560799719 0.006541210222 0.005664216924 0.005501083111 0.006137607364 0.005678537678 0.005705925799 0.005294488194 0.005801274294 0.005653843819 0.006110872961 0.005389243894 0.005145344225 0.005707258423 0.006011421366 0.006205582134 0.0 0.0 0.0 0.0 0.0 0.0 0.0 0.0 0.0 0.0 0.0 0.0 0.0 0.0 0.0
0.0 0.0 0.0 0.0 0.0 0.0 0.0 0.0 0.0 0.0 0.0 0.0 0.0 0.0 0.0 0.0 0.0 0.0 0.0 0.0 0.0 0.0 0.0 0.0 0.0 0.0 0.0 0.0 0.0 0.0 0.0 0.0 0.0 0.0 0.0 0.0 0.0 0.0 0.0 0.0 0.0 0.0 0.0 0.0 0.0 0.0 0.0 0.0 0.0 0.0 0.005623560931 0.005615655036 0.005593960589 0.005414602377 0.005345889759 0.005823245985 0.005500365918 0.005980225431 0.006027701127 0.379251969441 0.005504643868 0.005893972875 0.005594414526 0.005469426639 0.00568314442 0.005605922244 0.005587650018 0.006113760608 0.005679101061 0.005544748743 0.005935994439 0.005661128516 0.005660859614 0.005419042607 0.00575549038 0.005641716679 0.005900285258 0.005414139447 0.005270046719 0.005638336845 0.00583328353 0.005959482259 0.0 0.0 0.0 0.0 0.0 0.0 0.0 0.0 0.0 0.0 0.0 0.0 0.0 0.0 0.0
0.0 0.0 0.0 0.0 0.0 0.0 0.0 0.0 0.0 0.0 0.0 0.0 0.0 0.0 0.0 0.0 0.0 0.0 0.0 0.0 0.0 0.0 0.0 0.0 0.0 0.0 0.0 0.0 0.0 0.0 0.0 0.0 0.0 0.0 0.0 0.0 0.0 0.0 0.0 0.0 0.0 0.0 0.0 0.0 0.0 0.0 0.0 0.0 0.0 0.0 0.005595877652 0.005587541449 0.005623832687 0.005703186777 0.005705264349 0.005526627995 0.005710535829 0.005476341998 0.00539536119 0.005504643868 0.328188490144 0.005473419917 0.005667922732 0.005754208763 0.0055810154 0.005612577538 0.005613950823 0.005280669592 0.005659931661 0.005623124769 0.005460828933 0.005568314609 0.005506717895 0.005705736083 0.005606723139 0.005574791318 0.005410014955 0.00546056491 0.00554970996 0.005447746389 0.005392930167 0.005381573968 0.0 0.0 0.0 0.0 0.0 0.0 0.0 0.0 0.0 0.0 0.0 0.0 0.0 0.0 0.0
0.0 0.0 0.0 0.0 0.0 0.0 0.0 0.0 0.0 0.0 0.0 0.0 0.0 0.0 0.0 0.0 0.0 0.0 0.0 0.0 0.0 0.0 0.0 0.0 0.0 0.0 0.0 0.0 0.0 0.0 0.0 0.0 0.0 0.0 0.0 0.0 0.0 0.0 0.0 0.0 0.0 0.0 0.0 0.0 0.0 0.0 0.0 0.0 0.0 0.0 0.005632114932 0.005615438132 0.005586118242 0.00538422215 0.005314427862 0.005842058852 0.00547102108 0.005988849284 0.006056495393 0.005893972875 0.005473419917 0.334226746698 0.005579296974 0.005425075661 0.005689991704 0.005600739925 0.005583331903 0.006164993674 0.005672118072 0.005534418653 0.005966598841 0.005675442577 0.005680023192 0.005390415087 0.005748963672 0.005641727089 0.005944674901 0.00542521628 0.005273989923 0.005649369956 0.005878908308 0.006003843108 0.0 0.0 0.0 0.0 0.0 0.0 0.0 0.0 0.0 0.0 0.0 0.0 0.0 0.0 0.0
0.0 0.0 0.0 0.0 0.0 0.0 0.0 0.0 0.0 0.0 0.0 0.0 0.0 0.0 0.0 0.0 0.0 0.0 0.0 0.0 0.0 0.0 0.0 0.0 0.0 0.0 0.0 0.0 0.0 0.0 0.0 0.0 0.0 0.0 0.0 0.0 0.0 0.0 0.0 0.0 0.0 0.0 0.0 0.0 0.0 0.0 0.0 0.0 0.0 0.0 0.005606670691 0.005593609203 0.005614423178 0.005622320628 0.005608119548 0.005601142014 0.00565056899 0.005591542004 0.005547828364 0.005594414526 0.005667922732 0.005579296974 0.310922601161 0.005669198256 0.005608636116 0.005613049344 0.005610182779 0.005484701067 0.005661832808 0.005601780862 0.005576425501 0.005595388989 0.005551253472 0.005627016579 0.005640461053 0.005593201241 0.005536665266 0.005461693205 0.005491373603 0.005503655929 0.005513452922 0.005530437957 0.0 0.0 0.0 0.0 0.0 0.0 0.0 0.0 0.0 0.0 0.0 0.0 0.0 0.0 0.0
0.0 0.0 0.0 0.0 0.0 0.0 0.0 0.0 0.0 0.0 0.0 0.0 0.0 0.0 0.0 0.0 0.0 0.0 0.0 0.0 0.0 0.0 0.0 0.0 0.0 0.0 0.0 0.0 0.0 0.0 0.0 0.0 0.0 0.0 0.0 0.0 0.0 0.0 0.0 0.0 0.0 0.0 0.0 0.0 0.0 0.0 0.0 0.0 0.0 0.0 0.005566126735 0.005567889901 0.005616225669 0.005734193016 0.005738291888 0.005477951543 0.005736223399 0.005438256977 0.005346249319 0.005469426639 0.005754208763 0.005425075661 0.005669198256 0.178011751725 0.00555443845 0.00560546191 0.005602429595 0.005221802664 0.005636999002 0.005623193693 0.005401041745 0.00552736011 0.005474291363 0.005729689142 0.005590230308 0.005562221483 0.005345712024 0.005456980298 0.00553815143 0.005446964662 0.00533880773 0.005319160612 0.0 0.0 0.0 0.0 0.0 0.0 0.0 0.0 0.0 0.0 0.0 0.0 0.0 0.0 0.0
0.0 0.0 0.0 0.0 0.0 0.0 0.0 0.0 0.0 0.0 0.0 0.0 0.0 0.0 0.0 0.0 0.0 0.0 0.0 0.0 0.0 0.0 0.0 0.0 0.0 0.0 0.0 0.0 0.0 0.0 0.0 0.0 0.0 0.0 0.0 0.0 0.0 0.0 0.0 0.0 0.0 0.0 0.0 0.0 0.0 0.0 0.0 0.0 0.0 0.0 0.005617866261 0.00560182854 0.005594314794 0.005527558683 0.005494994327 0.005681489996 0.005567686472 0.005704635427 0.005706112307 0.00568314442 0.0055810154 0.005689991704 0.005608636116 0.00555443845 0.255051990294 0.00559906772 0.005596958832 0.005704574529 0.005651832609 0.005569031146 0.005704400687 0.005627584728 0.005598353849 0.00552930357 0.005659645592 0.0056006638 0.005681553226 0.005466181921 0.005442632165 0.005548011774 0.005649613572 0.005694305897 0.0 0.0 0.0 0.0 0.0 0.0 0.0 0.0 0.0 0.0 0.0 0.0 0.0 0.0 0.0
0.0 0.0 0.0 0.0 0.0 0.0 0.0 0.0 0.0 0.0 0.0 0.0 0.0 0.0 0.0 0.0 0.0 0.0 0.0 0.0 0.0 0.0 0.0 0.0 0.0 0.0 0.0 0.0 0.0 0.0 0.0 0.0 0.0 0.0 0.0 0.0 0.0 0.0 0.0 0.0 0.0 0.0 0.0 0.0 0.0 0.0 0.0 0.0 0.0 0.0 0.005596017664 0.005579071829 0.005597621843 0.005572750478 0.005562436425 0.005610680178 0.005602669588 0.005607495188 0.005587431612 0.005605922244 0.005612577538 0.005600739925 0.005613049344 0.00560546191 0.00559906772 0.283769028769 0.005599702512 0.005551550631 0.005638967332 0.005585234363 0.005600226461 0.005597972957 0.005564801688 0.005590100838 0.00563016096 0.005594433213 0.005579400632 0.005483246987 0.005492370222 0.005533149126 0.005553853036 0.00558181158 0.0 0.0 0.0 0.0 0.0 0.0 0.0 0.0 0.0 0.0 0.0 0.0 0.0 0.0 0.0
0.0 0.0 0.0 0.0 0.0 0.0 0.0 0.0 0.0 0.0 0.0 0.0 0.0 0.0 0.0 0.0 0.0 0.0 0.0 0.0 0.0 0.0 0.0 0.0 0.0 0.0 0.0 0.0 0.0 0.0 0.0 0.0 0.0 0.0 0.0 0.0 0.0 0.0 0.0 0.0 0.0 0.0 0.0 0.0 0.0 0.0 0.0 0.0 0.0 0.0 0.00559318897 0.005580745222 0.005593040346 0.005579373499 0.005567276402 0.005600913483 0.00559895094 0.005581906848 0.005560799719 0.005587650018 0.005613950823 0.005583331903 0.005610182779 0.005602429595 0.005596958832 0.005599702512 0.414655767918 0.005518811521 0.005633886245 0.005582264786 0.005583234776 0.005597383956 0.005555496591 0.005593133939 0.005620790948 0.005588101591 0.005565155784 0.005489081146 0.005515990757 0.005515317132 0.005540419307 0.005564999422 0.0 0.0 0.0 0.0 0.0 0.0 0.0 0.0 0.0 0.0 0.0 0.0 0.0 0.0 0.0
0.0 0.0 0.0 0.0 0.0 0.0 0.0 0.0 0.0 0.0 0.0 0.0 0.0 0.0 0.0 0.0 0.0 0.0 0.0 0.0 0.0 0.0 0.0 0.0 0.0 0.0 0.0 0.0 0.0 0.0 0.0 0.0 0.0 0.0 0.0 0.0 0.0 0.0 0.0 0.0 0.0 0.0 0.0 0.0 0.0 0.0 0.0 0.0 0.0 0.0 0.005587057262 0.005585308349 0.005524462486 0.00517022817 0.005051485616 0.00598014523 0.00529833924 0.006338692979 0.006541210222 0.006113760608 0.005280669592 0.006164993674 0.005484701067 0.005221802664 0.005704574529 0.005551550631 0.005518811521 0.663133523083 0.005619133972 0.005447403286 0.006283908568 0.005674537132 0.005736633378 0.005171548354 0.005801138148 0.005647917457 0.006287118553 0.005384345519 0.005041675712 0.005773559236 0.006156072119 0.006395258591 0.0 0.0 0.0 0.0 0.0 0.0 0.0 0.0 0.0 0.0 0.0 0.0 0.0 0.0 0.0
0.0 0.0 0.0 0.0 0.0 0.0 0.0 0.0 0.0 0.0 0.0 0.0 0.0 0.0 0.0 0.0 0.0 0.0 0.0 0.0 0.0 0.0 0.0 0.0 0.0 0.0 0.0 0.0 0.0 0.0 0.0 0.0 0.0 0.0 0.0 0.0 0.0 0.0 0.0 0.0 0.0 0.0 0.0 0.0 0.0 0.0 0.0 0.0 0.0 0.0 0.005642287169 0.005620565319 0.005635872297 0.005587880914 0.005565387656 0.005684310169 0.005636776345 0.005694661699 0.005664216924 0.005679101061 0.005659931661 0.005672118072 0.005661832808 0.005636999002 0.005651832609 0.005638967332 0.005633886245 0.005619133972 0.238593766541 0.005612776168 0.005682761381 0.005647055958 0.005593389703 0.005607101202 0.005698443454 0.005629331606 0.005639585205 0.005445107218 0.005459096563 0.005525302673 0.005590800976 0.005642579689 0.0 0.0 0.0 0.0 0.0 0.0 0.0 0.0 0.0 0.0 0.0 0.0 0.0 0.0 0.0
0.0 0.0 0.0 0.0 0.0 0.0 0.0 0.0 0.0 0.0 0.0 0.0 0.0 0.0 0.0 0.0 0.0 0.0 0.0 0.0 0.0 0.0 0.0 0.0 0.0 0.0 0.0 0.0 0.0 0.0 0.0 0.0 0.0 0.0 0.0 0.0 0.0 0.0 0.0 0.0 0.0 0.0 0.0 0.0 0.0 0.0 0.0 0.0 0.0 0.0 0.005577764285 0.005564226802 0.00558545382 0.005599188693 0.005604247368 0.005558692642 0.005611744014 0.005533288552 0.005501083111 0.005544748743 0.005623124769 0.005534418653 0.005601780862 0.005623193693 0.005569031146 0.005585234363 0.005582264786 0.005447403286 0.005612776168 0.283767567615 0.005531304564 0.005571521967 0.005537496647 0.005615341634 0.005587991675 0.005570511731 0.005510343247 0.005495897762 0.005538280705 0.005505469502 0.005492497767 0.005501493361 0.0 0.0 0.0 0.0 0.0 0.0 0.0 0.0 0.0 0.0 0.0 0.0 0.0 0.0 0.0
0.0 0.0 0.0 0.0 0.0 0.0 0.0 0.0 0.0 0.0 0.0 0.0 0.0 0.0 0.0 0.0 0.0 0.0 0.0 0.0 0.0 0.0 0.0 0.0 0.0 0.0 0.0 0.0 0.0 0.0 0.0 0.0 0.0 0.0 0.0 0.0 0.0 0.0 0.0 0.0 0.0 0.0 0.0 0.0 0.0 0.0 0.0 0.0 0.0 0.0 0.005638662239 0.005621665045 0.005584718209 0.005361811737 0.005287839771 0.005879123337 0.00545335957 0.006051243679 0.006137607364 0.005935994439 0.005460828933 0.005966598841 0.005576425501 0.005401041745 0.005704400687 0.005600226461 0.005583234776 0.006283908568 0.005682761381 0.005531304564 0.38157051326 0.005691976073 0.005691176799 0.005371925734 0.005768260614 0.005645923853 0.006008927257 0.005407805038 0.005250308887 0.00564533983 0.005923806243 0.006072465182 0.0 0.0 0.0 0.0 0.0 0.0 0.0 0.0 0.0 0.0 0.0 0.0 0.0 0.0 0.0
0.0 0.0 0.0 0.0 0.0 0.0 0.0 0.0 0.0 0.0 0.0 0.0 0.0 0.0 0.0 0.0 0.0 0.0 0.0 0.0 0.0 0.0 0.0 0.0 0.0 0.0 0.0 0.0 0.0 0.0 0.0 0.0 0.0 0.0 0.0 0.0 0.0 0.0 0.0 0.0 0.0 0.0 0.0 0.0 0.0 0.0 0.0 0.0 0.0 0.0 0.005624237339 0.005599746123 0.0055949043 0.005518714602 0.005496868677 0.005676201115 0.005550945113 0.005670223322 0.005678537678 0.005661128516 0.005568314609 0.005675442577 0.005595388989 0.00552736011 0.005627584728 0.005597972957 0.005597383956 0.005674537132 0.005647055958 0.005571521967 0.005691976073 0.426461236467 0.005609751068 0.005532369773 0.005639469105 0.00560186939 0.005683178317 0.005487556479 0.005484264889 0.005547605887 0.005649021757 0.005688443165 0.0 0.0 0.0 0.0 0.0 0.0 0.0 0.0 0.0 0.0 0.0 0.0 0.0 0.0 0.0
0.0 0.0 0.0 0.0 0.0 0.0 0.0 0.0 0.0 0.0 0.0 0.0 0.0 0.0 0.0 0.0 0.0 0.0 0.0 0.0 0.0 0.0 0.0 0.0 0.0 0.0 0.0 0.0 0.0 0.0 0.0 0.0 0.0 0.0 0.0 0.0 0.0 0.0 0.0 0.0 0.0 0.0 0.0 0.0 0.0 0.0 0.0 0.0 0.0 0.0 0.00559608045 0.005574634428 0.005565874918 0.005466704716 0.005441947749 0.00565806162 0.005504191906 0.005680968316 0.005705925799 0.005660859614 0.005506717895 0.005680023192 0.005551253472 0.005474291363 0.005598353849 0.005564801688 0.005555496591 0.005736633378 0.005593389703 0.005537496647 0.005691176799 0.005609751068 0.336074739828 0.005471219786 0.005601234426 0.00558301528 0.005695735454 0.005503753362 0.005447920758 0.00559646184 0.005682055816 0.005709258375 0.0 0.0 0.0 0.0 0.0 0.0 0.0 0.0 0.0 0.0 0.0 0.0 0.0 0.0 0.0
0.0 0.0 0.0 0.0 0.0 0.0 0.0 0.0 0.0 0.0 0.0 0.0 0.0 0.0 0.0 0.0 0.0 0.0 0.0 0.0 0.0 0.0 0.0 0.0 0.0 0.0 0.0 0.0 0.0 0.0 0.0 0.0 0.0 0.0 0.0 0.0 0.0 0.0 0.0 0.0 0.0 0.0 0.0 0.0 0.0 0.0 0.0 0.0 0.0 0.0 0.005555391174 0.005546469032 0.005591452339 0.005701132265 0.005736300879 0.005455498759 0.005687195962 0.005370844569 0.005294488194 0.005419042607 0.005705736083 0.005390415087 0.005627016579 0.005729689142 0.00552930357 0.005590100838 0.005593133939 0.005171548354 0.005607101202 0.005615341634 0.005371925734 0.005532369773 0.005471219786 0.350725305522 0.005546884561 0.00554770895 0.005340791674 0.005496732637 0.005626916699 0.005427628676 0.005331803643 0.005306296605 0.0 0.0 0.0 0.0 0.0 0.0 0.0 0.0 0.0 0.0 0.0 0.0 0.0 0.0 0.0
0.0 0.0 0.0 0.0 0.0 0.0 0.0 0.0 0.0 0.0 0.0 0.0 0.0 0.0 0.0 0.0 0.0 0.0 0.0 0.0 0.0 0.0 0.0 0.0 0.0 0.0 0.0 0.0 0.0 0.0 0.0 0.0 0.0 0.0 0.0 0.0 0.0 0.0 0.0 0.0 0.0 0.0 0.0 0.0 0.0 0.0 0.0 0.0 0.0 0.0 0.00562113668 0.005611656792 0.005617312792 0.005529802181 0.005490367039 0.005727584983 0.005593847715 0.005806227681 0.005801274294 0.00575549038 0.005606723139 0.005748963672 0.005640461053 0.005590230308 0.005659645592 0.00563016096 0.005620790948 0.005801138148 0.005698443454 0.005587991675 0.005768260614 0.005639469105 0.005601234426 0.005546884561 0.507426459449 0.005634361826 0.005723231718 0.005428230407 0.00538189051 0.005563589479 0.005665067888 0.005754132905 0.0 0.0 0.0 0.0 0.0 0.0 0.0 0.0 0.0 0.0 0.0 0.0 0.0 0.0 0.0
0.0 0.0 0.0 0.0 0.0 0.0 0.0 0.0 0.0 0.0 0.0 0.0 0.0 0.0 0.0 0.0 0.0 0.0 0.0 0.0 0.0 0.0 0.0 0.0 0.0 0.0 0.0 0.0 0.0 0.0 0.0 0.0 0.0 0.0 0.0 0.0 0.0 0.0 0.0 0.0 0.0 0.0 0.0 0.0 0.0 0.0 0.0 0.0 0.0 0.0 0.00559213482 0.005577159311 0.005588088006 0.005530773235 0.005513127046 0.005636585953 0.00556789244 0.005657048995 0.005653843819 0.005641716679 0.005574791318 0.005641727089 0.005593201241 0.005562221483 0.0056006638 0.005594433213 0.005588101591 0.005647917457 0.005629331606 0.005570511731 0.005645923853 0.00560186939 0.00558301528 0.00554770895 0.005634361826 0.494905798011 0.005631443896 0.005485943318 0.005462756771 0.005564512863 0.005601153704 0.005643655955 0.0 0.0 0.0 0.0 0.0 0.0 0.0 0.0 0.0 0.0 0.0 0.0 0.0 0.0 0.0
0.0 0.0 0.0 0.0 0.0 0.0 0.0 0.0 0.0 0.0 0.0 0.0 0.0 0.0 0.0 0.0 0.0 0.0 0.0 0.0 0.0 0.0 0.0 0.0 0.0 0.0 0.0 0.0 0.0 0.0 0.0 0.0 0.0 0.0 0.0 0.0 0.0 0.0 0.0 0.0 0.0 0.0 0.0 0.0 0.0 0.0 0.0 0.0 0.0 0.0 0.005623415691 0.00560318707 0.005561424071 0.005329352917 0.005260159009 0.005855256458 0.005408595735 0.006002116395 0.006110872961 0.005900285258 0.005410014955 0.005944674901 0.005536665266 0.005345712024 0.005681553226 0.005579400632 0.005565155784 0.006287118553 0.005639585205 0.005510343247 0.006008927257 0.005683178317 0.005695735454 0.005340791674 0.005723231718 0.005631443896 0.576849082619 0.005443660881 0.005279069892 0.005662511482 0.005939666799 0.006074514672 0.0 0.0 0.0 0.0 0.0 0.0 0.0 0.0 0.0 0.0 0.0 0.0 0.0 0.0 0.0
0.0 0.0 0.0 0.0 0.0 0.0 0.0 0.0 0.0 0.0 0.0 0.0 0.0 0.0 0.0 0.0 0.0 0.0 0.0 0.0 0.0 0.0 0.0 0.0 0.0 0.0 0.0 0.0 0.0 0.0 0.0 0.0 0.0 0.0 0.0 0.0 0.0 0.0 0.0 0.0 0.0 0.0 0.0 0.0 0.0 0.0 0.0 0.0 0.0 0.0 0.005490953272 0.005486328165 0.005483500664 0.005498840732 0.005519557831 0.005438156177 0.005473039538 0.005380878124 0.005389243894 0.005414139447 0.00546056491 0.00542521628 0.005461693205 0.005456980298 0.005466181921 0.005483246987 0.005489081146 0.005384345519 0.005445107218 0.005495897762 0.005407805038 0.005487556479 0.005503753362 0.005496732637 0.005428230407 0.005485943318 0.005443660881 0.285869005544 0.005632557852 0.005536199239 0.005476179477 0.005432682795 0.0 0.0 0.0 0.0 0.0 0.0 0.0 0.0 0.0 0.0 0.0 0.0 0.0 0.0 0.0
0.0 0.0 0.0 0.0 0.0 0.0 0.0 0.0 0.0 0.0 0.0 0.0 0.0 0.0 0.0 0.0 0.0 0.0 0.0 0.0 0.0 0.0 0.0 0.0 0.0 0.0 0.0 0.0 0.0 0.0 0.0 0.0 0.0 0.0 0.0 0.0 0.0 0.0 0.0 0.0 0.0 0.0 0.0 0.0 0.0 0.0 0.0 0.0 0.0 0.0 0.005499589017 0.005488939557 0.00549516489 0.005609894766 0.005678542694 0.005349462184 0.005542789405 0.005183616048 0.005145344225 0.005270046719 0.00554970996 0.005273989923 0.005491373603 0.00553815143 0.005442632165 0.005492370222 0.005515990757 0.005041675712 0.005459096563 0.005538280705 0.005250308887 0.005484264889 0.005447920758 0.005626916699 0.00538189051 0.005462756771 0.005279069892 0.005632557852 1.13016497963 0.005416595871 0.005313479753 0.00523078611 0.0 0.0 0.0 0.0 0.0 0.0 0.0 0.0 0.0 0.0 0.0 0.0 0.0 0.0 0.0
0.0 0.0 0.0 0.0 0.0 0.0 0.0 0.0 0.0 0.0 0.0 0.0 0.0 0.0 0.0 0.0 0.0 0.0 0.0 0.0 0.0 0.0 0.0 0.0 0.0 0.0 0.0 0.0 0.0 0.0 0.0 0.0 0.0 0.0 0.0 0.0 0.0 0.0 0.0 0.0 0.0 0.0 0.0 0.0 0.0 0.0 0.0 0.0 0.0 0.0 0.005538346214 0.00552947731 0.005529555922 0.005428784295 0.005403115509 0.005604216695 0.00546762582 0.005670236081 0.005707258423 0.005638336845 0.005447746389 0.005649369956 0.005503655929 0.005446964662 0.005548011774 0.005533149126 0.005515317132 0.005773559236 0.005525302673 0.005505469502 0.00564533983 0.005547605887 0.00559646184 0.005427628676 0.005563589479 0.005564512863 0.005662511482 0.005536199239 0.005416595871 0.368952228428 0.005666107554 0.005694945956 0.0 0.0 0.0 0.0 0.0 0.0 0.0 0.0 0.0 0.0 0.0 0.0 0.0 0.0 0.0
0.0 0.0 0.0 0.0 0.0 0.0 0.0 0.0 0.0 0.0 0.0 0.0 0.0 0.0 0.0 0.0 0.0 0.0 0.0 0.0 0.0 0.0 0.0 0.0 0.0 0.0 0.0 0.0 0.0 0.0 0.0 0.0 0.0 0.0 0.0 0.0 0.0 0.0 0.0 0.0 0.0 0.0 0.0 0.0 0.0 0.0 0.0 0.0 0.0 0.0 0.005604156897 0.005583851383 0.005540082444 0.00533431586 0.005271924178 0.005794807062 0.005400611529 0.005911212292 0.006011421366 0.00583328353 0.005392930167 0.005878908308 0.005513452922 0.00533880773 0.005649613572 0.005553853036 0.005540419307 0.006156072119 0.005590800976 0.005492497767 0.005923806243 0.005649021757 0.005682055816 0.005331803643 0.005665067888 0.005601153704 0.005939666799 0.005476179477 0.005313479753 0.005666107554 0.352643924071 0.00599377881 0.0 0.0 0.0 0.0 0.0 0.0 0.0 0.0 0.0 0.0 0.0 0.0 0.0 0.0 0.0
0.0 0.0 0.0 0.0 0.0 0.0 0.0 0.0 0.0 0.0 0.0 0.0 0.0 0.0 0.0 0.0 0.0 0.0 0.0 0.0 0.0 0.0 0.0 0.0 0.0 0.0 0.0 0.0 0.0 0.0 0.0 0.0 0.0 0.0 0.0 0.0 0.0 0.0 0.0 0.0 0.0 0.0 0.0 0.0 0.0 0.0 0.0 0.0 0.0 0.0 0.005618850242 0.005605034502 0.005557545481 0.005295210755 0.005214083521 0.005894552213 0.005385366014 0.006081227361 0.006205582134 0.005959482259 0.005381573968 0.006003843108 0.005530437957 0.005319160612 0.005694305897 0.00558181158 0.005564999422 0.006395258591 0.005642579689 0.005501493361 0.006072465182 0.005688443165 0.005709258375 0.005306296605 0.005754132905 0.005643655955 0.006074514672 0.005432682795 0.00523078611 0.005694945956 0.00599377881 0.434838508177 0.0 0.0 0.0 0.0 0.0 0.0 0.0 0.0 0.0 0.0 0.0 0.0 0.0 0.0 0.0
0.0 0.0 0.0 0.0 0.0 0.0 0.0 0.0 0.0 0.0 0.0 0.0 0.0 0.0 0.0 0.0 0.0 0.0 0.0 0.0 0.0 0.0 0.0 0.0 0.0 0.0 0.0 0.0 0.0 0.0 0.0 0.0 0.0 0.0 0.0 0.0 0.0 0.0 0.0 0.0 0.0 0.0 0.0 0.0 0.0 0.0 0.0 0.0 0.0 0.0 0.0 0.0 0.0 0.0 0.0 0.0 0.0 0.0 0.0 0.0 0.0 0.0 0.0 0.0 0.0 0.0 0.0 0.0 0.0 0.0 0.0 0.0 0.0 0.0 0.0 0.0 0.0 0.0 0.0 0.0 0.0 0.0 0.209727885836 0.006932155958 0.006688507852 0.006873758925 0.007001105932 0.006975239905 0.006829680831 0.007151513299 0.006964787749 0.007021688145 0.007041857891 0.006952521581 0.006901311335 0.006739438683 0.007025767542
0.0 0.0 0.0 0.0 0.0 0.0 0.0 0.0 0.0 0.0 0.0 0.0 0.0 0.0 0.0 0.0 0.0 0.0 0.0 0.0 0.0 0.0 0.0 0.0 0.0 0.0 0.0 0.0 0.0 0.0 0.0 0.0 0.0 0.0 0.0 0.0 0.0 0.0 0.0 0.0 0.0 0.0 0.0 0.0 0.0 0.0 0.0 0.0 0.0 0.0 0.0 0.0 0.0 0.0 0.0 0.0 0.0 0.0 0.0 0.0 0.0 0.0 0.0 0.0 0.0 0.0 0.0 0.0 0.0 0.0 0.0 0.0 0.0 0.0 0.0 0.0 0.0 0.0 0.0 0.0 0.0 0.0 0.006932155958 0.214019895444 0.006591071496 0.006916671761 0.007143631182 0.007127317895 0.006799034278 0.00753097179 0.00708365854 0.007181458863 0.007181636224 0.007080810527 0.006834838234 0.006807439561 0.007224238325
0.0 0.0 0.0 0.0 0.0 0.0 0.0 0.0 0.0 0.0 0.0 0.0 0.0 0.0 0.0 0.0 0.0 0.0 0.0 0.0 0.0 0.0 0.0 0.0 0.0 0.0 0.0 0.0 0.0 0.0 0.0 0.0 0.0 0.0 0.0 0.0 0.0 0.0 0.0 0.0 0.0 0.0 0.0 0.0 0.0 0.0 0.0 0.0 0.0 0.0 0.0 0.0 0.0 0.0 0.0 0.0 0.0 0.0 0.0 0.0 0.0 0.0 0.0 0.0 0.0 0.0 0.0 0.0 0.0 0.0 0.0 0.0 0.0 0.0 0.0 0.0 0.0 0.0 0.0 0.0 0.0 0.0 0.006688507852 0.006591071496 0.156419836745 0.006683465415 0.006506454751 0.006507556612 0.006789015293 0.006196754157 0.006533125437 0.006466834413 0.006533846918 0.006563698055 0.006847858213 0.00661977879 0.006408817847
0.0 0.0 0.0 0.0 0.0 0.0 0.0 0.0 0.0 0.0 0.0 0.0 0.0 0.0 0.0 0.0 0.0 0.0 0.0 0.0 0.0 0.0 0.0 0.0 0.0 0.0 0.0 0.0 0.0 0.0 0.0 0.0 0.0 0.0 0.0 0.0 0.0 0.0 0.0 0.0 0.0 0.0 0.0 0.0 0.0 0.0 0.0 0.0 0.0 0.0 0.0 0.0 0.0 0.0 0.0 0.0 0.0 0.0 0.0 0.0 0.0 0.0 0.0 0.0 0.0 0.0 0.0 0.0 0.0 0.0 0.0 0.0 0.0 0.0 0.0 0.0 0.0 0.0 0.0 0.0 0.0 0.0 0.006873758925 0.006916671761 0.006683465415 0.214066288751 0.006964460989 0.006953969582 0.006808831705 0.007102327115 0.006939551379 0.006983350254 0.006997186933 0.006936908362 0.006854767299 0.006764644192 0.006992952331
0.0 0.0 0.0 0.0 0.0 0.0 0.0 0.0 0.0 0.0 0.0 0.0 0.0 0.0 0.0 0.0 0.0 0.0 0.0 0.0 0.0 0.0 0.0 0.0 0.0 0.0 0.0 0.0 0.0 0.0 0.0 0.0 0.0 0.0 0.0 0.0 0.0 0.0 0.0 0.0 0.0 0.0 0.0 0.0 0.0 0.0 0.0 0.0 0.0 0.0 0.0 0.0 0.0 0.0 0.0 0.0 0.0 0.0 0.0 0.0 0.0 0.0 0.0 0.0 0.0 0.0 0.0 0.0 0.0 0.0 0.0 0.0 0.0 0.0 0.0 0.0 0.0 0.0 0.0 0.0 0.0 0.0 0.007001105932 0.007143631182 0.006506454751 0.006964460989 0.277181948824 0.00730157674 0.006796079403 0.00786287168 0.007251877227 0.007408863473 0.007354795379 0.007209354532 0.006835610906 0.006852722635 0.00746978637
0.0 0.0 0.0 0.0 0.0 0.0 0.0 0.0 0.0 0.0 0.0 0.0 0.0 0.0 0.0 0.0 0.0 0.0 0.0 0.0 0.0 0.0 0.0 0.0 0.0 0.0 0.0 0.0 0.0 0.0 0.0 0.0 0.0 0.0 0.0 0.0 0.0 0.0 0.0 0.0 0.0 0.0 0.0 0.0 0.0 0.0 0.0 0.0 0.0 0.0 0.0 0.0 0.0 0.0 0.0 0.0 0.0 0.0 0.0 0.0 0.0 0.0 0.0 0.0 0.0 0.0 0.0 0.0 0.0 0.0 0.0 0.0 0.0 0.0 0.0 0.0 0.0 0.0 0.0 0.0 0.0 0.0 0.006975239905 0.007127317895 0.006507556612 0.006953969582 0.00730157674 0.351643984333 0.006775228003 0.007803079278 0.007236218928 0.007384210439 0.007325156391 0.007209433996 0.006813741682 0.006883815395 0.007441297339
0.0 0.0 0.0 0.0 0.0 0.0 0.0 0.0 0.0 0.0 0.0 0.0 0.0 0.0 0.0 0.0 0.0 0.0 0.0 0.0 0.0 0.0 0.0 0.0 0.0 0.0 0.0 0.0 0.0 0.0 0.0 0.0 0.0 0.0 0.0 0.0 0.0 0.0 0.0 0.0 0.0 0.0 0.0 0.0 0.0 0.0 0.0 0.0 0.0 0.0 0.0 0.0 0.0 0.0 0.0 0.0 0.0 0.0 0.0 0.0 0.0 0.0 0.0 0.0 0.0 0.0 0.0 0.0 0.0 0.0 0.0 0.0 0.0 0.0 0.0 0.0 0.0 0.0 0.0 0.0 0.0 0.0 0.006829680831 0.006799034278 0.006789015293 0.006808831705 0.006796079403 0.006775228003 0.144961312115 0.006728100496 0.006787669699 0.0067873594 0.006830469839 0.006789873115 0.006902420448 0.006687830778 0.006761396342
0.0 0.0 0.0 0.0 0.0 0.0 0.0 0.0 0.0 0.0 0.0 0.0 0.0 0.0 0.0 0.0 0.0 0.0 0.0 0.0 0.0 0.0 0.0 0.0 0.0 0.0 0.0 0.0 0.0 0.0 0.0 0.0 0.0 0.0 0.0 0.0 0.0 0.0 0.0 0.0 0.0 0.0 0.0 0.0 0.0 0.0 0.0 0.0 0.0 0.0 0.0 0.0 0.0 0.0 0.0 0.0 0.0 0.0 0.0 0.0 0.0 0.0 0.0 0.0 0.0 0.0 0.0 0.0 0.0 0.0 0.0 0.0 0.0 0.0 0.0 0.0 0.0 0.0 0.0 0.0 0.0 0.0 0.007151513299 0.00753097179 0.006196754157 0.007102327115 0.00786287168 0.007803079278 0.006728100496 0.635165994855 0.007619938083 0.008013078017 0.007964397017 0.007643503026 0.006707967285 0.006918630664 0.008210106565
0.0 0.0 0.0 0.0 0.0 0.0 0.0 0.0 0.0 0.0 0.0 0.0 0.0 0.0 0.0 0.0 0.0 0.0 0.0 0.0 0.0 0.0 0.0 0.0 0.0 0.0 0.0 0.0 0.0 0.0 0.0 0.0 0.0 0.0 0.0 0.0 0.0 0.0 0.0 0.0 0.0 0.0 0.0 0.0 0.0 0.0 0.0 0.0 0.0 0.0 0.0 0.0 0.0 0.0 0.0 0.0 0.0 0.0 0.0 0.0 0.0 0.0 0.0 0.0 0.0 0.0 0.0 0.0 0.0 0.0 0.0 0.0 0.0 0.0 0.0 0.0 0.0 0.0 0.0 0.0 0.0 0.0 0.006964787749 0.00708365854 0.006533125437 0.006939551379 0.007251877227 0.007236218928 0.006787669699 0.007619938083 1.47290656527 0.007333733991 0.007251838616 0.00714580219 0.006818065414 0.006867237786 0.007379387773
0.0 0.0 0.0 0.0 0.0 0.0 0.0 0.0 0.0 0.0 0.0 0.0 0.0 0.0 0.0 0.0 0.0 0.0 0.0 0.0 0.0 0.0 0.0 0.0 0.0 0.0 0.0 0.0 0.0 0.0 0.0 0.0 0.0 0.0 0.0 0.0 0.0 0.0 0.0 0.0 0.0 0.0 0.0 0.0 0.0 0.0 0.0 0.0 0.0 0.0 0.0 0.0 0.0 0.0 0.0 0.0 0.0 0.0 0.0 0.0 0.0 0.0 0.0 0.0 0.0 0.0 0.0 0.0 0.0 0.0 0.0 0.0 0.0 0.0 0.0 0.0 0.0 0.0 0.0 0.0 0.0 0.0 0.007021688145 0.007181458863 0.006466834413 0.006983350254 0.007408863473 0.007384210439 0.0067873594 0.008013078017 0.007333733991 1.90127541193 0.007420427753 0.007267966582 0.006826335457 0.006892150047 0.007584520009
0.0 0.0 0.0 0.0 0.0 0.0 0.0 0.0 0.0 0.0 0.0 0.0 0.0 0.0 0.0 0.0 0.0 0.0 0.0 0.0 0.0 0.0 0.0 0.0 0.0 0.0 0.0 0.0 0.0 0.0 0.0 0.0 0.0 0.0 0.0 0.0 0.0 0.0 0.0 0.0 0.0 0.0 0.0 0.0 0.0 0.0 0.0 0.0 0.0 0.0 0.0 0.0 0.0 0.0 0.0 0.0 0.0 0.0 0.0 0.0 0.0 0.0 0.0 0.0 0.0 0.0 0.0 0.0 0.0 0.0 0.0 0.0 0.0 0.0 0.0 0.0 0.0 0.0 0.0 0.0 0.0 0.0 0.007041857891 0.007181636224 0.006533846918 0.006997186933 0.007354795379 0.007325156391 0.006830469839 0.007964397017 0.007251838616 0.007420427753 0.807200942273 0.007253664744 0.006909152507 0.006826363148 0.007477863031
0.0 0.0 0.0 0.0 0.0 0.0 0.0 0.0 0.0 0.0 0.0 0.0 0.0 0.0 0.0 0.0 0.0 0.0 0.0 0.0 0.0 0.0 0.0 0.0 0.0 0.0 0.0 0.0 0.0 0.0 0.0 0.0 0.0 0.0 0.0 0.0 0.0 0.0 0.0 0.0 0.0 0.0 0.0 0.0 0.0 0.0 0.0 0.0 0.0 0.0 0.0 0.0 0.0 0.0 0.0 0.0 0.0 0.0 0.0 0.0 0.0 0.0 0.0 0.0 0.0 0.0 0.0 0.0 0.0 0.0 0.0 0.0 0.0 0.0 0.0 0.0 0.0 0.0 0.0 0.0 0.0 0.0 0.006952521581 0.007080810527 0.006563698055 0.006936908362 0.007209354532 0.007209433996 0.006789873115 0.007643503026 0.00714580219 0.007267966582 0.007253664744 0.3127378203 0.006839012667 0.006842446115 0.00731236927
0.0 0.0 0.0 0.0 0.0 0.0 0.0 0.0 0.0 0.0 0.0 0.0 0.0 0.0 0.0 0.0 0.0 0.0 0.0 0.0 0.0 0.0 0.0 0.0 0.0 0.0 0.0 0.0 0.0 0.0 0.0 0.0 0.0 0.0 0.0 0.0 0.0 0.0 0.0 0.0 0.0 0.0 0.0 0.0 0.0 0.0 0.0 0.0 0.0 0.0 0.0 0.0 0.0 0.0 0.0 0.0 0.0 0.0 0.0 0.0 0.0 0.0 0.0 0.0 0.0 0.0 0.0 0.0 0.0 0.0 0.0 0.0 0.0 0.0 0.0 0.0 0.0 0.0 0.0 0.0 0.0 0.0 0.006901311335 0.006834838234 0.006847858213 0.006854767299 0.006835610906 0.006813741682 0.006902420448 0.006707967285 0.006818065414 0.006826335457 0.006909152507 0.006839012667 0.374330606835 0.006662556549 0.006770959196
0.0 0.0 0.0 0.0 0.0 0.0 0.0 0.0 0.0 0.0 0.0 0.0 0.0 0.0 0.0 0.0 0.0 0.0 0.0 0.0 0.0 0.0 0.0 0.0 0.0 0.0 0.0 0.0 0.0 0.0 0.0 0.0 0.0 0.0 0.0 0.0 0.0 0.0 0.0 0.0 0.0 0.0 0.0 0.0 0.0 0.0 0.0 0.0 0.0 0.0 0.0 0.0 0.0 0.0 0.0 0.0 0.0 0.0 0.0 0.0 0.0 0.0 0.0 0.0 0.0 0.0 0.0 0.0 0.0 0.0 0.0 0.0 0.0 0.0 0.0 0.0 0.0 0.0 0.0 0.0 0.0 0.0 0.006739438683 0.006807439561 0.00661977879 0.006764644192 0.006852722635 0.006883815395 0.006687830778 0.006918630664 0.006867237786 0.006892150047 0.006826363148 0.006842446115 0.006662556549 0.131487466618 0.006907631226
0.0 0.0 0.0 0.0 0.0 0.0 0.0 0.0 0.0 0.0 0.0 0.0 0.0 0.0 0.0 0.0 0.0 0.0 0.0 0.0 0.0 0.0 0.0 0.0 0.0 0.0 0.0 0.0 0.0 0.0 0.0 0.0 0.0 0.0 0.0 0.0 0.0 0.0 0.0 0.0 0.0 0.0 0.0 0.0 0.0 0.0 0.0 0.0 0.0 0.0 0.0 0.0 0.0 0.0 0.0 0.0 0.0 0.0 0.0 0.0 0.0 0.0 0.0 0.0 0.0 0.0 0.0 0.0 0.0 0.0 0.0 0.0 0.0 0.0 0.0 0.0 0.0 0.0 0.0 0.0 0.0 0.0 0.007025767542 0.007224238325 0.006408817847 0.006992952331 0.00746978637 0.007441297339 0.006761396342 0.008210106565 0.007379387773 0.007584520009 0.007477863031 0.00731236927 0.006770959196 0.006907631226 0.305859526764
