# converted by J. Guy, 2010-10-18
# from Matheson et al. 2008AJ....135.1598M
@Redshift 0.003699
@FORMAT STD
@Date 51009
@SELECTED_FOR_SNLS3_TRAINING 1
@SN sn1998aq
@SURVEY CFA_LOWZ_SPEC
@Source Matheson
#WAVE : wavelength, observer frame, in A
#FLUX : erg/s/cm2/A
#ERR  : statistical uncertainty on flux
#VALID : 1=ok 0=ignore
#end
3720 4.81647e-15 3.49779e-16 1
3721.5 4.83683e-15 3.49779e-16 1
3723 5.03157e-15 3.49779e-16 1
3724.5 5.09436e-15 3.49779e-16 1
3726 5.30077e-15 3.49779e-16 1
3727.5 5.45542e-15 3.49779e-16 1
3729 4.81474e-15 3.49779e-16 1
3730.5 5.22257e-15 3.49779e-16 1
3732 5.55896e-15 3.49779e-16 1
3733.5 5.00536e-15 3.49779e-16 1
3735 4.95958e-15 3.49779e-16 1
3736.5 5.25622e-15 3.49779e-16 1
3738 5.60549e-15 3.49779e-16 1
3739.5 5.49875e-15 3.49779e-16 1
3741 5.49507e-15 3.49779e-16 1
3742.5 5.50861e-15 3.49779e-16 1
3744 5.10286e-15 3.49779e-16 1
3745.5 5.29128e-15 3.49779e-16 1
3747 5.74516e-15 3.49779e-16 1
3748.5 5.62387e-15 3.49779e-16 1
3750 5.15069e-15 3.49779e-16 1
3751.5 5.16099e-15 3.49779e-16 1
3753 5.14925e-15 3.49779e-16 1
3754.5 4.72742e-15 3.49779e-16 1
3756 5.20253e-15 3.49779e-16 1
3757.5 5.21314e-15 3.49779e-16 1
3759 5.50828e-15 3.49779e-16 1
3760.5 5.24316e-15 3.49779e-16 1
3762 5.1865e-15 3.49779e-16 1
3763.5 4.7986e-15 3.49779e-16 1
3765 4.94008e-15 3.49779e-16 1
3766.5 5.48756e-15 3.49779e-16 1
3768 5.06727e-15 3.49779e-16 1
3769.5 5.95475e-15 3.49779e-16 1
3771 5.16045e-15 3.49779e-16 1
3772.5 5.21339e-15 3.49779e-16 1
3774 5.14354e-15 3.49779e-16 1
3775.5 4.99933e-15 3.49779e-16 1
3777 4.81979e-15 3.49779e-16 1
3778.5 4.68928e-15 3.49779e-16 1
3780 4.34359e-15 3.49779e-16 1
3781.5 4.13214e-15 3.49779e-16 1
3783 4.23635e-15 3.49779e-16 1
3784.5 3.79081e-15 3.49779e-16 1
3786 3.49398e-15 3.49779e-16 1
3787.5 3.65314e-15 3.49779e-16 1
3789 3.36534e-15 3.49779e-16 1
3790.5 3.09561e-15 3.49779e-16 1
3792 2.84867e-15 3.49779e-16 1
3793.5 2.73335e-15 3.49779e-16 1
3795 2.99313e-15 3.49779e-16 1
3796.5 3.21101e-15 3.49779e-16 1
3798 2.89644e-15 3.49779e-16 1
3799.5 2.65022e-15 3.49779e-16 1
3801 2.90441e-15 3.49779e-16 1
3802.5 2.64513e-15 3.49779e-16 1
3804 2.32434e-15 3.49779e-16 1
3805.5 2.22761e-15 3.49779e-16 1
3807 2.27451e-15 3.49779e-16 1
3808.5 2.27928e-15 3.49779e-16 1
3810 2.35807e-15 3.49779e-16 1
3811.5 1.90078e-15 3.49779e-16 1
3813 1.81154e-15 3.49779e-16 1
3814.5 2.07354e-15 3.49779e-16 1
3816 1.79074e-15 3.49779e-16 1
3817.5 1.64753e-15 3.49779e-16 1
3819 1.6278e-15 3.49779e-16 1
3820.5 1.7312e-15 2.63108e-16 1
3822 2.09162e-15 2.63108e-16 1
3823.5 2.18633e-15 2.63108e-16 1
3825 1.89954e-15 2.63108e-16 1
3826.5 1.36304e-15 2.63108e-16 1
3828 1.21504e-15 2.63108e-16 1
3829.5 1.44586e-15 2.63108e-16 1
3831 1.82979e-15 2.63108e-16 1
3832.5 2.14276e-15 2.63108e-16 1
3834 1.54874e-15 2.63108e-16 1
3835.5 1.65467e-15 2.63108e-16 1
3837 1.49419e-15 2.63108e-16 1
3838.5 1.47102e-15 2.63108e-16 1
3840 1.4175e-15 2.63108e-16 1
3841.5 1.07845e-15 2.63108e-16 1
3843 1.15791e-15 2.63108e-16 1
3844.5 9.31367e-16 2.63108e-16 1
3846 1.18663e-15 2.63108e-16 1
3847.5 1.48292e-15 2.63108e-16 1
3849 1.52024e-15 2.63108e-16 1
3850.5 1.71903e-15 2.63108e-16 1
3852 1.39561e-15 2.63108e-16 1
3853.5 1.81879e-15 2.63108e-16 1
3855 1.98786e-15 2.63108e-16 1
3856.5 2.06484e-15 2.63108e-16 1
3858 1.81419e-15 2.63108e-16 1
3859.5 1.60066e-15 2.63108e-16 1
3861 2.10228e-15 2.63108e-16 1
3862.5 2.27333e-15 2.63108e-16 1
3864 2.09026e-15 2.63108e-16 1
3865.5 2.06231e-15 2.63108e-16 1
3867 2.25667e-15 2.63108e-16 1
3868.5 2.21886e-15 2.63108e-16 1
3870 2.27445e-15 2.63108e-16 1
3871.5 2.50995e-15 2.63108e-16 1
3873 2.33519e-15 2.63108e-16 1
3874.5 2.42918e-15 2.63108e-16 1
3876 2.6784e-15 2.63108e-16 1
3877.5 2.94442e-15 2.63108e-16 1
3879 3.22853e-15 2.63108e-16 1
3880.5 3.30159e-15 2.63108e-16 1
3882 3.434e-15 2.63108e-16 1
3883.5 3.22262e-15 2.63108e-16 1
3885 3.17371e-15 2.63108e-16 1
3886.5 3.29322e-15 2.63108e-16 1
3888 3.6527e-15 2.63108e-16 1
3889.5 3.9097e-15 2.63108e-16 1
3891 3.88931e-15 2.63108e-16 1
3892.5 3.95218e-15 2.63108e-16 1
3894 3.63862e-15 2.63108e-16 1
3895.5 3.5361e-15 2.63108e-16 1
3897 3.99467e-15 2.63108e-16 1
3898.5 3.99523e-15 2.63108e-16 1
3900 3.90584e-15 2.63108e-16 1
3901.5 4.025e-15 2.63108e-16 1
3903 3.87696e-15 2.63108e-16 1
3904.5 3.88968e-15 2.63108e-16 1
3906 3.85346e-15 2.63108e-16 1
3907.5 3.96801e-15 2.63108e-16 1
3909 3.80314e-15 2.63108e-16 1
3910.5 3.97827e-15 2.63108e-16 1
3912 4.17543e-15 2.63108e-16 1
3913.5 4.46797e-15 2.63108e-16 1
3915 4.0586e-15 2.63108e-16 1
3916.5 4.51261e-15 2.63108e-16 1
3918 4.89742e-15 2.63108e-16 1
3919.5 4.56933e-15 2.63108e-16 1
3921 4.46555e-15 2.12622e-16 1
3922.5 4.33883e-15 2.12622e-16 1
3924 4.54589e-15 2.12622e-16 1
3925.5 4.71755e-15 2.12622e-16 1
3927 4.60873e-15 2.12622e-16 1
3928.5 4.61688e-15 2.12622e-16 1
3930 5.07047e-15 2.12622e-16 1
3931.5 4.77247e-15 2.12622e-16 1
3933 5.05328e-15 2.12622e-16 1
3934.5 4.86953e-15 2.12622e-16 1
3936 5.01042e-15 2.12622e-16 1
3937.5 5.16965e-15 2.12622e-16 1
3939 5.21048e-15 2.12622e-16 1
3940.5 5.30566e-15 2.12622e-16 1
3942 5.20601e-15 2.12622e-16 1
3943.5 5.18745e-15 2.12622e-16 1
3945 5.26094e-15 2.12622e-16 1
3946.5 5.20605e-15 2.12622e-16 1
3948 5.15638e-15 2.12622e-16 1
3949.5 5.58138e-15 2.12622e-16 1
3951 5.76105e-15 2.12622e-16 1
3952.5 5.80418e-15 2.12622e-16 1
3954 5.64146e-15 2.12622e-16 1
3955.5 5.1343e-15 2.12622e-16 1
3957 5.32164e-15 2.12622e-16 1
3958.5 5.51863e-15 2.12622e-16 1
3960 5.32774e-15 2.12622e-16 1
3961.5 5.22332e-15 2.12622e-16 1
3963 5.24973e-15 2.12622e-16 1
3964.5 5.53835e-15 2.12622e-16 1
3966 5.75036e-15 2.12622e-16 1
3967.5 5.6212e-15 2.12622e-16 1
3969 5.2567e-15 2.12622e-16 1
3970.5 5.48936e-15 2.12622e-16 1
3972 5.86233e-15 2.12622e-16 1
3973.5 5.9763e-15 2.12622e-16 1
3975 5.8601e-15 2.12622e-16 1
3976.5 5.38973e-15 2.12622e-16 1
3978 5.69122e-15 2.12622e-16 1
3979.5 5.86389e-15 2.12622e-16 1
3981 5.46521e-15 2.12622e-16 1
3982.5 5.20994e-15 2.12622e-16 1
3984 5.82174e-15 2.12622e-16 1
3985.5 5.7012e-15 2.12622e-16 1
3987 5.40341e-15 2.12622e-16 1
3988.5 5.43125e-15 2.12622e-16 1
3990 5.45186e-15 2.12622e-16 1
3991.5 5.52422e-15 2.12622e-16 1
3993 5.4995e-15 2.12622e-16 1
3994.5 5.73175e-15 2.12622e-16 1
3996 5.64008e-15 2.12622e-16 1
3997.5 5.62504e-15 2.12622e-16 1
3999 5.9943e-15 2.12622e-16 1
4000.5 6.01333e-15 2.12622e-16 1
4002 5.6137e-15 2.12622e-16 1
4003.5 5.35321e-15 2.12622e-16 1
4005 5.26876e-15 2.12622e-16 1
4006.5 5.24718e-15 2.12622e-16 1
4008 5.2256e-15 2.12622e-16 1
4009.5 5.20402e-15 2.12622e-16 1
4011 5.18244e-15 2.12622e-16 1
4012.5 5.16086e-15 2.12622e-16 1
4014 5.13928e-15 2.12622e-16 1
4015.5 5.11769e-15 2.12622e-16 1
4017 5.11769e-15 2.12622e-16 1
4018.5 5.09605e-15 2.12622e-16 1
4020 5.11521e-15 2.15413e-16 1
4021.5 5.12352e-15 2.15413e-16 1
4023 5.17468e-15 2.15413e-16 1
4024.5 4.90732e-15 2.15413e-16 1
4026 4.85149e-15 2.15413e-16 1
4027.5 4.97143e-15 2.15413e-16 1
4029 4.9637e-15 2.15413e-16 1
4030.5 4.95379e-15 2.15413e-16 1
4032 4.93373e-15 2.15413e-16 1
4033.5 4.66101e-15 2.15413e-16 1
4035 4.22744e-15 2.15413e-16 1
4036.5 4.22395e-15 2.15413e-16 1
4038 4.3706e-15 2.15413e-16 1
4039.5 4.5285e-15 2.15413e-16 1
4041 4.15916e-15 2.15413e-16 1
4042.5 4.28481e-15 2.15413e-16 1
4044 4.19297e-15 2.15413e-16 1
4045.5 3.94485e-15 2.15413e-16 1
4047 3.46444e-15 2.15413e-16 1
4048.5 3.93382e-15 2.15413e-16 1
4050 3.99584e-15 2.15413e-16 1
4051.5 4.00482e-15 2.15413e-16 1
4053 3.9955e-15 2.15413e-16 1
4054.5 4.00472e-15 2.15413e-16 1
4056 3.95103e-15 2.15413e-16 1
4057.5 3.74116e-15 2.15413e-16 1
4059 3.83047e-15 2.15413e-16 1
4060.5 3.58474e-15 2.15413e-16 1
4062 3.42218e-15 2.15413e-16 1
4063.5 3.37603e-15 2.15413e-16 1
4065 3.37084e-15 2.15413e-16 1
4066.5 3.24921e-15 2.15413e-16 1
4068 3.27338e-15 2.15413e-16 1
4069.5 3.32368e-15 2.15413e-16 1
4071 3.31605e-15 2.15413e-16 1
4072.5 3.63329e-15 2.15413e-16 1
4074 3.73035e-15 2.15413e-16 1
4075.5 3.49047e-15 2.15413e-16 1
4077 3.28851e-15 2.15413e-16 1
4078.5 3.47529e-15 2.15413e-16 1
4080 3.47856e-15 2.15413e-16 1
4081.5 3.44155e-15 2.15413e-16 1
4083 3.77066e-15 2.15413e-16 1
4084.5 3.73904e-15 2.15413e-16 1
4086 3.38818e-15 2.15413e-16 1
4087.5 3.34883e-15 2.15413e-16 1
4089 3.4066e-15 2.15413e-16 1
4090.5 3.48489e-15 2.15413e-16 1
4092 3.42294e-15 2.15413e-16 1
4093.5 3.28269e-15 2.15413e-16 1
4095 3.49316e-15 2.15413e-16 1
4096.5 3.46737e-15 2.15413e-16 1
4098 3.15908e-15 2.15413e-16 1
4099.5 3.05805e-15 2.15413e-16 1
4101 3.40102e-15 2.15413e-16 1
4102.5 3.59347e-15 2.15413e-16 1
4104 3.12502e-15 2.15413e-16 1
4105.5 2.9371e-15 2.15413e-16 1
4107 3.03527e-15 2.15413e-16 1
4108.5 3.18961e-15 2.15413e-16 1
4110 3.44768e-15 2.15413e-16 1
4111.5 3.37138e-15 2.15413e-16 1
4113 2.92676e-15 2.15413e-16 1
4114.5 2.6398e-15 2.15413e-16 1
4116 2.8345e-15 2.15413e-16 1
4117.5 2.84603e-15 2.15413e-16 1
4119 2.78495e-15 2.15413e-16 1
4120.5 3.06013e-15 1.25967e-16 1
4122 2.9532e-15 1.25967e-16 1
4123.5 3.06401e-15 1.25967e-16 1
4125 3.30275e-15 1.25967e-16 1
4126.5 3.14895e-15 1.25967e-16 1
4128 2.9943e-15 1.25967e-16 1
4129.5 2.7921e-15 1.25967e-16 1
4131 2.73132e-15 1.25967e-16 1
4132.5 2.84419e-15 1.25967e-16 1
4134 2.97509e-15 1.25967e-16 1
4135.5 3.29621e-15 1.25967e-16 1
4137 3.2147e-15 1.25967e-16 1
4138.5 3.02276e-15 1.25967e-16 1
4140 3.17843e-15 1.25967e-16 1
4141.5 3.15379e-15 1.25967e-16 1
4143 3.4116e-15 1.25967e-16 1
4144.5 3.16793e-15 1.25967e-16 1
4146 3.14905e-15 1.25967e-16 1
4147.5 3.05689e-15 1.25967e-16 1
4149 2.98368e-15 1.25967e-16 1
4150.5 3.06808e-15 1.25967e-16 1
4152 3.16261e-15 1.25967e-16 1
4153.5 3.20522e-15 1.25967e-16 1
4155 3.21678e-15 1.25967e-16 1
4156.5 3.2353e-15 1.25967e-16 1
4158 3.18131e-15 1.25967e-16 1
4159.5 2.99724e-15 1.25967e-16 1
4161 3.17292e-15 1.25967e-16 1
4162.5 3.28755e-15 1.25967e-16 1
4164 3.34262e-15 1.25967e-16 1
4165.5 3.34841e-15 1.25967e-16 1
4167 3.07143e-15 1.25967e-16 1
4168.5 3.14307e-15 1.25967e-16 1
4170 3.27186e-15 1.25967e-16 1
4171.5 3.11442e-15 1.25967e-16 1
4173 3.21093e-15 1.25967e-16 1
4174.5 3.26811e-15 1.25967e-16 1
4176 3.09768e-15 1.25967e-16 1
4177.5 3.21074e-15 1.25967e-16 1
4179 3.2477e-15 1.25967e-16 1
4180.5 3.2701e-15 1.25967e-16 1
4182 3.35773e-15 1.25967e-16 1
4183.5 3.38709e-15 1.25967e-16 1
4185 3.2529e-15 1.25967e-16 1
4186.5 3.35455e-15 1.25967e-16 1
4188 3.34563e-15 1.25967e-16 1
4189.5 3.3926e-15 1.25967e-16 1
4191 3.42817e-15 1.25967e-16 1
4192.5 3.32335e-15 1.25967e-16 1
4194 3.34154e-15 1.25967e-16 1
4195.5 3.32588e-15 1.25967e-16 1
4197 3.36912e-15 1.25967e-16 1
4198.5 3.34178e-15 1.25967e-16 1
4200 3.56652e-15 1.25967e-16 1
4201.5 3.52845e-15 1.25967e-16 1
4203 3.35062e-15 1.25967e-16 1
4204.5 3.70338e-15 1.25967e-16 1
4206 3.48207e-15 1.25967e-16 1
4207.5 3.3594e-15 1.25967e-16 1
4209 3.40755e-15 1.25967e-16 1
4210.5 3.58538e-15 1.25967e-16 1
4212 3.79378e-15 1.25967e-16 1
4213.5 3.62295e-15 1.25967e-16 1
4215 3.43405e-15 1.25967e-16 1
4216.5 3.61924e-15 1.25967e-16 1
4218 3.53032e-15 1.25967e-16 1
4219.5 3.47932e-15 1.25967e-16 1
4221 3.61989e-15 1.06979e-16 1
4222.5 3.61123e-15 1.06979e-16 1
4224 3.61615e-15 1.06979e-16 1
4225.5 3.59369e-15 1.06979e-16 1
4227 3.59765e-15 1.06979e-16 1
4228.5 3.7375e-15 1.06979e-16 1
4230 3.72971e-15 1.06979e-16 1
4231.5 3.69612e-15 1.06979e-16 1
4233 3.57469e-15 1.06979e-16 1
4234.5 3.43983e-15 1.06979e-16 1
4236 3.57764e-15 1.06979e-16 1
4237.5 3.64777e-15 1.06979e-16 1
4239 3.54265e-15 1.06979e-16 1
4240.5 3.46384e-15 1.06979e-16 1
4242 3.54429e-15 1.06979e-16 1
4243.5 3.69002e-15 1.06979e-16 1
4245 3.66435e-15 1.06979e-16 1
4246.5 3.59045e-15 1.06979e-16 1
4248 3.58377e-15 1.06979e-16 1
4249.5 3.50606e-15 1.06979e-16 1
4251 3.55091e-15 1.06979e-16 1
4252.5 3.75353e-15 1.06979e-16 1
4254 3.81502e-15 1.06979e-16 1
4255.5 3.66027e-15 1.06979e-16 1
4257 3.43535e-15 1.06979e-16 1
4258.5 3.55674e-15 1.06979e-16 1
4260 3.69313e-15 1.06979e-16 1
4261.5 3.6918e-15 1.06979e-16 1
4263 3.66572e-15 1.06979e-16 1
4264.5 3.70032e-15 1.06979e-16 1
4266 3.57205e-15 1.06979e-16 1
4267.5 3.5234e-15 1.06979e-16 1
4269 3.58715e-15 1.06979e-16 1
4270.5 3.36716e-15 1.06979e-16 1
4272 3.6244e-15 1.06979e-16 1
4273.5 3.78551e-15 1.06979e-16 1
4275 3.87225e-15 1.06979e-16 1
4276.5 3.91889e-15 1.06979e-16 1
4278 3.68496e-15 1.06979e-16 1
4279.5 3.73077e-15 1.06979e-16 1
4281 3.75913e-15 1.06979e-16 1
4282.5 3.80086e-15 1.06979e-16 1
4284 3.71463e-15 1.06979e-16 1
4285.5 3.7187e-15 1.06979e-16 1
4287 3.67264e-15 1.06979e-16 1
4288.5 3.85508e-15 1.06979e-16 1
4290 3.92602e-15 1.06979e-16 1
4291.5 3.70622e-15 1.06979e-16 1
4293 3.73825e-15 1.06979e-16 1
4294.5 3.87525e-15 1.06979e-16 1
4296 3.6805e-15 1.06979e-16 1
4297.5 3.75853e-15 1.06979e-16 1
4299 3.75849e-15 1.06979e-16 1
4300.5 3.70701e-15 1.06979e-16 1
4302 3.8425e-15 1.06979e-16 1
4303.5 4.07788e-15 1.06979e-16 1
4305 4.02471e-15 1.06979e-16 1
4306.5 3.93793e-15 1.06979e-16 1
4308 3.91585e-15 1.06979e-16 1
4309.5 4.0254e-15 1.06979e-16 1
4311 4.05709e-15 1.06979e-16 1
4312.5 4.06686e-15 1.06979e-16 1
4314 4.04501e-15 1.06979e-16 1
4315.5 3.90399e-15 1.06979e-16 1
4317 3.81053e-15 1.06979e-16 1
4318.5 4.02276e-15 1.06979e-16 1
4320 4.11812e-15 1.45912e-16 1
4321.5 4.11152e-15 1.45912e-16 1
4323 4.01453e-15 1.45912e-16 1
4324.5 4.15061e-15 1.45912e-16 1
4326 4.17921e-15 1.45912e-16 1
4327.5 4.19444e-15 1.45912e-16 1
4329 4.13876e-15 1.45912e-16 1
4330.5 4.14001e-15 1.45912e-16 1
4332 4.28676e-15 1.45912e-16 1
4333.5 4.19412e-15 1.45912e-16 1
4335 4.13589e-15 1.45912e-16 1
4336.5 4.27357e-15 1.45912e-16 1
4338 4.18544e-15 1.45912e-16 1
4339.5 4.30131e-15 1.45912e-16 1
4341 4.53187e-15 1.45912e-16 1
4342.5 4.48239e-15 1.45912e-16 1
4344 4.3674e-15 1.45912e-16 1
4345.5 4.45468e-15 1.45912e-16 1
4347 4.30534e-15 1.45912e-16 1
4348.5 4.48845e-15 1.45912e-16 1
4350 4.414e-15 1.45912e-16 1
4351.5 4.57037e-15 1.45912e-16 1
4353 4.56491e-15 1.45912e-16 1
4354.5 4.2532e-15 1.45912e-16 1
4356 4.36182e-15 1.45912e-16 1
4357.5 4.28855e-15 1.45912e-16 1
4359 4.35373e-15 1.45912e-16 1
4360.5 4.28531e-15 1.45912e-16 1
4362 4.28939e-15 1.45912e-16 1
4363.5 4.47579e-15 1.45912e-16 1
4365 4.17179e-15 1.45912e-16 1
4366.5 4.09971e-15 1.45912e-16 1
4368 4.27318e-15 1.45912e-16 1
4369.5 4.31373e-15 1.45912e-16 1
4371 4.03923e-15 1.45912e-16 1
4372.5 3.79664e-15 1.45912e-16 1
4374 3.80432e-15 1.45912e-16 1
4375.5 3.79484e-15 1.45912e-16 1
4377 3.58901e-15 1.45912e-16 1
4378.5 3.54415e-15 1.45912e-16 1
4380 3.5789e-15 1.45912e-16 1
4381.5 3.56968e-15 1.45912e-16 1
4383 3.44326e-15 1.45912e-16 1
4384.5 3.26969e-15 1.45912e-16 1
4386 3.16659e-15 1.45912e-16 1
4387.5 3.16091e-15 1.45912e-16 1
4389 3.14466e-15 1.45912e-16 1
4390.5 3.10451e-15 1.45912e-16 1
4392 3.15808e-15 1.45912e-16 1
4393.5 3.0173e-15 1.45912e-16 1
4395 2.92481e-15 1.45912e-16 1
4396.5 2.90671e-15 1.45912e-16 1
4398 2.76625e-15 1.45912e-16 1
4399.5 2.75782e-15 1.45912e-16 1
4401 2.86684e-15 1.45912e-16 1
4402.5 2.79064e-15 1.45912e-16 1
4404 2.62091e-15 1.45912e-16 1
4405.5 2.5432e-15 1.45912e-16 1
4407 2.58308e-15 1.45912e-16 1
4408.5 2.48797e-15 1.45912e-16 1
4410 2.28048e-15 1.45912e-16 1
4411.5 2.29688e-15 1.45912e-16 1
4413 2.55683e-15 1.45912e-16 1
4414.5 2.49143e-15 1.45912e-16 1
4416 2.42809e-15 1.45912e-16 1
4417.5 2.43391e-15 1.45912e-16 1
4419 2.53319e-15 1.45912e-16 1
4420.5 2.47936e-15 1.02444e-16 1
4422 2.44487e-15 1.02444e-16 1
4423.5 2.16193e-15 1.02444e-16 1
4425 2.13345e-15 1.02444e-16 1
4426.5 2.10533e-15 1.02444e-16 1
4428 2.14978e-15 1.02444e-16 1
4429.5 2.32116e-15 1.02444e-16 1
4431 2.27372e-15 1.02444e-16 1
4432.5 2.09897e-15 1.02444e-16 1
4434 2.31436e-15 1.02444e-16 1
4435.5 2.24028e-15 1.02444e-16 1
4437 2.19248e-15 1.02444e-16 1
4438.5 2.27286e-15 1.02444e-16 1
4440 2.07039e-15 1.02444e-16 1
4441.5 2.08408e-15 1.02444e-16 1
4443 2.16786e-15 1.02444e-16 1
4444.5 2.20829e-15 1.02444e-16 1
4446 2.13581e-15 1.02444e-16 1
4447.5 1.88278e-15 1.02444e-16 1
4449 1.88764e-15 1.02444e-16 1
4450.5 2.10701e-15 1.02444e-16 1
4452 2.1913e-15 1.02444e-16 1
4453.5 2.18289e-15 1.02444e-16 1
4455 2.22872e-15 1.02444e-16 1
4456.5 2.19359e-15 1.02444e-16 1
4458 2.16086e-15 1.02444e-16 1
4459.5 2.18153e-15 1.02444e-16 1
4461 2.29833e-15 1.02444e-16 1
4462.5 2.42163e-15 1.02444e-16 1
4464 2.25417e-15 1.02444e-16 1
4465.5 2.2138e-15 1.02444e-16 1
4467 2.18336e-15 1.02444e-16 1
4468.5 2.2281e-15 1.02444e-16 1
4470 2.29543e-15 1.02444e-16 1
4471.5 2.29402e-15 1.02444e-16 1
4473 2.17988e-15 1.02444e-16 1
4474.5 2.25502e-15 1.02444e-16 1
4476 2.30107e-15 1.02444e-16 1
4477.5 2.27693e-15 1.02444e-16 1
4479 2.43955e-15 1.02444e-16 1
4480.5 2.50974e-15 1.02444e-16 1
4482 2.47095e-15 1.02444e-16 1
4483.5 2.48043e-15 1.02444e-16 1
4485 2.61814e-15 1.02444e-16 1
4486.5 2.54133e-15 1.02444e-16 1
4488 2.64815e-15 1.02444e-16 1
4489.5 2.59015e-15 1.02444e-16 1
4491 2.54261e-15 1.02444e-16 1
4492.5 2.69901e-15 1.02444e-16 1
4494 2.60352e-15 1.02444e-16 1
4495.5 2.60948e-15 1.02444e-16 1
4497 2.91313e-15 1.02444e-16 1
4498.5 2.8206e-15 1.02444e-16 1
4500 2.83434e-15 1.02444e-16 1
4501.5 2.87274e-15 1.02444e-16 1
4503 2.95983e-15 1.02444e-16 1
4504.5 2.99179e-15 1.02444e-16 1
4506 2.88676e-15 1.02444e-16 1
4507.5 3.03724e-15 1.02444e-16 1
4509 3.02212e-15 1.02444e-16 1
4510.5 3.10867e-15 1.02444e-16 1
4512 3.05742e-15 1.02444e-16 1
4513.5 3.27526e-15 1.02444e-16 1
4515 3.29005e-15 1.02444e-16 1
4516.5 3.24388e-15 1.02444e-16 1
4518 3.47989e-15 1.02444e-16 1
4519.5 3.40189e-15 1.02444e-16 1
4521 3.44135e-15 1.09728e-16 1
4522.5 3.61937e-15 1.09728e-16 1
4524 3.6273e-15 1.09728e-16 1
4525.5 3.56077e-15 1.09728e-16 1
4527 3.46935e-15 1.09728e-16 1
4528.5 3.61936e-15 1.09728e-16 1
4530 3.87726e-15 1.09728e-16 1
4531.5 3.96831e-15 1.09728e-16 1
4533 4.03744e-15 1.09728e-16 1
4534.5 4.20121e-15 1.09728e-16 1
4536 4.27245e-15 1.09728e-16 1
4537.5 4.23554e-15 1.09728e-16 1
4539 4.2661e-15 1.09728e-16 1
4540.5 4.47211e-15 1.09728e-16 1
4542 4.59964e-15 1.09728e-16 1
4543.5 4.56176e-15 1.09728e-16 1
4545 4.66378e-15 1.09728e-16 1
4546.5 4.89242e-15 1.09728e-16 1
4548 5.01191e-15 1.09728e-16 1
4549.5 5.03235e-15 1.09728e-16 1
4551 5.02166e-15 1.09728e-16 1
4552.5 5.11737e-15 1.09728e-16 1
4554 5.08667e-15 1.09728e-16 1
4555.5 5.1362e-15 1.09728e-16 1
4557 5.38004e-15 1.09728e-16 1
4558.5 5.32234e-15 1.09728e-16 1
4560 5.49611e-15 1.09728e-16 1
4561.5 5.63064e-15 1.09728e-16 1
4563 5.58492e-15 1.09728e-16 1
4564.5 5.73548e-15 1.09728e-16 1
4566 5.72188e-15 1.09728e-16 1
4567.5 5.72061e-15 1.09728e-16 1
4569 5.82269e-15 1.09728e-16 1
4570.5 5.89194e-15 1.09728e-16 1
4572 6.04991e-15 1.09728e-16 1
4573.5 6.2308e-15 1.09728e-16 1
4575 6.03253e-15 1.09728e-16 1
4576.5 6.31003e-15 1.09728e-16 1
4578 6.71017e-15 1.09728e-16 1
4579.5 6.60626e-15 1.09728e-16 1
4581 6.60689e-15 1.09728e-16 1
4582.5 6.64491e-15 1.09728e-16 1
4584 6.8851e-15 1.09728e-16 1
4585.5 7.12098e-15 1.09728e-16 1
4587 6.91796e-15 1.09728e-16 1
4588.5 6.86836e-15 1.09728e-16 1
4590 6.99811e-15 1.09728e-16 1
4591.5 6.99868e-15 1.09728e-16 1
4593 7.1253e-15 1.09728e-16 1
4594.5 7.34537e-15 1.09728e-16 1
4596 7.36525e-15 1.09728e-16 1
4597.5 7.4327e-15 1.09728e-16 1
4599 7.51718e-15 1.09728e-16 1
4600.5 7.51308e-15 1.09728e-16 1
4602 7.62089e-15 1.09728e-16 1
4603.5 7.62545e-15 1.09728e-16 1
4605 7.7025e-15 1.09728e-16 1
4606.5 7.85627e-15 1.09728e-16 1
4608 7.79841e-15 1.09728e-16 1
4609.5 7.92909e-15 1.09728e-16 1
4611 8.1976e-15 1.09728e-16 1
4612.5 8.2316e-15 1.09728e-16 1
4614 8.08622e-15 1.09728e-16 1
4615.5 8.06313e-15 1.09728e-16 1
4617 8.19823e-15 1.09728e-16 1
4618.5 8.25402e-15 1.09728e-16 1
4620 8.19602e-15 2.12263e-16 1
4621.5 8.38037e-15 2.12263e-16 1
4623 8.38055e-15 2.12263e-16 1
4624.5 8.06519e-15 2.12263e-16 1
4626 8.27884e-15 2.12263e-16 1
4627.5 8.3895e-15 2.12263e-16 1
4629 8.3143e-15 2.12263e-16 1
4630.5 8.48517e-15 2.12263e-16 1
4632 8.45481e-15 2.12263e-16 1
4633.5 8.52189e-15 2.12263e-16 1
4635 8.67892e-15 2.12263e-16 1
4636.5 8.69739e-15 2.12263e-16 1
4638 8.76467e-15 2.12263e-16 1
4639.5 8.51632e-15 2.12263e-16 1
4641 8.30597e-15 2.12263e-16 1
4642.5 8.63479e-15 2.12263e-16 1
4644 8.85301e-15 2.12263e-16 1
4645.5 8.56311e-15 2.12263e-16 1
4647 8.52773e-15 2.12263e-16 1
4648.5 8.64002e-15 2.12263e-16 1
4650 8.86992e-15 2.12263e-16 1
4651.5 8.90208e-15 2.12263e-16 1
4653 8.8934e-15 2.12263e-16 1
4654.5 9.18996e-15 2.12263e-16 1
4656 9.04802e-15 2.12263e-16 1
4657.5 8.8217e-15 2.12263e-16 1
4659 8.79881e-15 2.12263e-16 1
4660.5 8.87846e-15 2.12263e-16 1
4662 8.76087e-15 2.12263e-16 1
4663.5 8.57352e-15 2.12263e-16 1
4665 8.76931e-15 2.12263e-16 1
4666.5 8.91613e-15 2.12263e-16 1
4668 8.64834e-15 2.12263e-16 1
4669.5 8.4065e-15 2.12263e-16 1
4671 8.58151e-15 2.12263e-16 1
4672.5 8.65193e-15 2.12263e-16 1
4674 8.61864e-15 2.12263e-16 1
4675.5 8.44702e-15 2.12263e-16 1
4677 8.25603e-15 2.12263e-16 1
4678.5 8.18642e-15 2.12263e-16 1
4680 8.16879e-15 2.12263e-16 1
4681.5 8.10713e-15 2.12263e-16 1
4683 7.84971e-15 2.12263e-16 1
4684.5 7.66123e-15 2.12263e-16 1
4686 7.65015e-15 2.12263e-16 1
4687.5 7.77725e-15 2.12263e-16 1
4689 7.82549e-15 2.12263e-16 1
4690.5 7.54744e-15 2.12263e-16 1
4692 7.37319e-15 2.12263e-16 1
4693.5 7.53195e-15 2.12263e-16 1
4695 7.52294e-15 2.12263e-16 1
4696.5 7.32538e-15 2.12263e-16 1
4698 7.06973e-15 2.12263e-16 1
4699.5 7.04769e-15 2.12263e-16 1
4701 7.08715e-15 2.12263e-16 1
4702.5 7.05544e-15 2.12263e-16 1
4704 6.95261e-15 2.12263e-16 1
4705.5 6.68704e-15 2.12263e-16 1
4707 6.68137e-15 2.12263e-16 1
4708.5 6.53681e-15 2.12263e-16 1
4710 6.36972e-15 2.12263e-16 1
4711.5 6.3734e-15 2.12263e-16 1
4713 6.49942e-15 2.12263e-16 1
4714.5 6.36566e-15 2.12263e-16 1
4716 6.1024e-15 2.12263e-16 1
4717.5 5.89816e-15 2.12263e-16 1
4719 5.82726e-15 2.12263e-16 1
4720.5 5.93319e-15 3.01119e-16 1
4722 5.89549e-15 3.01119e-16 1
4723.5 5.86049e-15 3.01119e-16 1
4725 5.85245e-15 3.01119e-16 1
4726.5 5.74064e-15 3.01119e-16 1
4728 5.76477e-15 3.01119e-16 1
4729.5 5.54739e-15 3.01119e-16 1
4731 5.4045e-15 3.01119e-16 1
4732.5 5.37507e-15 3.01119e-16 1
4734 5.38449e-15 3.01119e-16 1
4735.5 5.35272e-15 3.01119e-16 1
4737 5.37923e-15 3.01119e-16 1
4738.5 5.20335e-15 3.01119e-16 1
4740 5.12061e-15 3.01119e-16 1
4741.5 5.16461e-15 3.01119e-16 1
4743 5.14397e-15 3.01119e-16 1
4744.5 5.11076e-15 3.01119e-16 1
4746 4.9931e-15 3.01119e-16 1
4747.5 4.97628e-15 3.01119e-16 1
4749 4.95313e-15 3.01119e-16 1
4750.5 4.8317e-15 3.01119e-16 1
4752 4.6774e-15 3.01119e-16 1
4753.5 4.56914e-15 3.01119e-16 1
4755 4.66061e-15 3.01119e-16 1
4756.5 4.89113e-15 3.01119e-16 1
4758 4.92057e-15 3.01119e-16 1
4759.5 4.54851e-15 3.01119e-16 1
4761 4.34641e-15 3.01119e-16 1
4762.5 4.42055e-15 3.01119e-16 1
4764 4.21999e-15 3.01119e-16 1
4765.5 4.14394e-15 3.01119e-16 1
4767 4.14047e-15 3.01119e-16 1
4768.5 3.92298e-15 3.01119e-16 1
4770 3.8028e-15 3.01119e-16 1
4771.5 3.68431e-15 3.01119e-16 1
4773 3.61913e-15 3.01119e-16 1
4774.5 3.38593e-15 3.01119e-16 1
4776 3.3525e-15 3.01119e-16 1
4777.5 3.42922e-15 3.01119e-16 1
4779 3.40817e-15 3.01119e-16 1
4780.5 3.50893e-15 3.01119e-16 1
4782 3.77272e-15 3.01119e-16 1
4783.5 3.56655e-15 3.01119e-16 1
4785 3.17983e-15 3.01119e-16 1
4786.5 3.1909e-15 3.01119e-16 1
4788 2.97048e-15 3.01119e-16 1
4789.5 2.90122e-15 3.01119e-16 1
4791 3.09358e-15 3.01119e-16 1
4792.5 2.97747e-15 3.01119e-16 1
4794 2.97357e-15 3.01119e-16 1
4795.5 3.16138e-15 3.01119e-16 1
4797 3.2641e-15 3.01119e-16 1
4798.5 3.20881e-15 3.01119e-16 1
4800 3.15351e-15 3.01119e-16 1
4801.5 3.09822e-15 3.01119e-16 1
4803 3.04293e-15 3.01119e-16 1
4804.5 3.04293e-15 3.01119e-16 1
4806 3.03407e-15 3.01119e-16 1
4807.5 3.03055e-15 3.01119e-16 1
4809 3.17674e-15 3.01119e-16 1
4810.5 3.17119e-15 3.01119e-16 1
4812 3.06587e-15 3.01119e-16 1
4813.5 3.09466e-15 3.01119e-16 1
4815 3.24896e-15 3.01119e-16 1
4816.5 3.46437e-15 3.01119e-16 1
4818 3.41872e-15 3.01119e-16 1
4819.5 3.38362e-15 3.01119e-16 1
4821 3.45692e-15 2.22065e-16 1
4822.5 3.49578e-15 2.22065e-16 1
4824 3.47107e-15 2.22065e-16 1
4825.5 3.54078e-15 2.22065e-16 1
4827 3.69662e-15 2.22065e-16 1
4828.5 3.84172e-15 2.22065e-16 1
4830 3.75675e-15 2.22065e-16 1
4831.5 3.70458e-15 2.22065e-16 1
4833 3.80994e-15 2.22065e-16 1
4834.5 3.95861e-15 2.22065e-16 1
4836 4.01699e-15 2.22065e-16 1
4837.5 4.04707e-15 2.22065e-16 1
4839 4.09315e-15 2.22065e-16 1
4840.5 4.03754e-15 2.22065e-16 1
4842 4.15278e-15 2.22065e-16 1
4843.5 4.18902e-15 2.22065e-16 1
4845 3.9506e-15 2.22065e-16 1
4846.5 3.97449e-15 2.22065e-16 1
4848 3.96335e-15 2.22065e-16 1
4849.5 3.8978e-15 2.22065e-16 1
4851 3.82577e-15 2.22065e-16 1
4852.5 3.88682e-15 2.22065e-16 1
4854 3.94711e-15 2.22065e-16 1
4855.5 3.99084e-15 2.22065e-16 1
4857 3.79649e-15 2.22065e-16 1
4858.5 3.70394e-15 2.22065e-16 1
4860 3.69435e-15 2.22065e-16 1
4861.5 3.69109e-15 2.22065e-16 1
4863 3.76437e-15 2.22065e-16 1
4864.5 3.74077e-15 2.22065e-16 1
4866 3.62067e-15 2.22065e-16 1
4867.5 3.42329e-15 2.22065e-16 1
4869 3.58735e-15 2.22065e-16 1
4870.5 3.529e-15 2.22065e-16 1
4872 3.54724e-15 2.22065e-16 1
4873.5 3.29988e-15 2.22065e-16 1
4875 3.3205e-15 2.22065e-16 1
4876.5 3.36828e-15 2.22065e-16 1
4878 3.43114e-15 2.22065e-16 1
4879.5 3.4363e-15 2.22065e-16 1
4881 3.48002e-15 2.22065e-16 1
4882.5 3.44342e-15 2.22065e-16 1
4884 3.40433e-15 2.22065e-16 1
4885.5 3.31762e-15 2.22065e-16 1
4887 3.30659e-15 2.22065e-16 1
4888.5 3.37499e-15 2.22065e-16 1
4890 3.5364e-15 2.22065e-16 1
4891.5 3.59019e-15 2.22065e-16 1
4893 3.42374e-15 2.22065e-16 1
4894.5 3.39392e-15 2.22065e-16 1
4896 3.47451e-15 2.22065e-16 1
4897.5 3.56234e-15 2.22065e-16 1
4899 3.62365e-15 2.22065e-16 1
4900.5 3.52714e-15 2.22065e-16 1
4902 3.56315e-15 2.22065e-16 1
4903.5 3.65648e-15 2.22065e-16 1
4905 3.60287e-15 2.22065e-16 1
4906.5 3.61248e-15 2.22065e-16 1
4908 3.72721e-15 2.22065e-16 1
4909.5 3.76831e-15 2.22065e-16 1
4911 3.76531e-15 2.22065e-16 1
4912.5 3.92862e-15 2.22065e-16 1
4914 3.85101e-15 2.22065e-16 1
4915.5 3.94745e-15 2.22065e-16 1
4917 3.99167e-15 2.22065e-16 1
4918.5 4.23252e-15 2.22065e-16 1
4920 4.21296e-15 2.31643e-16 1
4921.5 4.22481e-15 2.31643e-16 1
4923 4.54083e-15 2.31643e-16 1
4924.5 4.56418e-15 2.31643e-16 1
4926 4.46209e-15 2.31643e-16 1
4927.5 4.51926e-15 2.31643e-16 1
4929 4.47384e-15 2.31643e-16 1
4930.5 4.50378e-15 2.31643e-16 1
4932 4.80723e-15 2.31643e-16 1
4933.5 4.80687e-15 2.31643e-16 1
4935 4.98143e-15 2.31643e-16 1
4936.5 4.9927e-15 2.31643e-16 1
4938 4.73498e-15 2.31643e-16 1
4939.5 5.0387e-15 2.31643e-16 1
4941 5.13353e-15 2.31643e-16 1
4942.5 5.14343e-15 2.31643e-16 1
4944 5.2949e-15 2.31643e-16 1
4945.5 5.36191e-15 2.31643e-16 1
4947 5.42121e-15 2.31643e-16 1
4948.5 5.30141e-15 2.31643e-16 1
4950 5.44139e-15 2.31643e-16 1
4951.5 5.66687e-15 2.31643e-16 1
4953 5.62488e-15 2.31643e-16 1
4954.5 5.62074e-15 2.31643e-16 1
4956 5.67231e-15 2.31643e-16 1
4957.5 5.80168e-15 2.31643e-16 1
4959 5.87102e-15 2.31643e-16 1
4960.5 6.00318e-15 2.31643e-16 1
4962 6.18243e-15 2.31643e-16 1
4963.5 6.11556e-15 2.31643e-16 1
4965 6.18084e-15 2.31643e-16 1
4966.5 6.28455e-15 2.31643e-16 1
4968 6.29845e-15 2.31643e-16 1
4969.5 6.49903e-15 2.31643e-16 1
4971 6.68174e-15 2.31643e-16 1
4972.5 6.63334e-15 2.31643e-16 1
4974 6.62057e-15 2.31643e-16 1
4975.5 6.45859e-15 2.31643e-16 1
4977 6.37725e-15 2.31643e-16 1
4978.5 6.24349e-15 2.31643e-16 1
4980 6.25245e-15 2.31643e-16 1
4981.5 6.49306e-15 2.31643e-16 1
4983 6.49498e-15 2.31643e-16 1
4984.5 6.3874e-15 2.31643e-16 1
4986 6.45258e-15 2.31643e-16 1
4987.5 6.51126e-15 2.31643e-16 1
4989 6.43925e-15 2.31643e-16 1
4990.5 6.11027e-15 2.31643e-16 1
4992 5.73479e-15 2.31643e-16 1
4993.5 5.63309e-15 2.31643e-16 1
4995 5.75687e-15 2.31643e-16 1
4996.5 5.80879e-15 2.31643e-16 1
4998 5.57376e-15 2.31643e-16 1
4999.5 5.395e-15 2.31643e-16 1
5001 5.18588e-15 2.31643e-16 1
5002.5 5.52896e-15 2.31643e-16 1
5004 5.18212e-15 2.31643e-16 1
5005.5 4.86083e-15 2.31643e-16 1
5007 4.68723e-15 2.31643e-16 1
5008.5 4.55919e-15 2.31643e-16 1
5010 4.52397e-15 2.31643e-16 1
5011.5 4.22286e-15 2.31643e-16 1
5013 4.29241e-15 2.31643e-16 1
5014.5 4.24681e-15 2.31643e-16 1
5016 4.08284e-15 2.31643e-16 1
5017.5 4.07644e-15 2.31643e-16 1
5019 4.06588e-15 2.31643e-16 1
5020.5 4.09461e-15 1.31294e-16 1
5022 4.00645e-15 1.31294e-16 1
5023.5 4.0416e-15 1.31294e-16 1
5025 3.85056e-15 1.31294e-16 1
5026.5 3.74759e-15 1.31294e-16 1
5028 3.5776e-15 1.31294e-16 1
5029.5 3.64258e-15 1.31294e-16 1
5031 3.57965e-15 1.31294e-16 1
5032.5 3.41246e-15 1.31294e-16 1
5034 3.47096e-15 1.31294e-16 1
5035.5 3.5031e-15 1.31294e-16 1
5037 3.51088e-15 1.31294e-16 1
5038.5 3.41632e-15 1.31294e-16 1
5040 3.2548e-15 1.31294e-16 1
5041.5 3.34876e-15 1.31294e-16 1
5043 3.46205e-15 1.31294e-16 1
5044.5 3.30872e-15 1.31294e-16 1
5046 3.26439e-15 1.31294e-16 1
5047.5 3.14666e-15 1.31294e-16 1
5049 3.02333e-15 1.31294e-16 1
5050.5 3.19303e-15 1.31294e-16 1
5052 3.21707e-15 1.31294e-16 1
5053.5 3.15738e-15 1.31294e-16 1
5055 3.12643e-15 1.31294e-16 1
5056.5 3.19318e-15 1.31294e-16 1
5058 3.23093e-15 1.31294e-16 1
5059.5 3.12872e-15 1.31294e-16 1
5061 3.15309e-15 1.31294e-16 1
5062.5 3.22679e-15 1.31294e-16 1
5064 3.18252e-15 1.31294e-16 1
5065.5 3.23947e-15 1.31294e-16 1
5067 3.30768e-15 1.31294e-16 1
5068.5 3.41814e-15 1.31294e-16 1
5070 3.46525e-15 1.31294e-16 1
5071.5 3.28328e-15 1.31294e-16 1
5073 3.20101e-15 1.31294e-16 1
5074.5 3.27556e-15 1.31294e-16 1
5076 3.21702e-15 1.31294e-16 1
5077.5 3.27981e-15 1.31294e-16 1
5079 3.30958e-15 1.31294e-16 1
5080.5 3.20107e-15 1.31294e-16 1
5082 3.28015e-15 1.31294e-16 1
5083.5 3.13743e-15 1.31294e-16 1
5085 3.34114e-15 1.31294e-16 1
5086.5 3.38572e-15 1.31294e-16 1
5088 3.32594e-15 1.31294e-16 1
5089.5 3.222e-15 1.31294e-16 1
5091 3.25604e-15 1.31294e-16 1
5092.5 3.17462e-15 1.31294e-16 1
5094 3.41332e-15 1.31294e-16 1
5095.5 3.49076e-15 1.31294e-16 1
5097 3.39093e-15 1.31294e-16 1
5098.5 3.54572e-15 1.31294e-16 1
5100 3.43192e-15 1.31294e-16 1
5101.5 3.39713e-15 1.31294e-16 1
5103 3.45732e-15 1.31294e-16 1
5104.5 3.52291e-15 1.31294e-16 1
5106 3.46601e-15 1.31294e-16 1
5107.5 3.50985e-15 1.31294e-16 1
5109 3.48359e-15 1.31294e-16 1
5110.5 3.37979e-15 1.31294e-16 1
5112 3.4237e-15 1.31294e-16 1
5113.5 3.59246e-15 1.31294e-16 1
5115 3.52929e-15 1.31294e-16 1
5116.5 3.48731e-15 1.31294e-16 1
5118 3.57471e-15 1.31294e-16 1
5119.5 3.67852e-15 1.31294e-16 1
5121 3.58096e-15 1.0061e-16 1
5122.5 3.47378e-15 1.0061e-16 1
5124 3.5779e-15 1.0061e-16 1
5125.5 3.61166e-15 1.0061e-16 1
5127 3.60962e-15 1.0061e-16 1
5128.5 3.68804e-15 1.0061e-16 1
5130 3.68602e-15 1.0061e-16 1
5131.5 3.69686e-15 1.0061e-16 1
5133 3.78308e-15 1.0061e-16 1
5134.5 3.76731e-15 1.0061e-16 1
5136 3.74896e-15 1.0061e-16 1
5137.5 3.86793e-15 1.0061e-16 1
5139 3.8118e-15 1.0061e-16 1
5140.5 3.73396e-15 1.0061e-16 1
5142 3.81352e-15 1.0061e-16 1
5143.5 3.76638e-15 1.0061e-16 1
5145 3.73763e-15 1.0061e-16 1
5146.5 3.74057e-15 1.0061e-16 1
5148 3.80973e-15 1.0061e-16 1
5149.5 3.89486e-15 1.0061e-16 1
5151 3.78453e-15 1.0061e-16 1
5152.5 3.69809e-15 1.0061e-16 1
5154 3.73683e-15 1.0061e-16 1
5155.5 3.36734e-15 1.0061e-16 1
5157 3.42925e-15 1.0061e-16 1
5158.5 3.72435e-15 1.0061e-16 1
5160 3.6939e-15 1.0061e-16 1
5161.5 3.62035e-15 1.0061e-16 1
5163 3.6159e-15 1.0061e-16 1
5164.5 3.74396e-15 1.0061e-16 1
5166 3.70402e-15 1.0061e-16 1
5167.5 3.69937e-15 1.0061e-16 1
5169 3.68823e-15 1.0061e-16 1
5170.5 3.71106e-15 1.0061e-16 1
5172 3.8739e-15 1.0061e-16 1
5173.5 3.90885e-15 1.0061e-16 1
5175 3.92649e-15 1.0061e-16 1
5176.5 3.89233e-15 1.0061e-16 1
5178 3.83157e-15 1.0061e-16 1
5179.5 3.8788e-15 1.0061e-16 1
5181 3.88131e-15 1.0061e-16 1
5182.5 3.84893e-15 1.0061e-16 1
5184 3.9625e-15 1.0061e-16 1
5185.5 4.04779e-15 1.0061e-16 1
5187 4.00999e-15 1.0061e-16 1
5188.5 3.92152e-15 1.0061e-16 1
5190 3.90867e-15 1.0061e-16 1
5191.5 3.92718e-15 1.0061e-16 1
5193 3.94784e-15 1.0061e-16 1
5194.5 3.974e-15 1.0061e-16 1
5196 3.98849e-15 1.0061e-16 1
5197.5 4.0479e-15 1.0061e-16 1
5199 4.1632e-15 1.0061e-16 1
5200.5 4.12235e-15 1.0061e-16 1
5202 4.03101e-15 1.0061e-16 1
5203.5 4.10025e-15 1.0061e-16 1
5205 4.06424e-15 1.0061e-16 1
5206.5 4.0888e-15 1.0061e-16 1
5208 4.20061e-15 1.0061e-16 1
5209.5 4.04023e-15 1.0061e-16 1
5211 4.18927e-15 1.0061e-16 1
5212.5 4.26004e-15 1.0061e-16 1
5214 4.26503e-15 1.0061e-16 1
5215.5 4.24873e-15 1.0061e-16 1
5217 4.35465e-15 1.0061e-16 1
5218.5 4.37916e-15 1.0061e-16 1
5220 4.37424e-15 1.1094e-16 1
5221.5 4.50351e-15 1.1094e-16 1
5223 4.54897e-15 1.1094e-16 1
5224.5 4.5403e-15 1.1094e-16 1
5226 4.52648e-15 1.1094e-16 1
5227.5 4.74693e-15 1.1094e-16 1
5229 4.99649e-15 1.1094e-16 1
5230.5 4.8065e-15 1.1094e-16 1
5232 4.58373e-15 1.1094e-16 1
5233.5 4.56975e-15 1.1094e-16 1
5235 4.67009e-15 1.1094e-16 1
5236.5 4.77462e-15 1.1094e-16 1
5238 4.73165e-15 1.1094e-16 1
5239.5 4.79694e-15 1.1094e-16 1
5241 4.88356e-15 1.1094e-16 1
5242.5 4.89724e-15 1.1094e-16 1
5244 4.90027e-15 1.1094e-16 1
5245.5 4.88274e-15 1.1094e-16 1
5247 4.90665e-15 1.1094e-16 1
5248.5 4.97535e-15 1.1094e-16 1
5250 5.05709e-15 1.1094e-16 1
5251.5 5.00732e-15 1.1094e-16 1
5253 4.99166e-15 1.1094e-16 1
5254.5 5.08112e-15 1.1094e-16 1
5256 5.07285e-15 1.1094e-16 1
5257.5 5.05629e-15 1.1094e-16 1
5259 5.1753e-15 1.1094e-16 1
5260.5 5.19259e-15 1.1094e-16 1
5262 5.08786e-15 1.1094e-16 1
5263.5 5.0499e-15 1.1094e-16 1
5265 5.11622e-15 1.1094e-16 1
5266.5 5.31779e-15 1.1094e-16 1
5268 5.40736e-15 1.1094e-16 1
5269.5 5.3024e-15 1.1094e-16 1
5271 5.27828e-15 1.1094e-16 1
5272.5 5.4164e-15 1.1094e-16 1
5274 5.50382e-15 1.1094e-16 1
5275.5 5.49863e-15 1.1094e-16 1
5277 5.57145e-15 1.1094e-16 1
5278.5 5.57709e-15 1.1094e-16 1
5280 5.58992e-15 1.1094e-16 1
5281.5 5.62514e-15 1.1094e-16 1
5283 5.64259e-15 1.1094e-16 1
5284.5 5.72147e-15 1.1094e-16 1
5286 5.65245e-15 1.1094e-16 1
5287.5 5.57122e-15 1.1094e-16 1
5289 5.77471e-15 1.1094e-16 1
5290.5 5.87145e-15 1.1094e-16 1
5292 5.93669e-15 1.1094e-16 1
5293.5 6.06161e-15 1.1094e-16 1
5295 5.9607e-15 1.1094e-16 1
5296.5 5.83284e-15 1.1094e-16 1
5298 5.95692e-15 1.1094e-16 1
5299.5 5.95399e-15 1.1094e-16 1
5301 6.16904e-15 1.1094e-16 1
5302.5 6.30535e-15 1.1094e-16 1
5304 6.01294e-15 1.1094e-16 1
5305.5 5.98519e-15 1.1094e-16 1
5307 6.00812e-15 1.1094e-16 1
5308.5 6.0768e-15 1.1094e-16 1
5310 6.16541e-15 1.1094e-16 1
5311.5 6.13418e-15 1.1094e-16 1
5313 6.12436e-15 1.1094e-16 1
5314.5 6.21592e-15 1.1094e-16 1
5316 6.24264e-15 1.1094e-16 1
5317.5 6.22428e-15 1.1094e-16 1
5319 6.19792e-15 1.1094e-16 1
5320.5 6.09695e-15 1.2201e-16 1
5322 6.17405e-15 1.2201e-16 1
5323.5 6.19008e-15 1.2201e-16 1
5325 6.11328e-15 1.2201e-16 1
5326.5 6.11276e-15 1.2201e-16 1
5328 6.21068e-15 1.2201e-16 1
5329.5 6.23866e-15 1.2201e-16 1
5331 6.20376e-15 1.2201e-16 1
5332.5 6.32113e-15 1.2201e-16 1
5334 6.35673e-15 1.2201e-16 1
5335.5 6.19824e-15 1.2201e-16 1
5337 6.12108e-15 1.2201e-16 1
5338.5 6.11522e-15 1.2201e-16 1
5340 6.21078e-15 1.2201e-16 1
5341.5 6.41298e-15 1.2201e-16 1
5343 6.39737e-15 1.2201e-16 1
5344.5 6.25694e-15 1.2201e-16 1
5346 6.13206e-15 1.2201e-16 1
5347.5 6.11499e-15 1.2201e-16 1
5349 6.17816e-15 1.2201e-16 1
5350.5 6.10694e-15 1.2201e-16 1
5352 6.11116e-15 1.2201e-16 1
5353.5 6.23158e-15 1.2201e-16 1
5355 6.20311e-15 1.2201e-16 1
5356.5 6.1341e-15 1.2201e-16 1
5358 6.20313e-15 1.2201e-16 1
5359.5 6.15072e-15 1.2201e-16 1
5361 6.22868e-15 1.2201e-16 1
5362.5 6.25863e-15 1.2201e-16 1
5364 6.30063e-15 1.2201e-16 1
5365.5 6.47057e-15 1.2201e-16 1
5367 6.19217e-15 1.2201e-16 1
5368.5 6.22915e-15 1.2201e-16 1
5370 6.50921e-15 1.2201e-16 1
5371.5 6.60072e-15 1.2201e-16 1
5373 6.49326e-15 1.2201e-16 1
5374.5 6.32031e-15 1.2201e-16 1
5376 6.31892e-15 1.2201e-16 1
5377.5 6.4204e-15 1.2201e-16 1
5379 6.52479e-15 1.2201e-16 1
5380.5 6.44789e-15 1.2201e-16 1
5382 6.27338e-15 1.2201e-16 1
5383.5 6.30892e-15 1.2201e-16 1
5385 6.42229e-15 1.2201e-16 1
5386.5 6.28444e-15 1.2201e-16 1
5388 6.28827e-15 1.2201e-16 1
5389.5 6.3573e-15 1.2201e-16 1
5391 6.42708e-15 1.2201e-16 1
5392.5 6.39939e-15 1.2201e-16 1
5394 6.28193e-15 1.2201e-16 1
5395.5 6.25817e-15 1.2201e-16 1
5397 6.29025e-15 1.2201e-16 1
5398.5 6.20098e-15 1.2201e-16 1
5400 6.07443e-15 1.2201e-16 1
5401.5 6.08301e-15 1.2201e-16 1
5403 6.08294e-15 1.2201e-16 1
5404.5 6.04632e-15 1.2201e-16 1
5406 5.98614e-15 1.2201e-16 1
5407.5 5.86399e-15 1.2201e-16 1
5409 5.74067e-15 1.2201e-16 1
5410.5 5.77523e-15 1.2201e-16 1
5412 5.85759e-15 1.2201e-16 1
5413.5 5.68143e-15 1.2201e-16 1
5415 5.46044e-15 1.2201e-16 1
5416.5 5.38747e-15 1.2201e-16 1
5418 5.453e-15 1.2201e-16 1
5419.5 5.63331e-15 1.2201e-16 1
5421 5.55694e-15 1.32614e-16 1
5422.5 5.42619e-15 1.32614e-16 1
5424 5.29723e-15 1.32614e-16 1
5425.5 5.1408e-15 1.32614e-16 1
5427 5.15604e-15 1.32614e-16 1
5428.5 5.20348e-15 1.32614e-16 1
5430 5.34851e-15 1.32614e-16 1
5431.5 5.18955e-15 1.32614e-16 1
5433 5.14126e-15 1.32614e-16 1
5434.5 5.19575e-15 1.32614e-16 1
5436 5.02309e-15 1.32614e-16 1
5437.5 4.90516e-15 1.32614e-16 1
5439 5.00841e-15 1.32614e-16 1
5440.5 4.88614e-15 1.32614e-16 1
5442 5.05539e-15 1.32614e-16 1
5443.5 4.88447e-15 1.32614e-16 1
5445 4.84418e-15 1.32614e-16 1
5446.5 5.06799e-15 1.32614e-16 1
5448 4.82379e-15 1.32614e-16 1
5449.5 4.93333e-15 1.32614e-16 1
5451 5.0619e-15 1.32614e-16 1
5452.5 5.08373e-15 1.32614e-16 1
5454 5.01136e-15 1.32614e-16 1
5455.5 4.98186e-15 1.32614e-16 1
5457 5.09365e-15 1.32614e-16 1
5458.5 5.24073e-15 1.32614e-16 1
5460 4.99861e-15 1.32614e-16 1
5461.5 5.03597e-15 1.32614e-16 1
5463 5.20536e-15 1.32614e-16 1
5464.5 5.09979e-15 1.32614e-16 1
5466 5.147e-15 1.32614e-16 1
5467.5 5.15738e-15 1.32614e-16 1
5469 5.20635e-15 1.32614e-16 1
5470.5 5.18651e-15 1.32614e-16 1
5472 5.04301e-15 1.32614e-16 1
5473.5 5.10924e-15 1.32614e-16 1
5475 5.24034e-15 1.32614e-16 1
5476.5 5.37679e-15 1.32614e-16 1
5478 5.35513e-15 1.32614e-16 1
5479.5 5.29806e-15 1.32614e-16 1
5481 5.34491e-15 1.32614e-16 1
5482.5 5.39856e-15 1.32614e-16 1
5484 5.36789e-15 1.32614e-16 1
5485.5 5.4373e-15 1.32614e-16 1
5487 5.61661e-15 1.32614e-16 1
5488.5 5.68282e-15 1.32614e-16 1
5490 5.64316e-15 1.32614e-16 1
5491.5 5.58816e-15 1.32614e-16 1
5493 5.52771e-15 1.32614e-16 1
5494.5 5.61556e-15 1.32614e-16 1
5496 5.70456e-15 1.32614e-16 1
5497.5 5.57398e-15 1.32614e-16 1
5499 5.54281e-15 1.32614e-16 1
5500.5 5.61778e-15 1.32614e-16 1
5502 5.78538e-15 1.32614e-16 1
5503.5 5.88911e-15 1.32614e-16 1
5505 5.70199e-15 1.32614e-16 1
5506.5 5.43544e-15 1.32614e-16 1
5508 5.19045e-15 1.32614e-16 1
5509.5 5.44431e-15 1.32614e-16 1
5511 5.71347e-15 1.32614e-16 1
5512.5 5.69256e-15 1.32614e-16 1
5514 5.55499e-15 1.32614e-16 1
5515.5 5.63206e-15 1.32614e-16 1
5517 5.59404e-15 1.32614e-16 1
5518.5 5.63382e-15 1.32614e-16 1
5520 5.79498e-15 1.33324e-16 1
5521.5 5.80575e-15 1.33324e-16 1
5523 5.85628e-15 1.33324e-16 1
5524.5 5.65623e-15 1.33324e-16 1
5526 5.60575e-15 1.33324e-16 1
5527.5 5.65936e-15 1.33324e-16 1
5529 5.61087e-15 1.33324e-16 1
5530.5 5.47244e-15 1.33324e-16 1
5532 5.4005e-15 1.33324e-16 1
5533.5 5.47719e-15 1.33324e-16 1
5535 5.62654e-15 1.33324e-16 1
5536.5 5.61124e-15 1.33324e-16 1
5538 5.5028e-15 1.33324e-16 1
5539.5 5.47781e-15 1.33324e-16 1
5541 5.54561e-15 1.33324e-16 1
5542.5 5.39616e-15 1.33324e-16 1
5544 5.3066e-15 1.33324e-16 1
5545.5 5.36491e-15 1.33324e-16 1
5547 5.36455e-15 1.33324e-16 1
5548.5 5.2068e-15 1.33324e-16 1
5550 5.14047e-15 1.33324e-16 1
5551.5 5.19798e-15 1.33324e-16 1
5553 5.1391e-15 1.33324e-16 1
5554.5 5.24717e-15 1.33324e-16 1
5556 5.45412e-15 1.33324e-16 1
5557.5 5.57093e-15 1.33324e-16 1
5559 5.55269e-15 1.33324e-16 1
5560.5 5.35503e-15 1.33324e-16 1
5562 5.05095e-15 1.33324e-16 1
5563.5 4.78347e-15 1.33324e-16 1
5565 4.68916e-15 1.33324e-16 1
5566.5 4.75399e-15 1.33324e-16 1
5568 4.76697e-15 1.33324e-16 1
5569.5 4.67337e-15 1.33324e-16 1
5571 4.6634e-15 1.33324e-16 1
5572.5 4.70967e-15 1.33324e-16 1
5574 4.74551e-15 1.33324e-16 1
5575.5 4.54521e-15 1.33324e-16 1
5577 4.49747e-15 1.33324e-16 1
5578.5 4.61598e-15 1.33324e-16 1
5580 4.24164e-15 1.33324e-16 1
5581.5 4.11712e-15 1.33324e-16 1
5583 4.15995e-15 1.33324e-16 1
5584.5 4.12621e-15 1.33324e-16 1
5586 4.18066e-15 1.33324e-16 1
5587.5 4.16716e-15 1.33324e-16 1
5589 4.02286e-15 1.33324e-16 1
5590.5 3.924e-15 1.33324e-16 1
5592 3.90889e-15 1.33324e-16 1
5593.5 3.8299e-15 1.33324e-16 1
5595 3.90805e-15 1.33324e-16 1
5596.5 3.8795e-15 1.33324e-16 1
5598 3.84848e-15 1.33324e-16 1
5599.5 3.814e-15 1.33324e-16 1
5601 3.71882e-15 1.33324e-16 1
5602.5 3.62701e-15 1.33324e-16 1
5604 3.61813e-15 1.33324e-16 1
5605.5 3.5991e-15 1.33324e-16 1
5607 3.42893e-15 1.33324e-16 1
5608.5 3.34915e-15 1.33324e-16 1
5610 3.4231e-15 1.33324e-16 1
5611.5 3.40638e-15 1.33324e-16 1
5613 3.22597e-15 1.33324e-16 1
5614.5 3.18862e-15 1.33324e-16 1
5616 3.25617e-15 1.33324e-16 1
5617.5 3.1539e-15 1.33324e-16 1
5619 2.99633e-15 1.33324e-16 1
5620.5 3.06132e-15 9.45676e-17 1
5622 3.10188e-15 9.45676e-17 1
5623.5 2.97727e-15 9.45676e-17 1
5625 2.95566e-15 9.45676e-17 1
5626.5 2.97785e-15 9.45676e-17 1
5628 2.92559e-15 9.45676e-17 1
5629.5 2.85772e-15 9.45676e-17 1
5631 2.7948e-15 9.45676e-17 1
5632.5 2.82849e-15 9.45676e-17 1
5634 2.77104e-15 9.45676e-17 1
5635.5 2.63668e-15 9.45676e-17 1
5637 2.65862e-15 9.45676e-17 1
5638.5 2.69246e-15 9.45676e-17 1
5640 2.6051e-15 9.45676e-17 1
5641.5 2.50627e-15 9.45676e-17 1
5643 2.40243e-15 9.45676e-17 1
5644.5 2.37616e-15 9.45676e-17 1
5646 2.43891e-15 9.45676e-17 1
5647.5 2.39261e-15 9.45676e-17 1
5649 2.4116e-15 9.45676e-17 1
5650.5 2.38162e-15 9.45676e-17 1
5652 2.31867e-15 9.45676e-17 1
5653.5 2.2336e-15 9.45676e-17 1
5655 2.16431e-15 9.45676e-17 1
5656.5 2.14443e-15 9.45676e-17 1
5658 1.99248e-15 9.45676e-17 1
5659.5 1.9386e-15 9.45676e-17 1
5661 2.11333e-15 9.45676e-17 1
5662.5 2.16623e-15 9.45676e-17 1
5664 2.26723e-15 9.45676e-17 1
5665.5 2.32454e-15 9.45676e-17 1
5667 2.06496e-15 9.45676e-17 1
5668.5 1.80499e-15 9.45676e-17 1
5670 1.86106e-15 9.45676e-17 1
5671.5 1.8976e-15 9.45676e-17 1
5673 1.95946e-15 9.45676e-17 1
5674.5 1.89554e-15 9.45676e-17 1
5676 1.73657e-15 9.45676e-17 1
5677.5 1.6902e-15 9.45676e-17 1
5679 1.63286e-15 9.45676e-17 1
5680.5 1.72012e-15 9.45676e-17 1
5682 1.70017e-15 9.45676e-17 1
5683.5 1.55072e-15 9.45676e-17 1
5685 1.5776e-15 9.45676e-17 1
5686.5 1.45023e-15 9.45676e-17 1
5688 1.45071e-15 9.45676e-17 1
5689.5 1.4736e-15 9.45676e-17 1
5691 1.44276e-15 9.45676e-17 1
5692.5 1.46967e-15 9.45676e-17 1
5694 1.44064e-15 9.45676e-17 1
5695.5 1.51108e-15 9.45676e-17 1
5697 1.52701e-15 9.45676e-17 1
5698.5 1.44954e-15 9.45676e-17 1
5700 1.47338e-15 9.45676e-17 1
5701.5 1.46334e-15 9.45676e-17 1
5703 1.5236e-15 9.45676e-17 1
5704.5 1.56377e-15 9.45676e-17 1
5706 1.47981e-15 9.45676e-17 1
5707.5 1.47889e-15 9.45676e-17 1
5709 1.5264e-15 9.45676e-17 1
5710.5 1.62786e-15 9.45676e-17 1
5712 1.66461e-15 9.45676e-17 1
5713.5 1.74201e-15 9.45676e-17 1
5715 1.75724e-15 9.45676e-17 1
5716.5 1.6967e-15 9.45676e-17 1
5718 1.73452e-15 9.45676e-17 1
5719.5 1.77608e-15 9.45676e-17 1
5721 1.8305e-15 8.56499e-17 1
5722.5 1.75115e-15 8.56499e-17 1
5724 1.66565e-15 8.56499e-17 1
5725.5 1.81616e-15 8.56499e-17 1
5727 1.86475e-15 8.56499e-17 1
5728.5 1.91195e-15 8.56499e-17 1
5730 1.86398e-15 8.56499e-17 1
5731.5 1.72879e-15 8.56499e-17 1
5733 1.87649e-15 8.56499e-17 1
5734.5 2.02815e-15 8.56499e-17 1
5736 2.16762e-15 8.56499e-17 1
5737.5 2.12692e-15 8.56499e-17 1
5739 2.13685e-15 8.56499e-17 1
5740.5 2.21946e-15 8.56499e-17 1
5742 2.24089e-15 8.56499e-17 1
5743.5 2.23453e-15 8.56499e-17 1
5745 2.33865e-15 8.56499e-17 1
5746.5 2.44264e-15 8.56499e-17 1
5748 2.39951e-15 8.56499e-17 1
5749.5 2.59929e-15 8.56499e-17 1
5751 2.63198e-15 8.56499e-17 1
5752.5 2.61385e-15 8.56499e-17 1
5754 2.68244e-15 8.56499e-17 1
5755.5 2.72734e-15 8.56499e-17 1
5757 2.82499e-15 8.56499e-17 1
5758.5 2.81604e-15 8.56499e-17 1
5760 2.91312e-15 8.56499e-17 1
5761.5 3.08526e-15 8.56499e-17 1
5763 2.97447e-15 8.56499e-17 1
5764.5 3.12378e-15 8.56499e-17 1
5766 3.15449e-15 8.56499e-17 1
5767.5 3.17755e-15 8.56499e-17 1
5769 3.17344e-15 8.56499e-17 1
5770.5 3.36063e-15 8.56499e-17 1
5772 3.58818e-15 8.56499e-17 1
5773.5 3.70119e-15 8.56499e-17 1
5775 3.69218e-15 8.56499e-17 1
5776.5 3.70555e-15 8.56499e-17 1
5778 3.74243e-15 8.56499e-17 1
5779.5 3.94407e-15 8.56499e-17 1
5781 4.09279e-15 8.56499e-17 1
5782.5 4.1682e-15 8.56499e-17 1
5784 4.23615e-15 8.56499e-17 1
5785.5 4.20148e-15 8.56499e-17 1
5787 4.25513e-15 8.56499e-17 1
5788.5 4.47596e-15 8.56499e-17 1
5790 4.41789e-15 8.56499e-17 1
5791.5 4.4411e-15 8.56499e-17 1
5793 4.71708e-15 8.56499e-17 1
5794.5 4.92761e-15 8.56499e-17 1
5796 4.83464e-15 8.56499e-17 1
5797.5 4.8856e-15 8.56499e-17 1
5799 5.10172e-15 8.56499e-17 1
5800.5 5.08597e-15 8.56499e-17 1
5802 5.12269e-15 8.56499e-17 1
5803.5 5.26261e-15 8.56499e-17 1
5805 5.2371e-15 8.56499e-17 1
5806.5 5.26349e-15 8.56499e-17 1
5808 5.32227e-15 8.56499e-17 1
5809.5 5.45992e-15 8.56499e-17 1
5811 5.57814e-15 8.56499e-17 1
5812.5 5.62746e-15 8.56499e-17 1
5814 5.50146e-15 8.56499e-17 1
5815.5 5.5769e-15 8.56499e-17 1
5817 5.89063e-15 8.56499e-17 1
5818.5 5.87732e-15 8.56499e-17 1
5820 5.84767e-15 1.17511e-16 1
5821.5 6.01097e-15 1.17511e-16 1
5823 6.17826e-15 1.17511e-16 1
5824.5 6.26886e-15 1.17511e-16 1
5826 6.34522e-15 1.17511e-16 1
5827.5 6.38489e-15 1.17511e-16 1
5829 6.41905e-15 1.17511e-16 1
5830.5 6.30283e-15 1.17511e-16 1
5832 6.29276e-15 1.17511e-16 1
5833.5 6.39221e-15 1.17511e-16 1
5835 6.41214e-15 1.17511e-16 1
5836.5 6.5687e-15 1.17511e-16 1
5838 6.65755e-15 1.17511e-16 1
5839.5 6.58953e-15 1.17511e-16 1
5841 6.55742e-15 1.17511e-16 1
5842.5 6.53895e-15 1.17511e-16 1
5844 6.48919e-15 1.17511e-16 1
5845.5 6.51771e-15 1.17511e-16 1
5847 6.68266e-15 1.17511e-16 1
5848.5 6.71094e-15 1.17511e-16 1
5850 6.6487e-15 1.17511e-16 1
5851.5 6.70113e-15 1.17511e-16 1
5853 6.70284e-15 1.17511e-16 1
5854.5 6.70514e-15 1.17511e-16 1
5856 6.79432e-15 1.17511e-16 1
5857.5 6.83891e-15 1.17511e-16 1
5859 6.77018e-15 1.17511e-16 1
5860.5 6.66754e-15 1.17511e-16 1
5862 6.69133e-15 1.17511e-16 1
5863.5 6.73123e-15 1.17511e-16 1
5865 6.67875e-15 1.17511e-16 1
5866.5 6.79683e-15 1.17511e-16 1
5868 6.95899e-15 1.17511e-16 1
5869.5 6.77442e-15 1.17511e-16 1
5871 6.58205e-15 1.17511e-16 1
5872.5 6.65049e-15 1.17511e-16 1
5874 6.78853e-15 1.17511e-16 1
5875.5 6.89016e-15 1.17511e-16 1
5877 6.76956e-15 1.17511e-16 1
5878.5 6.67241e-15 1.17511e-16 1
5880 6.74451e-15 1.17511e-16 1
5881.5 6.60404e-15 1.17511e-16 1
5883 6.31791e-15 1.17511e-16 1
5884.5 6.51484e-15 1.17511e-16 1
5886 6.65264e-15 1.17511e-16 1
5887.5 6.4688e-15 1.17511e-16 1
5889 6.32789e-15 1.17511e-16 1
5890.5 6.1145e-15 1.17511e-16 1
5892 6.29709e-15 1.17511e-16 1
5893.5 6.41147e-15 1.17511e-16 1
5895 6.27026e-15 1.17511e-16 1
5896.5 6.29846e-15 1.17511e-16 1
5898 6.32729e-15 1.17511e-16 1
5899.5 6.42938e-15 1.17511e-16 1
5901 6.29223e-15 1.17511e-16 1
5902.5 6.20578e-15 1.17511e-16 1
5904 6.32469e-15 1.17511e-16 1
5905.5 6.33781e-15 1.17511e-16 1
5907 6.3523e-15 1.17511e-16 1
5908.5 6.22508e-15 1.17511e-16 1
5910 6.06333e-15 1.17511e-16 1
5911.5 6.02338e-15 1.17511e-16 1
5913 6.03413e-15 1.17511e-16 1
5914.5 6.07821e-15 1.17511e-16 1
5916 6.00795e-15 1.17511e-16 1
5917.5 5.9771e-15 1.17511e-16 1
5919 6.00159e-15 1.17511e-16 1
5920.5 5.95366e-15 1.29161e-16 1
5922 5.85669e-15 1.29161e-16 1
5923.5 5.89738e-15 1.29161e-16 1
5925 6.06602e-15 1.29161e-16 1
5926.5 6.05853e-15 1.29161e-16 1
5928 5.97491e-15 1.29161e-16 1
5929.5 5.9804e-15 1.29161e-16 1
5931 5.89579e-15 1.29161e-16 1
5932.5 5.9063e-15 1.29161e-16 1
5934 5.91288e-15 1.29161e-16 1
5935.5 5.9693e-15 1.29161e-16 1
5937 5.74929e-15 1.29161e-16 1
5938.5 5.58725e-15 1.29161e-16 1
5940 5.47958e-15 1.29161e-16 1
5941.5 5.37305e-15 1.29161e-16 1
5943 5.27461e-15 1.29161e-16 1
5944.5 5.20038e-15 1.29161e-16 1
5946 5.24357e-15 1.29161e-16 1
5947.5 5.33943e-15 1.29161e-16 1
5949 5.20433e-15 1.29161e-16 1
5950.5 5.17561e-15 1.29161e-16 1
5952 5.32062e-15 1.29161e-16 1
5953.5 5.28416e-15 1.29161e-16 1
5955 5.2094e-15 1.29161e-16 1
5956.5 5.0153e-15 1.29161e-16 1
5958 4.97381e-15 1.29161e-16 1
5959.5 5.16686e-15 1.29161e-16 1
5961 5.14221e-15 1.29161e-16 1
5962.5 4.97379e-15 1.29161e-16 1
5964 4.96412e-15 1.29161e-16 1
5965.5 5.02107e-15 1.29161e-16 1
5967 4.70068e-15 1.29161e-16 1
5968.5 4.58281e-15 1.29161e-16 1
5970 4.62833e-15 1.29161e-16 1
5971.5 4.69833e-15 1.29161e-16 1
5973 4.69178e-15 1.29161e-16 1
5974.5 4.58414e-15 1.29161e-16 1
5976 4.52739e-15 1.29161e-16 1
5977.5 4.5116e-15 1.29161e-16 1
5979 4.5512e-15 1.29161e-16 1
5980.5 4.62494e-15 1.29161e-16 1
5982 4.68511e-15 1.29161e-16 1
5983.5 4.50239e-15 1.29161e-16 1
5985 4.43881e-15 1.29161e-16 1
5986.5 4.33243e-15 1.29161e-16 1
5988 4.23646e-15 1.29161e-16 1
5989.5 4.19134e-15 1.29161e-16 1
5991 4.20923e-15 1.29161e-16 1
5992.5 4.19223e-15 1.29161e-16 1
5994 4.07353e-15 1.29161e-16 1
5995.5 3.94939e-15 1.29161e-16 1
5997 4.05276e-15 1.29161e-16 1
5998.5 4.0724e-15 1.29161e-16 1
6000 3.91577e-15 1.29161e-16 1
6001.5 3.88585e-15 1.29161e-16 1
6003 3.90944e-15 1.29161e-16 1
6004.5 3.90283e-15 1.29161e-16 1
6006 3.93404e-15 1.29161e-16 1
6007.5 3.79691e-15 1.29161e-16 1
6009 3.70213e-15 1.29161e-16 1
6010.5 3.71659e-15 1.29161e-16 1
6012 3.69574e-15 1.29161e-16 1
6013.5 3.51151e-15 1.29161e-16 1
6015 3.45588e-15 1.29161e-16 1
6016.5 3.55293e-15 1.29161e-16 1
6018 3.50582e-15 1.29161e-16 1
6019.5 3.40528e-15 1.29161e-16 1
6021 3.3379e-15 1.10752e-16 1
6022.5 3.46919e-15 1.10752e-16 1
6024 3.45969e-15 1.10752e-16 1
6025.5 3.3503e-15 1.10752e-16 1
6027 3.34575e-15 1.10752e-16 1
6028.5 3.36298e-15 1.10752e-16 1
6030 3.34128e-15 1.10752e-16 1
6031.5 3.43657e-15 1.10752e-16 1
6033 3.35824e-15 1.10752e-16 1
6034.5 3.22158e-15 1.10752e-16 1
6036 3.23398e-15 1.10752e-16 1
6037.5 3.26033e-15 1.10752e-16 1
6039 3.21001e-15 1.10752e-16 1
6040.5 3.24583e-15 1.10752e-16 1
6042 3.23259e-15 1.10752e-16 1
6043.5 3.21935e-15 1.10752e-16 1
6045 3.20612e-15 1.10752e-16 1
6046.5 3.19288e-15 1.10752e-16 1
6048 3.17964e-15 1.10752e-16 1
6049.5 3.17964e-15 1.10752e-16 1
6051 3.09834e-15 1.10752e-16 1
6052.5 3.07449e-15 1.10752e-16 1
6054 3.15724e-15 1.10752e-16 1
6055.5 3.19601e-15 1.10752e-16 1
6057 3.08288e-15 1.10752e-16 1
6058.5 3.05091e-15 1.10752e-16 1
6060 3.09431e-15 1.10752e-16 1
6061.5 3.18505e-15 1.10752e-16 1
6063 3.23656e-15 1.10752e-16 1
6064.5 3.22046e-15 1.10752e-16 1
6066 3.10878e-15 1.10752e-16 1
6067.5 3.11144e-15 1.10752e-16 1
6069 3.2245e-15 1.10752e-16 1
6070.5 3.27622e-15 1.10752e-16 1
6072 3.18614e-15 1.10752e-16 1
6073.5 3.13643e-15 1.10752e-16 1
6075 3.32816e-15 1.10752e-16 1
6076.5 3.43969e-15 1.10752e-16 1
6078 3.37621e-15 1.10752e-16 1
6079.5 3.38538e-15 1.10752e-16 1
6081 3.43941e-15 1.10752e-16 1
6082.5 3.48701e-15 1.10752e-16 1
6084 3.50516e-15 1.10752e-16 1
6085.5 3.46037e-15 1.10752e-16 1
6087 3.40728e-15 1.10752e-16 1
6088.5 3.33982e-15 1.10752e-16 1
6090 3.43269e-15 1.10752e-16 1
6091.5 3.49472e-15 1.10752e-16 1
6093 3.38436e-15 1.10752e-16 1
6094.5 3.40033e-15 1.10752e-16 1
6096 3.46594e-15 1.10752e-16 1
6097.5 3.5679e-15 1.10752e-16 1
6099 3.42866e-15 1.10752e-16 1
6100.5 3.33622e-15 1.10752e-16 1
6102 3.37802e-15 1.10752e-16 1
6103.5 3.38619e-15 1.10752e-16 1
6105 3.35448e-15 1.10752e-16 1
6106.5 3.26352e-15 1.10752e-16 1
6108 3.30388e-15 1.10752e-16 1
6109.5 3.37399e-15 1.10752e-16 1
6111 3.38288e-15 1.10752e-16 1
6112.5 3.34981e-15 1.10752e-16 1
6114 3.2962e-15 1.10752e-16 1
6115.5 3.31158e-15 1.10752e-16 1
6117 3.34223e-15 1.10752e-16 1
6118.5 3.21928e-15 1.10752e-16 1
6120 3.34434e-15 9.95681e-17 1
6121.5 3.47843e-15 9.95681e-17 1
6123 3.47389e-15 9.95681e-17 1
6124.5 3.31121e-15 9.95681e-17 1
6126 3.23257e-15 9.95681e-17 1
6127.5 3.29566e-15 9.95681e-17 1
6129 3.35685e-15 9.95681e-17 1
6130.5 3.33209e-15 9.95681e-17 1
6132 3.35589e-15 9.95681e-17 1
6133.5 3.40226e-15 9.95681e-17 1
6135 3.30075e-15 9.95681e-17 1
6136.5 3.22342e-15 9.95681e-17 1
6138 3.32289e-15 9.95681e-17 1
6139.5 3.4013e-15 9.95681e-17 1
6141 3.36718e-15 9.95681e-17 1
6142.5 3.36588e-15 9.95681e-17 1
6144 3.44524e-15 9.95681e-17 1
6145.5 3.5004e-15 9.95681e-17 1
6147 3.41884e-15 9.95681e-17 1
6148.5 3.40822e-15 9.95681e-17 1
6150 3.40805e-15 9.95681e-17 1
6151.5 3.41634e-15 9.95681e-17 1
6153 3.45249e-15 9.95681e-17 1
6154.5 3.57258e-15 9.95681e-17 1
6156 3.51017e-15 9.95681e-17 1
6157.5 3.43739e-15 9.95681e-17 1
6159 3.45186e-15 9.95681e-17 1
6160.5 3.47921e-15 9.95681e-17 1
6162 3.60275e-15 9.95681e-17 1
6163.5 3.57193e-15 9.95681e-17 1
6165 3.58674e-15 9.95681e-17 1
6166.5 3.55937e-15 9.95681e-17 1
6168 3.53244e-15 9.95681e-17 1
6169.5 3.74438e-15 9.95681e-17 1
6171 3.82796e-15 9.95681e-17 1
6172.5 3.66863e-15 9.95681e-17 1
6174 3.63317e-15 9.95681e-17 1
6175.5 3.77301e-15 9.95681e-17 1
6177 3.7591e-15 9.95681e-17 1
6178.5 4.01835e-15 9.95681e-17 1
6180 3.88185e-15 9.95681e-17 1
6181.5 3.76888e-15 9.95681e-17 1
6183 3.67866e-15 9.95681e-17 1
6184.5 3.72441e-15 9.95681e-17 1
6186 3.98181e-15 9.95681e-17 1
6187.5 3.81305e-15 9.95681e-17 1
6189 3.91793e-15 9.95681e-17 1
6190.5 3.93125e-15 9.95681e-17 1
6192 3.89445e-15 9.95681e-17 1
6193.5 3.88216e-15 9.95681e-17 1
6195 4.1136e-15 9.95681e-17 1
6196.5 4.17363e-15 9.95681e-17 1
6198 3.99866e-15 9.95681e-17 1
6199.5 4.12871e-15 9.95681e-17 1
6201 4.23345e-15 9.95681e-17 1
6202.5 4.10918e-15 9.95681e-17 1
6204 3.97855e-15 9.95681e-17 1
6205.5 3.9334e-15 9.95681e-17 1
6207 3.98586e-15 9.95681e-17 1
6208.5 4.15431e-15 9.95681e-17 1
6210 4.18836e-15 9.95681e-17 1
6211.5 4.08118e-15 9.95681e-17 1
6213 4.14904e-15 9.95681e-17 1
6214.5 4.31426e-15 9.95681e-17 1
6216 4.29338e-15 9.95681e-17 1
6217.5 4.14669e-15 9.95681e-17 1
6219 4.06589e-15 9.95681e-17 1
6220.5 3.96616e-15 9.36028e-17 1
6222 3.95299e-15 9.36028e-17 1
6223.5 3.99316e-15 9.36028e-17 1
6225 4.01798e-15 9.36028e-17 1
6226.5 3.98149e-15 9.36028e-17 1
6228 3.94552e-15 9.36028e-17 1
6229.5 4.09537e-15 9.36028e-17 1
6231 4.15792e-15 9.36028e-17 1
6232.5 4.1156e-15 9.36028e-17 1
6234 4.05661e-15 9.36028e-17 1
6235.5 4.06368e-15 9.36028e-17 1
6237 4.05224e-15 9.36028e-17 1
6238.5 4.0229e-15 9.36028e-17 1
6240 3.84127e-15 9.36028e-17 1
6241.5 3.90223e-15 9.36028e-17 1
6243 3.98796e-15 9.36028e-17 1
6244.5 3.81302e-15 9.36028e-17 1
6246 3.96716e-15 9.36028e-17 1
6247.5 3.92481e-15 9.36028e-17 1
6249 3.84181e-15 9.36028e-17 1
6250.5 3.88796e-15 9.36028e-17 1
6252 3.78919e-15 9.36028e-17 1
6253.5 3.85924e-15 9.36028e-17 1
6255 3.85944e-15 9.36028e-17 1
6256.5 3.75075e-15 9.36028e-17 1
6258 3.75702e-15 9.36028e-17 1
6259.5 3.70288e-15 9.36028e-17 1
6261 3.61765e-15 9.36028e-17 1
6262.5 3.61111e-15 9.36028e-17 1
6264 3.59437e-15 9.36028e-17 1
6265.5 3.50823e-15 9.36028e-17 1
6267 3.34007e-15 9.36028e-17 1
6268.5 3.30598e-15 9.36028e-17 1
6270 3.27338e-15 9.36028e-17 1
6271.5 3.24579e-15 9.36028e-17 1
6273 3.41774e-15 9.36028e-17 1
6274.5 3.4888e-15 9.36028e-17 1
6276 3.30647e-15 9.36028e-17 1
6277.5 3.1009e-15 9.36028e-17 1
6279 3.06542e-15 9.36028e-17 1
6280.5 3.04777e-15 9.36028e-17 1
6282 2.94031e-15 9.36028e-17 1
6283.5 2.91756e-15 9.36028e-17 1
6285 2.97081e-15 9.36028e-17 1
6286.5 2.98736e-15 9.36028e-17 1
6288 3.02261e-15 9.36028e-17 1
6289.5 3.00503e-15 9.36028e-17 1
6291 2.91356e-15 9.36028e-17 1
6292.5 2.87584e-15 9.36028e-17 1
6294 2.82902e-15 9.36028e-17 1
6295.5 2.78787e-15 9.36028e-17 1
6297 2.75259e-15 9.36028e-17 1
6298.5 2.75601e-15 9.36028e-17 1
6300 2.78201e-15 9.36028e-17 1
6301.5 2.71312e-15 9.36028e-17 1
6303 2.54813e-15 9.36028e-17 1
6304.5 2.45987e-15 9.36028e-17 1
6306 2.47532e-15 9.36028e-17 1
6307.5 2.43491e-15 9.36028e-17 1
6309 2.43432e-15 9.36028e-17 1
6310.5 2.41235e-15 9.36028e-17 1
6312 2.36986e-15 9.36028e-17 1
6313.5 2.39001e-15 9.36028e-17 1
6315 2.32657e-15 9.36028e-17 1
6316.5 2.38851e-15 9.36028e-17 1
6318 2.37395e-15 9.36028e-17 1
6319.5 2.32636e-15 9.36028e-17 1
6321 2.37057e-15 6.78946e-17 1
6322.5 2.29131e-15 6.78946e-17 1
6324 2.31127e-15 6.78946e-17 1
6325.5 2.33528e-15 6.78946e-17 1
6327 2.29281e-15 6.78946e-17 1
6328.5 2.28629e-15 6.78946e-17 1
6330 2.28201e-15 6.78946e-17 1
6331.5 2.30324e-15 6.78946e-17 1
6333 2.32177e-15 6.78946e-17 1
6334.5 2.3516e-15 6.78946e-17 1
6336 2.4124e-15 6.78946e-17 1
6337.5 2.36293e-15 6.78946e-17 1
6339 2.38081e-15 6.78946e-17 1
6340.5 2.46737e-15 6.78946e-17 1
6342 2.4369e-15 6.78946e-17 1
6343.5 2.32036e-15 6.78946e-17 1
6345 2.37825e-15 6.78946e-17 1
6346.5 2.42527e-15 6.78946e-17 1
6348 2.40256e-15 6.78946e-17 1
6349.5 2.52278e-15 6.78946e-17 1
6351 2.55329e-15 6.78946e-17 1
6352.5 2.44476e-15 6.78946e-17 1
6354 2.41341e-15 6.78946e-17 1
6355.5 2.47114e-15 6.78946e-17 1
6357 2.5531e-15 6.78946e-17 1
6358.5 2.63899e-15 6.78946e-17 1
6360 2.60497e-15 6.78946e-17 1
6361.5 2.55811e-15 6.78946e-17 1
6363 2.51344e-15 6.78946e-17 1
6364.5 2.53166e-15 6.78946e-17 1
6366 2.67383e-15 6.78946e-17 1
6367.5 2.73134e-15 6.78946e-17 1
6369 2.67597e-15 6.78946e-17 1
6370.5 2.65725e-15 6.78946e-17 1
6372 2.77043e-15 6.78946e-17 1
6373.5 2.84912e-15 6.78946e-17 1
6375 2.79779e-15 6.78946e-17 1
6376.5 2.82403e-15 6.78946e-17 1
6378 2.88729e-15 6.78946e-17 1
6379.5 2.84936e-15 6.78946e-17 1
6381 2.80484e-15 6.78946e-17 1
6382.5 2.90108e-15 6.78946e-17 1
6384 3.02858e-15 6.78946e-17 1
6385.5 3.02119e-15 6.78946e-17 1
6387 3.14776e-15 6.78946e-17 1
6388.5 3.15192e-15 6.78946e-17 1
6390 3.0534e-15 6.78946e-17 1
6391.5 3.05066e-15 6.78946e-17 1
6393 3.28319e-15 6.78946e-17 1
6394.5 3.28242e-15 6.78946e-17 1
6396 3.23123e-15 6.78946e-17 1
6397.5 3.30445e-15 6.78946e-17 1
6399 3.42668e-15 6.78946e-17 1
6400.5 3.33642e-15 6.78946e-17 1
6402 3.26492e-15 6.78946e-17 1
6403.5 3.45143e-15 6.78946e-17 1
6405 3.50195e-15 6.78946e-17 1
6406.5 3.66331e-15 6.78946e-17 1
6408 3.63788e-15 6.78946e-17 1
6409.5 3.58087e-15 6.78946e-17 1
6411 3.54439e-15 6.78946e-17 1
6412.5 3.68943e-15 6.78946e-17 1
6414 3.64735e-15 6.78946e-17 1
6415.5 3.61088e-15 6.78946e-17 1
6417 3.68205e-15 6.78946e-17 1
6418.5 3.73079e-15 6.78946e-17 1
6420 3.79392e-15 7.90793e-17 1
6421.5 3.86167e-15 7.90793e-17 1
6423 3.86433e-15 7.90793e-17 1
6424.5 3.91007e-15 7.90793e-17 1
6426 4.00797e-15 7.90793e-17 1
6427.5 4.00161e-15 7.90793e-17 1
6429 4.05387e-15 7.90793e-17 1
6430.5 4.06296e-15 7.90793e-17 1
6432 3.9012e-15 7.90793e-17 1
6433.5 3.95866e-15 7.90793e-17 1
6435 4.11087e-15 7.90793e-17 1
6436.5 4.17768e-15 7.90793e-17 1
6438 4.20746e-15 7.90793e-17 1
6439.5 4.2059e-15 7.90793e-17 1
6441 4.21009e-15 7.90793e-17 1
6442.5 4.18368e-15 7.90793e-17 1
6444 4.17059e-15 7.90793e-17 1
6445.5 4.23036e-15 7.90793e-17 1
6447 4.23601e-15 7.90793e-17 1
6448.5 4.2706e-15 7.90793e-17 1
6450 4.31805e-15 7.90793e-17 1
6451.5 4.40072e-15 7.90793e-17 1
6453 4.41827e-15 7.90793e-17 1
6454.5 4.41367e-15 7.90793e-17 1
6456 4.51162e-15 7.90793e-17 1
6457.5 4.43946e-15 7.90793e-17 1
6459 4.46647e-15 7.90793e-17 1
6460.5 4.56183e-15 7.90793e-17 1
6462 4.52671e-15 7.90793e-17 1
6463.5 4.63698e-15 7.90793e-17 1
6465 4.8204e-15 7.90793e-17 1
6466.5 4.59988e-15 7.90793e-17 1
6468 4.57726e-15 7.90793e-17 1
6469.5 4.68443e-15 7.90793e-17 1
6471 4.61309e-15 7.90793e-17 1
6472.5 4.49727e-15 7.90793e-17 1
6474 4.53166e-15 7.90793e-17 1
6475.5 4.57926e-15 7.90793e-17 1
6477 4.60984e-15 7.90793e-17 1
6478.5 4.61807e-15 7.90793e-17 1
6480 4.63171e-15 7.90793e-17 1
6481.5 4.72199e-15 7.90793e-17 1
6483 4.64515e-15 7.90793e-17 1
6484.5 4.58053e-15 7.90793e-17 1
6486 4.57148e-15 7.90793e-17 1
6487.5 4.58312e-15 7.90793e-17 1
6489 4.60396e-15 7.90793e-17 1
6490.5 4.73638e-15 7.90793e-17 1
6492 4.78878e-15 7.90793e-17 1
6493.5 4.70411e-15 7.90793e-17 1
6495 4.63721e-15 7.90793e-17 1
6496.5 4.61216e-15 7.90793e-17 1
6498 4.69897e-15 7.90793e-17 1
6499.5 4.80638e-15 7.90793e-17 1
6501 4.87887e-15 7.90793e-17 1
6502.5 4.8054e-15 7.90793e-17 1
6504 4.73592e-15 7.90793e-17 1
6505.5 4.71601e-15 7.90793e-17 1
6507 4.69328e-15 7.90793e-17 1
6508.5 4.654e-15 7.90793e-17 1
6510 4.54525e-15 7.90793e-17 1
6511.5 4.51797e-15 7.90793e-17 1
6513 4.51735e-15 7.90793e-17 1
6514.5 4.47535e-15 7.90793e-17 1
6516 4.50681e-15 7.90793e-17 1
6517.5 4.51893e-15 7.90793e-17 1
6519 4.48328e-15 7.90793e-17 1
6520.5 4.46747e-15 1.12626e-16 1
6522 4.40161e-15 1.12626e-16 1
6523.5 4.39586e-15 1.12626e-16 1
6525 4.49336e-15 1.12626e-16 1
6526.5 4.49369e-15 1.12626e-16 1
6528 4.44825e-15 1.12626e-16 1
6529.5 4.47415e-15 1.12626e-16 1
6531 4.33764e-15 1.12626e-16 1
6532.5 4.29876e-15 1.12626e-16 1
6534 4.31552e-15 1.12626e-16 1
6535.5 4.2052e-15 1.12626e-16 1
6537 4.19063e-15 1.12626e-16 1
6538.5 4.24436e-15 1.12626e-16 1
6540 4.19555e-15 1.12626e-16 1
6541.5 4.12138e-15 1.12626e-16 1
6543 4.09957e-15 1.12626e-16 1
6544.5 3.96098e-15 1.12626e-16 1
6546 3.87786e-15 1.12626e-16 1
6547.5 3.98272e-15 1.12626e-16 1
6549 3.83207e-15 1.12626e-16 1
6550.5 3.97192e-15 1.12626e-16 1
6552 4.06999e-15 1.12626e-16 1
6553.5 3.95815e-15 1.12626e-16 1
6555 3.70778e-15 1.12626e-16 1
6556.5 3.63087e-15 1.12626e-16 1
6558 3.76593e-15 1.12626e-16 1
6559.5 3.70253e-15 1.12626e-16 1
6561 3.74173e-15 1.12626e-16 1
6562.5 3.81179e-15 1.12626e-16 1
6564 3.62847e-15 1.12626e-16 1
6565.5 3.50271e-15 1.12626e-16 1
6567 3.55192e-15 1.12626e-16 1
6568.5 3.5641e-15 1.12626e-16 1
6570 3.39103e-15 1.12626e-16 1
6571.5 3.43444e-15 1.12626e-16 1
6573 3.36957e-15 1.12626e-16 1
6574.5 3.39956e-15 1.12626e-16 1
6576 3.34811e-15 1.12626e-16 1
6577.5 3.22589e-15 1.12626e-16 1
6579 3.14398e-15 1.12626e-16 1
6580.5 3.13558e-15 1.12626e-16 1
6582 3.18791e-15 1.12626e-16 1
6583.5 3.21001e-15 1.12626e-16 1
6585 3.33398e-15 1.12626e-16 1
6586.5 3.413e-15 1.12626e-16 1
6588 3.38897e-15 1.12626e-16 1
6589.5 3.35352e-15 1.12626e-16 1
6591 3.24491e-15 1.12626e-16 1
6592.5 3.02523e-15 1.12626e-16 1
6594 2.93842e-15 1.12626e-16 1
6595.5 2.91827e-15 1.12626e-16 1
6597 2.75141e-15 1.12626e-16 1
6598.5 2.66872e-15 1.12626e-16 1
6600 2.66379e-15 1.12626e-16 1
6601.5 2.7319e-15 1.12626e-16 1
6603 2.73916e-15 1.12626e-16 1
6604.5 2.66475e-15 1.12626e-16 1
6606 2.76272e-15 1.12626e-16 1
6607.5 2.71016e-15 1.12626e-16 1
6609 2.65076e-15 1.12626e-16 1
6610.5 2.71252e-15 1.12626e-16 1
6612 2.53677e-15 1.12626e-16 1
6613.5 2.31204e-15 1.12626e-16 1
6615 2.34605e-15 1.12626e-16 1
6616.5 2.41759e-15 1.12626e-16 1
6618 2.41803e-15 1.12626e-16 1
6619.5 2.31209e-15 1.12626e-16 1
6621 2.17232e-15 5.62345e-17 1
6622.5 2.06972e-15 5.62345e-17 1
6624 2.16496e-15 5.62345e-17 1
6625.5 2.084e-15 5.62345e-17 1
6627 2.03686e-15 5.62345e-17 1
6628.5 2.10946e-15 5.62345e-17 1
6630 1.94867e-15 5.62345e-17 1
6631.5 1.96816e-15 5.62345e-17 1
6633 2.02979e-15 5.62345e-17 1
6634.5 1.95995e-15 5.62345e-17 1
6636 1.92666e-15 5.62345e-17 1
6637.5 1.95148e-15 5.62345e-17 1
6639 1.97086e-15 5.62345e-17 1
6640.5 1.95249e-15 5.62345e-17 1
6642 1.88106e-15 5.62345e-17 1
6643.5 1.8777e-15 5.62345e-17 1
6645 1.77979e-15 5.62345e-17 1
6646.5 1.69785e-15 5.62345e-17 1
6648 1.74331e-15 5.62345e-17 1
6649.5 1.82301e-15 5.62345e-17 1
6651 1.79332e-15 5.62345e-17 1
6652.5 1.70214e-15 5.62345e-17 1
6654 1.70583e-15 5.62345e-17 1
6655.5 1.67738e-15 5.62345e-17 1
6657 1.5646e-15 5.62345e-17 1
6658.5 1.65383e-15 5.62345e-17 1
6660 1.67711e-15 5.62345e-17 1
6661.5 1.58367e-15 5.62345e-17 1
6663 1.64608e-15 5.62345e-17 1
6664.5 1.62432e-15 5.62345e-17 1
6666 1.56801e-15 5.62345e-17 1
6667.5 1.49042e-15 5.62345e-17 1
6669 1.49908e-15 5.62345e-17 1
6670.5 1.51021e-15 5.62345e-17 1
6672 1.50072e-15 5.62345e-17 1
6673.5 1.54182e-15 5.62345e-17 1
6675 1.51039e-15 5.62345e-17 1
6676.5 1.46887e-15 5.62345e-17 1
6678 1.41828e-15 5.62345e-17 1
6679.5 1.37761e-15 5.62345e-17 1
6681 1.42705e-15 5.62345e-17 1
6682.5 1.41031e-15 5.62345e-17 1
6684 1.33612e-15 5.62345e-17 1
6685.5 1.33263e-15 5.62345e-17 1
6687 1.38194e-15 5.62345e-17 1
6688.5 1.27595e-15 5.62345e-17 1
6690 1.2767e-15 5.62345e-17 1
6691.5 1.38613e-15 5.62345e-17 1
6693 1.38778e-15 5.62345e-17 1
6694.5 1.27318e-15 5.62345e-17 1
6696 1.24664e-15 5.62345e-17 1
6697.5 1.2725e-15 5.62345e-17 1
6699 1.35119e-15 5.62345e-17 1
6700.5 1.31332e-15 5.62345e-17 1
6702 1.22623e-15 5.62345e-17 1
6703.5 1.20594e-15 5.62345e-17 1
6705 1.17979e-15 5.62345e-17 1
6706.5 1.22808e-15 5.62345e-17 1
6708 1.24172e-15 5.62345e-17 1
6709.5 1.18514e-15 5.62345e-17 1
6711 1.13418e-15 5.62345e-17 1
6712.5 1.1942e-15 5.62345e-17 1
6714 1.27427e-15 5.62345e-17 1
6715.5 1.25672e-15 5.62345e-17 1
6717 1.1543e-15 5.62345e-17 1
6718.5 1.12796e-15 5.62345e-17 1
6720 1.13084e-15 5.67587e-17 1
6721.5 1.12923e-15 5.67587e-17 1
6723 1.14241e-15 5.67587e-17 1
6724.5 1.11292e-15 5.67587e-17 1
6726 1.08792e-15 5.67587e-17 1
6727.5 1.1077e-15 5.67587e-17 1
6729 1.10976e-15 5.67587e-17 1
6730.5 1.08059e-15 5.67587e-17 1
6732 1.0901e-15 5.67587e-17 1
6733.5 1.04836e-15 5.67587e-17 1
6735 1.0193e-15 5.67587e-17 1
6736.5 1.07502e-15 5.67587e-17 1
6738 1.05618e-15 5.67587e-17 1
6739.5 1.07165e-15 5.67587e-17 1
6741 1.22073e-15 5.67587e-17 1
6742.5 1.24889e-15 5.67587e-17 1
6744 1.14218e-15 5.67587e-17 1
6745.5 9.74122e-16 5.67587e-17 1
6747 1.03254e-15 5.67587e-17 1
6748.5 1.04335e-15 5.67587e-17 1
6750 9.95367e-16 5.67587e-17 1
6751.5 1.07179e-15 5.67587e-17 1
6753 1.10873e-15 5.67587e-17 1
6754.5 1.04868e-15 5.67587e-17 1
6756 1.08314e-15 5.67587e-17 1
6757.5 1.03213e-15 5.67587e-17 1
6759 9.21223e-16 5.67587e-17 1
6760.5 9.45564e-16 5.67587e-17 1
6762 1.01959e-15 5.67587e-17 1
6763.5 1.10646e-15 5.67587e-17 1
6765 1.12497e-15 5.67587e-17 1
6766.5 1.0763e-15 5.67587e-17 1
6768 1.00364e-15 5.67587e-17 1
6769.5 1.0037e-15 5.67587e-17 1
6771 1.08308e-15 5.67587e-17 1
6772.5 1.07779e-15 5.67587e-17 1
6774 9.99884e-16 5.67587e-17 1
6775.5 9.77963e-16 5.67587e-17 1
6777 1.02645e-15 5.67587e-17 1
6778.5 9.36719e-16 5.67587e-17 1
6780 9.55563e-16 5.67587e-17 1
6781.5 1.04335e-15 5.67587e-17 1
6783 9.17378e-16 5.67587e-17 1
6784.5 9.37629e-16 5.67587e-17 1
6786 9.61878e-16 5.67587e-17 1
6787.5 9.82509e-16 5.67587e-17 1
6789 9.52362e-16 5.67587e-17 1
6790.5 9.96704e-16 5.67587e-17 1
6792 1.05179e-15 5.67587e-17 1
6793.5 9.97254e-16 5.67587e-17 1
6795 1.03692e-15 5.67587e-17 1
6796.5 1.06192e-15 5.67587e-17 1
6798 1.00947e-15 5.67587e-17 1
6799.5 9.77097e-16 5.67587e-17 1
6801 1.02933e-15 5.67587e-17 1
6802.5 1.03187e-15 5.67587e-17 1
6804 9.34403e-16 5.67587e-17 1
6805.5 9.28475e-16 5.67587e-17 1
6807 9.94622e-16 5.67587e-17 1
6808.5 1.02543e-15 5.67587e-17 1
6810 1.06253e-15 5.67587e-17 1
6811.5 1.09618e-15 5.67587e-17 1
6813 1.10428e-15 5.67587e-17 1
6814.5 1.04136e-15 5.67587e-17 1
6816 9.57832e-16 5.67587e-17 1
6817.5 1.00403e-15 5.67587e-17 1
6819 1.1079e-15 5.67587e-17 1
6820.5 1.02864e-15 6.93878e-17 1
6822 1.01515e-15 6.93878e-17 1
6823.5 1.07193e-15 6.93878e-17 1
6825 1.06776e-15 6.93878e-17 1
6826.5 1.06888e-15 6.93878e-17 1
6828 1.08626e-15 6.93878e-17 1
6829.5 1.05522e-15 6.93878e-17 1
6831 1.01725e-15 6.93878e-17 1
6832.5 1.14066e-15 6.93878e-17 1
6834 1.03639e-15 6.93878e-17 1
6835.5 1.15647e-15 6.93878e-17 1
6837 9.87036e-16 6.93878e-17 1
6838.5 8.6369e-16 6.93878e-17 1
6840 1.04924e-15 6.93878e-17 1
6841.5 1.11672e-15 6.93878e-17 1
6843 1.14003e-15 6.93878e-17 1
6844.5 1.07254e-15 6.93878e-17 1
6846 1.0303e-15 6.93878e-17 1
6847.5 1.01002e-15 6.93878e-17 1
6849 1.15651e-15 6.93878e-17 1
6850.5 1.19522e-15 6.93878e-17 1
6852 1.16578e-15 6.93878e-17 1
6853.5 1.22169e-15 6.93878e-17 1
6855 1.20534e-15 6.93878e-17 1
6856.5 1.17569e-15 6.93878e-17 1
6858 1.21034e-15 6.93878e-17 1
6859.5 1.2929e-15 6.93878e-17 1
6861 1.27063e-15 6.93878e-17 1
6862.5 1.22636e-15 6.93878e-17 1
6864 1.27173e-15 6.93878e-17 1
6865.5 1.23e-15 6.93878e-17 1
6867 1.25006e-15 6.93878e-17 1
6868.5 1.20382e-15 6.93878e-17 1
6870 1.13454e-15 6.93878e-17 1
6871.5 1.06607e-15 6.93878e-17 1
6873 1.05073e-15 6.93878e-17 1
6874.5 1.16645e-15 6.93878e-17 1
6876 1.16578e-15 6.93878e-17 1
6877.5 1.13895e-15 6.93878e-17 1
6879 1.19253e-15 6.93878e-17 1
6880.5 1.21617e-15 6.93878e-17 1
6882 1.24083e-15 6.93878e-17 1
6883.5 1.23797e-15 6.93878e-17 1
6885 1.21756e-15 6.93878e-17 1
6886.5 1.21027e-15 6.93878e-17 1
6888 1.12419e-15 6.93878e-17 1
6889.5 1.17594e-15 6.93878e-17 1
6891 1.25843e-15 6.93878e-17 1
6892.5 1.33571e-15 6.93878e-17 1
6894 1.31861e-15 6.93878e-17 1
6895.5 1.24401e-15 6.93878e-17 1
6897 1.36496e-15 6.93878e-17 1
6898.5 1.40069e-15 6.93878e-17 1
6900 1.37723e-15 6.93878e-17 1
6901.5 1.36364e-15 6.93878e-17 1
6903 1.39418e-15 6.93878e-17 1
6904.5 1.30891e-15 6.93878e-17 1
6906 1.35017e-15 6.93878e-17 1
6907.5 1.4798e-15 6.93878e-17 1
6909 1.46024e-15 6.93878e-17 1
6910.5 1.36391e-15 6.93878e-17 1
6912 1.36485e-15 6.93878e-17 1
6913.5 1.40468e-15 6.93878e-17 1
6915 1.4554e-15 6.93878e-17 1
6916.5 1.36108e-15 6.93878e-17 1
6918 1.45332e-15 6.93878e-17 1
6919.5 1.51194e-15 6.93878e-17 1
6921 1.49852e-15 7.26631e-17 1
6922.5 1.45368e-15 7.26631e-17 1
6924 1.4415e-15 7.26631e-17 1
6925.5 1.53494e-15 7.26631e-17 1
6927 1.59515e-15 7.26631e-17 1
6928.5 1.4682e-15 7.26631e-17 1
6930 1.51684e-15 7.26631e-17 1
6931.5 1.50878e-15 7.26631e-17 1
6933 1.42454e-15 7.26631e-17 1
6934.5 1.43294e-15 7.26631e-17 1
6936 1.5769e-15 7.26631e-17 1
6937.5 1.70126e-15 7.26631e-17 1
6939 1.63869e-15 7.26631e-17 1
6940.5 1.57608e-15 7.26631e-17 1
6942 1.61627e-15 7.26631e-17 1
6943.5 1.60849e-15 7.26631e-17 1
6945 1.57878e-15 7.26631e-17 1
6946.5 1.52186e-15 7.26631e-17 1
6948 1.44888e-15 7.26631e-17 1
6949.5 1.45693e-15 7.26631e-17 1
6951 1.51524e-15 7.26631e-17 1
6952.5 1.56125e-15 7.26631e-17 1
6954 1.63067e-15 7.26631e-17 1
6955.5 1.72576e-15 7.26631e-17 1
6957 1.62977e-15 7.26631e-17 1
6958.5 1.46849e-15 7.26631e-17 1
6960 1.47972e-15 7.26631e-17 1
6961.5 1.50975e-15 7.26631e-17 1
6963 1.49524e-15 7.26631e-17 1
6964.5 1.55776e-15 7.26631e-17 1
6966 1.58054e-15 7.26631e-17 1
6967.5 1.49679e-15 7.26631e-17 1
6969 1.54661e-15 7.26631e-17 1
6970.5 1.52928e-15 7.26631e-17 1
6972 1.46717e-15 7.26631e-17 1
6973.5 1.56534e-15 7.26631e-17 1
6975 1.59824e-15 7.26631e-17 1
6976.5 1.53026e-15 7.26631e-17 1
6978 1.57657e-15 7.26631e-17 1
6979.5 1.64538e-15 7.26631e-17 1
6981 1.58916e-15 7.26631e-17 1
6982.5 1.58575e-15 7.26631e-17 1
6984 1.60784e-15 7.26631e-17 1
6985.5 1.71926e-15 7.26631e-17 1
6987 1.58507e-15 7.26631e-17 1
6988.5 1.49196e-15 7.26631e-17 1
6990 1.43559e-15 7.26631e-17 1
6991.5 1.5368e-15 7.26631e-17 1
6993 1.60394e-15 7.26631e-17 1
6994.5 1.51361e-15 7.26631e-17 1
6996 1.54438e-15 7.26631e-17 1
6997.5 1.49971e-15 7.26631e-17 1
6999 1.58211e-15 7.26631e-17 1
7000.5 1.63951e-15 7.26631e-17 1
7002 1.5862e-15 7.26631e-17 1
7003.5 1.61264e-15 7.26631e-17 1
7005 1.60106e-15 7.26631e-17 1
7006.5 1.60276e-15 7.26631e-17 1
7008 1.48458e-15 7.26631e-17 1
7009.5 1.46128e-15 7.26631e-17 1
7011 1.57112e-15 7.26631e-17 1
7012.5 1.64585e-15 7.26631e-17 1
7014 1.60928e-15 7.26631e-17 1
7015.5 1.48997e-15 7.26631e-17 1
7017 1.45429e-15 7.26631e-17 1
7018.5 1.45179e-15 7.26631e-17 1
7020 1.53117e-15 6.76471e-17 1
7021.5 1.64304e-15 6.76471e-17 1
7023 1.60314e-15 6.76471e-17 1
7024.5 1.58941e-15 6.76471e-17 1
7026 1.62872e-15 6.76471e-17 1
7027.5 1.67845e-15 6.76471e-17 1
7029 1.65413e-15 6.76471e-17 1
7030.5 1.58462e-15 6.76471e-17 1
7032 1.54452e-15 6.76471e-17 1
7033.5 1.63128e-15 6.76471e-17 1
7035 1.76193e-15 6.76471e-17 1
7036.5 1.745e-15 6.76471e-17 1
7038 1.67057e-15 6.76471e-17 1
7039.5 1.51589e-15 6.76471e-17 1
7041 1.67029e-15 6.76471e-17 1
7042.5 1.73528e-15 6.76471e-17 1
7044 1.72636e-15 6.76471e-17 1
7045.5 1.66877e-15 6.76471e-17 1
7047 1.67942e-15 6.76471e-17 1
7048.5 1.75205e-15 6.76471e-17 1
7050 1.67905e-15 6.76471e-17 1
7051.5 1.6751e-15 6.76471e-17 1
7053 1.68676e-15 6.76471e-17 1
7054.5 1.61583e-15 6.76471e-17 1
7056 1.67756e-15 6.76471e-17 1
7057.5 1.7844e-15 6.76471e-17 1
7059 1.80977e-15 6.76471e-17 1
7060.5 1.70767e-15 6.76471e-17 1
7062 1.87614e-15 6.76471e-17 1
7063.5 1.88343e-15 6.76471e-17 1
7065 2.02814e-15 6.76471e-17 1
7066.5 1.86695e-15 6.76471e-17 1
7068 1.84985e-15 6.76471e-17 1
7069.5 1.82969e-15 6.76471e-17 1
7071 1.75022e-15 6.76471e-17 1
7072.5 1.8341e-15 6.76471e-17 1
7074 1.81273e-15 6.76471e-17 1
7075.5 1.95034e-15 6.76471e-17 1
7077 1.90259e-15 6.76471e-17 1
7078.5 1.82052e-15 6.76471e-17 1
7080 1.90189e-15 6.76471e-17 1
7081.5 1.8411e-15 6.76471e-17 1
7083 1.71391e-15 6.76471e-17 1
7084.5 1.7973e-15 6.76471e-17 1
7086 1.82871e-15 6.76471e-17 1
7087.5 1.92177e-15 6.76471e-17 1
7089 2.02542e-15 6.76471e-17 1
7090.5 1.93164e-15 6.76471e-17 1
7092 1.8574e-15 6.76471e-17 1
7093.5 1.93087e-15 6.76471e-17 1
7095 1.96167e-15 6.76471e-17 1
7096.5 1.98864e-15 6.76471e-17 1
7098 1.96256e-15 6.76471e-17 1
7099.5 1.92769e-15 6.76471e-17 1
7101 1.91749e-15 6.76471e-17 1
7102.5 1.95653e-15 6.76471e-17 1
7104 1.98968e-15 6.76471e-17 1
7105.5 1.9676e-15 6.76471e-17 1
7107 1.94575e-15 6.76471e-17 1
7108.5 2.04601e-15 6.76471e-17 1
7110 2.07092e-15 6.76471e-17 1
7111.5 2.06286e-15 6.76471e-17 1
7113 2.13081e-15 6.76471e-17 1
7114.5 2.1228e-15 6.76471e-17 1
7116 2.07518e-15 6.76471e-17 1
7117.5 2.10736e-15 6.76471e-17 1
7119 2.05888e-15 6.76471e-17 1
7120.5 2.11201e-15 7.83507e-17 1
7122 2.11015e-15 7.83507e-17 1
7123.5 2.19684e-15 7.83507e-17 1
7125 2.1108e-15 7.83507e-17 1
7126.5 2.15954e-15 7.83507e-17 1
7128 2.16873e-15 7.83507e-17 1
7129.5 2.2743e-15 7.83507e-17 1
7131 2.24319e-15 7.83507e-17 1
7132.5 2.33945e-15 7.83507e-17 1
7134 2.23507e-15 7.83507e-17 1
7135.5 2.2203e-15 7.83507e-17 1
7137 2.34208e-15 7.83507e-17 1
7138.5 2.32241e-15 7.83507e-17 1
7140 2.26291e-15 7.83507e-17 1
7141.5 2.27206e-15 7.83507e-17 1
7143 2.27434e-15 7.83507e-17 1
7144.5 2.25949e-15 7.83507e-17 1
7146 2.27025e-15 7.83507e-17 1
7147.5 2.42118e-15 7.83507e-17 1
7149 2.28938e-15 7.83507e-17 1
7150.5 2.2667e-15 7.83507e-17 1
7152 2.32392e-15 7.83507e-17 1
7153.5 2.20518e-15 7.83507e-17 1
7155 2.25997e-15 7.83507e-17 1
7156.5 2.30795e-15 7.83507e-17 1
7158 2.32323e-15 7.83507e-17 1
7159.5 2.33488e-15 7.83507e-17 1
7161 2.2867e-15 7.83507e-17 1
7162.5 2.30213e-15 7.83507e-17 1
7164 2.35903e-15 7.83507e-17 1
7165.5 2.37514e-15 7.83507e-17 1
7167 2.30875e-15 7.83507e-17 1
7168.5 2.18785e-15 7.83507e-17 1
7170 2.18715e-15 7.83507e-17 1
7171.5 2.24019e-15 7.83507e-17 1
7173 2.22881e-15 7.83507e-17 1
7174.5 2.21744e-15 7.83507e-17 1
7176 2.20607e-15 7.83507e-17 1
7177.5 2.20607e-15 7.83507e-17 1
7179 2.20541e-15 7.83507e-17 1
7180.5 2.41239e-15 7.83507e-17 1
7182 2.45912e-15 7.83507e-17 1
7183.5 2.40656e-15 7.83507e-17 1
7185 2.32467e-15 7.83507e-17 1
7186.5 2.18667e-15 7.83507e-17 1
7188 2.18128e-15 7.83507e-17 1
7189.5 2.39338e-15 7.83507e-17 1
7191 2.38084e-15 7.83507e-17 1
7192.5 2.2228e-15 7.83507e-17 1
7194 2.20515e-15 7.83507e-17 1
7195.5 2.2294e-15 7.83507e-17 1
7197 2.37857e-15 7.83507e-17 1
7198.5 2.44815e-15 7.83507e-17 1
7200 2.34422e-15 7.83507e-17 1
7201.5 2.33132e-15 7.83507e-17 1
7203 2.31401e-15 7.83507e-17 1
7204.5 2.2818e-15 7.83507e-17 1
7206 2.21201e-15 7.83507e-17 1
7207.5 2.18657e-15 7.83507e-17 1
7209 2.31419e-15 7.83507e-17 1
7210.5 2.40513e-15 7.83507e-17 1
7212 2.45894e-15 7.83507e-17 1
7213.5 2.46425e-15 7.83507e-17 1
7215 2.46182e-15 7.83507e-17 1
7216.5 2.45353e-15 7.83507e-17 1
7218 2.45108e-15 7.83507e-17 1
7219.5 2.4647e-15 7.83507e-17 1
7221 2.5348e-15 1.02984e-16 1
7222.5 2.49334e-15 1.02984e-16 1
7224 2.49235e-15 1.02984e-16 1
7225.5 2.53851e-15 1.02984e-16 1
7227 2.53197e-15 1.02984e-16 1
7228.5 2.50937e-15 1.02984e-16 1
7230 2.50406e-15 1.02984e-16 1
7231.5 2.5787e-15 1.02984e-16 1
7233 2.56511e-15 1.02984e-16 1
7234.5 2.45794e-15 1.02984e-16 1
7236 2.46803e-15 1.02984e-16 1
7237.5 2.51216e-15 1.02984e-16 1
7239 2.59183e-15 1.02984e-16 1
7240.5 2.67493e-15 1.02984e-16 1
7242 2.61523e-15 1.02984e-16 1
7243.5 2.46831e-15 1.02984e-16 1
7245 2.46486e-15 1.02984e-16 1
7246.5 2.53496e-15 1.02984e-16 1
7248 2.50146e-15 1.02984e-16 1
7249.5 2.59911e-15 1.02984e-16 1
7251 2.65985e-15 1.02984e-16 1
7252.5 2.47108e-15 1.02984e-16 1
7254 2.3982e-15 1.02984e-16 1
7255.5 2.4235e-15 1.02984e-16 1
7257 2.49443e-15 1.02984e-16 1
7258.5 2.67738e-15 1.02984e-16 1
7260 2.74216e-15 1.02984e-16 1
7261.5 2.74356e-15 1.02984e-16 1
7263 2.66128e-15 1.02984e-16 1
7264.5 2.5744e-15 1.02984e-16 1
7266 2.53848e-15 1.02984e-16 1
7267.5 2.55009e-15 1.02984e-16 1
7269 2.628e-15 1.02984e-16 1
7270.5 2.6054e-15 1.02984e-16 1
7272 2.54039e-15 1.02984e-16 1
7273.5 2.53378e-15 1.02984e-16 1
7275 2.44915e-15 1.02984e-16 1
7276.5 2.2537e-15 1.02984e-16 1
7278 2.30822e-15 1.02984e-16 1
7279.5 2.3761e-15 1.02984e-16 1
7281 2.39309e-15 1.02984e-16 1
7282.5 2.39362e-15 1.02984e-16 1
7284 2.45991e-15 1.02984e-16 1
7285.5 2.6926e-15 1.02984e-16 1
7287 2.55716e-15 1.02984e-16 1
7288.5 2.42652e-15 1.02984e-16 1
7290 2.5789e-15 1.02984e-16 1
7291.5 2.46352e-15 1.02984e-16 1
7293 2.31512e-15 1.02984e-16 1
7294.5 2.25431e-15 1.02984e-16 1
7296 2.25693e-15 1.02984e-16 1
7297.5 2.39244e-15 1.02984e-16 1
7299 2.40532e-15 1.02984e-16 1
7300.5 2.43855e-15 1.02984e-16 1
7302 2.36754e-15 1.02984e-16 1
7303.5 2.21024e-15 1.02984e-16 1
7305 2.12186e-15 1.02984e-16 1
7306.5 2.16017e-15 1.02984e-16 1
7308 2.33561e-15 1.02984e-16 1
7309.5 2.40222e-15 1.02984e-16 1
7311 2.31763e-15 1.02984e-16 1
7312.5 2.21712e-15 1.02984e-16 1
7314 2.23248e-15 1.02984e-16 1
7315.5 2.18477e-15 1.02984e-16 1
7317 2.08406e-15 1.02984e-16 1
7318.5 2.06539e-15 1.02984e-16 1
7320 2.14249e-15 9.09579e-17 1
7321.5 2.12374e-15 9.09579e-17 1
7323 2.17346e-15 9.09579e-17 1
7324.5 2.22775e-15 9.09579e-17 1
7326 2.14235e-15 9.09579e-17 1
7327.5 2.16996e-15 9.09579e-17 1
7329 2.24831e-15 9.09579e-17 1
7330.5 2.31072e-15 9.09579e-17 1
7332 2.3252e-15 9.09579e-17 1
7333.5 2.24806e-15 9.09579e-17 1
7335 2.2463e-15 9.09579e-17 1
7336.5 2.24334e-15 9.09579e-17 1
7338 2.17571e-15 9.09579e-17 1
7339.5 2.18745e-15 9.09579e-17 1
7341 2.2644e-15 9.09579e-17 1
7342.5 2.33622e-15 9.09579e-17 1
7344 2.14581e-15 9.09579e-17 1
7345.5 2.09965e-15 9.09579e-17 1
7347 2.16729e-15 9.09579e-17 1
7348.5 2.14804e-15 9.09579e-17 1
7350 2.21687e-15 9.09579e-17 1
7351.5 2.08652e-15 9.09579e-17 1
7353 2.02541e-15 9.09579e-17 1
7354.5 2.18596e-15 9.09579e-17 1
7356 2.3163e-15 9.09579e-17 1
7357.5 2.28576e-15 9.09579e-17 1
7359 2.1924e-15 9.09579e-17 1
7360.5 2.0716e-15 9.09579e-17 1
7362 1.99948e-15 9.09579e-17 1
7363.5 2.00537e-15 9.09579e-17 1
7365 2.17113e-15 9.09579e-17 1
7366.5 2.25222e-15 9.09579e-17 1
7368 2.05621e-15 9.09579e-17 1
7369.5 2.06394e-15 9.09579e-17 1
7371 2.08454e-15 9.09579e-17 1
7372.5 2.09723e-15 9.09579e-17 1
7374 2.09931e-15 9.09579e-17 1
7375.5 2.0918e-15 9.09579e-17 1
7377 2.13224e-15 9.09579e-17 1
7378.5 2.14426e-15 9.09579e-17 1
7380 2.1714e-15 9.09579e-17 1
7381.5 2.15248e-15 9.09579e-17 1
7383 2.17159e-15 9.09579e-17 1
7384.5 2.18296e-15 9.09579e-17 1
7386 2.17858e-15 9.09579e-17 1
7387.5 2.21414e-15 9.09579e-17 1
7389 2.12767e-15 9.09579e-17 1
7390.5 2.08369e-15 9.09579e-17 1
7392 2.197e-15 9.09579e-17 1
7393.5 2.31957e-15 9.09579e-17 1
7395 2.38365e-15 9.09579e-17 1
7396.5 2.30527e-15 9.09579e-17 1
7398 2.24824e-15 9.09579e-17 1
7399.5 2.30434e-15 9.09579e-17 1
7401 2.32591e-15 9.09579e-17 1
7402.5 2.38125e-15 9.09579e-17 1
7404 2.40483e-15 9.09579e-17 1
7405.5 2.37009e-15 9.09579e-17 1
7407 2.28535e-15 9.09579e-17 1
7408.5 2.22943e-15 9.09579e-17 1
7410 2.10493e-15 9.09579e-17 1
7411.5 2.06542e-15 9.09579e-17 1
7413 2.18452e-15 9.09579e-17 1
7414.5 2.37003e-15 9.09579e-17 1
7416 2.39869e-15 9.09579e-17 1
7417.5 2.25714e-15 9.09579e-17 1
7419 2.15997e-15 9.09579e-17 1
7420.5 2.19453e-15 6.7718e-17 1
7422 2.16855e-15 6.7718e-17 1
7423.5 2.21933e-15 6.7718e-17 1
7425 2.17333e-15 6.7718e-17 1
7426.5 2.24029e-15 6.7718e-17 1
7428 2.24199e-15 6.7718e-17 1
7429.5 2.30078e-15 6.7718e-17 1
7431 2.26728e-15 6.7718e-17 1
7432.5 2.22534e-15 6.7718e-17 1
7434 2.2898e-15 6.7718e-17 1
7435.5 2.27111e-15 6.7718e-17 1
7437 2.11857e-15 6.7718e-17 1
7438.5 2.23438e-15 6.7718e-17 1
7440 2.24025e-15 6.7718e-17 1
7441.5 2.20503e-15 6.7718e-17 1
7443 2.17491e-15 6.7718e-17 1
7444.5 2.1951e-15 6.7718e-17 1
7446 2.27032e-15 6.7718e-17 1
7447.5 2.36945e-15 6.7718e-17 1
7449 2.18845e-15 6.7718e-17 1
7450.5 2.24734e-15 6.7718e-17 1
7452 2.1771e-15 6.7718e-17 1
7453.5 2.12379e-15 6.7718e-17 1
7455 2.16866e-15 6.7718e-17 1
7456.5 2.31161e-15 6.7718e-17 1
7458 2.33776e-15 6.7718e-17 1
7459.5 2.3048e-15 6.7718e-17 1
7461 2.19721e-15 6.7718e-17 1
7462.5 2.23434e-15 6.7718e-17 1
7464 2.30636e-15 6.7718e-17 1
7465.5 2.15281e-15 6.7718e-17 1
7467 2.08898e-15 6.7718e-17 1
7468.5 2.1859e-15 6.7718e-17 1
7470 2.2054e-15 6.7718e-17 1
7471.5 2.14048e-15 6.7718e-17 1
7473 2.15616e-15 6.7718e-17 1
7474.5 2.20385e-15 6.7718e-17 1
7476 2.21653e-15 6.7718e-17 1
7477.5 2.27375e-15 6.7718e-17 1
7479 2.20665e-15 6.7718e-17 1
7480.5 2.08019e-15 6.7718e-17 1
7482 2.08679e-15 6.7718e-17 1
7483.5 2.04651e-15 6.7718e-17 1
7485 2.1163e-15 6.7718e-17 1
7486.5 2.16234e-15 6.7718e-17 1
7488 2.03244e-15 6.7718e-17 1
7489.5 2.07657e-15 6.7718e-17 1
7491 1.96137e-15 6.7718e-17 1
7492.5 1.88823e-15 6.7718e-17 1
7494 2.01577e-15 6.7718e-17 1
7495.5 2.22282e-15 6.7718e-17 1
7497 2.10261e-15 6.7718e-17 1
7498.5 1.94742e-15 6.7718e-17 1
7500 1.91422e-15 6.7718e-17 1
7501.5 1.93056e-15 6.7718e-17 1
7503 1.89042e-15 6.7718e-17 1
7504.5 1.95353e-15 6.7718e-17 1
7506 1.9757e-15 6.7718e-17 1
7507.5 1.99274e-15 6.7718e-17 1
7509 1.86842e-15 6.7718e-17 1
7510.5 1.92157e-15 6.7718e-17 1
7512 1.82379e-15 6.7718e-17 1
7513.5 1.9067e-15 6.7718e-17 1
7515 1.92586e-15 6.7718e-17 1
7516.5 1.85151e-15 6.7718e-17 1
7518 1.71717e-15 6.7718e-17 1
7519.5 1.78682e-15 6.7718e-17 1
7521 1.87836e-15 6.7718e-17 1
7522.5 1.79688e-15 6.7718e-17 1
7524 1.67051e-15 6.7718e-17 1
7525.5 1.64616e-15 6.7718e-17 1
7527 1.58592e-15 6.7718e-17 1
7528.5 1.64944e-15 6.7718e-17 1
7530 1.67464e-15 6.7718e-17 1
7531.5 1.61738e-15 6.7718e-17 1
7533 1.53483e-15 6.7718e-17 1
7534.5 1.50628e-15 6.7718e-17 1
7536 1.54004e-15 6.7718e-17 1
7537.5 1.55013e-15 6.7718e-17 1
7539 1.56453e-15 6.7718e-17 1
7540.5 1.39318e-15 6.7718e-17 1
