# converted by J. Guy, 2010-10-18
# downloaded from www.cfa.harvard.edu/supernova//SNarchive.html
# from  Kirshner et al. 1993ApJ...415..589K
@Redshift 0.006261
@FORMAT STD
@Date 48647.5
@SELECTED_FOR_SNLS3_TRAINING 1
@SN sn1992a
@SURVEY CFA_LOWZ_SPEC
@Source CFA
#WAVE : wavelength, observer frame, in A
#FLUX : erg/s/cm2/A
#ERR  : statistical uncertainty on flux
#VALID : 1=ok 0=ignore
#end
3540.12 3.60972e-14 1.22596e-15 1
3542.44 3.54794e-14 1.22596e-15 1
3544.77 3.49047e-14 1.22596e-15 1
3547.08 3.46104e-14 1.22596e-15 1
3549.4 3.40882e-14 1.22596e-15 1
3551.73 3.36481e-14 1.22596e-15 1
3554.04 3.32217e-14 1.22596e-15 1
3556.37 3.26763e-14 1.22596e-15 1
3558.69 3.21546e-14 1.22596e-15 1
3561.02 3.17036e-14 1.22596e-15 1
3563.33 3.12597e-14 1.22596e-15 1
3565.66 3.08325e-14 1.22596e-15 1
3567.98 3.06179e-14 1.22596e-15 1
3570.3 3.02743e-14 1.22596e-15 1
3572.62 2.9806e-14 1.22596e-15 1
3574.94 2.91664e-14 1.22596e-15 1
3577.27 2.88536e-14 1.22596e-15 1
3579.58 3.11389e-14 1.22596e-15 1
3581.91 3.38475e-14 1.22596e-15 1
3584.23 2.95189e-14 1.22596e-15 1
3586.56 2.89988e-14 1.22596e-15 1
3588.87 3.03168e-14 1.22596e-15 1
3591.19 3.04789e-14 1.22596e-15 1
3593.52 2.94076e-14 1.22596e-15 1
3595.83 2.88605e-14 1.22596e-15 1
3598.16 2.7736e-14 1.22596e-15 1
3600.48 2.89449e-14 1.22596e-15 1
3602.81 2.85473e-14 1.22596e-15 1
3605.12 2.70904e-14 1.22596e-15 1
3607.45 2.74346e-14 1.22596e-15 1
3609.77 2.88287e-14 1.22596e-15 1
3612.08 2.92568e-14 1.22596e-15 1
3614.41 2.97945e-14 1.22596e-15 1
3616.73 3.09936e-14 1.22596e-15 1
3619.06 3.16954e-14 1.22596e-15 1
3621.37 3.10612e-14 1.22596e-15 1
3623.7 3.14954e-14 1.22596e-15 1
3626.02 3.08572e-14 1.22596e-15 1
3628.34 3.08626e-14 1.22596e-15 1
3630.65 3.09173e-14 1.22596e-15 1
3632.97 3.14512e-14 1.22596e-15 1
3635.3 3.11817e-14 1.22596e-15 1
3637.61 3.40941e-14 1.22596e-15 1
3639.94 3.33501e-14 1.22596e-15 1
3642.26 3.47905e-14 2.74399e-15 1
3644.58 3.60577e-14 2.74399e-15 1
3646.9 3.7627e-14 2.74399e-15 1
3649.23 3.9602e-14 2.74399e-15 1
3651.55 3.60689e-14 2.74399e-15 1
3653.86 3.71709e-14 2.74399e-15 1
3656.19 3.81466e-14 2.74399e-15 1
3658.51 3.4973e-14 2.74399e-15 1
3660.84 3.80315e-14 2.74399e-15 1
3663.15 4.01348e-14 2.74399e-15 1
3665.48 3.73412e-14 2.74399e-15 1
3667.8 3.5337e-14 2.74399e-15 1
3670.12 3.39317e-14 2.74399e-15 1
3672.44 3.21914e-14 2.74399e-15 1
3674.76 3.06745e-14 2.74399e-15 1
3677.09 3.09722e-14 2.74399e-15 1
3679.4 2.93674e-14 2.74399e-15 1
3681.73 2.70653e-14 2.74399e-15 1
3684.05 2.7842e-14 2.74399e-15 1
3686.37 2.80122e-14 2.74399e-15 1
3688.69 2.67852e-14 2.74399e-15 1
3691.02 2.73665e-14 2.74399e-15 1
3693.34 2.5837e-14 2.74399e-15 1
3695.65 2.45812e-14 2.74399e-15 1
3697.98 2.5807e-14 2.74399e-15 1
3700.3 2.49407e-14 2.74399e-15 1
3702.62 2.5086e-14 2.74399e-15 1
3704.94 2.50803e-14 2.74399e-15 1
3707.27 2.57973e-14 2.74399e-15 1
3709.59 2.54898e-14 2.74399e-15 1
3711.91 2.4459e-14 2.74399e-15 1
3714.23 2.39137e-14 2.74399e-15 1
3716.55 2.34471e-14 2.74399e-15 1
3718.87 2.38056e-14 2.74399e-15 1
3721.19 2.43742e-14 2.74399e-15 1
3723.52 2.35253e-14 2.74399e-15 1
3725.83 2.43242e-14 2.74399e-15 1
3728.15 2.46272e-14 2.74399e-15 1
3730.47 2.45946e-14 2.74399e-15 1
3732.8 2.44291e-14 2.74399e-15 1
3735.11 2.33969e-14 2.74399e-15 1
3737.43 2.26076e-14 2.74399e-15 1
3739.76 2.10488e-14 2.74399e-15 1
3742.08 2.12867e-14 7.9975e-16 1
3744.4 2.03891e-14 7.9975e-16 1
3746.72 1.96707e-14 7.9975e-16 1
3749.05 2.00101e-14 7.9975e-16 1
3751.37 1.92964e-14 7.9975e-16 1
3753.69 1.99295e-14 7.9975e-16 1
3756.01 2.04361e-14 7.9975e-16 1
3758.33 2.02513e-14 7.9975e-16 1
3760.65 2.03615e-14 7.9975e-16 1
3762.97 2.05638e-14 7.9975e-16 1
3765.3 2.00561e-14 7.9975e-16 1
3767.62 2.03581e-14 7.9975e-16 1
3769.94 2.08609e-14 7.9975e-16 1
3772.26 2.16317e-14 7.9975e-16 1
3774.59 2.09174e-14 7.9975e-16 1
3776.9 1.94785e-14 7.9975e-16 1
3779.22 2.01467e-14 7.9975e-16 1
3781.55 2.01439e-14 7.9975e-16 1
3783.87 1.97634e-14 7.9975e-16 1
3786.19 2.08243e-14 7.9975e-16 1
3788.51 2.09676e-14 7.9975e-16 1
3790.84 2.12958e-14 7.9975e-16 1
3793.15 2.16699e-14 7.9975e-16 1
3795.48 2.23944e-14 7.9975e-16 1
3797.8 2.30484e-14 7.9975e-16 1
3800.12 2.20751e-14 7.9975e-16 1
3802.44 2.30441e-14 7.9975e-16 1
3804.76 2.34515e-14 7.9975e-16 1
3807.09 2.32344e-14 7.9975e-16 1
3809.4 2.39955e-14 7.9975e-16 1
3811.73 2.5305e-14 7.9975e-16 1
3814.05 2.56518e-14 7.9975e-16 1
3816.38 2.61457e-14 7.9975e-16 1
3818.68 2.81652e-14 7.9975e-16 1
3821 2.90027e-14 7.9975e-16 1
3823.33 2.81864e-14 7.9975e-16 1
3825.64 2.76923e-14 7.9975e-16 1
3827.97 2.99e-14 7.9975e-16 1
3830.29 3.10154e-14 7.9975e-16 1
3832.62 3.12701e-14 7.9975e-16 1
3834.93 3.30364e-14 7.9975e-16 1
3837.26 3.45035e-14 7.9975e-16 1
3839.58 3.55991e-14 7.9975e-16 1
3841.9 3.63894e-14 1.79764e-15 1
3844.22 3.57704e-14 1.79764e-15 1
3846.54 3.66055e-14 1.79764e-15 1
3848.87 3.78002e-14 1.79764e-15 1
3851.18 3.75334e-14 1.79764e-15 1
3853.51 3.8353e-14 1.79764e-15 1
3855.83 4.07371e-14 1.79764e-15 1
3858.16 4.21647e-14 1.79764e-15 1
3860.47 4.24815e-14 1.79764e-15 1
3862.79 4.4412e-14 1.79764e-15 1
3865.12 4.60063e-14 1.79764e-15 1
3867.43 4.53768e-14 1.79764e-15 1
3869.76 4.69585e-14 1.79764e-15 1
3872.08 4.97304e-14 1.79764e-15 1
3874.41 5.19034e-14 1.79764e-15 1
3876.72 5.29531e-14 1.79764e-15 1
3879.05 5.36418e-14 1.79764e-15 1
3881.37 5.39245e-14 1.79764e-15 1
3883.68 5.43263e-14 1.79764e-15 1
3886.01 5.7898e-14 1.79764e-15 1
3888.33 5.97637e-14 1.79764e-15 1
3890.66 6.09038e-14 1.79764e-15 1
3892.97 6.22953e-14 1.79764e-15 1
3895.3 5.8104e-14 1.79764e-15 1
3897.62 5.70265e-14 1.79764e-15 1
3899.94 6.00752e-14 1.79764e-15 1
3902.26 6.31563e-14 1.79764e-15 1
3904.58 6.1739e-14 1.79764e-15 1
3906.91 5.89426e-14 1.79764e-15 1
3909.22 5.99097e-14 1.79764e-15 1
3911.55 6.18003e-14 1.79764e-15 1
3913.86 6.13529e-14 1.79764e-15 1
3916.18 6.22128e-14 1.79764e-15 1
3918.5 6.23738e-14 1.79764e-15 1
3920.83 6.07445e-14 1.79764e-15 1
3923.15 6.00778e-14 1.79764e-15 1
3925.46 6.06053e-14 1.79764e-15 1
3927.79 6.24754e-14 1.79764e-15 1
3930.11 6.31937e-14 1.79764e-15 1
3932.43 6.22566e-14 1.79764e-15 1
3934.75 6.15303e-14 1.79764e-15 1
3937.08 6.06068e-14 1.79764e-15 1
3939.4 6.01205e-14 1.79764e-15 1
3941.72 5.86607e-14 1.27945e-15 1
3944.04 5.73131e-14 1.27945e-15 1
3946.36 5.70879e-14 1.27945e-15 1
3948.69 5.54404e-14 1.27945e-15 1
3951 5.40205e-14 1.27945e-15 1
3953.33 5.38058e-14 1.27945e-15 1
3955.65 5.26696e-14 1.27945e-15 1
3957.97 5.00934e-14 1.27945e-15 1
3960.29 4.77118e-14 1.27945e-15 1
3962.62 4.66437e-14 1.27945e-15 1
3964.94 4.55108e-14 1.27945e-15 1
3967.25 4.46302e-14 1.27945e-15 1
3969.58 4.44489e-14 1.27945e-15 1
3971.9 4.37411e-14 1.27945e-15 1
3974.22 4.29214e-14 1.27945e-15 1
3976.54 4.21623e-14 1.27945e-15 1
3978.87 4.06046e-14 1.27945e-15 1
3981.19 4.0568e-14 1.27945e-15 1
3983.51 4.20425e-14 1.27945e-15 1
3985.83 4.1738e-14 1.27945e-15 1
3988.15 4.08961e-14 1.27945e-15 1
3990.47 4.07193e-14 1.27945e-15 1
3992.79 3.98111e-14 1.27945e-15 1
3995.12 3.90691e-14 1.27945e-15 1
3997.44 3.77156e-14 1.27945e-15 1
3999.76 3.67237e-14 1.27945e-15 1
4002.08 3.73417e-14 1.27945e-15 1
4004.41 3.76117e-14 1.27945e-15 1
4006.71 3.92721e-14 1.27945e-15 1
4009.03 4.12962e-14 1.27945e-15 1
4011.36 4.09015e-14 1.27945e-15 1
4013.68 4.01241e-14 1.27945e-15 1
4016 4.0793e-14 1.27945e-15 1
4018.32 4.0957e-14 1.27945e-15 1
4020.65 4.04952e-14 1.27945e-15 1
4022.96 4.09192e-14 1.27945e-15 1
4025.29 4.13299e-14 1.27945e-15 1
4027.61 4.12091e-14 1.27945e-15 1
4029.93 4.14745e-14 1.27945e-15 1
4032.25 4.41136e-14 1.27945e-15 1
4034.57 4.61437e-14 1.27945e-15 1
4036.9 4.4772e-14 1.27945e-15 1
4039.22 4.51744e-14 1.27945e-15 1
4041.54 4.65167e-14 1.37474e-15 1
4043.86 4.7459e-14 1.37474e-15 1
4046.19 4.74745e-14 1.37474e-15 1
4048.5 4.82326e-14 1.37474e-15 1
4050.82 4.79131e-14 1.37474e-15 1
4053.15 4.75159e-14 1.37474e-15 1
4055.47 4.82424e-14 1.37474e-15 1
4057.79 4.68502e-14 1.37474e-15 1
4060.11 4.54925e-14 1.37474e-15 1
4062.44 4.47494e-14 1.37474e-15 1
4064.75 4.46632e-14 1.37474e-15 1
4067.08 4.49591e-14 1.37474e-15 1
4069.4 4.60108e-14 1.37474e-15 1
4071.72 4.66905e-14 1.37474e-15 1
4074.04 4.58122e-14 1.37474e-15 1
4076.36 4.69818e-14 1.37474e-15 1
4078.69 4.81798e-14 1.37474e-15 1
4081 4.70294e-14 1.37474e-15 1
4083.33 4.55162e-14 1.37474e-15 1
4085.65 4.55808e-14 1.37474e-15 1
4087.98 4.61945e-14 1.37474e-15 1
4090.29 4.60029e-14 1.37474e-15 1
4092.61 4.70571e-14 1.37474e-15 1
4094.94 4.75962e-14 1.37474e-15 1
4097.25 4.68575e-14 1.37474e-15 1
4099.58 4.63675e-14 1.37474e-15 1
4101.89 4.62314e-14 1.37474e-15 1
4104.22 4.55932e-14 1.37474e-15 1
4106.53 4.63732e-14 1.37474e-15 1
4108.86 4.82838e-14 1.37474e-15 1
4111.18 4.7409e-14 1.37474e-15 1
4113.49 4.61097e-14 1.37474e-15 1
4115.82 4.68386e-14 1.37474e-15 1
4118.14 4.82602e-14 1.37474e-15 1
4120.47 4.89888e-14 1.37474e-15 1
4122.78 4.80744e-14 1.37474e-15 1
4125.11 4.73172e-14 1.37474e-15 1
4127.43 4.70294e-14 1.37474e-15 1
4129.76 4.62609e-14 1.37474e-15 1
4132.07 4.63693e-14 1.37474e-15 1
4134.39 4.84309e-14 1.37474e-15 1
4136.72 5.03821e-14 1.37474e-15 1
4139.03 5.07114e-14 1.37474e-15 1
4141.36 5.13223e-14 1.04481e-15 1
4143.68 5.0342e-14 1.04481e-15 1
4146.01 4.94524e-14 1.04481e-15 1
4148.32 5.12101e-14 1.04481e-15 1
4150.65 5.08902e-14 1.04481e-15 1
4152.97 5.0205e-14 1.04481e-15 1
4155.28 5.02543e-14 1.04481e-15 1
4157.61 4.93497e-14 1.04481e-15 1
4159.93 5.08512e-14 1.04481e-15 1
4162.26 5.21721e-14 1.04481e-15 1
4164.57 5.10331e-14 1.04481e-15 1
4166.9 5.0905e-14 1.04481e-15 1
4169.22 5.16823e-14 1.04481e-15 1
4171.54 5.24036e-14 1.04481e-15 1
4173.86 5.17583e-14 1.04481e-15 1
4176.18 5.03183e-14 1.04481e-15 1
4178.51 4.93441e-14 1.04481e-15 1
4180.82 4.9322e-14 1.04481e-15 1
4183.15 5.05389e-14 1.04481e-15 1
4185.47 5.04565e-14 1.04481e-15 1
4187.79 4.94491e-14 1.04481e-15 1
4190.11 5.04353e-14 1.04481e-15 1
4192.44 5.19332e-14 1.04481e-15 1
4194.76 5.11564e-14 1.04481e-15 1
4197.06 5.07009e-14 1.04481e-15 1
4199.39 5.07298e-14 1.04481e-15 1
4201.71 5.03214e-14 1.04481e-15 1
4204.03 5.10922e-14 1.04481e-15 1
4206.35 4.93252e-14 1.04481e-15 1
4208.68 4.83723e-14 1.04481e-15 1
4211 4.91657e-14 1.04481e-15 1
4213.32 4.89758e-14 1.04481e-15 1
4215.64 4.99787e-14 1.04481e-15 1
4217.96 4.99049e-14 1.04481e-15 1
4220.29 4.85571e-14 1.04481e-15 1
4222.6 4.70303e-14 1.04481e-15 1
4224.93 4.57261e-14 1.04481e-15 1
4227.25 4.67801e-14 1.04481e-15 1
4229.57 4.81127e-14 1.04481e-15 1
4231.89 4.77704e-14 1.04481e-15 1
4234.22 4.73792e-14 1.04481e-15 1
4236.54 4.67383e-14 1.04481e-15 1
4238.85 4.52128e-14 1.04481e-15 1
4241.18 4.45781e-14 1.06429e-15 1
4243.5 4.54609e-14 1.06429e-15 1
4245.82 4.54281e-14 1.06429e-15 1
4248.14 4.50909e-14 1.06429e-15 1
4250.47 4.5267e-14 1.06429e-15 1
4252.79 4.55806e-14 1.06429e-15 1
4255.11 4.58173e-14 1.06429e-15 1
4257.43 4.4872e-14 1.06429e-15 1
4259.75 4.28529e-14 1.06429e-15 1
4262.07 4.32423e-14 1.06429e-15 1
4264.39 4.32493e-14 1.06429e-15 1
4266.72 4.08004e-14 1.06429e-15 1
4269.04 3.93418e-14 1.06429e-15 1
4271.36 3.86942e-14 1.06429e-15 1
4273.68 3.9559e-14 1.06429e-15 1
4276.01 3.96411e-14 1.06429e-15 1
4278.32 3.85415e-14 1.06429e-15 1
4280.64 3.83847e-14 1.06429e-15 1
4282.97 3.80654e-14 1.06429e-15 1
4285.29 3.80294e-14 1.06429e-15 1
4287.61 3.69573e-14 1.06429e-15 1
4289.92 3.49803e-14 1.06429e-15 1
4292.25 3.36473e-14 1.06429e-15 1
4294.56 3.33222e-14 1.06429e-15 1
4296.89 3.38272e-14 1.06429e-15 1
4299.21 3.38085e-14 1.06429e-15 1
4301.53 3.36345e-14 1.06429e-15 1
4303.85 3.386e-14 1.06429e-15 1
4306.17 3.42083e-14 1.06429e-15 1
4308.5 3.42712e-14 1.06429e-15 1
4310.82 3.33709e-14 1.06429e-15 1
4313.14 3.29481e-14 1.06429e-15 1
4315.46 3.3115e-14 1.06429e-15 1
4317.79 3.27355e-14 1.06429e-15 1
4320.1 3.22055e-14 1.06429e-15 1
4322.42 3.20548e-14 1.06429e-15 1
4324.75 3.21391e-14 1.06429e-15 1
4327.07 3.31066e-14 1.06429e-15 1
4329.39 3.39341e-14 1.06429e-15 1
4331.71 3.35136e-14 1.06429e-15 1
4334.04 3.31179e-14 1.06429e-15 1
4336.35 3.24339e-14 1.06429e-15 1
4338.68 3.11408e-14 1.06429e-15 1
4341 3.02544e-14 7.75026e-16 1
4343.32 2.98119e-14 7.75026e-16 1
4345.64 2.93156e-14 7.75026e-16 1
4347.96 3.05659e-14 7.75026e-16 1
4350.29 3.18612e-14 7.75026e-16 1
4352.6 3.20054e-14 7.75026e-16 1
4354.93 3.21872e-14 7.75026e-16 1
4357.25 3.08986e-14 7.75026e-16 1
4359.58 3.04742e-14 7.75026e-16 1
4361.89 3.06697e-14 7.75026e-16 1
4364.21 2.95116e-14 7.75026e-16 1
4366.54 2.91779e-14 7.75026e-16 1
4368.85 2.90209e-14 7.75026e-16 1
4371.18 2.88573e-14 7.75026e-16 1
4373.5 2.95632e-14 7.75026e-16 1
4375.83 2.96128e-14 7.75026e-16 1
4378.14 2.91859e-14 7.75026e-16 1
4380.47 2.90375e-14 7.75026e-16 1
4382.79 2.87644e-14 7.75026e-16 1
4385.09 2.94069e-14 7.75026e-16 1
4387.42 3.02066e-14 7.75026e-16 1
4389.74 2.89297e-14 7.75026e-16 1
4392.07 2.86569e-14 7.75026e-16 1
4394.38 2.9924e-14 7.75026e-16 1
4396.71 3.05749e-14 7.75026e-16 1
4399.03 3.09766e-14 7.75026e-16 1
4401.35 3.08955e-14 7.75026e-16 1
4403.67 3.06639e-14 7.75026e-16 1
4405.99 3.03704e-14 7.75026e-16 1
4408.32 3.06154e-14 7.75026e-16 1
4410.63 3.13948e-14 7.75026e-16 1
4412.96 3.19866e-14 7.75026e-16 1
4415.28 3.22067e-14 7.75026e-16 1
4417.61 3.32375e-14 7.75026e-16 1
4419.92 3.38517e-14 7.75026e-16 1
4422.25 3.30987e-14 7.75026e-16 1
4424.57 3.29175e-14 7.75026e-16 1
4426.88 3.3636e-14 7.75026e-16 1
4429.21 3.39383e-14 7.75026e-16 1
4431.53 3.36084e-14 7.75026e-16 1
4433.86 3.4043e-14 7.75026e-16 1
4436.17 3.53782e-14 7.75026e-16 1
4438.5 3.68814e-14 7.75026e-16 1
4440.82 3.68013e-14 1.06365e-15 1
4443.14 3.66567e-14 1.06365e-15 1
4445.46 3.72678e-14 1.06365e-15 1
4447.78 3.7155e-14 1.06365e-15 1
4450.11 3.75735e-14 1.06365e-15 1
4452.42 3.91401e-14 1.06365e-15 1
4454.75 4.07967e-14 1.06365e-15 1
4457.07 4.04152e-14 1.06365e-15 1
4459.39 3.84141e-14 1.06365e-15 1
4461.71 3.86391e-14 1.06365e-15 1
4464.04 4.08986e-14 1.06365e-15 1
4466.36 4.25215e-14 1.06365e-15 1
4468.67 4.18159e-14 1.06365e-15 1
4471 4.09543e-14 1.06365e-15 1
4473.32 4.09534e-14 1.06365e-15 1
4475.64 4.26462e-14 1.06365e-15 1
4477.95 4.29551e-14 1.06365e-15 1
4480.28 4.17919e-14 1.06365e-15 1
4482.6 4.22669e-14 1.06365e-15 1
4484.92 4.37287e-14 1.06365e-15 1
4487.24 4.56607e-14 1.06365e-15 1
4489.56 4.72133e-14 1.06365e-15 1
4491.88 4.78615e-14 1.06365e-15 1
4494.2 4.73292e-14 1.06365e-15 1
4496.53 4.78914e-14 1.06365e-15 1
4498.85 4.94388e-14 1.06365e-15 1
4501.17 4.91938e-14 1.06365e-15 1
4503.49 4.80465e-14 1.06365e-15 1
4505.82 4.87541e-14 1.06365e-15 1
4508.14 4.93798e-14 1.06365e-15 1
4510.45 4.89987e-14 1.06365e-15 1
4512.78 4.8399e-14 1.06365e-15 1
4515.1 4.97113e-14 1.06365e-15 1
4517.42 5.2518e-14 1.06365e-15 1
4519.74 5.2489e-14 1.06365e-15 1
4522.07 5.15727e-14 1.06365e-15 1
4524.39 5.28712e-14 1.06365e-15 1
4526.71 5.32283e-14 1.06365e-15 1
4529.03 5.29381e-14 1.06365e-15 1
4531.35 5.3698e-14 1.06365e-15 1
4533.67 5.39643e-14 1.06365e-15 1
4535.99 5.31468e-14 1.06365e-15 1
4538.32 5.37842e-14 1.06365e-15 1
4540.64 5.56811e-14 1.20222e-15 1
4542.96 5.61332e-14 1.20222e-15 1
4545.28 5.54553e-14 1.20222e-15 1
4547.61 5.44885e-14 1.20222e-15 1
4549.92 5.45808e-14 1.20222e-15 1
4552.24 5.51625e-14 1.20222e-15 1
4554.57 5.64172e-14 1.20222e-15 1
4556.89 5.79362e-14 1.20222e-15 1
4559.21 5.77697e-14 1.20222e-15 1
4561.53 5.66214e-14 1.20222e-15 1
4563.86 5.59495e-14 1.20222e-15 1
4566.17 5.66824e-14 1.20222e-15 1
4568.5 5.67035e-14 1.20222e-15 1
4570.82 5.58697e-14 1.20222e-15 1
4573.13 5.51119e-14 1.20222e-15 1
4575.45 5.4586e-14 1.20222e-15 1
4577.77 5.46318e-14 1.20222e-15 1
4580.1 5.56323e-14 1.20222e-15 1
4582.41 5.74413e-14 1.20222e-15 1
4584.74 5.76637e-14 1.20222e-15 1
4587.06 5.78713e-14 1.20222e-15 1
4589.39 5.82854e-14 1.20222e-15 1
4591.7 5.69224e-14 1.20222e-15 1
4594.02 5.64278e-14 1.20222e-15 1
4596.35 5.5977e-14 1.20222e-15 1
4598.67 5.57559e-14 1.20222e-15 1
4600.99 5.58087e-14 1.20222e-15 1
4603.31 5.541e-14 1.20222e-15 1
4605.64 5.42134e-14 1.20222e-15 1
4607.95 5.28663e-14 1.20222e-15 1
4610.28 5.34144e-14 1.20222e-15 1
4612.6 5.52476e-14 1.20222e-15 1
4614.92 5.62002e-14 1.20222e-15 1
4617.24 5.48526e-14 1.20222e-15 1
4619.56 5.40084e-14 1.20222e-15 1
4621.89 5.3809e-14 1.20222e-15 1
4624.2 5.19149e-14 1.20222e-15 1
4626.53 4.99114e-14 1.20222e-15 1
4628.85 4.99315e-14 1.20222e-15 1
4631.18 5.0734e-14 1.20222e-15 1
4633.49 5.09694e-14 1.20222e-15 1
4635.81 4.88433e-14 1.20222e-15 1
4638.14 4.74521e-14 1.20222e-15 1
4640.45 4.80136e-14 1.09957e-15 1
4642.78 4.84827e-14 1.09957e-15 1
4645.1 4.77228e-14 1.09957e-15 1
4647.43 4.55363e-14 1.09957e-15 1
4649.74 4.42734e-14 1.09957e-15 1
4652.07 4.42951e-14 1.09957e-15 1
4654.39 4.42118e-14 1.09957e-15 1
4656.7 4.31477e-14 1.09957e-15 1
4659.03 4.18883e-14 1.09957e-15 1
4661.35 4.04591e-14 1.09957e-15 1
4663.68 3.98976e-14 1.09957e-15 1
4665.99 3.99945e-14 1.09957e-15 1
4668.31 4.05088e-14 1.09957e-15 1
4670.63 3.98593e-14 1.09957e-15 1
4672.95 3.8431e-14 1.09957e-15 1
4675.27 3.81277e-14 1.09957e-15 1
4677.59 3.89702e-14 1.09957e-15 1
4679.92 3.93634e-14 1.09957e-15 1
4682.23 3.85225e-14 1.09957e-15 1
4684.56 3.8366e-14 1.09957e-15 1
4686.88 3.77043e-14 1.09957e-15 1
4689.21 3.73335e-14 1.09957e-15 1
4691.52 3.64577e-14 1.09957e-15 1
4693.85 3.62746e-14 1.09957e-15 1
4696.17 3.71861e-14 1.09957e-15 1
4698.48 3.724e-14 1.09957e-15 1
4700.81 3.77821e-14 1.09957e-15 1
4703.13 3.81804e-14 1.09957e-15 1
4705.46 3.69071e-14 1.09957e-15 1
4707.77 3.56676e-14 1.09957e-15 1
4710.1 3.55494e-14 1.09957e-15 1
4712.42 3.54536e-14 1.09957e-15 1
4714.74 3.40832e-14 1.09957e-15 1
4717.06 3.33909e-14 1.09957e-15 1
4719.38 3.35133e-14 1.09957e-15 1
4721.71 3.25366e-14 1.09957e-15 1
4724.02 3.19059e-14 1.09957e-15 1
4726.35 3.13956e-14 1.09957e-15 1
4728.67 3.07057e-14 1.09957e-15 1
4730.99 3.11728e-14 1.09957e-15 1
4733.31 3.17703e-14 1.09957e-15 1
4735.64 3.1647e-14 1.09957e-15 1
4737.96 3.0974e-14 1.09957e-15 1
4740.27 3.08074e-14 6.99693e-16 1
4742.6 3.12458e-14 6.99693e-16 1
4744.92 3.14097e-14 6.99693e-16 1
4747.24 3.08106e-14 6.99693e-16 1
4749.56 3.01797e-14 6.99693e-16 1
4751.89 3.03801e-14 6.99693e-16 1
4754.21 3.07255e-14 6.99693e-16 1
4756.53 3.06706e-14 6.99693e-16 1
4758.85 3.01299e-14 6.99693e-16 1
4761.16 2.963e-14 6.99693e-16 1
4763.48 3.00833e-14 6.99693e-16 1
4765.8 3.0875e-14 6.99693e-16 1
4768.13 3.12544e-14 6.99693e-16 1
4770.45 3.18884e-14 6.99693e-16 1
4772.77 3.20487e-14 6.99693e-16 1
4775.09 3.1908e-14 6.99693e-16 1
4777.42 3.12555e-14 6.99693e-16 1
4779.74 3.08035e-14 6.99693e-16 1
4782.05 3.15688e-14 6.99693e-16 1
4784.38 3.19475e-14 6.99693e-16 1
4786.7 3.26434e-14 6.99693e-16 1
4789.02 3.28887e-14 6.99693e-16 1
4791.34 3.17481e-14 6.99693e-16 1
4793.67 3.15546e-14 6.99693e-16 1
4795.99 3.1466e-14 6.99693e-16 1
4798.31 3.16085e-14 6.99693e-16 1
4800.63 3.25855e-14 6.99693e-16 1
4802.95 3.23389e-14 6.99693e-16 1
4805.27 3.16701e-14 6.99693e-16 1
4807.59 3.07873e-14 6.99693e-16 1
4809.92 3.00194e-14 6.99693e-16 1
4812.24 3.05501e-14 6.99693e-16 1
4814.56 3.08714e-14 6.99693e-16 1
4816.88 3.04537e-14 6.99693e-16 1
4819.21 3.02289e-14 6.99693e-16 1
4821.52 3.02216e-14 6.99693e-16 1
4823.84 2.92192e-14 6.99693e-16 1
4826.17 2.84391e-14 6.99693e-16 1
4828.49 2.81561e-14 6.99693e-16 1
4830.81 2.77161e-14 6.99693e-16 1
4833.13 2.7356e-14 6.99693e-16 1
4835.46 2.72919e-14 6.99693e-16 1
4837.77 2.72281e-14 6.99693e-16 1
4840.1 2.71184e-14 6.99693e-16 1
4842.42 2.7069e-14 7.51647e-16 1
4844.74 2.66342e-14 7.51647e-16 1
4847.06 2.61861e-14 7.51647e-16 1
4849.38 2.60626e-14 7.51647e-16 1
4851.71 2.54523e-14 7.51647e-16 1
4854.02 2.54498e-14 7.51647e-16 1
4856.34 2.58628e-14 7.51647e-16 1
4858.66 2.53091e-14 7.51647e-16 1
4860.99 2.55241e-14 7.51647e-16 1
4863.3 2.64852e-14 7.51647e-16 1
4865.62 2.66622e-14 7.51647e-16 1
4867.95 2.73989e-14 7.51647e-16 1
4870.26 2.76707e-14 7.51647e-16 1
4872.59 2.74316e-14 7.51647e-16 1
4874.91 2.75653e-14 7.51647e-16 1
4877.24 2.71235e-14 7.51647e-16 1
4879.55 2.78683e-14 7.51647e-16 1
4881.88 2.90689e-14 7.51647e-16 1
4884.2 2.9707e-14 7.51647e-16 1
4886.52 2.98879e-14 7.51647e-16 1
4888.84 2.91352e-14 7.51647e-16 1
4891.16 2.90928e-14 7.51647e-16 1
4893.49 3.02598e-14 7.51647e-16 1
4895.8 3.15355e-14 7.51647e-16 1
4898.13 3.26485e-14 7.51647e-16 1
4900.45 3.23064e-14 7.51647e-16 1
4902.78 3.18534e-14 7.51647e-16 1
4905.09 3.23038e-14 7.51647e-16 1
4907.41 3.23732e-14 7.51647e-16 1
4909.74 3.28146e-14 7.51647e-16 1
4912.05 3.28434e-14 7.51647e-16 1
4914.38 3.29207e-14 7.51647e-16 1
4916.7 3.39147e-14 7.51647e-16 1
4919.03 3.44546e-14 7.51647e-16 1
4921.34 3.47429e-14 7.51647e-16 1
4923.67 3.55037e-14 7.51647e-16 1
4925.99 3.52067e-14 7.51647e-16 1
4928.3 3.45825e-14 7.51647e-16 1
4930.63 3.49385e-14 7.51647e-16 1
4932.95 3.40968e-14 7.51647e-16 1
4935.28 3.35887e-14 7.51647e-16 1
4937.59 3.41319e-14 7.51647e-16 1
4939.92 3.31194e-14 7.51647e-16 1
4942.24 3.27106e-14 6.39114e-16 1
4944.56 3.35862e-14 6.39114e-16 1
4946.88 3.28175e-14 6.39114e-16 1
4949.2 3.08296e-14 6.39114e-16 1
4951.52 3.0092e-14 6.39114e-16 1
4953.83 3.08736e-14 6.39114e-16 1
4956.16 3.12425e-14 6.39114e-16 1
4958.48 3.04266e-14 6.39114e-16 1
4960.8 3.02974e-14 6.39114e-16 1
4963.12 3.0213e-14 6.39114e-16 1
4965.45 2.97147e-14 6.39114e-16 1
4967.77 2.96923e-14 6.39114e-16 1
4970.08 2.94877e-14 6.39114e-16 1
4972.41 2.90821e-14 6.39114e-16 1
4974.73 2.91e-14 6.39114e-16 1
4977.06 2.88112e-14 6.39114e-16 1
4979.37 2.7852e-14 6.39114e-16 1
4981.7 2.70187e-14 6.39114e-16 1
4984.02 2.74212e-14 6.39114e-16 1
4986.34 2.78711e-14 6.39114e-16 1
4988.66 2.73404e-14 6.39114e-16 1
4990.98 2.767e-14 6.39114e-16 1
4993.31 2.79635e-14 6.39114e-16 1
4995.62 2.78287e-14 6.39114e-16 1
4997.95 2.84195e-14 6.39114e-16 1
5000.27 2.84612e-14 6.39114e-16 1
5002.59 2.7932e-14 6.39114e-16 1
5004.91 2.69891e-14 6.39114e-16 1
5007.24 2.70329e-14 6.39114e-16 1
5009.56 2.81288e-14 6.39114e-16 1
5011.87 2.82994e-14 6.39114e-16 1
5014.2 2.83592e-14 6.39114e-16 1
5016.52 2.8368e-14 6.39114e-16 1
5018.84 2.82483e-14 6.39114e-16 1
5021.16 2.8521e-14 6.39114e-16 1
5023.49 2.91137e-14 6.39114e-16 1
5025.81 2.96249e-14 6.39114e-16 1
5028.13 2.92766e-14 6.39114e-16 1
5030.45 2.8947e-14 6.39114e-16 1
5032.77 2.9582e-14 6.39114e-16 1
5035.09 2.89973e-14 6.39114e-16 1
5037.41 2.81777e-14 6.39114e-16 1
5039.74 2.87724e-14 6.39114e-16 1
5042.06 2.84661e-14 8.88571e-16 1
5044.37 2.89448e-14 8.88571e-16 1
5046.69 3.03428e-14 8.88571e-16 1
5049.02 3.08211e-14 8.88571e-16 1
5051.33 3.07212e-14 8.88571e-16 1
5053.65 3.06936e-14 8.88571e-16 1
5055.98 3.05031e-14 8.88571e-16 1
5058.3 3.07576e-14 8.88571e-16 1
5060.62 3.12133e-14 8.88571e-16 1
5062.94 3.14598e-14 8.88571e-16 1
5065.27 3.1729e-14 8.88571e-16 1
5067.59 3.17374e-14 8.88571e-16 1
5069.91 3.1354e-14 8.88571e-16 1
5072.23 3.12769e-14 8.88571e-16 1
5074.55 3.16764e-14 8.88571e-16 1
5076.87 3.2128e-14 8.88571e-16 1
5079.19 3.31477e-14 8.88571e-16 1
5081.52 3.34508e-14 8.88571e-16 1
5083.84 3.32845e-14 8.88571e-16 1
5086.16 3.38449e-14 8.88571e-16 1
5088.48 3.3733e-14 8.88571e-16 1
5090.81 3.3359e-14 8.88571e-16 1
5093.12 3.3099e-14 8.88571e-16 1
5095.44 3.23957e-14 8.88571e-16 1
5097.77 3.32273e-14 8.88571e-16 1
5100.09 3.43845e-14 8.88571e-16 1
5102.41 3.4362e-14 8.88571e-16 1
5104.73 3.41967e-14 8.88571e-16 1
5107.06 3.4691e-14 8.88571e-16 1
5109.37 3.53992e-14 8.88571e-16 1
5111.7 3.63477e-14 8.88571e-16 1
5114.02 3.75755e-14 8.88571e-16 1
5116.34 3.78096e-14 8.88571e-16 1
5118.66 3.74214e-14 8.88571e-16 1
5120.98 3.92212e-14 8.88571e-16 1
5123.31 3.95834e-14 8.88571e-16 1
5125.62 3.81348e-14 8.88571e-16 1
5127.95 3.81712e-14 8.88571e-16 1
5130.27 3.95589e-14 8.88571e-16 1
5132.6 3.99715e-14 8.88571e-16 1
5134.91 3.91456e-14 8.88571e-16 1
5137.23 3.91843e-14 8.88571e-16 1
5139.55 4.0003e-14 8.88571e-16 1
5141.86 3.98278e-14 9.20378e-16 1
5144.19 3.98021e-14 9.20378e-16 1
5146.51 4.02226e-14 9.20378e-16 1
5148.84 4.11102e-14 9.20378e-16 1
5151.15 4.13374e-14 9.20378e-16 1
5153.48 4.09666e-14 9.20378e-16 1
5155.8 4.17858e-14 9.20378e-16 1
5158.12 4.20362e-14 9.20378e-16 1
5160.44 4.13324e-14 9.20378e-16 1
5162.76 4.10388e-14 9.20378e-16 1
5165.09 4.08032e-14 9.20378e-16 1
5167.4 4.13887e-14 9.20378e-16 1
5169.73 4.12827e-14 9.20378e-16 1
5172.05 4.06133e-14 9.20378e-16 1
5174.38 4.06076e-14 9.20378e-16 1
5176.69 4.04948e-14 9.20378e-16 1
5179.01 4.08066e-14 9.20378e-16 1
5181.34 4.21276e-14 9.20378e-16 1
5183.65 4.19661e-14 9.20378e-16 1
5185.98 4.14576e-14 9.20378e-16 1
5188.3 4.22795e-14 9.20378e-16 1
5190.63 4.38796e-14 9.20378e-16 1
5192.94 4.52129e-14 9.20378e-16 1
5195.27 4.42724e-14 9.20378e-16 1
5197.59 4.35263e-14 9.20378e-16 1
5199.9 4.28984e-14 9.20378e-16 1
5202.23 4.33708e-14 9.20378e-16 1
5204.55 4.45886e-14 9.20378e-16 1
5206.88 4.42436e-14 9.20378e-16 1
5209.19 4.35644e-14 9.20378e-16 1
5211.52 4.38213e-14 9.20378e-16 1
5213.84 4.48209e-14 9.20378e-16 1
5216.16 4.46614e-14 9.20378e-16 1
5218.48 4.44872e-14 9.20378e-16 1
5220.8 4.28866e-14 9.20378e-16 1
5223.13 4.33974e-14 9.20378e-16 1
5225.44 4.53333e-14 9.20378e-16 1
5227.77 4.478e-14 9.20378e-16 1
5230.09 4.40492e-14 9.20378e-16 1
5232.4 4.36169e-14 9.20378e-16 1
5234.72 4.1823e-14 9.20378e-16 1
5237.05 4.11222e-14 9.20378e-16 1
5239.37 4.30356e-14 9.20378e-16 1
5241.68 4.39439e-14 1.06088e-15 1
5244.01 4.3199e-14 1.06088e-15 1
5246.33 4.28231e-14 1.06088e-15 1
5248.65 4.14575e-14 1.06088e-15 1
5250.97 3.94062e-14 1.06088e-15 1
5253.3 3.93111e-14 1.06088e-15 1
5255.62 3.93944e-14 1.06088e-15 1
5257.94 3.76921e-14 1.06088e-15 1
5260.26 3.57197e-14 1.06088e-15 1
5262.58 3.4312e-14 1.06088e-15 1
5264.91 3.36718e-14 1.06088e-15 1
5267.22 3.39556e-14 1.06088e-15 1
5269.55 3.40337e-14 1.06088e-15 1
5271.87 3.26957e-14 1.06088e-15 1
5274.19 3.2173e-14 1.06088e-15 1
5276.51 3.32473e-14 1.06088e-15 1
5278.84 3.31768e-14 1.06088e-15 1
5281.16 3.32226e-14 1.06088e-15 1
5283.47 3.20916e-14 1.06088e-15 1
5285.8 3.09422e-14 1.06088e-15 1
5288.12 3.15898e-14 1.06088e-15 1
5290.44 3.18943e-14 1.06088e-15 1
5292.76 3.27669e-14 1.06088e-15 1
5295.09 3.30346e-14 1.06088e-15 1
5297.41 3.2485e-14 1.06088e-15 1
5299.73 3.25471e-14 1.06088e-15 1
5302.05 3.17526e-14 1.06088e-15 1
5304.37 3.10369e-14 1.06088e-15 1
5306.69 3.0511e-14 1.06088e-15 1
5309.01 3.06921e-14 1.06088e-15 1
5311.34 3.13649e-14 1.06088e-15 1
5313.66 3.10407e-14 1.06088e-15 1
5315.98 3.18808e-14 1.06088e-15 1
5318.3 3.23877e-14 1.06088e-15 1
5320.63 3.19777e-14 1.06088e-15 1
5322.94 3.25828e-14 1.06088e-15 1
5325.26 3.23748e-14 1.06088e-15 1
5327.58 3.19417e-14 1.06088e-15 1
5329.9 3.21548e-14 1.06088e-15 1
5332.22 3.22785e-14 1.06088e-15 1
5334.54 3.30085e-14 1.06088e-15 1
5336.87 3.33951e-14 1.06088e-15 1
5339.18 3.30073e-14 1.06088e-15 1
5341.51 3.29193e-14 7.67417e-16 1
5343.83 3.24027e-14 7.67417e-16 1
5346.15 3.1943e-14 7.67417e-16 1
5348.47 3.26357e-14 7.67417e-16 1
5350.79 3.23016e-14 7.67417e-16 1
5353.12 3.13694e-14 7.67417e-16 1
5355.44 3.15272e-14 7.67417e-16 1
5357.76 3.2178e-14 7.67417e-16 1
5360.08 3.19544e-14 7.67417e-16 1
5362.41 3.18104e-14 7.67417e-16 1
5364.72 3.20868e-14 7.67417e-16 1
5367.04 3.25502e-14 7.67417e-16 1
5369.37 3.29398e-14 7.67417e-16 1
5371.69 3.21016e-14 7.67417e-16 1
5374.01 3.14703e-14 7.67417e-16 1
5376.33 3.23235e-14 7.67417e-16 1
5378.66 3.24998e-14 7.67417e-16 1
5380.97 3.12962e-14 7.67417e-16 1
5383.3 3.2038e-14 7.67417e-16 1
5385.62 3.30886e-14 7.67417e-16 1
5387.94 3.30374e-14 7.67417e-16 1
5390.26 3.31857e-14 7.67417e-16 1
5392.58 3.31171e-14 7.67417e-16 1
5394.91 3.25388e-14 7.67417e-16 1
5397.22 3.14601e-14 7.67417e-16 1
5399.55 3.10298e-14 7.67417e-16 1
5401.87 3.14005e-14 7.67417e-16 1
5404.2 3.16596e-14 7.67417e-16 1
5406.51 3.19039e-14 7.67417e-16 1
5408.83 3.20287e-14 7.67417e-16 1
5411.16 3.17674e-14 7.67417e-16 1
5413.47 3.11658e-14 7.67417e-16 1
5415.8 3.09541e-14 7.67417e-16 1
5418.12 3.08422e-14 7.67417e-16 1
5420.45 3.00827e-14 7.67417e-16 1
5422.75 3.01952e-14 7.67417e-16 1
5425.08 3.02673e-14 7.67417e-16 1
5427.4 3.08147e-14 7.67417e-16 1
5429.71 3.08595e-14 7.67417e-16 1
5432.04 3.02621e-14 7.67417e-16 1
5434.36 2.84738e-14 7.67417e-16 1
5436.69 2.65502e-14 7.67417e-16 1
5439 2.70701e-14 7.67417e-16 1
5441.33 2.79914e-14 6.60686e-16 1
5443.65 2.7959e-14 6.60686e-16 1
5445.98 2.73164e-14 6.60686e-16 1
5448.29 2.60896e-14 6.60686e-16 1
5450.61 2.59346e-14 6.60686e-16 1
5452.94 2.64996e-14 6.60686e-16 1
5455.25 2.66641e-14 6.60686e-16 1
5457.58 2.62374e-14 6.60686e-16 1
5459.9 2.48723e-14 6.60686e-16 1
5462.23 2.41849e-14 6.60686e-16 1
5464.54 2.47591e-14 6.60686e-16 1
5466.87 2.42044e-14 6.60686e-16 1
5469.19 2.35239e-14 6.60686e-16 1
5471.5 2.34319e-14 6.60686e-16 1
5473.83 2.39556e-14 6.60686e-16 1
5476.15 2.35865e-14 6.60686e-16 1
5478.48 2.38018e-14 6.60686e-16 1
5480.79 2.41308e-14 6.60686e-16 1
5483.12 2.40724e-14 6.60686e-16 1
5485.44 2.49259e-14 6.60686e-16 1
5487.76 2.48488e-14 6.60686e-16 1
5490.08 2.42239e-14 6.60686e-16 1
5492.4 2.50076e-14 6.60686e-16 1
5494.73 2.64311e-14 6.60686e-16 1
5497.04 2.6795e-14 6.60686e-16 1
5499.37 2.61074e-14 6.60686e-16 1
5501.69 2.50571e-14 6.60686e-16 1
5504.01 2.58217e-14 6.60686e-16 1
5506.33 2.70835e-14 6.60686e-16 1
5508.66 2.69295e-14 6.60686e-16 1
5510.98 2.74605e-14 6.60686e-16 1
5513.29 2.71726e-14 6.60686e-16 1
5515.61 2.79152e-14 6.60686e-16 1
5517.93 2.90161e-14 6.60686e-16 1
5520.25 2.86057e-14 6.60686e-16 1
5522.57 2.85123e-14 6.60686e-16 1
5524.9 2.93891e-14 6.60686e-16 1
5527.22 3.00951e-14 6.60686e-16 1
5529.54 3.0204e-14 6.60686e-16 1
5531.86 3.02793e-14 6.60686e-16 1
5534.18 3.04851e-14 6.60686e-16 1
5536.51 3.03439e-14 6.60686e-16 1
5538.82 3.05407e-14 6.60686e-16 1
5541.15 3.14928e-14 1.18177e-15 1
5543.47 3.36556e-14 1.18177e-15 1
5545.79 3.49219e-14 1.18177e-15 1
5548.11 3.51685e-14 1.18177e-15 1
5550.44 3.38456e-14 1.18177e-15 1
5552.76 3.1229e-14 1.18177e-15 1
5555.07 3.03756e-14 1.18177e-15 1
5557.4 3.17317e-14 1.18177e-15 1
5559.72 3.17823e-14 1.18177e-15 1
5562.04 3.11633e-14 1.18177e-15 1
5564.36 3.20973e-14 1.18177e-15 1
5566.69 3.10634e-14 1.18177e-15 1
5569.01 3.11786e-14 1.18177e-15 1
5571.33 3.23395e-14 1.18177e-15 1
5573.65 3.28153e-14 1.18177e-15 1
5575.97 3.2858e-14 1.18177e-15 1
5578.29 3.24138e-14 1.18177e-15 1
5580.61 3.2549e-14 1.18177e-15 1
5582.94 3.2362e-14 1.18177e-15 1
5585.26 3.11098e-14 1.18177e-15 1
5587.58 3.18506e-14 1.18177e-15 1
5589.9 3.33778e-14 1.18177e-15 1
5592.23 3.33275e-14 1.18177e-15 1
5594.54 3.22228e-14 1.18177e-15 1
5596.86 3.14365e-14 1.18177e-15 1
5599.19 3.11126e-14 1.18177e-15 1
5601.51 3.1919e-14 1.18177e-15 1
5603.83 3.3303e-14 1.18177e-15 1
5606.15 3.37358e-14 1.18177e-15 1
5608.48 3.29917e-14 1.18177e-15 1
5610.78 3.12975e-14 1.18177e-15 1
5613.1 3.07769e-14 1.18177e-15 1
5615.43 3.11623e-14 1.18177e-15 1
5617.75 3.16227e-14 1.18177e-15 1
5620.07 3.25047e-14 1.18177e-15 1
5622.39 3.25853e-14 1.18177e-15 1
5624.72 3.16464e-14 1.18177e-15 1
5627.04 3.18271e-14 1.18177e-15 1
5629.36 3.11082e-14 1.18177e-15 1
5631.68 2.92207e-14 1.18177e-15 1
5634.01 3.02932e-14 1.18177e-15 1
5636.32 3.04847e-14 1.18177e-15 1
5638.64 2.99094e-14 1.18177e-15 1
5640.97 3.0298e-14 8.32709e-16 1
5643.29 3.02807e-14 8.32709e-16 1
5645.61 2.90727e-14 8.32709e-16 1
5647.93 2.8659e-14 8.32709e-16 1
5650.26 2.95451e-14 8.32709e-16 1
5652.57 2.97959e-14 8.32709e-16 1
5654.9 3.05944e-14 8.32709e-16 1
5657.22 3.09897e-14 8.32709e-16 1
5659.54 2.97436e-14 8.32709e-16 1
5661.86 2.94944e-14 8.32709e-16 1
5664.18 2.97075e-14 8.32709e-16 1
5666.51 2.99195e-14 8.32709e-16 1
5668.82 3.10236e-14 8.32709e-16 1
5671.15 3.23854e-14 8.32709e-16 1
5673.47 3.15901e-14 8.32709e-16 1
5675.8 2.90283e-14 8.32709e-16 1
5678.11 2.85175e-14 8.32709e-16 1
5680.43 3.01595e-14 8.32709e-16 1
5682.76 3.13452e-14 8.32709e-16 1
5685.07 3.08565e-14 8.32709e-16 1
5687.4 2.9796e-14 8.32709e-16 1
5689.72 2.978e-14 8.32709e-16 1
5692.05 2.94994e-14 8.32709e-16 1
5694.36 2.96228e-14 8.32709e-16 1
5696.69 2.98011e-14 8.32709e-16 1
5699.01 2.92023e-14 8.32709e-16 1
5701.32 2.997e-14 8.32709e-16 1
5703.64 3.00738e-14 8.32709e-16 1
5705.96 2.7737e-14 8.32709e-16 1
5708.29 2.71981e-14 8.32709e-16 1
5710.6 2.81938e-14 8.32709e-16 1
5712.93 2.70265e-14 8.32709e-16 1
5715.25 2.63967e-14 8.32709e-16 1
5717.56 2.68426e-14 8.32709e-16 1
5719.89 2.69344e-14 8.32709e-16 1
5722.21 2.68175e-14 8.32709e-16 1
5724.54 2.71326e-14 8.32709e-16 1
5726.85 2.67857e-14 8.32709e-16 1
5729.18 2.58992e-14 8.32709e-16 1
5731.5 2.67863e-14 8.32709e-16 1
5733.83 2.57295e-14 8.32709e-16 1
5736.14 2.51012e-14 8.32709e-16 1
5738.46 2.52193e-14 8.32709e-16 1
5740.79 2.50652e-14 8.41119e-16 1
5743.1 2.48937e-14 8.41119e-16 1
5745.43 2.5299e-14 8.41119e-16 1
5747.75 2.55977e-14 8.41119e-16 1
5750.08 2.58286e-14 8.41119e-16 1
5752.39 2.69256e-14 8.41119e-16 1
5754.72 2.71162e-14 8.41119e-16 1
5757.04 2.51375e-14 8.41119e-16 1
5759.35 2.51088e-14 8.41119e-16 1
5761.68 2.64266e-14 8.41119e-16 1
5764 2.54952e-14 8.41119e-16 1
5766.33 2.45516e-14 8.41119e-16 1
5768.64 2.52847e-14 8.41119e-16 1
5770.97 2.57451e-14 8.41119e-16 1
5773.29 2.54865e-14 8.41119e-16 1
5775.61 2.60735e-14 8.41119e-16 1
5777.93 2.60818e-14 8.41119e-16 1
5780.25 2.51031e-14 8.41119e-16 1
5782.58 2.62195e-14 8.41119e-16 1
5784.89 2.66056e-14 8.41119e-16 1
5787.22 2.66626e-14 8.41119e-16 1
5789.54 2.75557e-14 8.41119e-16 1
5791.86 2.79451e-14 8.41119e-16 1
5794.18 2.65372e-14 8.41119e-16 1
5796.51 2.69849e-14 8.41119e-16 1
5798.82 2.80981e-14 8.41119e-16 1
5801.13 2.83158e-14 8.41119e-16 1
5803.46 3.00557e-14 8.41119e-16 1
5805.78 3.08201e-14 8.41119e-16 1
5808.1 2.9875e-14 8.41119e-16 1
5810.42 2.91226e-14 8.41119e-16 1
5812.75 2.85739e-14 8.41119e-16 1
5815.07 2.96087e-14 8.41119e-16 1
5817.39 3.06071e-14 8.41119e-16 1
5819.71 3.09446e-14 8.41119e-16 1
5822.03 3.07113e-14 8.41119e-16 1
5824.36 3.05661e-14 8.41119e-16 1
5826.67 3.11595e-14 8.41119e-16 1
5829 3.24249e-14 8.41119e-16 1
5831.32 3.33463e-14 8.41119e-16 1
5833.64 3.34982e-14 8.41119e-16 1
5835.96 3.32626e-14 8.41119e-16 1
5838.29 3.261e-14 8.41119e-16 1
5840.61 3.25876e-14 7.95168e-16 1
5842.92 3.34293e-14 7.95168e-16 1
5845.25 3.30297e-14 7.95168e-16 1
5847.57 3.19975e-14 7.95168e-16 1
5849.89 3.1851e-14 7.95168e-16 1
5852.21 3.14481e-14 7.95168e-16 1
5854.54 3.13146e-14 7.95168e-16 1
5856.86 3.20811e-14 7.95168e-16 1
5859.18 3.27337e-14 7.95168e-16 1
5861.5 3.30088e-14 7.95168e-16 1
5863.82 3.26238e-14 7.95168e-16 1
5866.14 3.27952e-14 7.95168e-16 1
5868.46 3.37886e-14 7.95168e-16 1
5870.79 3.35308e-14 7.95168e-16 1
5873.11 3.30383e-14 7.95168e-16 1
5875.43 3.28757e-14 7.95168e-16 1
5877.75 3.3133e-14 7.95168e-16 1
5880.08 3.30556e-14 7.95168e-16 1
5882.39 3.22178e-14 7.95168e-16 1
5884.71 3.19381e-14 7.95168e-16 1
5887.04 3.22668e-14 7.95168e-16 1
5889.36 3.21107e-14 7.95168e-16 1
5891.68 3.14583e-14 7.95168e-16 1
5893.99 3.0538e-14 7.95168e-16 1
5896.32 3.03203e-14 7.95168e-16 1
5898.63 3.11245e-14 7.95168e-16 1
5900.96 3.11828e-14 7.95168e-16 1
5903.28 3.15471e-14 7.95168e-16 1
5905.6 3.16586e-14 7.95168e-16 1
5907.92 3.22224e-14 7.95168e-16 1
5910.24 3.22853e-14 7.95168e-16 1
5912.57 3.21388e-14 7.95168e-16 1
5914.89 3.15573e-14 7.95168e-16 1
5917.21 3.02508e-14 7.95168e-16 1
5919.53 3.00367e-14 7.95168e-16 1
5921.86 2.90528e-14 7.95168e-16 1
5924.17 3.05417e-14 7.95168e-16 1
5926.49 3.13664e-14 7.95168e-16 1
5928.82 3.00293e-14 7.95168e-16 1
5931.14 3.02479e-14 7.95168e-16 1
5933.46 3.12522e-14 7.95168e-16 1
5935.78 3.10364e-14 7.95168e-16 1
5938.11 3.07147e-14 7.95168e-16 1
5940.42 3.09683e-14 1.19538e-15 1
5942.75 3.02569e-14 1.19538e-15 1
5945.07 2.90411e-14 1.19538e-15 1
5947.39 2.93277e-14 1.19538e-15 1
5949.71 2.97021e-14 1.19538e-15 1
5952.03 2.91026e-14 1.19538e-15 1
5954.36 2.89419e-14 1.19538e-15 1
5956.67 2.88365e-14 1.19538e-15 1
5959 2.85571e-14 1.19538e-15 1
5961.32 2.91086e-14 1.19538e-15 1
5963.65 3.00675e-14 1.19538e-15 1
5965.96 3.0595e-14 1.19538e-15 1
5968.28 2.94591e-14 1.19538e-15 1
5970.61 2.82416e-14 1.19538e-15 1
5972.92 2.81422e-14 1.19538e-15 1
5975.25 2.89294e-14 1.19538e-15 1
5977.57 2.97903e-14 1.19538e-15 1
5979.9 3.02151e-14 1.19538e-15 1
5982.21 2.9088e-14 1.19538e-15 1
5984.54 2.55151e-14 1.19538e-15 1
5986.85 2.60801e-14 1.19538e-15 1
5989.16 2.7221e-14 1.19538e-15 1
5991.49 2.70015e-14 1.19538e-15 1
5993.81 2.75584e-14 1.19538e-15 1
5996.14 2.66989e-14 1.19538e-15 1
5998.45 2.66425e-14 1.19538e-15 1
6000.78 2.68739e-14 1.19538e-15 1
6003.1 2.71214e-14 1.19538e-15 1
6005.43 2.62623e-14 1.19538e-15 1
6007.74 2.54828e-14 1.19538e-15 1
6010.06 2.78913e-14 1.19538e-15 1
6012.39 2.77078e-14 1.19538e-15 1
6014.7 2.53177e-14 1.19538e-15 1
6017.03 2.5008e-14 1.19538e-15 1
6019.35 2.64605e-14 1.19538e-15 1
6021.68 2.56085e-14 1.19538e-15 1
6023.99 2.26043e-14 1.19538e-15 1
6026.32 2.13539e-14 1.19538e-15 1
6028.64 1.99972e-14 1.19538e-15 1
6030.95 1.97117e-14 1.19538e-15 1
6033.28 2.02772e-14 1.19538e-15 1
6035.6 1.94808e-14 1.19538e-15 1
6037.93 1.87602e-14 1.19538e-15 1
6040.24 1.86139e-14 8.33644e-16 1
6042.57 1.83598e-14 8.33644e-16 1
6044.89 1.791e-14 8.33644e-16 1
6047.21 1.54071e-14 8.33644e-16 1
6049.53 1.43072e-14 8.33644e-16 1
6051.85 1.5547e-14 8.33644e-16 1
6054.18 1.37883e-14 8.33644e-16 1
6056.49 1.36346e-14 8.33644e-16 1
6058.82 1.43933e-14 8.33644e-16 1
6061.14 1.40011e-14 8.33644e-16 1
6063.46 1.35197e-14 8.33644e-16 1
6065.78 1.29358e-14 8.33644e-16 1
6068.11 1.2783e-14 8.33644e-16 1
6070.43 1.22062e-14 8.33644e-16 1
6072.74 1.23646e-14 8.33644e-16 1
6075.07 1.20704e-14 8.33644e-16 1
6077.39 1.03611e-14 8.33644e-16 1
6079.71 1.05066e-14 8.33644e-16 1
6082.02 1.0826e-14 8.33644e-16 1
6084.35 9.56149e-15 8.33644e-16 1
6086.67 1.02774e-14 8.33644e-16 1
6088.99 1.07465e-14 8.33644e-16 1
6091.31 1.00241e-14 8.33644e-16 1
6093.63 1.02029e-14 8.33644e-16 1
6095.96 1.05255e-14 8.33644e-16 1
6098.27 9.14224e-15 8.33644e-16 1
6100.6 8.48703e-15 8.33644e-16 1
6102.92 9.09458e-15 8.33644e-16 1
6105.24 9.16551e-15 8.33644e-16 1
6107.56 1.02355e-14 8.33644e-16 1
6109.89 1.08291e-14 8.33644e-16 1
6112.21 9.76561e-15 8.33644e-16 1
6114.52 9.28321e-15 8.33644e-16 1
6116.85 1.00739e-14 8.33644e-16 1
6119.17 1.01107e-14 8.33644e-16 1
6121.49 9.11464e-15 8.33644e-16 1
6123.81 9.76715e-15 8.33644e-16 1
6126.14 1.03174e-14 8.33644e-16 1
6128.46 9.5094e-15 8.33644e-16 1
6130.78 9.59848e-15 8.33644e-16 1
6133.1 1.14032e-14 8.33644e-16 1
6135.42 1.26246e-14 8.33644e-16 1
6137.74 1.26475e-14 8.33644e-16 1
6140.06 1.20476e-14 8.33644e-16 1
6142.39 1.07105e-14 8.62704e-16 1
6144.71 1.02953e-14 8.62704e-16 1
6147.03 1.11201e-14 8.62704e-16 1
6149.35 1.10068e-14 8.62704e-16 1
6151.68 1.09626e-14 8.62704e-16 1
6153.99 1.09872e-14 8.62704e-16 1
6156.31 1.1107e-14 8.62704e-16 1
6158.64 1.15841e-14 8.62704e-16 1
6160.96 1.091e-14 8.62704e-16 1
6163.28 1.09223e-14 8.62704e-16 1
6165.6 1.29031e-14 8.62704e-16 1
6167.93 1.50204e-14 8.62704e-16 1
6170.24 1.4218e-14 8.62704e-16 1
6172.57 1.30227e-14 8.62704e-16 1
6174.88 1.39999e-14 8.62704e-16 1
6177.2 1.50399e-14 8.62704e-16 1
6179.52 1.56741e-14 8.62704e-16 1
6181.84 1.52769e-14 8.62704e-16 1
6184.17 1.56718e-14 8.62704e-16 1
6186.48 1.57632e-14 8.62704e-16 1
6188.81 1.55113e-14 8.62704e-16 1
6191.13 1.68935e-14 8.62704e-16 1
6193.46 1.74555e-14 8.62704e-16 1
6195.77 1.63645e-14 8.62704e-16 1
6198.09 1.64384e-14 8.62704e-16 1
6200.42 1.83421e-14 8.62704e-16 1
6202.74 1.89986e-14 8.62704e-16 1
6205.06 1.83158e-14 8.62704e-16 1
6207.38 1.87184e-14 8.62704e-16 1
6209.71 1.93074e-14 8.62704e-16 1
6212.02 1.89398e-14 8.62704e-16 1
6214.35 1.99583e-14 8.62704e-16 1
6216.67 2.00456e-14 8.62704e-16 1
6218.99 1.84903e-14 8.62704e-16 1
6221.31 1.9509e-14 8.62704e-16 1
6223.63 2.12801e-14 8.62704e-16 1
6225.96 2.10509e-14 8.62704e-16 1
6228.27 1.91668e-14 8.62704e-16 1
6230.6 2.06161e-14 8.62704e-16 1
6232.92 2.24019e-14 8.62704e-16 1
6235.25 2.04306e-14 8.62704e-16 1
6237.56 2.1372e-14 8.62704e-16 1
6239.88 2.32086e-14 8.62704e-16 1
6242.21 2.34892e-14 1.6738e-15 1
6244.52 2.22715e-14 1.6738e-15 1
6246.85 2.15971e-14 1.6738e-15 1
6249.17 2.1687e-14 1.6738e-15 1
6251.5 2.30881e-14 1.6738e-15 1
6253.81 2.40066e-14 1.6738e-15 1
6256.14 2.50175e-14 1.6738e-15 1
6258.46 2.83692e-14 1.6738e-15 1
6260.77 2.85305e-14 1.6738e-15 1
6263.1 2.53592e-14 1.6738e-15 1
6265.42 2.4215e-14 1.6738e-15 1
6267.75 2.45253e-14 1.6738e-15 1
6270.05 2.48624e-14 1.6738e-15 1
6272.38 2.38071e-14 1.6738e-15 1
6274.7 2.29741e-14 1.6738e-15 1
6277.02 2.15239e-14 1.6738e-15 1
6279.34 2.21128e-14 1.6738e-15 1
6281.66 2.62997e-14 1.6738e-15 1
6283.99 2.62203e-14 1.6738e-15 1
6286.3 2.32922e-14 1.6738e-15 1
6288.63 2.36472e-14 1.6738e-15 1
6290.95 2.65478e-14 1.6738e-15 1
6293.28 2.4938e-14 1.6738e-15 1
6295.59 2.19636e-14 1.6738e-15 1
6297.92 2.30424e-14 1.6738e-15 1
6300.24 2.56974e-14 1.6738e-15 1
6302.55 2.44496e-14 1.6738e-15 1
6304.88 2.38294e-14 1.6738e-15 1
6307.2 2.51882e-14 1.6738e-15 1
6309.53 2.66625e-14 1.6738e-15 1
6311.84 2.53949e-14 1.6738e-15 1
6314.17 2.37645e-14 1.6738e-15 1
6316.49 2.39586e-14 1.6738e-15 1
6318.81 2.23706e-14 1.6738e-15 1
6321.13 2.59804e-14 1.6738e-15 1
6323.45 2.79333e-14 1.6738e-15 1
6325.78 2.52273e-14 1.6738e-15 1
6328.09 2.34346e-14 1.6738e-15 1
6330.42 2.35559e-14 1.6738e-15 1
6332.74 2.5623e-14 1.6738e-15 1
6335.06 2.50309e-14 1.6738e-15 1
6337.38 2.39085e-14 1.6738e-15 1
6339.71 2.40057e-14 1.6738e-15 1
6342.03 2.44095e-14 1.93565e-15 1
6344.34 2.4427e-14 1.93565e-15 1
6346.67 2.67822e-14 1.93565e-15 1
6348.99 2.83559e-14 1.93565e-15 1
6351.31 2.64017e-14 1.93565e-15 1
6353.63 2.56993e-14 1.93565e-15 1
6355.96 2.54662e-14 1.93565e-15 1
6358.28 2.53558e-14 1.93565e-15 1
6360.6 2.31355e-14 1.93565e-15 1
6362.92 2.15315e-14 1.93565e-15 1
6365.23 2.2827e-14 1.93565e-15 1
6367.55 2.45304e-14 1.93565e-15 1
6369.87 2.51233e-14 1.93565e-15 1
6372.2 2.67888e-14 1.93565e-15 1
6374.52 2.93093e-14 1.93565e-15 1
6376.84 2.99456e-14 1.93565e-15 1
6379.16 2.83749e-14 1.93565e-15 1
6381.49 2.47856e-14 1.93565e-15 1
6383.81 2.32258e-14 1.93565e-15 1
6386.12 2.31128e-14 1.93565e-15 1
6388.45 2.33722e-14 1.93565e-15 1
6390.77 2.37652e-14 1.93565e-15 1
6393.09 2.40907e-14 1.93565e-15 1
6395.41 2.57684e-14 1.93565e-15 1
6397.74 2.63476e-14 1.93565e-15 1
6400.06 2.34588e-14 1.93565e-15 1
6402.38 2.05001e-14 1.93565e-15 1
6404.7 2.36578e-14 1.93565e-15 1
6407.02 2.4614e-14 1.93565e-15 1
6409.34 2.38021e-14 1.93565e-15 1
6411.66 2.32147e-14 1.93565e-15 1
6413.99 2.4209e-14 1.93565e-15 1
6416.31 2.43583e-14 1.93565e-15 1
6418.63 2.36231e-14 1.93565e-15 1
6420.95 2.66654e-14 1.93565e-15 1
6423.28 2.51914e-14 1.93565e-15 1
6425.59 2.10329e-14 1.93565e-15 1
6427.91 2.12508e-14 1.93565e-15 1
6430.24 2.45654e-14 1.93565e-15 1
6432.56 2.51765e-14 1.93565e-15 1
6434.88 2.43207e-14 1.93565e-15 1
6437.2 2.47863e-14 1.93565e-15 1
6439.53 2.36238e-14 1.93565e-15 1
6441.84 2.13781e-14 1.85357e-15 1
6444.17 2.0715e-14 1.85357e-15 1
6446.49 2.16546e-14 1.85357e-15 1
6448.81 2.20746e-14 1.85357e-15 1
6451.13 2.10142e-14 1.85357e-15 1
6453.45 2.10578e-14 1.85357e-15 1
6455.78 2.07345e-14 1.85357e-15 1
6458.08 2.15597e-14 1.85357e-15 1
6460.41 2.345e-14 1.85357e-15 1
6462.73 2.30791e-14 1.85357e-15 1
6465.06 2.31348e-14 1.85357e-15 1
6467.37 2.43222e-14 1.85357e-15 1
6469.69 2.35625e-14 1.85357e-15 1
6472.02 2.15848e-14 1.85357e-15 1
6474.34 2.01966e-14 1.85357e-15 1
6476.66 1.86001e-14 1.85357e-15 1
6478.98 1.7074e-14 1.85357e-15 1
6481.31 2.04994e-14 1.85357e-15 1
6483.62 2.30298e-14 1.85357e-15 1
6485.95 2.2126e-14 1.85357e-15 1
6488.27 2.23083e-14 1.85357e-15 1
6490.59 2.10349e-14 1.85357e-15 1
6492.91 1.90598e-14 1.85357e-15 1
6495.23 1.77415e-14 1.85357e-15 1
6497.56 1.77345e-14 1.85357e-15 1
6499.87 2.13767e-14 1.85357e-15 1
6502.2 2.29098e-14 1.85357e-15 1
6504.52 2.10386e-14 1.85357e-15 1
6506.85 2.16407e-14 1.85357e-15 1
6509.16 2.31831e-14 1.85357e-15 1
6511.48 2.13285e-14 1.85357e-15 1
6513.81 2.00153e-14 1.85357e-15 1
6516.12 2.27039e-14 1.85357e-15 1
6518.45 2.3201e-14 1.85357e-15 1
6520.77 2.32205e-14 1.85357e-15 1
6523.1 2.27562e-14 1.85357e-15 1
6525.41 1.91338e-14 1.85357e-15 1
6527.74 1.80877e-14 1.85357e-15 1
6530.06 1.85039e-14 1.85357e-15 1
6532.37 1.75885e-14 1.85357e-15 1
6534.7 1.99058e-14 1.85357e-15 1
6537.02 2.34046e-14 1.85357e-15 1
6539.35 2.153e-14 1.85357e-15 1
6541.66 2.2493e-14 2.32418e-15 1
6543.99 2.48159e-14 2.32418e-15 1
6546.31 2.25863e-14 2.32418e-15 1
6548.63 2.24516e-14 2.32418e-15 1
6550.95 2.05882e-14 2.32418e-15 1
6553.26 1.81988e-14 2.32418e-15 1
6555.59 1.75135e-14 2.32418e-15 1
6557.9 1.68466e-14 2.32418e-15 1
6560.23 1.81598e-14 2.32418e-15 1
6562.55 1.90057e-14 2.32418e-15 1
6564.88 1.42095e-14 2.32418e-15 1
6567.19 1.42397e-14 2.32418e-15 1
6569.52 1.74544e-14 2.32418e-15 1
6571.84 2.01143e-14 2.32418e-15 1
6574.15 1.96642e-14 2.32418e-15 1
6576.48 1.77378e-14 2.32418e-15 1
6578.8 1.93663e-14 2.32418e-15 1
6581.13 2.16588e-14 2.32418e-15 1
6583.44 1.93139e-14 2.32418e-15 1
6585.77 1.8745e-14 2.32418e-15 1
6588.09 2.11086e-14 2.32418e-15 1
6590.41 2.3326e-14 2.32418e-15 1
6592.73 2.14475e-14 2.32418e-15 1
6595.05 2.11342e-14 2.32418e-15 1
6597.38 2.17808e-14 2.32418e-15 1
6599.69 2.15767e-14 2.32418e-15 1
6602.02 2.09532e-14 2.32418e-15 1
6604.34 1.76475e-14 2.32418e-15 1
6606.66 1.667e-14 2.32418e-15 1
6608.98 1.85807e-14 2.32418e-15 1
6611.31 1.94788e-14 2.32418e-15 1
6613.63 2.14841e-14 2.32418e-15 1
6615.94 1.91938e-14 2.32418e-15 1
6618.27 1.38327e-14 2.32418e-15 1
6620.59 1.67643e-14 2.32418e-15 1
6622.91 2.1137e-14 2.32418e-15 1
6625.23 1.80436e-14 2.32418e-15 1
6627.56 1.6558e-14 2.32418e-15 1
6629.88 1.8318e-14 2.32418e-15 1
6632.2 1.87776e-14 2.32418e-15 1
6634.52 1.96167e-14 2.32418e-15 1
6636.84 1.69369e-14 2.32418e-15 1
6639.16 1.75578e-14 2.32418e-15 1
6641.48 1.69252e-14 2.19426e-15 1
6643.81 1.37576e-14 2.19426e-15 1
6646.12 1.52744e-14 2.19426e-15 1
6648.44 1.57411e-14 2.19426e-15 1
6650.76 1.62929e-14 2.19426e-15 1
6653.09 1.64439e-14 2.19426e-15 1
6655.4 1.56743e-14 2.19426e-15 1
6657.72 1.75872e-14 2.19426e-15 1
6660.05 1.72493e-14 2.19426e-15 1
6662.37 2.00013e-14 2.19426e-15 1
6664.69 1.85638e-14 2.19426e-15 1
6667.01 1.68397e-14 2.19426e-15 1
6669.34 1.77839e-14 2.19426e-15 1
6671.66 1.71188e-14 2.19426e-15 1
6673.98 1.57426e-14 2.19426e-15 1
6676.3 1.68133e-14 2.19426e-15 1
6678.62 1.70008e-14 2.19426e-15 1
6680.94 1.65937e-14 2.19426e-15 1
6683.26 1.54082e-14 2.19426e-15 1
6685.59 1.35091e-14 2.19426e-15 1
6687.91 1.58735e-14 2.19426e-15 1
6690.23 1.5291e-14 2.19426e-15 1
6692.55 9.99189e-15 2.19426e-15 1
6694.88 8.18384e-15 2.19426e-15 1
6697.19 9.69412e-15 2.19426e-15 1
6699.51 1.37301e-14 2.19426e-15 1
6701.84 1.69014e-14 2.19426e-15 1
6704.16 1.46386e-14 2.19426e-15 1
6706.48 1.57048e-14 2.19426e-15 1
6708.8 1.72122e-14 2.19426e-15 1
6711.13 1.30005e-14 2.19426e-15 1
6713.44 1.5775e-14 2.19426e-15 1
6715.77 1.70137e-14 2.19426e-15 1
6718.09 1.55739e-14 2.19426e-15 1
6720.41 1.41777e-14 2.19426e-15 1
6722.73 1.37978e-14 2.19426e-15 1
6725.05 1.41604e-14 2.19426e-15 1
6727.38 1.39102e-14 2.19426e-15 1
6729.69 1.16813e-14 2.19426e-15 1
6732.02 1.29307e-14 2.19426e-15 1
6734.34 1.07007e-14 2.19426e-15 1
6736.67 1.01106e-14 2.19426e-15 1
6738.98 1.43071e-14 2.19426e-15 1
6741.29 1.24633e-14 2.5313e-15 1
6743.62 1.5501e-14 2.5313e-15 1
6745.93 1.14655e-14 2.5313e-15 1
6748.26 1.12118e-14 2.5313e-15 1
6750.58 1.41925e-14 2.5313e-15 1
6752.91 1.25178e-14 2.5313e-15 1
6755.22 1.4383e-14 2.5313e-15 1
6757.55 1.22654e-14 2.5313e-15 1
6759.87 1.3204e-14 2.5313e-15 1
6762.19 1.56524e-14 2.5313e-15 1
6764.51 1.61332e-14 2.5313e-15 1
6766.83 1.37612e-14 2.5313e-15 1
6769.16 1.47562e-14 2.5313e-15 1
6771.47 1.30734e-14 2.5313e-15 1
6773.8 9.90205e-15 2.5313e-15 1
6776.12 1.05547e-14 2.5313e-15 1
6778.45 1.15405e-14 2.5313e-15 1
6780.76 1.21736e-14 2.5313e-15 1
6783.08 1.45064e-14 2.5313e-15 1
6785.41 1.29232e-14 2.5313e-15 1
6787.72 1.18704e-14 2.5313e-15 1
6790.05 1.59649e-14 2.5313e-15 1
6792.37 1.39923e-14 2.5313e-15 1
6794.7 1.07786e-14 2.5313e-15 1
6797.01 1.39557e-14 2.5313e-15 1
6799.34 1.17141e-14 2.5313e-15 1
6801.66 6.95734e-15 2.5313e-15 1
6803.97 9.53056e-15 2.5313e-15 1
6806.3 1.66426e-14 2.5313e-15 1
6808.62 1.75111e-14 2.5313e-15 1
6810.95 1.44697e-14 2.5313e-15 1
6813.26 1.02747e-14 2.5313e-15 1
6815.59 1.03617e-14 2.5313e-15 1
6817.91 1.59843e-14 2.5313e-15 1
6820.23 1.98706e-14 2.5313e-15 1
6822.55 1.81763e-14 2.5313e-15 1
6824.87 1.31534e-14 2.5313e-15 1
6827.2 1.37061e-14 2.5313e-15 1
6829.51 1.33382e-14 2.5313e-15 1
6831.84 1.30627e-14 2.5313e-15 1
6834.16 1.1564e-14 2.5313e-15 1
6836.47 1.07146e-14 2.5313e-15 1
6838.79 1.1424e-14 2.5313e-15 1
6841.12 1.31534e-14 4.11464e-15 1
6843.44 1.26072e-14 4.11464e-15 1
6845.75 1.54208e-14 4.11464e-15 1
6848.08 1.70258e-14 4.11464e-15 1
6850.4 1.37955e-14 4.11464e-15 1
6852.73 1.29688e-14 4.11464e-15 1
6855.04 1.42701e-14 4.11464e-15 1
6857.37 1.72066e-14 4.11464e-15 1
6859.69 1.52111e-14 4.11464e-15 1
6862.01 1.51995e-14 4.11464e-15 1
6864.33 1.51362e-14 4.11464e-15 1
6866.65 1.59885e-14 4.11464e-15 1
6868.98 1.76899e-14 4.11464e-15 1
6871.29 2.2712e-14 4.11464e-15 1
6873.62 1.73234e-14 4.11464e-15 1
6875.94 1.17043e-14 4.11464e-15 1
6878.26 1.71715e-14 4.11464e-15 1
6880.58 1.61559e-14 4.11464e-15 1
6882.91 1.1853e-14 4.11464e-15 1
6885.23 1.47646e-14 4.11464e-15 1
6887.54 1.60779e-14 4.11464e-15 1
6889.87 1.39159e-14 4.11464e-15 1
6892.19 1.59226e-14 4.11464e-15 1
6894.51 1.82955e-14 4.11464e-15 1
6896.83 1.75477e-14 4.11464e-15 1
6899.16 1.92744e-14 4.11464e-15 1
6901.48 2.21473e-14 4.11464e-15 1
6903.8 1.92212e-14 4.11464e-15 1
6906.12 2.26816e-14 4.11464e-15 1
6908.44 2.66203e-14 4.11464e-15 1
6910.76 2.44659e-14 4.11464e-15 1
6913.08 2.00753e-14 4.11464e-15 1
6915.41 1.69094e-14 4.11464e-15 1
6917.73 1.44597e-14 4.11464e-15 1
6920.05 1.61171e-14 4.11464e-15 1
6922.37 8.98283e-15 4.11464e-15 1
6924.7 1.35172e-14 4.11464e-15 1
6927.01 1.70054e-14 4.11464e-15 1
6929.32 1.89743e-14 4.11464e-15 1
6931.65 1.17037e-14 4.11464e-15 1
6933.97 5.48323e-16 4.11464e-15 1
6936.29 1.03766e-14 4.11464e-15 1
6938.61 1.20144e-14 4.11464e-15 1
6940.94 1.11551e-14 4.63816e-15 1
6943.26 1.49206e-14 4.63816e-15 1
6945.58 1.89258e-14 4.63816e-15 1
6947.9 2.01356e-14 4.63816e-15 1
6950.22 1.18716e-14 4.63816e-15 1
6952.54 1.38455e-14 4.63816e-15 1
6954.86 2.43742e-14 4.63816e-15 1
6957.19 2.90094e-14 4.63816e-15 1
6959.51 2.29946e-14 4.63816e-15 1
6961.83 2.08962e-14 4.63816e-15 1
6964.15 1.67044e-14 4.63816e-15 1
6966.48 1.05791e-14 4.63816e-15 1
6968.79 1.10431e-14 4.63816e-15 1
6971.11 1.6139e-14 4.63816e-15 1
6973.44 1.65631e-14 4.63816e-15 1
6975.76 1.68808e-14 4.63816e-15 1
6978.08 1.10169e-14 4.63816e-15 1
6980.4 9.31763e-15 4.63816e-15 1
6982.73 7.07856e-15 4.63816e-15 1
6985.04 1.27827e-14 4.63816e-15 1
6987.37 1.61276e-14 4.63816e-15 1
6989.69 1.77141e-14 4.63816e-15 1
6992.01 2.21027e-14 4.63816e-15 1
6994.33 2.26547e-14 4.63816e-15 1
6996.65 1.94198e-14 4.63816e-15 1
6998.98 1.27035e-14 4.63816e-15 1
7001.29 1.88289e-14 4.63816e-15 1
7003.62 2.07654e-14 4.63816e-15 1
7005.94 1.5795e-14 4.63816e-15 1
7008.27 1.13808e-14 4.63816e-15 1
7010.58 1.50207e-14 4.63816e-15 1
7012.9 1.85285e-14 4.63816e-15 1
7015.23 8.90459e-15 4.63816e-15 1
7017.54 4.80068e-15 4.63816e-15 1
7019.87 8.90318e-15 4.63816e-15 1
7022.19 6.81075e-15 4.63816e-15 1
7024.51 1.07988e-14 4.63816e-15 1
7026.82 1.67063e-14 4.63816e-15 1
7029.15 1.88984e-14 4.63816e-15 1
7031.47 1.84828e-14 4.63816e-15 1
7033.79 1.65817e-14 4.63816e-15 1
7036.11 1.4065e-14 4.63816e-15 1
7038.43 1.68979e-14 4.63816e-15 1
7040.76 1.68683e-14 4.63816e-15 1
7043.07 1.22087e-14 4.63816e-15 1
7045.4 7.23776e-15 4.63816e-15 1
7047.72 1.43246e-14 4.63816e-15 1
7050.05 1.14511e-14 4.63816e-15 1
7052.36 1.70321e-14 4.63816e-15 1
7054.68 1.31467e-14 4.63816e-15 1
7057.01 1.03168e-14 4.63816e-15 1
7059.32 1.55241e-14 4.63816e-15 1
7061.65 1.44567e-14 4.63816e-15 1
7063.97 1.24353e-14 4.63816e-15 1
7066.3 1.19766e-14 4.63816e-15 1
