# converted by J. Guy, 2010-10-18
# from Matheson et al. 2008AJ....135.1598M
@Redshift 0.003699
@FORMAT STD
@Date 50990
@SELECTED_FOR_SNLS3_TRAINING 1
@SN sn1998aq
@SURVEY CFA_LOWZ_SPEC
@Source Matheson
#WAVE : wavelength, observer frame, in A
#FLUX : erg/s/cm2/A
#ERR  : statistical uncertainty on flux
#VALID : 1=ok 0=ignore
#end
3720 7.36246e-15 4.94202e-16 1
3721.5 7.01842e-15 4.94202e-16 1
3723 6.70848e-15 4.94202e-16 1
3724.5 6.96451e-15 4.94202e-16 1
3726 6.74488e-15 4.94202e-16 1
3727.5 6.67863e-15 4.94202e-16 1
3729 7.3141e-15 4.94202e-16 1
3730.5 7.3598e-15 4.94202e-16 1
3732 7.72906e-15 4.94202e-16 1
3733.5 7.70266e-15 4.94202e-16 1
3735 7.33059e-15 4.94202e-16 1
3736.5 7.1055e-15 4.94202e-16 1
3738 6.87621e-15 4.94202e-16 1
3739.5 7.81422e-15 4.94202e-16 1
3741 7.97362e-15 4.94202e-16 1
3742.5 7.6657e-15 4.94202e-16 1
3744 7.70307e-15 4.94202e-16 1
3745.5 7.39767e-15 4.94202e-16 1
3747 7.18238e-15 4.94202e-16 1
3748.5 7.10568e-15 4.94202e-16 1
3750 6.96759e-15 4.94202e-16 1
3751.5 7.32565e-15 4.94202e-16 1
3753 7.86639e-15 4.94202e-16 1
3754.5 7.86625e-15 4.94202e-16 1
3756 7.94228e-15 4.94202e-16 1
3757.5 7.84434e-15 4.94202e-16 1
3759 7.57705e-15 4.94202e-16 1
3760.5 7.35073e-15 4.94202e-16 1
3762 7.89556e-15 4.94202e-16 1
3763.5 8.15055e-15 4.94202e-16 1
3765 7.47673e-15 4.94202e-16 1
3766.5 7.5221e-15 4.94202e-16 1
3768 7.61833e-15 4.94202e-16 1
3769.5 7.57828e-15 4.94202e-16 1
3771 7.29826e-15 4.94202e-16 1
3772.5 7.37476e-15 4.94202e-16 1
3774 7.36764e-15 4.94202e-16 1
3775.5 7.13191e-15 4.94202e-16 1
3777 7.43221e-15 4.94202e-16 1
3778.5 6.94775e-15 4.94202e-16 1
3780 6.30639e-15 4.94202e-16 1
3781.5 6.05764e-15 4.94202e-16 1
3783 6.39796e-15 4.94202e-16 1
3784.5 5.48619e-15 4.94202e-16 1
3786 5.67801e-15 4.94202e-16 1
3787.5 5.10163e-15 4.94202e-16 1
3789 4.96582e-15 4.94202e-16 1
3790.5 5.00803e-15 4.94202e-16 1
3792 5.24379e-15 4.94202e-16 1
3793.5 4.87722e-15 4.94202e-16 1
3795 4.37641e-15 4.94202e-16 1
3796.5 3.89005e-15 4.94202e-16 1
3798 3.89545e-15 4.94202e-16 1
3799.5 4.24228e-15 4.94202e-16 1
3801 4.21675e-15 4.94202e-16 1
3802.5 3.91756e-15 4.94202e-16 1
3804 3.69089e-15 4.94202e-16 1
3805.5 3.84409e-15 4.94202e-16 1
3807 3.54817e-15 4.94202e-16 1
3808.5 3.46612e-15 4.94202e-16 1
3810 3.33939e-15 4.94202e-16 1
3811.5 3.09064e-15 4.94202e-16 1
3813 3.49418e-15 4.94202e-16 1
3814.5 3.56629e-15 4.94202e-16 1
3816 2.85646e-15 4.94202e-16 1
3817.5 2.36105e-15 4.94202e-16 1
3819 2.36277e-15 4.94202e-16 1
3820.5 2.34858e-15 2.96717e-16 1
3822 2.68777e-15 2.96717e-16 1
3823.5 3.19569e-15 2.96717e-16 1
3825 3.4275e-15 2.96717e-16 1
3826.5 2.90967e-15 2.96717e-16 1
3828 2.58235e-15 2.96717e-16 1
3829.5 2.7505e-15 2.96717e-16 1
3831 2.72524e-15 2.96717e-16 1
3832.5 2.63013e-15 2.96717e-16 1
3834 2.46415e-15 2.96717e-16 1
3835.5 2.34202e-15 2.96717e-16 1
3837 2.29199e-15 2.96717e-16 1
3838.5 2.16282e-15 2.96717e-16 1
3840 2.24778e-15 2.96717e-16 1
3841.5 2.34025e-15 2.96717e-16 1
3843 2.69037e-15 2.96717e-16 1
3844.5 2.87444e-15 2.96717e-16 1
3846 2.8425e-15 2.96717e-16 1
3847.5 2.86838e-15 2.96717e-16 1
3849 3.05829e-15 2.96717e-16 1
3850.5 2.97005e-15 2.96717e-16 1
3852 3.14697e-15 2.96717e-16 1
3853.5 3.40631e-15 2.96717e-16 1
3855 3.25852e-15 2.96717e-16 1
3856.5 3.24452e-15 2.96717e-16 1
3858 3.26285e-15 2.96717e-16 1
3859.5 3.68864e-15 2.96717e-16 1
3861 3.89986e-15 2.96717e-16 1
3862.5 3.87595e-15 2.96717e-16 1
3864 3.81432e-15 2.96717e-16 1
3865.5 4.15661e-15 2.96717e-16 1
3867 3.88203e-15 2.96717e-16 1
3868.5 3.79448e-15 2.96717e-16 1
3870 4.84295e-15 2.96717e-16 1
3871.5 4.7071e-15 2.96717e-16 1
3873 4.43406e-15 2.96717e-16 1
3874.5 4.67803e-15 2.96717e-16 1
3876 5.01401e-15 2.96717e-16 1
3877.5 5.10009e-15 2.96717e-16 1
3879 5.4684e-15 2.96717e-16 1
3880.5 5.51596e-15 2.96717e-16 1
3882 5.76948e-15 2.96717e-16 1
3883.5 5.86596e-15 2.96717e-16 1
3885 5.90874e-15 2.96717e-16 1
3886.5 5.64696e-15 2.96717e-16 1
3888 5.48944e-15 2.96717e-16 1
3889.5 6.24352e-15 2.96717e-16 1
3891 6.58286e-15 2.96717e-16 1
3892.5 6.52725e-15 2.96717e-16 1
3894 6.51277e-15 2.96717e-16 1
3895.5 6.30646e-15 2.96717e-16 1
3897 6.24961e-15 2.96717e-16 1
3898.5 6.26269e-15 2.96717e-16 1
3900 6.82459e-15 2.96717e-16 1
3901.5 6.98913e-15 2.96717e-16 1
3903 6.85125e-15 2.96717e-16 1
3904.5 7.22594e-15 2.96717e-16 1
3906 7.2318e-15 2.96717e-16 1
3907.5 7.17897e-15 2.96717e-16 1
3909 7.68655e-15 2.96717e-16 1
3910.5 7.7115e-15 2.96717e-16 1
3912 7.62275e-15 2.96717e-16 1
3913.5 7.2797e-15 2.96717e-16 1
3915 7.38773e-15 2.96717e-16 1
3916.5 8.04972e-15 2.96717e-16 1
3918 8.19326e-15 2.96717e-16 1
3919.5 8.33676e-15 2.96717e-16 1
3921 8.86292e-15 3.12545e-16 1
3922.5 8.45097e-15 3.12545e-16 1
3924 8.3182e-15 3.12545e-16 1
3925.5 8.16703e-15 3.12545e-16 1
3927 8.06735e-15 3.12545e-16 1
3928.5 7.98103e-15 3.12545e-16 1
3930 8.14153e-15 3.12545e-16 1
3931.5 8.20071e-15 3.12545e-16 1
3933 8.43082e-15 3.12545e-16 1
3934.5 8.5536e-15 3.12545e-16 1
3936 8.2742e-15 3.12545e-16 1
3937.5 8.90012e-15 3.12545e-16 1
3939 8.67213e-15 3.12545e-16 1
3940.5 8.47969e-15 3.12545e-16 1
3942 9.07951e-15 3.12545e-16 1
3943.5 8.5797e-15 3.12545e-16 1
3945 8.58745e-15 3.12545e-16 1
3946.5 8.70928e-15 3.12545e-16 1
3948 9.42036e-15 3.12545e-16 1
3949.5 9.27892e-15 3.12545e-16 1
3951 8.82999e-15 3.12545e-16 1
3952.5 9.07225e-15 3.12545e-16 1
3954 9.48078e-15 3.12545e-16 1
3955.5 9.50516e-15 3.12545e-16 1
3957 9.79845e-15 3.12545e-16 1
3958.5 1.0113e-14 3.12545e-16 1
3960 1.0028e-14 3.12545e-16 1
3961.5 9.62641e-15 3.12545e-16 1
3963 9.47732e-15 3.12545e-16 1
3964.5 9.6878e-15 3.12545e-16 1
3966 9.98196e-15 3.12545e-16 1
3967.5 9.99741e-15 3.12545e-16 1
3969 9.90203e-15 3.12545e-16 1
3970.5 9.91518e-15 3.12545e-16 1
3972 1.00541e-14 3.12545e-16 1
3973.5 1.00604e-14 3.12545e-16 1
3975 1.06619e-14 3.12545e-16 1
3976.5 1.05813e-14 3.12545e-16 1
3978 1.01475e-14 3.12545e-16 1
3979.5 1.0261e-14 3.12545e-16 1
3981 1.0461e-14 3.12545e-16 1
3982.5 1.05004e-14 3.12545e-16 1
3984 1.04271e-14 3.12545e-16 1
3985.5 1.02866e-14 3.12545e-16 1
3987 9.99081e-15 3.12545e-16 1
3988.5 9.7845e-15 3.12545e-16 1
3990 1.00355e-14 3.12545e-16 1
3991.5 1.04751e-14 3.12545e-16 1
3993 1.07409e-14 3.12545e-16 1
3994.5 1.06054e-14 3.12545e-16 1
3996 1.06469e-14 3.12545e-16 1
3997.5 1.03736e-14 3.12545e-16 1
3999 1.02024e-14 3.12545e-16 1
4000.5 1.04387e-14 3.12545e-16 1
4002 9.64745e-15 3.12545e-16 1
4003.5 9.67523e-15 3.12545e-16 1
4005 9.87217e-15 3.12545e-16 1
4006.5 1.00387e-14 3.12545e-16 1
4008 9.83646e-15 3.12545e-16 1
4009.5 1.00262e-14 3.12545e-16 1
4011 9.84758e-15 3.12545e-16 1
4012.5 1.00151e-14 3.12545e-16 1
4014 9.60428e-15 3.12545e-16 1
4015.5 1.00107e-14 3.12545e-16 1
4017 1.0102e-14 3.12545e-16 1
4018.5 9.96118e-15 3.12545e-16 1
4020 9.36979e-15 2.78795e-16 1
4021.5 8.94362e-15 2.78795e-16 1
4023 9.15248e-15 2.78795e-16 1
4024.5 9.44092e-15 2.78795e-16 1
4026 9.06965e-15 2.78795e-16 1
4027.5 8.84859e-15 2.78795e-16 1
4029 8.97268e-15 2.78795e-16 1
4030.5 8.39832e-15 2.78795e-16 1
4032 8.1977e-15 2.78795e-16 1
4033.5 8.23097e-15 2.78795e-16 1
4035 8.21507e-15 2.78795e-16 1
4036.5 7.99999e-15 2.78795e-16 1
4038 7.88435e-15 2.78795e-16 1
4039.5 8.15687e-15 2.78795e-16 1
4041 8.07007e-15 2.78795e-16 1
4042.5 7.94833e-15 2.78795e-16 1
4044 7.73581e-15 2.78795e-16 1
4045.5 7.53174e-15 2.78795e-16 1
4047 7.3766e-15 2.78795e-16 1
4048.5 7.3744e-15 2.78795e-16 1
4050 7.08686e-15 2.78795e-16 1
4051.5 7.18047e-15 2.78795e-16 1
4053 7.30682e-15 2.78795e-16 1
4054.5 7.37308e-15 2.78795e-16 1
4056 7.19942e-15 2.78795e-16 1
4057.5 7.03326e-15 2.78795e-16 1
4059 7.25244e-15 2.78795e-16 1
4060.5 7.33768e-15 2.78795e-16 1
4062 7.23523e-15 2.78795e-16 1
4063.5 7.00454e-15 2.78795e-16 1
4065 7.02041e-15 2.78795e-16 1
4066.5 6.80059e-15 2.78795e-16 1
4068 6.67527e-15 2.78795e-16 1
4069.5 6.80026e-15 2.78795e-16 1
4071 6.96567e-15 2.78795e-16 1
4072.5 6.853e-15 2.78795e-16 1
4074 7.05934e-15 2.78795e-16 1
4075.5 7.09232e-15 2.78795e-16 1
4077 6.8893e-15 2.78795e-16 1
4078.5 7.1931e-15 2.78795e-16 1
4080 7.15911e-15 2.78795e-16 1
4081.5 7.03768e-15 2.78795e-16 1
4083 6.97403e-15 2.78795e-16 1
4084.5 7.06663e-15 2.78795e-16 1
4086 7.45188e-15 2.78795e-16 1
4087.5 7.25098e-15 2.78795e-16 1
4089 7.21503e-15 2.78795e-16 1
4090.5 7.17595e-15 2.78795e-16 1
4092 7.15772e-15 2.78795e-16 1
4093.5 6.8558e-15 2.78795e-16 1
4095 6.80852e-15 2.78795e-16 1
4096.5 6.96523e-15 2.78795e-16 1
4098 6.83644e-15 2.78795e-16 1
4099.5 6.36141e-15 2.78795e-16 1
4101 6.30139e-15 2.78795e-16 1
4102.5 6.4805e-15 2.78795e-16 1
4104 6.3711e-15 2.78795e-16 1
4105.5 6.39161e-15 2.78795e-16 1
4107 6.49504e-15 2.78795e-16 1
4108.5 6.20967e-15 2.78795e-16 1
4110 6.21904e-15 2.78795e-16 1
4111.5 6.23552e-15 2.78795e-16 1
4113 6.17442e-15 2.78795e-16 1
4114.5 6.16803e-15 2.78795e-16 1
4116 5.97825e-15 2.78795e-16 1
4117.5 6.07381e-15 2.78795e-16 1
4119 6.11981e-15 2.78795e-16 1
4120.5 5.94959e-15 2.30906e-16 1
4122 6.10777e-15 2.30906e-16 1
4123.5 6.14867e-15 2.30906e-16 1
4125 5.9814e-15 2.30906e-16 1
4126.5 5.79624e-15 2.30906e-16 1
4128 5.7283e-15 2.30906e-16 1
4129.5 5.84796e-15 2.30906e-16 1
4131 5.72598e-15 2.30906e-16 1
4132.5 5.60683e-15 2.30906e-16 1
4134 5.86107e-15 2.30906e-16 1
4135.5 6.09538e-15 2.30906e-16 1
4137 6.17174e-15 2.30906e-16 1
4138.5 6.1262e-15 2.30906e-16 1
4140 6.31131e-15 2.30906e-16 1
4141.5 6.20213e-15 2.30906e-16 1
4143 6.07064e-15 2.30906e-16 1
4144.5 6.05807e-15 2.30906e-16 1
4146 6.29144e-15 2.30906e-16 1
4147.5 5.98012e-15 2.30906e-16 1
4149 6.09323e-15 2.30906e-16 1
4150.5 5.88885e-15 2.30906e-16 1
4152 5.6731e-15 2.30906e-16 1
4153.5 5.84584e-15 2.30906e-16 1
4155 5.87447e-15 2.30906e-16 1
4156.5 5.93605e-15 2.30906e-16 1
4158 5.62517e-15 2.30906e-16 1
4159.5 5.90678e-15 2.30906e-16 1
4161 5.96389e-15 2.30906e-16 1
4162.5 5.77812e-15 2.30906e-16 1
4164 5.71586e-15 2.30906e-16 1
4165.5 6.2136e-15 2.30906e-16 1
4167 5.84555e-15 2.30906e-16 1
4168.5 5.68893e-15 2.30906e-16 1
4170 5.71651e-15 2.30906e-16 1
4171.5 5.78672e-15 2.30906e-16 1
4173 6.1009e-15 2.30906e-16 1
4174.5 5.78108e-15 2.30906e-16 1
4176 5.99451e-15 2.30906e-16 1
4177.5 6.03424e-15 2.30906e-16 1
4179 5.86064e-15 2.30906e-16 1
4180.5 5.87863e-15 2.30906e-16 1
4182 6.0859e-15 2.30906e-16 1
4183.5 6.04696e-15 2.30906e-16 1
4185 5.90478e-15 2.30906e-16 1
4186.5 6.11989e-15 2.30906e-16 1
4188 6.36413e-15 2.30906e-16 1
4189.5 6.4447e-15 2.30906e-16 1
4191 6.28281e-15 2.30906e-16 1
4192.5 6.01073e-15 2.30906e-16 1
4194 6.05816e-15 2.30906e-16 1
4195.5 6.18447e-15 2.30906e-16 1
4197 6.33663e-15 2.30906e-16 1
4198.5 6.48924e-15 2.30906e-16 1
4200 6.59128e-15 2.30906e-16 1
4201.5 6.62937e-15 2.30906e-16 1
4203 6.77543e-15 2.30906e-16 1
4204.5 6.71878e-15 2.30906e-16 1
4206 6.77993e-15 2.30906e-16 1
4207.5 7.1831e-15 2.30906e-16 1
4209 7.04116e-15 2.30906e-16 1
4210.5 6.98397e-15 2.30906e-16 1
4212 6.8409e-15 2.30906e-16 1
4213.5 6.61696e-15 2.30906e-16 1
4215 6.68196e-15 2.30906e-16 1
4216.5 6.71506e-15 2.30906e-16 1
4218 6.51988e-15 2.30906e-16 1
4219.5 6.73128e-15 2.30906e-16 1
4221 6.85916e-15 2.59983e-16 1
4222.5 6.89869e-15 2.59983e-16 1
4224 6.97078e-15 2.59983e-16 1
4225.5 6.74471e-15 2.59983e-16 1
4227 6.63856e-15 2.59983e-16 1
4228.5 6.56599e-15 2.59983e-16 1
4230 6.84821e-15 2.59983e-16 1
4231.5 6.55767e-15 2.59983e-16 1
4233 6.62607e-15 2.59983e-16 1
4234.5 6.64036e-15 2.59983e-16 1
4236 6.72079e-15 2.59983e-16 1
4237.5 6.80322e-15 2.59983e-16 1
4239 7.04421e-15 2.59983e-16 1
4240.5 6.75208e-15 2.59983e-16 1
4242 6.74814e-15 2.59983e-16 1
4243.5 6.9832e-15 2.59983e-16 1
4245 6.66958e-15 2.59983e-16 1
4246.5 6.53513e-15 2.59983e-16 1
4248 6.7504e-15 2.59983e-16 1
4249.5 7.03286e-15 2.59983e-16 1
4251 7.11967e-15 2.59983e-16 1
4252.5 7.11101e-15 2.59983e-16 1
4254 7.07117e-15 2.59983e-16 1
4255.5 6.85316e-15 2.59983e-16 1
4257 6.71388e-15 2.59983e-16 1
4258.5 6.56573e-15 2.59983e-16 1
4260 6.70736e-15 2.59983e-16 1
4261.5 6.98271e-15 2.59983e-16 1
4263 7.11994e-15 2.59983e-16 1
4264.5 6.96357e-15 2.59983e-16 1
4266 6.55111e-15 2.59983e-16 1
4267.5 6.691e-15 2.59983e-16 1
4269 6.94752e-15 2.59983e-16 1
4270.5 7.02211e-15 2.59983e-16 1
4272 7.01498e-15 2.59983e-16 1
4273.5 7.03804e-15 2.59983e-16 1
4275 7.19335e-15 2.59983e-16 1
4276.5 7.13182e-15 2.59983e-16 1
4278 7.10067e-15 2.59983e-16 1
4279.5 7.01394e-15 2.59983e-16 1
4281 6.59634e-15 2.59983e-16 1
4282.5 6.65159e-15 2.59983e-16 1
4284 6.68273e-15 2.59983e-16 1
4285.5 6.98876e-15 2.59983e-16 1
4287 7.01127e-15 2.59983e-16 1
4288.5 7.08431e-15 2.59983e-16 1
4290 7.01564e-15 2.59983e-16 1
4291.5 7.01054e-15 2.59983e-16 1
4293 7.00986e-15 2.59983e-16 1
4294.5 6.77035e-15 2.59983e-16 1
4296 6.89931e-15 2.59983e-16 1
4297.5 6.94525e-15 2.59983e-16 1
4299 6.86754e-15 2.59983e-16 1
4300.5 7.41084e-15 2.59983e-16 1
4302 7.0816e-15 2.59983e-16 1
4303.5 7.23686e-15 2.59983e-16 1
4305 7.35616e-15 2.59983e-16 1
4306.5 7.29373e-15 2.59983e-16 1
4308 7.30834e-15 2.59983e-16 1
4309.5 7.38659e-15 2.59983e-16 1
4311 7.27268e-15 2.59983e-16 1
4312.5 7.47761e-15 2.59983e-16 1
4314 7.6718e-15 2.59983e-16 1
4315.5 7.80031e-15 2.59983e-16 1
4317 7.87398e-15 2.59983e-16 1
4318.5 7.65463e-15 2.59983e-16 1
4320 7.61806e-15 3.58247e-16 1
4321.5 7.79478e-15 3.58247e-16 1
4323 7.95158e-15 3.58247e-16 1
4324.5 7.98452e-15 3.58247e-16 1
4326 8.0373e-15 3.58247e-16 1
4327.5 8.23908e-15 3.58247e-16 1
4329 8.3198e-15 3.58247e-16 1
4330.5 8.24662e-15 3.58247e-16 1
4332 8.18502e-15 3.58247e-16 1
4333.5 8.53236e-15 3.58247e-16 1
4335 8.61595e-15 3.58247e-16 1
4336.5 8.40712e-15 3.58247e-16 1
4338 8.60722e-15 3.58247e-16 1
4339.5 8.76047e-15 3.58247e-16 1
4341 8.73617e-15 3.58247e-16 1
4342.5 8.84272e-15 3.58247e-16 1
4344 8.78119e-15 3.58247e-16 1
4345.5 8.55977e-15 3.58247e-16 1
4347 8.31887e-15 3.58247e-16 1
4348.5 8.1272e-15 3.58247e-16 1
4350 8.20328e-15 3.58247e-16 1
4351.5 8.32227e-15 3.58247e-16 1
4353 8.33115e-15 3.58247e-16 1
4354.5 8.0789e-15 3.58247e-16 1
4356 7.83753e-15 3.58247e-16 1
4357.5 8.09104e-15 3.58247e-16 1
4359 8.08094e-15 3.58247e-16 1
4360.5 7.90676e-15 3.58247e-16 1
4362 7.64551e-15 3.58247e-16 1
4363.5 7.27168e-15 3.58247e-16 1
4365 7.32278e-15 3.58247e-16 1
4366.5 7.13522e-15 3.58247e-16 1
4368 7.03872e-15 3.58247e-16 1
4369.5 7.01165e-15 3.58247e-16 1
4371 6.88702e-15 3.58247e-16 1
4372.5 7.02404e-15 3.58247e-16 1
4374 6.59405e-15 3.58247e-16 1
4375.5 6.41089e-15 3.58247e-16 1
4377 6.39483e-15 3.58247e-16 1
4378.5 6.27867e-15 3.58247e-16 1
4380 6.28122e-15 3.58247e-16 1
4381.5 6.2874e-15 3.58247e-16 1
4383 6.23825e-15 3.58247e-16 1
4384.5 6.24664e-15 3.58247e-16 1
4386 6.2396e-15 3.58247e-16 1
4387.5 5.78071e-15 3.58247e-16 1
4389 5.6871e-15 3.58247e-16 1
4390.5 5.7003e-15 3.58247e-16 1
4392 5.59126e-15 3.58247e-16 1
4393.5 5.39922e-15 3.58247e-16 1
4395 5.22575e-15 3.58247e-16 1
4396.5 5.34336e-15 3.58247e-16 1
4398 5.50721e-15 3.58247e-16 1
4399.5 5.53248e-15 3.58247e-16 1
4401 5.29499e-15 3.58247e-16 1
4402.5 5.09234e-15 3.58247e-16 1
4404 5.03846e-15 3.58247e-16 1
4405.5 4.84031e-15 3.58247e-16 1
4407 4.64075e-15 3.58247e-16 1
4408.5 4.75227e-15 3.58247e-16 1
4410 4.7175e-15 3.58247e-16 1
4411.5 4.69873e-15 3.58247e-16 1
4413 4.54214e-15 3.58247e-16 1
4414.5 4.30967e-15 3.58247e-16 1
4416 4.38267e-15 3.58247e-16 1
4417.5 4.17155e-15 3.58247e-16 1
4419 4.28292e-15 3.58247e-16 1
4420.5 4.4125e-15 1.74649e-16 1
4422 4.28541e-15 1.74649e-16 1
4423.5 4.29404e-15 1.74649e-16 1
4425 4.17968e-15 1.74649e-16 1
4426.5 4.18541e-15 1.74649e-16 1
4428 4.00795e-15 1.74649e-16 1
4429.5 3.83479e-15 1.74649e-16 1
4431 3.92219e-15 1.74649e-16 1
4432.5 3.96762e-15 1.74649e-16 1
4434 3.9199e-15 1.74649e-16 1
4435.5 3.98917e-15 1.74649e-16 1
4437 3.71643e-15 1.74649e-16 1
4438.5 3.67821e-15 1.74649e-16 1
4440 4.00974e-15 1.74649e-16 1
4441.5 3.96759e-15 1.74649e-16 1
4443 3.67898e-15 1.74649e-16 1
4444.5 3.80594e-15 1.74649e-16 1
4446 3.75233e-15 1.74649e-16 1
4447.5 4.19281e-15 1.74649e-16 1
4449 4.13321e-15 1.74649e-16 1
4450.5 3.99344e-15 1.74649e-16 1
4452 4.09562e-15 1.74649e-16 1
4453.5 4.18817e-15 1.74649e-16 1
4455 3.75866e-15 1.74649e-16 1
4456.5 4.01958e-15 1.74649e-16 1
4458 4.04385e-15 1.74649e-16 1
4459.5 4.07705e-15 1.74649e-16 1
4461 4.19448e-15 1.74649e-16 1
4462.5 4.30155e-15 1.74649e-16 1
4464 4.39017e-15 1.74649e-16 1
4465.5 4.34632e-15 1.74649e-16 1
4467 4.34772e-15 1.74649e-16 1
4468.5 4.59923e-15 1.74649e-16 1
4470 4.56428e-15 1.74649e-16 1
4471.5 4.47552e-15 1.74649e-16 1
4473 4.59701e-15 1.74649e-16 1
4474.5 4.7056e-15 1.74649e-16 1
4476 4.50249e-15 1.74649e-16 1
4477.5 4.51824e-15 1.74649e-16 1
4479 4.39017e-15 1.74649e-16 1
4480.5 4.23403e-15 1.74649e-16 1
4482 4.28004e-15 1.74649e-16 1
4483.5 4.45979e-15 1.74649e-16 1
4485 4.43298e-15 1.74649e-16 1
4486.5 4.43553e-15 1.74649e-16 1
4488 4.70956e-15 1.74649e-16 1
4489.5 4.75188e-15 1.74649e-16 1
4491 4.68405e-15 1.74649e-16 1
4492.5 4.66017e-15 1.74649e-16 1
4494 4.75893e-15 1.74649e-16 1
4495.5 4.78777e-15 1.74649e-16 1
4497 4.99753e-15 1.74649e-16 1
4498.5 5.18709e-15 1.74649e-16 1
4500 5.18965e-15 1.74649e-16 1
4501.5 5.17745e-15 1.74649e-16 1
4503 5.22788e-15 1.74649e-16 1
4504.5 5.36227e-15 1.74649e-16 1
4506 5.38435e-15 1.74649e-16 1
4507.5 5.83702e-15 1.74649e-16 1
4509 5.66025e-15 1.74649e-16 1
4510.5 5.49219e-15 1.74649e-16 1
4512 5.9056e-15 1.74649e-16 1
4513.5 5.9973e-15 1.74649e-16 1
4515 5.90162e-15 1.74649e-16 1
4516.5 5.9531e-15 1.74649e-16 1
4518 6.18673e-15 1.74649e-16 1
4519.5 6.45749e-15 1.74649e-16 1
4521 6.57075e-15 1.73291e-16 1
4522.5 6.58707e-15 1.73291e-16 1
4524 6.61729e-15 1.73291e-16 1
4525.5 6.7665e-15 1.73291e-16 1
4527 6.60964e-15 1.73291e-16 1
4528.5 6.55209e-15 1.73291e-16 1
4530 6.79378e-15 1.73291e-16 1
4531.5 7.11084e-15 1.73291e-16 1
4533 7.19843e-15 1.73291e-16 1
4534.5 7.26183e-15 1.73291e-16 1
4536 7.62208e-15 1.73291e-16 1
4537.5 7.70096e-15 1.73291e-16 1
4539 7.71203e-15 1.73291e-16 1
4540.5 7.79677e-15 1.73291e-16 1
4542 8.09578e-15 1.73291e-16 1
4543.5 8.34514e-15 1.73291e-16 1
4545 8.27046e-15 1.73291e-16 1
4546.5 8.32121e-15 1.73291e-16 1
4548 8.73759e-15 1.73291e-16 1
4549.5 9.06939e-15 1.73291e-16 1
4551 9.09332e-15 1.73291e-16 1
4552.5 9.21845e-15 1.73291e-16 1
4554 9.23147e-15 1.73291e-16 1
4555.5 9.21677e-15 1.73291e-16 1
4557 9.32878e-15 1.73291e-16 1
4558.5 9.42557e-15 1.73291e-16 1
4560 9.69772e-15 1.73291e-16 1
4561.5 9.8284e-15 1.73291e-16 1
4563 9.99625e-15 1.73291e-16 1
4564.5 1.03035e-14 1.73291e-16 1
4566 1.05048e-14 1.73291e-16 1
4567.5 1.05484e-14 1.73291e-16 1
4569 1.05831e-14 1.73291e-16 1
4570.5 1.08533e-14 1.73291e-16 1
4572 1.11669e-14 1.73291e-16 1
4573.5 1.12261e-14 1.73291e-16 1
4575 1.13887e-14 1.73291e-16 1
4576.5 1.16278e-14 1.73291e-16 1
4578 1.18106e-14 1.73291e-16 1
4579.5 1.19068e-14 1.73291e-16 1
4581 1.21646e-14 1.73291e-16 1
4582.5 1.24965e-14 1.73291e-16 1
4584 1.26426e-14 1.73291e-16 1
4585.5 1.26947e-14 1.73291e-16 1
4587 1.23588e-14 1.73291e-16 1
4588.5 1.28957e-14 1.73291e-16 1
4590 1.31284e-14 1.73291e-16 1
4591.5 1.31007e-14 1.73291e-16 1
4593 1.30939e-14 1.73291e-16 1
4594.5 1.33061e-14 1.73291e-16 1
4596 1.34088e-14 1.73291e-16 1
4597.5 1.3239e-14 1.73291e-16 1
4599 1.37289e-14 1.73291e-16 1
4600.5 1.37573e-14 1.73291e-16 1
4602 1.36531e-14 1.73291e-16 1
4603.5 1.39088e-14 1.73291e-16 1
4605 1.41865e-14 1.73291e-16 1
4606.5 1.42789e-14 1.73291e-16 1
4608 1.44653e-14 1.73291e-16 1
4609.5 1.45889e-14 1.73291e-16 1
4611 1.46754e-14 1.73291e-16 1
4612.5 1.48628e-14 1.73291e-16 1
4614 1.48839e-14 1.73291e-16 1
4615.5 1.47397e-14 1.73291e-16 1
4617 1.47858e-14 1.73291e-16 1
4618.5 1.46725e-14 1.73291e-16 1
4620 1.45858e-14 5.15989e-16 1
4621.5 1.48147e-14 5.15989e-16 1
4623 1.48692e-14 5.15989e-16 1
4624.5 1.48682e-14 5.15989e-16 1
4626 1.50942e-14 5.15989e-16 1
4627.5 1.5145e-14 5.15989e-16 1
4629 1.48782e-14 5.15989e-16 1
4630.5 1.47929e-14 5.15989e-16 1
4632 1.50791e-14 5.15989e-16 1
4633.5 1.54124e-14 5.15989e-16 1
4635 1.55949e-14 5.15989e-16 1
4636.5 1.55095e-14 5.15989e-16 1
4638 1.54008e-14 5.15989e-16 1
4639.5 1.53786e-14 5.15989e-16 1
4641 1.55345e-14 5.15989e-16 1
4642.5 1.57162e-14 5.15989e-16 1
4644 1.56895e-14 5.15989e-16 1
4645.5 1.56115e-14 5.15989e-16 1
4647 1.56363e-14 5.15989e-16 1
4648.5 1.56095e-14 5.15989e-16 1
4650 1.59283e-14 5.15989e-16 1
4651.5 1.60455e-14 5.15989e-16 1
4653 1.58078e-14 5.15989e-16 1
4654.5 1.55123e-14 5.15989e-16 1
4656 1.57412e-14 5.15989e-16 1
4657.5 1.59486e-14 5.15989e-16 1
4659 1.5959e-14 5.15989e-16 1
4660.5 1.60423e-14 5.15989e-16 1
4662 1.59102e-14 5.15989e-16 1
4663.5 1.58274e-14 5.15989e-16 1
4665 1.56231e-14 5.15989e-16 1
4666.5 1.54092e-14 5.15989e-16 1
4668 1.49476e-14 5.15989e-16 1
4669.5 1.48992e-14 5.15989e-16 1
4671 1.49393e-14 5.15989e-16 1
4672.5 1.47139e-14 5.15989e-16 1
4674 1.44795e-14 5.15989e-16 1
4675.5 1.39195e-14 5.15989e-16 1
4677 1.35715e-14 5.15989e-16 1
4678.5 1.34315e-14 5.15989e-16 1
4680 1.33268e-14 5.15989e-16 1
4681.5 1.33802e-14 5.15989e-16 1
4683 1.31976e-14 5.15989e-16 1
4684.5 1.26837e-14 5.15989e-16 1
4686 1.21968e-14 5.15989e-16 1
4687.5 1.23397e-14 5.15989e-16 1
4689 1.21208e-14 5.15989e-16 1
4690.5 1.15578e-14 5.15989e-16 1
4692 1.14871e-14 5.15989e-16 1
4693.5 1.13382e-14 5.15989e-16 1
4695 1.0988e-14 5.15989e-16 1
4696.5 1.07735e-14 5.15989e-16 1
4698 1.0565e-14 5.15989e-16 1
4699.5 1.0293e-14 5.15989e-16 1
4701 1.02102e-14 5.15989e-16 1
4702.5 1.00347e-14 5.15989e-16 1
4704 9.71657e-15 5.15989e-16 1
4705.5 9.58646e-15 5.15989e-16 1
4707 9.46868e-15 5.15989e-16 1
4708.5 9.40975e-15 5.15989e-16 1
4710 9.3072e-15 5.15989e-16 1
4711.5 8.97932e-15 5.15989e-16 1
4713 8.83661e-15 5.15989e-16 1
4714.5 8.72314e-15 5.15989e-16 1
4716 8.48766e-15 5.15989e-16 1
4717.5 8.3986e-15 5.15989e-16 1
4719 8.3489e-15 5.15989e-16 1
4720.5 7.95285e-15 5.20298e-16 1
4722 7.80999e-15 5.20298e-16 1
4723.5 8.04682e-15 5.20298e-16 1
4725 7.70004e-15 5.20298e-16 1
4726.5 7.47716e-15 5.20298e-16 1
4728 7.66623e-15 5.20298e-16 1
4729.5 7.65228e-15 5.20298e-16 1
4731 7.29963e-15 5.20298e-16 1
4732.5 7.13965e-15 5.20298e-16 1
4734 7.11455e-15 5.20298e-16 1
4735.5 6.95944e-15 5.20298e-16 1
4737 7.00738e-15 5.20298e-16 1
4738.5 6.80166e-15 5.20298e-16 1
4740 6.7454e-15 5.20298e-16 1
4741.5 7.25849e-15 5.20298e-16 1
4743 6.94727e-15 5.20298e-16 1
4744.5 6.5724e-15 5.20298e-16 1
4746 6.76651e-15 5.20298e-16 1
4747.5 6.78522e-15 5.20298e-16 1
4749 6.90262e-15 5.20298e-16 1
4750.5 6.90329e-15 5.20298e-16 1
4752 6.64895e-15 5.20298e-16 1
4753.5 6.53134e-15 5.20298e-16 1
4755 6.59696e-15 5.20298e-16 1
4756.5 6.64669e-15 5.20298e-16 1
4758 6.48209e-15 5.20298e-16 1
4759.5 6.42061e-15 5.20298e-16 1
4761 6.25787e-15 5.20298e-16 1
4762.5 6.16732e-15 5.20298e-16 1
4764 6.06941e-15 5.20298e-16 1
4765.5 6.00942e-15 5.20298e-16 1
4767 6.05655e-15 5.20298e-16 1
4768.5 6.0513e-15 5.20298e-16 1
4770 5.91515e-15 5.20298e-16 1
4771.5 5.81072e-15 5.20298e-16 1
4773 5.7282e-15 5.20298e-16 1
4774.5 5.60716e-15 5.20298e-16 1
4776 5.57368e-15 5.20298e-16 1
4777.5 5.68802e-15 5.20298e-16 1
4779 5.80683e-15 5.20298e-16 1
4780.5 5.67574e-15 5.20298e-16 1
4782 5.50506e-15 5.20298e-16 1
4783.5 5.46419e-15 5.20298e-16 1
4785 5.49135e-15 5.20298e-16 1
4786.5 5.52019e-15 5.20298e-16 1
4788 5.51913e-15 5.20298e-16 1
4789.5 5.5381e-15 5.20298e-16 1
4791 5.45783e-15 5.20298e-16 1
4792.5 5.62455e-15 5.20298e-16 1
4794 5.66362e-15 5.20298e-16 1
4795.5 5.63779e-15 5.20298e-16 1
4797 5.8167e-15 5.20298e-16 1
4798.5 5.86064e-15 5.20298e-16 1
4800 5.98395e-15 5.20298e-16 1
4801.5 5.96287e-15 5.20298e-16 1
4803 5.84964e-15 5.20298e-16 1
4804.5 6.00322e-15 5.20298e-16 1
4806 6.18099e-15 5.20298e-16 1
4807.5 6.26169e-15 5.20298e-16 1
4809 6.43157e-15 5.20298e-16 1
4810.5 6.35859e-15 5.20298e-16 1
4812 6.564e-15 5.20298e-16 1
4813.5 6.80962e-15 5.20298e-16 1
4815 6.8962e-15 5.20298e-16 1
4816.5 7.05137e-15 5.20298e-16 1
4818 6.80365e-15 5.20298e-16 1
4819.5 6.98762e-15 5.20298e-16 1
4821 7.42373e-15 4.05239e-16 1
4822.5 7.33188e-15 4.05239e-16 1
4824 7.58796e-15 4.05239e-16 1
4825.5 7.90646e-15 4.05239e-16 1
4827 7.95201e-15 4.05239e-16 1
4828.5 7.89222e-15 4.05239e-16 1
4830 7.91737e-15 4.05239e-16 1
4831.5 8.18763e-15 4.05239e-16 1
4833 8.37329e-15 4.05239e-16 1
4834.5 8.26206e-15 4.05239e-16 1
4836 8.3652e-15 4.05239e-16 1
4837.5 8.25725e-15 4.05239e-16 1
4839 8.32156e-15 4.05239e-16 1
4840.5 8.68686e-15 4.05239e-16 1
4842 8.68207e-15 4.05239e-16 1
4843.5 8.53728e-15 4.05239e-16 1
4845 8.59484e-15 4.05239e-16 1
4846.5 8.58648e-15 4.05239e-16 1
4848 8.31113e-15 4.05239e-16 1
4849.5 8.13527e-15 4.05239e-16 1
4851 8.17348e-15 4.05239e-16 1
4852.5 8.11137e-15 4.05239e-16 1
4854 7.78358e-15 4.05239e-16 1
4855.5 7.53164e-15 4.05239e-16 1
4857 7.22456e-15 4.05239e-16 1
4858.5 7.04303e-15 4.05239e-16 1
4860 7.24963e-15 4.05239e-16 1
4861.5 7.26198e-15 4.05239e-16 1
4863 7.04512e-15 4.05239e-16 1
4864.5 7.0401e-15 4.05239e-16 1
4866 6.80493e-15 4.05239e-16 1
4867.5 6.77865e-15 4.05239e-16 1
4869 6.80836e-15 4.05239e-16 1
4870.5 6.93132e-15 4.05239e-16 1
4872 6.9359e-15 4.05239e-16 1
4873.5 6.71851e-15 4.05239e-16 1
4875 6.74861e-15 4.05239e-16 1
4876.5 6.78244e-15 4.05239e-16 1
4878 6.73939e-15 4.05239e-16 1
4879.5 6.80319e-15 4.05239e-16 1
4881 6.80264e-15 4.05239e-16 1
4882.5 7.08265e-15 4.05239e-16 1
4884 6.7599e-15 4.05239e-16 1
4885.5 6.63914e-15 4.05239e-16 1
4887 6.854e-15 4.05239e-16 1
4888.5 6.93555e-15 4.05239e-16 1
4890 7.0032e-15 4.05239e-16 1
4891.5 6.79778e-15 4.05239e-16 1
4893 6.98933e-15 4.05239e-16 1
4894.5 7.13935e-15 4.05239e-16 1
4896 7.00066e-15 4.05239e-16 1
4897.5 7.05305e-15 4.05239e-16 1
4899 7.3315e-15 4.05239e-16 1
4900.5 7.53481e-15 4.05239e-16 1
4902 7.51188e-15 4.05239e-16 1
4903.5 7.67213e-15 4.05239e-16 1
4905 7.69144e-15 4.05239e-16 1
4906.5 7.57622e-15 4.05239e-16 1
4908 7.69546e-15 4.05239e-16 1
4909.5 8.05597e-15 4.05239e-16 1
4911 8.41692e-15 4.05239e-16 1
4912.5 8.39603e-15 4.05239e-16 1
4914 8.62162e-15 4.05239e-16 1
4915.5 8.60884e-15 4.05239e-16 1
4917 8.45146e-15 4.05239e-16 1
4918.5 8.67018e-15 4.05239e-16 1
4920 8.84603e-15 6.11839e-16 1
4921.5 8.95309e-15 6.11839e-16 1
4923 9.01282e-15 6.11839e-16 1
4924.5 9.223e-15 6.11839e-16 1
4926 9.40989e-15 6.11839e-16 1
4927.5 9.54693e-15 6.11839e-16 1
4929 9.93087e-15 6.11839e-16 1
4930.5 1.01613e-14 6.11839e-16 1
4932 1.01624e-14 6.11839e-16 1
4933.5 1.03875e-14 6.11839e-16 1
4935 1.0602e-14 6.11839e-16 1
4936.5 1.07648e-14 6.11839e-16 1
4938 1.0664e-14 6.11839e-16 1
4939.5 1.08738e-14 6.11839e-16 1
4941 1.0768e-14 6.11839e-16 1
4942.5 1.1107e-14 6.11839e-16 1
4944 1.16166e-14 6.11839e-16 1
4945.5 1.1519e-14 6.11839e-16 1
4947 1.13904e-14 6.11839e-16 1
4948.5 1.14033e-14 6.11839e-16 1
4950 1.16431e-14 6.11839e-16 1
4951.5 1.20742e-14 6.11839e-16 1
4953 1.21134e-14 6.11839e-16 1
4954.5 1.23249e-14 6.11839e-16 1
4956 1.23686e-14 6.11839e-16 1
4957.5 1.24871e-14 6.11839e-16 1
4959 1.26879e-14 6.11839e-16 1
4960.5 1.27738e-14 6.11839e-16 1
4962 1.29895e-14 6.11839e-16 1
4963.5 1.28419e-14 6.11839e-16 1
4965 1.30264e-14 6.11839e-16 1
4966.5 1.30487e-14 6.11839e-16 1
4968 1.28677e-14 6.11839e-16 1
4969.5 1.31292e-14 6.11839e-16 1
4971 1.28776e-14 6.11839e-16 1
4972.5 1.27045e-14 6.11839e-16 1
4974 1.26541e-14 6.11839e-16 1
4975.5 1.2485e-14 6.11839e-16 1
4977 1.2625e-14 6.11839e-16 1
4978.5 1.23918e-14 6.11839e-16 1
4980 1.23526e-14 6.11839e-16 1
4981.5 1.20828e-14 6.11839e-16 1
4983 1.20473e-14 6.11839e-16 1
4984.5 1.1834e-14 6.11839e-16 1
4986 1.16011e-14 6.11839e-16 1
4987.5 1.14594e-14 6.11839e-16 1
4989 1.13755e-14 6.11839e-16 1
4990.5 1.09364e-14 6.11839e-16 1
4992 1.07597e-14 6.11839e-16 1
4993.5 1.06899e-14 6.11839e-16 1
4995 1.03017e-14 6.11839e-16 1
4996.5 9.96446e-15 6.11839e-16 1
4998 9.71782e-15 6.11839e-16 1
4999.5 9.6756e-15 6.11839e-16 1
5001 9.70402e-15 6.11839e-16 1
5002.5 9.44725e-15 6.11839e-16 1
5004 9.00033e-15 6.11839e-16 1
5005.5 8.80849e-15 6.11839e-16 1
5007 8.67292e-15 6.11839e-16 1
5008.5 8.38575e-15 6.11839e-16 1
5010 8.24819e-15 6.11839e-16 1
5011.5 8.10634e-15 6.11839e-16 1
5013 7.92412e-15 6.11839e-16 1
5014.5 7.75439e-15 6.11839e-16 1
5016 7.60078e-15 6.11839e-16 1
5017.5 7.55267e-15 6.11839e-16 1
5019 7.58631e-15 6.11839e-16 1
5020.5 7.38657e-15 3.56964e-16 1
5022 7.23829e-15 3.56964e-16 1
5023.5 7.07915e-15 3.56964e-16 1
5025 7.19821e-15 3.56964e-16 1
5026.5 7.12719e-15 3.56964e-16 1
5028 6.87078e-15 3.56964e-16 1
5029.5 6.67861e-15 3.56964e-16 1
5031 6.68788e-15 3.56964e-16 1
5032.5 6.72216e-15 3.56964e-16 1
5034 6.78434e-15 3.56964e-16 1
5035.5 6.59927e-15 3.56964e-16 1
5037 6.6368e-15 3.56964e-16 1
5038.5 6.42227e-15 3.56964e-16 1
5040 6.44485e-15 3.56964e-16 1
5041.5 6.36954e-15 3.56964e-16 1
5043 6.60927e-15 3.56964e-16 1
5044.5 6.68589e-15 3.56964e-16 1
5046 6.61383e-15 3.56964e-16 1
5047.5 6.4851e-15 3.56964e-16 1
5049 6.51391e-15 3.56964e-16 1
5050.5 6.54443e-15 3.56964e-16 1
5052 6.29809e-15 3.56964e-16 1
5053.5 6.35632e-15 3.56964e-16 1
5055 6.40807e-15 3.56964e-16 1
5056.5 6.55629e-15 3.56964e-16 1
5058 6.51407e-15 3.56964e-16 1
5059.5 6.41866e-15 3.56964e-16 1
5061 6.43259e-15 3.56964e-16 1
5062.5 6.52712e-15 3.56964e-16 1
5064 6.48226e-15 3.56964e-16 1
5065.5 6.47764e-15 3.56964e-16 1
5067 6.36964e-15 3.56964e-16 1
5068.5 6.38537e-15 3.56964e-16 1
5070 6.39864e-15 3.56964e-16 1
5071.5 6.34494e-15 3.56964e-16 1
5073 6.21211e-15 3.56964e-16 1
5074.5 6.12642e-15 3.56964e-16 1
5076 6.25928e-15 3.56964e-16 1
5077.5 6.24906e-15 3.56964e-16 1
5079 6.04997e-15 3.56964e-16 1
5080.5 5.9233e-15 3.56964e-16 1
5082 6.07122e-15 3.56964e-16 1
5083.5 6.0279e-15 3.56964e-16 1
5085 6.15198e-15 3.56964e-16 1
5086.5 6.26967e-15 3.56964e-16 1
5088 6.18996e-15 3.56964e-16 1
5089.5 6.28122e-15 3.56964e-16 1
5091 6.20943e-15 3.56964e-16 1
5092.5 6.16121e-15 3.56964e-16 1
5094 6.07116e-15 3.56964e-16 1
5095.5 6.26606e-15 3.56964e-16 1
5097 6.2018e-15 3.56964e-16 1
5098.5 6.17058e-15 3.56964e-16 1
5100 6.39033e-15 3.56964e-16 1
5101.5 6.19523e-15 3.56964e-16 1
5103 6.28849e-15 3.56964e-16 1
5104.5 6.10439e-15 3.56964e-16 1
5106 6.10047e-15 3.56964e-16 1
5107.5 6.02402e-15 3.56964e-16 1
5109 6.27526e-15 3.56964e-16 1
5110.5 6.15135e-15 3.56964e-16 1
5112 5.99973e-15 3.56964e-16 1
5113.5 6.20397e-15 3.56964e-16 1
5115 6.38196e-15 3.56964e-16 1
5116.5 6.08472e-15 3.56964e-16 1
5118 5.80505e-15 3.56964e-16 1
5119.5 5.90829e-15 3.56964e-16 1
5121 6.15172e-15 1.2943e-16 1
5122.5 6.08145e-15 1.2943e-16 1
5124 6.10527e-15 1.2943e-16 1
5125.5 6.23993e-15 1.2943e-16 1
5127 6.24244e-15 1.2943e-16 1
5128.5 6.25928e-15 1.2943e-16 1
5130 6.33491e-15 1.2943e-16 1
5131.5 6.41153e-15 1.2943e-16 1
5133 6.31742e-15 1.2943e-16 1
5134.5 6.31475e-15 1.2943e-16 1
5136 6.30618e-15 1.2943e-16 1
5137.5 6.10598e-15 1.2943e-16 1
5139 6.16335e-15 1.2943e-16 1
5140.5 6.32084e-15 1.2943e-16 1
5142 6.409e-15 1.2943e-16 1
5143.5 6.33404e-15 1.2943e-16 1
5145 6.20196e-15 1.2943e-16 1
5146.5 6.24164e-15 1.2943e-16 1
5148 6.09762e-15 1.2943e-16 1
5149.5 6.10618e-15 1.2943e-16 1
5151 6.14599e-15 1.2943e-16 1
5152.5 6.06412e-15 1.2943e-16 1
5154 6.00668e-15 1.2943e-16 1
5155.5 5.95463e-15 1.2943e-16 1
5157 6.01006e-15 1.2943e-16 1
5158.5 6.13448e-15 1.2943e-16 1
5160 6.23449e-15 1.2943e-16 1
5161.5 6.19385e-15 1.2943e-16 1
5163 6.33813e-15 1.2943e-16 1
5164.5 6.34792e-15 1.2943e-16 1
5166 6.26285e-15 1.2943e-16 1
5167.5 6.21962e-15 1.2943e-16 1
5169 6.18225e-15 1.2943e-16 1
5170.5 6.36861e-15 1.2943e-16 1
5172 6.40083e-15 1.2943e-16 1
5173.5 6.33928e-15 1.2943e-16 1
5175 6.46254e-15 1.2943e-16 1
5176.5 6.41977e-15 1.2943e-16 1
5178 6.44579e-15 1.2943e-16 1
5179.5 6.47193e-15 1.2943e-16 1
5181 6.45047e-15 1.2943e-16 1
5182.5 6.61187e-15 1.2943e-16 1
5184 6.59065e-15 1.2943e-16 1
5185.5 6.49353e-15 1.2943e-16 1
5187 6.68381e-15 1.2943e-16 1
5188.5 6.784e-15 1.2943e-16 1
5190 6.92867e-15 1.2943e-16 1
5191.5 6.97487e-15 1.2943e-16 1
5193 6.97005e-15 1.2943e-16 1
5194.5 7.07673e-15 1.2943e-16 1
5196 6.95692e-15 1.2943e-16 1
5197.5 6.87516e-15 1.2943e-16 1
5199 7.07795e-15 1.2943e-16 1
5200.5 7.08011e-15 1.2943e-16 1
5202 7.11614e-15 1.2943e-16 1
5203.5 7.3332e-15 1.2943e-16 1
5205 7.32018e-15 1.2943e-16 1
5206.5 7.24651e-15 1.2943e-16 1
5208 7.19511e-15 1.2943e-16 1
5209.5 7.42294e-15 1.2943e-16 1
5211 7.60771e-15 1.2943e-16 1
5212.5 7.61198e-15 1.2943e-16 1
5214 7.53127e-15 1.2943e-16 1
5215.5 7.63232e-15 1.2943e-16 1
5217 7.91157e-15 1.2943e-16 1
5218.5 7.93795e-15 1.2943e-16 1
5220 7.9089e-15 1.4385e-16 1
5221.5 8.02184e-15 1.4385e-16 1
5223 8.12231e-15 1.4385e-16 1
5224.5 8.01863e-15 1.4385e-16 1
5226 8.0374e-15 1.4385e-16 1
5227.5 8.19952e-15 1.4385e-16 1
5229 8.39002e-15 1.4385e-16 1
5230.5 8.4507e-15 1.4385e-16 1
5232 8.50043e-15 1.4385e-16 1
5233.5 8.49228e-15 1.4385e-16 1
5235 8.62638e-15 1.4385e-16 1
5236.5 8.65532e-15 1.4385e-16 1
5238 8.77146e-15 1.4385e-16 1
5239.5 8.82547e-15 1.4385e-16 1
5241 8.77976e-15 1.4385e-16 1
5242.5 8.85178e-15 1.4385e-16 1
5244 9.04965e-15 1.4385e-16 1
5245.5 8.97747e-15 1.4385e-16 1
5247 9.26152e-15 1.4385e-16 1
5248.5 9.29862e-15 1.4385e-16 1
5250 9.11918e-15 1.4385e-16 1
5251.5 9.15369e-15 1.4385e-16 1
5253 9.047e-15 1.4385e-16 1
5254.5 9.23425e-15 1.4385e-16 1
5256 9.49997e-15 1.4385e-16 1
5257.5 9.47042e-15 1.4385e-16 1
5259 9.49055e-15 1.4385e-16 1
5260.5 9.54641e-15 1.4385e-16 1
5262 9.69828e-15 1.4385e-16 1
5263.5 9.64794e-15 1.4385e-16 1
5265 9.61504e-15 1.4385e-16 1
5266.5 9.8932e-15 1.4385e-16 1
5268 9.97463e-15 1.4385e-16 1
5269.5 9.87935e-15 1.4385e-16 1
5271 9.87559e-15 1.4385e-16 1
5272.5 9.90322e-15 1.4385e-16 1
5274 1.00121e-14 1.4385e-16 1
5275.5 1.01382e-14 1.4385e-16 1
5277 1.02511e-14 1.4385e-16 1
5278.5 1.02537e-14 1.4385e-16 1
5280 1.03043e-14 1.4385e-16 1
5281.5 1.05601e-14 1.4385e-16 1
5283 1.06902e-14 1.4385e-16 1
5284.5 1.07561e-14 1.4385e-16 1
5286 1.08867e-14 1.4385e-16 1
5287.5 1.0852e-14 1.4385e-16 1
5289 1.1041e-14 1.4385e-16 1
5290.5 1.11574e-14 1.4385e-16 1
5292 1.11105e-14 1.4385e-16 1
5293.5 1.12997e-14 1.4385e-16 1
5295 1.12584e-14 1.4385e-16 1
5296.5 1.12072e-14 1.4385e-16 1
5298 1.12091e-14 1.4385e-16 1
5299.5 1.13698e-14 1.4385e-16 1
5301 1.1256e-14 1.4385e-16 1
5302.5 1.10353e-14 1.4385e-16 1
5304 1.13647e-14 1.4385e-16 1
5305.5 1.12216e-14 1.4385e-16 1
5307 1.12027e-14 1.4385e-16 1
5308.5 1.15479e-14 1.4385e-16 1
5310 1.14654e-14 1.4385e-16 1
5311.5 1.1312e-14 1.4385e-16 1
5313 1.14138e-14 1.4385e-16 1
5314.5 1.16237e-14 1.4385e-16 1
5316 1.18237e-14 1.4385e-16 1
5317.5 1.19094e-14 1.4385e-16 1
5319 1.17845e-14 1.4385e-16 1
5320.5 1.16409e-14 2.29425e-16 1
5322 1.19664e-14 2.29425e-16 1
5323.5 1.19971e-14 2.29425e-16 1
5325 1.18581e-14 2.29425e-16 1
5326.5 1.18818e-14 2.29425e-16 1
5328 1.17525e-14 2.29425e-16 1
5329.5 1.17293e-14 2.29425e-16 1
5331 1.19469e-14 2.29425e-16 1
5332.5 1.21803e-14 2.29425e-16 1
5334 1.2195e-14 2.29425e-16 1
5335.5 1.23817e-14 2.29425e-16 1
5337 1.20613e-14 2.29425e-16 1
5338.5 1.18962e-14 2.29425e-16 1
5340 1.20903e-14 2.29425e-16 1
5341.5 1.23195e-14 2.29425e-16 1
5343 1.21928e-14 2.29425e-16 1
5344.5 1.19966e-14 2.29425e-16 1
5346 1.20624e-14 2.29425e-16 1
5347.5 1.21077e-14 2.29425e-16 1
5349 1.22219e-14 2.29425e-16 1
5350.5 1.23545e-14 2.29425e-16 1
5352 1.24392e-14 2.29425e-16 1
5353.5 1.24528e-14 2.29425e-16 1
5355 1.23666e-14 2.29425e-16 1
5356.5 1.22634e-14 2.29425e-16 1
5358 1.24547e-14 2.29425e-16 1
5359.5 1.25934e-14 2.29425e-16 1
5361 1.23287e-14 2.29425e-16 1
5362.5 1.21883e-14 2.29425e-16 1
5364 1.2417e-14 2.29425e-16 1
5365.5 1.26172e-14 2.29425e-16 1
5367 1.23988e-14 2.29425e-16 1
5368.5 1.21964e-14 2.29425e-16 1
5370 1.21132e-14 2.29425e-16 1
5371.5 1.23856e-14 2.29425e-16 1
5373 1.26328e-14 2.29425e-16 1
5374.5 1.27017e-14 2.29425e-16 1
5376 1.27669e-14 2.29425e-16 1
5377.5 1.26077e-14 2.29425e-16 1
5379 1.25994e-14 2.29425e-16 1
5380.5 1.24683e-14 2.29425e-16 1
5382 1.24108e-14 2.29425e-16 1
5383.5 1.27423e-14 2.29425e-16 1
5385 1.27352e-14 2.29425e-16 1
5386.5 1.26427e-14 2.29425e-16 1
5388 1.28107e-14 2.29425e-16 1
5389.5 1.30669e-14 2.29425e-16 1
5391 1.27809e-14 2.29425e-16 1
5392.5 1.25922e-14 2.29425e-16 1
5394 1.26876e-14 2.29425e-16 1
5395.5 1.26095e-14 2.29425e-16 1
5397 1.23554e-14 2.29425e-16 1
5398.5 1.25469e-14 2.29425e-16 1
5400 1.2176e-14 2.29425e-16 1
5401.5 1.19325e-14 2.29425e-16 1
5403 1.19686e-14 2.29425e-16 1
5404.5 1.21223e-14 2.29425e-16 1
5406 1.19812e-14 2.29425e-16 1
5407.5 1.20241e-14 2.29425e-16 1
5409 1.19365e-14 2.29425e-16 1
5410.5 1.18511e-14 2.29425e-16 1
5412 1.20786e-14 2.29425e-16 1
5413.5 1.20162e-14 2.29425e-16 1
5415 1.17949e-14 2.29425e-16 1
5416.5 1.15035e-14 2.29425e-16 1
5418 1.14935e-14 2.29425e-16 1
5419.5 1.14121e-14 2.29425e-16 1
5421 1.13314e-14 2.62289e-16 1
5422.5 1.12773e-14 2.62289e-16 1
5424 1.12543e-14 2.62289e-16 1
5425.5 1.12162e-14 2.62289e-16 1
5427 1.13901e-14 2.62289e-16 1
5428.5 1.13326e-14 2.62289e-16 1
5430 1.1182e-14 2.62289e-16 1
5431.5 1.12562e-14 2.62289e-16 1
5433 1.12461e-14 2.62289e-16 1
5434.5 1.10294e-14 2.62289e-16 1
5436 1.11939e-14 2.62289e-16 1
5437.5 1.14834e-14 2.62289e-16 1
5439 1.1488e-14 2.62289e-16 1
5440.5 1.15163e-14 2.62289e-16 1
5442 1.13945e-14 2.62289e-16 1
5443.5 1.13745e-14 2.62289e-16 1
5445 1.13731e-14 2.62289e-16 1
5446.5 1.15063e-14 2.62289e-16 1
5448 1.17223e-14 2.62289e-16 1
5449.5 1.18459e-14 2.62289e-16 1
5451 1.20997e-14 2.62289e-16 1
5452.5 1.20478e-14 2.62289e-16 1
5454 1.2067e-14 2.62289e-16 1
5455.5 1.21317e-14 2.62289e-16 1
5457 1.20177e-14 2.62289e-16 1
5458.5 1.20643e-14 2.62289e-16 1
5460 1.26756e-14 2.62289e-16 1
5461.5 1.2744e-14 2.62289e-16 1
5463 1.2686e-14 2.62289e-16 1
5464.5 1.24875e-14 2.62289e-16 1
5466 1.27607e-14 2.62289e-16 1
5467.5 1.29773e-14 2.62289e-16 1
5469 1.30191e-14 2.62289e-16 1
5470.5 1.28664e-14 2.62289e-16 1
5472 1.30438e-14 2.62289e-16 1
5473.5 1.29064e-14 2.62289e-16 1
5475 1.28754e-14 2.62289e-16 1
5476.5 1.32199e-14 2.62289e-16 1
5478 1.31438e-14 2.62289e-16 1
5479.5 1.34283e-14 2.62289e-16 1
5481 1.36125e-14 2.62289e-16 1
5482.5 1.35757e-14 2.62289e-16 1
5484 1.37247e-14 2.62289e-16 1
5485.5 1.38345e-14 2.62289e-16 1
5487 1.38809e-14 2.62289e-16 1
5488.5 1.39062e-14 2.62289e-16 1
5490 1.36682e-14 2.62289e-16 1
5491.5 1.37269e-14 2.62289e-16 1
5493 1.38594e-14 2.62289e-16 1
5494.5 1.42329e-14 2.62289e-16 1
5496 1.41594e-14 2.62289e-16 1
5497.5 1.40165e-14 2.62289e-16 1
5499 1.41394e-14 2.62289e-16 1
5500.5 1.40624e-14 2.62289e-16 1
5502 1.41259e-14 2.62289e-16 1
5503.5 1.44854e-14 2.62289e-16 1
5505 1.44671e-14 2.62289e-16 1
5506.5 1.43997e-14 2.62289e-16 1
5508 1.43955e-14 2.62289e-16 1
5509.5 1.46049e-14 2.62289e-16 1
5511 1.45426e-14 2.62289e-16 1
5512.5 1.44617e-14 2.62289e-16 1
5514 1.45755e-14 2.62289e-16 1
5515.5 1.46973e-14 2.62289e-16 1
5517 1.46027e-14 2.62289e-16 1
5518.5 1.44352e-14 2.62289e-16 1
5520 1.45513e-14 1.67378e-16 1
5521.5 1.44734e-14 1.67378e-16 1
5523 1.43319e-14 1.67378e-16 1
5524.5 1.42714e-14 1.67378e-16 1
5526 1.42045e-14 1.67378e-16 1
5527.5 1.43593e-14 1.67378e-16 1
5529 1.45155e-14 1.67378e-16 1
5530.5 1.43028e-14 1.67378e-16 1
5532 1.41759e-14 1.67378e-16 1
5533.5 1.41915e-14 1.67378e-16 1
5535 1.38821e-14 1.67378e-16 1
5536.5 1.37329e-14 1.67378e-16 1
5538 1.35872e-14 1.67378e-16 1
5539.5 1.41431e-14 1.67378e-16 1
5541 1.38443e-14 1.67378e-16 1
5542.5 1.378e-14 1.67378e-16 1
5544 1.39018e-14 1.67378e-16 1
5545.5 1.41652e-14 1.67378e-16 1
5547 1.35845e-14 1.67378e-16 1
5548.5 1.35001e-14 1.67378e-16 1
5550 1.35997e-14 1.67378e-16 1
5551.5 1.35054e-14 1.67378e-16 1
5553 1.34533e-14 1.67378e-16 1
5554.5 1.33257e-14 1.67378e-16 1
5556 1.3199e-14 1.67378e-16 1
5557.5 1.31796e-14 1.67378e-16 1
5559 1.31475e-14 1.67378e-16 1
5560.5 1.3038e-14 1.67378e-16 1
5562 1.30102e-14 1.67378e-16 1
5563.5 1.2959e-14 1.67378e-16 1
5565 1.28632e-14 1.67378e-16 1
5566.5 1.28363e-14 1.67378e-16 1
5568 1.28176e-14 1.67378e-16 1
5569.5 1.27113e-14 1.67378e-16 1
5571 1.25715e-14 1.67378e-16 1
5572.5 1.25787e-14 1.67378e-16 1
5574 1.25166e-14 1.67378e-16 1
5575.5 1.26517e-14 1.67378e-16 1
5577 1.24201e-14 1.67378e-16 1
5578.5 1.18596e-14 1.67378e-16 1
5580 1.16965e-14 1.67378e-16 1
5581.5 1.17513e-14 1.67378e-16 1
5583 1.17918e-14 1.67378e-16 1
5584.5 1.17767e-14 1.67378e-16 1
5586 1.1624e-14 1.67378e-16 1
5587.5 1.15744e-14 1.67378e-16 1
5589 1.13705e-14 1.67378e-16 1
5590.5 1.10163e-14 1.67378e-16 1
5592 1.07208e-14 1.67378e-16 1
5593.5 1.07729e-14 1.67378e-16 1
5595 1.08928e-14 1.67378e-16 1
5596.5 1.07248e-14 1.67378e-16 1
5598 1.06628e-14 1.67378e-16 1
5599.5 1.05692e-14 1.67378e-16 1
5601 1.06016e-14 1.67378e-16 1
5602.5 1.06057e-14 1.67378e-16 1
5604 1.01714e-14 1.67378e-16 1
5605.5 1.02131e-14 1.67378e-16 1
5607 1.0234e-14 1.67378e-16 1
5608.5 9.95769e-15 1.67378e-16 1
5610 9.72438e-15 1.67378e-16 1
5611.5 9.82405e-15 1.67378e-16 1
5613 9.83816e-15 1.67378e-16 1
5614.5 9.53554e-15 1.67378e-16 1
5616 9.31151e-15 1.67378e-16 1
5617.5 9.20193e-15 1.67378e-16 1
5619 9.09844e-15 1.67378e-16 1
5620.5 9.03537e-15 1.54716e-16 1
5622 9.07248e-15 1.54716e-16 1
5623.5 8.89849e-15 1.54716e-16 1
5625 8.78592e-15 1.54716e-16 1
5626.5 8.70664e-15 1.54716e-16 1
5628 8.62175e-15 1.54716e-16 1
5629.5 8.59427e-15 1.54716e-16 1
5631 8.48671e-15 1.54716e-16 1
5632.5 8.41667e-15 1.54716e-16 1
5634 8.42723e-15 1.54716e-16 1
5635.5 8.36557e-15 1.54716e-16 1
5637 8.1444e-15 1.54716e-16 1
5638.5 7.98427e-15 1.54716e-16 1
5640 7.87642e-15 1.54716e-16 1
5641.5 7.61116e-15 1.54716e-16 1
5643 7.51301e-15 1.54716e-16 1
5644.5 7.43221e-15 1.54716e-16 1
5646 7.2177e-15 1.54716e-16 1
5647.5 7.16254e-15 1.54716e-16 1
5649 7.08874e-15 1.54716e-16 1
5650.5 7.01883e-15 1.54716e-16 1
5652 7.02175e-15 1.54716e-16 1
5653.5 7.05028e-15 1.54716e-16 1
5655 6.89813e-15 1.54716e-16 1
5656.5 6.66898e-15 1.54716e-16 1
5658 6.5847e-15 1.54716e-16 1
5659.5 6.40779e-15 1.54716e-16 1
5661 6.34148e-15 1.54716e-16 1
5662.5 6.46034e-15 1.54716e-16 1
5664 6.37578e-15 1.54716e-16 1
5665.5 6.2004e-15 1.54716e-16 1
5667 6.03562e-15 1.54716e-16 1
5668.5 5.80266e-15 1.54716e-16 1
5670 5.61413e-15 1.54716e-16 1
5671.5 5.5688e-15 1.54716e-16 1
5673 5.47029e-15 1.54716e-16 1
5674.5 5.34635e-15 1.54716e-16 1
5676 5.23271e-15 1.54716e-16 1
5677.5 5.31692e-15 1.54716e-16 1
5679 5.33209e-15 1.54716e-16 1
5680.5 5.18617e-15 1.54716e-16 1
5682 5.02838e-15 1.54716e-16 1
5683.5 4.99655e-15 1.54716e-16 1
5685 4.98259e-15 1.54716e-16 1
5686.5 4.64714e-15 1.54716e-16 1
5688 4.88726e-15 1.54716e-16 1
5689.5 4.87388e-15 1.54716e-16 1
5691 4.77406e-15 1.54716e-16 1
5692.5 4.9256e-15 1.54716e-16 1
5694 4.92154e-15 1.54716e-16 1
5695.5 4.71822e-15 1.54716e-16 1
5697 4.99668e-15 1.54716e-16 1
5698.5 4.99336e-15 1.54716e-16 1
5700 4.90359e-15 1.54716e-16 1
5701.5 4.80404e-15 1.54716e-16 1
5703 4.88203e-15 1.54716e-16 1
5704.5 4.73862e-15 1.54716e-16 1
5706 4.53588e-15 1.54716e-16 1
5707.5 4.63708e-15 1.54716e-16 1
5709 4.77346e-15 1.54716e-16 1
5710.5 4.95394e-15 1.54716e-16 1
5712 4.96386e-15 1.54716e-16 1
5713.5 4.88493e-15 1.54716e-16 1
5715 4.92113e-15 1.54716e-16 1
5716.5 5.0776e-15 1.54716e-16 1
5718 5.19832e-15 1.54716e-16 1
5719.5 5.08777e-15 1.54716e-16 1
5721 4.97087e-15 1.66623e-16 1
5722.5 5.11779e-15 1.66623e-16 1
5724 5.15745e-15 1.66623e-16 1
5725.5 5.14691e-15 1.66623e-16 1
5727 5.23304e-15 1.66623e-16 1
5728.5 5.42748e-15 1.66623e-16 1
5730 5.57794e-15 1.66623e-16 1
5731.5 5.50286e-15 1.66623e-16 1
5733 5.68431e-15 1.66623e-16 1
5734.5 5.99142e-15 1.66623e-16 1
5736 6.07954e-15 1.66623e-16 1
5737.5 6.00245e-15 1.66623e-16 1
5739 6.04857e-15 1.66623e-16 1
5740.5 6.06369e-15 1.66623e-16 1
5742 6.16915e-15 1.66623e-16 1
5743.5 6.47153e-15 1.66623e-16 1
5745 6.39724e-15 1.66623e-16 1
5746.5 6.45469e-15 1.66623e-16 1
5748 6.69483e-15 1.66623e-16 1
5749.5 7.01813e-15 1.66623e-16 1
5751 7.00073e-15 1.66623e-16 1
5752.5 7.02283e-15 1.66623e-16 1
5754 7.19361e-15 1.66623e-16 1
5755.5 7.49608e-15 1.66623e-16 1
5757 7.29072e-15 1.66623e-16 1
5758.5 7.50727e-15 1.66623e-16 1
5760 7.63209e-15 1.66623e-16 1
5761.5 7.9055e-15 1.66623e-16 1
5763 8.10261e-15 1.66623e-16 1
5764.5 7.8263e-15 1.66623e-16 1
5766 8.37094e-15 1.66623e-16 1
5767.5 8.66386e-15 1.66623e-16 1
5769 9.12313e-15 1.66623e-16 1
5770.5 9.01754e-15 1.66623e-16 1
5772 9.15762e-15 1.66623e-16 1
5773.5 9.12434e-15 1.66623e-16 1
5775 9.1376e-15 1.66623e-16 1
5776.5 9.27215e-15 1.66623e-16 1
5778 9.62041e-15 1.66623e-16 1
5779.5 9.96683e-15 1.66623e-16 1
5781 1.00863e-14 1.66623e-16 1
5782.5 1.00259e-14 1.66623e-16 1
5784 1.01085e-14 1.66623e-16 1
5785.5 1.03484e-14 1.66623e-16 1
5787 1.05726e-14 1.66623e-16 1
5788.5 1.08182e-14 1.66623e-16 1
5790 1.10989e-14 1.66623e-16 1
5791.5 1.09707e-14 1.66623e-16 1
5793 1.08311e-14 1.66623e-16 1
5794.5 1.10963e-14 1.66623e-16 1
5796 1.12126e-14 1.66623e-16 1
5797.5 1.15196e-14 1.66623e-16 1
5799 1.18161e-14 1.66623e-16 1
5800.5 1.17702e-14 1.66623e-16 1
5802 1.19379e-14 1.66623e-16 1
5803.5 1.21823e-14 1.66623e-16 1
5805 1.21223e-14 1.66623e-16 1
5806.5 1.2411e-14 1.66623e-16 1
5808 1.28026e-14 1.66623e-16 1
5809.5 1.27942e-14 1.66623e-16 1
5811 1.28478e-14 1.66623e-16 1
5812.5 1.28313e-14 1.66623e-16 1
5814 1.30015e-14 1.66623e-16 1
5815.5 1.29338e-14 1.66623e-16 1
5817 1.29185e-14 1.66623e-16 1
5818.5 1.31685e-14 1.66623e-16 1
5820 1.3345e-14 1.93983e-16 1
5821.5 1.32085e-14 1.93983e-16 1
5823 1.33883e-14 1.93983e-16 1
5824.5 1.35832e-14 1.93983e-16 1
5826 1.36294e-14 1.93983e-16 1
5827.5 1.38126e-14 1.93983e-16 1
5829 1.39606e-14 1.93983e-16 1
5830.5 1.37478e-14 1.93983e-16 1
5832 1.35998e-14 1.93983e-16 1
5833.5 1.37035e-14 1.93983e-16 1
5835 1.39654e-14 1.93983e-16 1
5836.5 1.39853e-14 1.93983e-16 1
5838 1.39313e-14 1.93983e-16 1
5839.5 1.39444e-14 1.93983e-16 1
5841 1.39878e-14 1.93983e-16 1
5842.5 1.39938e-14 1.93983e-16 1
5844 1.39807e-14 1.93983e-16 1
5845.5 1.41477e-14 1.93983e-16 1
5847 1.4227e-14 1.93983e-16 1
5848.5 1.41504e-14 1.93983e-16 1
5850 1.40941e-14 1.93983e-16 1
5851.5 1.39069e-14 1.93983e-16 1
5853 1.37677e-14 1.93983e-16 1
5854.5 1.385e-14 1.93983e-16 1
5856 1.37986e-14 1.93983e-16 1
5857.5 1.37663e-14 1.93983e-16 1
5859 1.39236e-14 1.93983e-16 1
5860.5 1.40924e-14 1.93983e-16 1
5862 1.39115e-14 1.93983e-16 1
5863.5 1.38314e-14 1.93983e-16 1
5865 1.38079e-14 1.93983e-16 1
5866.5 1.36404e-14 1.93983e-16 1
5868 1.34922e-14 1.93983e-16 1
5869.5 1.35013e-14 1.93983e-16 1
5871 1.36343e-14 1.93983e-16 1
5872.5 1.36543e-14 1.93983e-16 1
5874 1.34488e-14 1.93983e-16 1
5875.5 1.33201e-14 1.93983e-16 1
5877 1.33281e-14 1.93983e-16 1
5878.5 1.31303e-14 1.93983e-16 1
5880 1.29644e-14 1.93983e-16 1
5881.5 1.32269e-14 1.93983e-16 1
5883 1.32661e-14 1.93983e-16 1
5884.5 1.29753e-14 1.93983e-16 1
5886 1.29559e-14 1.93983e-16 1
5887.5 1.30028e-14 1.93983e-16 1
5889 1.28783e-14 1.93983e-16 1
5890.5 1.27064e-14 1.93983e-16 1
5892 1.26808e-14 1.93983e-16 1
5893.5 1.25664e-14 1.93983e-16 1
5895 1.25518e-14 1.93983e-16 1
5896.5 1.26598e-14 1.93983e-16 1
5898 1.24732e-14 1.93983e-16 1
5899.5 1.23327e-14 1.93983e-16 1
5901 1.26407e-14 1.93983e-16 1
5902.5 1.27123e-14 1.93983e-16 1
5904 1.24061e-14 1.93983e-16 1
5905.5 1.22272e-14 1.93983e-16 1
5907 1.24634e-14 1.93983e-16 1
5908.5 1.24417e-14 1.93983e-16 1
5910 1.22207e-14 1.93983e-16 1
5911.5 1.1877e-14 1.93983e-16 1
5913 1.2019e-14 1.93983e-16 1
5914.5 1.21497e-14 1.93983e-16 1
5916 1.20317e-14 1.93983e-16 1
5917.5 1.20918e-14 1.93983e-16 1
5919 1.18217e-14 1.93983e-16 1
5920.5 1.18566e-14 1.9643e-16 1
5922 1.18506e-14 1.9643e-16 1
5923.5 1.16881e-14 1.9643e-16 1
5925 1.18296e-14 1.9643e-16 1
5926.5 1.17814e-14 1.9643e-16 1
5928 1.19079e-14 1.9643e-16 1
5929.5 1.18385e-14 1.9643e-16 1
5931 1.17009e-14 1.9643e-16 1
5932.5 1.15351e-14 1.9643e-16 1
5934 1.14984e-14 1.9643e-16 1
5935.5 1.15712e-14 1.9643e-16 1
5937 1.15395e-14 1.9643e-16 1
5938.5 1.14822e-14 1.9643e-16 1
5940 1.14088e-14 1.9643e-16 1
5941.5 1.12674e-14 1.9643e-16 1
5943 1.11277e-14 1.9643e-16 1
5944.5 1.08697e-14 1.9643e-16 1
5946 1.0879e-14 1.9643e-16 1
5947.5 1.07809e-14 1.9643e-16 1
5949 1.06818e-14 1.9643e-16 1
5950.5 1.06813e-14 1.9643e-16 1
5952 1.05927e-14 1.9643e-16 1
5953.5 1.06972e-14 1.9643e-16 1
5955 1.04684e-14 1.9643e-16 1
5956.5 1.01494e-14 1.9643e-16 1
5958 1.00256e-14 1.9643e-16 1
5959.5 9.76324e-15 1.9643e-16 1
5961 9.67202e-15 1.9643e-16 1
5962.5 9.48792e-15 1.9643e-16 1
5964 9.76103e-15 1.9643e-16 1
5965.5 9.74446e-15 1.9643e-16 1
5967 9.69422e-15 1.9643e-16 1
5968.5 9.47229e-15 1.9643e-16 1
5970 9.69593e-15 1.9643e-16 1
5971.5 9.48633e-15 1.9643e-16 1
5973 9.00652e-15 1.9643e-16 1
5974.5 9.08881e-15 1.9643e-16 1
5976 9.07927e-15 1.9643e-16 1
5977.5 8.94469e-15 1.9643e-16 1
5979 8.85921e-15 1.9643e-16 1
5980.5 8.86699e-15 1.9643e-16 1
5982 8.78961e-15 1.9643e-16 1
5983.5 8.56086e-15 1.9643e-16 1
5985 8.48711e-15 1.9643e-16 1
5986.5 8.62213e-15 1.9643e-16 1
5988 8.5108e-15 1.9643e-16 1
5989.5 8.23955e-15 1.9643e-16 1
5991 8.16413e-15 1.9643e-16 1
5992.5 8.14543e-15 1.9643e-16 1
5994 8.10788e-15 1.9643e-16 1
5995.5 7.81928e-15 1.9643e-16 1
5997 7.65482e-15 1.9643e-16 1
5998.5 7.7376e-15 1.9643e-16 1
6000 7.97172e-15 1.9643e-16 1
6001.5 7.86156e-15 1.9643e-16 1
6003 7.57006e-15 1.9643e-16 1
6004.5 7.3041e-15 1.9643e-16 1
6006 7.21283e-15 1.9643e-16 1
6007.5 7.31811e-15 1.9643e-16 1
6009 7.40117e-15 1.9643e-16 1
6010.5 7.34741e-15 1.9643e-16 1
6012 7.18659e-15 1.9643e-16 1
6013.5 7.10672e-15 1.9643e-16 1
6015 7.14899e-15 1.9643e-16 1
6016.5 7.04563e-15 1.9643e-16 1
6018 6.99491e-15 1.9643e-16 1
6019.5 6.9414e-15 1.9643e-16 1
6021 6.899e-15 1.36947e-16 1
6022.5 6.93195e-15 1.36947e-16 1
6024 6.9289e-15 1.36947e-16 1
6025.5 6.95635e-15 1.36947e-16 1
6027 7.00994e-15 1.36947e-16 1
6028.5 6.99554e-15 1.36947e-16 1
6030 6.95149e-15 1.36947e-16 1
6031.5 6.96125e-15 1.36947e-16 1
6033 6.83024e-15 1.36947e-16 1
6034.5 6.84182e-15 1.36947e-16 1
6036 6.85735e-15 1.36947e-16 1
6037.5 6.86144e-15 1.36947e-16 1
6039 6.84771e-15 1.36947e-16 1
6040.5 6.79341e-15 1.36947e-16 1
6042 6.76267e-15 1.36947e-16 1
6043.5 6.73842e-15 1.36947e-16 1
6045 6.68985e-15 1.36947e-16 1
6046.5 6.64128e-15 1.36947e-16 1
6048 6.59272e-15 1.36947e-16 1
6049.5 6.54415e-15 1.36947e-16 1
6051 6.54415e-15 1.36947e-16 1
6052.5 6.69903e-15 1.36947e-16 1
6054 6.99463e-15 1.36947e-16 1
6055.5 6.78715e-15 1.36947e-16 1
6057 6.70112e-15 1.36947e-16 1
6058.5 6.7526e-15 1.36947e-16 1
6060 6.54501e-15 1.36947e-16 1
6061.5 6.63939e-15 1.36947e-16 1
6063 6.68042e-15 1.36947e-16 1
6064.5 6.77774e-15 1.36947e-16 1
6066 6.65911e-15 1.36947e-16 1
6067.5 6.65699e-15 1.36947e-16 1
6069 6.7993e-15 1.36947e-16 1
6070.5 6.68412e-15 1.36947e-16 1
6072 6.59524e-15 1.36947e-16 1
6073.5 6.91854e-15 1.36947e-16 1
6075 7.09135e-15 1.36947e-16 1
6076.5 7.02449e-15 1.36947e-16 1
6078 7.00948e-15 1.36947e-16 1
6079.5 6.90078e-15 1.36947e-16 1
6081 6.88727e-15 1.36947e-16 1
6082.5 6.86981e-15 1.36947e-16 1
6084 6.59255e-15 1.36947e-16 1
6085.5 6.51235e-15 1.36947e-16 1
6087 6.66461e-15 1.36947e-16 1
6088.5 6.69865e-15 1.36947e-16 1
6090 6.72859e-15 1.36947e-16 1
6091.5 6.85399e-15 1.36947e-16 1
6093 6.81346e-15 1.36947e-16 1
6094.5 6.68408e-15 1.36947e-16 1
6096 6.71438e-15 1.36947e-16 1
6097.5 6.75361e-15 1.36947e-16 1
6099 6.66491e-15 1.36947e-16 1
6100.5 6.74269e-15 1.36947e-16 1
6102 6.87688e-15 1.36947e-16 1
6103.5 6.76455e-15 1.36947e-16 1
6105 6.70468e-15 1.36947e-16 1
6106.5 6.79727e-15 1.36947e-16 1
6108 6.69886e-15 1.36947e-16 1
6109.5 6.72619e-15 1.36947e-16 1
6111 6.67562e-15 1.36947e-16 1
6112.5 6.53706e-15 1.36947e-16 1
6114 6.50867e-15 1.36947e-16 1
6115.5 6.61719e-15 1.36947e-16 1
6117 6.82866e-15 1.36947e-16 1
6118.5 6.86474e-15 1.36947e-16 1
6120 6.75882e-15 1.08512e-16 1
6121.5 6.87052e-15 1.08512e-16 1
6123 7.05868e-15 1.08512e-16 1
6124.5 6.9326e-15 1.08512e-16 1
6126 6.81924e-15 1.08512e-16 1
6127.5 6.80761e-15 1.08512e-16 1
6129 7.16215e-15 1.08512e-16 1
6130.5 7.1586e-15 1.08512e-16 1
6132 7.16577e-15 1.08512e-16 1
6133.5 7.11074e-15 1.08512e-16 1
6135 7.15332e-15 1.08512e-16 1
6136.5 7.24531e-15 1.08512e-16 1
6138 7.17035e-15 1.08512e-16 1
6139.5 7.16872e-15 1.08512e-16 1
6141 7.21654e-15 1.08512e-16 1
6142.5 7.2615e-15 1.08512e-16 1
6144 7.2203e-15 1.08512e-16 1
6145.5 7.35924e-15 1.08512e-16 1
6147 7.44245e-15 1.08512e-16 1
6148.5 7.42669e-15 1.08512e-16 1
6150 7.49658e-15 1.08512e-16 1
6151.5 7.47167e-15 1.08512e-16 1
6153 7.5309e-15 1.08512e-16 1
6154.5 7.53978e-15 1.08512e-16 1
6156 7.47587e-15 1.08512e-16 1
6157.5 7.56344e-15 1.08512e-16 1
6159 7.55326e-15 1.08512e-16 1
6160.5 7.65008e-15 1.08512e-16 1
6162 7.91324e-15 1.08512e-16 1
6163.5 7.92528e-15 1.08512e-16 1
6165 7.98771e-15 1.08512e-16 1
6166.5 7.97383e-15 1.08512e-16 1
6168 7.85398e-15 1.08512e-16 1
6169.5 7.99457e-15 1.08512e-16 1
6171 8.06924e-15 1.08512e-16 1
6172.5 8.07591e-15 1.08512e-16 1
6174 8.04819e-15 1.08512e-16 1
6175.5 8.04489e-15 1.08512e-16 1
6177 7.94173e-15 1.08512e-16 1
6178.5 8.11629e-15 1.08512e-16 1
6180 8.29332e-15 1.08512e-16 1
6181.5 8.35367e-15 1.08512e-16 1
6183 8.50065e-15 1.08512e-16 1
6184.5 8.5282e-15 1.08512e-16 1
6186 8.32965e-15 1.08512e-16 1
6187.5 8.3316e-15 1.08512e-16 1
6189 8.62823e-15 1.08512e-16 1
6190.5 8.72358e-15 1.08512e-16 1
6192 8.74674e-15 1.08512e-16 1
6193.5 8.76706e-15 1.08512e-16 1
6195 9.02069e-15 1.08512e-16 1
6196.5 8.86989e-15 1.08512e-16 1
6198 8.7338e-15 1.08512e-16 1
6199.5 8.95324e-15 1.08512e-16 1
6201 9.11959e-15 1.08512e-16 1
6202.5 8.79797e-15 1.08512e-16 1
6204 9.05333e-15 1.08512e-16 1
6205.5 9.13789e-15 1.08512e-16 1
6207 9.06659e-15 1.08512e-16 1
6208.5 9.12837e-15 1.08512e-16 1
6210 9.12723e-15 1.08512e-16 1
6211.5 9.16836e-15 1.08512e-16 1
6213 9.406e-15 1.08512e-16 1
6214.5 9.24921e-15 1.08512e-16 1
6216 9.25159e-15 1.08512e-16 1
6217.5 9.24709e-15 1.08512e-16 1
6219 9.2926e-15 1.08512e-16 1
6220.5 9.43735e-15 1.482e-16 1
6222 9.42613e-15 1.482e-16 1
6223.5 9.14663e-15 1.482e-16 1
6225 9.05258e-15 1.482e-16 1
6226.5 9.19229e-15 1.482e-16 1
6228 9.08823e-15 1.482e-16 1
6229.5 9.13708e-15 1.482e-16 1
6231 9.26462e-15 1.482e-16 1
6232.5 9.0985e-15 1.482e-16 1
6234 8.96986e-15 1.482e-16 1
6235.5 8.98579e-15 1.482e-16 1
6237 8.88558e-15 1.482e-16 1
6238.5 8.60659e-15 1.482e-16 1
6240 8.56822e-15 1.482e-16 1
6241.5 8.62497e-15 1.482e-16 1
6243 8.82227e-15 1.482e-16 1
6244.5 8.58361e-15 1.482e-16 1
6246 8.35865e-15 1.482e-16 1
6247.5 8.27742e-15 1.482e-16 1
6249 8.13952e-15 1.482e-16 1
6250.5 7.9313e-15 1.482e-16 1
6252 8.18827e-15 1.482e-16 1
6253.5 8.36904e-15 1.482e-16 1
6255 8.05397e-15 1.482e-16 1
6256.5 7.78575e-15 1.482e-16 1
6258 7.49731e-15 1.482e-16 1
6259.5 7.45082e-15 1.482e-16 1
6261 7.52271e-15 1.482e-16 1
6262.5 7.27192e-15 1.482e-16 1
6264 7.21243e-15 1.482e-16 1
6265.5 7.40592e-15 1.482e-16 1
6267 7.07616e-15 1.482e-16 1
6268.5 7.11901e-15 1.482e-16 1
6270 7.141e-15 1.482e-16 1
6271.5 6.98246e-15 1.482e-16 1
6273 7.10227e-15 1.482e-16 1
6274.5 7.00023e-15 1.482e-16 1
6276 6.79883e-15 1.482e-16 1
6277.5 6.61993e-15 1.482e-16 1
6279 6.44391e-15 1.482e-16 1
6280.5 6.27074e-15 1.482e-16 1
6282 6.12181e-15 1.482e-16 1
6283.5 6.16652e-15 1.482e-16 1
6285 6.15866e-15 1.482e-16 1
6286.5 6.05056e-15 1.482e-16 1
6288 6.01011e-15 1.482e-16 1
6289.5 5.9933e-15 1.482e-16 1
6291 6.01657e-15 1.482e-16 1
6292.5 5.97315e-15 1.482e-16 1
6294 5.87224e-15 1.482e-16 1
6295.5 5.86896e-15 1.482e-16 1
6297 5.89511e-15 1.482e-16 1
6298.5 5.82172e-15 1.482e-16 1
6300 5.59772e-15 1.482e-16 1
6301.5 5.53871e-15 1.482e-16 1
6303 5.63153e-15 1.482e-16 1
6304.5 5.51414e-15 1.482e-16 1
6306 5.35089e-15 1.482e-16 1
6307.5 5.46936e-15 1.482e-16 1
6309 5.58553e-15 1.482e-16 1
6310.5 5.51782e-15 1.482e-16 1
6312 5.49539e-15 1.482e-16 1
6313.5 5.45598e-15 1.482e-16 1
6315 5.39948e-15 1.482e-16 1
6316.5 5.42919e-15 1.482e-16 1
6318 5.45219e-15 1.482e-16 1
6319.5 5.461e-15 1.482e-16 1
6321 5.54773e-15 1.18936e-16 1
6322.5 5.57548e-15 1.18936e-16 1
6324 5.55481e-15 1.18936e-16 1
6325.5 5.66979e-15 1.18936e-16 1
6327 5.61756e-15 1.18936e-16 1
6328.5 5.50878e-15 1.18936e-16 1
6330 5.62322e-15 1.18936e-16 1
6331.5 5.62692e-15 1.18936e-16 1
6333 5.4898e-15 1.18936e-16 1
6334.5 5.51957e-15 1.18936e-16 1
6336 5.822e-15 1.18936e-16 1
6337.5 5.91951e-15 1.18936e-16 1
6339 5.80921e-15 1.18936e-16 1
6340.5 5.71136e-15 1.18936e-16 1
6342 5.70211e-15 1.18936e-16 1
6343.5 5.94299e-15 1.18936e-16 1
6345 6.0029e-15 1.18936e-16 1
6346.5 5.92936e-15 1.18936e-16 1
6348 5.91412e-15 1.18936e-16 1
6349.5 6.00761e-15 1.18936e-16 1
6351 5.95475e-15 1.18936e-16 1
6352.5 6.0342e-15 1.18936e-16 1
6354 6.29725e-15 1.18936e-16 1
6355.5 6.1898e-15 1.18936e-16 1
6357 6.17168e-15 1.18936e-16 1
6358.5 6.27835e-15 1.18936e-16 1
6360 6.39995e-15 1.18936e-16 1
6361.5 6.3656e-15 1.18936e-16 1
6363 6.66463e-15 1.18936e-16 1
6364.5 6.63253e-15 1.18936e-16 1
6366 6.5232e-15 1.18936e-16 1
6367.5 6.59041e-15 1.18936e-16 1
6369 6.61615e-15 1.18936e-16 1
6370.5 6.69957e-15 1.18936e-16 1
6372 6.74047e-15 1.18936e-16 1
6373.5 6.79124e-15 1.18936e-16 1
6375 6.84383e-15 1.18936e-16 1
6376.5 7.08457e-15 1.18936e-16 1
6378 7.15695e-15 1.18936e-16 1
6379.5 7.08899e-15 1.18936e-16 1
6381 7.17749e-15 1.18936e-16 1
6382.5 7.24071e-15 1.18936e-16 1
6384 7.21143e-15 1.18936e-16 1
6385.5 7.26497e-15 1.18936e-16 1
6387 7.35123e-15 1.18936e-16 1
6388.5 7.3983e-15 1.18936e-16 1
6390 7.31426e-15 1.18936e-16 1
6391.5 7.39118e-15 1.18936e-16 1
6393 7.52557e-15 1.18936e-16 1
6394.5 7.71907e-15 1.18936e-16 1
6396 7.5983e-15 1.18936e-16 1
6397.5 7.66948e-15 1.18936e-16 1
6399 7.9853e-15 1.18936e-16 1
6400.5 8.21931e-15 1.18936e-16 1
6402 8.21393e-15 1.18936e-16 1
6403.5 8.04555e-15 1.18936e-16 1
6405 8.21573e-15 1.18936e-16 1
6406.5 8.14622e-15 1.18936e-16 1
6408 8.28625e-15 1.18936e-16 1
6409.5 8.40754e-15 1.18936e-16 1
6411 8.57361e-15 1.18936e-16 1
6412.5 8.69171e-15 1.18936e-16 1
6414 8.89189e-15 1.18936e-16 1
6415.5 8.51303e-15 1.18936e-16 1
6417 8.57364e-15 1.18936e-16 1
6418.5 8.89992e-15 1.18936e-16 1
6420 8.91171e-15 1.4605e-16 1
6421.5 9.10326e-15 1.4605e-16 1
6423 8.96823e-15 1.4605e-16 1
6424.5 8.92353e-15 1.4605e-16 1
6426 9.03096e-15 1.4605e-16 1
6427.5 9.19689e-15 1.4605e-16 1
6429 9.37629e-15 1.4605e-16 1
6430.5 9.32e-15 1.4605e-16 1
6432 9.36529e-15 1.4605e-16 1
6433.5 9.38251e-15 1.4605e-16 1
6435 9.4313e-15 1.4605e-16 1
6436.5 9.61397e-15 1.4605e-16 1
6438 9.85305e-15 1.4605e-16 1
6439.5 9.75226e-15 1.4605e-16 1
6441 9.75529e-15 1.4605e-16 1
6442.5 9.99256e-15 1.4605e-16 1
6444 9.83887e-15 1.4605e-16 1
6445.5 9.6778e-15 1.4605e-16 1
6447 9.91631e-15 1.4605e-16 1
6448.5 1.018e-14 1.4605e-16 1
6450 1.02485e-14 1.4605e-16 1
6451.5 1.0295e-14 1.4605e-16 1
6453 1.02098e-14 1.4605e-16 1
6454.5 1.0109e-14 1.4605e-16 1
6456 1.02193e-14 1.4605e-16 1
6457.5 1.0492e-14 1.4605e-16 1
6459 1.03379e-14 1.4605e-16 1
6460.5 1.04202e-14 1.4605e-16 1
6462 1.05715e-14 1.4605e-16 1
6463.5 1.05258e-14 1.4605e-16 1
6465 1.04427e-14 1.4605e-16 1
6466.5 1.06822e-14 1.4605e-16 1
6468 1.08917e-14 1.4605e-16 1
6469.5 1.08392e-14 1.4605e-16 1
6471 1.07655e-14 1.4605e-16 1
6472.5 1.07808e-14 1.4605e-16 1
6474 1.06388e-14 1.4605e-16 1
6475.5 1.07981e-14 1.4605e-16 1
6477 1.09052e-14 1.4605e-16 1
6478.5 1.07818e-14 1.4605e-16 1
6480 1.08237e-14 1.4605e-16 1
6481.5 1.07998e-14 1.4605e-16 1
6483 1.08999e-14 1.4605e-16 1
6484.5 1.10077e-14 1.4605e-16 1
6486 1.08961e-14 1.4605e-16 1
6487.5 1.09279e-14 1.4605e-16 1
6489 1.11373e-14 1.4605e-16 1
6490.5 1.11207e-14 1.4605e-16 1
6492 1.10826e-14 1.4605e-16 1
6493.5 1.11954e-14 1.4605e-16 1
6495 1.11732e-14 1.4605e-16 1
6496.5 1.11144e-14 1.4605e-16 1
6498 1.1073e-14 1.4605e-16 1
6499.5 1.14453e-14 1.4605e-16 1
6501 1.15129e-14 1.4605e-16 1
6502.5 1.11993e-14 1.4605e-16 1
6504 1.11554e-14 1.4605e-16 1
6505.5 1.10133e-14 1.4605e-16 1
6507 1.09029e-14 1.4605e-16 1
6508.5 1.09137e-14 1.4605e-16 1
6510 1.0858e-14 1.4605e-16 1
6511.5 1.06987e-14 1.4605e-16 1
6513 1.05111e-14 1.4605e-16 1
6514.5 1.05735e-14 1.4605e-16 1
6516 1.07422e-14 1.4605e-16 1
6517.5 1.0605e-14 1.4605e-16 1
6519 1.05928e-14 1.4605e-16 1
6520.5 1.07942e-14 1.64758e-16 1
6522 1.08023e-14 1.64758e-16 1
6523.5 1.07473e-14 1.64758e-16 1
6525 1.07582e-14 1.64758e-16 1
6526.5 1.05774e-14 1.64758e-16 1
6528 1.03938e-14 1.64758e-16 1
6529.5 1.04618e-14 1.64758e-16 1
6531 1.05953e-14 1.64758e-16 1
6532.5 1.05713e-14 1.64758e-16 1
6534 1.03216e-14 1.64758e-16 1
6535.5 1.0282e-14 1.64758e-16 1
6537 1.03868e-14 1.64758e-16 1
6538.5 1.03096e-14 1.64758e-16 1
6540 9.99286e-15 1.64758e-16 1
6541.5 9.93125e-15 1.64758e-16 1
6543 1.00725e-14 1.64758e-16 1
6544.5 1.00111e-14 1.64758e-16 1
6546 9.98506e-15 1.64758e-16 1
6547.5 1.00953e-14 1.64758e-16 1
6549 9.78876e-15 1.64758e-16 1
6550.5 9.60069e-15 1.64758e-16 1
6552 9.63862e-15 1.64758e-16 1
6553.5 9.35049e-15 1.64758e-16 1
6555 9.32122e-15 1.64758e-16 1
6556.5 9.54879e-15 1.64758e-16 1
6558 9.39323e-15 1.64758e-16 1
6559.5 9.14201e-15 1.64758e-16 1
6561 9.15272e-15 1.64758e-16 1
6562.5 9.32518e-15 1.64758e-16 1
6564 9.20898e-15 1.64758e-16 1
6565.5 8.80001e-15 1.64758e-16 1
6567 8.98086e-15 1.64758e-16 1
6568.5 9.17738e-15 1.64758e-16 1
6570 8.71011e-15 1.64758e-16 1
6571.5 8.84475e-15 1.64758e-16 1
6573 8.74201e-15 1.64758e-16 1
6574.5 8.49063e-15 1.64758e-16 1
6576 8.66648e-15 1.64758e-16 1
6577.5 8.57655e-15 1.64758e-16 1
6579 8.47489e-15 1.64758e-16 1
6580.5 8.29943e-15 1.64758e-16 1
6582 8.01414e-15 1.64758e-16 1
6583.5 7.91796e-15 1.64758e-16 1
6585 7.97912e-15 1.64758e-16 1
6586.5 8.16118e-15 1.64758e-16 1
6588 8.39289e-15 1.64758e-16 1
6589.5 8.33325e-15 1.64758e-16 1
6591 8.05017e-15 1.64758e-16 1
6592.5 7.64265e-15 1.64758e-16 1
6594 7.70928e-15 1.64758e-16 1
6595.5 7.55632e-15 1.64758e-16 1
6597 7.46203e-15 1.64758e-16 1
6598.5 7.39996e-15 1.64758e-16 1
6600 7.33942e-15 1.64758e-16 1
6601.5 7.19511e-15 1.64758e-16 1
6603 6.95446e-15 1.64758e-16 1
6604.5 6.92212e-15 1.64758e-16 1
6606 6.92592e-15 1.64758e-16 1
6607.5 6.77087e-15 1.64758e-16 1
6609 6.98307e-15 1.64758e-16 1
6610.5 7.10352e-15 1.64758e-16 1
6612 6.97752e-15 1.64758e-16 1
6613.5 6.58708e-15 1.64758e-16 1
6615 6.33166e-15 1.64758e-16 1
6616.5 6.34813e-15 1.64758e-16 1
6618 6.34322e-15 1.64758e-16 1
6619.5 6.4148e-15 1.64758e-16 1
6621 6.23652e-15 1.2565e-16 1
6622.5 6.07275e-15 1.2565e-16 1
6624 5.79798e-15 1.2565e-16 1
6625.5 5.5601e-15 1.2565e-16 1
6627 5.73361e-15 1.2565e-16 1
6628.5 5.73839e-15 1.2565e-16 1
6630 5.55497e-15 1.2565e-16 1
6631.5 5.82161e-15 1.2565e-16 1
6633 5.70499e-15 1.2565e-16 1
6634.5 5.33636e-15 1.2565e-16 1
6636 5.33865e-15 1.2565e-16 1
6637.5 5.12106e-15 1.2565e-16 1
6639 5.31156e-15 1.2565e-16 1
6640.5 5.0737e-15 1.2565e-16 1
6642 5.06648e-15 1.2565e-16 1
6643.5 5.02948e-15 1.2565e-16 1
6645 5.02538e-15 1.2565e-16 1
6646.5 4.86653e-15 1.2565e-16 1
6648 4.65566e-15 1.2565e-16 1
6649.5 4.64581e-15 1.2565e-16 1
6651 4.66358e-15 1.2565e-16 1
6652.5 4.8143e-15 1.2565e-16 1
6654 4.75635e-15 1.2565e-16 1
6655.5 4.72307e-15 1.2565e-16 1
6657 4.61972e-15 1.2565e-16 1
6658.5 4.51316e-15 1.2565e-16 1
6660 4.4691e-15 1.2565e-16 1
6661.5 4.33899e-15 1.2565e-16 1
6663 4.04379e-15 1.2565e-16 1
6664.5 3.92486e-15 1.2565e-16 1
6666 3.989e-15 1.2565e-16 1
6667.5 4.0684e-15 1.2565e-16 1
6669 4.03584e-15 1.2565e-16 1
6670.5 4.05705e-15 1.2565e-16 1
6672 4.0769e-15 1.2565e-16 1
6673.5 4.00447e-15 1.2565e-16 1
6675 3.93046e-15 1.2565e-16 1
6676.5 3.90895e-15 1.2565e-16 1
6678 3.74891e-15 1.2565e-16 1
6679.5 3.51282e-15 1.2565e-16 1
6681 3.52294e-15 1.2565e-16 1
6682.5 3.5589e-15 1.2565e-16 1
6684 3.58803e-15 1.2565e-16 1
6685.5 3.61815e-15 1.2565e-16 1
6687 3.44919e-15 1.2565e-16 1
6688.5 3.25931e-15 1.2565e-16 1
6690 3.37374e-15 1.2565e-16 1
6691.5 3.52107e-15 1.2565e-16 1
6693 3.45911e-15 1.2565e-16 1
6694.5 3.46161e-15 1.2565e-16 1
6696 3.46288e-15 1.2565e-16 1
6697.5 3.43043e-15 1.2565e-16 1
6699 3.48945e-15 1.2565e-16 1
6700.5 3.31685e-15 1.2565e-16 1
6702 3.10997e-15 1.2565e-16 1
6703.5 3.24453e-15 1.2565e-16 1
6705 3.195e-15 1.2565e-16 1
6706.5 3.14064e-15 1.2565e-16 1
6708 3.09707e-15 1.2565e-16 1
6709.5 3.12778e-15 1.2565e-16 1
6711 3.2267e-15 1.2565e-16 1
6712.5 3.18933e-15 1.2565e-16 1
6714 2.99778e-15 1.2565e-16 1
6715.5 2.95695e-15 1.2565e-16 1
6717 3.06424e-15 1.2565e-16 1
6718.5 2.93743e-15 1.2565e-16 1
6720 2.87073e-15 7.43068e-17 1
6721.5 2.88841e-15 7.43068e-17 1
6723 2.91799e-15 7.43068e-17 1
6724.5 2.96372e-15 7.43068e-17 1
6726 2.90081e-15 7.43068e-17 1
6727.5 2.7933e-15 7.43068e-17 1
6729 2.73624e-15 7.43068e-17 1
6730.5 2.8065e-15 7.43068e-17 1
6732 2.87162e-15 7.43068e-17 1
6733.5 2.81464e-15 7.43068e-17 1
6735 2.79043e-15 7.43068e-17 1
6736.5 2.76603e-15 7.43068e-17 1
6738 2.67331e-15 7.43068e-17 1
6739.5 2.77277e-15 7.43068e-17 1
6741 2.85199e-15 7.43068e-17 1
6742.5 2.77353e-15 7.43068e-17 1
6744 2.72891e-15 7.43068e-17 1
6745.5 2.66007e-15 7.43068e-17 1
6747 2.58939e-15 7.43068e-17 1
6748.5 2.5445e-15 7.43068e-17 1
6750 2.58545e-15 7.43068e-17 1
6751.5 2.65642e-15 7.43068e-17 1
6753 2.6802e-15 7.43068e-17 1
6754.5 2.66137e-15 7.43068e-17 1
6756 2.72452e-15 7.43068e-17 1
6757.5 2.75242e-15 7.43068e-17 1
6759 2.61118e-15 7.43068e-17 1
6760.5 2.62469e-15 7.43068e-17 1
6762 2.61803e-15 7.43068e-17 1
6763.5 2.49256e-15 7.43068e-17 1
6765 2.48607e-15 7.43068e-17 1
6766.5 2.60504e-15 7.43068e-17 1
6768 2.6051e-15 7.43068e-17 1
6769.5 2.73979e-15 7.43068e-17 1
6771 2.68705e-15 7.43068e-17 1
6772.5 2.47504e-15 7.43068e-17 1
6774 2.47879e-15 7.43068e-17 1
6775.5 2.36955e-15 7.43068e-17 1
6777 2.38958e-15 7.43068e-17 1
6778.5 2.54474e-15 7.43068e-17 1
6780 2.51963e-15 7.43068e-17 1
6781.5 2.42672e-15 7.43068e-17 1
6783 2.61124e-15 7.43068e-17 1
6784.5 2.51579e-15 7.43068e-17 1
6786 2.43199e-15 7.43068e-17 1
6787.5 2.50639e-15 7.43068e-17 1
6789 2.50532e-15 7.43068e-17 1
6790.5 2.56029e-15 7.43068e-17 1
6792 2.49349e-15 7.43068e-17 1
6793.5 2.48792e-15 7.43068e-17 1
6795 2.42981e-15 7.43068e-17 1
6796.5 2.52551e-15 7.43068e-17 1
6798 2.47023e-15 7.43068e-17 1
6799.5 2.40362e-15 7.43068e-17 1
6801 2.43148e-15 7.43068e-17 1
6802.5 2.42786e-15 7.43068e-17 1
6804 2.45471e-15 7.43068e-17 1
6805.5 2.45905e-15 7.43068e-17 1
6807 2.43881e-15 7.43068e-17 1
6808.5 2.40651e-15 7.43068e-17 1
6810 2.38398e-15 7.43068e-17 1
6811.5 2.51556e-15 7.43068e-17 1
6813 2.60116e-15 7.43068e-17 1
6814.5 2.52126e-15 7.43068e-17 1
6816 2.50134e-15 7.43068e-17 1
6817.5 2.50915e-15 7.43068e-17 1
6819 2.36518e-15 7.43068e-17 1
6820.5 2.26067e-15 1.03997e-16 1
6822 2.39986e-15 1.03997e-16 1
6823.5 2.5355e-15 1.03997e-16 1
6825 2.43928e-15 1.03997e-16 1
6826.5 2.45329e-15 1.03997e-16 1
6828 2.45855e-15 1.03997e-16 1
6829.5 2.3446e-15 1.03997e-16 1
6831 2.31515e-15 1.03997e-16 1
6832.5 2.29987e-15 1.03997e-16 1
6834 2.32601e-15 1.03997e-16 1
6835.5 2.45324e-15 1.03997e-16 1
6837 2.58727e-15 1.03997e-16 1
6838.5 2.5694e-15 1.03997e-16 1
6840 2.63793e-15 1.03997e-16 1
6841.5 2.58892e-15 1.03997e-16 1
6843 2.59678e-15 1.03997e-16 1
6844.5 2.7164e-15 1.03997e-16 1
6846 2.68634e-15 1.03997e-16 1
6847.5 2.51603e-15 1.03997e-16 1
6849 2.43138e-15 1.03997e-16 1
6850.5 2.50921e-15 1.03997e-16 1
6852 2.71953e-15 1.03997e-16 1
6853.5 2.71484e-15 1.03997e-16 1
6855 2.59513e-15 1.03997e-16 1
6856.5 2.46908e-15 1.03997e-16 1
6858 2.50843e-15 1.03997e-16 1
6859.5 2.59973e-15 1.03997e-16 1
6861 2.5885e-15 1.03997e-16 1
6862.5 2.57667e-15 1.03997e-16 1
6864 2.56485e-15 1.03997e-16 1
6865.5 2.55303e-15 1.03997e-16 1
6867 2.5412e-15 1.03997e-16 1
6868.5 2.52938e-15 1.03997e-16 1
6870 2.51755e-15 1.03997e-16 1
6871.5 2.50573e-15 1.03997e-16 1
6873 2.4939e-15 1.03997e-16 1
6874.5 2.48208e-15 1.03997e-16 1
6876 2.48208e-15 1.03997e-16 1
6877.5 2.48956e-15 1.03997e-16 1
6879 2.50037e-15 1.03997e-16 1
6880.5 2.65526e-15 1.03997e-16 1
6882 2.71572e-15 1.03997e-16 1
6883.5 2.82773e-15 1.03997e-16 1
6885 2.90628e-15 1.03997e-16 1
6886.5 2.88124e-15 1.03997e-16 1
6888 2.87055e-15 1.03997e-16 1
6889.5 2.85986e-15 1.03997e-16 1
6891 2.84917e-15 1.03997e-16 1
6892.5 2.83848e-15 1.03997e-16 1
6894 2.82779e-15 1.03997e-16 1
6895.5 2.82779e-15 1.03997e-16 1
6897 2.86444e-15 1.03997e-16 1
6898.5 2.92724e-15 1.03997e-16 1
6900 2.86851e-15 1.03997e-16 1
6901.5 2.80465e-15 1.03997e-16 1
6903 2.76406e-15 1.03997e-16 1
6904.5 2.74713e-15 1.03997e-16 1
6906 2.83991e-15 1.03997e-16 1
6907.5 2.98415e-15 1.03997e-16 1
6909 2.92407e-15 1.03997e-16 1
6910.5 2.92194e-15 1.03997e-16 1
6912 2.90518e-15 1.03997e-16 1
6913.5 3.01815e-15 1.03997e-16 1
6915 3.03954e-15 1.03997e-16 1
6916.5 3.02264e-15 1.03997e-16 1
6918 3.04747e-15 1.03997e-16 1
6919.5 3.15157e-15 1.03997e-16 1
6921 3.13305e-15 9.69323e-17 1
6922.5 3.15908e-15 9.69323e-17 1
6924 3.13323e-15 9.69323e-17 1
6925.5 3.12249e-15 9.69323e-17 1
6927 3.11215e-15 9.69323e-17 1
6928.5 3.17931e-15 9.69323e-17 1
6930 3.36781e-15 9.69323e-17 1
6931.5 3.30885e-15 9.69323e-17 1
6933 3.12246e-15 9.69323e-17 1
6934.5 3.17238e-15 9.69323e-17 1
6936 3.24641e-15 9.69323e-17 1
6937.5 3.16188e-15 9.69323e-17 1
6939 3.24402e-15 9.69323e-17 1
6940.5 3.28024e-15 9.69323e-17 1
6942 3.30591e-15 9.69323e-17 1
6943.5 3.2506e-15 9.69323e-17 1
6945 3.26823e-15 9.69323e-17 1
6946.5 3.1576e-15 9.69323e-17 1
6948 3.08105e-15 9.69323e-17 1
6949.5 3.16225e-15 9.69323e-17 1
6951 3.25249e-15 9.69323e-17 1
6952.5 3.29052e-15 9.69323e-17 1
6954 3.15425e-15 9.69323e-17 1
6955.5 3.17933e-15 9.69323e-17 1
6957 3.41278e-15 9.69323e-17 1
6958.5 3.3759e-15 9.69323e-17 1
6960 3.23803e-15 9.69323e-17 1
6961.5 3.22946e-15 9.69323e-17 1
6963 3.25323e-15 9.69323e-17 1
6964.5 3.24105e-15 9.69323e-17 1
6966 3.09122e-15 9.69323e-17 1
6967.5 3.13495e-15 9.69323e-17 1
6969 3.28969e-15 9.69323e-17 1
6970.5 3.27771e-15 9.69323e-17 1
6972 3.21252e-15 9.69323e-17 1
6973.5 3.17914e-15 9.69323e-17 1
6975 3.15225e-15 9.69323e-17 1
6976.5 3.20532e-15 9.69323e-17 1
6978 3.24727e-15 9.69323e-17 1
6979.5 3.20212e-15 9.69323e-17 1
6981 3.2334e-15 9.69323e-17 1
6982.5 3.47709e-15 9.69323e-17 1
6984 3.40274e-15 9.69323e-17 1
6985.5 3.0194e-15 9.69323e-17 1
6987 3.21417e-15 9.69323e-17 1
6988.5 3.20012e-15 9.69323e-17 1
6990 3.09642e-15 9.69323e-17 1
6991.5 3.20532e-15 9.69323e-17 1
6993 3.18893e-15 9.69323e-17 1
6994.5 3.18627e-15 9.69323e-17 1
6996 3.21042e-15 9.69323e-17 1
6997.5 3.11466e-15 9.69323e-17 1
6999 3.06139e-15 9.69323e-17 1
7000.5 3.12246e-15 9.69323e-17 1
7002 3.16644e-15 9.69323e-17 1
7003.5 3.22678e-15 9.69323e-17 1
7005 3.22643e-15 9.69323e-17 1
7006.5 2.99887e-15 9.69323e-17 1
7008 2.83215e-15 9.69323e-17 1
7009.5 3.10285e-15 9.69323e-17 1
7011 3.07452e-15 9.69323e-17 1
7012.5 3.11645e-15 9.69323e-17 1
7014 3.22795e-15 9.69323e-17 1
7015.5 3.10627e-15 9.69323e-17 1
7017 3.08853e-15 9.69323e-17 1
7018.5 3.15761e-15 9.69323e-17 1
7020 3.18063e-15 8.79506e-17 1
7021.5 3.1209e-15 8.79506e-17 1
7023 3.14711e-15 8.79506e-17 1
7024.5 3.29602e-15 8.79506e-17 1
7026 3.31668e-15 8.79506e-17 1
7027.5 3.19546e-15 8.79506e-17 1
7029 3.18059e-15 8.79506e-17 1
7030.5 3.19633e-15 8.79506e-17 1
7032 3.27727e-15 8.79506e-17 1
7033.5 3.35196e-15 8.79506e-17 1
7035 3.36144e-15 8.79506e-17 1
7036.5 3.39107e-15 8.79506e-17 1
7038 3.43195e-15 8.79506e-17 1
7039.5 3.46716e-15 8.79506e-17 1
7041 3.40996e-15 8.79506e-17 1
7042.5 3.33655e-15 8.79506e-17 1
7044 3.34706e-15 8.79506e-17 1
7045.5 3.36262e-15 8.79506e-17 1
7047 3.43908e-15 8.79506e-17 1
7048.5 3.52376e-15 8.79506e-17 1
7050 3.5182e-15 8.79506e-17 1
7051.5 3.45607e-15 8.79506e-17 1
7053 3.42592e-15 8.79506e-17 1
7054.5 3.31054e-15 8.79506e-17 1
7056 3.39657e-15 8.79506e-17 1
7057.5 3.32599e-15 8.79506e-17 1
7059 3.30835e-15 8.79506e-17 1
7060.5 3.42459e-15 8.79506e-17 1
7062 3.3783e-15 8.79506e-17 1
7063.5 3.46698e-15 8.79506e-17 1
7065 3.61798e-15 8.79506e-17 1
7066.5 3.63595e-15 8.79506e-17 1
7068 3.65984e-15 8.79506e-17 1
7069.5 3.3873e-15 8.79506e-17 1
7071 3.49903e-15 8.79506e-17 1
7072.5 3.66625e-15 8.79506e-17 1
7074 3.59852e-15 8.79506e-17 1
7075.5 3.52929e-15 8.79506e-17 1
7077 3.37538e-15 8.79506e-17 1
7078.5 3.43986e-15 8.79506e-17 1
7080 3.60213e-15 8.79506e-17 1
7081.5 3.69699e-15 8.79506e-17 1
7083 3.71933e-15 8.79506e-17 1
7084.5 3.80391e-15 8.79506e-17 1
7086 3.65615e-15 8.79506e-17 1
7087.5 3.7914e-15 8.79506e-17 1
7089 3.72276e-15 8.79506e-17 1
7090.5 3.58894e-15 8.79506e-17 1
7092 3.60135e-15 8.79506e-17 1
7093.5 3.6704e-15 8.79506e-17 1
7095 3.76336e-15 8.79506e-17 1
7096.5 3.81313e-15 8.79506e-17 1
7098 3.80672e-15 8.79506e-17 1
7099.5 3.76773e-15 8.79506e-17 1
7101 3.83927e-15 8.79506e-17 1
7102.5 3.87717e-15 8.79506e-17 1
7104 3.87911e-15 8.79506e-17 1
7105.5 3.88179e-15 8.79506e-17 1
7107 3.88962e-15 8.79506e-17 1
7108.5 3.84274e-15 8.79506e-17 1
7110 3.80337e-15 8.79506e-17 1
7111.5 3.81293e-15 8.79506e-17 1
7113 3.92518e-15 8.79506e-17 1
7114.5 4.042e-15 8.79506e-17 1
7116 4.02158e-15 8.79506e-17 1
7117.5 4.15754e-15 8.79506e-17 1
7119 4.11304e-15 8.79506e-17 1
7120.5 4.09362e-15 1.54805e-16 1
7122 4.20816e-15 1.54805e-16 1
7123.5 4.15079e-15 1.54805e-16 1
7125 4.2259e-15 1.54805e-16 1
7126.5 4.21627e-15 1.54805e-16 1
7128 4.12692e-15 1.54805e-16 1
7129.5 4.25723e-15 1.54805e-16 1
7131 4.28197e-15 1.54805e-16 1
7132.5 4.33255e-15 1.54805e-16 1
7134 4.16759e-15 1.54805e-16 1
7135.5 4.27732e-15 1.54805e-16 1
7137 4.36576e-15 1.54805e-16 1
7138.5 4.28651e-15 1.54805e-16 1
7140 4.364e-15 1.54805e-16 1
7141.5 4.27039e-15 1.54805e-16 1
7143 4.44933e-15 1.54805e-16 1
7144.5 4.29584e-15 1.54805e-16 1
7146 4.10389e-15 1.54805e-16 1
7147.5 4.29651e-15 1.54805e-16 1
7149 4.39478e-15 1.54805e-16 1
7150.5 4.22672e-15 1.54805e-16 1
7152 4.17982e-15 1.54805e-16 1
7153.5 4.18961e-15 1.54805e-16 1
7155 4.39277e-15 1.54805e-16 1
7156.5 4.60771e-15 1.54805e-16 1
7158 4.51545e-15 1.54805e-16 1
7159.5 4.3363e-15 1.54805e-16 1
7161 4.36547e-15 1.54805e-16 1
7162.5 4.52348e-15 1.54805e-16 1
7164 4.77716e-15 1.54805e-16 1
7165.5 4.80257e-15 1.54805e-16 1
7167 4.59327e-15 1.54805e-16 1
7168.5 4.57839e-15 1.54805e-16 1
7170 4.61873e-15 1.54805e-16 1
7171.5 4.71989e-15 1.54805e-16 1
7173 4.73151e-15 1.54805e-16 1
7174.5 4.79604e-15 1.54805e-16 1
7176 4.86058e-15 1.54805e-16 1
7177.5 4.92511e-15 1.54805e-16 1
7179 4.92511e-15 1.54805e-16 1
7180.5 4.96192e-15 1.54805e-16 1
7182 5.0137e-15 1.54805e-16 1
7183.5 5.1058e-15 1.54805e-16 1
7185 4.96474e-15 1.54805e-16 1
7186.5 4.58866e-15 1.54805e-16 1
7188 4.56474e-15 1.54805e-16 1
7189.5 4.86154e-15 1.54805e-16 1
7191 4.99025e-15 1.54805e-16 1
7192.5 4.90064e-15 1.54805e-16 1
7194 4.89157e-15 1.54805e-16 1
7195.5 5.07204e-15 1.54805e-16 1
7197 5.27805e-15 1.54805e-16 1
7198.5 5.2387e-15 1.54805e-16 1
7200 5.1091e-15 1.54805e-16 1
7201.5 4.92149e-15 1.54805e-16 1
7203 4.80483e-15 1.54805e-16 1
7204.5 4.93521e-15 1.54805e-16 1
7206 4.93434e-15 1.54805e-16 1
7207.5 4.88274e-15 1.54805e-16 1
7209 4.86482e-15 1.54805e-16 1
7210.5 4.86035e-15 1.54805e-16 1
7212 4.98438e-15 1.54805e-16 1
7213.5 5.16817e-15 1.54805e-16 1
7215 5.1308e-15 1.54805e-16 1
7216.5 5.03654e-15 1.54805e-16 1
7218 5.02877e-15 1.54805e-16 1
7219.5 5.01571e-15 1.54805e-16 1
7221 5.21847e-15 1.82048e-16 1
7222.5 5.44828e-15 1.82048e-16 1
7224 5.32461e-15 1.82048e-16 1
7225.5 5.26999e-15 1.82048e-16 1
7227 5.44388e-15 1.82048e-16 1
7228.5 5.46515e-15 1.82048e-16 1
7230 5.42549e-15 1.82048e-16 1
7231.5 5.60923e-15 1.82048e-16 1
7233 5.41948e-15 1.82048e-16 1
7234.5 5.10208e-15 1.82048e-16 1
7236 5.14416e-15 1.82048e-16 1
7237.5 5.38128e-15 1.82048e-16 1
7239 5.66845e-15 1.82048e-16 1
7240.5 5.63713e-15 1.82048e-16 1
7242 5.3253e-15 1.82048e-16 1
7243.5 5.07554e-15 1.82048e-16 1
7245 5.00194e-15 1.82048e-16 1
7246.5 5.21652e-15 1.82048e-16 1
7248 5.61543e-15 1.82048e-16 1
7249.5 5.76924e-15 1.82048e-16 1
7251 5.67731e-15 1.82048e-16 1
7252.5 5.48281e-15 1.82048e-16 1
7254 5.47323e-15 1.82048e-16 1
7255.5 5.44871e-15 1.82048e-16 1
7257 5.40873e-15 1.82048e-16 1
7258.5 5.69802e-15 1.82048e-16 1
7260 5.9301e-15 1.82048e-16 1
7261.5 5.80703e-15 1.82048e-16 1
7263 5.67705e-15 1.82048e-16 1
7264.5 5.54858e-15 1.82048e-16 1
7266 5.49159e-15 1.82048e-16 1
7267.5 5.52203e-15 1.82048e-16 1
7269 5.57919e-15 1.82048e-16 1
7270.5 5.63294e-15 1.82048e-16 1
7272 5.344e-15 1.82048e-16 1
7273.5 5.22965e-15 1.82048e-16 1
7275 5.35528e-15 1.82048e-16 1
7276.5 5.25062e-15 1.82048e-16 1
7278 5.12383e-15 1.82048e-16 1
7279.5 5.07226e-15 1.82048e-16 1
7281 5.16642e-15 1.82048e-16 1
7282.5 5.02843e-15 1.82048e-16 1
7284 4.95194e-15 1.82048e-16 1
7285.5 5.29158e-15 1.82048e-16 1
7287 5.21313e-15 1.82048e-16 1
7288.5 5.10002e-15 1.82048e-16 1
7290 5.0884e-15 1.82048e-16 1
7291.5 4.84508e-15 1.82048e-16 1
7293 4.64547e-15 1.82048e-16 1
7294.5 4.68683e-15 1.82048e-16 1
7296 4.82906e-15 1.82048e-16 1
7297.5 4.86623e-15 1.82048e-16 1
7299 4.98092e-15 1.82048e-16 1
7300.5 4.95403e-15 1.82048e-16 1
7302 4.67044e-15 1.82048e-16 1
7303.5 4.50439e-15 1.82048e-16 1
7305 4.44761e-15 1.82048e-16 1
7306.5 4.59789e-15 1.82048e-16 1
7308 4.90604e-15 1.82048e-16 1
7309.5 4.83849e-15 1.82048e-16 1
7311 4.70795e-15 1.82048e-16 1
7312.5 4.74418e-15 1.82048e-16 1
7314 4.57335e-15 1.82048e-16 1
7315.5 4.55714e-15 1.82048e-16 1
7317 4.63956e-15 1.82048e-16 1
7318.5 4.58082e-15 1.82048e-16 1
7320 4.48864e-15 1.17847e-16 1
7321.5 4.4433e-15 1.17847e-16 1
7323 4.61534e-15 1.17847e-16 1
7324.5 4.64741e-15 1.17847e-16 1
7326 4.59183e-15 1.17847e-16 1
7327.5 4.60991e-15 1.17847e-16 1
7329 4.65872e-15 1.17847e-16 1
7330.5 4.72282e-15 1.17847e-16 1
7332 4.74749e-15 1.17847e-16 1
7333.5 4.64355e-15 1.17847e-16 1
7335 4.52956e-15 1.17847e-16 1
7336.5 4.54845e-15 1.17847e-16 1
7338 4.59775e-15 1.17847e-16 1
7339.5 4.62237e-15 1.17847e-16 1
7341 4.51013e-15 1.17847e-16 1
7342.5 4.50068e-15 1.17847e-16 1
7344 4.68575e-15 1.17847e-16 1
7345.5 4.62959e-15 1.17847e-16 1
7347 4.52642e-15 1.17847e-16 1
7348.5 4.43952e-15 1.17847e-16 1
7350 4.59353e-15 1.17847e-16 1
7351.5 4.59674e-15 1.17847e-16 1
7353 4.55425e-15 1.17847e-16 1
7354.5 4.62882e-15 1.17847e-16 1
7356 4.5725e-15 1.17847e-16 1
7357.5 4.54153e-15 1.17847e-16 1
7359 4.66198e-15 1.17847e-16 1
7360.5 4.67652e-15 1.17847e-16 1
7362 4.65131e-15 1.17847e-16 1
7363.5 4.55541e-15 1.17847e-16 1
7365 4.66757e-15 1.17847e-16 1
7366.5 4.73142e-15 1.17847e-16 1
7368 4.74988e-15 1.17847e-16 1
7369.5 4.68812e-15 1.17847e-16 1
7371 4.68505e-15 1.17847e-16 1
7372.5 4.78388e-15 1.17847e-16 1
7374 4.88801e-15 1.17847e-16 1
7375.5 4.99381e-15 1.17847e-16 1
7377 4.70519e-15 1.17847e-16 1
7378.5 4.60815e-15 1.17847e-16 1
7380 4.68951e-15 1.17847e-16 1
7381.5 4.70589e-15 1.17847e-16 1
7383 4.84608e-15 1.17847e-16 1
7384.5 4.9239e-15 1.17847e-16 1
7386 4.77191e-15 1.17847e-16 1
7387.5 4.83959e-15 1.17847e-16 1
7389 4.94713e-15 1.17847e-16 1
7390.5 4.80371e-15 1.17847e-16 1
7392 4.98484e-15 1.17847e-16 1
7393.5 5.23207e-15 1.17847e-16 1
7395 5.10138e-15 1.17847e-16 1
7396.5 4.88587e-15 1.17847e-16 1
7398 4.92396e-15 1.17847e-16 1
7399.5 4.95741e-15 1.17847e-16 1
7401 5.09455e-15 1.17847e-16 1
7402.5 5.36116e-15 1.17847e-16 1
7404 5.43224e-15 1.17847e-16 1
7405.5 5.33937e-15 1.17847e-16 1
7407 5.33843e-15 1.17847e-16 1
7408.5 5.20223e-15 1.17847e-16 1
7410 5.12189e-15 1.17847e-16 1
7411.5 5.01787e-15 1.17847e-16 1
7413 5.02226e-15 1.17847e-16 1
7414.5 5.11139e-15 1.17847e-16 1
7416 4.95676e-15 1.17847e-16 1
7417.5 5.07315e-15 1.17847e-16 1
7419 5.14758e-15 1.17847e-16 1
7420.5 5.16557e-15 9.60786e-17 1
7422 5.28115e-15 9.60786e-17 1
7423.5 5.23507e-15 9.60786e-17 1
7425 5.12779e-15 9.60786e-17 1
7426.5 5.02116e-15 9.60786e-17 1
7428 5.01536e-15 9.60786e-17 1
7429.5 5.16059e-15 9.60786e-17 1
7431 5.25041e-15 9.60786e-17 1
7432.5 5.20627e-15 9.60786e-17 1
7434 5.2947e-15 9.60786e-17 1
7435.5 5.39261e-15 9.60786e-17 1
7437 5.42888e-15 9.60786e-17 1
7438.5 5.2737e-15 9.60786e-17 1
7440 5.20414e-15 9.60786e-17 1
7441.5 5.21546e-15 9.60786e-17 1
7443 5.22058e-15 9.60786e-17 1
7444.5 5.32358e-15 9.60786e-17 1
7446 5.3681e-15 9.60786e-17 1
7447.5 5.22551e-15 9.60786e-17 1
7449 5.10037e-15 9.60786e-17 1
7450.5 5.31682e-15 9.60786e-17 1
7452 5.28027e-15 9.60786e-17 1
7453.5 5.23152e-15 9.60786e-17 1
7455 5.1108e-15 9.60786e-17 1
7456.5 5.0664e-15 9.60786e-17 1
7458 5.15077e-15 9.60786e-17 1
7459.5 5.2245e-15 9.60786e-17 1
7461 5.20723e-15 9.60786e-17 1
7462.5 5.25133e-15 9.60786e-17 1
7464 5.17918e-15 9.60786e-17 1
7465.5 5.11742e-15 9.60786e-17 1
7467 5.26974e-15 9.60786e-17 1
7468.5 5.23134e-15 9.60786e-17 1
7470 5.1158e-15 9.60786e-17 1
7471.5 5.08618e-15 9.60786e-17 1
7473 4.92309e-15 9.60786e-17 1
7474.5 4.80301e-15 9.60786e-17 1
7476 4.84827e-15 9.60786e-17 1
7477.5 4.80259e-15 9.60786e-17 1
7479 4.80045e-15 9.60786e-17 1
7480.5 4.78107e-15 9.60786e-17 1
7482 4.78656e-15 9.60786e-17 1
7483.5 4.88425e-15 9.60786e-17 1
7485 4.79119e-15 9.60786e-17 1
7486.5 4.61417e-15 9.60786e-17 1
7488 4.62473e-15 9.60786e-17 1
7489.5 4.66999e-15 9.60786e-17 1
7491 4.4593e-15 9.60786e-17 1
7492.5 4.58441e-15 9.60786e-17 1
7494 4.71893e-15 9.60786e-17 1
7495.5 4.41533e-15 9.60786e-17 1
7497 4.39361e-15 9.60786e-17 1
7498.5 4.49378e-15 9.60786e-17 1
7500 4.40489e-15 9.60786e-17 1
7501.5 4.39883e-15 9.60786e-17 1
7503 4.4162e-15 9.60786e-17 1
7504.5 4.19374e-15 9.60786e-17 1
7506 4.31726e-15 9.60786e-17 1
7507.5 4.23247e-15 9.60786e-17 1
7509 4.16043e-15 9.60786e-17 1
7510.5 4.17687e-15 9.60786e-17 1
7512 4.30133e-15 9.60786e-17 1
7513.5 4.07352e-15 9.60786e-17 1
7515 4.05685e-15 9.60786e-17 1
7516.5 4.04827e-15 9.60786e-17 1
7518 4.01054e-15 9.60786e-17 1
7519.5 4.11206e-15 9.60786e-17 1
7521 4.10893e-15 9.60786e-17 1
7522.5 4.0384e-15 9.60786e-17 1
7524 3.89427e-15 9.60786e-17 1
7525.5 3.87387e-15 9.60786e-17 1
7527 3.80831e-15 9.60786e-17 1
7528.5 3.87202e-15 9.60786e-17 1
7530 3.94836e-15 9.60786e-17 1
7531.5 3.8091e-15 9.60786e-17 1
7533 3.74511e-15 9.60786e-17 1
7534.5 3.65208e-15 9.60786e-17 1
7536 3.66604e-15 9.60786e-17 1
7537.5 3.70663e-15 9.60786e-17 1
7539 3.66864e-15 9.60786e-17 1
7540.5 3.28443e-15 9.60786e-17 1
