# converted by J. Guy, 2010-10-18
# downloaded from www.cfa.harvard.edu/supernova//SNarchive.html
# from  Kirshner et al. 1993ApJ...415..589K
@Redshift 0.006261
@FORMAT STD
@Date 48646.5
@SELECTED_FOR_SNLS3_TRAINING 1
@SN sn1992a
@SURVEY CFA_LOWZ_SPEC
@Source CFA
#WAVE : wavelength, observer frame, in A
#FLUX : erg/s/cm2/A
#ERR  : statistical uncertainty on flux
#VALID : 1=ok 0=ignore
#end
3376.73 1.713e-14 4.4408e-16 0
3384.94 1.89803e-14 4.4408e-16 0
3393.16 1.96655e-14 4.4408e-16 0
3401.38 1.97433e-14 4.4408e-16 1
3409.6 2.03602e-14 4.4408e-16 1
3417.83 1.9679e-14 4.4408e-16 1
3426.04 2.02444e-14 4.4408e-16 1
3434.26 2.0986e-14 4.4408e-16 1
3442.47 2.10578e-14 4.4408e-16 1
3450.69 2.12074e-14 4.4408e-16 1
3458.91 2.09627e-14 4.4408e-16 1
3467.12 2.19223e-14 4.4408e-16 1
3475.34 2.36537e-14 4.4408e-16 1
3483.56 2.4396e-14 7.06873e-16 1
3491.79 2.56308e-14 7.06873e-16 1
3500.01 2.70182e-14 7.06873e-16 1
3508.22 2.97763e-14 7.06873e-16 1
3516.44 3.03485e-14 7.06873e-16 1
3524.66 3.28201e-14 7.06873e-16 1
3532.88 3.26695e-14 7.06873e-16 1
3541.08 3.26466e-14 7.06873e-16 1
3549.3 3.52009e-14 7.06873e-16 1
3557.53 3.61574e-14 7.06873e-16 1
3565.75 3.56806e-14 7.06873e-16 1
3573.97 3.62492e-14 7.06873e-16 1
3582.18 3.51805e-14 1.78069e-15 1
3590.4 3.52248e-14 1.78069e-15 1
3598.62 3.41466e-14 1.78069e-15 1
3606.84 3.36254e-14 1.78069e-15 1
3615.06 3.4254e-14 1.78069e-15 1
3623.27 3.62759e-14 1.78069e-15 1
3631.49 4.00368e-14 1.78069e-15 1
3639.71 4.16435e-14 1.78069e-15 1
3647.93 4.34251e-14 1.78069e-15 1
3656.15 4.44307e-14 1.78069e-15 1
3664.36 3.93394e-14 1.78069e-15 1
3672.58 3.61701e-14 1.78069e-15 1
3680.8 3.43135e-14 1.44514e-15 1
3689.02 3.14238e-14 1.44514e-15 1
3697.24 2.96282e-14 1.44514e-15 1
3705.46 2.83553e-14 1.44514e-15 1
3713.68 2.7938e-14 1.44514e-15 1
3721.9 2.67283e-14 1.44514e-15 1
3730.11 2.62197e-14 1.44514e-15 1
3738.33 2.40709e-14 1.44514e-15 1
3746.54 2.33923e-14 1.44514e-15 1
3754.76 2.16231e-14 1.44514e-15 1
3762.98 2.19966e-14 1.44514e-15 1
3771.2 2.21696e-14 1.44514e-15 1
3779.43 2.1913e-14 6.99357e-16 1
3787.64 2.31369e-14 6.99357e-16 1
3795.86 2.47251e-14 6.99357e-16 1
3804.08 2.62057e-14 6.99357e-16 1
3812.3 2.90404e-14 6.99357e-16 1
3820.51 3.101e-14 6.99357e-16 1
3828.72 3.34997e-14 6.99357e-16 1
3836.94 3.92547e-14 6.99357e-16 1
3845.16 4.23217e-14 6.99357e-16 1
3853.39 4.55531e-14 6.99357e-16 1
3861.61 5.0314e-14 6.99357e-16 1
3869.82 5.52279e-14 6.99357e-16 1
3878.04 5.89077e-14 1.29243e-15 1
3886.26 6.2139e-14 1.29243e-15 1
3894.48 6.44953e-14 1.29243e-15 1
3902.7 6.57196e-14 1.29243e-15 1
3910.91 6.75202e-14 1.29243e-15 1
3919.12 6.94876e-14 1.29243e-15 1
3927.35 6.76884e-14 1.29243e-15 1
3935.57 6.61465e-14 1.29243e-15 1
3943.79 6.22432e-14 1.29243e-15 1
3952 6.05707e-14 1.29243e-15 1
3960.22 5.56307e-14 1.29243e-15 1
3968.44 5.10362e-14 1.29243e-15 1
3976.66 4.87136e-14 1.29243e-15 1
3984.87 4.63781e-14 1.405e-15 1
3993.1 4.52573e-14 1.405e-15 1
4001.32 4.54829e-14 1.405e-15 1
4009.53 4.59634e-14 1.405e-15 1
4017.75 4.87056e-14 1.405e-15 1
4025.96 5.01209e-14 1.405e-15 1
4034.18 5.17289e-14 1.405e-15 1
4042.4 5.38168e-14 1.405e-15 1
4050.62 5.66334e-14 1.405e-15 1
4058.84 5.82347e-14 1.405e-15 1
4067.06 5.6922e-14 1.405e-15 1
4075.28 5.79047e-14 1.405e-15 1
4083.5 5.78718e-14 1.13713e-15 1
4091.72 5.84853e-14 1.13713e-15 1
4099.94 6.04612e-14 1.13713e-15 1
4108.14 5.68511e-14 1.13713e-15 1
4116.36 5.92098e-14 1.13713e-15 1
4124.58 5.97637e-14 1.13713e-15 1
4132.8 5.76183e-14 1.13713e-15 1
4141.03 6.03609e-14 1.13713e-15 1
4149.24 5.97501e-14 1.13713e-15 1
4157.46 6.11832e-14 1.13713e-15 1
4165.68 6.01489e-14 1.13713e-15 1
4173.9 6.13804e-14 1.13713e-15 1
4182.12 5.91013e-14 1.01215e-15 1
4190.33 6.01993e-14 1.01215e-15 1
4198.54 5.91303e-14 1.01215e-15 1
4206.76 5.75284e-14 1.01215e-15 1
4214.99 5.62081e-14 1.01215e-15 1
4223.21 5.45742e-14 1.01215e-15 1
4231.42 5.3034e-14 1.01215e-15 1
4239.64 5.19947e-14 1.01215e-15 1
4247.86 5.04006e-14 1.01215e-15 1
4256.08 4.93605e-14 1.01215e-15 1
4264.3 4.58628e-14 1.01215e-15 1
4272.51 4.32654e-14 1.01215e-15 1
4280.73 4.04079e-14 8.51081e-16 1
4288.96 3.80424e-14 8.51081e-16 1
4297.17 3.62612e-14 8.51081e-16 1
4305.39 3.52241e-14 8.51081e-16 1
4313.6 3.52193e-14 8.51081e-16 1
4321.82 3.49492e-14 8.51081e-16 1
4330.04 3.46809e-14 8.51081e-16 1
4338.26 3.48508e-14 8.51081e-16 1
4346.48 3.436e-14 8.51081e-16 1
4354.7 3.41816e-14 8.51081e-16 1
4362.92 3.36396e-14 8.51081e-16 1
4371.14 3.32989e-14 8.51081e-16 1
4379.36 3.36073e-14 5.15932e-16 1
4387.57 3.35239e-14 5.15932e-16 1
4395.78 3.41645e-14 5.15932e-16 1
4404 3.49641e-14 5.15932e-16 1
4412.22 3.62886e-14 5.15932e-16 1
4420.44 3.7239e-14 5.15932e-16 1
4428.66 3.93098e-14 5.15932e-16 1
4436.88 4.13303e-14 5.15932e-16 1
4445.1 4.22841e-14 5.15932e-16 1
4453.32 4.32159e-14 5.15932e-16 1
4461.54 4.57332e-14 5.15932e-16 1
4469.75 4.65113e-14 5.15932e-16 1
4477.96 4.86542e-14 6.18153e-16 1
4486.18 5.09208e-14 6.18153e-16 1
4494.4 5.1547e-14 6.18153e-16 1
4502.63 5.46635e-14 6.18153e-16 1
4510.84 5.54744e-14 6.18153e-16 1
4519.06 5.73477e-14 6.18153e-16 1
4527.28 5.84438e-14 6.18153e-16 1
4535.5 5.93562e-14 6.18153e-16 1
4543.72 5.97902e-14 6.18153e-16 1
4551.93 5.92885e-14 6.18153e-16 1
4560.15 5.90567e-14 6.18153e-16 1
4568.37 5.97511e-14 6.18153e-16 1
4576.59 5.90126e-14 6.18153e-16 1
4584.81 5.86106e-14 9.92514e-16 1
4593.02 5.80982e-14 9.92514e-16 1
4601.24 5.83101e-14 9.92514e-16 1
4609.46 5.69827e-14 9.92514e-16 1
4617.68 5.58461e-14 9.92514e-16 1
4625.9 5.43367e-14 9.92514e-16 1
4634.11 5.17573e-14 9.92514e-16 1
4642.33 4.93038e-14 9.92514e-16 1
4650.56 4.69531e-14 9.92514e-16 1
4658.78 4.50813e-14 9.92514e-16 1
4666.99 4.35064e-14 9.92514e-16 1
4675.2 4.28531e-14 9.92514e-16 1
4683.42 4.14325e-14 6.99799e-16 1
4691.64 4.10237e-14 6.99799e-16 1
4699.86 3.92948e-14 6.99799e-16 1
4708.08 3.88501e-14 6.99799e-16 1
4716.29 3.81285e-14 6.99799e-16 1
4724.52 3.65529e-14 6.99799e-16 1
4732.74 3.45027e-14 6.99799e-16 1
4740.96 3.3366e-14 6.99799e-16 1
4749.18 3.31786e-14 6.99799e-16 1
4757.39 3.34485e-14 6.99799e-16 1
4765.6 3.36159e-14 6.99799e-16 1
4773.82 3.42901e-14 6.99799e-16 1
4782.04 3.38221e-14 6.28191e-16 1
4790.27 3.3391e-14 6.28191e-16 1
4798.48 3.3102e-14 6.28191e-16 1
4806.7 3.2766e-14 6.28191e-16 1
4814.92 3.05644e-14 6.28191e-16 1
4823.14 2.9612e-14 6.28191e-16 1
4831.36 2.8931e-14 6.28191e-16 1
4839.57 2.755e-14 6.28191e-16 1
4847.79 2.66929e-14 6.28191e-16 1
4856 2.65028e-14 6.28191e-16 1
4864.23 2.6822e-14 6.28191e-16 1
4872.45 2.78527e-14 6.28191e-16 1
4880.66 2.8803e-14 1.33384e-15 1
4888.88 2.99988e-14 1.33384e-15 1
4897.1 3.20494e-14 1.33384e-15 1
4905.32 3.3776e-14 1.33384e-15 1
4913.53 3.58928e-14 1.33384e-15 1
4921.75 3.65455e-14 1.33384e-15 1
4929.97 3.67855e-14 1.33384e-15 1
4938.2 3.60793e-14 1.33384e-15 1
4946.42 3.53692e-14 1.33384e-15 1
4954.62 3.43714e-14 1.33384e-15 1
4962.84 3.22151e-14 1.33384e-15 1
4971.06 3.14997e-14 1.33384e-15 1
4979.28 3.16932e-14 6.92722e-16 1
4987.5 3.09642e-14 6.92722e-16 1
4995.71 3.08962e-14 6.92722e-16 1
5003.93 3.16633e-14 6.92722e-16 1
5012.16 3.26568e-14 6.92722e-16 1
5020.38 3.27984e-14 6.92722e-16 1
5028.6 3.3151e-14 6.92722e-16 1
5036.81 3.32095e-14 6.92722e-16 1
5045.02 3.40459e-14 6.92722e-16 1
5053.24 3.51786e-14 6.92722e-16 1
5061.46 3.56259e-14 6.92722e-16 1
5069.68 3.54753e-14 6.92722e-16 1
5077.89 3.68208e-14 6.44825e-16 1
5086.12 3.7445e-14 6.44825e-16 1
5094.34 3.78078e-14 6.44825e-16 1
5102.56 3.80318e-14 6.44825e-16 1
5110.78 3.88348e-14 6.44825e-16 1
5118.99 3.98267e-14 6.44825e-16 1
5127.21 4.01811e-14 6.44825e-16 1
5135.43 4.17579e-14 6.44825e-16 1
5143.64 4.18617e-14 6.44825e-16 1
5151.87 4.21153e-14 6.44825e-16 1
5160.08 4.2703e-14 6.44825e-16 1
5168.3 4.23565e-14 6.44825e-16 1
5176.52 4.18115e-14 6.44825e-16 1
5184.74 4.22415e-14 1.21032e-15 1
5192.96 4.27927e-14 1.21032e-15 1
5201.17 4.33827e-14 1.21032e-15 1
5209.39 4.38101e-14 1.21032e-15 1
5217.61 4.3125e-14 1.21032e-15 1
5225.84 4.31759e-14 1.21032e-15 1
5234.05 4.20975e-14 1.21032e-15 1
5242.26 4.08242e-14 1.21032e-15 1
5250.48 3.7974e-14 1.21032e-15 1
5258.7 3.52026e-14 1.21032e-15 1
5266.92 3.36801e-14 1.21032e-15 1
5275.14 3.25165e-14 1.21032e-15 1
5283.35 3.14484e-14 6.85976e-16 1
5291.57 3.09636e-14 6.85976e-16 1
5299.8 3.07193e-14 6.85976e-16 1
5308.02 3.11428e-14 6.85976e-16 1
5316.24 3.14007e-14 6.85976e-16 1
5324.45 3.16583e-14 6.85976e-16 1
5332.66 3.19924e-14 6.85976e-16 1
5340.88 3.17171e-14 6.85976e-16 1
5349.1 3.24814e-14 6.85976e-16 1
5357.31 3.29699e-14 6.85976e-16 1
5365.53 3.23425e-14 6.85976e-16 1
5373.76 3.19763e-14 6.85976e-16 1
5381.98 3.20607e-14 3.85156e-16 1
5390.2 3.20117e-14 3.85156e-16 1
5398.41 3.21091e-14 3.85156e-16 1
5406.63 3.12419e-14 3.85156e-16 1
5414.85 3.07507e-14 3.85156e-16 1
5423.06 2.98024e-14 3.85156e-16 1
5431.28 2.89962e-14 3.85156e-16 1
5439.49 2.74511e-14 3.85156e-16 1
5447.72 2.68898e-14 3.85156e-16 1
5455.94 2.58861e-14 3.85156e-16 1
5464.16 2.50543e-14 3.85156e-16 1
5472.38 2.46116e-14 3.85156e-16 1
5480.59 2.46029e-14 6.11699e-16 1
5488.81 2.51758e-14 6.11699e-16 1
5497.03 2.57603e-14 6.11699e-16 1
5505.25 2.69729e-14 6.11699e-16 1
5513.48 2.86082e-14 6.11699e-16 1
5521.68 3.0174e-14 6.11699e-16 1
5529.9 3.12827e-14 6.11699e-16 1
5538.12 3.23544e-14 6.11699e-16 1
5546.34 3.33197e-14 6.11699e-16 1
5554.56 3.35205e-14 6.11699e-16 1
5562.77 3.33708e-14 6.11699e-16 1
5570.99 3.35688e-14 6.11699e-16 1
5579.21 3.39238e-14 4.11221e-16 1
5587.44 3.33114e-14 4.11221e-16 1
5595.66 3.28607e-14 4.11221e-16 1
5603.87 3.32995e-14 4.11221e-16 1
5612.08 3.34369e-14 4.11221e-16 1
5620.3 3.26759e-14 4.11221e-16 1
5628.52 3.23679e-14 4.11221e-16 1
5636.74 3.20211e-14 4.11221e-16 1
5644.95 3.16099e-14 4.11221e-16 1
5653.17 3.12633e-14 4.11221e-16 1
5661.4 3.09847e-14 4.11221e-16 1
5669.62 3.10551e-14 4.11221e-16 1
5677.84 3.05631e-14 2.77105e-16 1
5686.05 2.99735e-14 2.77105e-16 1
5694.27 2.97707e-14 2.77105e-16 1
5702.49 2.86912e-14 2.77105e-16 1
5710.7 2.75492e-14 2.77105e-16 1
5718.92 2.7106e-14 2.77105e-16 1
5727.13 2.64595e-14 2.77105e-16 1
5735.36 2.57985e-14 2.77105e-16 1
5743.58 2.56845e-14 2.77105e-16 1
5751.8 2.53451e-14 2.77105e-16 1
5760.02 2.56922e-14 2.77105e-16 1
5768.23 2.62894e-14 2.77105e-16 1
5776.45 2.6679e-14 2.77105e-16 1
5784.67 2.73178e-14 2.69859e-16 1
5792.89 2.84539e-14 2.69859e-16 1
5801.09 2.97009e-14 2.69859e-16 1
5809.32 3.0503e-14 2.69859e-16 1
5817.54 3.12118e-14 2.69859e-16 1
5825.76 3.18457e-14 2.69859e-16 1
5833.98 3.27698e-14 2.69859e-16 1
5842.19 3.37623e-14 2.69859e-16 1
5850.41 3.41015e-14 2.69859e-16 1
5858.63 3.44946e-14 2.69859e-16 1
5866.85 3.49827e-14 2.69859e-16 1
5875.07 3.51589e-14 2.69859e-16 1
5883.29 3.5128e-14 4.29598e-16 1
5891.51 3.49516e-14 4.29598e-16 1
5899.72 3.46489e-14 4.29598e-16 1
5907.94 3.42692e-14 4.29598e-16 1
5916.16 3.41777e-14 4.29598e-16 1
5924.37 3.36585e-14 4.29598e-16 1
5932.59 3.31552e-14 4.29598e-16 1
5940.81 3.29922e-14 4.29598e-16 1
5949.04 3.26772e-14 4.29598e-16 1
5957.26 3.22462e-14 4.29598e-16 1
5965.47 3.17357e-14 4.29598e-16 1
5973.69 3.12242e-14 4.29598e-16 1
5981.91 3.08421e-14 6.87691e-16 1
5990.12 3.06059e-14 6.87691e-16 1
5998.34 2.97791e-14 6.87691e-16 1
6006.55 2.83004e-14 6.87691e-16 1
6014.77 2.61086e-14 6.87691e-16 1
6023 2.3775e-14 6.87691e-16 1
6031.22 2.13759e-14 6.87691e-16 1
6039.44 1.89865e-14 6.87691e-16 1
6047.65 1.66995e-14 6.87691e-16 1
6055.87 1.4759e-14 6.87691e-16 1
6064.09 1.33302e-14 6.87691e-16 1
6072.31 1.20529e-14 6.87691e-16 1
6080.52 1.11004e-14 2.69859e-16 1
6088.73 1.04746e-14 2.69859e-16 1
6096.96 9.99891e-15 2.69859e-16 1
6105.18 9.7597e-15 2.69859e-16 1
6113.4 9.64724e-15 2.69859e-16 1
6121.62 9.71581e-15 2.69859e-16 1
6129.83 9.94622e-15 2.69859e-16 1
6138.05 1.03101e-14 2.69859e-16 1
6146.27 1.09396e-14 2.69859e-16 1
6154.49 1.16117e-14 2.69859e-16 1
6162.71 1.23101e-14 2.69859e-16 1
6170.93 1.3164e-14 2.69859e-16 1
6179.14 1.42522e-14 2.69859e-16 1
6187.36 1.54161e-14 2.69859e-16 1
6195.58 1.65382e-14 2.69859e-16 1
6203.8 1.76516e-14 2.69859e-16 1
6212.01 1.90258e-14 2.69859e-16 1
6220.23 2.05347e-14 2.69859e-16 1
6228.45 2.17769e-14 2.69859e-16 1
6236.67 2.22173e-14 2.69859e-16 1
6244.89 2.2947e-14 2.69859e-16 1
6253.11 2.3843e-14 2.69859e-16 1
6261.33 2.45939e-14 2.69859e-16 1
6269.54 2.53217e-14 2.69859e-16 1
6277.76 2.55991e-14 2.69859e-16 1
6285.97 2.57553e-14 2.69859e-16 1
6294.19 2.57798e-14 2.69859e-16 1
6302.41 2.59059e-14 2.69859e-16 1
6310.64 2.62052e-14 2.69859e-16 1
6318.86 2.6014e-14 2.69859e-16 1
6327.07 2.60261e-14 2.69859e-16 1
6335.29 2.60861e-14 2.69859e-16 1
6343.51 2.59692e-14 2.69859e-16 1
6351.73 2.59776e-14 2.69859e-16 1
6359.95 2.57824e-14 2.69859e-16 1
6368.15 2.55831e-14 2.69859e-16 1
6376.37 2.54863e-14 2.69859e-16 1
6384.6 2.53473e-14 2.69859e-16 1
6392.82 2.53714e-14 2.69859e-16 1
6401.04 2.53481e-14 2.69859e-16 1
6409.25 2.51784e-14 2.69859e-16 1
6417.47 2.50458e-14 2.69859e-16 1
6425.69 2.50576e-14 2.69859e-16 1
6433.91 2.44547e-14 2.69859e-16 1
6442.13 2.40825e-14 2.69859e-16 1
6450.34 2.39707e-14 2.69859e-16 1
6458.56 2.38512e-14 2.69859e-16 1
6466.78 2.38538e-14 2.69859e-16 1
6475 2.32284e-14 2.69859e-16 1
6483.22 2.3055e-14 2.69859e-16 1
6491.43 2.28617e-14 2.69859e-16 1
6499.65 2.26343e-14 2.69859e-16 1
6507.87 2.23579e-14 2.69859e-16 1
6516.09 2.18727e-14 2.69859e-16 1
6524.31 2.15791e-14 2.69859e-16 1
6532.53 2.12732e-14 2.69859e-16 1
6540.75 2.06574e-14 2.69859e-16 1
6548.97 2.07101e-14 2.69859e-16 1
6557.18 2.00405e-14 2.69859e-16 1
6565.4 1.94155e-14 2.69859e-16 1
6573.61 1.93972e-14 2.69859e-16 1
6581.83 1.91179e-14 2.69859e-16 1
6590.05 1.87484e-14 2.69859e-16 1
6598.27 1.84376e-14 2.69859e-16 1
6606.5 1.81489e-14 2.69859e-16 1
6614.71 1.79764e-14 2.69859e-16 1
6622.93 1.77957e-14 2.69859e-16 1
6631.15 1.7675e-14 2.69859e-16 1
6639.37 1.70698e-14 2.69859e-16 1
6647.58 1.6717e-14 2.69859e-16 1
6655.79 1.67726e-14 2.69859e-16 1
6664.01 1.63875e-14 2.69859e-16 1
6672.23 1.63269e-14 2.69859e-16 1
6680.46 1.60473e-14 2.69859e-16 1
6688.67 1.57792e-14 2.69859e-16 1
6696.89 1.5625e-14 2.69859e-16 1
6705.11 1.54001e-14 2.69859e-16 1
6713.33 1.5074e-14 2.69859e-16 1
6721.55 1.49878e-14 2.69859e-16 1
6729.76 1.49578e-14 2.69859e-16 1
6737.98 1.45928e-14 2.69859e-16 1
6746.2 1.44876e-14 2.69859e-16 1
6754.42 1.43049e-14 2.69859e-16 1
6762.64 1.40162e-14 2.69859e-16 1
6770.85 1.38286e-14 2.69859e-16 1
6779.07 1.3965e-14 2.69859e-16 1
6787.29 1.39428e-14 2.69859e-16 1
6795.51 1.38771e-14 2.69859e-16 1
6803.73 1.39182e-14 2.69859e-16 1
6811.94 1.37744e-14 2.69859e-16 1
6820.17 1.36305e-14 2.69859e-16 1
6828.39 1.34866e-14 2.69859e-16 1
6836.6 1.33428e-14 2.69859e-16 1
6844.82 1.31989e-14 2.69859e-16 1
6853.03 1.3055e-14 2.69859e-16 1
6861.25 1.29112e-14 2.69859e-16 1
6869.47 1.27673e-14 2.69859e-16 1
6877.69 1.26234e-14 2.69859e-16 1
6885.91 1.24796e-14 2.69859e-16 1
6894.13 1.24726e-14 2.69859e-16 1
6902.35 1.23349e-14 2.69859e-16 1
6910.57 1.22494e-14 2.69859e-16 1
6918.79 1.21422e-14 2.69859e-16 1
6927.01 1.20101e-14 2.69859e-16 1
6935.21 1.19065e-14 2.69859e-16 1
6943.43 1.18468e-14 2.69859e-16 1
6951.65 1.16614e-14 2.69859e-16 1
6959.87 1.17538e-14 2.69859e-16 1
6968.1 1.18637e-14 2.69859e-16 1
6976.31 1.17215e-14 2.69859e-16 1
6984.53 1.16265e-14 2.69859e-16 1
6992.75 1.14908e-14 2.69859e-16 1
7000.97 1.14436e-14 2.69859e-16 1
7009.19 1.11992e-14 2.69859e-16 1
7017.4 1.13466e-14 2.69859e-16 1
7025.61 1.12796e-14 2.69859e-16 1
7033.83 1.10891e-14 2.69859e-16 1
7042.06 1.10094e-14 2.69859e-16 1
7050.28 1.09185e-14 2.69859e-16 1
7058.49 1.11519e-14 2.69859e-16 1
7066.71 1.09365e-14 2.69859e-16 1
7074.93 1.07751e-14 2.69859e-16 1
7083.15 1.07461e-14 2.69859e-16 1
7091.37 1.05616e-14 2.69859e-16 1
7099.58 1.04394e-14 2.69859e-16 1
7107.81 1.05073e-14 2.69859e-16 1
7116.03 1.04534e-14 2.69859e-16 1
7124.24 1.03093e-14 2.69859e-16 1
7132.46 1.01189e-14 2.69859e-16 1
7140.67 9.81101e-15 2.69859e-16 1
7148.89 9.73878e-15 2.69859e-16 1
7157.11 9.85675e-15 2.69859e-16 1
7165.33 1.01149e-14 2.69859e-16 1
7173.54 1.02366e-14 2.69859e-16 1
7181.77 1.00133e-14 2.69859e-16 1
7189.99 9.92949e-15 2.69859e-16 1
7198.21 9.84223e-15 2.69859e-16 1
7206.43 9.89776e-15 2.69859e-16 1
7214.63 9.99774e-15 2.69859e-16 1
7222.85 9.92176e-15 2.69859e-16 1
7231.07 9.89512e-15 2.69859e-16 1
7239.29 1.00336e-14 2.69859e-16 1
7247.51 9.99744e-15 2.69859e-16 1
7255.73 1.00086e-14 2.69859e-16 1
7263.95 9.94124e-15 2.69859e-16 1
7272.17 9.82633e-15 2.69859e-16 1
7280.39 9.76878e-15 2.69859e-16 1
7288.61 9.78875e-15 2.69859e-16 1
7296.82 9.79919e-15 2.69859e-16 1
7305.04 9.62295e-15 2.69859e-16 1
7313.25 9.45934e-15 2.69859e-16 1
7321.47 9.31115e-15 2.69859e-16 1
7329.7 9.06761e-15 2.69859e-16 1
7337.91 8.83574e-15 2.69859e-16 1
7346.13 8.58149e-15 2.69859e-16 1
7354.35 8.30926e-15 2.69859e-16 1
7362.57 8.05424e-15 2.69859e-16 1
7370.79 7.8497e-15 2.69859e-16 1
7379 7.61373e-15 2.69859e-16 1
7387.22 7.17291e-15 2.69859e-16 1
7395.44 6.77151e-15 2.69859e-16 1
7403.66 6.49214e-15 2.69859e-16 1
7411.88 6.16021e-15 2.69859e-16 1
7420.09 5.77679e-15 2.69859e-16 1
7428.31 5.64308e-15 2.69859e-16 1
7436.53 5.4977e-15 2.69859e-16 1
7444.75 5.20343e-15 2.69859e-16 1
7452.97 5.095e-15 2.69859e-16 1
7461.18 5.12761e-15 2.69859e-16 1
7469.4 5.18673e-15 2.69859e-16 1
7477.63 5.32618e-15 2.69859e-16 1
7485.85 5.32324e-15 2.69859e-16 1
7494.07 5.23611e-15 2.69859e-16 1
7502.27 5.28107e-15 2.69859e-16 1
7510.49 5.41683e-15 2.69859e-16 1
7518.71 5.59365e-15 2.69859e-16 1
7526.93 5.72193e-15 2.69859e-16 1
7535.15 5.60014e-15 2.69859e-16 1
7543.37 5.72438e-15 2.69859e-16 1
7551.59 5.84861e-15 2.69859e-16 1
7559.81 5.97285e-15 2.69859e-16 1
7568.03 6.09708e-15 2.69859e-16 1
7576.25 6.22131e-15 2.69859e-16 1
7584.46 6.34555e-15 2.69859e-16 1
7592.67 6.46977e-15 2.69859e-16 1
7600.89 6.59401e-15 2.69859e-16 1
7609.11 6.71825e-15 2.69859e-16 1
7617.33 6.84248e-15 2.69859e-16 1
7625.55 6.96671e-15 2.69859e-16 1
7633.77 7.09094e-15 2.69859e-16 1
7641.99 7.35663e-15 2.69859e-16 1
7650.21 7.63681e-15 2.69859e-16 1
7658.42 7.65963e-15 2.69859e-16 1
7666.64 8.04395e-15 2.69859e-16 1
7674.86 8.02033e-15 2.69859e-16 1
7683.08 7.92401e-15 2.69859e-16 1
7691.3 7.88016e-15 2.69859e-16 1
7699.51 8.08825e-15 2.69859e-16 1
7707.73 8.13158e-15 2.69859e-16 1
7715.95 8.03259e-15 2.69859e-16 1
7724.17 8.25682e-15 2.69859e-16 1
7732.39 8.25595e-15 2.69859e-16 1
7740.6 8.33253e-15 2.69859e-16 1
7748.82 8.49015e-15 2.69859e-16 1
7757.04 8.59262e-15 2.69859e-16 1
7765.27 8.55293e-15 2.69859e-16 1
7773.49 8.56989e-15 2.69859e-16 1
7781.69 8.69031e-15 2.69859e-16 1
7789.91 8.99147e-15 2.69859e-16 1
7798.13 9.14065e-15 2.69859e-16 1
7806.35 9.18213e-15 2.69859e-16 1
7814.57 9.05539e-15 2.69859e-16 1
7822.78 9.04155e-15 2.69859e-16 1
7831 9.15062e-15 2.69859e-16 1
7839.23 9.32619e-15 2.69859e-16 1
7847.45 9.3877e-15 2.69859e-16 1
7855.67 9.47337e-15 2.69859e-16 1
7863.88 9.56208e-15 2.69859e-16 1
7872.09 9.52724e-15 2.69859e-16 1
7880.31 9.44951e-15 2.69859e-16 1
7888.53 9.35241e-15 2.69859e-16 1
7896.75 9.0859e-15 2.69859e-16 1
7904.97 9.34313e-15 2.69859e-16 1
7913.19 9.14938e-15 2.69859e-16 1
7921.41 8.97786e-15 2.69859e-16 1
7929.63 8.96829e-15 2.69859e-16 1
7937.85 8.86663e-15 2.69859e-16 1
7946.06 8.99319e-15 2.69859e-16 1
7954.28 9.0066e-15 2.69859e-16 1
7962.5 8.91737e-15 2.69859e-16 1
7970.71 8.42164e-15 2.69859e-16 1
7978.94 8.60851e-15 2.69859e-16 1
7987.15 8.42582e-15 2.69859e-16 1
7995.37 8.25559e-15 2.69859e-16 1
8003.59 8.35838e-15 2.69859e-16 1
8011.81 8.26015e-15 2.69859e-16 1
8020.03 8.19961e-15 2.69859e-16 1
8028.24 7.71312e-15 2.69859e-16 1
8036.46 7.54483e-15 2.69859e-16 1
8044.68 7.546e-15 2.69859e-16 1
8052.91 7.282e-15 2.69859e-16 1
8061.11 7.2679e-15 2.69859e-16 1
8069.33 6.99906e-15 2.69859e-16 1
