# converted by J. Guy, 2010-10-18
# from Matheson et al. 2008AJ....135.1598M
@Redshift 0.014443
@FORMAT STD
@Date 51226
@SELECTED_FOR_SNLS3_TRAINING 1
@SN sn1999aa
@SURVEY CFA_LOWZ_SPEC
@Source Matheson
#WAVE : wavelength, observer frame, in A
#FLUX : erg/s/cm2/A
#ERR  : statistical uncertainty on flux
#VALID : 1=ok 0=ignore
#end
3440 6.00202e-15 6.34281e-16 1
3441.5 6.00947e-15 6.34281e-16 1
3443 6.02321e-15 6.34281e-16 1
3444.5 6.79345e-15 6.34281e-16 1
3446 5.99232e-15 6.34281e-16 1
3447.5 4.85827e-15 6.34281e-16 1
3449 4.85827e-15 6.34281e-16 1
3450.5 5.88806e-15 6.34281e-16 1
3452 4.87473e-15 6.34281e-16 1
3453.5 4.93425e-15 6.34281e-16 1
3455 4.99377e-15 6.34281e-16 1
3456.5 5.05328e-15 6.34281e-16 1
3458 5.05328e-15 6.34281e-16 1
3459.5 5.47388e-15 6.34281e-16 1
3461 6.55756e-15 6.34281e-16 1
3462.5 5.11712e-15 6.34281e-16 1
3464 5.86381e-15 6.34281e-16 1
3465.5 7.71513e-15 6.34281e-16 1
3467 6.85356e-15 6.34281e-16 1
3468.5 5.31186e-15 6.34281e-16 1
3470 5.75324e-15 6.34281e-16 1
3471.5 5.32359e-15 6.34281e-16 1
3473 5.09583e-15 6.34281e-16 1
3474.5 5.74726e-15 6.34281e-16 1
3476 5.54226e-15 6.34281e-16 1
3477.5 5.23121e-15 6.34281e-16 1
3479 6.3979e-15 6.34281e-16 1
3480.5 6.27934e-15 6.34281e-16 1
3482 6.35282e-15 6.34281e-16 1
3483.5 7.54903e-15 6.34281e-16 1
3485 6.4432e-15 6.34281e-16 1
3486.5 5.16647e-15 6.34281e-16 1
3488 5.92149e-15 6.34281e-16 1
3489.5 5.76302e-15 6.34281e-16 1
3491 7.04272e-15 6.34281e-16 1
3492.5 7.81257e-15 6.34281e-16 1
3494 6.08168e-15 6.34281e-16 1
3495.5 6.98082e-15 6.34281e-16 1
3497 6.25458e-15 6.34281e-16 1
3498.5 6.57065e-15 6.34281e-16 1
3500 6.49697e-15 6.34281e-16 1
3501.5 6.56456e-15 6.34281e-16 1
3503 7.12924e-15 6.34281e-16 1
3504.5 6.58065e-15 6.34281e-16 1
3506 6.37852e-15 6.34281e-16 1
3507.5 5.85299e-15 6.34281e-16 1
3509 6.33636e-15 6.34281e-16 1
3510.5 7.15344e-15 6.34281e-16 1
3512 6.76502e-15 6.34281e-16 1
3513.5 6.79802e-15 6.34281e-16 1
3515 7.97823e-15 6.34281e-16 1
3516.5 6.8555e-15 6.34281e-16 1
3518 7.02626e-15 6.34281e-16 1
3519.5 6.97906e-15 6.34281e-16 1
3521 6.21468e-15 6.34281e-16 1
3522.5 6.45917e-15 6.34281e-16 1
3524 6.68975e-15 6.34281e-16 1
3525.5 6.51999e-15 6.34281e-16 1
3527 6.21313e-15 6.34281e-16 1
3528.5 6.44022e-15 6.34281e-16 1
3530 6.02792e-15 6.34281e-16 1
3531.5 5.4637e-15 6.34281e-16 1
3533 5.97748e-15 6.34281e-16 1
3534.5 6.47597e-15 6.34281e-16 1
3536 6.11875e-15 6.34281e-16 1
3537.5 5.72949e-15 6.34281e-16 1
3539 5.91518e-15 6.34281e-16 1
3540.5 6.40583e-15 3.51186e-16 1
3542 6.29632e-15 3.51186e-16 1
3543.5 5.54132e-15 3.51186e-16 1
3545 5.71111e-15 3.51186e-16 1
3546.5 6.3221e-15 3.51186e-16 1
3548 5.96755e-15 3.51186e-16 1
3549.5 5.6649e-15 3.51186e-16 1
3551 6.14945e-15 3.51186e-16 1
3552.5 6.65031e-15 3.51186e-16 1
3554 6.27399e-15 3.51186e-16 1
3555.5 5.82067e-15 3.51186e-16 1
3557 5.67375e-15 3.51186e-16 1
3558.5 5.87849e-15 3.51186e-16 1
3560 5.66329e-15 3.51186e-16 1
3561.5 5.47298e-15 3.51186e-16 1
3563 5.39301e-15 3.51186e-16 1
3564.5 5.9711e-15 3.51186e-16 1
3566 5.83149e-15 3.51186e-16 1
3567.5 6.37467e-15 3.51186e-16 1
3569 6.38508e-15 3.51186e-16 1
3570.5 5.43123e-15 3.51186e-16 1
3572 6.07436e-15 3.51186e-16 1
3573.5 6.24176e-15 3.51186e-16 1
3575 6.93393e-15 3.51186e-16 1
3576.5 6.9795e-15 3.51186e-16 1
3578 6.23902e-15 3.51186e-16 1
3579.5 6.07073e-15 3.51186e-16 1
3581 5.83857e-15 3.51186e-16 1
3582.5 6.06968e-15 3.51186e-16 1
3584 6.24109e-15 3.51186e-16 1
3585.5 6.24774e-15 3.51186e-16 1
3587 5.99733e-15 3.51186e-16 1
3588.5 6.21172e-15 3.51186e-16 1
3590 6.099e-15 3.51186e-16 1
3591.5 6.74736e-15 3.51186e-16 1
3593 6.75646e-15 3.51186e-16 1
3594.5 6.04423e-15 3.51186e-16 1
3596 6.01402e-15 3.51186e-16 1
3597.5 5.82487e-15 3.51186e-16 1
3599 6.56576e-15 3.51186e-16 1
3600.5 6.59319e-15 3.51186e-16 1
3602 6.28843e-15 3.51186e-16 1
3603.5 6.43372e-15 3.51186e-16 1
3605 6.82764e-15 3.51186e-16 1
3606.5 6.84581e-15 3.51186e-16 1
3608 6.84558e-15 3.51186e-16 1
3609.5 6.35496e-15 3.51186e-16 1
3611 5.90646e-15 3.51186e-16 1
3612.5 6.41884e-15 3.51186e-16 1
3614 6.9941e-15 3.51186e-16 1
3615.5 7.12304e-15 3.51186e-16 1
3617 6.95533e-15 3.51186e-16 1
3618.5 7.02825e-15 3.51186e-16 1
3620 7.25777e-15 3.51186e-16 1
3621.5 7.13505e-15 3.51186e-16 1
3623 6.92656e-15 3.51186e-16 1
3624.5 7.12941e-15 3.51186e-16 1
3626 7.08124e-15 3.51186e-16 1
3627.5 7.13284e-15 3.51186e-16 1
3629 7.1245e-15 3.51186e-16 1
3630.5 6.85681e-15 3.51186e-16 1
3632 6.66633e-15 3.51186e-16 1
3633.5 6.69154e-15 3.51186e-16 1
3635 6.58169e-15 3.51186e-16 1
3636.5 6.63748e-15 3.51186e-16 1
3638 6.76425e-15 3.51186e-16 1
3639.5 7.05321e-15 3.51186e-16 1
3641 7.01508e-15 2.3052e-16 1
3642.5 6.77651e-15 2.3052e-16 1
3644 6.65522e-15 2.3052e-16 1
3645.5 6.41749e-15 2.3052e-16 1
3647 6.56125e-15 2.3052e-16 1
3648.5 6.57213e-15 2.3052e-16 1
3650 6.69376e-15 2.3052e-16 1
3651.5 6.63941e-15 2.3052e-16 1
3653 7.23325e-15 2.3052e-16 1
3654.5 6.9063e-15 2.3052e-16 1
3656 7.31987e-15 2.3052e-16 1
3657.5 7.13296e-15 2.3052e-16 1
3659 6.90278e-15 2.3052e-16 1
3660.5 6.54906e-15 2.3052e-16 1
3662 6.08089e-15 2.3052e-16 1
3663.5 6.1843e-15 2.3052e-16 1
3665 6.54103e-15 2.3052e-16 1
3666.5 6.69851e-15 2.3052e-16 1
3668 6.77423e-15 2.3052e-16 1
3669.5 6.53069e-15 2.3052e-16 1
3671 6.23901e-15 2.3052e-16 1
3672.5 6.01444e-15 2.3052e-16 1
3674 6.21396e-15 2.3052e-16 1
3675.5 6.3047e-15 2.3052e-16 1
3677 6.12317e-15 2.3052e-16 1
3678.5 6.10003e-15 2.3052e-16 1
3680 6.11652e-15 2.3052e-16 1
3681.5 5.87581e-15 2.3052e-16 1
3683 5.6308e-15 2.3052e-16 1
3684.5 5.72435e-15 2.3052e-16 1
3686 6.03005e-15 2.3052e-16 1
3687.5 6.01074e-15 2.3052e-16 1
3689 5.66457e-15 2.3052e-16 1
3690.5 5.41225e-15 2.3052e-16 1
3692 5.51447e-15 2.3052e-16 1
3693.5 5.63838e-15 2.3052e-16 1
3695 5.07845e-15 2.3052e-16 1
3696.5 4.95531e-15 2.3052e-16 1
3698 5.09803e-15 2.3052e-16 1
3699.5 4.97637e-15 2.3052e-16 1
3701 4.84127e-15 2.3052e-16 1
3702.5 4.86185e-15 2.3052e-16 1
3704 4.70018e-15 2.3052e-16 1
3705.5 4.58013e-15 2.3052e-16 1
3707 4.33836e-15 2.3052e-16 1
3708.5 4.5447e-15 2.3052e-16 1
3710 4.67318e-15 2.3052e-16 1
3711.5 4.44992e-15 2.3052e-16 1
3713 4.16129e-15 2.3052e-16 1
3714.5 4.23944e-15 2.3052e-16 1
3716 4.19668e-15 2.3052e-16 1
3717.5 4.05699e-15 2.3052e-16 1
3719 4.0913e-15 2.3052e-16 1
3720.5 4.24925e-15 2.3052e-16 1
3722 4.01779e-15 2.3052e-16 1
3723.5 3.76937e-15 2.3052e-16 1
3725 3.9681e-15 2.3052e-16 1
3726.5 4.08949e-15 2.3052e-16 1
3728 4.13917e-15 2.3052e-16 1
3729.5 4.27015e-15 2.3052e-16 1
3731 4.1762e-15 2.3052e-16 1
3732.5 4.26665e-15 2.3052e-16 1
3734 4.16554e-15 2.3052e-16 1
3735.5 4.14552e-15 2.3052e-16 1
3737 4.24702e-15 2.3052e-16 1
3738.5 4.34036e-15 2.3052e-16 1
3740 4.21377e-15 2.13668e-16 1
3741.5 4.05609e-15 2.13668e-16 1
3743 4.14516e-15 2.13668e-16 1
3744.5 4.22303e-15 2.13668e-16 1
3746 4.20303e-15 2.13668e-16 1
3747.5 4.29005e-15 2.13668e-16 1
3749 4.26387e-15 2.13668e-16 1
3750.5 4.0146e-15 2.13668e-16 1
3752 3.753e-15 2.13668e-16 1
3753.5 3.91752e-15 2.13668e-16 1
3755 4.10549e-15 2.13668e-16 1
3756.5 4.01496e-15 2.13668e-16 1
3758 3.89209e-15 2.13668e-16 1
3759.5 4.0771e-15 2.13668e-16 1
3761 4.25199e-15 2.13668e-16 1
3762.5 4.20094e-15 2.13668e-16 1
3764 4.33157e-15 2.13668e-16 1
3765.5 4.17138e-15 2.13668e-16 1
3767 4.09414e-15 2.13668e-16 1
3768.5 4.07451e-15 2.13668e-16 1
3770 4.03248e-15 2.13668e-16 1
3771.5 3.97614e-15 2.13668e-16 1
3773 4.37301e-15 2.13668e-16 1
3774.5 4.20436e-15 2.13668e-16 1
3776 4.43214e-15 2.13668e-16 1
3777.5 4.52751e-15 2.13668e-16 1
3779 4.56144e-15 2.13668e-16 1
3780.5 4.66477e-15 2.13668e-16 1
3782 4.60766e-15 2.13668e-16 1
3783.5 4.83458e-15 2.13668e-16 1
3785 4.57676e-15 2.13668e-16 1
3786.5 4.5724e-15 2.13668e-16 1
3788 4.87371e-15 2.13668e-16 1
3789.5 4.7994e-15 2.13668e-16 1
3791 4.68795e-15 2.13668e-16 1
3792.5 4.7145e-15 2.13668e-16 1
3794 5.02619e-15 2.13668e-16 1
3795.5 5.19271e-15 2.13668e-16 1
3797 5.16655e-15 2.13668e-16 1
3798.5 5.2167e-15 2.13668e-16 1
3800 5.33857e-15 2.13668e-16 1
3801.5 5.20993e-15 2.13668e-16 1
3803 4.94169e-15 2.13668e-16 1
3804.5 5.34154e-15 2.13668e-16 1
3806 5.44684e-15 2.13668e-16 1
3807.5 5.35804e-15 2.13668e-16 1
3809 5.29031e-15 2.13668e-16 1
3810.5 5.18614e-15 2.13668e-16 1
3812 5.04702e-15 2.13668e-16 1
3813.5 4.98116e-15 2.13668e-16 1
3815 5.1377e-15 2.13668e-16 1
3816.5 5.15749e-15 2.13668e-16 1
3818 5.16137e-15 2.13668e-16 1
3819.5 5.0853e-15 2.13668e-16 1
3821 5.07969e-15 2.13668e-16 1
3822.5 5.19044e-15 2.13668e-16 1
3824 5.15806e-15 2.13668e-16 1
3825.5 5.23667e-15 2.13668e-16 1
3827 5.31728e-15 2.13668e-16 1
3828.5 5.55916e-15 2.13668e-16 1
3830 5.71316e-15 2.13668e-16 1
3831.5 5.5749e-15 2.13668e-16 1
3833 5.3782e-15 2.13668e-16 1
3834.5 5.43159e-15 2.13668e-16 1
3836 5.24066e-15 2.13668e-16 1
3837.5 5.25011e-15 2.13668e-16 1
3839 5.1508e-15 2.13668e-16 1
3840.5 4.96927e-15 1.9286e-16 1
3842 4.98525e-15 1.9286e-16 1
3843.5 5.0575e-15 1.9286e-16 1
3845 4.71352e-15 1.9286e-16 1
3846.5 4.77156e-15 1.9286e-16 1
3848 5.05768e-15 1.9286e-16 1
3849.5 4.78028e-15 1.9286e-16 1
3851 4.7567e-15 1.9286e-16 1
3852.5 5.0988e-15 1.9286e-16 1
3854 4.93216e-15 1.9286e-16 1
3855.5 4.99625e-15 1.9286e-16 1
3857 5.06057e-15 1.9286e-16 1
3858.5 5.05902e-15 1.9286e-16 1
3860 5.03514e-15 1.9286e-16 1
3861.5 4.91664e-15 1.9286e-16 1
3863 4.86256e-15 1.9286e-16 1
3864.5 4.92409e-15 1.9286e-16 1
3866 5.05652e-15 1.9286e-16 1
3867.5 5.04783e-15 1.9286e-16 1
3869 4.99633e-15 1.9286e-16 1
3870.5 5.02971e-15 1.9286e-16 1
3872 4.82956e-15 1.9286e-16 1
3873.5 4.96099e-15 1.9286e-16 1
3875 5.11221e-15 1.9286e-16 1
3876.5 5.12245e-15 1.9286e-16 1
3878 4.95806e-15 1.9286e-16 1
3879.5 5.06486e-15 1.9286e-16 1
3881 5.23898e-15 1.9286e-16 1
3882.5 5.20312e-15 1.9286e-16 1
3884 5.02388e-15 1.9286e-16 1
3885.5 5.08327e-15 1.9286e-16 1
3887 5.19726e-15 1.9286e-16 1
3888.5 5.13055e-15 1.9286e-16 1
3890 5.0879e-15 1.9286e-16 1
3891.5 5.35076e-15 1.9286e-16 1
3893 5.3876e-15 1.9286e-16 1
3894.5 5.26015e-15 1.9286e-16 1
3896 5.34975e-15 1.9286e-16 1
3897.5 5.23574e-15 1.9286e-16 1
3899 5.14138e-15 1.9286e-16 1
3900.5 5.18358e-15 1.9286e-16 1
3902 5.26783e-15 1.9286e-16 1
3903.5 5.30249e-15 1.9286e-16 1
3905 5.38768e-15 1.9286e-16 1
3906.5 5.38829e-15 1.9286e-16 1
3908 5.32146e-15 1.9286e-16 1
3909.5 5.39079e-15 1.9286e-16 1
3911 5.55582e-15 1.9286e-16 1
3912.5 5.51115e-15 1.9286e-16 1
3914 5.5318e-15 1.9286e-16 1
3915.5 5.59005e-15 1.9286e-16 1
3917 5.55281e-15 1.9286e-16 1
3918.5 5.44512e-15 1.9286e-16 1
3920 5.36144e-15 1.9286e-16 1
3921.5 5.48237e-15 1.9286e-16 1
3923 5.6178e-15 1.9286e-16 1
3924.5 5.76074e-15 1.9286e-16 1
3926 5.60779e-15 1.9286e-16 1
3927.5 5.70212e-15 1.9286e-16 1
3929 5.72738e-15 1.9286e-16 1
3930.5 5.48303e-15 1.9286e-16 1
3932 5.39402e-15 1.9286e-16 1
3933.5 5.41673e-15 1.9286e-16 1
3935 5.37286e-15 1.9286e-16 1
3936.5 5.2785e-15 1.9286e-16 1
3938 5.49827e-15 1.9286e-16 1
3939.5 5.70736e-15 1.9286e-16 1
3941 5.72125e-15 1.42185e-16 1
3942.5 5.77311e-15 1.42185e-16 1
3944 5.75046e-15 1.42185e-16 1
3945.5 5.56624e-15 1.42185e-16 1
3947 5.68166e-15 1.42185e-16 1
3948.5 5.79988e-15 1.42185e-16 1
3950 5.90127e-15 1.42185e-16 1
3951.5 5.98262e-15 1.42185e-16 1
3953 6.03313e-15 1.42185e-16 1
3954.5 5.99991e-15 1.42185e-16 1
3956 5.89473e-15 1.42185e-16 1
3957.5 5.98918e-15 1.42185e-16 1
3959 6.1426e-15 1.42185e-16 1
3960.5 6.16696e-15 1.42185e-16 1
3962 6.18447e-15 1.42185e-16 1
3963.5 6.27271e-15 1.42185e-16 1
3965 6.37866e-15 1.42185e-16 1
3966.5 6.17132e-15 1.42185e-16 1
3968 5.97518e-15 1.42185e-16 1
3969.5 6.01165e-15 1.42185e-16 1
3971 6.3074e-15 1.42185e-16 1
3972.5 6.37031e-15 1.42185e-16 1
3974 6.35976e-15 1.42185e-16 1
3975.5 6.24453e-15 1.42185e-16 1
3977 6.49947e-15 1.42185e-16 1
3978.5 6.54418e-15 1.42185e-16 1
3980 6.7369e-15 1.42185e-16 1
3981.5 6.52317e-15 1.42185e-16 1
3983 6.65086e-15 1.42185e-16 1
3984.5 6.52828e-15 1.42185e-16 1
3986 6.6569e-15 1.42185e-16 1
3987.5 6.60383e-15 1.42185e-16 1
3989 6.58221e-15 1.42185e-16 1
3990.5 6.56068e-15 1.42185e-16 1
3992 6.77364e-15 1.42185e-16 1
3993.5 6.50476e-15 1.42185e-16 1
3995 6.61733e-15 1.42185e-16 1
3996.5 6.62027e-15 1.42185e-16 1
3998 6.5202e-15 1.42185e-16 1
3999.5 6.6458e-15 1.42185e-16 1
4001 6.25007e-15 1.42185e-16 1
4002.5 6.23202e-15 1.42185e-16 1
4004 6.34856e-15 1.42185e-16 1
4005.5 6.36324e-15 1.42185e-16 1
4007 6.34968e-15 1.42185e-16 1
4008.5 6.18921e-15 1.42185e-16 1
4010 6.12517e-15 1.42185e-16 1
4011.5 6.42479e-15 1.42185e-16 1
4013 6.45056e-15 1.42185e-16 1
4014.5 6.34636e-15 1.42185e-16 1
4016 6.11016e-15 1.42185e-16 1
4017.5 5.96993e-15 1.42185e-16 1
4019 6.04487e-15 1.42185e-16 1
4020.5 6.13095e-15 1.42185e-16 1
4022 6.3109e-15 1.42185e-16 1
4023.5 6.28012e-15 1.42185e-16 1
4025 6.27184e-15 1.42185e-16 1
4026.5 6.15284e-15 1.42185e-16 1
4028 6.03219e-15 1.42185e-16 1
4029.5 6.00109e-15 1.42185e-16 1
4031 6.02479e-15 1.42185e-16 1
4032.5 6.0729e-15 1.42185e-16 1
4034 6.02852e-15 1.42185e-16 1
4035.5 5.94404e-15 1.42185e-16 1
4037 5.94234e-15 1.42185e-16 1
4038.5 5.94846e-15 1.42185e-16 1
4040 6.01864e-15 1.15139e-16 1
4041.5 6.01298e-15 1.15139e-16 1
4043 6.07002e-15 1.15139e-16 1
4044.5 6.01232e-15 1.15139e-16 1
4046 5.98471e-15 1.15139e-16 1
4047.5 6.06801e-15 1.15139e-16 1
4049 5.93154e-15 1.15139e-16 1
4050.5 5.98965e-15 1.15139e-16 1
4052 6.15642e-15 1.15139e-16 1
4053.5 6.0876e-15 1.15139e-16 1
4055 5.99571e-15 1.15139e-16 1
4056.5 5.92751e-15 1.15139e-16 1
4058 6.05327e-15 1.15139e-16 1
4059.5 6.199e-15 1.15139e-16 1
4061 6.19001e-15 1.15139e-16 1
4062.5 6.32524e-15 1.15139e-16 1
4064 6.35406e-15 1.15139e-16 1
4065.5 6.17763e-15 1.15139e-16 1
4067 6.25766e-15 1.15139e-16 1
4068.5 6.23372e-15 1.15139e-16 1
4070 6.31145e-15 1.15139e-16 1
4071.5 6.34297e-15 1.15139e-16 1
4073 6.12434e-15 1.15139e-16 1
4074.5 6.11903e-15 1.15139e-16 1
4076 6.2651e-15 1.15139e-16 1
4077.5 6.24729e-15 1.15139e-16 1
4079 6.28357e-15 1.15139e-16 1
4080.5 6.41454e-15 1.15139e-16 1
4082 6.44896e-15 1.15139e-16 1
4083.5 6.58347e-15 1.15139e-16 1
4085 6.64028e-15 1.15139e-16 1
4086.5 6.50874e-15 1.15139e-16 1
4088 6.38478e-15 1.15139e-16 1
4089.5 6.42111e-15 1.15139e-16 1
4091 6.55584e-15 1.15139e-16 1
4092.5 6.60352e-15 1.15139e-16 1
4094 6.59583e-15 1.15139e-16 1
4095.5 6.57456e-15 1.15139e-16 1
4097 6.53216e-15 1.15139e-16 1
4098.5 6.5163e-15 1.15139e-16 1
4100 6.46063e-15 1.15139e-16 1
4101.5 6.4386e-15 1.15139e-16 1
4103 6.55154e-15 1.15139e-16 1
4104.5 6.61724e-15 1.15139e-16 1
4106 6.51527e-15 1.15139e-16 1
4107.5 6.50212e-15 1.15139e-16 1
4109 6.64675e-15 1.15139e-16 1
4110.5 6.64935e-15 1.15139e-16 1
4112 6.57841e-15 1.15139e-16 1
4113.5 6.38126e-15 1.15139e-16 1
4115 6.41686e-15 1.15139e-16 1
4116.5 6.53976e-15 1.15139e-16 1
4118 6.4357e-15 1.15139e-16 1
4119.5 6.39407e-15 1.15139e-16 1
4121 6.48975e-15 1.15139e-16 1
4122.5 6.42596e-15 1.15139e-16 1
4124 6.47832e-15 1.15139e-16 1
4125.5 6.65036e-15 1.15139e-16 1
4127 6.46514e-15 1.15139e-16 1
4128.5 6.33877e-15 1.15139e-16 1
4130 6.35667e-15 1.15139e-16 1
4131.5 6.27981e-15 1.15139e-16 1
4133 6.50536e-15 1.15139e-16 1
4134.5 6.47907e-15 1.15139e-16 1
4136 6.38576e-15 1.15139e-16 1
4137.5 6.30631e-15 1.15139e-16 1
4139 6.33387e-15 1.15139e-16 1
4140.5 6.16178e-15 1.17816e-16 1
4142 6.11221e-15 1.17816e-16 1
4143.5 5.93515e-15 1.17816e-16 1
4145 5.97296e-15 1.17816e-16 1
4146.5 5.97528e-15 1.17816e-16 1
4148 5.99321e-15 1.17816e-16 1
4149.5 5.95448e-15 1.17816e-16 1
4151 5.92639e-15 1.17816e-16 1
4152.5 5.84399e-15 1.17816e-16 1
4154 5.84408e-15 1.17816e-16 1
4155.5 5.86944e-15 1.17816e-16 1
4157 5.83807e-15 1.17816e-16 1
4158.5 5.61226e-15 1.17816e-16 1
4160 5.53385e-15 1.17816e-16 1
4161.5 5.53124e-15 1.17816e-16 1
4163 5.54587e-15 1.17816e-16 1
4164.5 5.6947e-15 1.17816e-16 1
4166 5.65497e-15 1.17816e-16 1
4167.5 5.50227e-15 1.17816e-16 1
4169 5.48157e-15 1.17816e-16 1
4170.5 5.42419e-15 1.17816e-16 1
4172 5.38756e-15 1.17816e-16 1
4173.5 5.45845e-15 1.17816e-16 1
4175 5.36556e-15 1.17816e-16 1
4176.5 5.41097e-15 1.17816e-16 1
4178 5.51263e-15 1.17816e-16 1
4179.5 5.48767e-15 1.17816e-16 1
4181 5.45451e-15 1.17816e-16 1
4182.5 5.47446e-15 1.17816e-16 1
4184 5.31654e-15 1.17816e-16 1
4185.5 5.25743e-15 1.17816e-16 1
4187 5.40898e-15 1.17816e-16 1
4188.5 5.42483e-15 1.17816e-16 1
4190 5.1968e-15 1.17816e-16 1
4191.5 5.17746e-15 1.17816e-16 1
4193 5.19099e-15 1.17816e-16 1
4194.5 5.0598e-15 1.17816e-16 1
4196 5.15659e-15 1.17816e-16 1
4197.5 5.15645e-15 1.17816e-16 1
4199 5.14659e-15 1.17816e-16 1
4200.5 5.0925e-15 1.17816e-16 1
4202 5.2036e-15 1.17816e-16 1
4203.5 5.0898e-15 1.17816e-16 1
4205 5.16887e-15 1.17816e-16 1
4206.5 4.97774e-15 1.17816e-16 1
4208 5.15033e-15 1.17816e-16 1
4209.5 5.13931e-15 1.17816e-16 1
4211 5.20044e-15 1.17816e-16 1
4212.5 5.02418e-15 1.17816e-16 1
4214 5.03642e-15 1.17816e-16 1
4215.5 4.95304e-15 1.17816e-16 1
4217 4.93737e-15 1.17816e-16 1
4218.5 4.78118e-15 1.17816e-16 1
4220 4.83545e-15 1.17816e-16 1
4221.5 4.8454e-15 1.17816e-16 1
4223 4.91407e-15 1.17816e-16 1
4224.5 4.91812e-15 1.17816e-16 1
4226 4.87305e-15 1.17816e-16 1
4227.5 4.7916e-15 1.17816e-16 1
4229 4.8651e-15 1.17816e-16 1
4230.5 4.8162e-15 1.17816e-16 1
4232 4.6999e-15 1.17816e-16 1
4233.5 4.72073e-15 1.17816e-16 1
4235 4.69758e-15 1.17816e-16 1
4236.5 4.61815e-15 1.17816e-16 1
4238 4.49604e-15 1.17816e-16 1
4239.5 4.48128e-15 1.17816e-16 1
4241 4.52379e-15 1.03835e-16 1
4242.5 4.50151e-15 1.03835e-16 1
4244 4.54815e-15 1.03835e-16 1
4245.5 4.47391e-15 1.03835e-16 1
4247 4.3502e-15 1.03835e-16 1
4248.5 4.30591e-15 1.03835e-16 1
4250 4.1793e-15 1.03835e-16 1
4251.5 4.22956e-15 1.03835e-16 1
4253 4.06728e-15 1.03835e-16 1
4254.5 4.00801e-15 1.03835e-16 1
4256 4.09929e-15 1.03835e-16 1
4257.5 4.21759e-15 1.03835e-16 1
4259 4.05071e-15 1.03835e-16 1
4260.5 3.94012e-15 1.03835e-16 1
4262 3.77729e-15 1.03835e-16 1
4263.5 3.96806e-15 1.03835e-16 1
4265 4.03816e-15 1.03835e-16 1
4266.5 3.84975e-15 1.03835e-16 1
4268 3.73423e-15 1.03835e-16 1
4269.5 3.71637e-15 1.03835e-16 1
4271 3.76789e-15 1.03835e-16 1
4272.5 3.7821e-15 1.03835e-16 1
4274 3.7393e-15 1.03835e-16 1
4275.5 3.7199e-15 1.03835e-16 1
4277 3.70691e-15 1.03835e-16 1
4278.5 3.69432e-15 1.03835e-16 1
4280 3.52588e-15 1.03835e-16 1
4281.5 3.58575e-15 1.03835e-16 1
4283 3.6421e-15 1.03835e-16 1
4284.5 3.54135e-15 1.03835e-16 1
4286 3.60978e-15 1.03835e-16 1
4287.5 3.63796e-15 1.03835e-16 1
4289 3.59593e-15 1.03835e-16 1
4290.5 3.56374e-15 1.03835e-16 1
4292 3.63816e-15 1.03835e-16 1
4293.5 3.64556e-15 1.03835e-16 1
4295 3.54836e-15 1.03835e-16 1
4296.5 3.58611e-15 1.03835e-16 1
4298 3.51813e-15 1.03835e-16 1
4299.5 3.4045e-15 1.03835e-16 1
4301 3.3747e-15 1.03835e-16 1
4302.5 3.29928e-15 1.03835e-16 1
4304 3.29752e-15 1.03835e-16 1
4305.5 3.3082e-15 1.03835e-16 1
4307 3.231e-15 1.03835e-16 1
4308.5 3.26698e-15 1.03835e-16 1
4310 3.35093e-15 1.03835e-16 1
4311.5 3.31202e-15 1.03835e-16 1
4313 3.19276e-15 1.03835e-16 1
4314.5 3.16264e-15 1.03835e-16 1
4316 3.16909e-15 1.03835e-16 1
4317.5 3.13897e-15 1.03835e-16 1
4319 3.16956e-15 1.03835e-16 1
4320.5 3.14136e-15 1.03835e-16 1
4322 3.11411e-15 1.03835e-16 1
4323.5 3.13369e-15 1.03835e-16 1
4325 3.08224e-15 1.03835e-16 1
4326.5 3.14392e-15 1.03835e-16 1
4328 3.21494e-15 1.03835e-16 1
4329.5 3.21531e-15 1.03835e-16 1
4331 3.19975e-15 1.03835e-16 1
4332.5 3.25679e-15 1.03835e-16 1
4334 3.36339e-15 1.03835e-16 1
4335.5 3.19795e-15 1.03835e-16 1
4337 3.12962e-15 1.03835e-16 1
4338.5 3.14885e-15 1.03835e-16 1
4340 3.26152e-15 1.68048e-16 1
4341.5 3.31769e-15 1.68048e-16 1
4343 3.40747e-15 1.68048e-16 1
4344.5 3.48328e-15 1.68048e-16 1
4346 3.40599e-15 1.68048e-16 1
4347.5 3.37421e-15 1.68048e-16 1
4349 3.3413e-15 1.68048e-16 1
4350.5 3.47825e-15 1.68048e-16 1
4352 3.67819e-15 1.68048e-16 1
4353.5 3.66889e-15 1.68048e-16 1
4355 3.63928e-15 1.68048e-16 1
4356.5 3.67327e-15 1.68048e-16 1
4358 3.73788e-15 1.68048e-16 1
4359.5 3.6236e-15 1.68048e-16 1
4361 3.68344e-15 1.68048e-16 1
4362.5 3.73057e-15 1.68048e-16 1
4364 3.76281e-15 1.68048e-16 1
4365.5 3.85161e-15 1.68048e-16 1
4367 3.78206e-15 1.68048e-16 1
4368.5 3.75139e-15 1.68048e-16 1
4370 3.80011e-15 1.68048e-16 1
4371.5 3.89331e-15 1.68048e-16 1
4373 3.92309e-15 1.68048e-16 1
4374.5 3.86448e-15 1.68048e-16 1
4376 3.87739e-15 1.68048e-16 1
4377.5 3.94493e-15 1.68048e-16 1
4379 4.0394e-15 1.68048e-16 1
4380.5 4.10418e-15 1.68048e-16 1
4382 4.11382e-15 1.68048e-16 1
4383.5 4.05396e-15 1.68048e-16 1
4385 3.97531e-15 1.68048e-16 1
4386.5 4.08505e-15 1.68048e-16 1
4388 4.2644e-15 1.68048e-16 1
4389.5 4.24298e-15 1.68048e-16 1
4391 4.28755e-15 1.68048e-16 1
4392.5 4.45604e-15 1.68048e-16 1
4394 4.42173e-15 1.68048e-16 1
4395.5 4.49013e-15 1.68048e-16 1
4397 4.45557e-15 1.68048e-16 1
4398.5 4.36802e-15 1.68048e-16 1
4400 4.44783e-15 1.68048e-16 1
4401.5 4.51378e-15 1.68048e-16 1
4403 4.50074e-15 1.68048e-16 1
4404.5 4.43306e-15 1.68048e-16 1
4406 4.53479e-15 1.68048e-16 1
4407.5 4.51912e-15 1.68048e-16 1
4409 4.56035e-15 1.68048e-16 1
4410.5 4.5705e-15 1.68048e-16 1
4412 4.71565e-15 1.68048e-16 1
4413.5 4.61915e-15 1.68048e-16 1
4415 4.59305e-15 1.68048e-16 1
4416.5 4.67104e-15 1.68048e-16 1
4418 4.70734e-15 1.68048e-16 1
4419.5 4.70959e-15 1.68048e-16 1
4421 4.5144e-15 1.68048e-16 1
4422.5 4.56731e-15 1.68048e-16 1
4424 4.6568e-15 1.68048e-16 1
4425.5 4.71183e-15 1.68048e-16 1
4427 4.73151e-15 1.68048e-16 1
4428.5 4.68539e-15 1.68048e-16 1
4430 4.58565e-15 1.68048e-16 1
4431.5 4.56742e-15 1.68048e-16 1
4433 4.57746e-15 1.68048e-16 1
4434.5 4.52429e-15 1.68048e-16 1
4436 4.55907e-15 1.68048e-16 1
4437.5 4.57567e-15 1.68048e-16 1
4439 4.46473e-15 1.68048e-16 1
4440.5 4.36044e-15 1.50203e-16 1
4442 4.3725e-15 1.50203e-16 1
4443.5 4.27254e-15 1.50203e-16 1
4445 4.21821e-15 1.50203e-16 1
4446.5 4.17301e-15 1.50203e-16 1
4448 4.14202e-15 1.50203e-16 1
4449.5 4.03017e-15 1.50203e-16 1
4451 3.90333e-15 1.50203e-16 1
4452.5 3.92168e-15 1.50203e-16 1
4454 3.96634e-15 1.50203e-16 1
4455.5 4.05625e-15 1.50203e-16 1
4457 3.98178e-15 1.50203e-16 1
4458.5 4.07472e-15 1.50203e-16 1
4460 3.88377e-15 1.50203e-16 1
4461.5 3.71186e-15 1.50203e-16 1
4463 3.81784e-15 1.50203e-16 1
4464.5 3.91322e-15 1.50203e-16 1
4466 3.84173e-15 1.50203e-16 1
4467.5 3.87677e-15 1.50203e-16 1
4469 3.86369e-15 1.50203e-16 1
4470.5 3.73233e-15 1.50203e-16 1
4472 3.67748e-15 1.50203e-16 1
4473.5 3.84697e-15 1.50203e-16 1
4475 3.79553e-15 1.50203e-16 1
4476.5 3.85109e-15 1.50203e-16 1
4478 3.84073e-15 1.50203e-16 1
4479.5 3.81273e-15 1.50203e-16 1
4481 3.77626e-15 1.50203e-16 1
4482.5 3.92632e-15 1.50203e-16 1
4484 3.95519e-15 1.50203e-16 1
4485.5 3.90154e-15 1.50203e-16 1
4487 3.95178e-15 1.50203e-16 1
4488.5 4.05614e-15 1.50203e-16 1
4490 4.0203e-15 1.50203e-16 1
4491.5 4.13037e-15 1.50203e-16 1
4493 4.13277e-15 1.50203e-16 1
4494.5 4.20952e-15 1.50203e-16 1
4496 4.15511e-15 1.50203e-16 1
4497.5 4.09904e-15 1.50203e-16 1
4499 4.13881e-15 1.50203e-16 1
4500.5 4.29576e-15 1.50203e-16 1
4502 4.29462e-15 1.50203e-16 1
4503.5 4.25784e-15 1.50203e-16 1
4505 4.28197e-15 1.50203e-16 1
4506.5 4.26937e-15 1.50203e-16 1
4508 4.27831e-15 1.50203e-16 1
4509.5 4.23639e-15 1.50203e-16 1
4511 4.22979e-15 1.50203e-16 1
4512.5 4.34799e-15 1.50203e-16 1
4514 4.40819e-15 1.50203e-16 1
4515.5 4.3641e-15 1.50203e-16 1
4517 4.46094e-15 1.50203e-16 1
4518.5 4.39103e-15 1.50203e-16 1
4520 4.29494e-15 1.50203e-16 1
4521.5 4.42241e-15 1.50203e-16 1
4523 4.49312e-15 1.50203e-16 1
4524.5 4.49284e-15 1.50203e-16 1
4526 4.50107e-15 1.50203e-16 1
4527.5 4.51679e-15 1.50203e-16 1
4529 4.466e-15 1.50203e-16 1
4530.5 4.50837e-15 1.50203e-16 1
4532 4.42186e-15 1.50203e-16 1
4533.5 4.51109e-15 1.50203e-16 1
4535 4.47291e-15 1.50203e-16 1
4536.5 4.55353e-15 1.50203e-16 1
4538 4.63476e-15 1.50203e-16 1
4539.5 4.62561e-15 1.50203e-16 1
4541 4.55314e-15 9.75395e-17 1
4542.5 4.46681e-15 9.75395e-17 1
4544 4.60154e-15 9.75395e-17 1
4545.5 4.58835e-15 9.75395e-17 1
4547 4.64823e-15 9.75395e-17 1
4548.5 4.63783e-15 9.75395e-17 1
4550 4.57665e-15 9.75395e-17 1
4551.5 4.40925e-15 9.75395e-17 1
4553 4.32318e-15 9.75395e-17 1
4554.5 4.6159e-15 9.75395e-17 1
4556 4.49757e-15 9.75395e-17 1
4557.5 4.60947e-15 9.75395e-17 1
4559 4.44486e-15 9.75395e-17 1
4560.5 4.40788e-15 9.75395e-17 1
4562 4.41831e-15 9.75395e-17 1
4563.5 4.3953e-15 9.75395e-17 1
4565 4.44388e-15 9.75395e-17 1
4566.5 4.44131e-15 9.75395e-17 1
4568 4.37304e-15 9.75395e-17 1
4569.5 4.39256e-15 9.75395e-17 1
4571 4.36391e-15 9.75395e-17 1
4572.5 4.35835e-15 9.75395e-17 1
4574 4.34679e-15 9.75395e-17 1
4575.5 4.37167e-15 9.75395e-17 1
4577 4.30003e-15 9.75395e-17 1
4578.5 4.3473e-15 9.75395e-17 1
4580 4.33985e-15 9.75395e-17 1
4581.5 4.42139e-15 9.75395e-17 1
4583 4.52796e-15 9.75395e-17 1
4584.5 4.43263e-15 9.75395e-17 1
4586 4.29497e-15 9.75395e-17 1
4587.5 4.29817e-15 9.75395e-17 1
4589 4.36461e-15 9.75395e-17 1
4590.5 4.43282e-15 9.75395e-17 1
4592 4.39974e-15 9.75395e-17 1
4593.5 4.32587e-15 9.75395e-17 1
4595 4.2663e-15 9.75395e-17 1
4596.5 4.29584e-15 9.75395e-17 1
4598 4.37985e-15 9.75395e-17 1
4599.5 4.37491e-15 9.75395e-17 1
4601 4.34268e-15 9.75395e-17 1
4602.5 4.50205e-15 9.75395e-17 1
4604 4.34674e-15 9.75395e-17 1
4605.5 4.35177e-15 9.75395e-17 1
4607 4.43319e-15 9.75395e-17 1
4608.5 4.38067e-15 9.75395e-17 1
4610 4.22617e-15 9.75395e-17 1
4611.5 4.24102e-15 9.75395e-17 1
4613 4.36483e-15 9.75395e-17 1
4614.5 4.49419e-15 9.75395e-17 1
4616 4.35089e-15 9.75395e-17 1
4617.5 4.35258e-15 9.75395e-17 1
4619 4.47887e-15 9.75395e-17 1
4620.5 4.39264e-15 9.75395e-17 1
4622 4.37418e-15 9.75395e-17 1
4623.5 4.37809e-15 9.75395e-17 1
4625 4.38811e-15 9.75395e-17 1
4626.5 4.39217e-15 9.75395e-17 1
4628 4.32429e-15 9.75395e-17 1
4629.5 4.32445e-15 9.75395e-17 1
4631 4.33539e-15 9.75395e-17 1
4632.5 4.26162e-15 9.75395e-17 1
4634 4.24723e-15 9.75395e-17 1
4635.5 4.29938e-15 9.75395e-17 1
4637 4.38207e-15 9.75395e-17 1
4638.5 4.28515e-15 9.75395e-17 1
4640 4.30155e-15 6.14159e-17 1
4641.5 4.31233e-15 6.14159e-17 1
4643 4.34821e-15 6.14159e-17 1
4644.5 4.41018e-15 6.14159e-17 1
4646 4.32947e-15 6.14159e-17 1
4647.5 4.26822e-15 6.14159e-17 1
4649 4.25029e-15 6.14159e-17 1
4650.5 4.22841e-15 6.14159e-17 1
4652 4.28431e-15 6.14159e-17 1
4653.5 4.28264e-15 6.14159e-17 1
4655 4.25642e-15 6.14159e-17 1
4656.5 4.24263e-15 6.14159e-17 1
4658 4.32641e-15 6.14159e-17 1
4659.5 4.37353e-15 6.14159e-17 1
4661 4.35084e-15 6.14159e-17 1
4662.5 4.3025e-15 6.14159e-17 1
4664 4.25917e-15 6.14159e-17 1
4665.5 4.24124e-15 6.14159e-17 1
4667 4.19963e-15 6.14159e-17 1
4668.5 4.20718e-15 6.14159e-17 1
4670 4.14909e-15 6.14159e-17 1
4671.5 4.14946e-15 6.14159e-17 1
4673 4.2369e-15 6.14159e-17 1
4674.5 4.22422e-15 6.14159e-17 1
4676 4.16754e-15 6.14159e-17 1
4677.5 4.19313e-15 6.14159e-17 1
4679 4.06937e-15 6.14159e-17 1
4680.5 4.04057e-15 6.14159e-17 1
4682 4.04208e-15 6.14159e-17 1
4683.5 4.10827e-15 6.14159e-17 1
4685 4.11232e-15 6.14159e-17 1
4686.5 4.02611e-15 6.14159e-17 1
4688 3.98636e-15 6.14159e-17 1
4689.5 4.04501e-15 6.14159e-17 1
4691 4.04374e-15 6.14159e-17 1
4692.5 3.77989e-15 6.14159e-17 1
4694 3.84803e-15 6.14159e-17 1
4695.5 3.90481e-15 6.14159e-17 1
4697 3.84363e-15 6.14159e-17 1
4698.5 3.81823e-15 6.14159e-17 1
4700 3.70879e-15 6.14159e-17 1
4701.5 3.76826e-15 6.14159e-17 1
4703 3.73069e-15 6.14159e-17 1
4704.5 3.7088e-15 6.14159e-17 1
4706 3.73521e-15 6.14159e-17 1
4707.5 3.72814e-15 6.14159e-17 1
4709 3.69248e-15 6.14159e-17 1
4710.5 3.57298e-15 6.14159e-17 1
4712 3.61608e-15 6.14159e-17 1
4713.5 3.67906e-15 6.14159e-17 1
4715 3.68799e-15 6.14159e-17 1
4716.5 3.56881e-15 6.14159e-17 1
4718 3.45522e-15 6.14159e-17 1
4719.5 3.49969e-15 6.14159e-17 1
4721 3.50277e-15 6.14159e-17 1
4722.5 3.45342e-15 6.14159e-17 1
4724 3.43367e-15 6.14159e-17 1
4725.5 3.46319e-15 6.14159e-17 1
4727 3.5022e-15 6.14159e-17 1
4728.5 3.50429e-15 6.14159e-17 1
4730 3.52893e-15 6.14159e-17 1
4731.5 3.48375e-15 6.14159e-17 1
4733 3.47991e-15 6.14159e-17 1
4734.5 3.45473e-15 6.14159e-17 1
4736 3.41444e-15 6.14159e-17 1
4737.5 3.43791e-15 6.14159e-17 1
4739 3.45482e-15 6.14159e-17 1
4740.5 3.38035e-15 5.77671e-17 1
4742 3.31485e-15 5.77671e-17 1
4743.5 3.42456e-15 5.77671e-17 1
4745 3.47161e-15 5.77671e-17 1
4746.5 3.50558e-15 5.77671e-17 1
4748 3.53299e-15 5.77671e-17 1
4749.5 3.48416e-15 5.77671e-17 1
4751 3.37749e-15 5.77671e-17 1
4752.5 3.31439e-15 5.77671e-17 1
4754 3.43923e-15 5.77671e-17 1
4755.5 3.46279e-15 5.77671e-17 1
4757 3.4192e-15 5.77671e-17 1
4758.5 3.44543e-15 5.77671e-17 1
4760 3.45771e-15 5.77671e-17 1
4761.5 3.34344e-15 5.77671e-17 1
4763 3.30361e-15 5.77671e-17 1
4764.5 3.39498e-15 5.77671e-17 1
4766 3.45778e-15 5.77671e-17 1
4767.5 3.40002e-15 5.77671e-17 1
4769 3.33534e-15 5.77671e-17 1
4770.5 3.33298e-15 5.77671e-17 1
4772 3.37491e-15 5.77671e-17 1
4773.5 3.3149e-15 5.77671e-17 1
4775 3.36004e-15 5.77671e-17 1
4776.5 3.37586e-15 5.77671e-17 1
4778 3.42646e-15 5.77671e-17 1
4779.5 3.41978e-15 5.77671e-17 1
4781 3.38992e-15 5.77671e-17 1
4782.5 3.31038e-15 5.77671e-17 1
4784 3.37763e-15 5.77671e-17 1
4785.5 3.36465e-15 5.77671e-17 1
4787 3.3848e-15 5.77671e-17 1
4788.5 3.41128e-15 5.77671e-17 1
4790 3.37886e-15 5.77671e-17 1
4791.5 3.37807e-15 5.77671e-17 1
4793 3.3555e-15 5.77671e-17 1
4794.5 3.25152e-15 5.77671e-17 1
4796 3.29521e-15 5.77671e-17 1
4797.5 3.42011e-15 5.77671e-17 1
4799 3.38988e-15 5.77671e-17 1
4800.5 3.41263e-15 5.77671e-17 1
4802 3.47271e-15 5.77671e-17 1
4803.5 3.40369e-15 5.77671e-17 1
4805 3.33754e-15 5.77671e-17 1
4806.5 3.30634e-15 5.77671e-17 1
4808 3.42944e-15 5.77671e-17 1
4809.5 3.36732e-15 5.77671e-17 1
4811 3.38003e-15 5.77671e-17 1
4812.5 3.47089e-15 5.77671e-17 1
4814 3.33592e-15 5.77671e-17 1
4815.5 3.37216e-15 5.77671e-17 1
4817 3.45192e-15 5.77671e-17 1
4818.5 3.41425e-15 5.77671e-17 1
4820 3.36798e-15 5.77671e-17 1
4821.5 3.30994e-15 5.77671e-17 1
4823 3.34568e-15 5.77671e-17 1
4824.5 3.38279e-15 5.77671e-17 1
4826 3.41262e-15 5.77671e-17 1
4827.5 3.4446e-15 5.77671e-17 1
4829 3.35183e-15 5.77671e-17 1
4830.5 3.46137e-15 5.77671e-17 1
4832 3.37854e-15 5.77671e-17 1
4833.5 3.48183e-15 5.77671e-17 1
4835 3.54577e-15 5.77671e-17 1
4836.5 3.48874e-15 5.77671e-17 1
4838 3.43192e-15 5.77671e-17 1
4839.5 3.47271e-15 5.77671e-17 1
4841 3.46889e-15 6.74165e-17 1
4842.5 3.45438e-15 6.74165e-17 1
4844 3.47929e-15 6.74165e-17 1
4845.5 3.43625e-15 6.74165e-17 1
4847 3.34085e-15 6.74165e-17 1
4848.5 3.31235e-15 6.74165e-17 1
4850 3.37585e-15 6.74165e-17 1
4851.5 3.31544e-15 6.74165e-17 1
4853 3.39655e-15 6.74165e-17 1
4854.5 3.49792e-15 6.74165e-17 1
4856 3.40526e-15 6.74165e-17 1
4857.5 3.32999e-15 6.74165e-17 1
4859 3.2978e-15 6.74165e-17 1
4860.5 3.33221e-15 6.74165e-17 1
4862 3.43647e-15 6.74165e-17 1
4863.5 3.46467e-15 6.74165e-17 1
4865 3.44095e-15 6.74165e-17 1
4866.5 3.39662e-15 6.74165e-17 1
4868 3.34492e-15 6.74165e-17 1
4869.5 3.3216e-15 6.74165e-17 1
4871 3.28825e-15 6.74165e-17 1
4872.5 3.22467e-15 6.74165e-17 1
4874 3.20238e-15 6.74165e-17 1
4875.5 3.20104e-15 6.74165e-17 1
4877 3.21695e-15 6.74165e-17 1
4878.5 3.23265e-15 6.74165e-17 1
4880 3.30913e-15 6.74165e-17 1
4881.5 3.2542e-15 6.74165e-17 1
4883 3.10034e-15 6.74165e-17 1
4884.5 3.03228e-15 6.74165e-17 1
4886 2.99257e-15 6.74165e-17 1
4887.5 2.98645e-15 6.74165e-17 1
4889 3.07116e-15 6.74165e-17 1
4890.5 3.00725e-15 6.74165e-17 1
4892 2.97759e-15 6.74165e-17 1
4893.5 2.98419e-15 6.74165e-17 1
4895 3.00945e-15 6.74165e-17 1
4896.5 3.01849e-15 6.74165e-17 1
4898 2.97008e-15 6.74165e-17 1
4899.5 3.02871e-15 6.74165e-17 1
4901 2.90826e-15 6.74165e-17 1
4902.5 2.89966e-15 6.74165e-17 1
4904 2.88262e-15 6.74165e-17 1
4905.5 2.9002e-15 6.74165e-17 1
4907 2.92679e-15 6.74165e-17 1
4908.5 2.94017e-15 6.74165e-17 1
4910 2.9082e-15 6.74165e-17 1
4911.5 2.92452e-15 6.74165e-17 1
4913 2.93229e-15 6.74165e-17 1
4914.5 2.87831e-15 6.74165e-17 1
4916 2.83922e-15 6.74165e-17 1
4917.5 2.83813e-15 6.74165e-17 1
4919 2.85402e-15 6.74165e-17 1
4920.5 2.88363e-15 6.74165e-17 1
4922 2.84619e-15 6.74165e-17 1
4923.5 2.72433e-15 6.74165e-17 1
4925 2.67839e-15 6.74165e-17 1
4926.5 2.75794e-15 6.74165e-17 1
4928 2.8015e-15 6.74165e-17 1
4929.5 2.76986e-15 6.74165e-17 1
4931 2.8045e-15 6.74165e-17 1
4932.5 2.74807e-15 6.74165e-17 1
4934 2.71919e-15 6.74165e-17 1
4935.5 2.73268e-15 6.74165e-17 1
4937 2.6925e-15 6.74165e-17 1
4938.5 2.63433e-15 6.74165e-17 1
4940 2.57141e-15 5.49177e-17 1
4941.5 2.54659e-15 5.49177e-17 1
4943 2.58639e-15 5.49177e-17 1
4944.5 2.58307e-15 5.49177e-17 1
4946 2.5416e-15 5.49177e-17 1
4947.5 2.56568e-15 5.49177e-17 1
4949 2.48133e-15 5.49177e-17 1
4950.5 2.53252e-15 5.49177e-17 1
4952 2.51817e-15 5.49177e-17 1
4953.5 2.44529e-15 5.49177e-17 1
4955 2.45125e-15 5.49177e-17 1
4956.5 2.52667e-15 5.49177e-17 1
4958 2.57277e-15 5.49177e-17 1
4959.5 2.47773e-15 5.49177e-17 1
4961 2.41136e-15 5.49177e-17 1
4962.5 2.47672e-15 5.49177e-17 1
4964 2.58008e-15 5.49177e-17 1
4965.5 2.44138e-15 5.49177e-17 1
4967 2.42727e-15 5.49177e-17 1
4968.5 2.44721e-15 5.49177e-17 1
4970 2.37546e-15 5.49177e-17 1
4971.5 2.3213e-15 5.49177e-17 1
4973 2.4629e-15 5.49177e-17 1
4974.5 2.55444e-15 5.49177e-17 1
4976 2.49196e-15 5.49177e-17 1
4977.5 2.44384e-15 5.49177e-17 1
4979 2.36476e-15 5.49177e-17 1
4980.5 2.35007e-15 5.49177e-17 1
4982 2.43679e-15 5.49177e-17 1
4983.5 2.36339e-15 5.49177e-17 1
4985 2.32204e-15 5.49177e-17 1
4986.5 2.34058e-15 5.49177e-17 1
4988 2.38443e-15 5.49177e-17 1
4989.5 2.34348e-15 5.49177e-17 1
4991 2.40292e-15 5.49177e-17 1
4992.5 2.3987e-15 5.49177e-17 1
4994 2.36756e-15 5.49177e-17 1
4995.5 2.35194e-15 5.49177e-17 1
4997 2.33836e-15 5.49177e-17 1
4998.5 2.27707e-15 5.49177e-17 1
5000 2.26096e-15 5.49177e-17 1
5001.5 2.27711e-15 5.49177e-17 1
5003 2.25389e-15 5.49177e-17 1
5004.5 2.25624e-15 5.49177e-17 1
5006 2.26367e-15 5.49177e-17 1
5007.5 2.29739e-15 5.49177e-17 1
5009 2.36045e-15 5.49177e-17 1
5010.5 2.32967e-15 5.49177e-17 1
5012 2.23977e-15 5.49177e-17 1
5013.5 2.19317e-15 5.49177e-17 1
5015 2.19815e-15 5.49177e-17 1
5016.5 2.22559e-15 5.49177e-17 1
5018 2.17468e-15 5.49177e-17 1
5019.5 2.21031e-15 5.49177e-17 1
5021 2.24602e-15 5.49177e-17 1
5022.5 2.27424e-15 5.49177e-17 1
5024 2.23607e-15 5.49177e-17 1
5025.5 2.27549e-15 5.49177e-17 1
5027 2.24339e-15 5.49177e-17 1
5028.5 2.17218e-15 5.49177e-17 1
5030 2.27242e-15 5.49177e-17 1
5031.5 2.32021e-15 5.49177e-17 1
5033 2.19789e-15 5.49177e-17 1
5034.5 2.3e-15 5.49177e-17 1
5036 2.33356e-15 5.49177e-17 1
5037.5 2.25827e-15 5.49177e-17 1
5039 2.28786e-15 5.49177e-17 1
5040.5 2.30746e-15 5.24901e-17 1
5042 2.19033e-15 5.24901e-17 1
5043.5 2.21245e-15 5.24901e-17 1
5045 2.28445e-15 5.24901e-17 1
5046.5 2.32203e-15 5.24901e-17 1
5048 2.30434e-15 5.24901e-17 1
5049.5 2.27229e-15 5.24901e-17 1
5051 2.31557e-15 5.24901e-17 1
5052.5 2.33634e-15 5.24901e-17 1
5054 2.31307e-15 5.24901e-17 1
5055.5 2.35859e-15 5.24901e-17 1
5057 2.43309e-15 5.24901e-17 1
5058.5 2.4715e-15 5.24901e-17 1
5060 2.54736e-15 5.24901e-17 1
5061.5 2.5363e-15 5.24901e-17 1
5063 2.46212e-15 5.24901e-17 1
5064.5 2.46538e-15 5.24901e-17 1
5066 2.49502e-15 5.24901e-17 1
5067.5 2.5161e-15 5.24901e-17 1
5069 2.54661e-15 5.24901e-17 1
5070.5 2.52519e-15 5.24901e-17 1
5072 2.54131e-15 5.24901e-17 1
5073.5 2.53775e-15 5.24901e-17 1
5075 2.51643e-15 5.24901e-17 1
5076.5 2.58287e-15 5.24901e-17 1
5078 2.62903e-15 5.24901e-17 1
5079.5 2.61181e-15 5.24901e-17 1
5081 2.61371e-15 5.24901e-17 1
5082.5 2.62963e-15 5.24901e-17 1
5084 2.64463e-15 5.24901e-17 1
5085.5 2.67107e-15 5.24901e-17 1
5087 2.6708e-15 5.24901e-17 1
5088.5 2.68312e-15 5.24901e-17 1
5090 2.70331e-15 5.24901e-17 1
5091.5 2.71521e-15 5.24901e-17 1
5093 2.66505e-15 5.24901e-17 1
5094.5 2.72119e-15 5.24901e-17 1
5096 2.71602e-15 5.24901e-17 1
5097.5 2.61925e-15 5.24901e-17 1
5099 2.69438e-15 5.24901e-17 1
5100.5 2.75867e-15 5.24901e-17 1
5102 2.64745e-15 5.24901e-17 1
5103.5 2.64884e-15 5.24901e-17 1
5105 2.75549e-15 5.24901e-17 1
5106.5 2.84783e-15 5.24901e-17 1
5108 2.8339e-15 5.24901e-17 1
5109.5 2.78264e-15 5.24901e-17 1
5111 2.80808e-15 5.24901e-17 1
5112.5 2.79012e-15 5.24901e-17 1
5114 2.79053e-15 5.24901e-17 1
5115.5 2.78664e-15 5.24901e-17 1
5117 2.77346e-15 5.24901e-17 1
5118.5 2.75128e-15 5.24901e-17 1
5120 2.76243e-15 5.24901e-17 1
5121.5 2.81143e-15 5.24901e-17 1
5123 2.83494e-15 5.24901e-17 1
5124.5 2.87282e-15 5.24901e-17 1
5126 2.91398e-15 5.24901e-17 1
5127.5 2.92886e-15 5.24901e-17 1
5129 2.91091e-15 5.24901e-17 1
5130.5 2.88907e-15 5.24901e-17 1
5132 2.89436e-15 5.24901e-17 1
5133.5 2.94979e-15 5.24901e-17 1
5135 3.0067e-15 5.24901e-17 1
5136.5 3.00821e-15 5.24901e-17 1
5138 2.99134e-15 5.24901e-17 1
5139.5 2.97659e-15 5.24901e-17 1
5141 2.95344e-15 5.02332e-17 1
5142.5 2.9474e-15 5.02332e-17 1
5144 2.96821e-15 5.02332e-17 1
5145.5 3.0047e-15 5.02332e-17 1
5147 3.00628e-15 5.02332e-17 1
5148.5 3.00633e-15 5.02332e-17 1
5150 3.00766e-15 5.02332e-17 1
5151.5 2.96192e-15 5.02332e-17 1
5153 3.01881e-15 5.02332e-17 1
5154.5 3.05747e-15 5.02332e-17 1
5156 2.98063e-15 5.02332e-17 1
5157.5 3.01224e-15 5.02332e-17 1
5159 3.12211e-15 5.02332e-17 1
5160.5 3.10479e-15 5.02332e-17 1
5162 3.02554e-15 5.02332e-17 1
5163.5 3.04104e-15 5.02332e-17 1
5165 3.10233e-15 5.02332e-17 1
5166.5 3.12704e-15 5.02332e-17 1
5168 3.12246e-15 5.02332e-17 1
5169.5 3.1029e-15 5.02332e-17 1
5171 3.14217e-15 5.02332e-17 1
5172.5 3.13259e-15 5.02332e-17 1
5174 3.07963e-15 5.02332e-17 1
5175.5 3.06335e-15 5.02332e-17 1
5177 2.98992e-15 5.02332e-17 1
5178.5 3.06621e-15 5.02332e-17 1
5180 3.09932e-15 5.02332e-17 1
5181.5 3.05795e-15 5.02332e-17 1
5183 3.00424e-15 5.02332e-17 1
5184.5 2.97405e-15 5.02332e-17 1
5186 3.00533e-15 5.02332e-17 1
5187.5 2.99963e-15 5.02332e-17 1
5189 3.07101e-15 5.02332e-17 1
5190.5 3.11421e-15 5.02332e-17 1
5192 3.12344e-15 5.02332e-17 1
5193.5 3.09376e-15 5.02332e-17 1
5195 3.13577e-15 5.02332e-17 1
5196.5 3.13621e-15 5.02332e-17 1
5198 3.09029e-15 5.02332e-17 1
5199.5 3.06592e-15 5.02332e-17 1
5201 3.08002e-15 5.02332e-17 1
5202.5 3.13221e-15 5.02332e-17 1
5204 3.12458e-15 5.02332e-17 1
5205.5 3.07852e-15 5.02332e-17 1
5207 3.011e-15 5.02332e-17 1
5208.5 3.00618e-15 5.02332e-17 1
5210 3.0257e-15 5.02332e-17 1
5211.5 3.07116e-15 5.02332e-17 1
5213 3.11677e-15 5.02332e-17 1
5214.5 3.09839e-15 5.02332e-17 1
5216 3.08862e-15 5.02332e-17 1
5217.5 3.15261e-15 5.02332e-17 1
5219 3.1238e-15 5.02332e-17 1
5220.5 3.06114e-15 5.02332e-17 1
5222 3.06495e-15 5.02332e-17 1
5223.5 3.17309e-15 5.02332e-17 1
5225 3.2148e-15 5.02332e-17 1
5226.5 3.09437e-15 5.02332e-17 1
5228 3.11317e-15 5.02332e-17 1
5229.5 3.11999e-15 5.02332e-17 1
5231 3.03193e-15 5.02332e-17 1
5232.5 3.08855e-15 5.02332e-17 1
5234 3.08018e-15 5.02332e-17 1
5235.5 3.04748e-15 5.02332e-17 1
5237 3.16355e-15 5.02332e-17 1
5238.5 3.15255e-15 5.02332e-17 1
5240 3.11516e-15 4.79357e-17 1
5241.5 3.15276e-15 4.79357e-17 1
5243 3.07165e-15 4.79357e-17 1
5244.5 3.06424e-15 4.79357e-17 1
5246 2.99621e-15 4.79357e-17 1
5247.5 3.02444e-15 4.79357e-17 1
5249 3.13941e-15 4.79357e-17 1
5250.5 3.09306e-15 4.79357e-17 1
5252 3.12115e-15 4.79357e-17 1
5253.5 3.19966e-15 4.79357e-17 1
5255 3.12283e-15 4.79357e-17 1
5256.5 3.0722e-15 4.79357e-17 1
5258 3.13728e-15 4.79357e-17 1
5259.5 3.12141e-15 4.79357e-17 1
5261 3.07315e-15 4.79357e-17 1
5262.5 3.11866e-15 4.79357e-17 1
5264 3.03055e-15 4.79357e-17 1
5265.5 3.05092e-15 4.79357e-17 1
5267 3.05462e-15 4.79357e-17 1
5268.5 3.08051e-15 4.79357e-17 1
5270 3.10245e-15 4.79357e-17 1
5271.5 3.01707e-15 4.79357e-17 1
5273 3.00546e-15 4.79357e-17 1
5274.5 3.01795e-15 4.79357e-17 1
5276 2.94703e-15 4.79357e-17 1
5277.5 2.87014e-15 4.79357e-17 1
5279 2.86011e-15 4.79357e-17 1
5280.5 2.91661e-15 4.79357e-17 1
5282 2.90228e-15 4.79357e-17 1
5283.5 2.86971e-15 4.79357e-17 1
5285 2.92915e-15 4.79357e-17 1
5286.5 2.89373e-15 4.79357e-17 1
5288 2.83296e-15 4.79357e-17 1
5289.5 2.86846e-15 4.79357e-17 1
5291 2.85111e-15 4.79357e-17 1
5292.5 2.87043e-15 4.79357e-17 1
5294 2.88941e-15 4.79357e-17 1
5295.5 2.83369e-15 4.79357e-17 1
5297 2.75119e-15 4.79357e-17 1
5298.5 2.75644e-15 4.79357e-17 1
5300 2.80925e-15 4.79357e-17 1
5301.5 2.7088e-15 4.79357e-17 1
5303 2.68597e-15 4.79357e-17 1
5304.5 2.73579e-15 4.79357e-17 1
5306 2.7346e-15 4.79357e-17 1
5307.5 2.62184e-15 4.79357e-17 1
5309 2.67513e-15 4.79357e-17 1
5310.5 2.74737e-15 4.79357e-17 1
5312 2.65418e-15 4.79357e-17 1
5313.5 2.56323e-15 4.79357e-17 1
5315 2.66407e-15 4.79357e-17 1
5316.5 2.64993e-15 4.79357e-17 1
5318 2.59226e-15 4.79357e-17 1
5319.5 2.61014e-15 4.79357e-17 1
5321 2.57992e-15 4.79357e-17 1
5322.5 2.57087e-15 4.79357e-17 1
5324 2.57514e-15 4.79357e-17 1
5325.5 2.54927e-15 4.79357e-17 1
5327 2.55424e-15 4.79357e-17 1
5328.5 2.54241e-15 4.79357e-17 1
5330 2.51408e-15 4.79357e-17 1
5331.5 2.47481e-15 4.79357e-17 1
5333 2.46351e-15 4.79357e-17 1
5334.5 2.52398e-15 4.79357e-17 1
5336 2.554e-15 4.79357e-17 1
5337.5 2.47168e-15 4.79357e-17 1
5339 2.42614e-15 4.79357e-17 1
5340.5 2.46057e-15 5.2466e-17 1
5342 2.45682e-15 5.2466e-17 1
5343.5 2.42278e-15 5.2466e-17 1
5345 2.46561e-15 5.2466e-17 1
5346.5 2.47038e-15 5.2466e-17 1
5348 2.44377e-15 5.2466e-17 1
5349.5 2.47576e-15 5.2466e-17 1
5351 2.44945e-15 5.2466e-17 1
5352.5 2.42682e-15 5.2466e-17 1
5354 2.44083e-15 5.2466e-17 1
5355.5 2.38597e-15 5.2466e-17 1
5357 2.36903e-15 5.2466e-17 1
5358.5 2.33228e-15 5.2466e-17 1
5360 2.34193e-15 5.2466e-17 1
5361.5 2.42335e-15 5.2466e-17 1
5363 2.44711e-15 5.2466e-17 1
5364.5 2.42433e-15 5.2466e-17 1
5366 2.32008e-15 5.2466e-17 1
5367.5 2.29978e-15 5.2466e-17 1
5369 2.31622e-15 5.2466e-17 1
5370.5 2.32787e-15 5.2466e-17 1
5372 2.40761e-15 5.2466e-17 1
5373.5 2.46904e-15 5.2466e-17 1
5375 2.42438e-15 5.2466e-17 1
5376.5 2.45104e-15 5.2466e-17 1
5378 2.42581e-15 5.2466e-17 1
5379.5 2.42725e-15 5.2466e-17 1
5381 2.45877e-15 5.2466e-17 1
5382.5 2.54614e-15 5.2466e-17 1
5384 2.44396e-15 5.2466e-17 1
5385.5 2.37057e-15 5.2466e-17 1
5387 2.46108e-15 5.2466e-17 1
5388.5 2.44144e-15 5.2466e-17 1
5390 2.40691e-15 5.2466e-17 1
5391.5 2.52845e-15 5.2466e-17 1
5393 2.53683e-15 5.2466e-17 1
5394.5 2.45687e-15 5.2466e-17 1
5396 2.37867e-15 5.2466e-17 1
5397.5 2.44123e-15 5.2466e-17 1
5399 2.50156e-15 5.2466e-17 1
5400.5 2.41478e-15 5.2466e-17 1
5402 2.35274e-15 5.2466e-17 1
5403.5 2.38149e-15 5.2466e-17 1
5405 2.39763e-15 5.2466e-17 1
5406.5 2.38647e-15 5.2466e-17 1
5408 2.37355e-15 5.2466e-17 1
5409.5 2.36139e-15 5.2466e-17 1
5411 2.39074e-15 5.2466e-17 1
5412.5 2.39825e-15 5.2466e-17 1
5414 2.40126e-15 5.2466e-17 1
5415.5 2.36859e-15 5.2466e-17 1
5417 2.34666e-15 5.2466e-17 1
5418.5 2.36974e-15 5.2466e-17 1
5420 2.41032e-15 5.2466e-17 1
5421.5 2.413e-15 5.2466e-17 1
5423 2.38618e-15 5.2466e-17 1
5424.5 2.4204e-15 5.2466e-17 1
5426 2.44303e-15 5.2466e-17 1
5427.5 2.40078e-15 5.2466e-17 1
5429 2.38415e-15 5.2466e-17 1
5430.5 2.38201e-15 5.2466e-17 1
5432 2.34923e-15 5.2466e-17 1
5433.5 2.33028e-15 5.2466e-17 1
5435 2.38798e-15 5.2466e-17 1
5436.5 2.47283e-15 5.2466e-17 1
5438 2.41345e-15 5.2466e-17 1
5439.5 2.37164e-15 5.2466e-17 1
5441 2.37583e-15 5.72526e-17 1
5442.5 2.36683e-15 5.72526e-17 1
5444 2.41808e-15 5.72526e-17 1
5445.5 2.32662e-15 5.72526e-17 1
5447 2.33527e-15 5.72526e-17 1
5448.5 2.47216e-15 5.72526e-17 1
5450 2.4395e-15 5.72526e-17 1
5451.5 2.3269e-15 5.72526e-17 1
5453 2.38114e-15 5.72526e-17 1
5454.5 2.43494e-15 5.72526e-17 1
5456 2.35528e-15 5.72526e-17 1
5457.5 2.4151e-15 5.72526e-17 1
5459 2.44958e-15 5.72526e-17 1
5460.5 2.37437e-15 5.72526e-17 1
5462 2.45435e-15 5.72526e-17 1
5463.5 2.45568e-15 5.72526e-17 1
5465 2.37225e-15 5.72526e-17 1
5466.5 2.37513e-15 5.72526e-17 1
5468 2.38639e-15 5.72526e-17 1
5469.5 2.32051e-15 5.72526e-17 1
5471 2.3508e-15 5.72526e-17 1
5472.5 2.3932e-15 5.72526e-17 1
5474 2.40457e-15 5.72526e-17 1
5475.5 2.3566e-15 5.72526e-17 1
5477 2.2831e-15 5.72526e-17 1
5478.5 2.28153e-15 5.72526e-17 1
5480 2.31983e-15 5.72526e-17 1
5481.5 2.28403e-15 5.72526e-17 1
5483 2.23618e-15 5.72526e-17 1
5484.5 2.22423e-15 5.72526e-17 1
5486 2.27922e-15 5.72526e-17 1
5487.5 2.30204e-15 5.72526e-17 1
5489 2.26068e-15 5.72526e-17 1
5490.5 2.25733e-15 5.72526e-17 1
5492 2.32248e-15 5.72526e-17 1
5493.5 2.30206e-15 5.72526e-17 1
5495 2.22191e-15 5.72526e-17 1
5496.5 2.1808e-15 5.72526e-17 1
5498 2.22168e-15 5.72526e-17 1
5499.5 2.23092e-15 5.72526e-17 1
5501 2.30365e-15 5.72526e-17 1
5502.5 2.25341e-15 5.72526e-17 1
5504 2.19658e-15 5.72526e-17 1
5505.5 2.17843e-15 5.72526e-17 1
5507 2.22679e-15 5.72526e-17 1
5508.5 2.28049e-15 5.72526e-17 1
5510 2.2293e-15 5.72526e-17 1
5511.5 2.17635e-15 5.72526e-17 1
5513 2.17879e-15 5.72526e-17 1
5514.5 2.17825e-15 5.72526e-17 1
5516 2.18414e-15 5.72526e-17 1
5517.5 2.20981e-15 5.72526e-17 1
5519 2.21305e-15 5.72526e-17 1
5520.5 2.22579e-15 5.72526e-17 1
5522 2.25893e-15 5.72526e-17 1
5523.5 2.23264e-15 5.72526e-17 1
5525 2.2132e-15 5.72526e-17 1
5526.5 2.22412e-15 5.72526e-17 1
5528 2.24359e-15 5.72526e-17 1
5529.5 2.28056e-15 5.72526e-17 1
5531 2.24058e-15 5.72526e-17 1
5532.5 2.34015e-15 5.72526e-17 1
5534 2.3187e-15 5.72526e-17 1
5535.5 2.24406e-15 5.72526e-17 1
5537 2.21476e-15 5.72526e-17 1
5538.5 2.21115e-15 5.72526e-17 1
5540 2.25103e-15 7.5687e-17 1
5541.5 2.32548e-15 7.5687e-17 1
5543 2.25576e-15 7.5687e-17 1
5544.5 2.27041e-15 7.5687e-17 1
5546 2.2743e-15 7.5687e-17 1
5547.5 2.30935e-15 7.5687e-17 1
5549 2.28722e-15 7.5687e-17 1
5550.5 2.34059e-15 7.5687e-17 1
5552 2.3711e-15 7.5687e-17 1
5553.5 2.33564e-15 7.5687e-17 1
5555 2.34764e-15 7.5687e-17 1
5556.5 2.33804e-15 7.5687e-17 1
5558 2.30488e-15 7.5687e-17 1
5559.5 2.30971e-15 7.5687e-17 1
5561 2.34144e-15 7.5687e-17 1
5562.5 2.32309e-15 7.5687e-17 1
5564 2.35074e-15 7.5687e-17 1
5565.5 2.32963e-15 7.5687e-17 1
5567 2.30141e-15 7.5687e-17 1
5568.5 2.28721e-15 7.5687e-17 1
5570 2.28186e-15 7.5687e-17 1
5571.5 2.36742e-15 7.5687e-17 1
5573 2.371e-15 7.5687e-17 1
5574.5 2.42148e-15 7.5687e-17 1
5576 2.45515e-15 7.5687e-17 1
5577.5 2.4044e-15 7.5687e-17 1
5579 2.30287e-15 7.5687e-17 1
5580.5 2.25228e-15 7.5687e-17 1
5582 2.2402e-15 7.5687e-17 1
5583.5 2.21283e-15 7.5687e-17 1
5585 2.29953e-15 7.5687e-17 1
5586.5 2.33847e-15 7.5687e-17 1
5588 2.22537e-15 7.5687e-17 1
5589.5 2.19042e-15 7.5687e-17 1
5591 2.23557e-15 7.5687e-17 1
5592.5 2.24497e-15 7.5687e-17 1
5594 2.20285e-15 7.5687e-17 1
5595.5 2.24342e-15 7.5687e-17 1
5597 2.26517e-15 7.5687e-17 1
5598.5 2.21454e-15 7.5687e-17 1
5600 2.21236e-15 7.5687e-17 1
5601.5 2.15875e-15 7.5687e-17 1
5603 2.17409e-15 7.5687e-17 1
5604.5 2.15519e-15 7.5687e-17 1
5606 2.07342e-15 7.5687e-17 1
5607.5 1.98678e-15 7.5687e-17 1
5609 2.02956e-15 7.5687e-17 1
5610.5 2.0843e-15 7.5687e-17 1
5612 2.03913e-15 7.5687e-17 1
5613.5 2.07223e-15 7.5687e-17 1
5615 2.12563e-15 7.5687e-17 1
5616.5 2.11386e-15 7.5687e-17 1
5618 2.11502e-15 7.5687e-17 1
5619.5 2.11223e-15 7.5687e-17 1
5621 2.08387e-15 7.5687e-17 1
5622.5 2.08642e-15 7.5687e-17 1
5624 2.08315e-15 7.5687e-17 1
5625.5 2.0632e-15 7.5687e-17 1
5627 2.08961e-15 7.5687e-17 1
5628.5 2.1374e-15 7.5687e-17 1
5630 2.13638e-15 7.5687e-17 1
5631.5 2.14629e-15 7.5687e-17 1
5633 2.21111e-15 7.5687e-17 1
5634.5 2.20229e-15 7.5687e-17 1
5636 2.15448e-15 7.5687e-17 1
5637.5 2.20502e-15 7.5687e-17 1
5639 2.19287e-15 7.5687e-17 1
5640.5 2.14926e-15 5.26995e-17 1
5642 2.16084e-15 5.26995e-17 1
5643.5 2.1467e-15 5.26995e-17 1
5645 2.15512e-15 5.26995e-17 1
5646.5 2.1775e-15 5.26995e-17 1
5648 2.16987e-15 5.26995e-17 1
5649.5 2.22288e-15 5.26995e-17 1
5651 2.23758e-15 5.26995e-17 1
5652.5 2.16639e-15 5.26995e-17 1
5654 2.207e-15 5.26995e-17 1
5655.5 2.24682e-15 5.26995e-17 1
5657 2.17075e-15 5.26995e-17 1
5658.5 2.13946e-15 5.26995e-17 1
5660 2.1481e-15 5.26995e-17 1
5661.5 2.16227e-15 5.26995e-17 1
5663 2.16145e-15 5.26995e-17 1
5664.5 2.18669e-15 5.26995e-17 1
5666 2.21169e-15 5.26995e-17 1
5667.5 2.1602e-15 5.26995e-17 1
5669 2.21614e-15 5.26995e-17 1
5670.5 2.2216e-15 5.26995e-17 1
5672 2.19873e-15 5.26995e-17 1
5673.5 2.17024e-15 5.26995e-17 1
5675 2.12923e-15 5.26995e-17 1
5676.5 2.16694e-15 5.26995e-17 1
5678 2.18158e-15 5.26995e-17 1
5679.5 2.21885e-15 5.26995e-17 1
5681 2.27656e-15 5.26995e-17 1
5682.5 2.16335e-15 5.26995e-17 1
5684 2.10248e-15 5.26995e-17 1
5685.5 2.16248e-15 5.26995e-17 1
5687 2.19682e-15 5.26995e-17 1
5688.5 2.21878e-15 5.26995e-17 1
5690 2.14146e-15 5.26995e-17 1
5691.5 2.11747e-15 5.26995e-17 1
5693 2.14861e-15 5.26995e-17 1
5694.5 2.13274e-15 5.26995e-17 1
5696 2.14676e-15 5.26995e-17 1
5697.5 2.19259e-15 5.26995e-17 1
5699 2.23105e-15 5.26995e-17 1
5700.5 2.22277e-15 5.26995e-17 1
5702 2.15622e-15 5.26995e-17 1
5703.5 2.10628e-15 5.26995e-17 1
5705 2.10773e-15 5.26995e-17 1
5706.5 2.1259e-15 5.26995e-17 1
5708 2.11419e-15 5.26995e-17 1
5709.5 2.11582e-15 5.26995e-17 1
5711 2.15162e-15 5.26995e-17 1
5712.5 2.18297e-15 5.26995e-17 1
5714 2.17252e-15 5.26995e-17 1
5715.5 2.22115e-15 5.26995e-17 1
5717 2.21492e-15 5.26995e-17 1
5718.5 2.19751e-15 5.26995e-17 1
5720 2.25226e-15 5.26995e-17 1
5721.5 2.32825e-15 5.26995e-17 1
5723 2.22861e-15 5.26995e-17 1
5724.5 2.12515e-15 5.26995e-17 1
5726 2.12911e-15 5.26995e-17 1
5727.5 2.17816e-15 5.26995e-17 1
5729 2.29513e-15 5.26995e-17 1
5730.5 2.21857e-15 5.26995e-17 1
5732 2.16691e-15 5.26995e-17 1
5733.5 2.19676e-15 5.26995e-17 1
5735 2.15539e-15 5.26995e-17 1
5736.5 2.14913e-15 5.26995e-17 1
5738 2.18957e-15 5.26995e-17 1
5739.5 2.25489e-15 5.26995e-17 1
5741 2.30712e-15 4.07587e-17 1
5742.5 2.22193e-15 4.07587e-17 1
5744 2.12529e-15 4.07587e-17 1
5745.5 2.20745e-15 4.07587e-17 1
5747 2.21231e-15 4.07587e-17 1
5748.5 2.22665e-15 4.07587e-17 1
5750 2.22725e-15 4.07587e-17 1
5751.5 2.18329e-15 4.07587e-17 1
5753 2.15033e-15 4.07587e-17 1
5754.5 2.148e-15 4.07587e-17 1
5756 2.15301e-15 4.07587e-17 1
5757.5 2.19727e-15 4.07587e-17 1
5759 2.19415e-15 4.07587e-17 1
5760.5 2.21272e-15 4.07587e-17 1
5762 2.20107e-15 4.07587e-17 1
5763.5 2.18281e-15 4.07587e-17 1
5765 2.19081e-15 4.07587e-17 1
5766.5 2.18851e-15 4.07587e-17 1
5768 2.22095e-15 4.07587e-17 1
5769.5 2.19879e-15 4.07587e-17 1
5771 2.12039e-15 4.07587e-17 1
5772.5 2.13284e-15 4.07587e-17 1
5774 2.12386e-15 4.07587e-17 1
5775.5 2.10123e-15 4.07587e-17 1
5777 2.14565e-15 4.07587e-17 1
5778.5 2.13953e-15 4.07587e-17 1
5780 2.11285e-15 4.07587e-17 1
5781.5 2.12078e-15 4.07587e-17 1
5783 2.08131e-15 4.07587e-17 1
5784.5 2.07048e-15 4.07587e-17 1
5786 2.05966e-15 4.07587e-17 1
5787.5 2.05966e-15 4.07587e-17 1
5789 2.04993e-15 4.07587e-17 1
5790.5 2.12537e-15 4.07587e-17 1
5792 2.06276e-15 4.07587e-17 1
5793.5 2.01624e-15 4.07587e-17 1
5795 2.06401e-15 4.07587e-17 1
5796.5 2.1422e-15 4.07587e-17 1
5798 2.06959e-15 4.07587e-17 1
5799.5 2.11651e-15 4.07587e-17 1
5801 2.18848e-15 4.07587e-17 1
5802.5 2.13633e-15 4.07587e-17 1
5804 2.1042e-15 4.07587e-17 1
5805.5 2.09488e-15 4.07587e-17 1
5807 2.07444e-15 4.07587e-17 1
5808.5 2.07666e-15 4.07587e-17 1
5810 2.20636e-15 4.07587e-17 1
5811.5 2.15799e-15 4.07587e-17 1
5813 2.06676e-15 4.07587e-17 1
5814.5 2.10937e-15 4.07587e-17 1
5816 2.06782e-15 4.07587e-17 1
5817.5 2.07417e-15 4.07587e-17 1
5819 2.10465e-15 4.07587e-17 1
5820.5 2.10336e-15 4.07587e-17 1
5822 2.0925e-15 4.07587e-17 1
5823.5 2.06444e-15 4.07587e-17 1
5825 2.1287e-15 4.07587e-17 1
5826.5 2.10335e-15 4.07587e-17 1
5828 2.09186e-15 4.07587e-17 1
5829.5 2.11009e-15 4.07587e-17 1
5831 2.12892e-15 4.07587e-17 1
5832.5 2.10591e-15 4.07587e-17 1
5834 2.06478e-15 4.07587e-17 1
5835.5 2.10199e-15 4.07587e-17 1
5837 2.15124e-15 4.07587e-17 1
5838.5 2.19477e-15 4.07587e-17 1
5840 2.13687e-15 4.1064e-17 1
5841.5 2.04038e-15 4.1064e-17 1
5843 2.03626e-15 4.1064e-17 1
5844.5 2.08236e-15 4.1064e-17 1
5846 2.13667e-15 4.1064e-17 1
5847.5 2.08965e-15 4.1064e-17 1
5849 2.0767e-15 4.1064e-17 1
5850.5 2.14585e-15 4.1064e-17 1
5852 2.13376e-15 4.1064e-17 1
5853.5 2.09616e-15 4.1064e-17 1
5855 2.06435e-15 4.1064e-17 1
5856.5 2.07042e-15 4.1064e-17 1
5858 2.10379e-15 4.1064e-17 1
5859.5 2.10063e-15 4.1064e-17 1
5861 2.09762e-15 4.1064e-17 1
5862.5 2.07625e-15 4.1064e-17 1
5864 2.03646e-15 4.1064e-17 1
5865.5 2.03144e-15 4.1064e-17 1
5867 2.03933e-15 4.1064e-17 1
5868.5 2.0062e-15 4.1064e-17 1
5870 2.03314e-15 4.1064e-17 1
5871.5 2.14223e-15 4.1064e-17 1
5873 2.11232e-15 4.1064e-17 1
5874.5 2.09586e-15 4.1064e-17 1
5876 2.10413e-15 4.1064e-17 1
5877.5 2.06106e-15 4.1064e-17 1
5879 2.14075e-15 4.1064e-17 1
5880.5 2.1646e-15 4.1064e-17 1
5882 2.07258e-15 4.1064e-17 1
5883.5 2.04435e-15 4.1064e-17 1
5885 2.04581e-15 4.1064e-17 1
5886.5 2.01348e-15 4.1064e-17 1
5888 2.02422e-15 4.1064e-17 1
5889.5 2.02523e-15 4.1064e-17 1
5891 2.00648e-15 4.1064e-17 1
5892.5 2.0411e-15 4.1064e-17 1
5894 2.02133e-15 4.1064e-17 1
5895.5 1.94678e-15 4.1064e-17 1
5897 1.97044e-15 4.1064e-17 1
5898.5 1.98698e-15 4.1064e-17 1
5900 2.00268e-15 4.1064e-17 1
5901.5 2.01844e-15 4.1064e-17 1
5903 1.97907e-15 4.1064e-17 1
5904.5 1.96742e-15 4.1064e-17 1
5906 1.99947e-15 4.1064e-17 1
5907.5 2.02832e-15 4.1064e-17 1
5909 2.01479e-15 4.1064e-17 1
5910.5 2.06858e-15 4.1064e-17 1
5912 2.0975e-15 4.1064e-17 1
5913.5 2.08537e-15 4.1064e-17 1
5915 2.07372e-15 4.1064e-17 1
5916.5 2.03684e-15 4.1064e-17 1
5918 2.03609e-15 4.1064e-17 1
5919.5 2.06783e-15 4.1064e-17 1
5921 2.05649e-15 4.1064e-17 1
5922.5 2.01457e-15 4.1064e-17 1
5924 2.04491e-15 4.1064e-17 1
5925.5 2.08861e-15 4.1064e-17 1
5927 2.00993e-15 4.1064e-17 1
5928.5 1.99781e-15 4.1064e-17 1
5930 2.00524e-15 4.1064e-17 1
5931.5 2.01816e-15 4.1064e-17 1
5933 2.06551e-15 4.1064e-17 1
5934.5 2.03162e-15 4.1064e-17 1
5936 2.09164e-15 4.1064e-17 1
5937.5 2.03515e-15 4.1064e-17 1
5939 1.98623e-15 4.1064e-17 1
5940.5 2.06305e-15 4.95648e-17 1
5942 2.04625e-15 4.95648e-17 1
5943.5 1.97534e-15 4.95648e-17 1
5945 1.99237e-15 4.95648e-17 1
5946.5 2.10483e-15 4.95648e-17 1
5948 1.96552e-15 4.95648e-17 1
5949.5 2.13653e-15 4.95648e-17 1
5951 2.15342e-15 4.95648e-17 1
5952.5 2.0975e-15 4.95648e-17 1
5954 2.05667e-15 4.95648e-17 1
5955.5 1.99039e-15 4.95648e-17 1
5957 2.04909e-15 4.95648e-17 1
5958.5 2.02731e-15 4.95648e-17 1
5960 2.11179e-15 4.95648e-17 1
5961.5 2.079e-15 4.95648e-17 1
5963 2.00706e-15 4.95648e-17 1
5964.5 2.0528e-15 4.95648e-17 1
5966 2.11821e-15 4.95648e-17 1
5967.5 2.09988e-15 4.95648e-17 1
5969 2.10151e-15 4.95648e-17 1
5970.5 2.08664e-15 4.95648e-17 1
5972 2.06179e-15 4.95648e-17 1
5973.5 2.08635e-15 4.95648e-17 1
5975 2.07052e-15 4.95648e-17 1
5976.5 2.08603e-15 4.95648e-17 1
5978 2.06087e-15 4.95648e-17 1
5979.5 1.99997e-15 4.95648e-17 1
5981 2.00781e-15 4.95648e-17 1
5982.5 2.03278e-15 4.95648e-17 1
5984 2.02136e-15 4.95648e-17 1
5985.5 1.9942e-15 4.95648e-17 1
5987 1.9681e-15 4.95648e-17 1
5988.5 2.01843e-15 4.95648e-17 1
5990 2.09437e-15 4.95648e-17 1
5991.5 2.03957e-15 4.95648e-17 1
5993 2.01008e-15 4.95648e-17 1
5994.5 2.02099e-15 4.95648e-17 1
5996 1.98506e-15 4.95648e-17 1
5997.5 2.04903e-15 4.95648e-17 1
5999 2.05579e-15 4.95648e-17 1
6000.5 2.04797e-15 4.95648e-17 1
6002 2.07243e-15 4.95648e-17 1
6003.5 2.03749e-15 4.95648e-17 1
6005 1.96742e-15 4.95648e-17 1
6006.5 2.00477e-15 4.95648e-17 1
6008 2.0054e-15 4.95648e-17 1
6009.5 1.97057e-15 4.95648e-17 1
6011 2.12174e-15 4.95648e-17 1
6012.5 2.08853e-15 4.95648e-17 1
6014 2.02512e-15 4.95648e-17 1
6015.5 2.00159e-15 4.95648e-17 1
6017 1.96945e-15 4.95648e-17 1
6018.5 2.05108e-15 4.95648e-17 1
6020 2.075e-15 4.95648e-17 1
6021.5 2.03467e-15 4.95648e-17 1
6023 1.94407e-15 4.95648e-17 1
6024.5 1.94608e-15 4.95648e-17 1
6026 1.98731e-15 4.95648e-17 1
6027.5 1.96464e-15 4.95648e-17 1
6029 1.98451e-15 4.95648e-17 1
6030.5 1.9784e-15 4.95648e-17 1
6032 1.97298e-15 4.95648e-17 1
6033.5 1.96886e-15 4.95648e-17 1
6035 1.98543e-15 4.95648e-17 1
6036.5 1.95142e-15 4.95648e-17 1
6038 1.84009e-15 4.95648e-17 1
6039.5 1.78031e-15 4.95648e-17 1
6041 1.82281e-15 3.74842e-17 1
6042.5 1.88836e-15 3.74842e-17 1
6044 1.93935e-15 3.74842e-17 1
6045.5 1.94613e-15 3.74842e-17 1
6047 1.88394e-15 3.74842e-17 1
6048.5 1.91052e-15 3.74842e-17 1
6050 1.9482e-15 3.74842e-17 1
6051.5 1.9319e-15 3.74842e-17 1
6053 1.92323e-15 3.74842e-17 1
6054.5 1.93958e-15 3.74842e-17 1
6056 1.95668e-15 3.74842e-17 1
6057.5 1.91806e-15 3.74842e-17 1
6059 1.89709e-15 3.74842e-17 1
6060.5 1.89394e-15 3.74842e-17 1
6062 1.87685e-15 3.74842e-17 1
6063.5 1.88132e-15 3.74842e-17 1
6065 1.88024e-15 3.74842e-17 1
6066.5 1.86745e-15 3.74842e-17 1
6068 1.84964e-15 3.74842e-17 1
6069.5 1.87419e-15 3.74842e-17 1
6071 1.85068e-15 3.74842e-17 1
6072.5 1.85426e-15 3.74842e-17 1
6074 1.89286e-15 3.74842e-17 1
6075.5 1.87818e-15 3.74842e-17 1
6077 1.91318e-15 3.74842e-17 1
6078.5 1.93989e-15 3.74842e-17 1
6080 1.90889e-15 3.74842e-17 1
6081.5 1.86463e-15 3.74842e-17 1
6083 1.88154e-15 3.74842e-17 1
6084.5 1.86646e-15 3.74842e-17 1
6086 1.83128e-15 3.74842e-17 1
6087.5 1.82223e-15 3.74842e-17 1
6089 1.86926e-15 3.74842e-17 1
6090.5 1.92825e-15 3.74842e-17 1
6092 1.83994e-15 3.74842e-17 1
6093.5 1.7628e-15 3.74842e-17 1
6095 1.79966e-15 3.74842e-17 1
6096.5 1.81163e-15 3.74842e-17 1
6098 1.81188e-15 3.74842e-17 1
6099.5 1.78271e-15 3.74842e-17 1
6101 1.82299e-15 3.74842e-17 1
6102.5 1.82086e-15 3.74842e-17 1
6104 1.77495e-15 3.74842e-17 1
6105.5 1.75636e-15 3.74842e-17 1
6107 1.78027e-15 3.74842e-17 1
6108.5 1.78582e-15 3.74842e-17 1
6110 1.80844e-15 3.74842e-17 1
6111.5 1.79355e-15 3.74842e-17 1
6113 1.71041e-15 3.74842e-17 1
6114.5 1.68483e-15 3.74842e-17 1
6116 1.7202e-15 3.74842e-17 1
6117.5 1.76158e-15 3.74842e-17 1
6119 1.76289e-15 3.74842e-17 1
6120.5 1.7498e-15 3.74842e-17 1
6122 1.77555e-15 3.74842e-17 1
6123.5 1.76141e-15 3.74842e-17 1
6125 1.72151e-15 3.74842e-17 1
6126.5 1.72811e-15 3.74842e-17 1
6128 1.76674e-15 3.74842e-17 1
6129.5 1.75048e-15 3.74842e-17 1
6131 1.71884e-15 3.74842e-17 1
6132.5 1.6435e-15 3.74842e-17 1
6134 1.63384e-15 3.74842e-17 1
6135.5 1.68239e-15 3.74842e-17 1
6137 1.72263e-15 3.74842e-17 1
6138.5 1.75159e-15 3.74842e-17 1
6140 1.71966e-15 3.35821e-17 1
6141.5 1.60781e-15 3.35821e-17 1
6143 1.61809e-15 3.35821e-17 1
6144.5 1.64229e-15 3.35821e-17 1
6146 1.65276e-15 3.35821e-17 1
6147.5 1.6307e-15 3.35821e-17 1
6149 1.5575e-15 3.35821e-17 1
6150.5 1.69079e-15 3.35821e-17 1
6152 1.65452e-15 3.35821e-17 1
6153.5 1.67205e-15 3.35821e-17 1
6155 1.6579e-15 3.35821e-17 1
6156.5 1.57258e-15 3.35821e-17 1
6158 1.56225e-15 3.35821e-17 1
6159.5 1.60634e-15 3.35821e-17 1
6161 1.55545e-15 3.35821e-17 1
6162.5 1.52439e-15 3.35821e-17 1
6164 1.5823e-15 3.35821e-17 1
6165.5 1.53865e-15 3.35821e-17 1
6167 1.57717e-15 3.35821e-17 1
6168.5 1.54225e-15 3.35821e-17 1
6170 1.49657e-15 3.35821e-17 1
6171.5 1.4675e-15 3.35821e-17 1
6173 1.53295e-15 3.35821e-17 1
6174.5 1.58213e-15 3.35821e-17 1
6176 1.49461e-15 3.35821e-17 1
6177.5 1.47622e-15 3.35821e-17 1
6179 1.51107e-15 3.35821e-17 1
6180.5 1.53045e-15 3.35821e-17 1
6182 1.47311e-15 3.35821e-17 1
6183.5 1.41172e-15 3.35821e-17 1
6185 1.40177e-15 3.35821e-17 1
6186.5 1.38063e-15 3.35821e-17 1
6188 1.3872e-15 3.35821e-17 1
6189.5 1.44416e-15 3.35821e-17 1
6191 1.45156e-15 3.35821e-17 1
6192.5 1.43292e-15 3.35821e-17 1
6194 1.44551e-15 3.35821e-17 1
6195.5 1.4378e-15 3.35821e-17 1
6197 1.36458e-15 3.35821e-17 1
6198.5 1.37706e-15 3.35821e-17 1
6200 1.4141e-15 3.35821e-17 1
6201.5 1.39464e-15 3.35821e-17 1
6203 1.37172e-15 3.35821e-17 1
6204.5 1.36712e-15 3.35821e-17 1
6206 1.35921e-15 3.35821e-17 1
6207.5 1.384e-15 3.35821e-17 1
6209 1.37319e-15 3.35821e-17 1
6210.5 1.33459e-15 3.35821e-17 1
6212 1.35525e-15 3.35821e-17 1
6213.5 1.38907e-15 3.35821e-17 1
6215 1.34866e-15 3.35821e-17 1
6216.5 1.34046e-15 3.35821e-17 1
6218 1.37074e-15 3.35821e-17 1
6219.5 1.3703e-15 3.35821e-17 1
6221 1.38262e-15 3.35821e-17 1
6222.5 1.37352e-15 3.35821e-17 1
6224 1.38401e-15 3.35821e-17 1
6225.5 1.40281e-15 3.35821e-17 1
6227 1.40984e-15 3.35821e-17 1
6228.5 1.35278e-15 3.35821e-17 1
6230 1.36479e-15 3.35821e-17 1
6231.5 1.38591e-15 3.35821e-17 1
6233 1.37894e-15 3.35821e-17 1
6234.5 1.39873e-15 3.35821e-17 1
6236 1.35976e-15 3.35821e-17 1
6237.5 1.33449e-15 3.35821e-17 1
6239 1.35532e-15 3.35821e-17 1
6240.5 1.38994e-15 4.06111e-17 1
6242 1.36087e-15 4.06111e-17 1
6243.5 1.38919e-15 4.06111e-17 1
6245 1.46885e-15 4.06111e-17 1
6246.5 1.41015e-15 4.06111e-17 1
6248 1.36112e-15 4.06111e-17 1
6249.5 1.36318e-15 4.06111e-17 1
6251 1.38107e-15 4.06111e-17 1
6252.5 1.42065e-15 4.06111e-17 1
6254 1.4708e-15 4.06111e-17 1
6255.5 1.49196e-15 4.06111e-17 1
6257 1.50589e-15 4.06111e-17 1
6258.5 1.4765e-15 4.06111e-17 1
6260 1.45102e-15 4.06111e-17 1
6261.5 1.48269e-15 4.06111e-17 1
6263 1.49329e-15 4.06111e-17 1
6264.5 1.48563e-15 4.06111e-17 1
6266 1.45127e-15 4.06111e-17 1
6267.5 1.39226e-15 4.06111e-17 1
6269 1.40411e-15 4.06111e-17 1
6270.5 1.48387e-15 4.06111e-17 1
6272 1.50772e-15 4.06111e-17 1
6273.5 1.48618e-15 4.06111e-17 1
6275 1.46755e-15 4.06111e-17 1
6276.5 1.44484e-15 4.06111e-17 1
6278 1.39873e-15 4.06111e-17 1
6279.5 1.39496e-15 4.06111e-17 1
6281 1.48171e-15 4.06111e-17 1
6282.5 1.46448e-15 4.06111e-17 1
6284 1.4237e-15 4.06111e-17 1
6285.5 1.48016e-15 4.06111e-17 1
6287 1.44325e-15 4.06111e-17 1
6288.5 1.39959e-15 4.06111e-17 1
6290 1.46113e-15 4.06111e-17 1
6291.5 1.49686e-15 4.06111e-17 1
6293 1.49827e-15 4.06111e-17 1
6294.5 1.48091e-15 4.06111e-17 1
6296 1.54601e-15 4.06111e-17 1
6297.5 1.51085e-15 4.06111e-17 1
6299 1.52414e-15 4.06111e-17 1
6300.5 1.60838e-15 4.06111e-17 1
6302 1.5625e-15 4.06111e-17 1
6303.5 1.52693e-15 4.06111e-17 1
6305 1.51912e-15 4.06111e-17 1
6306.5 1.48735e-15 4.06111e-17 1
6308 1.49506e-15 4.06111e-17 1
6309.5 1.50639e-15 4.06111e-17 1
6311 1.5156e-15 4.06111e-17 1
6312.5 1.49172e-15 4.06111e-17 1
6314 1.51072e-15 4.06111e-17 1
6315.5 1.55892e-15 4.06111e-17 1
6317 1.52411e-15 4.06111e-17 1
6318.5 1.49047e-15 4.06111e-17 1
6320 1.45532e-15 4.06111e-17 1
6321.5 1.45114e-15 4.06111e-17 1
6323 1.45936e-15 4.06111e-17 1
6324.5 1.49456e-15 4.06111e-17 1
6326 1.54722e-15 4.06111e-17 1
6327.5 1.54902e-15 4.06111e-17 1
6329 1.51062e-15 4.06111e-17 1
6330.5 1.56236e-15 4.06111e-17 1
6332 1.58982e-15 4.06111e-17 1
6333.5 1.55987e-15 4.06111e-17 1
6335 1.52967e-15 4.06111e-17 1
6336.5 1.52977e-15 4.06111e-17 1
6338 1.55391e-15 4.06111e-17 1
6339.5 1.53272e-15 4.06111e-17 1
6341 1.55125e-15 3.37075e-17 1
6342.5 1.59437e-15 3.37075e-17 1
6344 1.59871e-15 3.37075e-17 1
6345.5 1.57819e-15 3.37075e-17 1
6347 1.52571e-15 3.37075e-17 1
6348.5 1.54754e-15 3.37075e-17 1
6350 1.58562e-15 3.37075e-17 1
6351.5 1.50829e-15 3.37075e-17 1
6353 1.57013e-15 3.37075e-17 1
6354.5 1.60938e-15 3.37075e-17 1
6356 1.59012e-15 3.37075e-17 1
6357.5 1.59153e-15 3.37075e-17 1
6359 1.55858e-15 3.37075e-17 1
6360.5 1.60816e-15 3.37075e-17 1
6362 1.60126e-15 3.37075e-17 1
6363.5 1.57804e-15 3.37075e-17 1
6365 1.59376e-15 3.37075e-17 1
6366.5 1.52563e-15 3.37075e-17 1
6368 1.53946e-15 3.37075e-17 1
6369.5 1.61082e-15 3.37075e-17 1
6371 1.57342e-15 3.37075e-17 1
6372.5 1.55383e-15 3.37075e-17 1
6374 1.55284e-15 3.37075e-17 1
6375.5 1.61309e-15 3.37075e-17 1
6377 1.61512e-15 3.37075e-17 1
6378.5 1.56918e-15 3.37075e-17 1
6380 1.55912e-15 3.37075e-17 1
6381.5 1.54651e-15 3.37075e-17 1
6383 1.58873e-15 3.37075e-17 1
6384.5 1.56379e-15 3.37075e-17 1
6386 1.5971e-15 3.37075e-17 1
6387.5 1.58358e-15 3.37075e-17 1
6389 1.57732e-15 3.37075e-17 1
6390.5 1.48123e-15 3.37075e-17 1
6392 1.48435e-15 3.37075e-17 1
6393.5 1.53683e-15 3.37075e-17 1
6395 1.58591e-15 3.37075e-17 1
6396.5 1.62824e-15 3.37075e-17 1
6398 1.6182e-15 3.37075e-17 1
6399.5 1.59632e-15 3.37075e-17 1
6401 1.60247e-15 3.37075e-17 1
6402.5 1.57675e-15 3.37075e-17 1
6404 1.58298e-15 3.37075e-17 1
6405.5 1.62832e-15 3.37075e-17 1
6407 1.60647e-15 3.37075e-17 1
6408.5 1.53449e-15 3.37075e-17 1
6410 1.53749e-15 3.37075e-17 1
6411.5 1.54739e-15 3.37075e-17 1
6413 1.56067e-15 3.37075e-17 1
6414.5 1.50463e-15 3.37075e-17 1
6416 1.54614e-15 3.37075e-17 1
6417.5 1.60198e-15 3.37075e-17 1
6419 1.57591e-15 3.37075e-17 1
6420.5 1.55155e-15 3.37075e-17 1
6422 1.56803e-15 3.37075e-17 1
6423.5 1.56014e-15 3.37075e-17 1
6425 1.50407e-15 3.37075e-17 1
6426.5 1.5038e-15 3.37075e-17 1
6428 1.58866e-15 3.37075e-17 1
6429.5 1.55622e-15 3.37075e-17 1
6431 1.49887e-15 3.37075e-17 1
6432.5 1.53727e-15 3.37075e-17 1
6434 1.58379e-15 3.37075e-17 1
6435.5 1.53944e-15 3.37075e-17 1
6437 1.5232e-15 3.37075e-17 1
6438.5 1.51468e-15 3.37075e-17 1
6440 1.53463e-15 3.01736e-17 1
6441.5 1.50759e-15 3.01736e-17 1
6443 1.50937e-15 3.01736e-17 1
6444.5 1.55245e-15 3.01736e-17 1
6446 1.56272e-15 3.01736e-17 1
6447.5 1.48393e-15 3.01736e-17 1
6449 1.4919e-15 3.01736e-17 1
6450.5 1.56987e-15 3.01736e-17 1
6452 1.53224e-15 3.01736e-17 1
6453.5 1.48739e-15 3.01736e-17 1
6455 1.49722e-15 3.01736e-17 1
6456.5 1.49587e-15 3.01736e-17 1
6458 1.4901e-15 3.01736e-17 1
6459.5 1.48512e-15 3.01736e-17 1
6461 1.47043e-15 3.01736e-17 1
6462.5 1.48841e-15 3.01736e-17 1
6464 1.47582e-15 3.01736e-17 1
6465.5 1.4741e-15 3.01736e-17 1
6467 1.51744e-15 3.01736e-17 1
6468.5 1.51544e-15 3.01736e-17 1
6470 1.50926e-15 3.01736e-17 1
6471.5 1.53101e-15 3.01736e-17 1
6473 1.53134e-15 3.01736e-17 1
6474.5 1.50481e-15 3.01736e-17 1
6476 1.53029e-15 3.01736e-17 1
6477.5 1.53008e-15 3.01736e-17 1
6479 1.48735e-15 3.01736e-17 1
6480.5 1.49498e-15 3.01736e-17 1
6482 1.48691e-15 3.01736e-17 1
6483.5 1.48496e-15 3.01736e-17 1
6485 1.45849e-15 3.01736e-17 1
6486.5 1.40167e-15 3.01736e-17 1
6488 1.42861e-15 3.01736e-17 1
6489.5 1.52199e-15 3.01736e-17 1
6491 1.48497e-15 3.01736e-17 1
6492.5 1.4017e-15 3.01736e-17 1
6494 1.40029e-15 3.01736e-17 1
6495.5 1.41357e-15 3.01736e-17 1
6497 1.4663e-15 3.01736e-17 1
6498.5 1.42411e-15 3.01736e-17 1
6500 1.36507e-15 3.01736e-17 1
6501.5 1.39518e-15 3.01736e-17 1
6503 1.43523e-15 3.01736e-17 1
6504.5 1.41998e-15 3.01736e-17 1
6506 1.43395e-15 3.01736e-17 1
6507.5 1.4632e-15 3.01736e-17 1
6509 1.43904e-15 3.01736e-17 1
6510.5 1.42687e-15 3.01736e-17 1
6512 1.42226e-15 3.01736e-17 1
6513.5 1.44729e-15 3.01736e-17 1
6515 1.38307e-15 3.01736e-17 1
6516.5 1.36308e-15 3.01736e-17 1
6518 1.38232e-15 3.01736e-17 1
6519.5 1.36343e-15 3.01736e-17 1
6521 1.39411e-15 3.01736e-17 1
6522.5 1.40067e-15 3.01736e-17 1
6524 1.36552e-15 3.01736e-17 1
6525.5 1.35826e-15 3.01736e-17 1
6527 1.37881e-15 3.01736e-17 1
6528.5 1.37875e-15 3.01736e-17 1
6530 1.39896e-15 3.01736e-17 1
6531.5 1.39563e-15 3.01736e-17 1
6533 1.3865e-15 3.01736e-17 1
6534.5 1.39984e-15 3.01736e-17 1
6536 1.35511e-15 3.01736e-17 1
6537.5 1.33846e-15 3.01736e-17 1
6539 1.3654e-15 3.01736e-17 1
6540.5 1.35659e-15 3.35823e-17 1
6542 1.34356e-15 3.35823e-17 1
6543.5 1.33028e-15 3.35823e-17 1
6545 1.32348e-15 3.35823e-17 1
6546.5 1.31182e-15 3.35823e-17 1
6548 1.33311e-15 3.35823e-17 1
6549.5 1.41114e-15 3.35823e-17 1
6551 1.44422e-15 3.35823e-17 1
6552.5 1.33797e-15 3.35823e-17 1
6554 1.32307e-15 3.35823e-17 1
6555.5 1.34723e-15 3.35823e-17 1
6557 1.35152e-15 3.35823e-17 1
6558.5 1.34701e-15 3.35823e-17 1
6560 1.2937e-15 3.35823e-17 1
6561.5 1.31965e-15 3.35823e-17 1
6563 1.33632e-15 3.35823e-17 1
6564.5 1.29602e-15 3.35823e-17 1
6566 1.31816e-15 3.35823e-17 1
6567.5 1.3553e-15 3.35823e-17 1
6569 1.40131e-15 3.35823e-17 1
6570.5 1.30828e-15 3.35823e-17 1
6572 1.24897e-15 3.35823e-17 1
6573.5 1.35534e-15 3.35823e-17 1
6575 1.39481e-15 3.35823e-17 1
6576.5 1.32312e-15 3.35823e-17 1
6578 1.28435e-15 3.35823e-17 1
6579.5 1.30774e-15 3.35823e-17 1
6581 1.34445e-15 3.35823e-17 1
6582.5 1.32497e-15 3.35823e-17 1
6584 1.30835e-15 3.35823e-17 1
6585.5 1.2787e-15 3.35823e-17 1
6587 1.30525e-15 3.35823e-17 1
6588.5 1.29311e-15 3.35823e-17 1
6590 1.25147e-15 3.35823e-17 1
6591.5 1.26898e-15 3.35823e-17 1
6593 1.26193e-15 3.35823e-17 1
6594.5 1.30111e-15 3.35823e-17 1
6596 1.30229e-15 3.35823e-17 1
6597.5 1.26616e-15 3.35823e-17 1
6599 1.30881e-15 3.35823e-17 1
6600.5 1.30923e-15 3.35823e-17 1
6602 1.29365e-15 3.35823e-17 1
6603.5 1.26784e-15 3.35823e-17 1
6605 1.26222e-15 3.35823e-17 1
6606.5 1.31379e-15 3.35823e-17 1
6608 1.34997e-15 3.35823e-17 1
6609.5 1.32792e-15 3.35823e-17 1
6611 1.27072e-15 3.35823e-17 1
6612.5 1.2517e-15 3.35823e-17 1
6614 1.29018e-15 3.35823e-17 1
6615.5 1.31929e-15 3.35823e-17 1
6617 1.2937e-15 3.35823e-17 1
6618.5 1.34367e-15 3.35823e-17 1
6620 1.30709e-15 3.35823e-17 1
6621.5 1.25286e-15 3.35823e-17 1
6623 1.31719e-15 3.35823e-17 1
6624.5 1.29751e-15 3.35823e-17 1
6626 1.24415e-15 3.35823e-17 1
6627.5 1.25907e-15 3.35823e-17 1
6629 1.27563e-15 3.35823e-17 1
6630.5 1.26328e-15 3.35823e-17 1
6632 1.30401e-15 3.35823e-17 1
6633.5 1.29524e-15 3.35823e-17 1
6635 1.26463e-15 3.35823e-17 1
6636.5 1.2078e-15 3.35823e-17 1
6638 1.26767e-15 3.35823e-17 1
6639.5 1.26129e-15 3.35823e-17 1
6641 1.25937e-15 4.34229e-17 1
6642.5 1.29755e-15 4.34229e-17 1
6644 1.29228e-15 4.34229e-17 1
6645.5 1.25112e-15 4.34229e-17 1
6647 1.25685e-15 4.34229e-17 1
6648.5 1.31022e-15 4.34229e-17 1
6650 1.30492e-15 4.34229e-17 1
6651.5 1.27091e-15 4.34229e-17 1
6653 1.24358e-15 4.34229e-17 1
6654.5 1.21505e-15 4.34229e-17 1
6656 1.25371e-15 4.34229e-17 1
6657.5 1.30996e-15 4.34229e-17 1
6659 1.35941e-15 4.34229e-17 1
6660.5 1.35193e-15 4.34229e-17 1
6662 1.36048e-15 4.34229e-17 1
6663.5 1.31633e-15 4.34229e-17 1
6665 1.25657e-15 4.34229e-17 1
6666.5 1.24777e-15 4.34229e-17 1
6668 1.25578e-15 4.34229e-17 1
6669.5 1.22493e-15 4.34229e-17 1
6671 1.20547e-15 4.34229e-17 1
6672.5 1.22413e-15 4.34229e-17 1
6674 1.19509e-15 4.34229e-17 1
6675.5 1.1888e-15 4.34229e-17 1
6677 1.22619e-15 4.34229e-17 1
6678.5 1.22451e-15 4.34229e-17 1
6680 1.27005e-15 4.34229e-17 1
6681.5 1.33139e-15 4.34229e-17 1
6683 1.30605e-15 4.34229e-17 1
6684.5 1.29259e-15 4.34229e-17 1
6686 1.29029e-15 4.34229e-17 1
6687.5 1.24055e-15 4.34229e-17 1
6689 1.28592e-15 4.34229e-17 1
6690.5 1.25035e-15 4.34229e-17 1
6692 1.19989e-15 4.34229e-17 1
6693.5 1.16258e-15 4.34229e-17 1
6695 1.13322e-15 4.34229e-17 1
6696.5 1.13477e-15 4.34229e-17 1
6698 1.18003e-15 4.34229e-17 1
6699.5 1.19143e-15 4.34229e-17 1
6701 1.17481e-15 4.34229e-17 1
6702.5 1.18166e-15 4.34229e-17 1
6704 1.17718e-15 4.34229e-17 1
6705.5 1.17491e-15 4.34229e-17 1
6707 1.19644e-15 4.34229e-17 1
6708.5 1.18541e-15 4.34229e-17 1
6710 1.16861e-15 4.34229e-17 1
6711.5 1.16838e-15 4.34229e-17 1
6713 1.18331e-15 4.34229e-17 1
6714.5 1.22371e-15 4.34229e-17 1
6716 1.24447e-15 4.34229e-17 1
6717.5 1.20559e-15 4.34229e-17 1
6719 1.18418e-15 4.34229e-17 1
6720.5 1.19773e-15 4.34229e-17 1
6722 1.19102e-15 4.34229e-17 1
6723.5 1.19224e-15 4.34229e-17 1
6725 1.215e-15 4.34229e-17 1
6726.5 1.24611e-15 4.34229e-17 1
6728 1.25909e-15 4.34229e-17 1
6729.5 1.22876e-15 4.34229e-17 1
6731 1.22577e-15 4.34229e-17 1
6732.5 1.21651e-15 4.34229e-17 1
6734 1.17238e-15 4.34229e-17 1
6735.5 1.18558e-15 4.34229e-17 1
6737 1.2064e-15 4.34229e-17 1
6738.5 1.19928e-15 4.34229e-17 1
6740 1.18384e-15 3.01736e-17 1
6741.5 1.17447e-15 3.01736e-17 1
6743 1.16733e-15 3.01736e-17 1
6744.5 1.1842e-15 3.01736e-17 1
6746 1.2104e-15 3.01736e-17 1
6747.5 1.18786e-15 3.01736e-17 1
6749 1.1741e-15 3.01736e-17 1
6750.5 1.18598e-15 3.01736e-17 1
6752 1.2133e-15 3.01736e-17 1
6753.5 1.19896e-15 3.01736e-17 1
6755 1.18995e-15 3.01736e-17 1
6756.5 1.21195e-15 3.01736e-17 1
6758 1.20209e-15 3.01736e-17 1
6759.5 1.18133e-15 3.01736e-17 1
6761 1.15805e-15 3.01736e-17 1
6762.5 1.16513e-15 3.01736e-17 1
6764 1.16147e-15 3.01736e-17 1
6765.5 1.13832e-15 3.01736e-17 1
6767 1.10094e-15 3.01736e-17 1
6768.5 1.14152e-15 3.01736e-17 1
6770 1.15039e-15 3.01736e-17 1
6771.5 1.12311e-15 3.01736e-17 1
6773 1.17133e-15 3.01736e-17 1
6774.5 1.14087e-15 3.01736e-17 1
6776 1.10637e-15 3.01736e-17 1
6777.5 1.17361e-15 3.01736e-17 1
6779 1.12227e-15 3.01736e-17 1
6780.5 1.1653e-15 3.01736e-17 1
6782 1.21603e-15 3.01736e-17 1
6783.5 1.16467e-15 3.01736e-17 1
6785 1.13027e-15 3.01736e-17 1
6786.5 1.17281e-15 3.01736e-17 1
6788 1.17156e-15 3.01736e-17 1
6789.5 1.20377e-15 3.01736e-17 1
6791 1.20653e-15 3.01736e-17 1
6792.5 1.19803e-15 3.01736e-17 1
6794 1.17039e-15 3.01736e-17 1
6795.5 1.19825e-15 3.01736e-17 1
6797 1.1557e-15 3.01736e-17 1
6798.5 1.13734e-15 3.01736e-17 1
6800 1.18464e-15 3.01736e-17 1
6801.5 1.12872e-15 3.01736e-17 1
6803 1.102e-15 3.01736e-17 1
6804.5 1.097e-15 3.01736e-17 1
6806 1.10117e-15 3.01736e-17 1
6807.5 1.08606e-15 3.01736e-17 1
6809 1.10469e-15 3.01736e-17 1
6810.5 1.11483e-15 3.01736e-17 1
6812 1.09228e-15 3.01736e-17 1
6813.5 1.10806e-15 3.01736e-17 1
6815 1.11757e-15 3.01736e-17 1
6816.5 1.09974e-15 3.01736e-17 1
6818 1.09159e-15 3.01736e-17 1
6819.5 1.11285e-15 3.01736e-17 1
6821 1.15585e-15 3.01736e-17 1
6822.5 1.1317e-15 3.01736e-17 1
6824 1.0853e-15 3.01736e-17 1
6825.5 1.11374e-15 3.01736e-17 1
6827 1.11738e-15 3.01736e-17 1
6828.5 1.14305e-15 3.01736e-17 1
6830 1.18331e-15 3.01736e-17 1
6831.5 1.13659e-15 3.01736e-17 1
6833 1.08973e-15 3.01736e-17 1
6834.5 1.12221e-15 3.01736e-17 1
6836 1.13179e-15 3.01736e-17 1
6837.5 1.1627e-15 3.01736e-17 1
6839 1.11006e-15 3.01736e-17 1
6840.5 1.13025e-15 3.2347e-17 1
6842 1.03406e-15 3.2347e-17 1
6843.5 1.07389e-15 3.2347e-17 1
6845 1.15059e-15 3.2347e-17 1
6846.5 1.1274e-15 3.2347e-17 1
6848 1.14392e-15 3.2347e-17 1
6849.5 1.05995e-15 3.2347e-17 1
6851 1.10988e-15 3.2347e-17 1
6852.5 1.10994e-15 3.2347e-17 1
6854 1.11601e-15 3.2347e-17 1
6855.5 1.10861e-15 3.2347e-17 1
6857 1.11079e-15 3.2347e-17 1
6858.5 1.09007e-15 3.2347e-17 1
6860 1.09629e-15 3.2347e-17 1
6861.5 1.12412e-15 3.2347e-17 1
6863 1.11837e-15 3.2347e-17 1
6864.5 1.11704e-15 3.2347e-17 1
6866 1.10829e-15 3.2347e-17 1
6867.5 1.09954e-15 3.2347e-17 1
6869 1.09079e-15 3.2347e-17 1
6870.5 1.08204e-15 3.2347e-17 1
6872 1.08204e-15 3.2347e-17 1
6873.5 1.16348e-15 3.2347e-17 1
6875 1.17464e-15 3.2347e-17 1
6876.5 1.17882e-15 3.2347e-17 1
6878 1.17188e-15 3.2347e-17 1
6879.5 1.14593e-15 3.2347e-17 1
6881 1.13234e-15 3.2347e-17 1
6882.5 1.158e-15 3.2347e-17 1
6884 1.10205e-15 3.2347e-17 1
6885.5 1.04054e-15 3.2347e-17 1
6887 1.06798e-15 3.2347e-17 1
6888.5 1.08767e-15 3.2347e-17 1
6890 1.08279e-15 3.2347e-17 1
6891.5 1.09426e-15 3.2347e-17 1
6893 1.1069e-15 3.2347e-17 1
6894.5 1.11926e-15 3.2347e-17 1
6896 1.11208e-15 3.2347e-17 1
6897.5 1.11398e-15 3.2347e-17 1
6899 1.12051e-15 3.2347e-17 1
6900.5 1.14641e-15 3.2347e-17 1
6902 1.06095e-15 3.2347e-17 1
6903.5 1.06029e-15 3.2347e-17 1
6905 1.09539e-15 3.2347e-17 1
6906.5 1.05786e-15 3.2347e-17 1
6908 1.0875e-15 3.2347e-17 1
6909.5 1.03442e-15 3.2347e-17 1
6911 1.04395e-15 3.2347e-17 1
6912.5 1.05348e-15 3.2347e-17 1
6914 1.05348e-15 3.2347e-17 1
6915.5 1.12543e-15 3.2347e-17 1
6917 1.07798e-15 3.2347e-17 1
6918.5 1.08507e-15 3.2347e-17 1
6920 1.07191e-15 3.2347e-17 1
6921.5 1.06129e-15 3.2347e-17 1
6923 1.01728e-15 3.2347e-17 1
6924.5 1.00453e-15 3.2347e-17 1
6926 1.04639e-15 3.2347e-17 1
6927.5 1.07892e-15 3.2347e-17 1
6929 1.06713e-15 3.2347e-17 1
6930.5 1.06897e-15 3.2347e-17 1
6932 1.09772e-15 3.2347e-17 1
6933.5 1.06066e-15 3.2347e-17 1
6935 1.03623e-15 3.2347e-17 1
6936.5 9.78826e-16 3.2347e-17 1
6938 1.02106e-15 3.2347e-17 1
6939.5 1.0662e-15 3.2347e-17 1
6941 1.04983e-15 3.04069e-17 1
6942.5 1.00406e-15 3.04069e-17 1
6944 1.04189e-15 3.04069e-17 1
6945.5 1.05775e-15 3.04069e-17 1
6947 1.02932e-15 3.04069e-17 1
6948.5 1.0479e-15 3.04069e-17 1
6950 1.07358e-15 3.04069e-17 1
6951.5 1.04561e-15 3.04069e-17 1
6953 9.7891e-16 3.04069e-17 1
6954.5 9.6316e-16 3.04069e-17 1
6956 1.00101e-15 3.04069e-17 1
6957.5 9.86983e-16 3.04069e-17 1
6959 9.91321e-16 3.04069e-17 1
6960.5 1.007e-15 3.04069e-17 1
6962 9.81302e-16 3.04069e-17 1
6963.5 9.56973e-16 3.04069e-17 1
6965 9.72465e-16 3.04069e-17 1
6966.5 1.02671e-15 3.04069e-17 1
6968 1.03425e-15 3.04069e-17 1
6969.5 9.92343e-16 3.04069e-17 1
6971 1.02138e-15 3.04069e-17 1
6972.5 1.04503e-15 3.04069e-17 1
6974 1.01112e-15 3.04069e-17 1
6975.5 9.70225e-16 3.04069e-17 1
6977 9.95328e-16 3.04069e-17 1
6978.5 1.04794e-15 3.04069e-17 1
6980 1.00059e-15 3.04069e-17 1
6981.5 9.83164e-16 3.04069e-17 1
6983 1.02638e-15 3.04069e-17 1
6984.5 9.63047e-16 3.04069e-17 1
6986 9.81999e-16 3.04069e-17 1
6987.5 1.05345e-15 3.04069e-17 1
6989 9.99027e-16 3.04069e-17 1
6990.5 9.81113e-16 3.04069e-17 1
6992 9.99538e-16 3.04069e-17 1
6993.5 1.02811e-15 3.04069e-17 1
6995 1.03965e-15 3.04069e-17 1
6996.5 9.7476e-16 3.04069e-17 1
6998 9.3325e-16 3.04069e-17 1
6999.5 8.96852e-16 3.04069e-17 1
7001 9.49143e-16 3.04069e-17 1
7002.5 9.71235e-16 3.04069e-17 1
7004 9.63665e-16 3.04069e-17 1
7005.5 1.00644e-15 3.04069e-17 1
7007 1.01064e-15 3.04069e-17 1
7008.5 9.85304e-16 3.04069e-17 1
7010 9.92293e-16 3.04069e-17 1
7011.5 9.53601e-16 3.04069e-17 1
7013 9.57373e-16 3.04069e-17 1
7014.5 9.71615e-16 3.04069e-17 1
7016 9.72992e-16 3.04069e-17 1
7017.5 9.66614e-16 3.04069e-17 1
7019 9.46802e-16 3.04069e-17 1
7020.5 9.4635e-16 3.04069e-17 1
7022 9.48369e-16 3.04069e-17 1
7023.5 9.71544e-16 3.04069e-17 1
7025 9.70919e-16 3.04069e-17 1
7026.5 9.72792e-16 3.04069e-17 1
7028 9.83794e-16 3.04069e-17 1
7029.5 1.01817e-15 3.04069e-17 1
7031 1.00394e-15 3.04069e-17 1
7032.5 9.60828e-16 3.04069e-17 1
7034 9.72221e-16 3.04069e-17 1
7035.5 1.02964e-15 3.04069e-17 1
7037 1.01887e-15 3.04069e-17 1
7038.5 9.5858e-16 3.04069e-17 1
7040 9.5561e-16 3.01736e-17 1
7041.5 9.48928e-16 3.01736e-17 1
7043 9.5633e-16 3.01736e-17 1
7044.5 9.42584e-16 3.01736e-17 1
7046 9.64014e-16 3.01736e-17 1
7047.5 9.84739e-16 3.01736e-17 1
7049 9.64063e-16 3.01736e-17 1
7050.5 9.7409e-16 3.01736e-17 1
7052 9.89846e-16 3.01736e-17 1
7053.5 9.8694e-16 3.01736e-17 1
7055 9.72102e-16 3.01736e-17 1
7056.5 9.75334e-16 3.01736e-17 1
7058 9.63743e-16 3.01736e-17 1
7059.5 9.60679e-16 3.01736e-17 1
7061 1.02222e-15 3.01736e-17 1
7062.5 9.92258e-16 3.01736e-17 1
7064 9.45308e-16 3.01736e-17 1
7065.5 9.65371e-16 3.01736e-17 1
7067 9.55871e-16 3.01736e-17 1
7068.5 9.59534e-16 3.01736e-17 1
7070 9.93547e-16 3.01736e-17 1
7071.5 1.03016e-15 3.01736e-17 1
7073 1.00009e-15 3.01736e-17 1
7074.5 9.66421e-16 3.01736e-17 1
7076 9.50022e-16 3.01736e-17 1
7077.5 9.60352e-16 3.01736e-17 1
7079 9.68254e-16 3.01736e-17 1
7080.5 9.77275e-16 3.01736e-17 1
7082 1.01854e-15 3.01736e-17 1
7083.5 1.00918e-15 3.01736e-17 1
7085 9.7467e-16 3.01736e-17 1
7086.5 9.37471e-16 3.01736e-17 1
7088 9.04953e-16 3.01736e-17 1
7089.5 9.14206e-16 3.01736e-17 1
7091 9.47561e-16 3.01736e-17 1
7092.5 9.76077e-16 3.01736e-17 1
7094 9.91212e-16 3.01736e-17 1
7095.5 9.64411e-16 3.01736e-17 1
7097 9.46477e-16 3.01736e-17 1
7098.5 9.43763e-16 3.01736e-17 1
7100 9.42653e-16 3.01736e-17 1
7101.5 9.39103e-16 3.01736e-17 1
7103 9.12734e-16 3.01736e-17 1
7104.5 9.72984e-16 3.01736e-17 1
7106 1.01578e-15 3.01736e-17 1
7107.5 9.6792e-16 3.01736e-17 1
7109 9.62224e-16 3.01736e-17 1
7110.5 9.68144e-16 3.01736e-17 1
7112 9.71903e-16 3.01736e-17 1
7113.5 9.77519e-16 3.01736e-17 1
7115 9.87367e-16 3.01736e-17 1
7116.5 1.02114e-15 3.01736e-17 1
7118 9.76437e-16 3.01736e-17 1
7119.5 9.31456e-16 3.01736e-17 1
7121 1.01737e-15 3.01736e-17 1
7122.5 9.82441e-16 3.01736e-17 1
7124 9.32765e-16 3.01736e-17 1
7125.5 9.36262e-16 3.01736e-17 1
7127 8.94352e-16 3.01736e-17 1
7128.5 9.19185e-16 3.01736e-17 1
7130 9.14882e-16 3.01736e-17 1
7131.5 9.02279e-16 3.01736e-17 1
7133 9.3414e-16 3.01736e-17 1
7134.5 9.63576e-16 3.01736e-17 1
7136 9.4973e-16 3.01736e-17 1
7137.5 9.75362e-16 3.01736e-17 1
7139 9.62614e-16 3.01736e-17 1
7140.5 9.08155e-16 3.01736e-17 1
7142 9.28568e-16 3.01736e-17 1
7143.5 9.40236e-16 3.01736e-17 1
7145 9.57458e-16 3.01736e-17 1
7146.5 9.93685e-16 3.01736e-17 1
7148 9.98377e-16 3.01736e-17 1
7149.5 9.32546e-16 3.01736e-17 1
7151 8.86753e-16 3.01736e-17 1
7152.5 8.92627e-16 3.01736e-17 1
7154 9.34133e-16 3.01736e-17 1
7155.5 9.67949e-16 3.01736e-17 1
7157 9.41487e-16 3.01736e-17 1
7158.5 9.46513e-16 3.01736e-17 1
7160 9.46987e-16 3.01736e-17 1
7161.5 9.36112e-16 3.01736e-17 1
7163 9.22946e-16 3.01736e-17 1
7164.5 9.14766e-16 3.01736e-17 1
7166 9.06813e-16 3.01736e-17 1
7167.5 8.86987e-16 3.01736e-17 1
7169 8.81787e-16 3.01736e-17 1
7170.5 8.92585e-16 3.01736e-17 1
7172 9.03668e-16 3.01736e-17 1
7173.5 9.28715e-16 3.01736e-17 1
7175 9.0703e-16 3.01736e-17 1
7176.5 9.19428e-16 3.01736e-17 1
7178 9.43791e-16 3.01736e-17 1
7179.5 9.11517e-16 3.01736e-17 1
7181 8.96379e-16 3.01736e-17 1
7182.5 9.50386e-16 3.01736e-17 1
7184 9.47357e-16 3.01736e-17 1
7185.5 8.91831e-16 3.01736e-17 1
7187 9.31457e-16 3.01736e-17 1
7188.5 9.13764e-16 3.01736e-17 1
7190 9.06122e-16 3.01736e-17 1
7191.5 9.45154e-16 3.01736e-17 1
7193 9.82846e-16 3.01736e-17 1
7194.5 9.49529e-16 3.01736e-17 1
7196 9.02214e-16 3.01736e-17 1
7197.5 9.35761e-16 3.01736e-17 1
7199 9.20456e-16 3.01736e-17 1
7200.5 9.03389e-16 3.01736e-17 1
7202 9.14434e-16 3.01736e-17 1
7203.5 9.02448e-16 3.01736e-17 1
7205 8.89697e-16 3.01736e-17 1
7206.5 9.3224e-16 3.01736e-17 1
7208 8.97166e-16 3.01736e-17 1
7209.5 9.01091e-16 3.01736e-17 1
7211 8.98086e-16 3.01736e-17 1
7212.5 9.26231e-16 3.01736e-17 1
7214 9.05546e-16 3.01736e-17 1
7215.5 8.7148e-16 3.01736e-17 1
7217 9.24616e-16 3.01736e-17 1
7218.5 9.16188e-16 3.01736e-17 1
7220 8.58736e-16 3.01736e-17 1
