# converted by J. Guy, 2010-10-18
# downloaded from www.cfa.harvard.edu/supernova//SNarchive.html
# from  Leibundgut et al. 1991ApJ...371L..23L
@Redshift 0.003395
@FORMAT STD
@Date 48099.5
@SELECTED_FOR_SNLS3_TRAINING 1
@SN sn1990n
@SURVEY CFA_LOWZ_SPEC
@Source CFA
#WAVE : wavelength, observer frame, in A
#FLUX : erg/s/cm2/A
#ERR  : statistical uncertainty on flux
#VALID : 1=ok 0=ignore
#end
3187.74 1.11788e-15 1.99498e-16 0
3189.84 1.11788e-15 1.99498e-16 0
3191.94 1.12851e-15 1.99498e-16 0
3194.04 1.11126e-15 1.99498e-16 0
3196.14 9.79211e-16 1.99498e-16 0
3198.24 1.28989e-15 1.99498e-16 0
3200.34 1.24797e-15 1.99498e-16 0
3202.44 1.27461e-15 1.99498e-16 0
3204.54 1.47167e-15 1.99498e-16 0
3206.64 1.13567e-15 1.99498e-16 0
3208.74 1.20829e-15 1.99498e-16 0
3210.84 1.50375e-15 1.99498e-16 0
3212.94 1.47014e-15 1.99498e-16 0
3215.05 1.36618e-15 1.99498e-16 0
3217.15 1.60596e-15 1.99498e-16 0
3219.25 1.46561e-15 1.99498e-16 0
3221.35 1.15522e-15 1.99498e-16 0
3223.45 1.09967e-15 1.99498e-16 0
3225.55 1.29777e-15 1.99498e-16 0
3227.65 1.52523e-15 1.99498e-16 0
3229.75 1.50309e-15 1.99498e-16 0
3231.85 1.24729e-15 1.99498e-16 0
3233.95 1.33411e-15 1.99498e-16 0
3236.05 1.68279e-15 1.99498e-16 0
3238.15 1.32352e-15 1.99498e-16 0
3240.25 1.01656e-15 1.99498e-16 0
3242.35 9.40963e-16 1.99498e-16 0
3244.45 1.02235e-15 1.99498e-16 0
3246.55 1.28023e-15 1.99498e-16 0
3248.65 1.35809e-15 1.99498e-16 0
3250.75 1.33974e-15 1.99498e-16 0
3252.85 1.35565e-15 1.99498e-16 0
3254.95 1.49091e-15 1.99498e-16 0
3257.05 1.69001e-15 1.99498e-16 0
3259.15 1.67875e-15 1.99498e-16 0
3261.25 1.5752e-15 1.99498e-16 0
3263.35 1.65443e-15 1.99498e-16 0
3265.45 1.69367e-15 1.99498e-16 0
3267.55 1.4224e-15 1.99498e-16 0
3269.65 1.38706e-15 1.99498e-16 0
3271.75 1.39946e-15 1.99498e-16 0
3273.85 1.38165e-15 1.99498e-16 0
3275.95 1.26295e-15 1.99498e-16 0
3278.05 9.58403e-16 1.99498e-16 0
3280.15 1.07543e-15 1.99498e-16 0
3282.25 1.35334e-15 1.99498e-16 0
3284.35 1.28796e-15 1.99498e-16 0
3286.45 1.01478e-15 1.99498e-16 0
3288.55 1.07448e-15 2.26807e-16 0
3290.65 1.3812e-15 2.26807e-16 0
3292.75 1.40833e-15 2.26807e-16 0
3294.85 1.44564e-15 2.26807e-16 0
3296.95 1.75875e-15 2.26807e-16 0
3299.05 1.78668e-15 2.26807e-16 0
3301.15 1.74303e-15 2.26807e-16 0
3303.25 1.5411e-15 2.26807e-16 0
3305.35 1.3722e-15 2.26807e-16 0
3307.45 1.39352e-15 2.26807e-16 0
3309.55 1.22986e-15 2.26807e-16 0
3311.65 1.22262e-15 2.26807e-16 0
3313.75 1.16261e-15 2.26807e-16 0
3315.85 1.2821e-15 2.26807e-16 0
3317.95 1.68906e-15 2.26807e-16 0
3320.05 1.53776e-15 2.26807e-16 0
3322.15 1.66886e-15 2.26807e-16 0
3324.25 1.84816e-15 2.26807e-16 0
3326.35 1.59621e-15 2.26807e-16 0
3328.45 1.48161e-15 2.26807e-16 0
3330.55 1.8987e-15 2.26807e-16 0
3332.65 1.61374e-15 2.26807e-16 0
3334.75 1.20012e-15 2.26807e-16 0
3336.85 1.34782e-15 2.26807e-16 0
3338.95 1.61651e-15 2.26807e-16 0
3341.05 1.99471e-15 2.26807e-16 0
3343.15 1.82543e-15 2.26807e-16 0
3345.26 1.60911e-15 2.26807e-16 0
3347.36 1.88218e-15 2.26807e-16 0
3349.46 2.08338e-15 2.26807e-16 0
3351.56 1.86988e-15 2.26807e-16 0
3353.66 1.75604e-15 2.26807e-16 0
3355.76 1.62063e-15 2.26807e-16 0
3357.86 1.51912e-15 2.26807e-16 0
3359.96 1.84395e-15 2.26807e-16 0
3362.06 1.8722e-15 2.26807e-16 0
3364.16 1.96208e-15 2.26807e-16 0
3366.26 1.94314e-15 2.26807e-16 0
3368.36 1.60166e-15 2.26807e-16 0
3370.46 1.47055e-15 2.26807e-16 0
3372.56 1.51662e-15 2.26807e-16 0
3374.66 1.60071e-15 2.26807e-16 0
3376.76 1.45164e-15 2.26807e-16 0
3378.86 1.4692e-15 2.26807e-16 0
3380.96 2.05705e-15 2.26807e-16 0
3383.06 1.83233e-15 2.26807e-16 0
3385.16 1.90114e-15 2.26807e-16 0
3387.26 2.11388e-15 2.26807e-16 0
3389.36 1.76949e-15 2.30138e-16 0
3391.46 1.926e-15 2.30138e-16 0
3393.56 2.2503e-15 2.30138e-16 0
3395.66 1.9968e-15 2.30138e-16 0
3397.76 1.97629e-15 2.30138e-16 0
3399.86 2.59275e-15 2.30138e-16 0
3401.96 2.56155e-15 2.30138e-16 1
3404.06 2.4396e-15 2.30138e-16 1
3406.16 2.00766e-15 2.30138e-16 1
3408.26 1.75448e-15 2.30138e-16 1
3410.36 2.14296e-15 2.30138e-16 1
3412.46 2.18477e-15 2.30138e-16 1
3414.56 2.2024e-15 2.30138e-16 1
3416.66 2.10672e-15 2.30138e-16 1
3418.76 1.92701e-15 2.30138e-16 1
3420.86 1.91421e-15 2.30138e-16 1
3422.96 1.97201e-15 2.30138e-16 1
3425.06 2.34123e-15 2.30138e-16 1
3427.16 2.44538e-15 2.30138e-16 1
3429.26 2.20419e-15 2.30138e-16 1
3431.36 2.1307e-15 2.30138e-16 1
3433.46 2.16287e-15 2.30138e-16 1
3435.56 2.3496e-15 2.30138e-16 1
3437.66 2.23163e-15 2.30138e-16 1
3439.76 1.95861e-15 2.30138e-16 1
3441.86 2.04385e-15 2.30138e-16 1
3443.96 2.14164e-15 2.30138e-16 1
3446.06 2.28306e-15 2.30138e-16 1
3448.16 2.43351e-15 2.30138e-16 1
3450.26 2.50302e-15 2.30138e-16 1
3452.36 2.47965e-15 2.30138e-16 1
3454.46 2.44455e-15 2.30138e-16 1
3456.56 2.69735e-15 2.30138e-16 1
3458.66 2.53914e-15 2.30138e-16 1
3460.76 2.22261e-15 2.30138e-16 1
3462.86 2.55802e-15 2.30138e-16 1
3464.96 2.61284e-15 2.30138e-16 1
3467.06 2.5949e-15 2.30138e-16 1
3469.16 2.56042e-15 2.30138e-16 1
3471.26 2.3597e-15 2.30138e-16 1
3473.37 2.17608e-15 2.30138e-16 1
3475.47 2.22326e-15 2.30138e-16 1
3477.57 2.41033e-15 2.30138e-16 1
3479.67 2.22789e-15 2.30138e-16 1
3481.77 2.12448e-15 2.30138e-16 1
3483.87 2.47791e-15 2.30138e-16 1
3485.97 1.97646e-15 2.30138e-16 1
3488.07 2.13963e-15 2.35315e-16 1
3490.17 2.44963e-15 2.35315e-16 1
3492.27 2.17585e-15 2.35315e-16 1
3494.37 2.28205e-15 2.35315e-16 1
3496.47 2.46301e-15 2.35315e-16 1
3498.57 2.50674e-15 2.35315e-16 1
3500.67 2.39422e-15 2.35315e-16 1
3502.77 2.34585e-15 2.35315e-16 1
3504.87 2.59037e-15 2.35315e-16 1
3506.97 2.86804e-15 2.35315e-16 1
3509.07 3.05373e-15 2.35315e-16 1
3511.17 3.10942e-15 2.35315e-16 1
3513.27 2.92816e-15 2.35315e-16 1
3515.37 2.62868e-15 2.35315e-16 1
3517.47 2.72187e-15 2.35315e-16 1
3519.57 2.94499e-15 2.35315e-16 1
3521.67 3.0264e-15 2.35315e-16 1
3523.77 3.065e-15 2.35315e-16 1
3525.87 3.20234e-15 2.35315e-16 1
3527.97 3.30365e-15 2.35315e-16 1
3530.07 3.03921e-15 2.35315e-16 1
3532.17 2.96352e-15 2.35315e-16 1
3534.27 3.18422e-15 2.35315e-16 1
3536.37 3.15256e-15 2.35315e-16 1
3538.47 3.57181e-15 2.35315e-16 1
3540.57 3.60979e-15 2.35315e-16 1
3542.67 3.543e-15 2.35315e-16 1
3544.77 3.74477e-15 2.35315e-16 1
3546.87 3.4306e-15 2.35315e-16 1
3548.97 3.1073e-15 2.35315e-16 1
3551.07 3.08945e-15 2.35315e-16 1
3553.17 3.38268e-15 2.35315e-16 1
3555.27 3.65048e-15 2.35315e-16 1
3557.37 3.64511e-15 2.35315e-16 1
3559.47 3.88256e-15 2.35315e-16 1
3561.57 3.71632e-15 2.35315e-16 1
3563.67 3.28273e-15 2.35315e-16 1
3565.77 3.34263e-15 2.35315e-16 1
3567.87 3.68683e-15 2.35315e-16 1
3569.97 3.59522e-15 2.35315e-16 1
3572.07 3.34549e-15 2.35315e-16 1
3574.17 3.29834e-15 2.35315e-16 1
3576.27 3.35493e-15 2.35315e-16 1
3578.37 3.48215e-15 2.35315e-16 1
3580.47 3.92593e-15 2.35315e-16 1
3582.57 4.02317e-15 2.35315e-16 1
3584.67 3.65009e-15 2.35315e-16 1
3586.77 3.49943e-15 2.35315e-16 1
3588.87 3.6908e-15 2.97961e-16 1
3590.97 3.43246e-15 2.97961e-16 1
3593.07 3.62052e-15 2.97961e-16 1
3595.17 3.91685e-15 2.97961e-16 1
3597.27 3.58606e-15 2.97961e-16 1
3599.37 3.35426e-15 2.97961e-16 1
3601.47 3.08646e-15 2.97961e-16 1
3603.58 3.28877e-15 2.97961e-16 1
3605.68 3.70013e-15 2.97961e-16 1
3607.78 3.7406e-15 2.97961e-16 1
3609.88 3.63995e-15 2.97961e-16 1
3611.98 3.29174e-15 2.97961e-16 1
3614.08 2.92888e-15 2.97961e-16 1
3616.18 3.00521e-15 2.97961e-16 1
3618.28 3.46718e-15 2.97961e-16 1
3620.38 3.69307e-15 2.97961e-16 1
3622.48 3.53223e-15 2.97961e-16 1
3624.58 3.3907e-15 2.97961e-16 1
3626.68 3.31253e-15 2.97961e-16 1
3628.78 3.22392e-15 2.97961e-16 1
3630.88 3.35331e-15 2.97961e-16 1
3632.98 3.46478e-15 2.97961e-16 1
3635.08 3.55499e-15 2.97961e-16 1
3637.18 3.57725e-15 2.97961e-16 1
3639.28 3.54777e-15 2.97961e-16 1
3641.38 3.62699e-15 2.97961e-16 1
3643.48 3.51713e-15 2.97961e-16 1
3645.58 3.43718e-15 2.97961e-16 1
3647.68 3.41105e-15 2.97961e-16 1
3649.78 3.48285e-15 2.97961e-16 1
3651.88 3.85217e-15 2.97961e-16 1
3653.98 3.70459e-15 2.97961e-16 1
3656.08 3.70869e-15 2.97961e-16 1
3658.18 3.73775e-15 2.97961e-16 1
3660.28 3.70281e-15 2.97961e-16 1
3662.38 4.5792e-15 2.97961e-16 1
3664.48 4.74917e-15 2.97961e-16 1
3666.58 4.54646e-15 2.97961e-16 1
3668.68 4.60297e-15 2.97961e-16 1
3670.78 4.66819e-15 2.97961e-16 1
3672.88 4.67895e-15 2.97961e-16 1
3674.98 4.61974e-15 2.97961e-16 1
3677.08 4.69213e-15 2.97961e-16 1
3679.18 4.95106e-15 2.97961e-16 1
3681.28 5.16504e-15 2.97961e-16 1
3683.38 5.18925e-15 2.97961e-16 1
3685.48 5.2732e-15 2.97961e-16 1
3687.58 5.40618e-15 2.97961e-16 1
3689.68 5.30086e-15 3.41822e-16 1
3691.78 4.98498e-15 3.41822e-16 1
3693.88 4.95175e-15 3.41822e-16 1
3695.98 5.28928e-15 3.41822e-16 1
3698.08 5.56567e-15 3.41822e-16 1
3700.18 5.57947e-15 3.41822e-16 1
3702.28 5.40694e-15 3.41822e-16 1
3704.38 5.12256e-15 3.41822e-16 1
3706.48 5.06897e-15 3.41822e-16 1
3708.58 4.87506e-15 3.41822e-16 1
3710.68 4.56509e-15 3.41822e-16 1
3712.78 4.61566e-15 3.41822e-16 1
3714.88 4.803e-15 3.41822e-16 1
3716.98 4.50869e-15 3.41822e-16 1
3719.08 4.32328e-15 3.41822e-16 1
3721.18 4.27437e-15 3.41822e-16 1
3723.28 3.92361e-15 3.41822e-16 1
3725.38 3.71686e-15 3.41822e-16 1
3727.48 3.63613e-15 3.41822e-16 1
3729.58 3.56645e-15 3.41822e-16 1
3731.68 3.27837e-15 3.41822e-16 1
3733.79 2.98929e-15 3.41822e-16 1
3735.89 3.2766e-15 3.41822e-16 1
3737.99 3.35864e-15 3.41822e-16 1
3740.09 3.22457e-15 3.41822e-16 1
3742.19 3.30523e-15 3.41822e-16 1
3744.29 3.4353e-15 3.41822e-16 1
3746.39 3.33496e-15 3.41822e-16 1
3748.49 3.72932e-15 3.41822e-16 1
3750.59 3.82891e-15 3.41822e-16 1
3752.69 3.1653e-15 3.41822e-16 1
3754.79 2.77063e-15 3.41822e-16 1
3756.89 3.24566e-15 3.41822e-16 1
3758.99 3.26183e-15 3.41822e-16 1
3761.09 3.19775e-15 3.41822e-16 1
3763.19 3.43287e-15 3.41822e-16 1
3765.29 3.5152e-15 3.41822e-16 1
3767.39 3.43784e-15 3.41822e-16 1
3769.49 3.03294e-15 3.41822e-16 1
3771.59 2.8251e-15 3.41822e-16 1
3773.69 2.91377e-15 3.41822e-16 1
3775.79 2.93584e-15 3.41822e-16 1
3777.89 2.99196e-15 3.41822e-16 1
3779.99 2.96154e-15 3.41822e-16 1
3782.09 2.77236e-15 3.41822e-16 1
3784.19 2.59127e-15 3.41822e-16 1
3786.29 2.59775e-15 3.41822e-16 1
3788.39 2.71376e-15 2.12495e-16 1
3790.49 2.76704e-15 2.12495e-16 1
3792.59 2.68626e-15 2.12495e-16 1
3794.69 2.63965e-15 2.12495e-16 1
3796.79 2.66034e-15 2.12495e-16 1
3798.89 2.52055e-15 2.12495e-16 1
3800.99 2.54021e-15 2.12495e-16 1
3803.09 2.64668e-15 2.12495e-16 1
3805.19 2.68478e-15 2.12495e-16 1
3807.29 2.65337e-15 2.12495e-16 1
3809.39 2.58809e-15 2.12495e-16 1
3811.49 2.85118e-15 2.12495e-16 1
3813.59 2.99847e-15 2.12495e-16 1
3815.69 3.11395e-15 2.12495e-16 1
3817.79 3.34214e-15 2.12495e-16 1
3819.89 2.9948e-15 2.12495e-16 1
3821.99 3.12934e-15 2.12495e-16 1
3824.09 3.27676e-15 2.12495e-16 1
3826.19 3.15534e-15 2.12495e-16 1
3828.29 3.30701e-15 2.12495e-16 1
3830.39 3.42292e-15 2.12495e-16 1
3832.49 3.4521e-15 2.12495e-16 1
3834.59 3.39658e-15 2.12495e-16 1
3836.69 3.29749e-15 2.12495e-16 1
3838.79 3.40051e-15 2.12495e-16 1
3840.89 3.75826e-15 2.12495e-16 1
3842.99 3.60819e-15 2.12495e-16 1
3845.09 3.56182e-15 2.12495e-16 1
3847.19 3.99322e-15 2.12495e-16 1
3849.29 4.30559e-15 2.12495e-16 1
3851.39 4.40608e-15 2.12495e-16 1
3853.49 4.54888e-15 2.12495e-16 1
3855.59 4.62661e-15 2.12495e-16 1
3857.69 4.66116e-15 2.12495e-16 1
3859.79 4.80176e-15 2.12495e-16 1
3861.9 4.85759e-15 2.12495e-16 1
3864 4.94679e-15 2.12495e-16 1
3866.1 5.1485e-15 2.12495e-16 1
3868.2 5.4692e-15 2.12495e-16 1
3870.3 5.72252e-15 2.12495e-16 1
3872.4 5.6004e-15 2.12495e-16 1
3874.5 5.51213e-15 2.12495e-16 1
3876.6 5.65989e-15 2.12495e-16 1
3878.7 6.22617e-15 2.12495e-16 1
3880.8 6.89447e-15 2.12495e-16 1
3882.9 6.66565e-15 2.12495e-16 1
3885 6.33108e-15 2.12495e-16 1
3887.1 6.22908e-15 2.12495e-16 1
3889.2 6.17476e-15 3.68623e-16 1
3891.3 6.27722e-15 3.68623e-16 1
3893.4 6.62831e-15 3.68623e-16 1
3895.5 6.71584e-15 3.68623e-16 1
3897.6 6.60796e-15 3.68623e-16 1
3899.7 6.84645e-15 3.68623e-16 1
3901.8 7.29631e-15 3.68623e-16 1
3903.9 7.11108e-15 3.68623e-16 1
3906 6.81217e-15 3.68623e-16 1
3908.1 6.67712e-15 3.68623e-16 1
3910.2 6.72852e-15 3.68623e-16 1
3912.3 6.99303e-15 3.68623e-16 1
3914.4 7.16214e-15 3.68623e-16 1
3916.5 7.21864e-15 3.68623e-16 1
3918.6 7.28034e-15 3.68623e-16 1
3920.7 7.11596e-15 3.68623e-16 1
3922.8 6.57648e-15 3.68623e-16 1
3924.9 6.35469e-15 3.68623e-16 1
3927 6.88073e-15 3.68623e-16 1
3929.1 6.87318e-15 3.68623e-16 1
3931.2 6.5191e-15 3.68623e-16 1
3933.3 6.97536e-15 3.68623e-16 1
3935.4 7.03035e-15 3.68623e-16 1
3937.5 7.46758e-15 3.68623e-16 1
3939.6 7.96414e-15 3.68623e-16 1
3941.7 7.73004e-15 3.68623e-16 1
3943.8 7.21782e-15 3.68623e-16 1
3945.9 7.11318e-15 3.68623e-16 1
3948 7.07684e-15 3.68623e-16 1
3950.1 7.1866e-15 3.68623e-16 1
3952.2 7.3174e-15 3.68623e-16 1
3954.3 7.21198e-15 3.68623e-16 1
3956.4 7.50158e-15 3.68623e-16 1
3958.5 7.62293e-15 3.68623e-16 1
3960.6 7.71813e-15 3.68623e-16 1
3962.7 7.92933e-15 3.68623e-16 1
3964.8 7.80557e-15 3.68623e-16 1
3966.9 7.52639e-15 3.68623e-16 1
3969 7.26558e-15 3.68623e-16 1
3971.1 7.31229e-15 3.68623e-16 1
3973.2 7.56537e-15 3.68623e-16 1
3975.3 7.56777e-15 3.68623e-16 1
3977.4 7.3905e-15 3.68623e-16 1
3979.5 7.36228e-15 3.68623e-16 1
3981.6 7.24747e-15 3.68623e-16 1
3983.7 7.03718e-15 3.68623e-16 1
3985.8 7.01083e-15 3.68623e-16 1
3987.9 6.79435e-15 3.76403e-16 1
3990 6.75264e-15 3.76403e-16 1
3992.11 6.68564e-15 3.76403e-16 1
3994.21 6.52236e-15 3.76403e-16 1
3996.31 6.54752e-15 3.76403e-16 1
3998.41 6.21075e-15 3.76403e-16 1
4000.51 6.00497e-15 3.76403e-16 1
4002.61 5.8253e-15 3.76403e-16 1
4004.71 5.56112e-15 3.76403e-16 1
4006.81 5.64616e-15 3.76403e-16 1
4008.91 5.70281e-15 3.76403e-16 1
4011.01 5.52914e-15 3.76403e-16 1
4013.11 5.23572e-15 3.76403e-16 1
4015.21 5.07286e-15 3.76403e-16 1
4017.31 5.24043e-15 3.76403e-16 1
4019.41 5.57418e-15 3.76403e-16 1
4021.51 5.42213e-15 3.76403e-16 1
4023.61 4.98924e-15 3.76403e-16 1
4025.71 4.90209e-15 3.76403e-16 1
4027.81 5.16631e-15 3.76403e-16 1
4029.91 5.36581e-15 3.76403e-16 1
4032.01 5.044e-15 3.76403e-16 1
4034.11 4.56615e-15 3.76403e-16 1
4036.21 4.64649e-15 3.76403e-16 1
4038.31 5.08091e-15 3.76403e-16 1
4040.41 4.86969e-15 3.76403e-16 1
4042.51 4.8517e-15 3.76403e-16 1
4044.61 5.13325e-15 3.76403e-16 1
4046.71 5.08174e-15 3.76403e-16 1
4048.81 4.9138e-15 3.76403e-16 1
4050.91 4.98181e-15 3.76403e-16 1
4053.01 4.8532e-15 3.76403e-16 1
4055.11 4.82554e-15 3.76403e-16 1
4057.21 5.23698e-15 3.76403e-16 1
4059.31 5.55947e-15 3.76403e-16 1
4061.41 5.72728e-15 3.76403e-16 1
4063.51 5.44416e-15 3.76403e-16 1
4065.61 5.33045e-15 3.76403e-16 1
4067.71 5.57874e-15 3.76403e-16 1
4069.81 5.31949e-15 3.76403e-16 1
4071.91 5.25008e-15 3.76403e-16 1
4074.01 5.23024e-15 3.76403e-16 1
4076.11 5.04555e-15 3.76403e-16 1
4078.21 4.93011e-15 3.76403e-16 1
4080.31 5.0246e-15 3.76403e-16 1
4082.41 5.26711e-15 3.76403e-16 1
4084.51 5.32506e-15 3.76403e-16 1
4086.61 4.87988e-15 3.76403e-16 1
4088.71 4.42633e-15 2.65775e-16 1
4090.81 4.64609e-15 2.65775e-16 1
4092.91 4.49808e-15 2.65775e-16 1
4095.01 4.45773e-15 2.65775e-16 1
4097.11 4.6189e-15 2.65775e-16 1
4099.21 4.59884e-15 2.65775e-16 1
4101.31 4.81242e-15 2.65775e-16 1
4103.41 4.85266e-15 2.65775e-16 1
4105.51 4.69705e-15 2.65775e-16 1
4107.61 4.60718e-15 2.65775e-16 1
4109.71 4.53951e-15 2.65775e-16 1
4111.81 4.34763e-15 2.65775e-16 1
4113.91 4.43054e-15 2.65775e-16 1
4116.01 4.45284e-15 2.65775e-16 1
4118.11 4.37815e-15 2.65775e-16 1
4120.21 4.50531e-15 2.65775e-16 1
4122.32 4.55731e-15 2.65775e-16 1
4124.42 4.48396e-15 2.65775e-16 1
4126.52 4.48143e-15 2.65775e-16 1
4128.62 4.67806e-15 2.65775e-16 1
4130.72 4.81434e-15 2.65775e-16 1
4132.82 4.56001e-15 2.65775e-16 1
4134.92 4.43028e-15 2.65775e-16 1
4137.02 4.46445e-15 2.65775e-16 1
4139.12 4.29535e-15 2.65775e-16 1
4141.22 4.02607e-15 2.65775e-16 1
4143.32 4.11056e-15 2.65775e-16 1
4145.42 4.03743e-15 2.65775e-16 1
4147.52 4.05093e-15 2.65775e-16 1
4149.62 4.1296e-15 2.65775e-16 1
4151.72 4.07937e-15 2.65775e-16 1
4153.82 4.55359e-15 2.65775e-16 1
4155.92 4.77549e-15 2.65775e-16 1
4158.02 4.88614e-15 2.65775e-16 1
4160.12 5.08736e-15 2.65775e-16 1
4162.22 4.88842e-15 2.65775e-16 1
4164.32 4.54293e-15 2.65775e-16 1
4166.42 4.97449e-15 2.65775e-16 1
4168.52 5.20289e-15 2.65775e-16 1
4170.62 4.96262e-15 2.65775e-16 1
4172.72 5.16805e-15 2.65775e-16 1
4174.82 5.03672e-15 2.65775e-16 1
4176.92 4.91464e-15 2.65775e-16 1
4179.02 5.00094e-15 2.65775e-16 1
4181.12 5.04659e-15 2.65775e-16 1
4183.22 4.98359e-15 2.65775e-16 1
4185.32 4.98454e-15 2.65775e-16 1
4187.42 5.14857e-15 2.65775e-16 1
4189.52 5.16474e-15 2.15839e-16 1
4191.62 5.10757e-15 2.15839e-16 1
4193.72 5.27616e-15 2.15839e-16 1
4195.82 5.15833e-15 2.15839e-16 1
4197.92 5.13018e-15 2.15839e-16 1
4200.02 5.33242e-15 2.15839e-16 1
4202.12 5.37854e-15 2.15839e-16 1
4204.22 5.13253e-15 2.15839e-16 1
4206.32 5.01271e-15 2.15839e-16 1
4208.42 5.19451e-15 2.15839e-16 1
4210.52 5.0859e-15 2.15839e-16 1
4212.62 4.84914e-15 2.15839e-16 1
4214.72 5.18377e-15 2.15839e-16 1
4216.82 4.97703e-15 2.15839e-16 1
4218.92 4.74881e-15 2.15839e-16 1
4221.02 4.86808e-15 2.15839e-16 1
4223.12 4.93513e-15 2.15839e-16 1
4225.22 4.81649e-15 2.15839e-16 1
4227.32 4.64873e-15 2.15839e-16 1
4229.42 4.61022e-15 2.15839e-16 1
4231.52 4.81008e-15 2.15839e-16 1
4233.62 4.9607e-15 2.15839e-16 1
4235.72 4.78533e-15 2.15839e-16 1
4237.82 4.96627e-15 2.15839e-16 1
4239.92 5.03502e-15 2.15839e-16 1
4242.02 4.76242e-15 2.15839e-16 1
4244.12 4.5471e-15 2.15839e-16 1
4246.22 4.4667e-15 2.15839e-16 1
4248.32 4.50423e-15 2.15839e-16 1
4250.42 4.81038e-15 2.15839e-16 1
4252.53 4.83108e-15 2.15839e-16 1
4254.63 4.44788e-15 2.15839e-16 1
4256.73 4.64314e-15 2.15839e-16 1
4258.83 4.72322e-15 2.15839e-16 1
4260.93 4.49732e-15 2.15839e-16 1
4263.03 4.29229e-15 2.15839e-16 1
4265.13 4.28911e-15 2.15839e-16 1
4267.23 4.34259e-15 2.15839e-16 1
4269.33 4.02069e-15 2.15839e-16 1
4271.43 4.22545e-15 2.15839e-16 1
4273.53 4.69027e-15 2.15839e-16 1
4275.63 4.54595e-15 2.15839e-16 1
4277.73 4.66321e-15 2.15839e-16 1
4279.83 4.5669e-15 2.15839e-16 1
4281.93 4.52893e-15 2.15839e-16 1
4284.03 4.65289e-15 2.15839e-16 1
4286.13 4.49521e-15 2.15839e-16 1
4288.23 4.41413e-15 1.90835e-16 1
4290.33 4.64221e-15 1.90835e-16 1
4292.43 4.84506e-15 1.90835e-16 1
4294.53 4.88722e-15 1.90835e-16 1
4296.63 5.0599e-15 1.90835e-16 1
4298.73 5.27662e-15 1.90835e-16 1
4300.83 5.05281e-15 1.90835e-16 1
4302.93 5.19496e-15 1.90835e-16 1
4305.03 5.4206e-15 1.90835e-16 1
4307.13 4.78542e-15 1.90835e-16 1
4309.23 4.91885e-15 1.90835e-16 1
4311.33 5.16079e-15 1.90835e-16 1
4313.43 5.0018e-15 1.90835e-16 1
4315.53 4.87502e-15 1.90835e-16 1
4317.63 4.96416e-15 1.90835e-16 1
4319.73 4.96526e-15 1.90835e-16 1
4321.83 4.77274e-15 1.90835e-16 1
4323.93 4.66046e-15 1.90835e-16 1
4326.03 4.77682e-15 1.90835e-16 1
4328.13 4.81259e-15 1.90835e-16 1
4330.23 4.54485e-15 1.90835e-16 1
4332.33 4.46366e-15 1.90835e-16 1
4334.43 4.62272e-15 1.90835e-16 1
4336.53 4.54975e-15 1.90835e-16 1
4338.63 4.33577e-15 1.90835e-16 1
4340.73 4.66457e-15 1.90835e-16 1
4342.83 4.36667e-15 1.90835e-16 1
4344.93 4.0141e-15 1.90835e-16 1
4347.03 4.38264e-15 1.90835e-16 1
4349.13 4.17914e-15 1.90835e-16 1
4351.23 4.00388e-15 1.90835e-16 1
4353.33 3.94971e-15 1.90835e-16 1
4355.43 3.87445e-15 1.90835e-16 1
4357.53 3.78663e-15 1.90835e-16 1
4359.63 3.58424e-15 1.90835e-16 1
4361.73 3.46012e-15 1.90835e-16 1
4363.83 3.42808e-15 1.90835e-16 1
4365.93 3.31754e-15 1.90835e-16 1
4368.03 3.2087e-15 1.90835e-16 1
4370.13 3.37453e-15 1.90835e-16 1
4372.23 3.40651e-15 1.90835e-16 1
4374.33 3.08797e-15 1.90835e-16 1
4376.43 2.87315e-15 1.90835e-16 1
4378.53 3.07605e-15 1.90835e-16 1
4380.64 3.19922e-15 1.90835e-16 1
4382.74 3.15465e-15 1.90835e-16 1
4384.84 2.96917e-15 1.90835e-16 1
4386.94 2.89503e-15 1.90835e-16 1
4389.04 3.00179e-15 1.6051e-16 1
4391.14 2.83418e-15 1.6051e-16 1
4393.24 2.84871e-15 1.6051e-16 1
4395.34 2.98622e-15 1.6051e-16 1
4397.44 2.81885e-15 1.6051e-16 1
4399.54 2.55307e-15 1.6051e-16 1
4401.64 2.72588e-15 1.6051e-16 1
4403.74 2.58918e-15 1.6051e-16 1
4405.84 2.48746e-15 1.6051e-16 1
4407.94 2.64737e-15 1.6051e-16 1
4410.04 2.45125e-15 1.6051e-16 1
4412.14 2.38517e-15 1.6051e-16 1
4414.24 2.35987e-15 1.6051e-16 1
4416.34 2.47821e-15 1.6051e-16 1
4418.44 2.69831e-15 1.6051e-16 1
4420.54 2.61632e-15 1.6051e-16 1
4422.64 2.51164e-15 1.6051e-16 1
4424.74 2.50977e-15 1.6051e-16 1
4426.84 2.56358e-15 1.6051e-16 1
4428.94 2.62015e-15 1.6051e-16 1
4431.04 2.58377e-15 1.6051e-16 1
4433.14 2.38405e-15 1.6051e-16 1
4435.24 2.53153e-15 1.6051e-16 1
4437.34 2.83443e-15 1.6051e-16 1
4439.44 2.87264e-15 1.6051e-16 1
4441.54 2.91333e-15 1.6051e-16 1
4443.64 2.86545e-15 1.6051e-16 1
4445.74 2.80609e-15 1.6051e-16 1
4447.84 2.86745e-15 1.6051e-16 1
4449.94 2.93204e-15 1.6051e-16 1
4452.04 2.81695e-15 1.6051e-16 1
4454.14 2.7579e-15 1.6051e-16 1
4456.24 2.69635e-15 1.6051e-16 1
4458.34 2.65672e-15 1.6051e-16 1
4460.44 2.78276e-15 1.6051e-16 1
4462.54 2.96783e-15 1.6051e-16 1
4464.64 3.21454e-15 1.6051e-16 1
4466.74 3.2123e-15 1.6051e-16 1
4468.84 3.08768e-15 1.6051e-16 1
4470.94 3.20763e-15 1.6051e-16 1
4473.04 3.29447e-15 1.6051e-16 1
4475.14 3.38991e-15 1.6051e-16 1
4477.24 3.50704e-15 1.6051e-16 1
4479.34 3.46906e-15 1.6051e-16 1
4481.44 3.31416e-15 1.6051e-16 1
4483.54 3.37222e-15 1.6051e-16 1
4485.64 3.2319e-15 1.6051e-16 1
4487.74 3.13603e-15 2.30783e-16 1
4489.84 3.3219e-15 2.30783e-16 1
4491.94 3.45386e-15 2.30783e-16 1
4494.04 3.5323e-15 2.30783e-16 1
4496.14 3.38179e-15 2.30783e-16 1
4498.24 3.30679e-15 2.30783e-16 1
4500.34 3.55633e-15 2.30783e-16 1
4502.44 3.75587e-15 2.30783e-16 1
4504.54 3.66815e-15 2.30783e-16 1
4506.64 3.66701e-15 2.30783e-16 1
4508.74 3.79989e-15 2.30783e-16 1
4510.85 3.82563e-15 2.30783e-16 1
4512.95 3.79068e-15 2.30783e-16 1
4515.05 3.8274e-15 2.30783e-16 1
4517.15 3.86612e-15 2.30783e-16 1
4519.25 3.90615e-15 2.30783e-16 1
4521.35 3.96551e-15 2.30783e-16 1
4523.45 4.02669e-15 2.30783e-16 1
4525.55 4.31211e-15 2.30783e-16 1
4527.65 4.50897e-15 2.30783e-16 1
4529.75 4.38656e-15 2.30783e-16 1
4531.85 4.39586e-15 2.30783e-16 1
4533.95 4.85721e-15 2.30783e-16 1
4536.05 4.739e-15 2.30783e-16 1
4538.15 4.6566e-15 2.30783e-16 1
4540.25 5.18499e-15 2.30783e-16 1
4542.35 5.60183e-15 2.30783e-16 1
4544.45 5.49275e-15 2.30783e-16 1
4546.55 5.69894e-15 2.30783e-16 1
4548.65 5.98666e-15 2.30783e-16 1
4550.75 6.09447e-15 2.30783e-16 1
4552.85 6.36172e-15 2.30783e-16 1
4554.95 6.52678e-15 2.30783e-16 1
4557.05 6.37668e-15 2.30783e-16 1
4559.15 6.3952e-15 2.30783e-16 1
4561.25 6.64243e-15 2.30783e-16 1
4563.35 6.69972e-15 2.30783e-16 1
4565.45 6.94741e-15 2.30783e-16 1
4567.55 7.33048e-15 2.30783e-16 1
4569.65 7.40073e-15 2.30783e-16 1
4571.75 7.32738e-15 2.30783e-16 1
4573.85 7.63153e-15 2.30783e-16 1
4575.95 7.75726e-15 2.30783e-16 1
4578.05 7.42154e-15 2.30783e-16 1
4580.15 7.17587e-15 2.30783e-16 1
4582.25 7.50051e-15 2.30783e-16 1
4584.35 7.92251e-15 2.30783e-16 1
4586.45 7.70735e-15 2.30783e-16 1
4588.55 7.50684e-15 4.5443e-16 1
4590.65 7.56262e-15 4.5443e-16 1
4592.75 7.48024e-15 4.5443e-16 1
4594.85 7.37192e-15 4.5443e-16 1
4596.95 7.5532e-15 4.5443e-16 1
4599.05 7.70744e-15 4.5443e-16 1
4601.15 7.72988e-15 4.5443e-16 1
4603.25 7.70413e-15 4.5443e-16 1
4605.35 7.46386e-15 4.5443e-16 1
4607.45 7.40547e-15 4.5443e-16 1
4609.55 7.58448e-15 4.5443e-16 1
4611.65 8.11618e-15 4.5443e-16 1
4613.75 8.57873e-15 4.5443e-16 1
4615.85 8.09376e-15 4.5443e-16 1
4617.95 8.33176e-15 4.5443e-16 1
4620.05 8.89829e-15 4.5443e-16 1
4622.15 8.77562e-15 4.5443e-16 1
4624.25 8.47345e-15 4.5443e-16 1
4626.35 8.66833e-15 4.5443e-16 1
4628.45 8.79196e-15 4.5443e-16 1
4630.55 8.63199e-15 4.5443e-16 1
4632.65 8.23433e-15 4.5443e-16 1
4634.75 7.76421e-15 4.5443e-16 1
4636.85 7.80468e-15 4.5443e-16 1
4638.95 7.60669e-15 4.5443e-16 1
4641.06 7.38156e-15 4.5443e-16 1
4643.16 7.35408e-15 4.5443e-16 1
4645.26 7.11971e-15 4.5443e-16 1
4647.36 7.31172e-15 4.5443e-16 1
4649.46 7.3157e-15 4.5443e-16 1
4651.56 7.12646e-15 4.5443e-16 1
4653.66 7.32034e-15 4.5443e-16 1
4655.76 7.6169e-15 4.5443e-16 1
4657.86 7.2819e-15 4.5443e-16 1
4659.96 6.82557e-15 4.5443e-16 1
4662.06 6.55764e-15 4.5443e-16 1
4664.16 6.19567e-15 4.5443e-16 1
4666.26 5.8288e-15 4.5443e-16 1
4668.36 5.90957e-15 4.5443e-16 1
4670.46 5.87472e-15 4.5443e-16 1
4672.56 5.90982e-15 4.5443e-16 1
4674.66 6.03872e-15 4.5443e-16 1
4676.76 5.27369e-15 4.5443e-16 1
4678.86 5.11264e-15 4.5443e-16 1
4680.96 5.23792e-15 4.5443e-16 1
4683.06 5.01067e-15 4.5443e-16 1
4685.16 4.84882e-15 4.5443e-16 1
4687.26 4.88659e-15 4.5443e-16 1
4689.36 4.87741e-15 2.70222e-16 1
4691.46 4.75288e-15 2.70222e-16 1
4693.56 4.58946e-15 2.70222e-16 1
4695.66 4.52925e-15 2.70222e-16 1
4697.76 4.69588e-15 2.70222e-16 1
4699.86 4.65838e-15 2.70222e-16 1
4701.96 4.30023e-15 2.70222e-16 1
4704.06 4.06262e-15 2.70222e-16 1
4706.16 4.25785e-15 2.70222e-16 1
4708.26 4.51064e-15 2.70222e-16 1
4710.36 4.60853e-15 2.70222e-16 1
4712.46 4.61671e-15 2.70222e-16 1
4714.56 4.49781e-15 2.70222e-16 1
4716.66 4.20706e-15 2.70222e-16 1
4718.76 4.15496e-15 2.70222e-16 1
4720.86 4.32771e-15 2.70222e-16 1
4722.96 4.28969e-15 2.70222e-16 1
4725.06 4.048e-15 2.70222e-16 1
4727.16 4.04759e-15 2.70222e-16 1
4729.26 4.0378e-15 2.70222e-16 1
4731.36 4.18626e-15 2.70222e-16 1
4733.46 4.23961e-15 2.70222e-16 1
4735.56 3.9469e-15 2.70222e-16 1
4737.66 3.81752e-15 2.70222e-16 1
4739.76 3.91316e-15 2.70222e-16 1
4741.86 3.71171e-15 2.70222e-16 1
4743.96 3.38866e-15 2.70222e-16 1
4746.06 3.41504e-15 2.70222e-16 1
4748.16 3.53347e-15 2.70222e-16 1
4750.26 3.74166e-15 2.70222e-16 1
4752.36 3.73507e-15 2.70222e-16 1
4754.46 3.53865e-15 2.70222e-16 1
4756.56 3.44891e-15 2.70222e-16 1
4758.66 3.28926e-15 2.70222e-16 1
4760.76 3.06645e-15 2.70222e-16 1
4762.86 3.10752e-15 2.70222e-16 1
4764.96 3.29678e-15 2.70222e-16 1
4767.06 3.20885e-15 2.70222e-16 1
4769.16 3.04429e-15 2.70222e-16 1
4771.27 3.11138e-15 2.70222e-16 1
4773.37 3.29399e-15 2.70222e-16 1
4775.47 3.24694e-15 2.70222e-16 1
4777.57 3.10685e-15 2.70222e-16 1
4779.67 3.50635e-15 2.70222e-16 1
4781.77 3.79493e-15 2.70222e-16 1
4783.87 3.6728e-15 2.70222e-16 1
4785.97 3.58585e-15 2.70222e-16 1
4788.07 3.74554e-15 2.2178e-16 1
4790.17 3.79446e-15 2.2178e-16 1
4792.27 3.81356e-15 2.2178e-16 1
4794.37 3.91313e-15 2.2178e-16 1
4796.47 4.0451e-15 2.2178e-16 1
4798.57 4.20516e-15 2.2178e-16 1
4800.67 4.37303e-15 2.2178e-16 1
4802.77 4.40754e-15 2.2178e-16 1
4804.87 4.4305e-15 2.2178e-16 1
4806.97 4.63302e-15 2.2178e-16 1
4809.07 4.84576e-15 2.2178e-16 1
4811.17 4.78513e-15 2.2178e-16 1
4813.27 4.44863e-15 2.2178e-16 1
4815.37 4.36002e-15 2.2178e-16 1
4817.47 4.68902e-15 2.2178e-16 1
4819.57 4.74035e-15 2.2178e-16 1
4821.67 4.56122e-15 2.2178e-16 1
4823.77 4.43215e-15 2.2178e-16 1
4825.87 4.26271e-15 2.2178e-16 1
4827.97 4.04352e-15 2.2178e-16 1
4830.07 4.14226e-15 2.2178e-16 1
4832.17 4.00901e-15 2.2178e-16 1
4834.27 3.90689e-15 2.2178e-16 1
4836.37 4.09823e-15 2.2178e-16 1
4838.47 4.15903e-15 2.2178e-16 1
4840.57 4.02511e-15 2.2178e-16 1
4842.67 3.99921e-15 2.2178e-16 1
4844.77 4.02183e-15 2.2178e-16 1
4846.87 3.94867e-15 2.2178e-16 1
4848.97 3.85079e-15 2.2178e-16 1
4851.07 3.77994e-15 2.2178e-16 1
4853.17 4.03474e-15 2.2178e-16 1
4855.27 4.04667e-15 2.2178e-16 1
4857.37 3.74935e-15 2.2178e-16 1
4859.47 3.81433e-15 2.2178e-16 1
4861.57 3.55113e-15 2.2178e-16 1
4863.67 3.81822e-15 2.2178e-16 1
4865.77 4.04699e-15 2.2178e-16 1
4867.87 3.70404e-15 2.2178e-16 1
4869.97 3.92475e-15 2.2178e-16 1
4872.07 3.89403e-15 2.2178e-16 1
4874.17 3.94233e-15 2.2178e-16 1
4876.27 4.31366e-15 2.2178e-16 1
4878.37 4.47647e-15 2.2178e-16 1
4880.47 4.31841e-15 2.2178e-16 1
4882.57 4.45219e-15 2.2178e-16 1
4884.67 4.7332e-15 2.2178e-16 1
4886.77 4.77954e-15 2.2178e-16 1
4888.87 4.65801e-15 4.51547e-16 1
4890.97 4.65793e-15 4.51547e-16 1
4893.07 4.77714e-15 4.51547e-16 1
4895.17 4.71156e-15 4.51547e-16 1
4897.27 4.73034e-15 4.51547e-16 1
4899.38 5.06401e-15 4.51547e-16 1
4901.48 5.03505e-15 4.51547e-16 1
4903.58 5.03833e-15 4.51547e-16 1
4905.68 5.20567e-15 4.51547e-16 1
4907.78 5.34579e-15 4.51547e-16 1
4909.88 5.5302e-15 4.51547e-16 1
4911.98 5.74641e-15 4.51547e-16 1
4914.08 5.26055e-15 4.51547e-16 1
4916.18 5.32148e-15 4.51547e-16 1
4918.28 5.95493e-15 4.51547e-16 1
4920.38 5.63358e-15 4.51547e-16 1
4922.48 5.68647e-15 4.51547e-16 1
4924.58 5.7039e-15 4.51547e-16 1
4926.68 5.65887e-15 4.51547e-16 1
4928.78 5.98823e-15 4.51547e-16 1
4930.88 6.25196e-15 4.51547e-16 1
4932.98 5.99401e-15 4.51547e-16 1
4935.08 5.97057e-15 4.51547e-16 1
4937.18 6.54662e-15 4.51547e-16 1
4939.28 6.90201e-15 4.51547e-16 1
4941.38 6.46854e-15 4.51547e-16 1
4943.48 6.39285e-15 4.51547e-16 1
4945.58 6.4688e-15 4.51547e-16 1
4947.68 6.63576e-15 4.51547e-16 1
4949.78 7.06861e-15 4.51547e-16 1
4951.88 7.11525e-15 4.51547e-16 1
4953.98 6.62746e-15 4.51547e-16 1
4956.08 6.36059e-15 4.51547e-16 1
4958.18 6.61319e-15 4.51547e-16 1
4960.28 6.7665e-15 4.51547e-16 1
4962.38 6.37794e-15 4.51547e-16 1
4964.48 6.0979e-15 4.51547e-16 1
4966.58 6.17943e-15 4.51547e-16 1
4968.68 5.88732e-15 4.51547e-16 1
4970.78 5.20206e-15 4.51547e-16 1
4972.88 5.37645e-15 4.51547e-16 1
4974.98 5.25733e-15 4.51547e-16 1
4977.08 4.6862e-15 4.51547e-16 1
4979.18 4.48919e-15 4.51547e-16 1
4981.28 4.71567e-15 4.51547e-16 1
4983.38 4.67965e-15 4.51547e-16 1
4985.48 4.65808e-15 4.51547e-16 1
4987.58 4.43291e-15 4.51547e-16 1
4989.68 4.16756e-15 2.89426e-16 1
4991.78 4.39909e-15 2.89426e-16 1
4993.88 4.47661e-15 2.89426e-16 1
4995.98 4.46441e-15 2.89426e-16 1
4998.08 4.50412e-15 2.89426e-16 1
5000.18 4.29389e-15 2.89426e-16 1
5002.28 3.83557e-15 2.89426e-16 1
5004.38 3.93691e-15 2.89426e-16 1
5006.48 4.07257e-15 2.89426e-16 1
5008.58 3.90407e-15 2.89426e-16 1
5010.68 3.80204e-15 2.89426e-16 1
5012.78 3.92416e-15 2.89426e-16 1
5014.88 3.88188e-15 2.89426e-16 1
5016.98 3.84236e-15 2.89426e-16 1
5019.08 3.69751e-15 2.89426e-16 1
5021.18 3.67739e-15 2.89426e-16 1
5023.28 4.27131e-15 2.89426e-16 1
5025.38 4.30517e-15 2.89426e-16 1
5027.48 4.04497e-15 2.89426e-16 1
5029.59 3.93119e-15 2.89426e-16 1
5031.69 3.9028e-15 2.89426e-16 1
5033.79 4.05933e-15 2.89426e-16 1
5035.89 4.24416e-15 2.89426e-16 1
5037.99 4.00079e-15 2.89426e-16 1
5040.09 3.70861e-15 2.89426e-16 1
5042.19 3.72323e-15 2.89426e-16 1
5044.29 3.47767e-15 2.89426e-16 1
5046.39 3.46797e-15 2.89426e-16 1
5048.49 3.56446e-15 2.89426e-16 1
5050.59 3.60832e-15 2.89426e-16 1
5052.69 3.73713e-15 2.89426e-16 1
5054.79 3.77175e-15 2.89426e-16 1
5056.89 3.69317e-15 2.89426e-16 1
5058.99 3.63648e-15 2.89426e-16 1
5061.09 3.68124e-15 2.89426e-16 1
5063.19 3.74051e-15 2.89426e-16 1
5065.29 3.72229e-15 2.89426e-16 1
5067.39 3.76052e-15 2.89426e-16 1
5069.49 3.7272e-15 2.89426e-16 1
5071.59 3.7239e-15 2.89426e-16 1
5073.69 3.97085e-15 2.89426e-16 1
5075.79 4.13257e-15 2.89426e-16 1
5077.89 4.244e-15 2.89426e-16 1
5079.99 3.99913e-15 2.89426e-16 1
5082.09 3.54699e-15 2.89426e-16 1
5084.19 3.57783e-15 2.89426e-16 1
5086.29 3.88098e-15 2.89426e-16 1
5088.39 3.92934e-15 2.02755e-16 1
5090.49 3.84051e-15 2.02755e-16 1
5092.59 3.96716e-15 2.02755e-16 1
5094.69 4.18579e-15 2.02755e-16 1
5096.79 4.19617e-15 2.02755e-16 1
5098.89 4.27185e-15 2.02755e-16 1
5100.99 4.14041e-15 2.02755e-16 1
5103.09 3.95261e-15 2.02755e-16 1
5105.19 4.2463e-15 2.02755e-16 1
5107.29 3.96924e-15 2.02755e-16 1
5109.39 3.85459e-15 2.02755e-16 1
5111.49 4.0676e-15 2.02755e-16 1
5113.59 4.06206e-15 2.02755e-16 1
5115.69 3.92514e-15 2.02755e-16 1
5117.79 3.65886e-15 2.02755e-16 1
5119.89 3.75745e-15 2.02755e-16 1
5121.99 3.92445e-15 2.02755e-16 1
5124.09 3.72165e-15 2.02755e-16 1
5126.19 3.61317e-15 2.02755e-16 1
5128.29 3.66571e-15 2.02755e-16 1
5130.39 3.87613e-15 2.02755e-16 1
5132.49 3.9766e-15 2.02755e-16 1
5134.59 3.92238e-15 2.02755e-16 1
5136.69 4.12979e-15 2.02755e-16 1
5138.79 4.28851e-15 2.02755e-16 1
5140.89 4.1079e-15 2.02755e-16 1
5142.99 3.86371e-15 2.02755e-16 1
5145.09 3.88726e-15 2.02755e-16 1
5147.19 4.01071e-15 2.02755e-16 1
5149.29 4.14333e-15 2.02755e-16 1
5151.39 4.13323e-15 2.02755e-16 1
5153.49 4.10006e-15 2.02755e-16 1
5155.59 4.1243e-15 2.02755e-16 1
5157.69 3.95231e-15 2.02755e-16 1
5159.8 4.01928e-15 2.02755e-16 1
5161.9 4.28452e-15 2.02755e-16 1
5164 4.35376e-15 2.02755e-16 1
5166.1 4.29682e-15 2.02755e-16 1
5168.2 4.55306e-15 2.02755e-16 1
5170.3 4.72891e-15 2.02755e-16 1
5172.4 4.81916e-15 2.02755e-16 1
5174.5 4.62966e-15 2.02755e-16 1
5176.6 4.27531e-15 2.02755e-16 1
5178.7 4.78921e-15 2.02755e-16 1
5180.8 4.83214e-15 2.02755e-16 1
5182.9 4.64657e-15 2.02755e-16 1
5185 5.02677e-15 2.02755e-16 1
5187.1 5.48737e-15 2.02755e-16 1
5189.2 5.64286e-15 2.58614e-16 1
5191.3 5.87983e-15 2.58614e-16 1
5193.4 5.92369e-15 2.58614e-16 1
5195.5 5.72535e-15 2.58614e-16 1
5197.6 5.801e-15 2.58614e-16 1
5199.7 5.9699e-15 2.58614e-16 1
5201.8 6.33716e-15 2.58614e-16 1
5203.9 6.26831e-15 2.58614e-16 1
5206 5.89049e-15 2.58614e-16 1
5208.1 6.15136e-15 2.58614e-16 1
5210.2 6.45292e-15 2.58614e-16 1
5212.3 6.7761e-15 2.58614e-16 1
5214.4 6.85282e-15 2.58614e-16 1
5216.5 6.62624e-15 2.58614e-16 1
5218.6 6.61209e-15 2.58614e-16 1
5220.7 6.74978e-15 2.58614e-16 1
5222.8 7.01146e-15 2.58614e-16 1
5224.9 7.17408e-15 2.58614e-16 1
5227 7.23196e-15 2.58614e-16 1
5229.1 7.27641e-15 2.58614e-16 1
5231.2 6.83104e-15 2.58614e-16 1
5233.3 6.78114e-15 2.58614e-16 1
5235.4 6.99804e-15 2.58614e-16 1
5237.5 6.91882e-15 2.58614e-16 1
5239.6 6.98562e-15 2.58614e-16 1
5241.7 7.30152e-15 2.58614e-16 1
5243.8 7.74383e-15 2.58614e-16 1
5245.9 7.76723e-15 2.58614e-16 1
5248 7.34836e-15 2.58614e-16 1
5250.1 7.21984e-15 2.58614e-16 1
5252.2 7.28642e-15 2.58614e-16 1
5254.3 7.51939e-15 2.58614e-16 1
5256.4 7.73757e-15 2.58614e-16 1
5258.5 7.83204e-15 2.58614e-16 1
5260.6 8.01105e-15 2.58614e-16 1
5262.7 8.08486e-15 2.58614e-16 1
5264.8 7.70341e-15 2.58614e-16 1
5266.9 7.37889e-15 2.58614e-16 1
5269 7.5485e-15 2.58614e-16 1
5271.1 7.72143e-15 2.58614e-16 1
5273.2 7.93535e-15 2.58614e-16 1
5275.3 7.97189e-15 2.58614e-16 1
5277.4 7.7324e-15 2.58614e-16 1
5279.5 7.5512e-15 2.58614e-16 1
5281.6 7.61671e-15 2.58614e-16 1
5283.7 7.46449e-15 2.58614e-16 1
5285.8 7.58979e-15 2.58614e-16 1
5287.9 8.03792e-15 2.86122e-16 1
5290.01 8.09416e-15 2.86122e-16 1
5292.11 7.66875e-15 2.86122e-16 1
5294.21 7.47259e-15 2.86122e-16 1
5296.31 7.43346e-15 2.86122e-16 1
5298.41 7.38067e-15 2.86122e-16 1
5300.51 7.56989e-15 2.86122e-16 1
5302.61 8.03717e-15 2.86122e-16 1
5304.71 8.20217e-15 2.86122e-16 1
5306.81 8.19344e-15 2.86122e-16 1
5308.91 7.96309e-15 2.86122e-16 1
5311.01 7.54594e-15 2.86122e-16 1
5313.11 7.57242e-15 2.86122e-16 1
5315.21 7.60153e-15 2.86122e-16 1
5317.31 7.73326e-15 2.86122e-16 1
5319.41 7.79023e-15 2.86122e-16 1
5321.51 7.37996e-15 2.86122e-16 1
5323.61 6.94126e-15 2.86122e-16 1
5325.71 6.86499e-15 2.86122e-16 1
5327.81 6.93307e-15 2.86122e-16 1
5329.91 6.97516e-15 2.86122e-16 1
5332.01 6.98569e-15 2.86122e-16 1
5334.11 6.97542e-15 2.86122e-16 1
5336.21 7.39681e-15 2.86122e-16 1
5338.31 7.34738e-15 2.86122e-16 1
5340.41 7.00198e-15 2.86122e-16 1
5342.51 7.36455e-15 2.86122e-16 1
5344.61 7.65336e-15 2.86122e-16 1
5346.71 7.0613e-15 2.86122e-16 1
5348.81 7.10107e-15 2.86122e-16 1
5350.91 7.44986e-15 2.86122e-16 1
5353.01 6.89579e-15 2.86122e-16 1
5355.11 6.89019e-15 2.86122e-16 1
5357.21 7.01081e-15 2.86122e-16 1
5359.31 6.99533e-15 2.86122e-16 1
5361.41 7.03995e-15 2.86122e-16 1
5363.51 7.14539e-15 2.86122e-16 1
5365.61 7.15392e-15 2.86122e-16 1
5367.71 7.04375e-15 2.86122e-16 1
5369.81 6.60386e-15 2.86122e-16 1
5371.91 6.40686e-15 2.86122e-16 1
5374.01 6.83526e-15 2.86122e-16 1
5376.11 6.99823e-15 2.86122e-16 1
5378.21 7.25366e-15 2.86122e-16 1
5380.31 7.34764e-15 2.86122e-16 1
5382.41 7.04069e-15 2.86122e-16 1
5384.51 6.82956e-15 2.86122e-16 1
5386.61 7.08741e-15 2.86122e-16 1
5388.71 7.32683e-15 2.86995e-16 1
5390.81 7.11561e-15 2.86995e-16 1
5392.91 7.06555e-15 2.86995e-16 1
5395.01 7.31084e-15 2.86995e-16 1
5397.11 6.86385e-15 2.86995e-16 1
5399.21 7.10898e-15 2.86995e-16 1
5401.31 7.40646e-15 2.86995e-16 1
5403.41 7.2737e-15 2.86995e-16 1
5405.51 7.15052e-15 2.86995e-16 1
5407.61 6.7663e-15 2.86995e-16 1
5409.71 7.17277e-15 2.86995e-16 1
5411.81 7.38751e-15 2.86995e-16 1
5413.91 6.85914e-15 2.86995e-16 1
5416.01 6.62462e-15 2.86995e-16 1
5418.12 6.87536e-15 2.86995e-16 1
5420.22 6.71622e-15 2.86995e-16 1
5422.32 6.92809e-15 2.86995e-16 1
5424.42 7.45897e-15 2.86995e-16 1
5426.52 7.26203e-15 2.86995e-16 1
5428.62 6.92833e-15 2.86995e-16 1
5430.72 7.35164e-15 2.86995e-16 1
5432.82 7.37403e-15 2.86995e-16 1
5434.92 6.94774e-15 2.86995e-16 1
5437.02 6.96991e-15 2.86995e-16 1
5439.12 6.80135e-15 2.86995e-16 1
5441.22 6.7298e-15 2.86995e-16 1
5443.32 7.38263e-15 2.86995e-16 1
5445.42 7.82517e-15 2.86995e-16 1
5447.52 7.18813e-15 2.86995e-16 1
5449.62 6.71113e-15 2.86995e-16 1
5451.72 6.74962e-15 2.86995e-16 1
5453.82 6.67076e-15 2.86995e-16 1
5455.92 6.58363e-15 2.86995e-16 1
5458.02 6.77524e-15 2.86995e-16 1
5460.12 6.73803e-15 2.86995e-16 1
5462.22 6.83192e-15 2.86995e-16 1
5464.32 6.70732e-15 2.86995e-16 1
5466.42 6.31883e-15 2.86995e-16 1
5468.52 6.33758e-15 2.86995e-16 1
5470.62 6.8005e-15 2.86995e-16 1
5472.72 6.70526e-15 2.86995e-16 1
5474.82 6.60385e-15 2.86995e-16 1
5476.92 6.88296e-15 2.86995e-16 1
5479.02 6.65864e-15 2.86995e-16 1
5481.12 5.73949e-15 2.86995e-16 1
5483.22 6.09387e-15 2.86995e-16 1
5485.32 6.61743e-15 2.86995e-16 1
5487.42 6.60912e-15 2.86995e-16 1
5489.52 6.70189e-15 2.915e-16 1
5491.62 6.63977e-15 2.915e-16 1
5493.72 6.26289e-15 2.915e-16 1
5495.82 6.37582e-15 2.915e-16 1
5497.92 6.43514e-15 2.915e-16 1
5500.02 6.19201e-15 2.915e-16 1
5502.12 6.70312e-15 2.915e-16 1
5504.22 6.65445e-15 2.915e-16 1
5506.32 6.16313e-15 2.915e-16 1
5508.42 6.1264e-15 2.915e-16 1
5510.52 6.1566e-15 2.915e-16 1
5512.62 5.51889e-15 2.915e-16 1
5514.72 5.58103e-15 2.915e-16 1
5516.82 5.95118e-15 2.915e-16 1
5518.92 6.08732e-15 2.915e-16 1
5521.02 6.03088e-15 2.915e-16 1
5523.12 5.90918e-15 2.915e-16 1
5525.22 6.13974e-15 2.915e-16 1
5527.32 6.14659e-15 2.915e-16 1
5529.42 5.65203e-15 2.915e-16 1
5531.52 5.32769e-15 2.915e-16 1
5533.62 5.57472e-15 2.915e-16 1
5535.72 5.53517e-15 2.915e-16 1
5537.82 5.51166e-15 2.915e-16 1
5539.92 5.62173e-15 2.915e-16 1
5542.02 5.63326e-15 2.915e-16 1
5544.12 5.49555e-15 2.915e-16 1
5546.22 5.15043e-15 2.915e-16 1
5548.33 5.00198e-15 2.915e-16 1
5550.43 4.95529e-15 2.915e-16 1
5552.53 5.15345e-15 2.915e-16 1
5554.63 5.75158e-15 2.915e-16 1
5556.73 5.76592e-15 2.915e-16 1
5558.83 5.61974e-15 2.915e-16 1
5560.93 5.5165e-15 2.915e-16 1
5563.03 5.46013e-15 2.915e-16 1
5565.13 5.70011e-15 2.915e-16 1
5567.23 5.9804e-15 2.915e-16 1
5569.33 5.63876e-15 2.915e-16 1
5571.43 5.3108e-15 2.915e-16 1
5573.53 5.17424e-15 2.915e-16 1
5575.63 4.8579e-15 2.915e-16 1
5577.73 4.99199e-15 2.915e-16 1
5579.83 4.82267e-15 2.915e-16 1
5581.93 4.79729e-15 2.915e-16 1
5584.03 4.99824e-15 2.915e-16 1
5586.13 4.94662e-15 2.915e-16 1
5588.23 5.11207e-15 2.2038e-16 1
5590.33 4.81179e-15 2.2038e-16 1
5592.43 4.61144e-15 2.2038e-16 1
5594.53 4.89792e-15 2.2038e-16 1
5596.63 4.88762e-15 2.2038e-16 1
5598.73 4.24991e-15 2.2038e-16 1
5600.83 4.02239e-15 2.2038e-16 1
5602.93 4.25057e-15 2.2038e-16 1
5605.03 4.45651e-15 2.2038e-16 1
5607.13 4.46883e-15 2.2038e-16 1
5609.23 4.46386e-15 2.2038e-16 1
5611.33 4.85651e-15 2.2038e-16 1
5613.43 4.86928e-15 2.2038e-16 1
5615.53 4.50573e-15 2.2038e-16 1
5617.63 4.36694e-15 2.2038e-16 1
5619.73 4.31347e-15 2.2038e-16 1
5621.83 4.37684e-15 2.2038e-16 1
5623.93 4.48621e-15 2.2038e-16 1
5626.03 4.46331e-15 2.2038e-16 1
5628.13 4.18901e-15 2.2038e-16 1
5630.23 3.85904e-15 2.2038e-16 1
5632.33 3.93902e-15 2.2038e-16 1
5634.43 4.13666e-15 2.2038e-16 1
5636.53 4.07547e-15 2.2038e-16 1
5638.63 3.95597e-15 2.2038e-16 1
5640.73 4.06836e-15 2.2038e-16 1
5642.83 4.05123e-15 2.2038e-16 1
5644.93 3.88389e-15 2.2038e-16 1
5647.03 3.70172e-15 2.2038e-16 1
5649.13 3.65898e-15 2.2038e-16 1
5651.23 3.77404e-15 2.2038e-16 1
5653.33 3.80893e-15 2.2038e-16 1
5655.43 3.89595e-15 2.2038e-16 1
5657.53 3.84019e-15 2.2038e-16 1
5659.63 3.60117e-15 2.2038e-16 1
5661.73 3.47601e-15 2.2038e-16 1
5663.83 3.52012e-15 2.2038e-16 1
5665.93 3.82729e-15 2.2038e-16 1
5668.03 3.75715e-15 2.2038e-16 1
5670.13 3.54479e-15 2.2038e-16 1
5672.23 3.80405e-15 2.2038e-16 1
5674.33 3.73909e-15 2.2038e-16 1
5676.43 3.278e-15 2.2038e-16 1
5678.54 2.97365e-15 2.2038e-16 1
5680.64 3.2142e-15 2.2038e-16 1
5682.74 3.65652e-15 2.2038e-16 1
5684.84 3.6279e-15 2.2038e-16 1
5686.94 3.36213e-15 2.2038e-16 1
5689.04 3.29198e-15 1.6726e-16 1
5691.14 3.49596e-15 1.6726e-16 1
5693.24 3.5626e-15 1.6726e-16 1
5695.34 3.26857e-15 1.6726e-16 1
5697.44 3.33529e-15 1.6726e-16 1
5699.54 3.44657e-15 1.6726e-16 1
5701.64 3.33218e-15 1.6726e-16 1
5703.74 3.28942e-15 1.6726e-16 1
5705.84 3.40425e-15 1.6726e-16 1
5707.94 3.33229e-15 1.6726e-16 1
5710.04 3.24302e-15 1.6726e-16 1
5712.14 3.28317e-15 1.6726e-16 1
5714.24 3.39457e-15 1.6726e-16 1
5716.34 3.41731e-15 1.6726e-16 1
5718.44 3.21888e-15 1.6726e-16 1
5720.54 3.33429e-15 1.6726e-16 1
5722.64 3.41604e-15 1.6726e-16 1
5724.74 3.2973e-15 1.6726e-16 1
5726.84 3.53206e-15 1.6726e-16 1
5728.94 3.89651e-15 1.6726e-16 1
5731.04 3.81724e-15 1.6726e-16 1
5733.14 3.49318e-15 1.6726e-16 1
5735.24 3.42328e-15 1.6726e-16 1
5737.34 3.571e-15 1.6726e-16 1
5739.44 3.51033e-15 1.6726e-16 1
5741.54 3.27076e-15 1.6726e-16 1
5743.64 3.15257e-15 1.6726e-16 1
5745.74 3.37999e-15 1.6726e-16 1
5747.84 3.65466e-15 1.6726e-16 1
5749.94 3.55209e-15 1.6726e-16 1
5752.04 3.66396e-15 1.6726e-16 1
5754.14 3.83208e-15 1.6726e-16 1
5756.24 3.91874e-15 1.6726e-16 1
5758.34 3.89042e-15 1.6726e-16 1
5760.44 3.62487e-15 1.6726e-16 1
5762.54 3.72012e-15 1.6726e-16 1
5764.64 3.981e-15 1.6726e-16 1
5766.74 4.05842e-15 1.6726e-16 1
5768.84 4.06942e-15 1.6726e-16 1
5770.94 4.20547e-15 1.6726e-16 1
5773.04 4.21833e-15 1.6726e-16 1
5775.14 4.00346e-15 1.6726e-16 1
5777.24 3.78328e-15 1.6726e-16 1
5779.34 3.95338e-15 1.6726e-16 1
5781.44 4.41827e-15 1.6726e-16 1
5783.54 4.45682e-15 1.6726e-16 1
5785.64 4.36103e-15 1.6726e-16 1
5787.74 4.5317e-15 4.29364e-16 1
5789.84 4.56465e-15 4.29364e-16 1
5791.94 4.16356e-15 4.29364e-16 1
5794.04 4.00894e-15 4.29364e-16 1
5796.14 4.18837e-15 4.29364e-16 1
5798.24 4.44139e-15 4.29364e-16 1
5800.34 4.53296e-15 4.29364e-16 1
5802.44 4.47321e-15 4.29364e-16 1
5804.54 4.49275e-15 4.29364e-16 1
5806.65 4.70968e-15 4.29364e-16 1
5808.75 5.1423e-15 4.29364e-16 1
5810.85 5.39201e-15 4.29364e-16 1
5812.95 5.36632e-15 4.29364e-16 1
5815.05 5.44219e-15 4.29364e-16 1
5817.15 5.38449e-15 4.29364e-16 1
5819.25 5.50068e-15 4.29364e-16 1
5821.35 5.84612e-15 4.29364e-16 1
5823.45 5.9981e-15 4.29364e-16 1
5825.55 5.74354e-15 4.29364e-16 1
5827.65 5.48405e-15 4.29364e-16 1
5829.75 5.66014e-15 4.29364e-16 1
5831.85 5.86837e-15 4.29364e-16 1
5833.95 5.86023e-15 4.29364e-16 1
5836.05 6.15628e-15 4.29364e-16 1
5838.15 6.80097e-15 4.29364e-16 1
5840.25 6.64638e-15 4.29364e-16 1
5842.35 6.30248e-15 4.29364e-16 1
5844.45 6.40355e-15 4.29364e-16 1
5846.55 6.43416e-15 4.29364e-16 1
5848.65 6.27926e-15 4.29364e-16 1
5850.75 6.57621e-15 4.29364e-16 1
5852.85 6.52908e-15 4.29364e-16 1
5854.95 6.38394e-15 4.29364e-16 1
5857.05 6.70496e-15 4.29364e-16 1
5859.15 6.70605e-15 4.29364e-16 1
5861.25 6.37454e-15 4.29364e-16 1
5863.35 5.97605e-15 4.29364e-16 1
5865.45 5.48761e-15 4.29364e-16 1
5867.55 5.49802e-15 4.29364e-16 1
5869.65 6.44513e-15 4.29364e-16 1
5871.75 7.08422e-15 4.29364e-16 1
5873.85 7.76778e-15 4.29364e-16 1
5875.95 7.88287e-15 4.29364e-16 1
5878.05 7.12043e-15 4.29364e-16 1
5880.15 6.51646e-15 4.29364e-16 1
5882.25 6.48057e-15 4.29364e-16 1
5884.35 6.52076e-15 4.29364e-16 1
5886.45 6.46557e-15 4.29364e-16 1
5888.55 6.62958e-15 2.69036e-16 1
5890.65 6.85557e-15 2.69036e-16 1
5892.75 6.60404e-15 2.69036e-16 1
5894.85 6.46447e-15 2.69036e-16 1
5896.95 6.29157e-15 2.69036e-16 1
5899.05 6.19738e-15 2.69036e-16 1
5901.15 6.52841e-15 2.69036e-16 1
5903.25 6.93337e-15 2.69036e-16 1
5905.35 6.88357e-15 2.69036e-16 1
5907.45 6.49583e-15 2.69036e-16 1
5909.55 6.03923e-15 2.69036e-16 1
5911.65 5.77993e-15 2.69036e-16 1
5913.75 5.81053e-15 2.69036e-16 1
5915.85 5.84988e-15 2.69036e-16 1
5917.95 6.04718e-15 2.69036e-16 1
5920.05 6.16582e-15 2.69036e-16 1
5922.15 6.18869e-15 2.69036e-16 1
5924.25 6.22e-15 2.69036e-16 1
5926.35 6.01065e-15 2.69036e-16 1
5928.45 6.10435e-15 2.69036e-16 1
5930.55 6.02932e-15 2.69036e-16 1
5932.65 5.92878e-15 2.69036e-16 1
5934.75 6.11482e-15 2.69036e-16 1
5936.86 6.01406e-15 2.69036e-16 1
5938.96 6.13342e-15 2.69036e-16 1
5941.06 6.31019e-15 2.69036e-16 1
5943.16 6.1403e-15 2.69036e-16 1
5945.26 5.74184e-15 2.69036e-16 1
5947.36 5.4822e-15 2.69036e-16 1
5949.46 5.37496e-15 2.69036e-16 1
5951.56 5.56612e-15 2.69036e-16 1
5953.66 5.61669e-15 2.69036e-16 1
5955.76 5.34431e-15 2.69036e-16 1
5957.86 5.27497e-15 2.69036e-16 1
5959.96 5.55594e-15 2.69036e-16 1
5962.06 5.66359e-15 2.69036e-16 1
5964.16 5.56472e-15 2.69036e-16 1
5966.26 5.46396e-15 2.69036e-16 1
5968.36 5.59065e-15 2.69036e-16 1
5970.46 5.94741e-15 2.69036e-16 1
5972.56 5.66257e-15 2.69036e-16 1
5974.66 5.21858e-15 2.69036e-16 1
5976.76 5.29126e-15 2.69036e-16 1
5978.86 5.62981e-15 2.69036e-16 1
5980.96 5.62264e-15 2.69036e-16 1
5983.06 5.25278e-15 2.69036e-16 1
5985.16 4.89167e-15 2.69036e-16 1
5987.26 4.53279e-15 2.69036e-16 1
5989.36 4.48557e-15 2.94238e-16 1
5991.46 5.0569e-15 2.94238e-16 1
5993.56 5.36689e-15 2.94238e-16 1
5995.66 5.00571e-15 2.94238e-16 1
5997.76 4.89556e-15 2.94238e-16 1
5999.86 5.08835e-15 2.94238e-16 1
6001.96 4.92042e-15 2.94238e-16 1
6004.06 4.80597e-15 2.94238e-16 1
6006.16 4.97437e-15 2.94238e-16 1
6008.26 4.86662e-15 2.94238e-16 1
6010.36 4.6302e-15 2.94238e-16 1
6012.46 4.66725e-15 2.94238e-16 1
6014.56 4.60041e-15 2.94238e-16 1
6016.66 4.31571e-15 2.94238e-16 1
6018.76 4.61172e-15 2.94238e-16 1
6020.86 4.81535e-15 2.94238e-16 1
6022.96 4.65431e-15 2.94238e-16 1
6025.06 4.87102e-15 2.94238e-16 1
6027.16 4.89189e-15 2.94238e-16 1
6029.26 4.63589e-15 2.94238e-16 1
6031.36 4.50236e-15 2.94238e-16 1
6033.46 4.48847e-15 2.94238e-16 1
6035.56 4.31842e-15 2.94238e-16 1
6037.66 4.19348e-15 2.94238e-16 1
6039.76 4.38492e-15 2.94238e-16 1
6041.86 4.16537e-15 2.94238e-16 1
6043.96 3.92867e-15 2.94238e-16 1
6046.06 4.11768e-15 2.94238e-16 1
6048.16 4.19681e-15 2.94238e-16 1
6050.26 4.64584e-15 2.94238e-16 1
6052.36 4.86405e-15 2.94238e-16 1
6054.46 4.60682e-15 2.94238e-16 1
6056.56 4.18638e-15 2.94238e-16 1
6058.66 3.85266e-15 2.94238e-16 1
6060.76 3.89479e-15 2.94238e-16 1
6062.86 4.46039e-15 2.94238e-16 1
6064.96 4.8843e-15 2.94238e-16 1
6067.07 4.48263e-15 2.94238e-16 1
6069.17 3.83922e-15 2.94238e-16 1
6071.27 3.97466e-15 2.94238e-16 1
6073.37 4.05244e-15 2.94238e-16 1
6075.47 4.35472e-15 2.94238e-16 1
6077.57 4.49221e-15 2.94238e-16 1
6079.67 4.19346e-15 2.94238e-16 1
6081.77 4.23658e-15 2.94238e-16 1
6083.87 4.43699e-15 2.94238e-16 1
6085.97 4.94399e-15 2.94238e-16 1
6088.07 4.87391e-15 3.31351e-16 1
6090.17 4.42373e-15 3.31351e-16 1
6092.27 4.58305e-15 3.31351e-16 1
6094.37 4.53132e-15 3.31351e-16 1
6096.47 4.42941e-15 3.31351e-16 1
6098.57 4.57957e-15 3.31351e-16 1
6100.67 4.59779e-15 3.31351e-16 1
6102.77 4.43909e-15 3.31351e-16 1
6104.87 4.51515e-15 3.31351e-16 1
6106.97 4.06302e-15 3.31351e-16 1
6109.07 3.89672e-15 3.31351e-16 1
6111.17 3.66009e-15 3.31351e-16 1
6113.27 3.20285e-15 3.31351e-16 1
6115.37 3.36041e-15 3.31351e-16 1
6117.47 3.23876e-15 3.31351e-16 1
6119.57 3.21192e-15 3.31351e-16 1
6121.67 3.36941e-15 3.31351e-16 1
6123.77 3.25422e-15 3.31351e-16 1
6125.87 2.91017e-15 3.31351e-16 1
6127.97 2.80435e-15 3.31351e-16 1
6130.07 2.62246e-15 3.31351e-16 1
6132.17 2.54443e-15 3.31351e-16 1
6134.27 2.55613e-15 3.31351e-16 1
6136.37 2.51423e-15 3.31351e-16 1
6138.47 2.54472e-15 3.31351e-16 1
6140.57 2.45051e-15 3.31351e-16 1
6142.67 2.59786e-15 3.31351e-16 1
6144.77 2.77307e-15 3.31351e-16 1
6146.87 2.89858e-15 3.31351e-16 1
6148.97 3.00174e-15 3.31351e-16 1
6151.07 2.4656e-15 3.31351e-16 1
6153.17 2.43785e-15 3.31351e-16 1
6155.27 2.48594e-15 3.31351e-16 1
6157.37 2.17302e-15 3.31351e-16 1
6159.47 2.12178e-15 3.31351e-16 1
6161.57 2.37338e-15 3.31351e-16 1
6163.67 2.33521e-15 3.31351e-16 1
6165.77 2.13345e-15 3.31351e-16 1
6167.87 2.02701e-15 3.31351e-16 1
6169.97 2.01065e-15 3.31351e-16 1
6172.07 2.04053e-15 3.31351e-16 1
6174.17 2.12068e-15 3.31351e-16 1
6176.27 2.24332e-15 3.31351e-16 1
6178.37 2.10187e-15 3.31351e-16 1
6180.47 2.07006e-15 3.31351e-16 1
6182.57 2.41554e-15 3.31351e-16 1
6184.67 2.28837e-15 3.31351e-16 1
6186.77 2.27119e-15 3.31351e-16 1
6188.87 2.4549e-15 2.35133e-16 1
6190.97 2.59274e-15 2.35133e-16 1
6193.07 2.61181e-15 2.35133e-16 1
6195.17 2.48892e-15 2.35133e-16 1
6197.28 2.4043e-15 2.35133e-16 1
6199.38 2.62644e-15 2.35133e-16 1
6201.48 2.63365e-15 2.35133e-16 1
6203.58 2.59925e-15 2.35133e-16 1
6205.68 3.05045e-15 2.35133e-16 1
6207.78 2.99187e-15 2.35133e-16 1
6209.88 2.88932e-15 2.35133e-16 1
6211.98 3.14063e-15 2.35133e-16 1
6214.08 3.13366e-15 2.35133e-16 1
6216.18 2.73648e-15 2.35133e-16 1
6218.28 2.9146e-15 2.35133e-16 1
6220.38 3.32023e-15 2.35133e-16 1
6222.48 3.2788e-15 2.35133e-16 1
6224.58 3.15058e-15 2.35133e-16 1
6226.68 3.21531e-15 2.35133e-16 1
6228.78 3.16165e-15 2.35133e-16 1
6230.88 3.41662e-15 2.35133e-16 1
6232.98 3.64582e-15 2.35133e-16 1
6235.08 3.40872e-15 2.35133e-16 1
6237.18 3.13254e-15 2.35133e-16 1
6239.28 3.20956e-15 2.35133e-16 1
6241.38 3.0079e-15 2.35133e-16 1
6243.48 2.67857e-15 2.35133e-16 1
6245.58 3.01088e-15 2.35133e-16 1
6247.68 3.51663e-15 2.35133e-16 1
6249.78 3.45797e-15 2.35133e-16 1
6251.88 3.31926e-15 2.35133e-16 1
6253.98 3.31972e-15 2.35133e-16 1
6256.08 3.40514e-15 2.35133e-16 1
6258.18 3.35305e-15 2.35133e-16 1
6260.28 3.30217e-15 2.35133e-16 1
6262.38 3.33097e-15 2.35133e-16 1
6264.48 3.09782e-15 2.35133e-16 1
6266.58 3.55716e-15 2.35133e-16 1
6268.68 4.07926e-15 2.35133e-16 1
6270.78 4.07747e-15 2.35133e-16 1
6272.88 3.96006e-15 2.35133e-16 1
6274.98 3.81249e-15 2.35133e-16 1
6277.08 3.57414e-15 2.35133e-16 1
6279.18 3.70111e-15 2.35133e-16 1
6281.28 4.05098e-15 2.35133e-16 1
6283.38 3.93657e-15 2.35133e-16 1
6285.48 3.53389e-15 2.35133e-16 1
6287.58 3.79088e-15 2.35133e-16 1
6289.68 3.77487e-15 2.96933e-16 1
6291.78 3.91628e-15 2.96933e-16 1
6293.88 4.18094e-15 2.96933e-16 1
6295.98 3.80883e-15 2.96933e-16 1
6298.08 3.49419e-15 2.96933e-16 1
6300.18 3.47501e-15 2.96933e-16 1
6302.28 3.94405e-15 2.96933e-16 1
6304.38 4.12907e-15 2.96933e-16 1
6306.48 3.85278e-15 2.96933e-16 1
6308.58 3.96469e-15 2.96933e-16 1
6310.68 3.92029e-15 2.96933e-16 1
6312.78 4.16327e-15 2.96933e-16 1
6314.88 4.20965e-15 2.96933e-16 1
6316.98 3.99436e-15 2.96933e-16 1
6319.08 4.16749e-15 2.96933e-16 1
6321.18 4.18907e-15 2.96933e-16 1
6323.28 3.89459e-15 2.96933e-16 1
6325.39 3.64019e-15 2.96933e-16 1
6327.49 3.91114e-15 2.96933e-16 1
6329.59 4.43329e-15 2.96933e-16 1
6331.69 4.46732e-15 2.96933e-16 1
6333.79 4.45806e-15 2.96933e-16 1
6335.89 4.63854e-15 2.96933e-16 1
6337.99 4.57166e-15 2.96933e-16 1
6340.09 4.1422e-15 2.96933e-16 1
6342.19 3.97144e-15 2.96933e-16 1
6344.29 4.30969e-15 2.96933e-16 1
6346.39 4.40735e-15 2.96933e-16 1
6348.49 4.39918e-15 2.96933e-16 1
6350.59 4.14944e-15 2.96933e-16 1
6352.69 3.88202e-15 2.96933e-16 1
6354.79 4.62242e-15 2.96933e-16 1
6356.89 5.06052e-15 2.96933e-16 1
6358.99 4.65952e-15 2.96933e-16 1
6361.09 4.41602e-15 2.96933e-16 1
6363.19 4.53935e-15 2.96933e-16 1
6365.29 4.33027e-15 2.96933e-16 1
6367.39 4.33247e-15 2.96933e-16 1
6369.49 4.13913e-15 2.96933e-16 1
6371.59 3.85201e-15 2.96933e-16 1
6373.69 4.00879e-15 2.96933e-16 1
6375.79 4.59016e-15 2.96933e-16 1
6377.89 5.03414e-15 2.96933e-16 1
6379.99 4.99761e-15 2.96933e-16 1
6382.09 4.48752e-15 2.96933e-16 1
6384.19 4.60427e-15 2.96933e-16 1
6386.29 5.22938e-15 2.96933e-16 1
6388.39 4.93692e-15 2.39015e-16 1
6390.49 4.62466e-15 2.39015e-16 1
6392.59 4.25837e-15 2.39015e-16 1
6394.69 3.95088e-15 2.39015e-16 1
6396.79 4.30743e-15 2.39015e-16 1
6398.89 4.77594e-15 2.39015e-16 1
6400.99 4.13269e-15 2.39015e-16 1
6403.09 4.13902e-15 2.39015e-16 1
6405.19 4.68485e-15 2.39015e-16 1
6407.29 4.89532e-15 2.39015e-16 1
6409.39 4.78649e-15 2.39015e-16 1
6411.49 4.69586e-15 2.39015e-16 1
6413.59 4.77947e-15 2.39015e-16 1
6415.69 4.72209e-15 2.39015e-16 1
6417.79 4.64163e-15 2.39015e-16 1
6419.89 4.5667e-15 2.39015e-16 1
6421.99 4.49377e-15 2.39015e-16 1
6424.09 4.80656e-15 2.39015e-16 1
6426.19 4.59952e-15 2.39015e-16 1
6428.29 4.45408e-15 2.39015e-16 1
6430.39 4.63828e-15 2.39015e-16 1
6432.49 4.55036e-15 2.39015e-16 1
6434.59 4.33876e-15 2.39015e-16 1
6436.69 4.3518e-15 2.39015e-16 1
6438.79 4.41867e-15 2.39015e-16 1
6440.89 4.39846e-15 2.39015e-16 1
6442.99 4.33186e-15 2.39015e-16 1
6445.09 4.30836e-15 2.39015e-16 1
6447.19 4.4826e-15 2.39015e-16 1
6449.29 4.71288e-15 2.39015e-16 1
6451.39 4.56083e-15 2.39015e-16 1
6453.49 4.61123e-15 2.39015e-16 1
6455.6 4.99136e-15 2.39015e-16 1
6457.7 4.58106e-15 2.39015e-16 1
6459.8 4.62645e-15 2.39015e-16 1
6461.9 4.65833e-15 2.39015e-16 1
6464 4.35414e-15 2.39015e-16 1
6466.1 4.58955e-15 2.39015e-16 1
6468.2 5.1977e-15 2.39015e-16 1
6470.3 4.61123e-15 2.39015e-16 1
6472.4 4.50509e-15 2.39015e-16 1
6474.5 4.43918e-15 2.39015e-16 1
6476.6 4.15291e-15 2.39015e-16 1
6478.7 4.48192e-15 2.39015e-16 1
6480.8 4.60747e-15 2.39015e-16 1
6482.9 4.98101e-15 2.39015e-16 1
6485 4.65667e-15 2.39015e-16 1
6487.1 4.52883e-15 2.39015e-16 1
6489.2 4.99236e-15 2.25531e-16 1
6491.3 4.46357e-15 2.25531e-16 1
6493.4 4.60579e-15 2.25531e-16 1
6495.5 4.64427e-15 2.25531e-16 1
6497.6 4.35227e-15 2.25531e-16 1
6499.7 4.39015e-15 2.25531e-16 1
6501.8 4.55895e-15 2.25531e-16 1
6503.9 4.39155e-15 2.25531e-16 1
6506 4.4843e-15 2.25531e-16 1
6508.1 4.92286e-15 2.25531e-16 1
6510.2 4.9949e-15 2.25531e-16 1
6512.3 4.66739e-15 2.25531e-16 1
6514.4 4.78489e-15 2.25531e-16 1
6516.5 4.98805e-15 2.25531e-16 1
6518.6 4.73183e-15 2.25531e-16 1
6520.7 4.65656e-15 2.25531e-16 1
6522.8 4.84732e-15 2.25531e-16 1
6524.9 4.70534e-15 2.25531e-16 1
6527 4.8306e-15 2.25531e-16 1
6529.1 4.56626e-15 2.25531e-16 1
6531.2 4.56135e-15 2.25531e-16 1
6533.3 4.77703e-15 2.25531e-16 1
6535.4 4.47433e-15 2.25531e-16 1
6537.5 4.32136e-15 2.25531e-16 1
6539.6 4.48501e-15 2.25531e-16 1
6541.7 4.53017e-15 2.25531e-16 1
6543.8 4.12029e-15 2.25531e-16 1
6545.9 3.9499e-15 2.25531e-16 1
6548 4.52866e-15 2.25531e-16 1
6550.1 4.50179e-15 2.25531e-16 1
6552.2 4.3256e-15 2.25531e-16 1
6554.3 4.29774e-15 2.25531e-16 1
6556.4 4.04886e-15 2.25531e-16 1
6558.5 3.84702e-15 2.25531e-16 1
6560.6 4.35182e-15 2.25531e-16 1
6562.7 4.61225e-15 2.25531e-16 1
6564.8 4.2859e-15 2.25531e-16 1
6566.9 3.96742e-15 2.25531e-16 1
6569 4.08022e-15 2.25531e-16 1
6571.1 4.3575e-15 2.25531e-16 1
6573.2 4.46134e-15 2.25531e-16 1
6575.3 4.40216e-15 2.25531e-16 1
6577.4 4.41302e-15 2.25531e-16 1
6579.5 4.26307e-15 2.25531e-16 1
6581.6 4.02712e-15 2.25531e-16 1
6583.7 4.43424e-15 2.25531e-16 1
6585.81 4.08712e-15 2.25531e-16 1
6587.91 3.73047e-15 2.37674e-16 1
6590.01 3.7299e-15 2.37674e-16 1
6592.11 3.6568e-15 2.37674e-16 1
6594.21 4.13947e-15 2.37674e-16 1
6596.31 4.58821e-15 2.37674e-16 1
6598.41 4.07533e-15 2.37674e-16 1
6600.51 3.62837e-15 2.37674e-16 1
6602.61 3.86936e-15 2.37674e-16 1
6604.71 3.80673e-15 2.37674e-16 1
6606.81 3.66937e-15 2.37674e-16 1
6608.91 3.81039e-15 2.37674e-16 1
6611.01 3.68713e-15 2.37674e-16 1
6613.11 3.47755e-15 2.37674e-16 1
6615.21 3.64325e-15 2.37674e-16 1
6617.31 3.55425e-15 2.37674e-16 1
6619.41 3.47798e-15 2.37674e-16 1
6621.51 3.50504e-15 2.37674e-16 1
6623.61 3.43982e-15 2.37674e-16 1
6625.71 3.40215e-15 2.37674e-16 1
6627.81 3.48139e-15 2.37674e-16 1
6629.91 3.16208e-15 2.37674e-16 1
6632.01 3.06647e-15 2.37674e-16 1
6634.11 3.21626e-15 2.37674e-16 1
6636.21 3.44394e-15 2.37674e-16 1
6638.31 3.62986e-15 2.37674e-16 1
6640.41 3.28029e-15 2.37674e-16 1
6642.51 3.36262e-15 2.37674e-16 1
6644.61 3.47615e-15 2.37674e-16 1
6646.71 3.4215e-15 2.37674e-16 1
6648.81 3.55173e-15 2.37674e-16 1
6650.91 3.48867e-15 2.37674e-16 1
6653.01 3.21315e-15 2.37674e-16 1
6655.11 3.31533e-15 2.37674e-16 1
6657.21 3.35332e-15 2.37674e-16 1
6659.31 3.25271e-15 2.37674e-16 1
6661.41 3.53957e-15 2.37674e-16 1
6663.51 3.39076e-15 2.37674e-16 1
6665.61 3.18389e-15 2.37674e-16 1
6667.71 2.83953e-15 2.37674e-16 1
6669.81 2.64795e-15 2.37674e-16 1
6671.91 3.0313e-15 2.37674e-16 1
6674.01 3.36472e-15 2.37674e-16 1
6676.11 3.63637e-15 2.37674e-16 1
6678.21 3.26928e-15 2.37674e-16 1
6680.31 2.81364e-15 2.37674e-16 1
6682.41 2.75295e-15 2.37674e-16 1
6684.51 2.55896e-15 2.37674e-16 1
6686.61 2.88266e-15 2.37674e-16 1
6688.71 3.07897e-15 2.08953e-16 1
6690.81 2.93279e-15 2.08953e-16 1
6692.91 2.97392e-15 2.08953e-16 1
6695.01 3.16044e-15 2.08953e-16 1
6697.11 2.86285e-15 2.08953e-16 1
6699.21 2.6047e-15 2.08953e-16 1
6701.31 2.67485e-15 2.08953e-16 1
6703.41 2.91583e-15 2.08953e-16 1
6705.51 3.00807e-15 2.08953e-16 1
6707.61 2.74163e-15 2.08953e-16 1
6709.71 2.55646e-15 2.08953e-16 1
6711.81 2.85055e-15 2.08953e-16 1
6713.91 3.04276e-15 2.08953e-16 1
6716.02 2.7988e-15 2.08953e-16 1
6718.12 2.62401e-15 2.08953e-16 1
6720.22 2.48174e-15 2.08953e-16 1
6722.32 2.38384e-15 2.08953e-16 1
6724.42 2.34561e-15 2.08953e-16 1
6726.52 2.29787e-15 2.08953e-16 1
6728.62 2.31819e-15 2.08953e-16 1
6730.72 2.46435e-15 2.08953e-16 1
6732.82 2.18391e-15 2.08953e-16 1
6734.92 2.10227e-15 2.08953e-16 1
6737.02 2.29378e-15 2.08953e-16 1
6739.12 2.39483e-15 2.08953e-16 1
6741.22 2.67862e-15 2.08953e-16 1
6743.32 2.79735e-15 2.08953e-16 1
6745.42 2.5898e-15 2.08953e-16 1
6747.52 2.40075e-15 2.08953e-16 1
6749.62 2.34651e-15 2.08953e-16 1
6751.72 2.15676e-15 2.08953e-16 1
6753.82 2.05084e-15 2.08953e-16 1
6755.92 2.56128e-15 2.08953e-16 1
6758.02 2.77716e-15 2.08953e-16 1
6760.12 2.42413e-15 2.08953e-16 1
6762.22 2.30986e-15 2.08953e-16 1
6764.32 2.2442e-15 2.08953e-16 1
6766.42 1.75598e-15 2.08953e-16 1
6768.52 1.95826e-15 2.08953e-16 1
6770.62 2.55299e-15 2.08953e-16 1
6772.72 2.44378e-15 2.08953e-16 1
6774.82 2.17091e-15 2.08953e-16 1
6776.92 2.33993e-15 2.08953e-16 1
6779.02 2.30672e-15 2.08953e-16 1
6781.12 2.14075e-15 2.08953e-16 1
6783.22 2.17303e-15 2.08953e-16 1
6785.32 2.14852e-15 2.08953e-16 1
6787.42 2.074e-15 2.08953e-16 1
6789.52 2.11429e-15 2.16982e-16 1
6791.62 2.264e-15 2.16982e-16 1
6793.72 2.34376e-15 2.16982e-16 1
6795.82 2.36607e-15 2.16982e-16 1
6797.92 2.47634e-15 2.16982e-16 1
6800.02 2.34433e-15 2.16982e-16 1
6802.12 2.23617e-15 2.16982e-16 1
6804.22 1.9859e-15 2.16982e-16 1
6806.32 1.81921e-15 2.16982e-16 1
6808.42 2.27019e-15 2.16982e-16 1
6810.52 2.09201e-15 2.16982e-16 1
6812.62 2.07949e-15 2.16982e-16 1
6814.72 2.17382e-15 2.16982e-16 1
6816.82 2.16047e-15 2.16982e-16 1
6818.92 2.37125e-15 2.16982e-16 1
6821.02 2.15196e-15 2.16982e-16 1
6823.12 2.22337e-15 2.16982e-16 1
6825.22 2.3219e-15 2.16982e-16 1
6827.32 2.23697e-15 2.16982e-16 1
6829.42 2.23784e-15 2.16982e-16 1
6831.52 2.00941e-15 2.16982e-16 1
6833.62 1.77146e-15 2.16982e-16 1
6835.72 1.85449e-15 2.16982e-16 1
6837.82 2.04403e-15 2.16982e-16 1
6839.92 2.16267e-15 2.16982e-16 1
6842.02 2.28278e-15 2.16982e-16 1
6844.13 2.03523e-15 2.16982e-16 1
6846.23 2.19984e-15 2.16982e-16 1
6848.33 2.32536e-15 2.16982e-16 1
6850.43 1.8904e-15 2.16982e-16 1
6852.53 1.61565e-15 2.16982e-16 1
6854.63 1.79902e-15 2.16982e-16 1
6856.73 2.302e-15 2.16982e-16 1
6858.83 2.34518e-15 2.16982e-16 1
6860.93 1.97331e-15 2.16982e-16 1
6863.03 1.90288e-15 2.16982e-16 1
6865.13 1.87743e-15 2.16982e-16 1
6867.23 1.42663e-15 2.16982e-16 1
6869.33 1.437e-15 2.16982e-16 1
6871.43 1.63457e-15 2.16982e-16 1
6873.53 1.33541e-15 2.16982e-16 1
6875.63 1.28879e-15 2.16982e-16 1
6877.73 1.42875e-15 2.16982e-16 1
6879.83 1.33612e-15 2.16982e-16 1
6881.93 1.46561e-15 2.16982e-16 1
6884.03 1.72375e-15 2.16982e-16 1
6886.13 1.4973e-15 2.16982e-16 1
6888.23 1.65641e-15 2.27733e-16 1
6890.33 1.60521e-15 2.27733e-16 1
6892.43 1.50307e-15 2.27733e-16 1
6894.53 1.52906e-15 2.27733e-16 1
6896.63 1.6417e-15 2.27733e-16 1
6898.73 2.25511e-15 2.27733e-16 1
6900.83 1.80876e-15 2.27733e-16 1
6902.93 1.71773e-15 2.27733e-16 1
6905.03 2.10251e-15 2.27733e-16 1
6907.13 1.75589e-15 2.27733e-16 1
6909.23 1.72758e-15 2.27733e-16 1
6911.33 1.86456e-15 2.27733e-16 1
6913.43 1.94192e-15 2.27733e-16 1
6915.53 2.09095e-15 2.27733e-16 1
6917.63 2.25487e-15 2.27733e-16 1
6919.73 2.15763e-15 2.27733e-16 1
6921.83 1.96864e-15 2.27733e-16 1
6923.93 1.86834e-15 2.27733e-16 1
6926.03 1.73995e-15 2.27733e-16 1
6928.13 1.58871e-15 2.27733e-16 1
6930.23 1.7028e-15 2.27733e-16 1
6932.33 2.03824e-15 2.27733e-16 1
6934.43 1.97526e-15 2.27733e-16 1
6936.53 1.78578e-15 2.27733e-16 1
6938.63 1.88665e-15 2.27733e-16 1
6940.73 1.9341e-15 2.27733e-16 1
6942.83 1.64721e-15 2.27733e-16 1
6944.93 1.72999e-15 2.27733e-16 1
6947.03 1.85914e-15 2.27733e-16 1
6949.13 1.95189e-15 2.27733e-16 1
6951.23 2.02698e-15 2.27733e-16 1
6953.33 1.72654e-15 2.27733e-16 1
6955.43 2.02401e-15 2.27733e-16 1
6957.53 1.84559e-15 2.27733e-16 1
6959.63 1.8282e-15 2.27733e-16 1
6961.73 2.25825e-15 2.27733e-16 1
6963.83 1.66065e-15 2.27733e-16 1
6965.93 1.64422e-15 2.27733e-16 1
6968.03 1.90457e-15 2.27733e-16 1
6970.13 1.95923e-15 2.27733e-16 1
6972.23 1.95374e-15 2.27733e-16 1
6974.34 1.9896e-15 2.27733e-16 1
6976.44 2.11996e-15 2.27733e-16 1
6978.54 2.08538e-15 2.27733e-16 1
6980.64 2.10503e-15 2.27733e-16 1
6982.74 2.29865e-15 2.27733e-16 1
6984.84 2.13485e-15 2.27733e-16 1
6986.94 1.41816e-15 2.27733e-16 1
6989.04 1.38075e-15 2.19104e-16 1
6991.14 1.56572e-15 2.19104e-16 1
6993.24 1.68574e-15 2.19104e-16 1
6995.34 1.93936e-15 2.19104e-16 1
6997.44 1.79914e-15 2.19104e-16 1
6999.54 1.71853e-15 2.19104e-16 1
7001.64 1.76369e-15 2.19104e-16 1
7003.74 1.93888e-15 2.19104e-16 1
7005.84 2.08515e-15 2.19104e-16 1
7007.94 1.86229e-15 2.19104e-16 1
7010.04 1.60833e-15 2.19104e-16 1
7012.14 1.2482e-15 2.19104e-16 1
7014.24 1.36676e-15 2.19104e-16 1
7016.34 1.82141e-15 2.19104e-16 1
7018.44 1.62613e-15 2.19104e-16 1
7020.54 1.45506e-15 2.19104e-16 1
7022.64 1.65085e-15 2.19104e-16 1
7024.74 1.89235e-15 2.19104e-16 1
7026.84 1.81489e-15 2.19104e-16 1
7028.94 1.72865e-15 2.19104e-16 1
7031.04 2.1761e-15 2.19104e-16 1
7033.14 2.13129e-15 2.19104e-16 1
7035.24 1.78782e-15 2.19104e-16 1
7037.34 1.86935e-15 2.19104e-16 1
7039.44 1.98212e-15 2.19104e-16 1
7041.54 1.5551e-15 2.19104e-16 1
7043.64 1.70321e-15 2.19104e-16 1
7045.74 1.95741e-15 2.19104e-16 1
7047.84 1.82254e-15 2.19104e-16 1
7049.94 1.57922e-15 2.19104e-16 1
7052.04 1.33745e-15 2.19104e-16 1
7054.14 1.53655e-15 2.19104e-16 1
7056.24 1.87408e-15 2.19104e-16 1
7058.34 1.83128e-15 2.19104e-16 1
7060.44 1.61223e-15 2.19104e-16 1
7062.54 1.73791e-15 2.19104e-16 1
7064.64 1.84327e-15 2.19104e-16 1
7066.74 1.89366e-15 2.19104e-16 1
7068.84 2.06561e-15 2.19104e-16 1
7070.94 2.08063e-15 2.19104e-16 1
7073.04 1.74372e-15 2.19104e-16 1
7075.14 1.75122e-15 2.19104e-16 1
7077.24 1.68315e-15 2.19104e-16 1
7079.34 1.44882e-15 2.19104e-16 1
7081.44 1.59836e-15 2.19104e-16 1
7083.54 2.09493e-15 2.19104e-16 1
7085.64 1.95859e-15 2.19104e-16 1
7087.74 1.21802e-15 2.87253e-16 1
7089.84 1.11213e-15 2.87253e-16 1
7091.94 1.61838e-15 2.87253e-16 1
7094.04 1.56609e-15 2.87253e-16 1
7096.14 1.26789e-15 2.87253e-16 1
7098.24 1.77122e-15 2.87253e-16 1
7100.34 2.27981e-15 2.87253e-16 1
7102.44 2.10486e-15 2.87253e-16 1
7104.55 1.78236e-15 2.87253e-16 1
7106.65 1.67333e-15 2.87253e-16 1
7108.75 1.60795e-15 2.87253e-16 1
7110.85 1.7283e-15 2.87253e-16 1
7112.95 1.89559e-15 2.87253e-16 1
7115.05 2.00859e-15 2.87253e-16 1
7117.15 2.21449e-15 2.87253e-16 1
7119.25 1.85792e-15 2.87253e-16 1
7121.35 1.77898e-15 2.87253e-16 1
7123.45 2.09631e-15 2.87253e-16 1
7125.55 2.10905e-15 2.87253e-16 1
7127.65 1.83088e-15 2.87253e-16 1
7129.75 1.57387e-15 2.87253e-16 1
7131.85 1.91611e-15 2.87253e-16 1
7133.95 2.08918e-15 2.87253e-16 1
7136.05 1.63928e-15 2.87253e-16 1
7138.15 1.50958e-15 2.87253e-16 1
7140.25 1.77057e-15 2.87253e-16 1
7142.35 2.14038e-15 2.87253e-16 1
7144.45 2.15008e-15 2.87253e-16 1
7146.55 2.04978e-15 2.87253e-16 1
7148.65 2.12088e-15 2.87253e-16 1
7150.75 1.52586e-15 2.87253e-16 1
7152.85 1.51145e-15 2.87253e-16 1
7154.95 1.86087e-15 2.87253e-16 1
7157.05 1.86101e-15 2.87253e-16 1
7159.15 1.81087e-15 2.87253e-16 1
7161.25 1.62745e-15 2.87253e-16 1
7163.35 1.18715e-15 2.87253e-16 1
7165.45 1.12591e-15 2.87253e-16 1
7167.55 1.5542e-15 2.87253e-16 1
7169.65 1.74823e-15 2.87253e-16 1
7171.75 1.55558e-15 2.87253e-16 1
7173.85 1.50175e-15 2.87253e-16 1
7175.95 1.6308e-15 2.87253e-16 1
7178.05 1.54912e-15 2.87253e-16 1
7180.15 1.31183e-15 2.87253e-16 1
7182.25 1.36701e-15 2.87253e-16 1
7184.35 1.23743e-15 2.87253e-16 1
7186.45 1.30575e-15 2.87253e-16 1
7188.55 1.75619e-15 2.27602e-16 1
7190.65 1.92682e-15 2.27602e-16 1
7192.75 1.62401e-15 2.27602e-16 1
7194.85 1.73778e-15 2.27602e-16 1
7196.95 1.52178e-15 2.27602e-16 1
7199.05 1.38384e-15 2.27602e-16 1
7201.15 1.79198e-15 2.27602e-16 1
7203.25 1.58139e-15 2.27602e-16 1
7205.35 1.63663e-15 2.27602e-16 1
7207.45 1.63365e-15 2.27602e-16 1
7209.55 1.40973e-15 2.27602e-16 1
7211.65 1.52635e-15 2.27602e-16 1
7213.75 1.87735e-15 2.27602e-16 1
7215.85 1.6814e-15 2.27602e-16 1
7217.95 1.52258e-15 2.27602e-16 1
7220.05 1.68104e-15 2.27602e-16 1
7222.15 1.82667e-15 2.27602e-16 1
7224.25 1.88298e-15 2.27602e-16 1
7226.35 1.82754e-15 2.27602e-16 1
7228.45 1.73736e-15 2.27602e-16 1
7230.55 1.7077e-15 2.27602e-16 1
7232.66 1.96422e-15 2.27602e-16 1
7234.76 2.39215e-15 2.27602e-16 1
7236.86 2.12366e-15 2.27602e-16 1
7238.96 1.55959e-15 2.27602e-16 1
7241.06 1.55894e-15 2.27602e-16 1
7243.16 2.00984e-15 2.27602e-16 1
7245.26 1.99976e-15 2.27602e-16 1
7247.36 1.45028e-15 2.27602e-16 1
7249.46 1.37835e-15 2.27602e-16 1
7251.56 1.57009e-15 2.27602e-16 1
7253.66 1.48418e-15 2.27602e-16 1
7255.76 1.41999e-15 2.27602e-16 1
7257.86 1.46163e-15 2.27602e-16 1
7259.96 1.26468e-15 2.27602e-16 1
7262.06 1.44206e-15 2.27602e-16 1
7264.16 1.88651e-15 2.27602e-16 1
7266.26 1.83485e-15 2.27602e-16 1
7268.36 1.85682e-15 2.27602e-16 1
7270.46 1.63611e-15 2.27602e-16 1
7272.56 1.60807e-15 2.27602e-16 1
7274.66 1.8389e-15 2.27602e-16 1
7276.76 1.73989e-15 2.27602e-16 1
7278.86 1.65858e-15 2.27602e-16 1
7280.96 1.82742e-15 2.27602e-16 1
7283.06 1.64386e-15 2.27602e-16 1
7285.16 1.34548e-15 2.27602e-16 1
7287.26 1.44258e-15 2.27602e-16 1
7289.36 1.33679e-15 2.59376e-16 1
7291.46 1.82152e-15 2.59376e-16 1
7293.56 1.85071e-15 2.59376e-16 1
7295.66 1.41696e-15 2.59376e-16 1
7297.76 1.59119e-15 2.59376e-16 1
7299.86 1.69935e-15 2.59376e-16 1
7301.96 1.9499e-15 2.59376e-16 1
7304.06 1.68566e-15 2.59376e-16 1
7306.16 1.34325e-15 2.59376e-16 1
7308.26 1.59453e-15 2.59376e-16 1
7310.36 1.46032e-15 2.59376e-16 1
7312.46 1.60311e-15 2.59376e-16 1
7314.56 1.67231e-15 2.59376e-16 1
7316.66 1.79028e-15 2.59376e-16 1
7318.76 2.13346e-15 2.59376e-16 1
7320.86 1.85456e-15 2.59376e-16 1
7322.96 1.9885e-15 2.59376e-16 1
7325.06 2.225e-15 2.59376e-16 1
7327.16 2.11728e-15 2.59376e-16 1
7329.26 1.84458e-15 2.59376e-16 1
7331.36 1.54091e-15 2.59376e-16 1
7333.46 1.74301e-15 2.59376e-16 1
7335.56 2.11237e-15 2.59376e-16 1
7337.66 2.27116e-15 2.59376e-16 1
7339.76 2.24331e-15 2.59376e-16 1
7341.86 2.06991e-15 2.59376e-16 1
7343.96 1.88864e-15 2.59376e-16 1
7346.06 1.87308e-15 2.59376e-16 1
7348.16 1.94908e-15 2.59376e-16 1
7350.26 1.92999e-15 2.59376e-16 1
7352.36 1.84489e-15 2.59376e-16 1
7354.46 1.8704e-15 2.59376e-16 1
7356.56 2.02888e-15 2.59376e-16 1
7358.66 2.23793e-15 2.59376e-16 1
7360.76 2.31878e-15 2.59376e-16 1
7362.87 2.14234e-15 2.59376e-16 1
7364.97 1.95427e-15 2.59376e-16 1
7367.07 1.91188e-15 2.59376e-16 1
7369.17 1.90036e-15 2.59376e-16 1
7371.27 1.79086e-15 2.59376e-16 1
7373.37 1.76974e-15 2.59376e-16 1
7375.47 2.1205e-15 2.59376e-16 1
7377.57 2.38069e-15 2.59376e-16 1
7379.67 2.54026e-15 2.59376e-16 1
7381.77 2.57043e-15 2.59376e-16 1
7383.87 2.09505e-15 2.59376e-16 1
7385.97 1.85093e-15 2.59376e-16 1
7388.07 2.21951e-15 2.59376e-16 1
7390.17 2.47668e-15 2.59376e-16 1
7392.27 2.03404e-15 2.59376e-16 1
7394.37 1.59237e-15 2.59376e-16 1
7396.47 1.97588e-15 2.59376e-16 1
7398.57 1.99648e-15 2.59376e-16 1
7400.67 1.54262e-15 2.59376e-16 1
7402.77 1.47897e-15 2.59376e-16 1
7404.87 1.94657e-15 2.59376e-16 1
7406.97 2.63284e-15 2.59376e-16 1
7409.07 2.44755e-15 2.59376e-16 1
7411.17 2.15489e-15 2.59376e-16 1
7413.27 2.44471e-15 2.59376e-16 1
7415.37 2.3335e-15 2.59376e-16 1
7417.47 1.89757e-15 2.59376e-16 1
7419.57 1.91022e-15 2.59376e-16 1
7421.67 2.20095e-15 2.59376e-16 1
7423.77 2.3136e-15 2.59376e-16 1
7425.87 2.31222e-15 2.59376e-16 1
7427.97 2.10228e-15 2.59376e-16 1
7430.07 1.87995e-15 2.59376e-16 1
7432.17 2.01315e-15 2.59376e-16 1
7434.27 2.16062e-15 2.59376e-16 1
7436.37 1.98567e-15 2.59376e-16 1
7438.47 2.33943e-15 2.59376e-16 1
7440.57 2.2668e-15 2.59376e-16 1
7442.67 1.67561e-15 2.59376e-16 1
7444.77 1.62077e-15 2.59376e-16 1
7446.87 2.10714e-15 2.59376e-16 1
7448.97 1.85632e-15 2.59376e-16 1
7451.07 1.74012e-15 2.59376e-16 1
7453.17 1.90604e-15 2.59376e-16 1
7455.27 1.75378e-15 2.59376e-16 1
7457.37 1.48319e-15 2.59376e-16 1
7459.47 1.60026e-15 2.59376e-16 1
7461.57 1.59559e-15 2.59376e-16 1
7463.67 1.82925e-15 2.59376e-16 1
7465.77 1.91289e-15 2.59376e-16 1
7467.87 1.16795e-15 2.59376e-16 1
7469.97 1.16407e-15 2.59376e-16 1
7472.07 1.59515e-15 2.59376e-16 1
7474.17 1.57786e-15 2.59376e-16 1
7476.27 1.39081e-15 2.59376e-16 1
7478.37 1.64561e-15 2.59376e-16 1
7480.47 1.72341e-15 2.59376e-16 1
7482.57 1.40224e-15 2.59376e-16 1
7484.67 1.61692e-15 2.59376e-16 1
7486.77 2.28338e-15 2.59376e-16 1
