# converted by J. Guy, 2010-10-18
# from Matheson et al. 2008AJ....135.1598M
@Redshift 0.002992
@FORMAT STD
@Date 50992
@SELECTED_FOR_SNLS3_TRAINING 1
@SN sn1998bu
@SURVEY CFA_LOWZ_SPEC
@Source Matheson
#WAVE : wavelength, observer frame, in A
#FLUX : erg/s/cm2/A
#ERR  : statistical uncertainty on flux
#VALID : 1=ok 0=ignore
#end
3720 6.13756e-15 4.57543e-16 1
3721.5 5.82311e-15 4.57543e-16 1
3723 6.96577e-15 4.57543e-16 1
3724.5 7.28688e-15 4.57543e-16 1
3726 5.64653e-15 4.57543e-16 1
3727.5 5.27305e-15 4.57543e-16 1
3729 6.97697e-15 4.57543e-16 1
3730.5 6.23758e-15 4.57543e-16 1
3732 5.42838e-15 4.57543e-16 1
3733.5 6.85127e-15 4.57543e-16 1
3735 6.26481e-15 4.57543e-16 1
3736.5 6.17519e-15 4.57543e-16 1
3738 6.16013e-15 4.57543e-16 1
3739.5 4.96287e-15 4.57543e-16 1
3741 5.48246e-15 4.57543e-16 1
3742.5 6.29313e-15 4.57543e-16 1
3744 6.24984e-15 4.57543e-16 1
3745.5 5.90221e-15 4.57543e-16 1
3747 5.7364e-15 4.57543e-16 1
3748.5 5.71745e-15 4.57543e-16 1
3750 6.11948e-15 4.57543e-16 1
3751.5 6.052e-15 4.57543e-16 1
3753 6.46727e-15 4.57543e-16 1
3754.5 6.55873e-15 4.57543e-16 1
3756 6.00111e-15 4.57543e-16 1
3757.5 5.47023e-15 4.57543e-16 1
3759 5.00414e-15 4.57543e-16 1
3760.5 5.43481e-15 4.57543e-16 1
3762 5.45387e-15 4.57543e-16 1
3763.5 5.40104e-15 4.57543e-16 1
3765 5.44035e-15 4.57543e-16 1
3766.5 5.43564e-15 4.57543e-16 1
3768 5.27331e-15 4.57543e-16 1
3769.5 5.31423e-15 4.57543e-16 1
3771 5.23852e-15 4.57543e-16 1
3772.5 5.17153e-15 4.57543e-16 1
3774 4.68584e-15 4.57543e-16 1
3775.5 4.3752e-15 4.57543e-16 1
3777 4.49577e-15 4.57543e-16 1
3778.5 3.97372e-15 4.57543e-16 1
3780 3.80814e-15 4.57543e-16 1
3781.5 3.67854e-15 4.57543e-16 1
3783 3.62346e-15 4.57543e-16 1
3784.5 3.82021e-15 4.57543e-16 1
3786 3.97864e-15 4.57543e-16 1
3787.5 4.18632e-15 4.57543e-16 1
3789 3.89211e-15 4.57543e-16 1
3790.5 3.34045e-15 4.57543e-16 1
3792 3.35993e-15 4.57543e-16 1
3793.5 3.75345e-15 4.57543e-16 1
3795 3.35115e-15 4.57543e-16 1
3796.5 3.36139e-15 4.57543e-16 1
3798 3.30949e-15 4.57543e-16 1
3799.5 2.39566e-15 4.57543e-16 1
3801 2.91682e-15 4.57543e-16 1
3802.5 3.64533e-15 4.57543e-16 1
3804 2.78858e-15 4.57543e-16 1
3805.5 2.22444e-15 4.57543e-16 1
3807 2.21612e-15 4.57543e-16 1
3808.5 2.02663e-15 4.57543e-16 1
3810 2.95013e-15 4.57543e-16 1
3811.5 3.10436e-15 4.57543e-16 1
3813 2.81713e-15 4.57543e-16 1
3814.5 2.79836e-15 4.57543e-16 1
3816 2.88409e-15 4.57543e-16 1
3817.5 2.6293e-15 4.57543e-16 1
3819 2.7087e-15 4.57543e-16 1
3820.5 2.55086e-15 4.23969e-16 1
3822 2.22325e-15 4.23969e-16 1
3823.5 2.31423e-15 4.23969e-16 1
3825 2.52509e-15 4.23969e-16 1
3826.5 2.24817e-15 4.23969e-16 1
3828 3.11821e-15 4.23969e-16 1
3829.5 2.81698e-15 4.23969e-16 1
3831 3.36621e-15 4.23969e-16 1
3832.5 3.3472e-15 4.23969e-16 1
3834 2.68284e-15 4.23969e-16 1
3835.5 2.59407e-15 4.23969e-16 1
3837 3.04689e-15 4.23969e-16 1
3838.5 3.03129e-15 4.23969e-16 1
3840 2.8787e-15 4.23969e-16 1
3841.5 3.05349e-15 4.23969e-16 1
3843 3.64043e-15 4.23969e-16 1
3844.5 3.84168e-15 4.23969e-16 1
3846 3.47357e-15 4.23969e-16 1
3847.5 3.64481e-15 4.23969e-16 1
3849 3.75155e-15 4.23969e-16 1
3850.5 3.96532e-15 4.23969e-16 1
3852 4.1511e-15 4.23969e-16 1
3853.5 4.13847e-15 4.23969e-16 1
3855 3.78476e-15 4.23969e-16 1
3856.5 3.93061e-15 4.23969e-16 1
3858 4.8691e-15 4.23969e-16 1
3859.5 4.64033e-15 4.23969e-16 1
3861 4.25246e-15 4.23969e-16 1
3862.5 4.41942e-15 4.23969e-16 1
3864 5.21308e-15 4.23969e-16 1
3865.5 5.69018e-15 4.23969e-16 1
3867 5.32495e-15 4.23969e-16 1
3868.5 5.76992e-15 4.23969e-16 1
3870 5.95456e-15 4.23969e-16 1
3871.5 6.13161e-15 4.23969e-16 1
3873 6.02036e-15 4.23969e-16 1
3874.5 5.58702e-15 4.23969e-16 1
3876 6.09266e-15 4.23969e-16 1
3877.5 6.32308e-15 4.23969e-16 1
3879 6.23645e-15 4.23969e-16 1
3880.5 6.52133e-15 4.23969e-16 1
3882 6.79385e-15 4.23969e-16 1
3883.5 6.65747e-15 4.23969e-16 1
3885 6.98291e-15 4.23969e-16 1
3886.5 7.18685e-15 4.23969e-16 1
3888 7.10969e-15 4.23969e-16 1
3889.5 7.12861e-15 4.23969e-16 1
3891 7.85461e-15 4.23969e-16 1
3892.5 7.16481e-15 4.23969e-16 1
3894 6.69419e-15 4.23969e-16 1
3895.5 7.79991e-15 4.23969e-16 1
3897 8.29504e-15 4.23969e-16 1
3898.5 8.02607e-15 4.23969e-16 1
3900 8.17501e-15 4.23969e-16 1
3901.5 8.58978e-15 4.23969e-16 1
3903 8.2202e-15 4.23969e-16 1
3904.5 8.05629e-15 4.23969e-16 1
3906 7.43079e-15 4.23969e-16 1
3907.5 8.26112e-15 4.23969e-16 1
3909 7.93783e-15 4.23969e-16 1
3910.5 7.90694e-15 4.23969e-16 1
3912 8.92819e-15 4.23969e-16 1
3913.5 9.69782e-15 4.23969e-16 1
3915 9.37824e-15 4.23969e-16 1
3916.5 8.48155e-15 4.23969e-16 1
3918 8.56493e-15 4.23969e-16 1
3919.5 9.13719e-15 4.23969e-16 1
3921 9.09545e-15 5.26373e-16 1
3922.5 8.83403e-15 5.26373e-16 1
3924 8.79234e-15 5.26373e-16 1
3925.5 8.76033e-15 5.26373e-16 1
3927 9.07028e-15 5.26373e-16 1
3928.5 9.14877e-15 5.26373e-16 1
3930 9.28922e-15 5.26373e-16 1
3931.5 9.39073e-15 5.26373e-16 1
3933 9.1981e-15 5.26373e-16 1
3934.5 8.84328e-15 5.26373e-16 1
3936 9.30191e-15 5.26373e-16 1
3937.5 1.02801e-14 5.26373e-16 1
3939 1.0062e-14 5.26373e-16 1
3940.5 9.69517e-15 5.26373e-16 1
3942 9.81754e-15 5.26373e-16 1
3943.5 9.70204e-15 5.26373e-16 1
3945 1.04771e-14 5.26373e-16 1
3946.5 1.0659e-14 5.26373e-16 1
3948 1.07493e-14 5.26373e-16 1
3949.5 1.04098e-14 5.26373e-16 1
3951 1.03408e-14 5.26373e-16 1
3952.5 1.08074e-14 5.26373e-16 1
3954 1.06212e-14 5.26373e-16 1
3955.5 1.09133e-14 5.26373e-16 1
3957 1.11299e-14 5.26373e-16 1
3958.5 1.15062e-14 5.26373e-16 1
3960 1.16312e-14 5.26373e-16 1
3961.5 1.06309e-14 5.26373e-16 1
3963 1.13732e-14 5.26373e-16 1
3964.5 1.13469e-14 5.26373e-16 1
3966 1.09493e-14 5.26373e-16 1
3967.5 1.0841e-14 5.26373e-16 1
3969 1.13837e-14 5.26373e-16 1
3970.5 1.15844e-14 5.26373e-16 1
3972 1.19354e-14 5.26373e-16 1
3973.5 1.21812e-14 5.26373e-16 1
3975 1.23893e-14 5.26373e-16 1
3976.5 1.21603e-14 5.26373e-16 1
3978 1.19513e-14 5.26373e-16 1
3979.5 1.20942e-14 5.26373e-16 1
3981 1.19265e-14 5.26373e-16 1
3982.5 1.18301e-14 5.26373e-16 1
3984 1.2213e-14 5.26373e-16 1
3985.5 1.24344e-14 5.26373e-16 1
3987 1.1963e-14 5.26373e-16 1
3988.5 1.18238e-14 5.26373e-16 1
3990 1.14351e-14 5.26373e-16 1
3991.5 1.15829e-14 5.26373e-16 1
3993 1.20793e-14 5.26373e-16 1
3994.5 1.17199e-14 5.26373e-16 1
3996 1.10492e-14 5.26373e-16 1
3997.5 1.08539e-14 5.26373e-16 1
3999 1.0991e-14 5.26373e-16 1
4000.5 1.11895e-14 5.26373e-16 1
4002 1.13091e-14 5.26373e-16 1
4003.5 1.10794e-14 5.26373e-16 1
4005 1.07221e-14 5.26373e-16 1
4006.5 1.06633e-14 5.26373e-16 1
4008 1.08004e-14 5.26373e-16 1
4009.5 1.06902e-14 5.26373e-16 1
4011 1.06137e-14 5.26373e-16 1
4012.5 1.0688e-14 5.26373e-16 1
4014 1.0199e-14 5.26373e-16 1
4015.5 9.79461e-15 5.26373e-16 1
4017 9.74141e-15 5.26373e-16 1
4018.5 1.01166e-14 5.26373e-16 1
4020 1.02954e-14 4.64224e-16 1
4021.5 9.93662e-15 4.64224e-16 1
4023 1.01344e-14 4.64224e-16 1
4024.5 1.0248e-14 4.64224e-16 1
4026 1.00679e-14 4.64224e-16 1
4027.5 9.21624e-15 4.64224e-16 1
4029 8.98558e-15 4.64224e-16 1
4030.5 9.02574e-15 4.64224e-16 1
4032 8.97823e-15 4.64224e-16 1
4033.5 9.23529e-15 4.64224e-16 1
4035 9.96068e-15 4.64224e-16 1
4036.5 8.44659e-15 4.64224e-16 1
4038 8.6648e-15 4.64224e-16 1
4039.5 8.45168e-15 4.64224e-16 1
4041 8.73003e-15 4.64224e-16 1
4042.5 8.4847e-15 4.64224e-16 1
4044 9.01722e-15 4.64224e-16 1
4045.5 8.47712e-15 4.64224e-16 1
4047 8.63433e-15 4.64224e-16 1
4048.5 8.42708e-15 4.64224e-16 1
4050 8.32699e-15 4.64224e-16 1
4051.5 8.48267e-15 4.64224e-16 1
4053 8.40096e-15 4.64224e-16 1
4054.5 8.47018e-15 4.64224e-16 1
4056 8.78065e-15 4.64224e-16 1
4057.5 8.62057e-15 4.64224e-16 1
4059 8.11403e-15 4.64224e-16 1
4060.5 8.30473e-15 4.64224e-16 1
4062 8.71365e-15 4.64224e-16 1
4063.5 8.4497e-15 4.64224e-16 1
4065 8.32401e-15 4.64224e-16 1
4066.5 8.76284e-15 4.64224e-16 1
4068 8.50749e-15 4.64224e-16 1
4069.5 8.4497e-15 4.64224e-16 1
4071 8.43719e-15 4.64224e-16 1
4072.5 8.76031e-15 4.64224e-16 1
4074 8.9531e-15 4.64224e-16 1
4075.5 8.57127e-15 4.64224e-16 1
4077 8.24414e-15 4.64224e-16 1
4078.5 8.6727e-15 4.64224e-16 1
4080 8.91639e-15 4.64224e-16 1
4081.5 8.44104e-15 4.64224e-16 1
4083 8.2144e-15 4.64224e-16 1
4084.5 8.40141e-15 4.64224e-16 1
4086 8.04919e-15 4.64224e-16 1
4087.5 7.74955e-15 4.64224e-16 1
4089 7.92737e-15 4.64224e-16 1
4090.5 8.11696e-15 4.64224e-16 1
4092 7.9668e-15 4.64224e-16 1
4093.5 7.77044e-15 4.64224e-16 1
4095 7.44855e-15 4.64224e-16 1
4096.5 7.88903e-15 4.64224e-16 1
4098 8.26609e-15 4.64224e-16 1
4099.5 7.61648e-15 4.64224e-16 1
4101 7.7048e-15 4.64224e-16 1
4102.5 7.77722e-15 4.64224e-16 1
4104 7.35289e-15 4.64224e-16 1
4105.5 7.56647e-15 4.64224e-16 1
4107 7.41735e-15 4.64224e-16 1
4108.5 7.40198e-15 4.64224e-16 1
4110 7.94838e-15 4.64224e-16 1
4111.5 7.46564e-15 4.64224e-16 1
4113 7.01646e-15 4.64224e-16 1
4114.5 6.99549e-15 4.64224e-16 1
4116 6.84416e-15 4.64224e-16 1
4117.5 6.96605e-15 4.64224e-16 1
4119 7.03553e-15 4.64224e-16 1
4120.5 6.7811e-15 3.28205e-16 1
4122 6.73672e-15 3.28205e-16 1
4123.5 7.15704e-15 3.28205e-16 1
4125 7.40289e-15 3.28205e-16 1
4126.5 7.0907e-15 3.28205e-16 1
4128 7.62368e-15 3.28205e-16 1
4129.5 7.4006e-15 3.28205e-16 1
4131 7.45828e-15 3.28205e-16 1
4132.5 7.46435e-15 3.28205e-16 1
4134 7.16696e-15 3.28205e-16 1
4135.5 7.37813e-15 3.28205e-16 1
4137 7.66688e-15 3.28205e-16 1
4138.5 7.82598e-15 3.28205e-16 1
4140 7.4629e-15 3.28205e-16 1
4141.5 7.38738e-15 3.28205e-16 1
4143 7.29892e-15 3.28205e-16 1
4144.5 7.28129e-15 3.28205e-16 1
4146 7.47227e-15 3.28205e-16 1
4147.5 7.37065e-15 3.28205e-16 1
4149 7.21109e-15 3.28205e-16 1
4150.5 7.33984e-15 3.28205e-16 1
4152 7.47195e-15 3.28205e-16 1
4153.5 7.51379e-15 3.28205e-16 1
4155 7.36883e-15 3.28205e-16 1
4156.5 7.62557e-15 3.28205e-16 1
4158 7.34662e-15 3.28205e-16 1
4159.5 7.24748e-15 3.28205e-16 1
4161 7.11585e-15 3.28205e-16 1
4162.5 7.17265e-15 3.28205e-16 1
4164 7.69987e-15 3.28205e-16 1
4165.5 8.23374e-15 3.28205e-16 1
4167 8.05129e-15 3.28205e-16 1
4168.5 7.80603e-15 3.28205e-16 1
4170 7.66124e-15 3.28205e-16 1
4171.5 7.75584e-15 3.28205e-16 1
4173 7.77381e-15 3.28205e-16 1
4174.5 7.73347e-15 3.28205e-16 1
4176 7.61431e-15 3.28205e-16 1
4177.5 7.23227e-15 3.28205e-16 1
4179 7.45143e-15 3.28205e-16 1
4180.5 7.82772e-15 3.28205e-16 1
4182 8.2292e-15 3.28205e-16 1
4183.5 8.33507e-15 3.28205e-16 1
4185 8.03501e-15 3.28205e-16 1
4186.5 8.08904e-15 3.28205e-16 1
4188 8.36211e-15 3.28205e-16 1
4189.5 8.63168e-15 3.28205e-16 1
4191 8.96598e-15 3.28205e-16 1
4192.5 8.58729e-15 3.28205e-16 1
4194 8.58371e-15 3.28205e-16 1
4195.5 8.58819e-15 3.28205e-16 1
4197 8.62821e-15 3.28205e-16 1
4198.5 9.10757e-15 3.28205e-16 1
4200 8.83741e-15 3.28205e-16 1
4201.5 8.53006e-15 3.28205e-16 1
4203 8.08262e-15 3.28205e-16 1
4204.5 8.24459e-15 3.28205e-16 1
4206 8.49192e-15 3.28205e-16 1
4207.5 8.81448e-15 3.28205e-16 1
4209 8.51664e-15 3.28205e-16 1
4210.5 8.41232e-15 3.28205e-16 1
4212 8.42622e-15 3.28205e-16 1
4213.5 8.26662e-15 3.28205e-16 1
4215 8.16175e-15 3.28205e-16 1
4216.5 8.14155e-15 3.28205e-16 1
4218 8.42745e-15 3.28205e-16 1
4219.5 8.72965e-15 3.28205e-16 1
4221 8.83714e-15 3.52433e-16 1
4222.5 8.77478e-15 3.52433e-16 1
4224 8.57638e-15 3.52433e-16 1
4225.5 8.66224e-15 3.52433e-16 1
4227 8.97044e-15 3.52433e-16 1
4228.5 9.13819e-15 3.52433e-16 1
4230 8.80023e-15 3.52433e-16 1
4231.5 8.55475e-15 3.52433e-16 1
4233 8.99007e-15 3.52433e-16 1
4234.5 9.02008e-15 3.52433e-16 1
4236 8.84062e-15 3.52433e-16 1
4237.5 9.09304e-15 3.52433e-16 1
4239 9.24281e-15 3.52433e-16 1
4240.5 9.15639e-15 3.52433e-16 1
4242 9.12045e-15 3.52433e-16 1
4243.5 8.78323e-15 3.52433e-16 1
4245 8.75006e-15 3.52433e-16 1
4246.5 9.20119e-15 3.52433e-16 1
4248 9.10322e-15 3.52433e-16 1
4249.5 8.64066e-15 3.52433e-16 1
4251 8.56772e-15 3.52433e-16 1
4252.5 9.04087e-15 3.52433e-16 1
4254 8.8091e-15 3.52433e-16 1
4255.5 8.77916e-15 3.52433e-16 1
4257 9.10968e-15 3.52433e-16 1
4258.5 8.623e-15 3.52433e-16 1
4260 8.89658e-15 3.52433e-16 1
4261.5 8.99456e-15 3.52433e-16 1
4263 9.53431e-15 3.52433e-16 1
4264.5 9.57291e-15 3.52433e-16 1
4266 9.02384e-15 3.52433e-16 1
4267.5 9.07895e-15 3.52433e-16 1
4269 8.99881e-15 3.52433e-16 1
4270.5 8.89552e-15 3.52433e-16 1
4272 8.83996e-15 3.52433e-16 1
4273.5 9.02442e-15 3.52433e-16 1
4275 9.13331e-15 3.52433e-16 1
4276.5 9.05019e-15 3.52433e-16 1
4278 9.02598e-15 3.52433e-16 1
4279.5 8.9155e-15 3.52433e-16 1
4281 8.81985e-15 3.52433e-16 1
4282.5 8.95264e-15 3.52433e-16 1
4284 9.30154e-15 3.52433e-16 1
4285.5 9.44884e-15 3.52433e-16 1
4287 9.33271e-15 3.52433e-16 1
4288.5 9.45437e-15 3.52433e-16 1
4290 9.78216e-15 3.52433e-16 1
4291.5 9.75554e-15 3.52433e-16 1
4293 9.86358e-15 3.52433e-16 1
4294.5 9.91561e-15 3.52433e-16 1
4296 9.78792e-15 3.52433e-16 1
4297.5 9.96962e-15 3.52433e-16 1
4299 1.00023e-14 3.52433e-16 1
4300.5 1.00476e-14 3.52433e-16 1
4302 1.03989e-14 3.52433e-16 1
4303.5 1.07719e-14 3.52433e-16 1
4305 1.08803e-14 3.52433e-16 1
4306.5 1.06647e-14 3.52433e-16 1
4308 1.04895e-14 3.52433e-16 1
4309.5 1.09707e-14 3.52433e-16 1
4311 1.11263e-14 3.52433e-16 1
4312.5 1.11566e-14 3.52433e-16 1
4314 1.10168e-14 3.52433e-16 1
4315.5 1.10207e-14 3.52433e-16 1
4317 1.09837e-14 3.52433e-16 1
4318.5 1.1077e-14 3.52433e-16 1
4320 1.07418e-14 3.38958e-16 1
4321.5 1.09546e-14 3.38958e-16 1
4323 1.17558e-14 3.38958e-16 1
4324.5 1.11679e-14 3.38958e-16 1
4326 1.14048e-14 3.38958e-16 1
4327.5 1.09337e-14 3.38958e-16 1
4329 1.1289e-14 3.38958e-16 1
4330.5 1.17887e-14 3.38958e-16 1
4332 1.17812e-14 3.38958e-16 1
4333.5 1.14675e-14 3.38958e-16 1
4335 1.1784e-14 3.38958e-16 1
4336.5 1.12479e-14 3.38958e-16 1
4338 1.1332e-14 3.38958e-16 1
4339.5 1.11171e-14 3.38958e-16 1
4341 1.08751e-14 3.38958e-16 1
4342.5 1.12063e-14 3.38958e-16 1
4344 1.12055e-14 3.38958e-16 1
4345.5 1.096e-14 3.38958e-16 1
4347 1.05747e-14 3.38958e-16 1
4348.5 1.02769e-14 3.38958e-16 1
4350 1.03174e-14 3.38958e-16 1
4351.5 1.04798e-14 3.38958e-16 1
4353 1.02015e-14 3.38958e-16 1
4354.5 9.87221e-15 3.38958e-16 1
4356 1.0041e-14 3.38958e-16 1
4357.5 9.8225e-15 3.38958e-16 1
4359 9.7148e-15 3.38958e-16 1
4360.5 9.78967e-15 3.38958e-16 1
4362 9.56546e-15 3.38958e-16 1
4363.5 9.32111e-15 3.38958e-16 1
4365 9.01148e-15 3.38958e-16 1
4366.5 9.11293e-15 3.38958e-16 1
4368 9.28897e-15 3.38958e-16 1
4369.5 8.995e-15 3.38958e-16 1
4371 8.75044e-15 3.38958e-16 1
4372.5 8.89191e-15 3.38958e-16 1
4374 8.76391e-15 3.38958e-16 1
4375.5 8.65859e-15 3.38958e-16 1
4377 8.68542e-15 3.38958e-16 1
4378.5 8.49394e-15 3.38958e-16 1
4380 7.96288e-15 3.38958e-16 1
4381.5 7.85832e-15 3.38958e-16 1
4383 8.12635e-15 3.38958e-16 1
4384.5 7.93132e-15 3.38958e-16 1
4386 7.64392e-15 3.38958e-16 1
4387.5 7.65189e-15 3.38958e-16 1
4389 7.56193e-15 3.38958e-16 1
4390.5 7.29926e-15 3.38958e-16 1
4392 6.9329e-15 3.38958e-16 1
4393.5 7.06255e-15 3.38958e-16 1
4395 7.36769e-15 3.38958e-16 1
4396.5 7.0139e-15 3.38958e-16 1
4398 6.88487e-15 3.38958e-16 1
4399.5 6.93045e-15 3.38958e-16 1
4401 7.05035e-15 3.38958e-16 1
4402.5 6.7284e-15 3.38958e-16 1
4404 6.54221e-15 3.38958e-16 1
4405.5 7.03032e-15 3.38958e-16 1
4407 6.38694e-15 3.38958e-16 1
4408.5 6.43469e-15 3.38958e-16 1
4410 6.54646e-15 3.38958e-16 1
4411.5 6.08367e-15 3.38958e-16 1
4413 6.16192e-15 3.38958e-16 1
4414.5 6.23753e-15 3.38958e-16 1
4416 6.39401e-15 3.38958e-16 1
4417.5 6.37178e-15 3.38958e-16 1
4419 5.98944e-15 3.38958e-16 1
4420.5 6.08693e-15 2.35451e-16 1
4422 6.08168e-15 2.35451e-16 1
4423.5 5.87618e-15 2.35451e-16 1
4425 6.02009e-15 2.35451e-16 1
4426.5 5.78301e-15 2.35451e-16 1
4428 5.77782e-15 2.35451e-16 1
4429.5 6.04494e-15 2.35451e-16 1
4431 5.87236e-15 2.35451e-16 1
4432.5 5.89526e-15 2.35451e-16 1
4434 6.16176e-15 2.35451e-16 1
4435.5 6.14359e-15 2.35451e-16 1
4437 6.32682e-15 2.35451e-16 1
4438.5 6.3854e-15 2.35451e-16 1
4440 6.14396e-15 2.35451e-16 1
4441.5 5.79314e-15 2.35451e-16 1
4443 5.62824e-15 2.35451e-16 1
4444.5 6.06958e-15 2.35451e-16 1
4446 6.27173e-15 2.35451e-16 1
4447.5 5.86724e-15 2.35451e-16 1
4449 6.03719e-15 2.35451e-16 1
4450.5 6.39181e-15 2.35451e-16 1
4452 6.29324e-15 2.35451e-16 1
4453.5 6.3112e-15 2.35451e-16 1
4455 6.71812e-15 2.35451e-16 1
4456.5 6.67202e-15 2.35451e-16 1
4458 7.06633e-15 2.35451e-16 1
4459.5 6.97559e-15 2.35451e-16 1
4461 6.74653e-15 2.35451e-16 1
4462.5 7.04005e-15 2.35451e-16 1
4464 6.76809e-15 2.35451e-16 1
4465.5 6.8453e-15 2.35451e-16 1
4467 7.37001e-15 2.35451e-16 1
4468.5 7.11936e-15 2.35451e-16 1
4470 7.13919e-15 2.35451e-16 1
4471.5 7.25603e-15 2.35451e-16 1
4473 6.83026e-15 2.35451e-16 1
4474.5 7.34982e-15 2.35451e-16 1
4476 7.27259e-15 2.35451e-16 1
4477.5 7.3948e-15 2.35451e-16 1
4479 7.04881e-15 2.35451e-16 1
4480.5 7.4608e-15 2.35451e-16 1
4482 7.50765e-15 2.35451e-16 1
4483.5 7.79499e-15 2.35451e-16 1
4485 7.78254e-15 2.35451e-16 1
4486.5 7.87043e-15 2.35451e-16 1
4488 7.83605e-15 2.35451e-16 1
4489.5 7.7657e-15 2.35451e-16 1
4491 7.56148e-15 2.35451e-16 1
4492.5 7.80424e-15 2.35451e-16 1
4494 7.92673e-15 2.35451e-16 1
4495.5 8.04255e-15 2.35451e-16 1
4497 8.30686e-15 2.35451e-16 1
4498.5 8.80608e-15 2.35451e-16 1
4500 8.83986e-15 2.35451e-16 1
4501.5 8.97089e-15 2.35451e-16 1
4503 9.08764e-15 2.35451e-16 1
4504.5 8.83105e-15 2.35451e-16 1
4506 9.02285e-15 2.35451e-16 1
4507.5 9.03896e-15 2.35451e-16 1
4509 8.93414e-15 2.35451e-16 1
4510.5 9.4017e-15 2.35451e-16 1
4512 9.54673e-15 2.35451e-16 1
4513.5 9.7363e-15 2.35451e-16 1
4515 9.73531e-15 2.35451e-16 1
4516.5 9.85912e-15 2.35451e-16 1
4518 1.0214e-14 2.35451e-16 1
4519.5 1.01172e-14 2.35451e-16 1
4521 1.00774e-14 4.17299e-16 1
4522.5 1.026e-14 4.17299e-16 1
4524 1.05839e-14 4.17299e-16 1
4525.5 1.08009e-14 4.17299e-16 1
4527 1.08675e-14 4.17299e-16 1
4528.5 1.10205e-14 4.17299e-16 1
4530 1.14038e-14 4.17299e-16 1
4531.5 1.14744e-14 4.17299e-16 1
4533 1.18806e-14 4.17299e-16 1
4534.5 1.179e-14 4.17299e-16 1
4536 1.18822e-14 4.17299e-16 1
4537.5 1.19089e-14 4.17299e-16 1
4539 1.19501e-14 4.17299e-16 1
4540.5 1.21595e-14 4.17299e-16 1
4542 1.26593e-14 4.17299e-16 1
4543.5 1.30158e-14 4.17299e-16 1
4545 1.34536e-14 4.17299e-16 1
4546.5 1.36707e-14 4.17299e-16 1
4548 1.39451e-14 4.17299e-16 1
4549.5 1.40516e-14 4.17299e-16 1
4551 1.45337e-14 4.17299e-16 1
4552.5 1.45555e-14 4.17299e-16 1
4554 1.50777e-14 4.17299e-16 1
4555.5 1.51463e-14 4.17299e-16 1
4557 1.52329e-14 4.17299e-16 1
4558.5 1.5887e-14 4.17299e-16 1
4560 1.65242e-14 4.17299e-16 1
4561.5 1.64026e-14 4.17299e-16 1
4563 1.66229e-14 4.17299e-16 1
4564.5 1.70745e-14 4.17299e-16 1
4566 1.69235e-14 4.17299e-16 1
4567.5 1.75049e-14 4.17299e-16 1
4569 1.79117e-14 4.17299e-16 1
4570.5 1.80191e-14 4.17299e-16 1
4572 1.81814e-14 4.17299e-16 1
4573.5 1.85741e-14 4.17299e-16 1
4575 1.88513e-14 4.17299e-16 1
4576.5 1.88395e-14 4.17299e-16 1
4578 1.92826e-14 4.17299e-16 1
4579.5 1.97316e-14 4.17299e-16 1
4581 1.95108e-14 4.17299e-16 1
4582.5 1.9617e-14 4.17299e-16 1
4584 2.0151e-14 4.17299e-16 1
4585.5 2.01049e-14 4.17299e-16 1
4587 1.98329e-14 4.17299e-16 1
4588.5 1.99298e-14 4.17299e-16 1
4590 2.04425e-14 4.17299e-16 1
4591.5 2.10226e-14 4.17299e-16 1
4593 2.1063e-14 4.17299e-16 1
4594.5 2.09196e-14 4.17299e-16 1
4596 2.11115e-14 4.17299e-16 1
4597.5 2.14749e-14 4.17299e-16 1
4599 2.1484e-14 4.17299e-16 1
4600.5 2.13776e-14 4.17299e-16 1
4602 2.13889e-14 4.17299e-16 1
4603.5 2.15015e-14 4.17299e-16 1
4605 2.16975e-14 4.17299e-16 1
4606.5 2.16775e-14 4.17299e-16 1
4608 2.16889e-14 4.17299e-16 1
4609.5 2.14656e-14 4.17299e-16 1
4611 2.12255e-14 4.17299e-16 1
4612.5 2.20143e-14 4.17299e-16 1
4614 2.22392e-14 4.17299e-16 1
4615.5 2.19914e-14 4.17299e-16 1
4617 2.21772e-14 4.17299e-16 1
4618.5 2.27233e-14 4.17299e-16 1
4620 2.27231e-14 7.57367e-16 1
4621.5 2.27655e-14 7.57367e-16 1
4623 2.27969e-14 7.57367e-16 1
4624.5 2.32181e-14 7.57367e-16 1
4626 2.28832e-14 7.57367e-16 1
4627.5 2.30918e-14 7.57367e-16 1
4629 2.30205e-14 7.57367e-16 1
4630.5 2.27055e-14 7.57367e-16 1
4632 2.29945e-14 7.57367e-16 1
4633.5 2.28799e-14 7.57367e-16 1
4635 2.31738e-14 7.57367e-16 1
4636.5 2.33246e-14 7.57367e-16 1
4638 2.33616e-14 7.57367e-16 1
4639.5 2.36227e-14 7.57367e-16 1
4641 2.38969e-14 7.57367e-16 1
4642.5 2.39027e-14 7.57367e-16 1
4644 2.39444e-14 7.57367e-16 1
4645.5 2.35778e-14 7.57367e-16 1
4647 2.35121e-14 7.57367e-16 1
4648.5 2.36877e-14 7.57367e-16 1
4650 2.40752e-14 7.57367e-16 1
4651.5 2.41463e-14 7.57367e-16 1
4653 2.37338e-14 7.57367e-16 1
4654.5 2.3507e-14 7.57367e-16 1
4656 2.34131e-14 7.57367e-16 1
4657.5 2.31676e-14 7.57367e-16 1
4659 2.28948e-14 7.57367e-16 1
4660.5 2.30224e-14 7.57367e-16 1
4662 2.29561e-14 7.57367e-16 1
4663.5 2.23182e-14 7.57367e-16 1
4665 2.19656e-14 7.57367e-16 1
4666.5 2.22665e-14 7.57367e-16 1
4668 2.21328e-14 7.57367e-16 1
4669.5 2.16837e-14 7.57367e-16 1
4671 2.12296e-14 7.57367e-16 1
4672.5 2.06374e-14 7.57367e-16 1
4674 2.04047e-14 7.57367e-16 1
4675.5 2.02135e-14 7.57367e-16 1
4677 2.01764e-14 7.57367e-16 1
4678.5 1.99309e-14 7.57367e-16 1
4680 1.93899e-14 7.57367e-16 1
4681.5 1.90073e-14 7.57367e-16 1
4683 1.83948e-14 7.57367e-16 1
4684.5 1.83032e-14 7.57367e-16 1
4686 1.80004e-14 7.57367e-16 1
4687.5 1.73518e-14 7.57367e-16 1
4689 1.72669e-14 7.57367e-16 1
4690.5 1.64294e-14 7.57367e-16 1
4692 1.5972e-14 7.57367e-16 1
4693.5 1.56466e-14 7.57367e-16 1
4695 1.52224e-14 7.57367e-16 1
4696.5 1.565e-14 7.57367e-16 1
4698 1.49379e-14 7.57367e-16 1
4699.5 1.45052e-14 7.57367e-16 1
4701 1.45794e-14 7.57367e-16 1
4702.5 1.43936e-14 7.57367e-16 1
4704 1.42217e-14 7.57367e-16 1
4705.5 1.35636e-14 7.57367e-16 1
4707 1.31969e-14 7.57367e-16 1
4708.5 1.34585e-14 7.57367e-16 1
4710 1.32226e-14 7.57367e-16 1
4711.5 1.29286e-14 7.57367e-16 1
4713 1.2885e-14 7.57367e-16 1
4714.5 1.25143e-14 7.57367e-16 1
4716 1.22751e-14 7.57367e-16 1
4717.5 1.21472e-14 7.57367e-16 1
4719 1.22603e-14 7.57367e-16 1
4720.5 1.22152e-14 4.27616e-16 1
4722 1.20466e-14 4.27616e-16 1
4723.5 1.20578e-14 4.27616e-16 1
4725 1.17199e-14 4.27616e-16 1
4726.5 1.14134e-14 4.27616e-16 1
4728 1.12851e-14 4.27616e-16 1
4729.5 1.10995e-14 4.27616e-16 1
4731 1.11671e-14 4.27616e-16 1
4732.5 1.11073e-14 4.27616e-16 1
4734 1.06157e-14 4.27616e-16 1
4735.5 1.04957e-14 4.27616e-16 1
4737 1.05837e-14 4.27616e-16 1
4738.5 1.05573e-14 4.27616e-16 1
4740 1.05377e-14 4.27616e-16 1
4741.5 1.01924e-14 4.27616e-16 1
4743 9.85505e-15 4.27616e-16 1
4744.5 1.02156e-14 4.27616e-16 1
4746 1.01675e-14 4.27616e-16 1
4747.5 9.64575e-15 4.27616e-16 1
4749 9.74014e-15 4.27616e-16 1
4750.5 1.01026e-14 4.27616e-16 1
4752 1.00151e-14 4.27616e-16 1
4753.5 9.93566e-15 4.27616e-16 1
4755 1.00534e-14 4.27616e-16 1
4756.5 1.00577e-14 4.27616e-16 1
4758 9.64007e-15 4.27616e-16 1
4759.5 9.34419e-15 4.27616e-16 1
4761 9.63459e-15 4.27616e-16 1
4762.5 9.91392e-15 4.27616e-16 1
4764 9.76908e-15 4.27616e-16 1
4765.5 9.50584e-15 4.27616e-16 1
4767 9.46856e-15 4.27616e-16 1
4768.5 9.32425e-15 4.27616e-16 1
4770 9.44807e-15 4.27616e-16 1
4771.5 9.73335e-15 4.27616e-16 1
4773 9.69588e-15 4.27616e-16 1
4774.5 9.30181e-15 4.27616e-16 1
4776 9.51116e-15 4.27616e-16 1
4777.5 9.72131e-15 4.27616e-16 1
4779 9.96832e-15 4.27616e-16 1
4780.5 9.81164e-15 4.27616e-16 1
4782 9.96314e-15 4.27616e-16 1
4783.5 1.00972e-14 4.27616e-16 1
4785 1.0362e-14 4.27616e-16 1
4786.5 9.91981e-15 4.27616e-16 1
4788 1.00287e-14 4.27616e-16 1
4789.5 1.07042e-14 4.27616e-16 1
4791 1.07794e-14 4.27616e-16 1
4792.5 1.07071e-14 4.27616e-16 1
4794 1.06788e-14 4.27616e-16 1
4795.5 1.06718e-14 4.27616e-16 1
4797 1.08622e-14 4.27616e-16 1
4798.5 1.11793e-14 4.27616e-16 1
4800 1.18063e-14 4.27616e-16 1
4801.5 1.2226e-14 4.27616e-16 1
4803 1.21584e-14 4.27616e-16 1
4804.5 1.21196e-14 4.27616e-16 1
4806 1.212e-14 4.27616e-16 1
4807.5 1.23875e-14 4.27616e-16 1
4809 1.28144e-14 4.27616e-16 1
4810.5 1.2925e-14 4.27616e-16 1
4812 1.31231e-14 4.27616e-16 1
4813.5 1.34703e-14 4.27616e-16 1
4815 1.40055e-14 4.27616e-16 1
4816.5 1.40649e-14 4.27616e-16 1
4818 1.3912e-14 4.27616e-16 1
4819.5 1.40412e-14 4.27616e-16 1
4821 1.42256e-14 5.33106e-16 1
4822.5 1.42981e-14 5.33106e-16 1
4824 1.4085e-14 5.33106e-16 1
4825.5 1.44024e-14 5.33106e-16 1
4827 1.45496e-14 5.33106e-16 1
4828.5 1.42633e-14 5.33106e-16 1
4830 1.44542e-14 5.33106e-16 1
4831.5 1.43913e-14 5.33106e-16 1
4833 1.45749e-14 5.33106e-16 1
4834.5 1.47984e-14 5.33106e-16 1
4836 1.48789e-14 5.33106e-16 1
4837.5 1.45021e-14 5.33106e-16 1
4839 1.44819e-14 5.33106e-16 1
4840.5 1.42404e-14 5.33106e-16 1
4842 1.43887e-14 5.33106e-16 1
4843.5 1.39015e-14 5.33106e-16 1
4845 1.3627e-14 5.33106e-16 1
4846.5 1.41232e-14 5.33106e-16 1
4848 1.44873e-14 5.33106e-16 1
4849.5 1.42771e-14 5.33106e-16 1
4851 1.38559e-14 5.33106e-16 1
4852.5 1.37912e-14 5.33106e-16 1
4854 1.36103e-14 5.33106e-16 1
4855.5 1.35043e-14 5.33106e-16 1
4857 1.35122e-14 5.33106e-16 1
4858.5 1.33952e-14 5.33106e-16 1
4860 1.3219e-14 5.33106e-16 1
4861.5 1.30167e-14 5.33106e-16 1
4863 1.32555e-14 5.33106e-16 1
4864.5 1.28892e-14 5.33106e-16 1
4866 1.25732e-14 5.33106e-16 1
4867.5 1.25355e-14 5.33106e-16 1
4869 1.28304e-14 5.33106e-16 1
4870.5 1.29445e-14 5.33106e-16 1
4872 1.2928e-14 5.33106e-16 1
4873.5 1.2729e-14 5.33106e-16 1
4875 1.23348e-14 5.33106e-16 1
4876.5 1.236e-14 5.33106e-16 1
4878 1.27451e-14 5.33106e-16 1
4879.5 1.31378e-14 5.33106e-16 1
4881 1.33185e-14 5.33106e-16 1
4882.5 1.33343e-14 5.33106e-16 1
4884 1.33341e-14 5.33106e-16 1
4885.5 1.33124e-14 5.33106e-16 1
4887 1.35138e-14 5.33106e-16 1
4888.5 1.3911e-14 5.33106e-16 1
4890 1.42184e-14 5.33106e-16 1
4891.5 1.43877e-14 5.33106e-16 1
4893 1.42946e-14 5.33106e-16 1
4894.5 1.47126e-14 5.33106e-16 1
4896 1.49876e-14 5.33106e-16 1
4897.5 1.48363e-14 5.33106e-16 1
4899 1.48626e-14 5.33106e-16 1
4900.5 1.55351e-14 5.33106e-16 1
4902 1.54795e-14 5.33106e-16 1
4903.5 1.58088e-14 5.33106e-16 1
4905 1.61306e-14 5.33106e-16 1
4906.5 1.6527e-14 5.33106e-16 1
4908 1.71318e-14 5.33106e-16 1
4909.5 1.74432e-14 5.33106e-16 1
4911 1.79816e-14 5.33106e-16 1
4912.5 1.76978e-14 5.33106e-16 1
4914 1.79797e-14 5.33106e-16 1
4915.5 1.87499e-14 5.33106e-16 1
4917 1.87561e-14 5.33106e-16 1
4918.5 1.91017e-14 5.33106e-16 1
4920 1.96824e-14 1.03768e-15 1
4921.5 2.00166e-14 1.03768e-15 1
4923 2.04859e-14 1.03768e-15 1
4924.5 2.05661e-14 1.03768e-15 1
4926 2.10473e-14 1.03768e-15 1
4927.5 2.13861e-14 1.03768e-15 1
4929 2.14584e-14 1.03768e-15 1
4930.5 2.16931e-14 1.03768e-15 1
4932 2.1872e-14 1.03768e-15 1
4933.5 2.22853e-14 1.03768e-15 1
4935 2.25273e-14 1.03768e-15 1
4936.5 2.2676e-14 1.03768e-15 1
4938 2.29383e-14 1.03768e-15 1
4939.5 2.34792e-14 1.03768e-15 1
4941 2.39131e-14 1.03768e-15 1
4942.5 2.41701e-14 1.03768e-15 1
4944 2.45125e-14 1.03768e-15 1
4945.5 2.42295e-14 1.03768e-15 1
4947 2.43427e-14 1.03768e-15 1
4948.5 2.46886e-14 1.03768e-15 1
4950 2.46495e-14 1.03768e-15 1
4951.5 2.48233e-14 1.03768e-15 1
4953 2.4892e-14 1.03768e-15 1
4954.5 2.52959e-14 1.03768e-15 1
4956 2.55743e-14 1.03768e-15 1
4957.5 2.52483e-14 1.03768e-15 1
4959 2.51322e-14 1.03768e-15 1
4960.5 2.49692e-14 1.03768e-15 1
4962 2.46937e-14 1.03768e-15 1
4963.5 2.4688e-14 1.03768e-15 1
4965 2.43998e-14 1.03768e-15 1
4966.5 2.42686e-14 1.03768e-15 1
4968 2.42937e-14 1.03768e-15 1
4969.5 2.3932e-14 1.03768e-15 1
4971 2.37262e-14 1.03768e-15 1
4972.5 2.33765e-14 1.03768e-15 1
4974 2.25672e-14 1.03768e-15 1
4975.5 2.23737e-14 1.03768e-15 1
4977 2.23061e-14 1.03768e-15 1
4978.5 2.17218e-14 1.03768e-15 1
4980 2.14275e-14 1.03768e-15 1
4981.5 2.16758e-14 1.03768e-15 1
4983 2.15782e-14 1.03768e-15 1
4984.5 2.05696e-14 1.03768e-15 1
4986 2.01459e-14 1.03768e-15 1
4987.5 2.02395e-14 1.03768e-15 1
4989 1.96331e-14 1.03768e-15 1
4990.5 1.92332e-14 1.03768e-15 1
4992 1.87981e-14 1.03768e-15 1
4993.5 1.86014e-14 1.03768e-15 1
4995 1.83063e-14 1.03768e-15 1
4996.5 1.81757e-14 1.03768e-15 1
4998 1.74275e-14 1.03768e-15 1
4999.5 1.72047e-14 1.03768e-15 1
5001 1.71066e-14 1.03768e-15 1
5002.5 1.65799e-14 1.03768e-15 1
5004 1.61914e-14 1.03768e-15 1
5005.5 1.57596e-14 1.03768e-15 1
5007 1.55437e-14 1.03768e-15 1
5008.5 1.52685e-14 1.03768e-15 1
5010 1.51561e-14 1.03768e-15 1
5011.5 1.52532e-14 1.03768e-15 1
5013 1.4833e-14 1.03768e-15 1
5014.5 1.45227e-14 1.03768e-15 1
5016 1.44141e-14 1.03768e-15 1
5017.5 1.42549e-14 1.03768e-15 1
5019 1.40941e-14 1.03768e-15 1
5020.5 1.39015e-14 4.74779e-16 1
5022 1.37304e-14 4.74779e-16 1
5023.5 1.36704e-14 4.74779e-16 1
5025 1.37048e-14 4.74779e-16 1
5026.5 1.38405e-14 4.74779e-16 1
5028 1.404e-14 4.74779e-16 1
5029.5 1.37118e-14 4.74779e-16 1
5031 1.34094e-14 4.74779e-16 1
5032.5 1.31021e-14 4.74779e-16 1
5034 1.30372e-14 4.74779e-16 1
5035.5 1.32882e-14 4.74779e-16 1
5037 1.31316e-14 4.74779e-16 1
5038.5 1.28926e-14 4.74779e-16 1
5040 1.29304e-14 4.74779e-16 1
5041.5 1.28168e-14 4.74779e-16 1
5043 1.23246e-14 4.74779e-16 1
5044.5 1.23632e-14 4.74779e-16 1
5046 1.22079e-14 4.74779e-16 1
5047.5 1.229e-14 4.74779e-16 1
5049 1.24742e-14 4.74779e-16 1
5050.5 1.25303e-14 4.74779e-16 1
5052 1.2897e-14 4.74779e-16 1
5053.5 1.29701e-14 4.74779e-16 1
5055 1.2886e-14 4.74779e-16 1
5056.5 1.24381e-14 4.74779e-16 1
5058 1.23e-14 4.74779e-16 1
5059.5 1.23907e-14 4.74779e-16 1
5061 1.27888e-14 4.74779e-16 1
5062.5 1.25957e-14 4.74779e-16 1
5064 1.24634e-14 4.74779e-16 1
5065.5 1.25876e-14 4.74779e-16 1
5067 1.25885e-14 4.74779e-16 1
5068.5 1.23266e-14 4.74779e-16 1
5070 1.22689e-14 4.74779e-16 1
5071.5 1.25367e-14 4.74779e-16 1
5073 1.23197e-14 4.74779e-16 1
5074.5 1.21053e-14 4.74779e-16 1
5076 1.23772e-14 4.74779e-16 1
5077.5 1.24413e-14 4.74779e-16 1
5079 1.2352e-14 4.74779e-16 1
5080.5 1.22359e-14 4.74779e-16 1
5082 1.20952e-14 4.74779e-16 1
5083.5 1.20298e-14 4.74779e-16 1
5085 1.24175e-14 4.74779e-16 1
5086.5 1.253e-14 4.74779e-16 1
5088 1.21507e-14 4.74779e-16 1
5089.5 1.19514e-14 4.74779e-16 1
5091 1.21089e-14 4.74779e-16 1
5092.5 1.23439e-14 4.74779e-16 1
5094 1.24442e-14 4.74779e-16 1
5095.5 1.24589e-14 4.74779e-16 1
5097 1.22926e-14 4.74779e-16 1
5098.5 1.20148e-14 4.74779e-16 1
5100 1.21198e-14 4.74779e-16 1
5101.5 1.23453e-14 4.74779e-16 1
5103 1.22368e-14 4.74779e-16 1
5104.5 1.21302e-14 4.74779e-16 1
5106 1.20377e-14 4.74779e-16 1
5107.5 1.21175e-14 4.74779e-16 1
5109 1.20593e-14 4.74779e-16 1
5110.5 1.20117e-14 4.74779e-16 1
5112 1.19372e-14 4.74779e-16 1
5113.5 1.18414e-14 4.74779e-16 1
5115 1.23098e-14 4.74779e-16 1
5116.5 1.2378e-14 4.74779e-16 1
5118 1.20019e-14 4.74779e-16 1
5119.5 1.21916e-14 4.74779e-16 1
5121 1.24339e-14 2.34738e-16 1
5122.5 1.23146e-14 2.34738e-16 1
5124 1.21485e-14 2.34738e-16 1
5125.5 1.2384e-14 2.34738e-16 1
5127 1.25955e-14 2.34738e-16 1
5128.5 1.21871e-14 2.34738e-16 1
5130 1.20988e-14 2.34738e-16 1
5131.5 1.22212e-14 2.34738e-16 1
5133 1.19004e-14 2.34738e-16 1
5134.5 1.21054e-14 2.34738e-16 1
5136 1.20996e-14 2.34738e-16 1
5137.5 1.19654e-14 2.34738e-16 1
5139 1.18633e-14 2.34738e-16 1
5140.5 1.19304e-14 2.34738e-16 1
5142 1.1963e-14 2.34738e-16 1
5143.5 1.22184e-14 2.34738e-16 1
5145 1.26164e-14 2.34738e-16 1
5146.5 1.24849e-14 2.34738e-16 1
5148 1.19841e-14 2.34738e-16 1
5149.5 1.1788e-14 2.34738e-16 1
5151 1.20492e-14 2.34738e-16 1
5152.5 1.20818e-14 2.34738e-16 1
5154 1.18792e-14 2.34738e-16 1
5155.5 1.20513e-14 2.34738e-16 1
5157 1.23023e-14 2.34738e-16 1
5158.5 1.25082e-14 2.34738e-16 1
5160 1.26093e-14 2.34738e-16 1
5161.5 1.24217e-14 2.34738e-16 1
5163 1.22356e-14 2.34738e-16 1
5164.5 1.22375e-14 2.34738e-16 1
5166 1.24162e-14 2.34738e-16 1
5167.5 1.25717e-14 2.34738e-16 1
5169 1.27321e-14 2.34738e-16 1
5170.5 1.29978e-14 2.34738e-16 1
5172 1.31154e-14 2.34738e-16 1
5173.5 1.30657e-14 2.34738e-16 1
5175 1.29135e-14 2.34738e-16 1
5176.5 1.31062e-14 2.34738e-16 1
5178 1.3443e-14 2.34738e-16 1
5179.5 1.32881e-14 2.34738e-16 1
5181 1.32332e-14 2.34738e-16 1
5182.5 1.35424e-14 2.34738e-16 1
5184 1.3704e-14 2.34738e-16 1
5185.5 1.37555e-14 2.34738e-16 1
5187 1.38555e-14 2.34738e-16 1
5188.5 1.38646e-14 2.34738e-16 1
5190 1.40369e-14 2.34738e-16 1
5191.5 1.43413e-14 2.34738e-16 1
5193 1.42792e-14 2.34738e-16 1
5194.5 1.44359e-14 2.34738e-16 1
5196 1.45306e-14 2.34738e-16 1
5197.5 1.42445e-14 2.34738e-16 1
5199 1.4647e-14 2.34738e-16 1
5200.5 1.48448e-14 2.34738e-16 1
5202 1.48415e-14 2.34738e-16 1
5203.5 1.51035e-14 2.34738e-16 1
5205 1.50024e-14 2.34738e-16 1
5206.5 1.51619e-14 2.34738e-16 1
5208 1.53198e-14 2.34738e-16 1
5209.5 1.55425e-14 2.34738e-16 1
5211 1.56611e-14 2.34738e-16 1
5212.5 1.58333e-14 2.34738e-16 1
5214 1.62219e-14 2.34738e-16 1
5215.5 1.63598e-14 2.34738e-16 1
5217 1.66449e-14 2.34738e-16 1
5218.5 1.7002e-14 2.34738e-16 1
5220 1.70281e-14 5.30509e-16 1
5221.5 1.72135e-14 5.30509e-16 1
5223 1.74796e-14 5.30509e-16 1
5224.5 1.74696e-14 5.30509e-16 1
5226 1.75177e-14 5.30509e-16 1
5227.5 1.76216e-14 5.30509e-16 1
5229 1.79653e-14 5.30509e-16 1
5230.5 1.83041e-14 5.30509e-16 1
5232 1.85915e-14 5.30509e-16 1
5233.5 1.85747e-14 5.30509e-16 1
5235 1.8676e-14 5.30509e-16 1
5236.5 1.89268e-14 5.30509e-16 1
5238 1.89878e-14 5.30509e-16 1
5239.5 1.89403e-14 5.30509e-16 1
5241 1.90914e-14 5.30509e-16 1
5242.5 1.93356e-14 5.30509e-16 1
5244 1.93911e-14 5.30509e-16 1
5245.5 1.96197e-14 5.30509e-16 1
5247 1.97337e-14 5.30509e-16 1
5248.5 1.97957e-14 5.30509e-16 1
5250 1.99582e-14 5.30509e-16 1
5251.5 1.99936e-14 5.30509e-16 1
5253 2.01993e-14 5.30509e-16 1
5254.5 2.04308e-14 5.30509e-16 1
5256 2.0547e-14 5.30509e-16 1
5257.5 2.06476e-14 5.30509e-16 1
5259 2.06838e-14 5.30509e-16 1
5260.5 2.05997e-14 5.30509e-16 1
5262 2.07138e-14 5.30509e-16 1
5263.5 2.1068e-14 5.30509e-16 1
5265 2.10221e-14 5.30509e-16 1
5266.5 2.11437e-14 5.30509e-16 1
5268 2.13653e-14 5.30509e-16 1
5269.5 2.11868e-14 5.30509e-16 1
5271 2.11339e-14 5.30509e-16 1
5272.5 2.13388e-14 5.30509e-16 1
5274 2.1714e-14 5.30509e-16 1
5275.5 2.18278e-14 5.30509e-16 1
5277 2.22615e-14 5.30509e-16 1
5278.5 2.2728e-14 5.30509e-16 1
5280 2.28723e-14 5.30509e-16 1
5281.5 2.29433e-14 5.30509e-16 1
5283 2.29743e-14 5.30509e-16 1
5284.5 2.30748e-14 5.30509e-16 1
5286 2.34705e-14 5.30509e-16 1
5287.5 2.42219e-14 5.30509e-16 1
5289 2.42967e-14 5.30509e-16 1
5290.5 2.47155e-14 5.30509e-16 1
5292 2.51612e-14 5.30509e-16 1
5293.5 2.46265e-14 5.30509e-16 1
5295 2.46253e-14 5.30509e-16 1
5296.5 2.5151e-14 5.30509e-16 1
5298 2.51541e-14 5.30509e-16 1
5299.5 2.49726e-14 5.30509e-16 1
5301 2.53193e-14 5.30509e-16 1
5302.5 2.5677e-14 5.30509e-16 1
5304 2.58325e-14 5.30509e-16 1
5305.5 2.59097e-14 5.30509e-16 1
5307 2.58382e-14 5.30509e-16 1
5308.5 2.58874e-14 5.30509e-16 1
5310 2.59058e-14 5.30509e-16 1
5311.5 2.59872e-14 5.30509e-16 1
5313 2.61073e-14 5.30509e-16 1
5314.5 2.58108e-14 5.30509e-16 1
5316 2.58775e-14 5.30509e-16 1
5317.5 2.62818e-14 5.30509e-16 1
5319 2.63683e-14 5.30509e-16 1
5320.5 2.65198e-14 4.49212e-16 1
5322 2.65257e-14 4.49212e-16 1
5323.5 2.62604e-14 4.49212e-16 1
5325 2.63511e-14 4.49212e-16 1
5326.5 2.65287e-14 4.49212e-16 1
5328 2.64637e-14 4.49212e-16 1
5329.5 2.61033e-14 4.49212e-16 1
5331 2.59305e-14 4.49212e-16 1
5332.5 2.5991e-14 4.49212e-16 1
5334 2.60992e-14 4.49212e-16 1
5335.5 2.60608e-14 4.49212e-16 1
5337 2.62265e-14 4.49212e-16 1
5338.5 2.63488e-14 4.49212e-16 1
5340 2.63105e-14 4.49212e-16 1
5341.5 2.6038e-14 4.49212e-16 1
5343 2.59017e-14 4.49212e-16 1
5344.5 2.62633e-14 4.49212e-16 1
5346 2.5941e-14 4.49212e-16 1
5347.5 2.56712e-14 4.49212e-16 1
5349 2.60445e-14 4.49212e-16 1
5350.5 2.56253e-14 4.49212e-16 1
5352 2.55117e-14 4.49212e-16 1
5353.5 2.57049e-14 4.49212e-16 1
5355 2.54451e-14 4.49212e-16 1
5356.5 2.55521e-14 4.49212e-16 1
5358 2.58356e-14 4.49212e-16 1
5359.5 2.56155e-14 4.49212e-16 1
5361 2.52118e-14 4.49212e-16 1
5362.5 2.55004e-14 4.49212e-16 1
5364 2.59335e-14 4.49212e-16 1
5365.5 2.56844e-14 4.49212e-16 1
5367 2.57514e-14 4.49212e-16 1
5368.5 2.59762e-14 4.49212e-16 1
5370 2.54094e-14 4.49212e-16 1
5371.5 2.55526e-14 4.49212e-16 1
5373 2.57934e-14 4.49212e-16 1
5374.5 2.60364e-14 4.49212e-16 1
5376 2.59538e-14 4.49212e-16 1
5377.5 2.59165e-14 4.49212e-16 1
5379 2.65724e-14 4.49212e-16 1
5380.5 2.68037e-14 4.49212e-16 1
5382 2.66719e-14 4.49212e-16 1
5383.5 2.65407e-14 4.49212e-16 1
5385 2.67445e-14 4.49212e-16 1
5386.5 2.69663e-14 4.49212e-16 1
5388 2.70397e-14 4.49212e-16 1
5389.5 2.71e-14 4.49212e-16 1
5391 2.70297e-14 4.49212e-16 1
5392.5 2.71855e-14 4.49212e-16 1
5394 2.75154e-14 4.49212e-16 1
5395.5 2.76614e-14 4.49212e-16 1
5397 2.75518e-14 4.49212e-16 1
5398.5 2.77865e-14 4.49212e-16 1
5400 2.80069e-14 4.49212e-16 1
5401.5 2.81994e-14 4.49212e-16 1
5403 2.84479e-14 4.49212e-16 1
5404.5 2.82645e-14 4.49212e-16 1
5406 2.81344e-14 4.49212e-16 1
5407.5 2.81546e-14 4.49212e-16 1
5409 2.80866e-14 4.49212e-16 1
5410.5 2.83347e-14 4.49212e-16 1
5412 2.84668e-14 4.49212e-16 1
5413.5 2.86582e-14 4.49212e-16 1
5415 2.90153e-14 4.49212e-16 1
5416.5 2.88548e-14 4.49212e-16 1
5418 2.87746e-14 4.49212e-16 1
5419.5 2.86672e-14 4.49212e-16 1
5421 2.90188e-14 3.44355e-16 1
5422.5 2.9292e-14 3.44355e-16 1
5424 2.9495e-14 3.44355e-16 1
5425.5 2.90274e-14 3.44355e-16 1
5427 2.93349e-14 3.44355e-16 1
5428.5 2.98875e-14 3.44355e-16 1
5430 3.03617e-14 3.44355e-16 1
5431.5 3.03061e-14 3.44355e-16 1
5433 3.07358e-14 3.44355e-16 1
5434.5 3.10138e-14 3.44355e-16 1
5436 3.07346e-14 3.44355e-16 1
5437.5 3.12226e-14 3.44355e-16 1
5439 3.21439e-14 3.44355e-16 1
5440.5 3.21163e-14 3.44355e-16 1
5442 3.23302e-14 3.44355e-16 1
5443.5 3.22752e-14 3.44355e-16 1
5445 3.24822e-14 3.44355e-16 1
5446.5 3.28616e-14 3.44355e-16 1
5448 3.35297e-14 3.44355e-16 1
5449.5 3.39123e-14 3.44355e-16 1
5451 3.43974e-14 3.44355e-16 1
5452.5 3.47144e-14 3.44355e-16 1
5454 3.4581e-14 3.44355e-16 1
5455.5 3.49462e-14 3.44355e-16 1
5457 3.54464e-14 3.44355e-16 1
5458.5 3.55683e-14 3.44355e-16 1
5460 3.56072e-14 3.44355e-16 1
5461.5 3.59679e-14 3.44355e-16 1
5463 3.61273e-14 3.44355e-16 1
5464.5 3.63103e-14 3.44355e-16 1
5466 3.67131e-14 3.44355e-16 1
5467.5 3.70985e-14 3.44355e-16 1
5469 3.71968e-14 3.44355e-16 1
5470.5 3.73239e-14 3.44355e-16 1
5472 3.80832e-14 3.44355e-16 1
5473.5 3.85061e-14 3.44355e-16 1
5475 3.87355e-14 3.44355e-16 1
5476.5 3.91068e-14 3.44355e-16 1
5478 3.92979e-14 3.44355e-16 1
5479.5 3.98898e-14 3.44355e-16 1
5481 4.02556e-14 3.44355e-16 1
5482.5 4.04926e-14 3.44355e-16 1
5484 4.0364e-14 3.44355e-16 1
5485.5 4.06638e-14 3.44355e-16 1
5487 4.11076e-14 3.44355e-16 1
5488.5 4.15973e-14 3.44355e-16 1
5490 4.20689e-14 3.44355e-16 1
5491.5 4.19162e-14 3.44355e-16 1
5493 4.19191e-14 3.44355e-16 1
5494.5 4.27131e-14 3.44355e-16 1
5496 4.22773e-14 3.44355e-16 1
5497.5 4.25529e-14 3.44355e-16 1
5499 4.30705e-14 3.44355e-16 1
5500.5 4.36067e-14 3.44355e-16 1
5502 4.33987e-14 3.44355e-16 1
5503.5 4.33288e-14 3.44355e-16 1
5505 4.38613e-14 3.44355e-16 1
5506.5 4.33814e-14 3.44355e-16 1
5508 4.38322e-14 3.44355e-16 1
5509.5 4.41308e-14 3.44355e-16 1
5511 4.45969e-14 3.44355e-16 1
5512.5 4.44438e-14 3.44355e-16 1
5514 4.53308e-14 3.44355e-16 1
5515.5 4.52833e-14 3.44355e-16 1
5517 4.47984e-14 3.44355e-16 1
5518.5 4.45698e-14 3.44355e-16 1
5520 4.42681e-14 2.726e-16 1
5521.5 4.43233e-14 2.726e-16 1
5523 4.45419e-14 2.726e-16 1
5524.5 4.43289e-14 2.726e-16 1
5526 4.42034e-14 2.726e-16 1
5527.5 4.4368e-14 2.726e-16 1
5529 4.44006e-14 2.726e-16 1
5530.5 4.44429e-14 2.726e-16 1
5532 4.45945e-14 2.726e-16 1
5533.5 4.45045e-14 2.726e-16 1
5535 4.44459e-14 2.726e-16 1
5536.5 4.46967e-14 2.726e-16 1
5538 4.426e-14 2.726e-16 1
5539.5 4.38179e-14 2.726e-16 1
5541 4.39629e-14 2.726e-16 1
5542.5 4.39352e-14 2.726e-16 1
5544 4.40695e-14 2.726e-16 1
5545.5 4.40528e-14 2.726e-16 1
5547 4.39708e-14 2.726e-16 1
5548.5 4.39334e-14 2.726e-16 1
5550 4.36002e-14 2.726e-16 1
5551.5 4.35038e-14 2.726e-16 1
5553 4.35503e-14 2.726e-16 1
5554.5 4.34062e-14 2.726e-16 1
5556 4.31879e-14 2.726e-16 1
5557.5 4.30414e-14 2.726e-16 1
5559 4.29502e-14 2.726e-16 1
5560.5 4.30847e-14 2.726e-16 1
5562 4.28281e-14 2.726e-16 1
5563.5 4.27226e-14 2.726e-16 1
5565 4.30464e-14 2.726e-16 1
5566.5 4.26543e-14 2.726e-16 1
5568 4.23924e-14 2.726e-16 1
5569.5 4.2656e-14 2.726e-16 1
5571 4.23024e-14 2.726e-16 1
5572.5 4.23622e-14 2.726e-16 1
5574 4.22053e-14 2.726e-16 1
5575.5 4.18093e-14 2.726e-16 1
5577 4.15228e-14 2.726e-16 1
5578.5 4.09928e-14 2.726e-16 1
5580 4.05275e-14 2.726e-16 1
5581.5 4.03584e-14 2.726e-16 1
5583 4.02865e-14 2.726e-16 1
5584.5 4.02453e-14 2.726e-16 1
5586 4.02069e-14 2.726e-16 1
5587.5 4.02571e-14 2.726e-16 1
5589 4.00112e-14 2.726e-16 1
5590.5 3.98776e-14 2.726e-16 1
5592 3.97074e-14 2.726e-16 1
5593.5 3.92598e-14 2.726e-16 1
5595 3.92778e-14 2.726e-16 1
5596.5 3.90796e-14 2.726e-16 1
5598 3.87146e-14 2.726e-16 1
5599.5 3.81668e-14 2.726e-16 1
5601 3.7696e-14 2.726e-16 1
5602.5 3.77523e-14 2.726e-16 1
5604 3.76684e-14 2.726e-16 1
5605.5 3.74932e-14 2.726e-16 1
5607 3.7155e-14 2.726e-16 1
5608.5 3.69081e-14 2.726e-16 1
5610 3.6804e-14 2.726e-16 1
5611.5 3.66874e-14 2.726e-16 1
5613 3.64385e-14 2.726e-16 1
5614.5 3.58079e-14 2.726e-16 1
5616 3.56426e-14 2.726e-16 1
5617.5 3.59387e-14 2.726e-16 1
5619 3.58095e-14 2.726e-16 1
5620.5 3.51259e-14 4.05522e-16 1
5622 3.47732e-14 4.05522e-16 1
5623.5 3.4742e-14 4.05522e-16 1
5625 3.42218e-14 4.05522e-16 1
5626.5 3.40543e-14 4.05522e-16 1
5628 3.42842e-14 4.05522e-16 1
5629.5 3.36137e-14 4.05522e-16 1
5631 3.32824e-14 4.05522e-16 1
5632.5 3.31631e-14 4.05522e-16 1
5634 3.27163e-14 4.05522e-16 1
5635.5 3.25995e-14 4.05522e-16 1
5637 3.24538e-14 4.05522e-16 1
5638.5 3.21601e-14 4.05522e-16 1
5640 3.14896e-14 4.05522e-16 1
5641.5 3.11853e-14 4.05522e-16 1
5643 3.08657e-14 4.05522e-16 1
5644.5 3.01498e-14 4.05522e-16 1
5646 3.00052e-14 4.05522e-16 1
5647.5 2.96618e-14 4.05522e-16 1
5649 2.887e-14 4.05522e-16 1
5650.5 2.83993e-14 4.05522e-16 1
5652 2.80584e-14 4.05522e-16 1
5653.5 2.76794e-14 4.05522e-16 1
5655 2.71477e-14 4.05522e-16 1
5656.5 2.69602e-14 4.05522e-16 1
5658 2.6944e-14 4.05522e-16 1
5659.5 2.64826e-14 4.05522e-16 1
5661 2.59966e-14 4.05522e-16 1
5662.5 2.58102e-14 4.05522e-16 1
5664 2.57562e-14 4.05522e-16 1
5665.5 2.55722e-14 4.05522e-16 1
5667 2.49991e-14 4.05522e-16 1
5668.5 2.49273e-14 4.05522e-16 1
5670 2.47648e-14 4.05522e-16 1
5671.5 2.44667e-14 4.05522e-16 1
5673 2.43678e-14 4.05522e-16 1
5674.5 2.42343e-14 4.05522e-16 1
5676 2.39704e-14 4.05522e-16 1
5677.5 2.35248e-14 4.05522e-16 1
5679 2.32668e-14 4.05522e-16 1
5680.5 2.32442e-14 4.05522e-16 1
5682 2.30292e-14 4.05522e-16 1
5683.5 2.25866e-14 4.05522e-16 1
5685 2.22807e-14 4.05522e-16 1
5686.5 2.23341e-14 4.05522e-16 1
5688 2.22238e-14 4.05522e-16 1
5689.5 2.22111e-14 4.05522e-16 1
5691 2.2091e-14 4.05522e-16 1
5692.5 2.16498e-14 4.05522e-16 1
5694 2.16619e-14 4.05522e-16 1
5695.5 2.15974e-14 4.05522e-16 1
5697 2.12268e-14 4.05522e-16 1
5698.5 2.12764e-14 4.05522e-16 1
5700 2.09594e-14 4.05522e-16 1
5701.5 2.06469e-14 4.05522e-16 1
5703 2.05055e-14 4.05522e-16 1
5704.5 2.06052e-14 4.05522e-16 1
5706 2.05249e-14 4.05522e-16 1
5707.5 2.03238e-14 4.05522e-16 1
5709 2.02758e-14 4.05522e-16 1
5710.5 2.02538e-14 4.05522e-16 1
5712 2.05191e-14 4.05522e-16 1
5713.5 2.07909e-14 4.05522e-16 1
5715 2.06327e-14 4.05522e-16 1
5716.5 2.04884e-14 4.05522e-16 1
5718 2.04942e-14 4.05522e-16 1
5719.5 2.09094e-14 4.05522e-16 1
5721 2.04945e-14 3.04043e-16 1
5722.5 2.07239e-14 3.04043e-16 1
5724 2.10832e-14 3.04043e-16 1
5725.5 2.12495e-14 3.04043e-16 1
5727 2.13578e-14 3.04043e-16 1
5728.5 2.13061e-14 3.04043e-16 1
5730 2.13713e-14 3.04043e-16 1
5731.5 2.18534e-14 3.04043e-16 1
5733 2.20185e-14 3.04043e-16 1
5734.5 2.1973e-14 3.04043e-16 1
5736 2.22934e-14 3.04043e-16 1
5737.5 2.25749e-14 3.04043e-16 1
5739 2.25381e-14 3.04043e-16 1
5740.5 2.29221e-14 3.04043e-16 1
5742 2.31788e-14 3.04043e-16 1
5743.5 2.33697e-14 3.04043e-16 1
5745 2.35867e-14 3.04043e-16 1
5746.5 2.3909e-14 3.04043e-16 1
5748 2.41531e-14 3.04043e-16 1
5749.5 2.46672e-14 3.04043e-16 1
5751 2.50081e-14 3.04043e-16 1
5752.5 2.51728e-14 3.04043e-16 1
5754 2.55573e-14 3.04043e-16 1
5755.5 2.6125e-14 3.04043e-16 1
5757 2.6471e-14 3.04043e-16 1
5758.5 2.65966e-14 3.04043e-16 1
5760 2.67016e-14 3.04043e-16 1
5761.5 2.71831e-14 3.04043e-16 1
5763 2.7761e-14 3.04043e-16 1
5764.5 2.80472e-14 3.04043e-16 1
5766 2.80856e-14 3.04043e-16 1
5767.5 2.84815e-14 3.04043e-16 1
5769 2.90444e-14 3.04043e-16 1
5770.5 2.94636e-14 3.04043e-16 1
5772 2.98701e-14 3.04043e-16 1
5773.5 2.984e-14 3.04043e-16 1
5775 2.98426e-14 3.04043e-16 1
5776.5 3.03878e-14 3.04043e-16 1
5778 3.0678e-14 3.04043e-16 1
5779.5 3.08484e-14 3.04043e-16 1
5781 3.13223e-14 3.04043e-16 1
5782.5 3.17393e-14 3.04043e-16 1
5784 3.22435e-14 3.04043e-16 1
5785.5 3.2795e-14 3.04043e-16 1
5787 3.28734e-14 3.04043e-16 1
5788.5 3.28901e-14 3.04043e-16 1
5790 3.3037e-14 3.04043e-16 1
5791.5 3.36505e-14 3.04043e-16 1
5793 3.36134e-14 3.04043e-16 1
5794.5 3.39859e-14 3.04043e-16 1
5796 3.47531e-14 3.04043e-16 1
5797.5 3.48463e-14 3.04043e-16 1
5799 3.54986e-14 3.04043e-16 1
5800.5 3.55501e-14 3.04043e-16 1
5802 3.58973e-14 3.04043e-16 1
5803.5 3.62203e-14 3.04043e-16 1
5805 3.59695e-14 3.04043e-16 1
5806.5 3.62084e-14 3.04043e-16 1
5808 3.68509e-14 3.04043e-16 1
5809.5 3.70441e-14 3.04043e-16 1
5811 3.6671e-14 3.04043e-16 1
5812.5 3.64744e-14 3.04043e-16 1
5814 3.70744e-14 3.04043e-16 1
5815.5 3.76726e-14 3.04043e-16 1
5817 3.78978e-14 3.04043e-16 1
5818.5 3.81753e-14 3.04043e-16 1
5820 3.79841e-14 7.41981e-16 1
5821.5 3.79108e-14 7.41981e-16 1
5823 3.79234e-14 7.41981e-16 1
5824.5 3.80626e-14 7.41981e-16 1
5826 3.80394e-14 7.41981e-16 1
5827.5 3.79166e-14 7.41981e-16 1
5829 3.82566e-14 7.41981e-16 1
5830.5 3.8342e-14 7.41981e-16 1
5832 3.81421e-14 7.41981e-16 1
5833.5 3.82501e-14 7.41981e-16 1
5835 3.81564e-14 7.41981e-16 1
5836.5 3.79071e-14 7.41981e-16 1
5838 3.77851e-14 7.41981e-16 1
5839.5 3.79552e-14 7.41981e-16 1
5841 3.82705e-14 7.41981e-16 1
5842.5 3.84261e-14 7.41981e-16 1
5844 3.8204e-14 7.41981e-16 1
5845.5 3.81163e-14 7.41981e-16 1
5847 3.81784e-14 7.41981e-16 1
5848.5 3.79672e-14 7.41981e-16 1
5850 3.81e-14 7.41981e-16 1
5851.5 3.78174e-14 7.41981e-16 1
5853 3.77414e-14 7.41981e-16 1
5854.5 3.79191e-14 7.41981e-16 1
5856 3.74262e-14 7.41981e-16 1
5857.5 3.71182e-14 7.41981e-16 1
5859 3.68809e-14 7.41981e-16 1
5860.5 3.71592e-14 7.41981e-16 1
5862 3.72952e-14 7.41981e-16 1
5863.5 3.70109e-14 7.41981e-16 1
5865 3.68308e-14 7.41981e-16 1
5866.5 3.65839e-14 7.41981e-16 1
5868 3.64184e-14 7.41981e-16 1
5869.5 3.64034e-14 7.41981e-16 1
5871 3.64492e-14 7.41981e-16 1
5872.5 3.59953e-14 7.41981e-16 1
5874 3.57212e-14 7.41981e-16 1
5875.5 3.57823e-14 7.41981e-16 1
5877 3.56971e-14 7.41981e-16 1
5878.5 3.52569e-14 7.41981e-16 1
5880 3.5024e-14 7.41981e-16 1
5881.5 3.49409e-14 7.41981e-16 1
5883 3.46009e-14 7.41981e-16 1
5884.5 3.42521e-14 7.41981e-16 1
5886 3.37218e-14 7.41981e-16 1
5887.5 3.32171e-14 7.41981e-16 1
5889 3.24696e-14 7.41981e-16 1
5890.5 3.24314e-14 7.41981e-16 1
5892 3.29284e-14 7.41981e-16 1
5893.5 3.27965e-14 7.41981e-16 1
5895 3.25967e-14 7.41981e-16 1
5896.5 3.24424e-14 7.41981e-16 1
5898 3.26735e-14 7.41981e-16 1
5899.5 3.28012e-14 7.41981e-16 1
5901 3.22543e-14 7.41981e-16 1
5902.5 3.16367e-14 7.41981e-16 1
5904 3.12711e-14 7.41981e-16 1
5905.5 3.13958e-14 7.41981e-16 1
5907 3.13787e-14 7.41981e-16 1
5908.5 3.12616e-14 7.41981e-16 1
5910 3.14615e-14 7.41981e-16 1
5911.5 3.17692e-14 7.41981e-16 1
5913 3.19703e-14 7.41981e-16 1
5914.5 3.19357e-14 7.41981e-16 1
5916 3.18149e-14 7.41981e-16 1
5917.5 3.21302e-14 7.41981e-16 1
5919 3.20476e-14 7.41981e-16 1
5920.5 3.18906e-14 8.03273e-16 1
5922 3.18129e-14 8.03273e-16 1
5923.5 3.16307e-14 8.03273e-16 1
5925 3.20161e-14 8.03273e-16 1
5926.5 3.23206e-14 8.03273e-16 1
5928 3.18813e-14 8.03273e-16 1
5929.5 3.14896e-14 8.03273e-16 1
5931 3.20022e-14 8.03273e-16 1
5932.5 3.21395e-14 8.03273e-16 1
5934 3.14947e-14 8.03273e-16 1
5935.5 3.1162e-14 8.03273e-16 1
5937 3.07807e-14 8.03273e-16 1
5938.5 3.02114e-14 8.03273e-16 1
5940 3.01672e-14 8.03273e-16 1
5941.5 2.98753e-14 8.03273e-16 1
5943 2.98152e-14 8.03273e-16 1
5944.5 2.95381e-14 8.03273e-16 1
5946 2.9423e-14 8.03273e-16 1
5947.5 2.91819e-14 8.03273e-16 1
5949 2.86066e-14 8.03273e-16 1
5950.5 2.89315e-14 8.03273e-16 1
5952 2.8974e-14 8.03273e-16 1
5953.5 2.88123e-14 8.03273e-16 1
5955 2.87147e-14 8.03273e-16 1
5956.5 2.83718e-14 8.03273e-16 1
5958 2.76917e-14 8.03273e-16 1
5959.5 2.73561e-14 8.03273e-16 1
5961 2.6997e-14 8.03273e-16 1
5962.5 2.66549e-14 8.03273e-16 1
5964 2.65944e-14 8.03273e-16 1
5965.5 2.6597e-14 8.03273e-16 1
5967 2.636e-14 8.03273e-16 1
5968.5 2.56853e-14 8.03273e-16 1
5970 2.49612e-14 8.03273e-16 1
5971.5 2.47024e-14 8.03273e-16 1
5973 2.48102e-14 8.03273e-16 1
5974.5 2.47338e-14 8.03273e-16 1
5976 2.45332e-14 8.03273e-16 1
5977.5 2.44291e-14 8.03273e-16 1
5979 2.40676e-14 8.03273e-16 1
5980.5 2.34671e-14 8.03273e-16 1
5982 2.33762e-14 8.03273e-16 1
5983.5 2.33778e-14 8.03273e-16 1
5985 2.34865e-14 8.03273e-16 1
5986.5 2.33778e-14 8.03273e-16 1
5988 2.3256e-14 8.03273e-16 1
5989.5 2.27796e-14 8.03273e-16 1
5991 2.23515e-14 8.03273e-16 1
5992.5 2.23013e-14 8.03273e-16 1
5994 2.22421e-14 8.03273e-16 1
5995.5 2.20941e-14 8.03273e-16 1
5997 2.19447e-14 8.03273e-16 1
5998.5 2.17525e-14 8.03273e-16 1
6000 2.21514e-14 8.03273e-16 1
6001.5 2.18808e-14 8.03273e-16 1
6003 2.16185e-14 8.03273e-16 1
6004.5 2.13447e-14 8.03273e-16 1
6006 2.14228e-14 8.03273e-16 1
6007.5 2.11483e-14 8.03273e-16 1
6009 2.15129e-14 8.03273e-16 1
6010.5 2.13511e-14 8.03273e-16 1
6012 2.10664e-14 8.03273e-16 1
6013.5 2.09815e-14 8.03273e-16 1
6015 2.07805e-14 8.03273e-16 1
6016.5 2.05859e-14 8.03273e-16 1
6018 2.03055e-14 8.03273e-16 1
6019.5 2.04527e-14 8.03273e-16 1
6021 2.08402e-14 5.28751e-16 1
6022.5 2.14336e-14 5.28751e-16 1
6024 2.10926e-14 5.28751e-16 1
6025.5 2.09279e-14 5.28751e-16 1
6027 2.09945e-14 5.28751e-16 1
6028.5 2.10465e-14 5.28751e-16 1
6030 2.10095e-14 5.28751e-16 1
6031.5 2.07713e-14 5.28751e-16 1
6033 2.07413e-14 5.28751e-16 1
6034.5 2.09692e-14 5.28751e-16 1
6036 2.09618e-14 5.28751e-16 1
6037.5 2.08897e-14 5.28751e-16 1
6039 2.09437e-14 5.28751e-16 1
6040.5 2.09977e-14 5.28751e-16 1
6042 2.10517e-14 5.28751e-16 1
6043.5 2.11057e-14 5.28751e-16 1
6045 2.11597e-14 5.28751e-16 1
6046.5 2.12137e-14 5.28751e-16 1
6048 2.12137e-14 5.28751e-16 1
6049.5 2.09346e-14 5.28751e-16 1
6051 2.12797e-14 5.28751e-16 1
6052.5 2.13093e-14 5.28751e-16 1
6054 2.10911e-14 5.28751e-16 1
6055.5 2.0854e-14 5.28751e-16 1
6057 2.07401e-14 5.28751e-16 1
6058.5 2.08792e-14 5.28751e-16 1
6060 2.09472e-14 5.28751e-16 1
6061.5 2.0824e-14 5.28751e-16 1
6063 2.08325e-14 5.28751e-16 1
6064.5 2.08736e-14 5.28751e-16 1
6066 2.06636e-14 5.28751e-16 1
6067.5 2.06317e-14 5.28751e-16 1
6069 2.10134e-14 5.28751e-16 1
6070.5 2.08355e-14 5.28751e-16 1
6072 2.03874e-14 5.28751e-16 1
6073.5 2.05848e-14 5.28751e-16 1
6075 2.0653e-14 5.28751e-16 1
6076.5 2.04899e-14 5.28751e-16 1
6078 2.07518e-14 5.28751e-16 1
6079.5 2.07141e-14 5.28751e-16 1
6081 2.08401e-14 5.28751e-16 1
6082.5 2.11992e-14 5.28751e-16 1
6084 2.10619e-14 5.28751e-16 1
6085.5 2.07519e-14 5.28751e-16 1
6087 2.06709e-14 5.28751e-16 1
6088.5 2.09058e-14 5.28751e-16 1
6090 2.09362e-14 5.28751e-16 1
6091.5 2.10554e-14 5.28751e-16 1
6093 2.10046e-14 5.28751e-16 1
6094.5 2.09409e-14 5.28751e-16 1
6096 2.11047e-14 5.28751e-16 1
6097.5 2.08903e-14 5.28751e-16 1
6099 2.09695e-14 5.28751e-16 1
6100.5 2.12428e-14 5.28751e-16 1
6102 2.11415e-14 5.28751e-16 1
6103.5 2.12192e-14 5.28751e-16 1
6105 2.13256e-14 5.28751e-16 1
6106.5 2.12891e-14 5.28751e-16 1
6108 2.14167e-14 5.28751e-16 1
6109.5 2.13731e-14 5.28751e-16 1
6111 2.14725e-14 5.28751e-16 1
6112.5 2.17214e-14 5.28751e-16 1
6114 2.18784e-14 5.28751e-16 1
6115.5 2.2276e-14 5.28751e-16 1
6117 2.21152e-14 5.28751e-16 1
6118.5 2.16835e-14 5.28751e-16 1
6120 2.17071e-14 4.29719e-16 1
6121.5 2.18637e-14 4.29719e-16 1
6123 2.1853e-14 4.29719e-16 1
6124.5 2.20636e-14 4.29719e-16 1
6126 2.24019e-14 4.29719e-16 1
6127.5 2.24342e-14 4.29719e-16 1
6129 2.24346e-14 4.29719e-16 1
6130.5 2.25654e-14 4.29719e-16 1
6132 2.2566e-14 4.29719e-16 1
6133.5 2.25807e-14 4.29719e-16 1
6135 2.25617e-14 4.29719e-16 1
6136.5 2.24417e-14 4.29719e-16 1
6138 2.22707e-14 4.29719e-16 1
6139.5 2.23495e-14 4.29719e-16 1
6141 2.20274e-14 4.29719e-16 1
6142.5 2.19391e-14 4.29719e-16 1
6144 2.23666e-14 4.29719e-16 1
6145.5 2.22484e-14 4.29719e-16 1
6147 2.1754e-14 4.29719e-16 1
6148.5 2.19186e-14 4.29719e-16 1
6150 2.1745e-14 4.29719e-16 1
6151.5 2.16354e-14 4.29719e-16 1
6153 2.16644e-14 4.29719e-16 1
6154.5 2.13991e-14 4.29719e-16 1
6156 2.17641e-14 4.29719e-16 1
6157.5 2.15645e-14 4.29719e-16 1
6159 2.13905e-14 4.29719e-16 1
6160.5 2.17183e-14 4.29719e-16 1
6162 2.13983e-14 4.29719e-16 1
6163.5 2.16215e-14 4.29719e-16 1
6165 2.1362e-14 4.29719e-16 1
6166.5 2.14765e-14 4.29719e-16 1
6168 2.17045e-14 4.29719e-16 1
6169.5 2.12736e-14 4.29719e-16 1
6171 2.13893e-14 4.29719e-16 1
6172.5 2.14001e-14 4.29719e-16 1
6174 2.12039e-14 4.29719e-16 1
6175.5 2.15381e-14 4.29719e-16 1
6177 2.16955e-14 4.29719e-16 1
6178.5 2.18451e-14 4.29719e-16 1
6180 2.18907e-14 4.29719e-16 1
6181.5 2.20022e-14 4.29719e-16 1
6183 2.18574e-14 4.29719e-16 1
6184.5 2.20858e-14 4.29719e-16 1
6186 2.23665e-14 4.29719e-16 1
6187.5 2.24095e-14 4.29719e-16 1
6189 2.28462e-14 4.29719e-16 1
6190.5 2.31966e-14 4.29719e-16 1
6192 2.31229e-14 4.29719e-16 1
6193.5 2.32956e-14 4.29719e-16 1
6195 2.37262e-14 4.29719e-16 1
6196.5 2.37613e-14 4.29719e-16 1
6198 2.40458e-14 4.29719e-16 1
6199.5 2.45468e-14 4.29719e-16 1
6201 2.48676e-14 4.29719e-16 1
6202.5 2.51079e-14 4.29719e-16 1
6204 2.52794e-14 4.29719e-16 1
6205.5 2.51922e-14 4.29719e-16 1
6207 2.52568e-14 4.29719e-16 1
6208.5 2.57566e-14 4.29719e-16 1
6210 2.61187e-14 4.29719e-16 1
6211.5 2.61358e-14 4.29719e-16 1
6213 2.62275e-14 4.29719e-16 1
6214.5 2.65578e-14 4.29719e-16 1
6216 2.68071e-14 4.29719e-16 1
6217.5 2.68228e-14 4.29719e-16 1
6219 2.67882e-14 4.29719e-16 1
6220.5 2.70417e-14 3.33842e-16 1
6222 2.72085e-14 3.33842e-16 1
6223.5 2.70744e-14 3.33842e-16 1
6225 2.6472e-14 3.33842e-16 1
6226.5 2.6856e-14 3.33842e-16 1
6228 2.7134e-14 3.33842e-16 1
6229.5 2.65275e-14 3.33842e-16 1
6231 2.6734e-14 3.33842e-16 1
6232.5 2.67968e-14 3.33842e-16 1
6234 2.67571e-14 3.33842e-16 1
6235.5 2.62689e-14 3.33842e-16 1
6237 2.61089e-14 3.33842e-16 1
6238.5 2.6241e-14 3.33842e-16 1
6240 2.59808e-14 3.33842e-16 1
6241.5 2.60703e-14 3.33842e-16 1
6243 2.59786e-14 3.33842e-16 1
6244.5 2.57036e-14 3.33842e-16 1
6246 2.52072e-14 3.33842e-16 1
6247.5 2.52255e-14 3.33842e-16 1
6249 2.52001e-14 3.33842e-16 1
6250.5 2.4964e-14 3.33842e-16 1
6252 2.49363e-14 3.33842e-16 1
6253.5 2.47288e-14 3.33842e-16 1
6255 2.4664e-14 3.33842e-16 1
6256.5 2.42241e-14 3.33842e-16 1
6258 2.35635e-14 3.33842e-16 1
6259.5 2.33487e-14 3.33842e-16 1
6261 2.3435e-14 3.33842e-16 1
6262.5 2.34279e-14 3.33842e-16 1
6264 2.3374e-14 3.33842e-16 1
6265.5 2.31597e-14 3.33842e-16 1
6267 2.29532e-14 3.33842e-16 1
6268.5 2.27853e-14 3.33842e-16 1
6270 2.27616e-14 3.33842e-16 1
6271.5 2.25593e-14 3.33842e-16 1
6273 2.25119e-14 3.33842e-16 1
6274.5 2.25755e-14 3.33842e-16 1
6276 2.18164e-14 3.33842e-16 1
6277.5 2.11557e-14 3.33842e-16 1
6279 2.12658e-14 3.33842e-16 1
6280.5 2.16377e-14 3.33842e-16 1
6282 2.17652e-14 3.33842e-16 1
6283.5 2.15939e-14 3.33842e-16 1
6285 2.16156e-14 3.33842e-16 1
6286.5 2.14609e-14 3.33842e-16 1
6288 2.11893e-14 3.33842e-16 1
6289.5 2.10277e-14 3.33842e-16 1
6291 2.12977e-14 3.33842e-16 1
6292.5 2.1504e-14 3.33842e-16 1
6294 2.11326e-14 3.33842e-16 1
6295.5 2.10394e-14 3.33842e-16 1
6297 2.09361e-14 3.33842e-16 1
6298.5 2.07018e-14 3.33842e-16 1
6300 2.01868e-14 3.33842e-16 1
6301.5 2.04187e-14 3.33842e-16 1
6303 2.11502e-14 3.33842e-16 1
6304.5 2.10808e-14 3.33842e-16 1
6306 2.07235e-14 3.33842e-16 1
6307.5 2.03399e-14 3.33842e-16 1
6309 2.02565e-14 3.33842e-16 1
6310.5 2.07119e-14 3.33842e-16 1
6312 2.10429e-14 3.33842e-16 1
6313.5 2.09817e-14 3.33842e-16 1
6315 2.10891e-14 3.33842e-16 1
6316.5 2.12834e-14 3.33842e-16 1
6318 2.12178e-14 3.33842e-16 1
6319.5 2.13401e-14 3.33842e-16 1
6321 2.13383e-14 3.4644e-16 1
6322.5 2.15464e-14 3.4644e-16 1
6324 2.17312e-14 3.4644e-16 1
6325.5 2.17911e-14 3.4644e-16 1
6327 2.19842e-14 3.4644e-16 1
6328.5 2.22113e-14 3.4644e-16 1
6330 2.19993e-14 3.4644e-16 1
6331.5 2.18753e-14 3.4644e-16 1
6333 2.17939e-14 3.4644e-16 1
6334.5 2.21293e-14 3.4644e-16 1
6336 2.28416e-14 3.4644e-16 1
6337.5 2.3279e-14 3.4644e-16 1
6339 2.31947e-14 3.4644e-16 1
6340.5 2.29087e-14 3.4644e-16 1
6342 2.30981e-14 3.4644e-16 1
6343.5 2.3531e-14 3.4644e-16 1
6345 2.37193e-14 3.4644e-16 1
6346.5 2.41223e-14 3.4644e-16 1
6348 2.40231e-14 3.4644e-16 1
6349.5 2.38955e-14 3.4644e-16 1
6351 2.39586e-14 3.4644e-16 1
6352.5 2.40133e-14 3.4644e-16 1
6354 2.42836e-14 3.4644e-16 1
6355.5 2.45101e-14 3.4644e-16 1
6357 2.48277e-14 3.4644e-16 1
6358.5 2.55343e-14 3.4644e-16 1
6360 2.53687e-14 3.4644e-16 1
6361.5 2.53744e-14 3.4644e-16 1
6363 2.56934e-14 3.4644e-16 1
6364.5 2.57413e-14 3.4644e-16 1
6366 2.58769e-14 3.4644e-16 1
6367.5 2.58169e-14 3.4644e-16 1
6369 2.62164e-14 3.4644e-16 1
6370.5 2.6488e-14 3.4644e-16 1
6372 2.65439e-14 3.4644e-16 1
6373.5 2.67511e-14 3.4644e-16 1
6375 2.71891e-14 3.4644e-16 1
6376.5 2.7264e-14 3.4644e-16 1
6378 2.76502e-14 3.4644e-16 1
6379.5 2.74687e-14 3.4644e-16 1
6381 2.79563e-14 3.4644e-16 1
6382.5 2.80836e-14 3.4644e-16 1
6384 2.78425e-14 3.4644e-16 1
6385.5 2.85496e-14 3.4644e-16 1
6387 2.88122e-14 3.4644e-16 1
6388.5 2.88113e-14 3.4644e-16 1
6390 2.89727e-14 3.4644e-16 1
6391.5 2.90356e-14 3.4644e-16 1
6393 2.89635e-14 3.4644e-16 1
6394.5 2.97083e-14 3.4644e-16 1
6396 2.99866e-14 3.4644e-16 1
6397.5 3.01507e-14 3.4644e-16 1
6399 3.07791e-14 3.4644e-16 1
6400.5 3.07335e-14 3.4644e-16 1
6402 3.09704e-14 3.4644e-16 1
6403.5 3.16358e-14 3.4644e-16 1
6405 3.19229e-14 3.4644e-16 1
6406.5 3.22528e-14 3.4644e-16 1
6408 3.22555e-14 3.4644e-16 1
6409.5 3.24951e-14 3.4644e-16 1
6411 3.27828e-14 3.4644e-16 1
6412.5 3.30469e-14 3.4644e-16 1
6414 3.33842e-14 3.4644e-16 1
6415.5 3.34124e-14 3.4644e-16 1
6417 3.37949e-14 3.4644e-16 1
6418.5 3.42492e-14 3.4644e-16 1
6420 3.45759e-14 4.13444e-16 1
6421.5 3.49462e-14 4.13444e-16 1
6423 3.50659e-14 4.13444e-16 1
6424.5 3.53929e-14 4.13444e-16 1
6426 3.60103e-14 4.13444e-16 1
6427.5 3.65083e-14 4.13444e-16 1
6429 3.67081e-14 4.13444e-16 1
6430.5 3.68689e-14 4.13444e-16 1
6432 3.68706e-14 4.13444e-16 1
6433.5 3.69065e-14 4.13444e-16 1
6435 3.7161e-14 4.13444e-16 1
6436.5 3.79998e-14 4.13444e-16 1
6438 3.82343e-14 4.13444e-16 1
6439.5 3.81795e-14 4.13444e-16 1
6441 3.86679e-14 4.13444e-16 1
6442.5 3.90523e-14 4.13444e-16 1
6444 3.90897e-14 4.13444e-16 1
6445.5 3.94484e-14 4.13444e-16 1
6447 3.99197e-14 4.13444e-16 1
6448.5 4.01479e-14 4.13444e-16 1
6450 4.05084e-14 4.13444e-16 1
6451.5 4.10219e-14 4.13444e-16 1
6453 4.11283e-14 4.13444e-16 1
6454.5 4.0582e-14 4.13444e-16 1
6456 4.06292e-14 4.13444e-16 1
6457.5 4.11093e-14 4.13444e-16 1
6459 4.13657e-14 4.13444e-16 1
6460.5 4.13699e-14 4.13444e-16 1
6462 4.14436e-14 4.13444e-16 1
6463.5 4.18172e-14 4.13444e-16 1
6465 4.19503e-14 4.13444e-16 1
6466.5 4.18833e-14 4.13444e-16 1
6468 4.21213e-14 4.13444e-16 1
6469.5 4.26016e-14 4.13444e-16 1
6471 4.27518e-14 4.13444e-16 1
6472.5 4.23268e-14 4.13444e-16 1
6474 4.23795e-14 4.13444e-16 1
6475.5 4.23863e-14 4.13444e-16 1
6477 4.23629e-14 4.13444e-16 1
6478.5 4.27471e-14 4.13444e-16 1
6480 4.28956e-14 4.13444e-16 1
6481.5 4.31281e-14 4.13444e-16 1
6483 4.329e-14 4.13444e-16 1
6484.5 4.31401e-14 4.13444e-16 1
6486 4.32678e-14 4.13444e-16 1
6487.5 4.34534e-14 4.13444e-16 1
6489 4.34955e-14 4.13444e-16 1
6490.5 4.36843e-14 4.13444e-16 1
6492 4.38412e-14 4.13444e-16 1
6493.5 4.38537e-14 4.13444e-16 1
6495 4.40799e-14 4.13444e-16 1
6496.5 4.43984e-14 4.13444e-16 1
6498 4.47357e-14 4.13444e-16 1
6499.5 4.47613e-14 4.13444e-16 1
6501 4.47722e-14 4.13444e-16 1
6502.5 4.47099e-14 4.13444e-16 1
6504 4.43918e-14 4.13444e-16 1
6505.5 4.4791e-14 4.13444e-16 1
6507 4.52627e-14 4.13444e-16 1
6508.5 4.4929e-14 4.13444e-16 1
6510 4.4607e-14 4.13444e-16 1
6511.5 4.46263e-14 4.13444e-16 1
6513 4.44411e-14 4.13444e-16 1
6514.5 4.38116e-14 4.13444e-16 1
6516 4.34602e-14 4.13444e-16 1
6517.5 4.37153e-14 4.13444e-16 1
6519 4.38088e-14 4.13444e-16 1
6520.5 4.43748e-14 2.92139e-16 1
6522 4.43843e-14 2.92139e-16 1
6523.5 4.42864e-14 2.92139e-16 1
6525 4.49086e-14 2.92139e-16 1
6526.5 4.47924e-14 2.92139e-16 1
6528 4.43239e-14 2.92139e-16 1
6529.5 4.40617e-14 2.92139e-16 1
6531 4.41732e-14 2.92139e-16 1
6532.5 4.39444e-14 2.92139e-16 1
6534 4.35826e-14 2.92139e-16 1
6535.5 4.36121e-14 2.92139e-16 1
6537 4.36938e-14 2.92139e-16 1
6538.5 4.36679e-14 2.92139e-16 1
6540 4.35275e-14 2.92139e-16 1
6541.5 4.33177e-14 2.92139e-16 1
6543 4.31728e-14 2.92139e-16 1
6544.5 4.29813e-14 2.92139e-16 1
6546 4.2977e-14 2.92139e-16 1
6547.5 4.28515e-14 2.92139e-16 1
6549 4.30061e-14 2.92139e-16 1
6550.5 4.28934e-14 2.92139e-16 1
6552 4.24673e-14 2.92139e-16 1
6553.5 4.23044e-14 2.92139e-16 1
6555 4.21085e-14 2.92139e-16 1
6556.5 4.21428e-14 2.92139e-16 1
6558 4.211e-14 2.92139e-16 1
6559.5 4.18149e-14 2.92139e-16 1
6561 4.20154e-14 2.92139e-16 1
6562.5 4.22196e-14 2.92139e-16 1
6564 4.19744e-14 2.92139e-16 1
6565.5 4.16204e-14 2.92139e-16 1
6567 4.10801e-14 2.92139e-16 1
6568.5 4.09765e-14 2.92139e-16 1
6570 4.07688e-14 2.92139e-16 1
6571.5 4.03137e-14 2.92139e-16 1
6573 4.01034e-14 2.92139e-16 1
6574.5 3.99998e-14 2.92139e-16 1
6576 3.98773e-14 2.92139e-16 1
6577.5 4.03071e-14 2.92139e-16 1
6579 4.01985e-14 2.92139e-16 1
6580.5 3.9946e-14 2.92139e-16 1
6582 4.01678e-14 2.92139e-16 1
6583.5 3.96099e-14 2.92139e-16 1
6585 3.92122e-14 2.92139e-16 1
6586.5 3.92844e-14 2.92139e-16 1
6588 3.85595e-14 2.92139e-16 1
6589.5 3.81876e-14 2.92139e-16 1
6591 3.83869e-14 2.92139e-16 1
6592.5 3.78474e-14 2.92139e-16 1
6594 3.78625e-14 2.92139e-16 1
6595.5 3.77859e-14 2.92139e-16 1
6597 3.76214e-14 2.92139e-16 1
6598.5 3.75187e-14 2.92139e-16 1
6600 3.70397e-14 2.92139e-16 1
6601.5 3.65817e-14 2.92139e-16 1
6603 3.64785e-14 2.92139e-16 1
6604.5 3.66785e-14 2.92139e-16 1
6606 3.60186e-14 2.92139e-16 1
6607.5 3.59502e-14 2.92139e-16 1
6609 3.51666e-14 2.92139e-16 1
6610.5 3.49768e-14 2.92139e-16 1
6612 3.4428e-14 2.92139e-16 1
6613.5 3.43277e-14 2.92139e-16 1
6615 3.48868e-14 2.92139e-16 1
6616.5 3.46878e-14 2.92139e-16 1
6618 3.39973e-14 2.92139e-16 1
6619.5 3.35056e-14 2.92139e-16 1
6621 3.34761e-14 2.0114e-16 1
6622.5 3.32024e-14 2.0114e-16 1
6624 3.28783e-14 2.0114e-16 1
6625.5 3.24412e-14 2.0114e-16 1
6627 3.22043e-14 2.0114e-16 1
6628.5 3.21483e-14 2.0114e-16 1
6630 3.18584e-14 2.0114e-16 1
6631.5 3.1507e-14 2.0114e-16 1
6633 3.11798e-14 2.0114e-16 1
6634.5 3.07375e-14 2.0114e-16 1
6636 3.05515e-14 2.0114e-16 1
6637.5 3.02471e-14 2.0114e-16 1
6639 2.98474e-14 2.0114e-16 1
6640.5 2.98458e-14 2.0114e-16 1
6642 2.97948e-14 2.0114e-16 1
6643.5 2.92202e-14 2.0114e-16 1
6645 2.86603e-14 2.0114e-16 1
6646.5 2.8253e-14 2.0114e-16 1
6648 2.79584e-14 2.0114e-16 1
6649.5 2.75864e-14 2.0114e-16 1
6651 2.75831e-14 2.0114e-16 1
6652.5 2.75545e-14 2.0114e-16 1
6654 2.69001e-14 2.0114e-16 1
6655.5 2.6943e-14 2.0114e-16 1
6657 2.66782e-14 2.0114e-16 1
6658.5 2.67499e-14 2.0114e-16 1
6660 2.63773e-14 2.0114e-16 1
6661.5 2.57739e-14 2.0114e-16 1
6663 2.56883e-14 2.0114e-16 1
6664.5 2.53563e-14 2.0114e-16 1
6666 2.52459e-14 2.0114e-16 1
6667.5 2.47844e-14 2.0114e-16 1
6669 2.4159e-14 2.0114e-16 1
6670.5 2.39243e-14 2.0114e-16 1
6672 2.37408e-14 2.0114e-16 1
6673.5 2.36684e-14 2.0114e-16 1
6675 2.32517e-14 2.0114e-16 1
6676.5 2.32153e-14 2.0114e-16 1
6678 2.30127e-14 2.0114e-16 1
6679.5 2.29568e-14 2.0114e-16 1
6681 2.28391e-14 2.0114e-16 1
6682.5 2.25648e-14 2.0114e-16 1
6684 2.22351e-14 2.0114e-16 1
6685.5 2.17138e-14 2.0114e-16 1
6687 2.15855e-14 2.0114e-16 1
6688.5 2.1529e-14 2.0114e-16 1
6690 2.11787e-14 2.0114e-16 1
6691.5 2.0956e-14 2.0114e-16 1
6693 2.07856e-14 2.0114e-16 1
6694.5 2.05568e-14 2.0114e-16 1
6696 2.0391e-14 2.0114e-16 1
6697.5 2.02668e-14 2.0114e-16 1
6699 2.00823e-14 2.0114e-16 1
6700.5 1.98209e-14 2.0114e-16 1
6702 1.97869e-14 2.0114e-16 1
6703.5 1.99217e-14 2.0114e-16 1
6705 1.97556e-14 2.0114e-16 1
6706.5 1.9459e-14 2.0114e-16 1
6708 1.93343e-14 2.0114e-16 1
6709.5 1.91993e-14 2.0114e-16 1
6711 1.87843e-14 2.0114e-16 1
6712.5 1.86829e-14 2.0114e-16 1
6714 1.87509e-14 2.0114e-16 1
6715.5 1.84574e-14 2.0114e-16 1
6717 1.82695e-14 2.0114e-16 1
6718.5 1.8117e-14 2.0114e-16 1
6720 1.80353e-14 2.0114e-16 1
6721.5 1.78385e-14 2.0114e-16 1
6723 1.74718e-14 2.0114e-16 1
6724.5 1.74994e-14 2.0114e-16 1
6726 1.74282e-14 2.0114e-16 1
6727.5 1.73319e-14 2.0114e-16 1
6729 1.76255e-14 2.0114e-16 1
6730.5 1.74594e-14 2.0114e-16 1
6732 1.72813e-14 2.0114e-16 1
6733.5 1.72961e-14 2.0114e-16 1
6735 1.6962e-14 2.0114e-16 1
6736.5 1.71796e-14 2.0114e-16 1
6738 1.69983e-14 2.0114e-16 1
6739.5 1.66023e-14 2.0114e-16 1
6741 1.66836e-14 2.0114e-16 1
6742.5 1.65551e-14 2.0114e-16 1
6744 1.67584e-14 2.0114e-16 1
6745.5 1.67094e-14 2.0114e-16 1
6747 1.62062e-14 2.0114e-16 1
6748.5 1.63759e-14 2.0114e-16 1
6750 1.63444e-14 2.0114e-16 1
6751.5 1.64051e-14 2.0114e-16 1
6753 1.62543e-14 2.0114e-16 1
6754.5 1.61062e-14 2.0114e-16 1
6756 1.62416e-14 2.0114e-16 1
6757.5 1.62139e-14 2.0114e-16 1
6759 1.59145e-14 2.0114e-16 1
6760.5 1.57791e-14 2.0114e-16 1
6762 1.57622e-14 2.0114e-16 1
6763.5 1.58166e-14 2.0114e-16 1
6765 1.57196e-14 2.0114e-16 1
6766.5 1.57182e-14 2.0114e-16 1
6768 1.59142e-14 2.0114e-16 1
6769.5 1.58487e-14 2.0114e-16 1
6771 1.56387e-14 2.0114e-16 1
6772.5 1.55292e-14 2.0114e-16 1
6774 1.54901e-14 2.0114e-16 1
6775.5 1.54028e-14 2.0114e-16 1
6777 1.5452e-14 2.0114e-16 1
6778.5 1.52084e-14 2.0114e-16 1
6780 1.50283e-14 2.0114e-16 1
6781.5 1.51963e-14 2.0114e-16 1
6783 1.51862e-14 2.0114e-16 1
6784.5 1.53334e-14 2.0114e-16 1
6786 1.53027e-14 2.0114e-16 1
6787.5 1.53679e-14 2.0114e-16 1
6789 1.5402e-14 2.0114e-16 1
6790.5 1.56226e-14 2.0114e-16 1
6792 1.55735e-14 2.0114e-16 1
6793.5 1.53259e-14 2.0114e-16 1
6795 1.51608e-14 2.0114e-16 1
6796.5 1.51696e-14 2.0114e-16 1
6798 1.52681e-14 2.0114e-16 1
6799.5 1.54897e-14 2.0114e-16 1
6801 1.54042e-14 2.0114e-16 1
6802.5 1.53802e-14 2.0114e-16 1
6804 1.55239e-14 2.0114e-16 1
6805.5 1.53464e-14 2.0114e-16 1
6807 1.52735e-14 2.0114e-16 1
6808.5 1.48184e-14 2.0114e-16 1
6810 1.4991e-14 2.0114e-16 1
6811.5 1.46727e-14 2.0114e-16 1
6813 1.46411e-14 2.0114e-16 1
6814.5 1.5173e-14 2.0114e-16 1
6816 1.50717e-14 2.0114e-16 1
6817.5 1.50515e-14 2.0114e-16 1
6819 1.50055e-14 2.0114e-16 1
6820.5 1.52983e-14 2.37591e-16 1
6822 1.4966e-14 2.37591e-16 1
6823.5 1.47784e-14 2.37591e-16 1
6825 1.47664e-14 2.37591e-16 1
6826.5 1.48081e-14 2.37591e-16 1
6828 1.48467e-14 2.37591e-16 1
6829.5 1.51107e-14 2.37591e-16 1
6831 1.49468e-14 2.37591e-16 1
6832.5 1.47207e-14 2.37591e-16 1
6834 1.49012e-14 2.37591e-16 1
6835.5 1.50256e-14 2.37591e-16 1
6837 1.52371e-14 2.37591e-16 1
6838.5 1.52143e-14 2.37591e-16 1
6840 1.51949e-14 2.37591e-16 1
6841.5 1.53458e-14 2.37591e-16 1
6843 1.54372e-14 2.37591e-16 1
6844.5 1.50769e-14 2.37591e-16 1
6846 1.49864e-14 2.37591e-16 1
6847.5 1.52335e-14 2.37591e-16 1
6849 1.49657e-14 2.37591e-16 1
6850.5 1.46942e-14 2.37591e-16 1
6852 1.48998e-14 2.37591e-16 1
6853.5 1.50425e-14 2.37591e-16 1
6855 1.50282e-14 2.37591e-16 1
6856.5 1.49742e-14 2.37591e-16 1
6858 1.49745e-14 2.37591e-16 1
6859.5 1.48917e-14 2.37591e-16 1
6861 1.49774e-14 2.37591e-16 1
6862.5 1.48979e-14 2.37591e-16 1
6864 1.50517e-14 2.37591e-16 1
6865.5 1.54004e-14 2.37591e-16 1
6867 1.5794e-14 2.37591e-16 1
6868.5 1.55412e-14 2.37591e-16 1
6870 1.5096e-14 2.37591e-16 1
6871.5 1.52759e-14 2.37591e-16 1
6873 1.51413e-14 2.37591e-16 1
6874.5 1.53077e-14 2.37591e-16 1
6876 1.53462e-14 2.37591e-16 1
6877.5 1.54079e-14 2.37591e-16 1
6879 1.5714e-14 2.37591e-16 1
6880.5 1.58566e-14 2.37591e-16 1
6882 1.56601e-14 2.37591e-16 1
6883.5 1.50105e-14 2.37591e-16 1
6885 1.49996e-14 2.37591e-16 1
6886.5 1.55293e-14 2.37591e-16 1
6888 1.61067e-14 2.37591e-16 1
6889.5 1.57822e-14 2.37591e-16 1
6891 1.58856e-14 2.37591e-16 1
6892.5 1.55915e-14 2.37591e-16 1
6894 1.54156e-14 2.37591e-16 1
6895.5 1.56775e-14 2.37591e-16 1
6897 1.57994e-14 2.37591e-16 1
6898.5 1.59675e-14 2.37591e-16 1
6900 1.56276e-14 2.37591e-16 1
6901.5 1.57429e-14 2.37591e-16 1
6903 1.60794e-14 2.37591e-16 1
6904.5 1.58777e-14 2.37591e-16 1
6906 1.57045e-14 2.37591e-16 1
6907.5 1.57963e-14 2.37591e-16 1
6909 1.58935e-14 2.37591e-16 1
6910.5 1.58981e-14 2.37591e-16 1
6912 1.60191e-14 2.37591e-16 1
6913.5 1.60119e-14 2.37591e-16 1
6915 1.59115e-14 2.37591e-16 1
6916.5 1.5987e-14 2.37591e-16 1
6918 1.62699e-14 2.37591e-16 1
6919.5 1.63845e-14 2.37591e-16 1
6921 1.61382e-14 2.92066e-16 1
6922.5 1.61656e-14 2.92066e-16 1
6924 1.6443e-14 2.92066e-16 1
6925.5 1.66642e-14 2.92066e-16 1
6927 1.66946e-14 2.92066e-16 1
6928.5 1.65904e-14 2.92066e-16 1
6930 1.68647e-14 2.92066e-16 1
6931.5 1.70795e-14 2.92066e-16 1
6933 1.69496e-14 2.92066e-16 1
6934.5 1.68533e-14 2.92066e-16 1
6936 1.71233e-14 2.92066e-16 1
6937.5 1.73769e-14 2.92066e-16 1
6939 1.73446e-14 2.92066e-16 1
6940.5 1.73992e-14 2.92066e-16 1
6942 1.75002e-14 2.92066e-16 1
6943.5 1.71329e-14 2.92066e-16 1
6945 1.66169e-14 2.92066e-16 1
6946.5 1.66947e-14 2.92066e-16 1
6948 1.69046e-14 2.92066e-16 1
6949.5 1.7097e-14 2.92066e-16 1
6951 1.70065e-14 2.92066e-16 1
6952.5 1.66684e-14 2.92066e-16 1
6954 1.67039e-14 2.92066e-16 1
6955.5 1.70998e-14 2.92066e-16 1
6957 1.70962e-14 2.92066e-16 1
6958.5 1.69092e-14 2.92066e-16 1
6960 1.71281e-14 2.92066e-16 1
6961.5 1.67561e-14 2.92066e-16 1
6963 1.62886e-14 2.92066e-16 1
6964.5 1.63252e-14 2.92066e-16 1
6966 1.63847e-14 2.92066e-16 1
6967.5 1.58669e-14 2.92066e-16 1
6969 1.55859e-14 2.92066e-16 1
6970.5 1.59604e-14 2.92066e-16 1
6972 1.59346e-14 2.92066e-16 1
6973.5 1.60752e-14 2.92066e-16 1
6975 1.62887e-14 2.92066e-16 1
6976.5 1.58998e-14 2.92066e-16 1
6978 1.57157e-14 2.92066e-16 1
6979.5 1.60721e-14 2.92066e-16 1
6981 1.61422e-14 2.92066e-16 1
6982.5 1.57695e-14 2.92066e-16 1
6984 1.61363e-14 2.92066e-16 1
6985.5 1.64464e-14 2.92066e-16 1
6987 1.57834e-14 2.92066e-16 1
6988.5 1.56625e-14 2.92066e-16 1
6990 1.57127e-14 2.92066e-16 1
6991.5 1.52863e-14 2.92066e-16 1
6993 1.53599e-14 2.92066e-16 1
6994.5 1.57203e-14 2.92066e-16 1
6996 1.57009e-14 2.92066e-16 1
6997.5 1.55757e-14 2.92066e-16 1
6999 1.55203e-14 2.92066e-16 1
7000.5 1.52479e-14 2.92066e-16 1
7002 1.51754e-14 2.92066e-16 1
7003.5 1.5524e-14 2.92066e-16 1
7005 1.54863e-14 2.92066e-16 1
7006.5 1.52535e-14 2.92066e-16 1
7008 1.49437e-14 2.92066e-16 1
7009.5 1.46319e-14 2.92066e-16 1
7011 1.49779e-14 2.92066e-16 1
7012.5 1.50471e-14 2.92066e-16 1
7014 1.51494e-14 2.92066e-16 1
7015.5 1.50594e-14 2.92066e-16 1
7017 1.46286e-14 2.92066e-16 1
7018.5 1.48893e-14 2.92066e-16 1
7020 1.48897e-14 2.81776e-16 1
7021.5 1.47905e-14 2.81776e-16 1
7023 1.47732e-14 2.81776e-16 1
7024.5 1.48931e-14 2.81776e-16 1
7026 1.48751e-14 2.81776e-16 1
7027.5 1.47195e-14 2.81776e-16 1
7029 1.45406e-14 2.81776e-16 1
7030.5 1.42876e-14 2.81776e-16 1
7032 1.41285e-14 2.81776e-16 1
7033.5 1.42391e-14 2.81776e-16 1
7035 1.48461e-14 2.81776e-16 1
7036.5 1.51754e-14 2.81776e-16 1
7038 1.50694e-14 2.81776e-16 1
7039.5 1.45215e-14 2.81776e-16 1
7041 1.44773e-14 2.81776e-16 1
7042.5 1.47853e-14 2.81776e-16 1
7044 1.49561e-14 2.81776e-16 1
7045.5 1.50664e-14 2.81776e-16 1
7047 1.49909e-14 2.81776e-16 1
7048.5 1.50599e-14 2.81776e-16 1
7050 1.5094e-14 2.81776e-16 1
7051.5 1.50083e-14 2.81776e-16 1
7053 1.48346e-14 2.81776e-16 1
7054.5 1.45372e-14 2.81776e-16 1
7056 1.45274e-14 2.81776e-16 1
7057.5 1.49658e-14 2.81776e-16 1
7059 1.49777e-14 2.81776e-16 1
7060.5 1.48095e-14 2.81776e-16 1
7062 1.49842e-14 2.81776e-16 1
7063.5 1.5109e-14 2.81776e-16 1
7065 1.51143e-14 2.81776e-16 1
7066.5 1.50838e-14 2.81776e-16 1
7068 1.52157e-14 2.81776e-16 1
7069.5 1.49393e-14 2.81776e-16 1
7071 1.44474e-14 2.81776e-16 1
7072.5 1.46849e-14 2.81776e-16 1
7074 1.51773e-14 2.81776e-16 1
7075.5 1.54811e-14 2.81776e-16 1
7077 1.54639e-14 2.81776e-16 1
7078.5 1.50227e-14 2.81776e-16 1
7080 1.48643e-14 2.81776e-16 1
7081.5 1.51691e-14 2.81776e-16 1
7083 1.52039e-14 2.81776e-16 1
7084.5 1.49128e-14 2.81776e-16 1
7086 1.48749e-14 2.81776e-16 1
7087.5 1.54727e-14 2.81776e-16 1
7089 1.59271e-14 2.81776e-16 1
7090.5 1.5494e-14 2.81776e-16 1
7092 1.55242e-14 2.81776e-16 1
7093.5 1.52447e-14 2.81776e-16 1
7095 1.51498e-14 2.81776e-16 1
7096.5 1.5262e-14 2.81776e-16 1
7098 1.57653e-14 2.81776e-16 1
7099.5 1.53588e-14 2.81776e-16 1
7101 1.51139e-14 2.81776e-16 1
7102.5 1.56264e-14 2.81776e-16 1
7104 1.53421e-14 2.81776e-16 1
7105.5 1.56984e-14 2.81776e-16 1
7107 1.59683e-14 2.81776e-16 1
7108.5 1.60037e-14 2.81776e-16 1
7110 1.56479e-14 2.81776e-16 1
7111.5 1.56901e-14 2.81776e-16 1
7113 1.60105e-14 2.81776e-16 1
7114.5 1.60448e-14 2.81776e-16 1
7116 1.61746e-14 2.81776e-16 1
7117.5 1.61913e-14 2.81776e-16 1
7119 1.61194e-14 2.81776e-16 1
7120.5 1.62857e-14 7.50864e-16 1
7122 1.624e-14 7.50864e-16 1
7123.5 1.64219e-14 7.50864e-16 1
7125 1.60483e-14 7.50864e-16 1
7126.5 1.59686e-14 7.50864e-16 1
7128 1.61746e-14 7.50864e-16 1
7129.5 1.67125e-14 7.50864e-16 1
7131 1.70008e-14 7.50864e-16 1
7132.5 1.70117e-14 7.50864e-16 1
7134 1.71681e-14 7.50864e-16 1
7135.5 1.73862e-14 7.50864e-16 1
7137 1.73331e-14 7.50864e-16 1
7138.5 1.73495e-14 7.50864e-16 1
7140 1.7251e-14 7.50864e-16 1
7141.5 1.73213e-14 7.50864e-16 1
7143 1.76112e-14 7.50864e-16 1
7144.5 1.76742e-14 7.50864e-16 1
7146 1.77764e-14 7.50864e-16 1
7147.5 1.79474e-14 7.50864e-16 1
7149 1.80477e-14 7.50864e-16 1
7150.5 1.79724e-14 7.50864e-16 1
7152 1.77702e-14 7.50864e-16 1
7153.5 1.75423e-14 7.50864e-16 1
7155 1.79175e-14 7.50864e-16 1
7156.5 1.84311e-14 7.50864e-16 1
7158 1.85043e-14 7.50864e-16 1
7159.5 1.82714e-14 7.50864e-16 1
7161 1.79835e-14 7.50864e-16 1
7162.5 1.82474e-14 7.50864e-16 1
7164 1.90643e-14 7.50864e-16 1
7165.5 1.95742e-14 7.50864e-16 1
7167 1.9591e-14 7.50864e-16 1
7168.5 1.94853e-14 7.50864e-16 1
7170 1.92875e-14 7.50864e-16 1
7171.5 2.06224e-14 7.50864e-16 1
7173 2.23346e-14 7.50864e-16 1
7174.5 2.14768e-14 7.50864e-16 1
7176 2.05862e-14 7.50864e-16 1
7177.5 2.11954e-14 7.50864e-16 1
7179 2.16645e-14 7.50864e-16 1
7180.5 2.17732e-14 7.50864e-16 1
7182 2.13905e-14 7.50864e-16 1
7183.5 2.15949e-14 7.50864e-16 1
7185 2.18773e-14 7.50864e-16 1
7186.5 2.20527e-14 7.50864e-16 1
7188 2.13619e-14 7.50864e-16 1
7189.5 2.14321e-14 7.50864e-16 1
7191 2.18178e-14 7.50864e-16 1
7192.5 2.14661e-14 7.50864e-16 1
7194 2.14524e-14 7.50864e-16 1
7195.5 2.19687e-14 7.50864e-16 1
7197 2.2349e-14 7.50864e-16 1
7198.5 2.27789e-14 7.50864e-16 1
7200 2.26757e-14 7.50864e-16 1
7201.5 2.19196e-14 7.50864e-16 1
7203 2.17835e-14 7.50864e-16 1
7204.5 2.17686e-14 7.50864e-16 1
7206 2.19307e-14 7.50864e-16 1
7207.5 2.22183e-14 7.50864e-16 1
7209 2.17439e-14 7.50864e-16 1
7210.5 2.09401e-14 7.50864e-16 1
7212 2.06318e-14 7.50864e-16 1
7213.5 2.08038e-14 7.50864e-16 1
7215 2.12147e-14 7.50864e-16 1
7216.5 2.1534e-14 7.50864e-16 1
7218 2.16372e-14 7.50864e-16 1
7219.5 2.13974e-14 7.50864e-16 1
7221 2.15315e-14 5.65009e-16 1
7222.5 2.20634e-14 5.65009e-16 1
7224 2.22191e-14 5.65009e-16 1
7225.5 2.19356e-14 5.65009e-16 1
7227 2.1812e-14 5.65009e-16 1
7228.5 2.21244e-14 5.65009e-16 1
7230 2.21346e-14 5.65009e-16 1
7231.5 2.20501e-14 5.65009e-16 1
7233 2.27726e-14 5.65009e-16 1
7234.5 2.29748e-14 5.65009e-16 1
7236 2.26583e-14 5.65009e-16 1
7237.5 2.25905e-14 5.65009e-16 1
7239 2.30583e-14 5.65009e-16 1
7240.5 2.41358e-14 5.65009e-16 1
7242 2.34185e-14 5.65009e-16 1
7243.5 2.19564e-14 5.65009e-16 1
7245 2.16914e-14 5.65009e-16 1
7246.5 2.28355e-14 5.65009e-16 1
7248 2.33095e-14 5.65009e-16 1
7249.5 2.31049e-14 5.65009e-16 1
7251 2.29433e-14 5.65009e-16 1
7252.5 2.2265e-14 5.65009e-16 1
7254 2.25727e-14 5.65009e-16 1
7255.5 2.27386e-14 5.65009e-16 1
7257 2.21965e-14 5.65009e-16 1
7258.5 2.25015e-14 5.65009e-16 1
7260 2.36933e-14 5.65009e-16 1
7261.5 2.42756e-14 5.65009e-16 1
7263 2.39004e-14 5.65009e-16 1
7264.5 2.33697e-14 5.65009e-16 1
7266 2.27987e-14 5.65009e-16 1
7267.5 2.24029e-14 5.65009e-16 1
7269 2.25637e-14 5.65009e-16 1
7270.5 2.23659e-14 5.65009e-16 1
7272 2.1837e-14 5.65009e-16 1
7273.5 2.18372e-14 5.65009e-16 1
7275 2.21116e-14 5.65009e-16 1
7276.5 2.21689e-14 5.65009e-16 1
7278 2.20149e-14 5.65009e-16 1
7279.5 2.20719e-14 5.65009e-16 1
7281 2.16599e-14 5.65009e-16 1
7282.5 2.10066e-14 5.65009e-16 1
7284 2.10173e-14 5.65009e-16 1
7285.5 2.12615e-14 5.65009e-16 1
7287 2.15102e-14 5.65009e-16 1
7288.5 2.18876e-14 5.65009e-16 1
7290 2.18161e-14 5.65009e-16 1
7291.5 2.14475e-14 5.65009e-16 1
7293 2.15066e-14 5.65009e-16 1
7294.5 2.12176e-14 5.65009e-16 1
7296 2.0379e-14 5.65009e-16 1
7297.5 2.03574e-14 5.65009e-16 1
7299 2.08815e-14 5.65009e-16 1
7300.5 2.0755e-14 5.65009e-16 1
7302 2.04001e-14 5.65009e-16 1
7303.5 2.03136e-14 5.65009e-16 1
7305 2.04385e-14 5.65009e-16 1
7306.5 2.06199e-14 5.65009e-16 1
7308 2.10608e-14 5.65009e-16 1
7309.5 2.14724e-14 5.65009e-16 1
7311 2.08698e-14 5.65009e-16 1
7312.5 2.0476e-14 5.65009e-16 1
7314 2.0246e-14 5.65009e-16 1
7315.5 1.9751e-14 5.65009e-16 1
7317 1.99346e-14 5.65009e-16 1
7318.5 1.99469e-14 5.65009e-16 1
7320 1.97672e-14 4.77434e-16 1
7321.5 1.96855e-14 4.77434e-16 1
7323 1.96715e-14 4.77434e-16 1
7324.5 2.03219e-14 4.77434e-16 1
7326 1.9699e-14 4.77434e-16 1
7327.5 1.9563e-14 4.77434e-16 1
7329 2.02058e-14 4.77434e-16 1
7330.5 2.04309e-14 4.77434e-16 1
7332 2.05792e-14 4.77434e-16 1
7333.5 2.05914e-14 4.77434e-16 1
7335 2.07848e-14 4.77434e-16 1
7336.5 2.06835e-14 4.77434e-16 1
7338 2.05968e-14 4.77434e-16 1
7339.5 2.01962e-14 4.77434e-16 1
7341 1.9692e-14 4.77434e-16 1
7342.5 2.02108e-14 4.77434e-16 1
7344 2.08699e-14 4.77434e-16 1
7345.5 2.0671e-14 4.77434e-16 1
7347 2.01472e-14 4.77434e-16 1
7348.5 2.01554e-14 4.77434e-16 1
7350 2.03517e-14 4.77434e-16 1
7351.5 2.04363e-14 4.77434e-16 1
7353 2.06006e-14 4.77434e-16 1
7354.5 2.06906e-14 4.77434e-16 1
7356 2.03495e-14 4.77434e-16 1
7357.5 2.02921e-14 4.77434e-16 1
7359 2.07158e-14 4.77434e-16 1
7360.5 2.09917e-14 4.77434e-16 1
7362 2.07761e-14 4.77434e-16 1
7363.5 2.08935e-14 4.77434e-16 1
7365 2.12518e-14 4.77434e-16 1
7366.5 2.12778e-14 4.77434e-16 1
7368 2.12623e-14 4.77434e-16 1
7369.5 2.122e-14 4.77434e-16 1
7371 2.15693e-14 4.77434e-16 1
7372.5 2.18002e-14 4.77434e-16 1
7374 2.16312e-14 4.77434e-16 1
7375.5 2.18725e-14 4.77434e-16 1
7377 2.20764e-14 4.77434e-16 1
7378.5 2.20772e-14 4.77434e-16 1
7380 2.18647e-14 4.77434e-16 1
7381.5 2.15279e-14 4.77434e-16 1
7383 2.168e-14 4.77434e-16 1
7384.5 2.24699e-14 4.77434e-16 1
7386 2.30402e-14 4.77434e-16 1
7387.5 2.28958e-14 4.77434e-16 1
7389 2.2442e-14 4.77434e-16 1
7390.5 2.22643e-14 4.77434e-16 1
7392 2.22941e-14 4.77434e-16 1
7393.5 2.30695e-14 4.77434e-16 1
7395 2.42214e-14 4.77434e-16 1
7396.5 2.44215e-14 4.77434e-16 1
7398 2.36665e-14 4.77434e-16 1
7399.5 2.29913e-14 4.77434e-16 1
7401 2.31259e-14 4.77434e-16 1
7402.5 2.39097e-14 4.77434e-16 1
7404 2.52617e-14 4.77434e-16 1
7405.5 2.51269e-14 4.77434e-16 1
7407 2.47617e-14 4.77434e-16 1
7408.5 2.40357e-14 4.77434e-16 1
7410 2.37014e-14 4.77434e-16 1
7411.5 2.38156e-14 4.77434e-16 1
7413 2.36677e-14 4.77434e-16 1
7414.5 2.3361e-14 4.77434e-16 1
7416 2.37944e-14 4.77434e-16 1
7417.5 2.43287e-14 4.77434e-16 1
7419 2.44106e-14 4.77434e-16 1
7420.5 2.40758e-14 2.32002e-16 1
7422 2.39568e-14 2.32002e-16 1
7423.5 2.43394e-14 2.32002e-16 1
7425 2.44963e-14 2.32002e-16 1
7426.5 2.43091e-14 2.32002e-16 1
7428 2.40994e-14 2.32002e-16 1
7429.5 2.44316e-14 2.32002e-16 1
7431 2.48012e-14 2.32002e-16 1
7432.5 2.48464e-14 2.32002e-16 1
7434 2.48969e-14 2.32002e-16 1
7435.5 2.48944e-14 2.32002e-16 1
7437 2.46111e-14 2.32002e-16 1
7438.5 2.43673e-14 2.32002e-16 1
7440 2.44798e-14 2.32002e-16 1
7441.5 2.45482e-14 2.32002e-16 1
7443 2.45079e-14 2.32002e-16 1
7444.5 2.44634e-14 2.32002e-16 1
7446 2.46689e-14 2.32002e-16 1
7447.5 2.4732e-14 2.32002e-16 1
7449 2.47879e-14 2.32002e-16 1
7450.5 2.46466e-14 2.32002e-16 1
7452 2.47079e-14 2.32002e-16 1
7453.5 2.48008e-14 2.32002e-16 1
7455 2.40835e-14 2.32002e-16 1
7456.5 2.40297e-14 2.32002e-16 1
7458 2.39803e-14 2.32002e-16 1
7459.5 2.41346e-14 2.32002e-16 1
7461 2.38676e-14 2.32002e-16 1
7462.5 2.41296e-14 2.32002e-16 1
7464 2.43326e-14 2.32002e-16 1
7465.5 2.41285e-14 2.32002e-16 1
7467 2.36925e-14 2.32002e-16 1
7468.5 2.3514e-14 2.32002e-16 1
7470 2.34437e-14 2.32002e-16 1
7471.5 2.33377e-14 2.32002e-16 1
7473 2.32918e-14 2.32002e-16 1
7474.5 2.2882e-14 2.32002e-16 1
7476 2.27507e-14 2.32002e-16 1
7477.5 2.27066e-14 2.32002e-16 1
7479 2.26704e-14 2.32002e-16 1
7480.5 2.23549e-14 2.32002e-16 1
7482 2.21065e-14 2.32002e-16 1
7483.5 2.20244e-14 2.32002e-16 1
7485 2.20541e-14 2.32002e-16 1
7486.5 2.15791e-14 2.32002e-16 1
7488 2.1461e-14 2.32002e-16 1
7489.5 2.09642e-14 2.32002e-16 1
7491 2.09809e-14 2.32002e-16 1
7492.5 2.10707e-14 2.32002e-16 1
7494 2.08851e-14 2.32002e-16 1
7495.5 2.05035e-14 2.32002e-16 1
7497 2.02721e-14 2.32002e-16 1
7498.5 1.98671e-14 2.32002e-16 1
7500 1.96371e-14 2.32002e-16 1
7501.5 1.96682e-14 2.32002e-16 1
7503 1.96928e-14 2.32002e-16 1
7504.5 1.96375e-14 2.32002e-16 1
7506 1.95622e-14 2.32002e-16 1
7507.5 1.93444e-14 2.32002e-16 1
7509 1.92572e-14 2.32002e-16 1
7510.5 1.89978e-14 2.32002e-16 1
7512 1.88133e-14 2.32002e-16 1
7513.5 1.8776e-14 2.32002e-16 1
7515 1.86924e-14 2.32002e-16 1
7516.5 1.84945e-14 2.32002e-16 1
7518 1.84681e-14 2.32002e-16 1
7519.5 1.83519e-14 2.32002e-16 1
7521 1.82245e-14 2.32002e-16 1
7522.5 1.82939e-14 2.32002e-16 1
7524 1.83004e-14 2.32002e-16 1
7525.5 1.81207e-14 2.32002e-16 1
7527 1.77646e-14 2.32002e-16 1
7528.5 1.76686e-14 2.32002e-16 1
7530 1.72621e-14 2.32002e-16 1
7531.5 1.72018e-14 2.32002e-16 1
7533 1.71355e-14 2.32002e-16 1
7534.5 1.74782e-14 2.32002e-16 1
7536 1.73375e-14 2.32002e-16 1
7537.5 1.72121e-14 2.32002e-16 1
7539 1.67722e-14 2.32002e-16 1
7540.5 1.61109e-14 2.32002e-16 1
