# converted by J. Guy, 2010-10-18
# from Matheson et al. 2008AJ....135.1598M
@Redshift 0.01012
@FORMAT STD
@Date 50777
@SELECTED_FOR_SNLS3_TRAINING 1
@SN sn1997do
@SURVEY CFA_LOWZ_SPEC
@Source Matheson
#WAVE : wavelength, observer frame, in A
#FLUX : erg/s/cm2/A
#ERR  : statistical uncertainty on flux
#VALID : 1=ok 0=ignore
#end
3720 2.53505e-15 1.61953e-16 1
3721.5 2.36444e-15 1.61953e-16 1
3723 2.40851e-15 1.61953e-16 1
3724.5 2.50382e-15 1.61953e-16 1
3726 2.63921e-15 1.61953e-16 1
3727.5 2.46827e-15 1.61953e-16 1
3729 2.3559e-15 1.61953e-16 1
3730.5 2.39288e-15 1.61953e-16 1
3732 2.2345e-15 1.61953e-16 1
3733.5 2.20446e-15 1.61953e-16 1
3735 2.3216e-15 1.61953e-16 1
3736.5 2.23272e-15 1.61953e-16 1
3738 2.31546e-15 1.61953e-16 1
3739.5 2.21187e-15 1.61953e-16 1
3741 1.9929e-15 1.61953e-16 1
3742.5 1.87523e-15 1.61953e-16 1
3744 1.86675e-15 1.61953e-16 1
3745.5 1.96486e-15 1.61953e-16 1
3747 2.02441e-15 1.61953e-16 1
3748.5 2.11881e-15 1.61953e-16 1
3750 1.9328e-15 1.61953e-16 1
3751.5 1.89285e-15 1.61953e-16 1
3753 1.818e-15 1.61953e-16 1
3754.5 1.93771e-15 1.61953e-16 1
3756 2.02474e-15 1.61953e-16 1
3757.5 1.97565e-15 1.61953e-16 1
3759 1.92703e-15 1.61953e-16 1
3760.5 1.84362e-15 1.61953e-16 1
3762 2.04071e-15 1.61953e-16 1
3763.5 2.3377e-15 1.61953e-16 1
3765 2.35986e-15 1.61953e-16 1
3766.5 2.46975e-15 1.61953e-16 1
3768 2.44463e-15 1.61953e-16 1
3769.5 2.13387e-15 1.61953e-16 1
3771 2.19922e-15 1.61953e-16 1
3772.5 2.14822e-15 1.61953e-16 1
3774 1.9182e-15 1.61953e-16 1
3775.5 1.87415e-15 1.61953e-16 1
3777 1.91777e-15 1.61953e-16 1
3778.5 1.85101e-15 1.61953e-16 1
3780 1.83864e-15 1.61953e-16 1
3781.5 1.76957e-15 1.61953e-16 1
3783 1.90965e-15 1.61953e-16 1
3784.5 1.91894e-15 1.61953e-16 1
3786 1.61205e-15 1.61953e-16 1
3787.5 1.75127e-15 1.61953e-16 1
3789 1.89462e-15 1.61953e-16 1
3790.5 2.06015e-15 1.61953e-16 1
3792 2.1734e-15 1.61953e-16 1
3793.5 2.10882e-15 1.61953e-16 1
3795 2.09573e-15 1.61953e-16 1
3796.5 2.0534e-15 1.61953e-16 1
3798 2.0042e-15 1.61953e-16 1
3799.5 2.17171e-15 1.61953e-16 1
3801 2.18904e-15 1.61953e-16 1
3802.5 1.99709e-15 1.61953e-16 1
3804 2.21045e-15 1.61953e-16 1
3805.5 2.26543e-15 1.61953e-16 1
3807 2.20861e-15 1.61953e-16 1
3808.5 2.31484e-15 1.61953e-16 1
3810 2.30047e-15 1.61953e-16 1
3811.5 2.22273e-15 1.61953e-16 1
3813 2.32419e-15 1.61953e-16 1
3814.5 2.26999e-15 1.61953e-16 1
3816 2.44069e-15 1.61953e-16 1
3817.5 2.46326e-15 1.61953e-16 1
3819 2.55525e-15 1.61953e-16 1
3820.5 2.52169e-15 1.48281e-16 1
3822 2.53476e-15 1.48281e-16 1
3823.5 2.63259e-15 1.48281e-16 1
3825 2.63273e-15 1.48281e-16 1
3826.5 2.59571e-15 1.48281e-16 1
3828 2.65142e-15 1.48281e-16 1
3829.5 2.85247e-15 1.48281e-16 1
3831 2.88785e-15 1.48281e-16 1
3832.5 2.83246e-15 1.48281e-16 1
3834 2.81881e-15 1.48281e-16 1
3835.5 2.81495e-15 1.48281e-16 1
3837 2.93202e-15 1.48281e-16 1
3838.5 2.95566e-15 1.48281e-16 1
3840 3.08278e-15 1.48281e-16 1
3841.5 3.19331e-15 1.48281e-16 1
3843 3.17276e-15 1.48281e-16 1
3844.5 3.15039e-15 1.48281e-16 1
3846 3.19267e-15 1.48281e-16 1
3847.5 3.35673e-15 1.48281e-16 1
3849 3.52314e-15 1.48281e-16 1
3850.5 3.51348e-15 1.48281e-16 1
3852 3.59098e-15 1.48281e-16 1
3853.5 3.91232e-15 1.48281e-16 1
3855 3.73437e-15 1.48281e-16 1
3856.5 3.76163e-15 1.48281e-16 1
3858 4.02155e-15 1.48281e-16 1
3859.5 4.03481e-15 1.48281e-16 1
3861 4.0604e-15 1.48281e-16 1
3862.5 4.06489e-15 1.48281e-16 1
3864 4.14798e-15 1.48281e-16 1
3865.5 4.37698e-15 1.48281e-16 1
3867 4.58498e-15 1.48281e-16 1
3868.5 4.60156e-15 1.48281e-16 1
3870 4.65372e-15 1.48281e-16 1
3871.5 4.92046e-15 1.48281e-16 1
3873 5.03197e-15 1.48281e-16 1
3874.5 5.0909e-15 1.48281e-16 1
3876 5.07455e-15 1.48281e-16 1
3877.5 4.99786e-15 1.48281e-16 1
3879 5.07987e-15 1.48281e-16 1
3880.5 5.44768e-15 1.48281e-16 1
3882 5.7234e-15 1.48281e-16 1
3883.5 5.68088e-15 1.48281e-16 1
3885 5.71602e-15 1.48281e-16 1
3886.5 5.80439e-15 1.48281e-16 1
3888 5.9848e-15 1.48281e-16 1
3889.5 6.20612e-15 1.48281e-16 1
3891 6.34857e-15 1.48281e-16 1
3892.5 6.52093e-15 1.48281e-16 1
3894 6.64875e-15 1.48281e-16 1
3895.5 6.69017e-15 1.48281e-16 1
3897 6.73058e-15 1.48281e-16 1
3898.5 6.71017e-15 1.48281e-16 1
3900 6.74548e-15 1.48281e-16 1
3901.5 6.84324e-15 1.48281e-16 1
3903 6.9288e-15 1.48281e-16 1
3904.5 7.01323e-15 1.48281e-16 1
3906 7.15554e-15 1.48281e-16 1
3907.5 7.22334e-15 1.48281e-16 1
3909 7.39778e-15 1.48281e-16 1
3910.5 7.51437e-15 1.48281e-16 1
3912 7.32297e-15 1.48281e-16 1
3913.5 7.34198e-15 1.48281e-16 1
3915 7.6333e-15 1.48281e-16 1
3916.5 7.61488e-15 1.48281e-16 1
3918 7.44969e-15 1.48281e-16 1
3919.5 7.45989e-15 1.48281e-16 1
3921 7.37527e-15 3.66771e-16 1
3922.5 7.35487e-15 3.66771e-16 1
3924 7.72445e-15 3.66771e-16 1
3925.5 7.65723e-15 3.66771e-16 1
3927 7.55824e-15 3.66771e-16 1
3928.5 7.5264e-15 3.66771e-16 1
3930 7.56589e-15 3.66771e-16 1
3931.5 7.54403e-15 3.66771e-16 1
3933 7.32856e-15 3.66771e-16 1
3934.5 7.5528e-15 3.66771e-16 1
3936 7.85824e-15 3.66771e-16 1
3937.5 7.99885e-15 3.66771e-16 1
3939 8.08105e-15 3.66771e-16 1
3940.5 7.88406e-15 3.66771e-16 1
3942 8.08199e-15 3.66771e-16 1
3943.5 8.40548e-15 3.66771e-16 1
3945 8.0998e-15 3.66771e-16 1
3946.5 8.04878e-15 3.66771e-16 1
3948 7.95e-15 3.66771e-16 1
3949.5 8.26967e-15 3.66771e-16 1
3951 8.40241e-15 3.66771e-16 1
3952.5 8.33992e-15 3.66771e-16 1
3954 8.33504e-15 3.66771e-16 1
3955.5 8.5009e-15 3.66771e-16 1
3957 8.60924e-15 3.66771e-16 1
3958.5 8.75459e-15 3.66771e-16 1
3960 8.68527e-15 3.66771e-16 1
3961.5 8.77123e-15 3.66771e-16 1
3963 8.67638e-15 3.66771e-16 1
3964.5 8.49946e-15 3.66771e-16 1
3966 8.6884e-15 3.66771e-16 1
3967.5 8.4933e-15 3.66771e-16 1
3969 8.3185e-15 3.66771e-16 1
3970.5 8.40917e-15 3.66771e-16 1
3972 8.28309e-15 3.66771e-16 1
3973.5 8.12793e-15 3.66771e-16 1
3975 8.24222e-15 3.66771e-16 1
3976.5 8.11981e-15 3.66771e-16 1
3978 8.02197e-15 3.66771e-16 1
3979.5 8.28499e-15 3.66771e-16 1
3981 8.26697e-15 3.66771e-16 1
3982.5 7.96009e-15 3.66771e-16 1
3984 7.97385e-15 3.66771e-16 1
3985.5 8.10517e-15 3.66771e-16 1
3987 7.9377e-15 3.66771e-16 1
3988.5 7.76423e-15 3.66771e-16 1
3990 7.69828e-15 3.66771e-16 1
3991.5 7.69004e-15 3.66771e-16 1
3993 7.73552e-15 3.66771e-16 1
3994.5 7.69376e-15 3.66771e-16 1
3996 7.46281e-15 3.66771e-16 1
3997.5 7.31799e-15 3.66771e-16 1
3999 7.10862e-15 3.66771e-16 1
4000.5 7.04119e-15 3.66771e-16 1
4002 6.87867e-15 3.66771e-16 1
4003.5 6.61172e-15 3.66771e-16 1
4005 6.4904e-15 3.66771e-16 1
4006.5 6.20514e-15 3.66771e-16 1
4008 6.05673e-15 3.66771e-16 1
4009.5 6.08961e-15 3.66771e-16 1
4011 6.261e-15 3.66771e-16 1
4012.5 6.16593e-15 3.66771e-16 1
4014 6.0295e-15 3.66771e-16 1
4015.5 6.04354e-15 3.66771e-16 1
4017 6.12579e-15 3.66771e-16 1
4018.5 5.94036e-15 3.66771e-16 1
4020 5.75802e-15 2.39162e-16 1
4021.5 5.82002e-15 2.39162e-16 1
4023 5.63305e-15 2.39162e-16 1
4024.5 5.54778e-15 2.39162e-16 1
4026 5.73444e-15 2.39162e-16 1
4027.5 5.73871e-15 2.39162e-16 1
4029 5.7259e-15 2.39162e-16 1
4030.5 5.51817e-15 2.39162e-16 1
4032 5.51462e-15 2.39162e-16 1
4033.5 5.46081e-15 2.39162e-16 1
4035 5.53928e-15 2.39162e-16 1
4036.5 5.55872e-15 2.39162e-16 1
4038 5.51629e-15 2.39162e-16 1
4039.5 5.51662e-15 2.39162e-16 1
4041 5.45937e-15 2.39162e-16 1
4042.5 5.30214e-15 2.39162e-16 1
4044 5.27497e-15 2.39162e-16 1
4045.5 5.50947e-15 2.39162e-16 1
4047 5.43809e-15 2.39162e-16 1
4048.5 5.24616e-15 2.39162e-16 1
4050 5.34065e-15 2.39162e-16 1
4051.5 5.29068e-15 2.39162e-16 1
4053 5.31846e-15 2.39162e-16 1
4054.5 5.44967e-15 2.39162e-16 1
4056 5.41066e-15 2.39162e-16 1
4057.5 5.41468e-15 2.39162e-16 1
4059 5.40028e-15 2.39162e-16 1
4060.5 5.45088e-15 2.39162e-16 1
4062 5.66752e-15 2.39162e-16 1
4063.5 5.7225e-15 2.39162e-16 1
4065 5.5946e-15 2.39162e-16 1
4066.5 5.53586e-15 2.39162e-16 1
4068 5.69605e-15 2.39162e-16 1
4069.5 5.67951e-15 2.39162e-16 1
4071 5.52631e-15 2.39162e-16 1
4072.5 5.52879e-15 2.39162e-16 1
4074 5.42974e-15 2.39162e-16 1
4075.5 5.42701e-15 2.39162e-16 1
4077 5.37702e-15 2.39162e-16 1
4078.5 5.28077e-15 2.39162e-16 1
4080 5.13431e-15 2.39162e-16 1
4081.5 5.26997e-15 2.39162e-16 1
4083 5.3655e-15 2.39162e-16 1
4084.5 5.26448e-15 2.39162e-16 1
4086 5.21639e-15 2.39162e-16 1
4087.5 5.06241e-15 2.39162e-16 1
4089 5.07646e-15 2.39162e-16 1
4090.5 5.17806e-15 2.39162e-16 1
4092 5.09009e-15 2.39162e-16 1
4093.5 5.08418e-15 2.39162e-16 1
4095 5.07638e-15 2.39162e-16 1
4096.5 5.08967e-15 2.39162e-16 1
4098 5.16596e-15 2.39162e-16 1
4099.5 5.10486e-15 2.39162e-16 1
4101 5.11248e-15 2.39162e-16 1
4102.5 5.04395e-15 2.39162e-16 1
4104 5.08941e-15 2.39162e-16 1
4105.5 5.13781e-15 2.39162e-16 1
4107 5.14681e-15 2.39162e-16 1
4108.5 5.01122e-15 2.39162e-16 1
4110 5.04663e-15 2.39162e-16 1
4111.5 5.15664e-15 2.39162e-16 1
4113 5.17337e-15 2.39162e-16 1
4114.5 5.21566e-15 2.39162e-16 1
4116 5.167e-15 2.39162e-16 1
4117.5 5.07288e-15 2.39162e-16 1
4119 5.06513e-15 2.39162e-16 1
4120.5 5.20311e-15 1.71802e-16 1
4122 5.35472e-15 1.71802e-16 1
4123.5 5.27627e-15 1.71802e-16 1
4125 5.25723e-15 1.71802e-16 1
4126.5 5.33091e-15 1.71802e-16 1
4128 5.39609e-15 1.71802e-16 1
4129.5 5.4671e-15 1.71802e-16 1
4131 5.43213e-15 1.71802e-16 1
4132.5 5.43274e-15 1.71802e-16 1
4134 5.42439e-15 1.71802e-16 1
4135.5 5.39816e-15 1.71802e-16 1
4137 5.56725e-15 1.71802e-16 1
4138.5 5.55536e-15 1.71802e-16 1
4140 5.44253e-15 1.71802e-16 1
4141.5 5.34142e-15 1.71802e-16 1
4143 5.47723e-15 1.71802e-16 1
4144.5 5.40082e-15 1.71802e-16 1
4146 5.42668e-15 1.71802e-16 1
4147.5 5.50525e-15 1.71802e-16 1
4149 5.47616e-15 1.71802e-16 1
4150.5 5.47222e-15 1.71802e-16 1
4152 5.49272e-15 1.71802e-16 1
4153.5 5.53136e-15 1.71802e-16 1
4155 5.55704e-15 1.71802e-16 1
4156.5 5.67266e-15 1.71802e-16 1
4158 5.83013e-15 1.71802e-16 1
4159.5 5.65713e-15 1.71802e-16 1
4161 5.72756e-15 1.71802e-16 1
4162.5 5.69651e-15 1.71802e-16 1
4164 5.87023e-15 1.71802e-16 1
4165.5 5.88853e-15 1.71802e-16 1
4167 5.82369e-15 1.71802e-16 1
4168.5 6.08993e-15 1.71802e-16 1
4170 6.10245e-15 1.71802e-16 1
4171.5 6.16035e-15 1.71802e-16 1
4173 6.18923e-15 1.71802e-16 1
4174.5 6.24035e-15 1.71802e-16 1
4176 6.07657e-15 1.71802e-16 1
4177.5 6.25693e-15 1.71802e-16 1
4179 6.39091e-15 1.71802e-16 1
4180.5 6.26134e-15 1.71802e-16 1
4182 6.47644e-15 1.71802e-16 1
4183.5 6.53809e-15 1.71802e-16 1
4185 6.42615e-15 1.71802e-16 1
4186.5 6.32194e-15 1.71802e-16 1
4188 6.37192e-15 1.71802e-16 1
4189.5 6.35077e-15 1.71802e-16 1
4191 6.36144e-15 1.71802e-16 1
4192.5 6.5116e-15 1.71802e-16 1
4194 6.52434e-15 1.71802e-16 1
4195.5 6.37951e-15 1.71802e-16 1
4197 6.20422e-15 1.71802e-16 1
4198.5 6.1542e-15 1.71802e-16 1
4200 6.17955e-15 1.71802e-16 1
4201.5 6.21793e-15 1.71802e-16 1
4203 6.2216e-15 1.71802e-16 1
4204.5 6.21864e-15 1.71802e-16 1
4206 6.30723e-15 1.71802e-16 1
4207.5 6.25184e-15 1.71802e-16 1
4209 6.20521e-15 1.71802e-16 1
4210.5 6.24388e-15 1.71802e-16 1
4212 6.15002e-15 1.71802e-16 1
4213.5 6.0301e-15 1.71802e-16 1
4215 6.03797e-15 1.71802e-16 1
4216.5 6.15069e-15 1.71802e-16 1
4218 6.16649e-15 1.71802e-16 1
4219.5 6.03981e-15 1.71802e-16 1
4221 5.97263e-15 1.45369e-16 1
4222.5 5.92877e-15 1.45369e-16 1
4224 5.89911e-15 1.45369e-16 1
4225.5 6.04749e-15 1.45369e-16 1
4227 6.08253e-15 1.45369e-16 1
4228.5 6.09699e-15 1.45369e-16 1
4230 6.10185e-15 1.45369e-16 1
4231.5 6.02827e-15 1.45369e-16 1
4233 6.05946e-15 1.45369e-16 1
4234.5 6.04042e-15 1.45369e-16 1
4236 6.21045e-15 1.45369e-16 1
4237.5 6.24683e-15 1.45369e-16 1
4239 6.18229e-15 1.45369e-16 1
4240.5 6.14217e-15 1.45369e-16 1
4242 6.06905e-15 1.45369e-16 1
4243.5 6.12803e-15 1.45369e-16 1
4245 6.12896e-15 1.45369e-16 1
4246.5 6.21557e-15 1.45369e-16 1
4248 6.30588e-15 1.45369e-16 1
4249.5 6.26967e-15 1.45369e-16 1
4251 6.17676e-15 1.45369e-16 1
4252.5 6.19364e-15 1.45369e-16 1
4254 6.1179e-15 1.45369e-16 1
4255.5 6.19391e-15 1.45369e-16 1
4257 6.08657e-15 1.45369e-16 1
4258.5 6.1557e-15 1.45369e-16 1
4260 6.16838e-15 1.45369e-16 1
4261.5 6.15208e-15 1.45369e-16 1
4263 6.18714e-15 1.45369e-16 1
4264.5 6.08914e-15 1.45369e-16 1
4266 6.11217e-15 1.45369e-16 1
4267.5 6.07863e-15 1.45369e-16 1
4269 6.13306e-15 1.45369e-16 1
4270.5 6.16554e-15 1.45369e-16 1
4272 6.11339e-15 1.45369e-16 1
4273.5 6.02523e-15 1.45369e-16 1
4275 6.08837e-15 1.45369e-16 1
4276.5 6.21464e-15 1.45369e-16 1
4278 6.16548e-15 1.45369e-16 1
4279.5 6.00363e-15 1.45369e-16 1
4281 6.09701e-15 1.45369e-16 1
4282.5 6.15962e-15 1.45369e-16 1
4284 6.07316e-15 1.45369e-16 1
4285.5 6.05085e-15 1.45369e-16 1
4287 6.09561e-15 1.45369e-16 1
4288.5 6.02702e-15 1.45369e-16 1
4290 5.90584e-15 1.45369e-16 1
4291.5 5.76341e-15 1.45369e-16 1
4293 5.83614e-15 1.45369e-16 1
4294.5 5.89064e-15 1.45369e-16 1
4296 6.08218e-15 1.45369e-16 1
4297.5 6.09993e-15 1.45369e-16 1
4299 6.11422e-15 1.45369e-16 1
4300.5 6.03792e-15 1.45369e-16 1
4302 5.9815e-15 1.45369e-16 1
4303.5 6.09185e-15 1.45369e-16 1
4305 6.08191e-15 1.45369e-16 1
4306.5 6.08455e-15 1.45369e-16 1
4308 6.13167e-15 1.45369e-16 1
4309.5 6.10986e-15 1.45369e-16 1
4311 6.25562e-15 1.45369e-16 1
4312.5 6.15587e-15 1.45369e-16 1
4314 5.96628e-15 1.45369e-16 1
4315.5 5.92424e-15 1.45369e-16 1
4317 6.04451e-15 1.45369e-16 1
4318.5 6.1981e-15 1.45369e-16 1
4320 5.9955e-15 6.71482e-17 1
4321.5 5.83567e-15 6.71482e-17 1
4323 5.81119e-15 6.71482e-17 1
4324.5 5.88893e-15 6.71482e-17 1
4326 5.87185e-15 6.71482e-17 1
4327.5 5.78616e-15 6.71482e-17 1
4329 5.70766e-15 6.71482e-17 1
4330.5 5.61956e-15 6.71482e-17 1
4332 5.53024e-15 6.71482e-17 1
4333.5 5.41906e-15 6.71482e-17 1
4335 5.40996e-15 6.71482e-17 1
4336.5 5.39932e-15 6.71482e-17 1
4338 5.2978e-15 6.71482e-17 1
4339.5 5.19695e-15 6.71482e-17 1
4341 5.23123e-15 6.71482e-17 1
4342.5 5.13699e-15 6.71482e-17 1
4344 5.02772e-15 6.71482e-17 1
4345.5 4.91198e-15 6.71482e-17 1
4347 4.85385e-15 6.71482e-17 1
4348.5 4.8128e-15 6.71482e-17 1
4350 4.72876e-15 6.71482e-17 1
4351.5 4.67924e-15 6.71482e-17 1
4353 4.62397e-15 6.71482e-17 1
4354.5 4.57119e-15 6.71482e-17 1
4356 4.51292e-15 6.71482e-17 1
4357.5 4.52391e-15 6.71482e-17 1
4359 4.54974e-15 6.71482e-17 1
4360.5 4.45785e-15 6.71482e-17 1
4362 4.33753e-15 6.71482e-17 1
4363.5 4.27731e-15 6.71482e-17 1
4365 4.23307e-15 6.71482e-17 1
4366.5 4.1922e-15 6.71482e-17 1
4368 4.18878e-15 6.71482e-17 1
4369.5 4.14113e-15 6.71482e-17 1
4371 4.05238e-15 6.71482e-17 1
4372.5 4.0028e-15 6.71482e-17 1
4374 3.9958e-15 6.71482e-17 1
4375.5 4.02627e-15 6.71482e-17 1
4377 3.81893e-15 6.71482e-17 1
4378.5 3.62765e-15 6.71482e-17 1
4380 3.65435e-15 6.71482e-17 1
4381.5 3.76259e-15 6.71482e-17 1
4383 3.74889e-15 6.71482e-17 1
4384.5 3.63379e-15 6.71482e-17 1
4386 3.66622e-15 6.71482e-17 1
4387.5 3.63609e-15 6.71482e-17 1
4389 3.48036e-15 6.71482e-17 1
4390.5 3.47679e-15 6.71482e-17 1
4392 3.45492e-15 6.71482e-17 1
4393.5 3.37191e-15 6.71482e-17 1
4395 3.37556e-15 6.71482e-17 1
4396.5 3.4201e-15 6.71482e-17 1
4398 3.41346e-15 6.71482e-17 1
4399.5 3.36522e-15 6.71482e-17 1
4401 3.39153e-15 6.71482e-17 1
4402.5 3.40154e-15 6.71482e-17 1
4404 3.29929e-15 6.71482e-17 1
4405.5 3.24171e-15 6.71482e-17 1
4407 3.30359e-15 6.71482e-17 1
4408.5 3.32248e-15 6.71482e-17 1
4410 3.25372e-15 6.71482e-17 1
4411.5 3.17019e-15 6.71482e-17 1
4413 3.1601e-15 6.71482e-17 1
4414.5 3.16453e-15 6.71482e-17 1
4416 3.12847e-15 6.71482e-17 1
4417.5 3.16453e-15 6.71482e-17 1
4419 3.19764e-15 6.71482e-17 1
4420.5 3.09933e-15 8.73507e-17 1
4422 3.03825e-15 8.73507e-17 1
4423.5 3.09154e-15 8.73507e-17 1
4425 3.07215e-15 8.73507e-17 1
4426.5 3.01633e-15 8.73507e-17 1
4428 3.07059e-15 8.73507e-17 1
4429.5 3.11109e-15 8.73507e-17 1
4431 3.15959e-15 8.73507e-17 1
4432.5 3.21838e-15 8.73507e-17 1
4434 3.21818e-15 8.73507e-17 1
4435.5 3.24348e-15 8.73507e-17 1
4437 3.25073e-15 8.73507e-17 1
4438.5 3.21647e-15 8.73507e-17 1
4440 3.23109e-15 8.73507e-17 1
4441.5 3.25456e-15 8.73507e-17 1
4443 3.35823e-15 8.73507e-17 1
4444.5 3.35565e-15 8.73507e-17 1
4446 3.3531e-15 8.73507e-17 1
4447.5 3.36615e-15 8.73507e-17 1
4449 3.3474e-15 8.73507e-17 1
4450.5 3.37203e-15 8.73507e-17 1
4452 3.37868e-15 8.73507e-17 1
4453.5 3.39023e-15 8.73507e-17 1
4455 3.36544e-15 8.73507e-17 1
4456.5 3.49804e-15 8.73507e-17 1
4458 3.52317e-15 8.73507e-17 1
4459.5 3.46637e-15 8.73507e-17 1
4461 3.46326e-15 8.73507e-17 1
4462.5 3.62919e-15 8.73507e-17 1
4464 3.65951e-15 8.73507e-17 1
4465.5 3.69766e-15 8.73507e-17 1
4467 3.837e-15 8.73507e-17 1
4468.5 3.85806e-15 8.73507e-17 1
4470 3.93414e-15 8.73507e-17 1
4471.5 4.05277e-15 8.73507e-17 1
4473 4.15917e-15 8.73507e-17 1
4474.5 4.0215e-15 8.73507e-17 1
4476 4.07682e-15 8.73507e-17 1
4477.5 4.1794e-15 8.73507e-17 1
4479 4.36612e-15 8.73507e-17 1
4480.5 4.30344e-15 8.73507e-17 1
4482 4.36825e-15 8.73507e-17 1
4483.5 4.40609e-15 8.73507e-17 1
4485 4.43987e-15 8.73507e-17 1
4486.5 4.46079e-15 8.73507e-17 1
4488 4.36371e-15 8.73507e-17 1
4489.5 4.43044e-15 8.73507e-17 1
4491 4.5634e-15 8.73507e-17 1
4492.5 4.60204e-15 8.73507e-17 1
4494 4.54359e-15 8.73507e-17 1
4495.5 4.56861e-15 8.73507e-17 1
4497 4.71292e-15 8.73507e-17 1
4498.5 4.78655e-15 8.73507e-17 1
4500 4.75889e-15 8.73507e-17 1
4501.5 4.75055e-15 8.73507e-17 1
4503 4.81011e-15 8.73507e-17 1
4504.5 4.94822e-15 8.73507e-17 1
4506 5.06439e-15 8.73507e-17 1
4507.5 5.14972e-15 8.73507e-17 1
4509 5.15807e-15 8.73507e-17 1
4510.5 5.22046e-15 8.73507e-17 1
4512 5.37729e-15 8.73507e-17 1
4513.5 5.50728e-15 8.73507e-17 1
4515 5.42986e-15 8.73507e-17 1
4516.5 5.50712e-15 8.73507e-17 1
4518 5.5635e-15 8.73507e-17 1
4519.5 5.54166e-15 8.73507e-17 1
4521 5.63671e-15 1.75515e-16 1
4522.5 5.68151e-15 1.75515e-16 1
4524 5.74295e-15 1.75515e-16 1
4525.5 5.96414e-15 1.75515e-16 1
4527 6.0826e-15 1.75515e-16 1
4528.5 6.08458e-15 1.75515e-16 1
4530 6.12093e-15 1.75515e-16 1
4531.5 6.1881e-15 1.75515e-16 1
4533 6.42633e-15 1.75515e-16 1
4534.5 6.39095e-15 1.75515e-16 1
4536 6.4922e-15 1.75515e-16 1
4537.5 6.38884e-15 1.75515e-16 1
4539 6.44095e-15 1.75515e-16 1
4540.5 6.68582e-15 1.75515e-16 1
4542 6.97221e-15 1.75515e-16 1
4543.5 7.08293e-15 1.75515e-16 1
4545 7.2299e-15 1.75515e-16 1
4546.5 7.32344e-15 1.75515e-16 1
4548 7.41697e-15 1.75515e-16 1
4549.5 7.5382e-15 1.75515e-16 1
4551 7.67446e-15 1.75515e-16 1
4552.5 7.72129e-15 1.75515e-16 1
4554 7.74542e-15 1.75515e-16 1
4555.5 7.77251e-15 1.75515e-16 1
4557 7.95587e-15 1.75515e-16 1
4558.5 7.98525e-15 1.75515e-16 1
4560 8.01629e-15 1.75515e-16 1
4561.5 8.18069e-15 1.75515e-16 1
4563 8.22982e-15 1.75515e-16 1
4564.5 8.32538e-15 1.75515e-16 1
4566 8.42346e-15 1.75515e-16 1
4567.5 8.34226e-15 1.75515e-16 1
4569 8.36404e-15 1.75515e-16 1
4570.5 8.56635e-15 1.75515e-16 1
4572 8.68715e-15 1.75515e-16 1
4573.5 8.64651e-15 1.75515e-16 1
4575 8.65665e-15 1.75515e-16 1
4576.5 8.70711e-15 1.75515e-16 1
4578 8.68693e-15 1.75515e-16 1
4579.5 8.77139e-15 1.75515e-16 1
4581 8.93205e-15 1.75515e-16 1
4582.5 9.01813e-15 1.75515e-16 1
4584 9.0179e-15 1.75515e-16 1
4585.5 8.94755e-15 1.75515e-16 1
4587 8.99753e-15 1.75515e-16 1
4588.5 9.00964e-15 1.75515e-16 1
4590 9.08021e-15 1.75515e-16 1
4591.5 9.10554e-15 1.75515e-16 1
4593 9.05922e-15 1.75515e-16 1
4594.5 9.13923e-15 1.75515e-16 1
4596 9.16726e-15 1.75515e-16 1
4597.5 9.26649e-15 1.75515e-16 1
4599 9.19981e-15 1.75515e-16 1
4600.5 9.34179e-15 1.75515e-16 1
4602 9.34723e-15 1.75515e-16 1
4603.5 9.3365e-15 1.75515e-16 1
4605 9.47022e-15 1.75515e-16 1
4606.5 9.4404e-15 1.75515e-16 1
4608 9.32493e-15 1.75515e-16 1
4609.5 9.44683e-15 1.75515e-16 1
4611 9.53722e-15 1.75515e-16 1
4612.5 9.66499e-15 1.75515e-16 1
4614 9.66692e-15 1.75515e-16 1
4615.5 9.62004e-15 1.75515e-16 1
4617 9.78146e-15 1.75515e-16 1
4618.5 9.84632e-15 1.75515e-16 1
4620 9.83445e-15 1.84115e-16 1
4621.5 9.78549e-15 1.84115e-16 1
4623 9.80899e-15 1.84115e-16 1
4624.5 9.75367e-15 1.84115e-16 1
4626 9.78856e-15 1.84115e-16 1
4627.5 9.76743e-15 1.84115e-16 1
4629 9.64538e-15 1.84115e-16 1
4630.5 9.63892e-15 1.84115e-16 1
4632 9.64994e-15 1.84115e-16 1
4633.5 9.61546e-15 1.84115e-16 1
4635 9.70501e-15 1.84115e-16 1
4636.5 9.72839e-15 1.84115e-16 1
4638 9.60985e-15 1.84115e-16 1
4639.5 9.52391e-15 1.84115e-16 1
4641 9.43526e-15 1.84115e-16 1
4642.5 9.36206e-15 1.84115e-16 1
4644 9.3346e-15 1.84115e-16 1
4645.5 9.3143e-15 1.84115e-16 1
4647 9.26416e-15 1.84115e-16 1
4648.5 9.12629e-15 1.84115e-16 1
4650 8.9746e-15 1.84115e-16 1
4651.5 8.90197e-15 1.84115e-16 1
4653 8.78794e-15 1.84115e-16 1
4654.5 8.75632e-15 1.84115e-16 1
4656 8.80906e-15 1.84115e-16 1
4657.5 8.65523e-15 1.84115e-16 1
4659 8.39946e-15 1.84115e-16 1
4660.5 8.40535e-15 1.84115e-16 1
4662 8.40042e-15 1.84115e-16 1
4663.5 8.09916e-15 1.84115e-16 1
4665 7.94041e-15 1.84115e-16 1
4666.5 7.95027e-15 1.84115e-16 1
4668 7.83745e-15 1.84115e-16 1
4669.5 7.81703e-15 1.84115e-16 1
4671 7.82021e-15 1.84115e-16 1
4672.5 7.67726e-15 1.84115e-16 1
4674 7.57238e-15 1.84115e-16 1
4675.5 7.56714e-15 1.84115e-16 1
4677 7.32433e-15 1.84115e-16 1
4678.5 7.22719e-15 1.84115e-16 1
4680 7.05156e-15 1.84115e-16 1
4681.5 7.04863e-15 1.84115e-16 1
4683 6.97178e-15 1.84115e-16 1
4684.5 6.8567e-15 1.84115e-16 1
4686 6.73666e-15 1.84115e-16 1
4687.5 6.62255e-15 1.84115e-16 1
4689 6.5746e-15 1.84115e-16 1
4690.5 6.54194e-15 1.84115e-16 1
4692 6.56643e-15 1.84115e-16 1
4693.5 6.51251e-15 1.84115e-16 1
4695 6.37231e-15 1.84115e-16 1
4696.5 6.31247e-15 1.84115e-16 1
4698 6.2641e-15 1.84115e-16 1
4699.5 6.26419e-15 1.84115e-16 1
4701 6.18031e-15 1.84115e-16 1
4702.5 6.19957e-15 1.84115e-16 1
4704 6.27818e-15 1.84115e-16 1
4705.5 6.31488e-15 1.84115e-16 1
4707 6.37176e-15 1.84115e-16 1
4708.5 6.29962e-15 1.84115e-16 1
4710 6.17328e-15 1.84115e-16 1
4711.5 6.05355e-15 1.84115e-16 1
4713 5.96128e-15 1.84115e-16 1
4714.5 5.91268e-15 1.84115e-16 1
4716 5.9693e-15 1.84115e-16 1
4717.5 6.06449e-15 1.84115e-16 1
4719 6.0078e-15 1.84115e-16 1
4720.5 5.8956e-15 2.242e-16 1
4722 5.87867e-15 2.242e-16 1
4723.5 5.8399e-15 2.242e-16 1
4725 5.77382e-15 2.242e-16 1
4726.5 5.68264e-15 2.242e-16 1
4728 5.6005e-15 2.242e-16 1
4729.5 5.56476e-15 2.242e-16 1
4731 5.49988e-15 2.242e-16 1
4732.5 5.48252e-15 2.242e-16 1
4734 5.32996e-15 2.242e-16 1
4735.5 5.20788e-15 2.242e-16 1
4737 5.11872e-15 2.242e-16 1
4738.5 4.87265e-15 2.242e-16 1
4740 4.76914e-15 2.242e-16 1
4741.5 4.65462e-15 2.242e-16 1
4743 4.47416e-15 2.242e-16 1
4744.5 4.44821e-15 2.242e-16 1
4746 4.43898e-15 2.242e-16 1
4747.5 4.46713e-15 2.242e-16 1
4749 4.20243e-15 2.242e-16 1
4750.5 4.01775e-15 2.242e-16 1
4752 3.93271e-15 2.242e-16 1
4753.5 4.00002e-15 2.242e-16 1
4755 3.92312e-15 2.242e-16 1
4756.5 3.85611e-15 2.242e-16 1
4758 3.87079e-15 2.242e-16 1
4759.5 3.80088e-15 2.242e-16 1
4761 3.85294e-15 2.242e-16 1
4762.5 3.78129e-15 2.242e-16 1
4764 3.65267e-15 2.242e-16 1
4765.5 3.67618e-15 2.242e-16 1
4767 3.62682e-15 2.242e-16 1
4768.5 3.50662e-15 2.242e-16 1
4770 3.47095e-15 2.242e-16 1
4771.5 3.47309e-15 2.242e-16 1
4773 3.49245e-15 2.242e-16 1
4774.5 3.47075e-15 2.242e-16 1
4776 3.39533e-15 2.242e-16 1
4777.5 3.43007e-15 2.242e-16 1
4779 3.38731e-15 2.242e-16 1
4780.5 3.34582e-15 2.242e-16 1
4782 3.36306e-15 2.242e-16 1
4783.5 3.40504e-15 2.242e-16 1
4785 3.45501e-15 2.242e-16 1
4786.5 3.50266e-15 2.242e-16 1
4788 3.55861e-15 2.242e-16 1
4789.5 3.568e-15 2.242e-16 1
4791 3.57513e-15 2.242e-16 1
4792.5 3.65899e-15 2.242e-16 1
4794 3.71256e-15 2.242e-16 1
4795.5 3.75166e-15 2.242e-16 1
4797 3.86065e-15 2.242e-16 1
4798.5 3.87448e-15 2.242e-16 1
4800 3.82244e-15 2.242e-16 1
4801.5 3.88676e-15 2.242e-16 1
4803 4.00311e-15 2.242e-16 1
4804.5 4.08916e-15 2.242e-16 1
4806 4.18741e-15 2.242e-16 1
4807.5 4.1354e-15 2.242e-16 1
4809 4.05871e-15 2.242e-16 1
4810.5 4.116e-15 2.242e-16 1
4812 4.13107e-15 2.242e-16 1
4813.5 4.14351e-15 2.242e-16 1
4815 4.24112e-15 2.242e-16 1
4816.5 4.21361e-15 2.242e-16 1
4818 4.17118e-15 2.242e-16 1
4819.5 4.13879e-15 2.242e-16 1
4821 4.16695e-15 1.70296e-16 1
4822.5 4.05241e-15 1.70296e-16 1
4824 3.92119e-15 1.70296e-16 1
4825.5 3.90232e-15 1.70296e-16 1
4827 4.00599e-15 1.70296e-16 1
4828.5 3.93489e-15 1.70296e-16 1
4830 3.91111e-15 1.70296e-16 1
4831.5 3.81456e-15 1.70296e-16 1
4833 3.7516e-15 1.70296e-16 1
4834.5 3.63266e-15 1.70296e-16 1
4836 3.6448e-15 1.70296e-16 1
4837.5 3.68427e-15 1.70296e-16 1
4839 3.70718e-15 1.70296e-16 1
4840.5 3.66116e-15 1.70296e-16 1
4842 3.51831e-15 1.70296e-16 1
4843.5 3.43752e-15 1.70296e-16 1
4845 3.42548e-15 1.70296e-16 1
4846.5 3.43491e-15 1.70296e-16 1
4848 3.46204e-15 1.70296e-16 1
4849.5 3.39921e-15 1.70296e-16 1
4851 3.40954e-15 1.70296e-16 1
4852.5 3.47226e-15 1.70296e-16 1
4854 3.43237e-15 1.70296e-16 1
4855.5 3.44151e-15 1.70296e-16 1
4857 3.4564e-15 1.70296e-16 1
4858.5 3.46462e-15 1.70296e-16 1
4860 3.41586e-15 1.70296e-16 1
4861.5 3.37815e-15 1.70296e-16 1
4863 3.3525e-15 1.70296e-16 1
4864.5 3.35404e-15 1.70296e-16 1
4866 3.32706e-15 1.70296e-16 1
4867.5 3.29581e-15 1.70296e-16 1
4869 3.33544e-15 1.70296e-16 1
4870.5 3.30321e-15 1.70296e-16 1
4872 3.29713e-15 1.70296e-16 1
4873.5 3.38522e-15 1.70296e-16 1
4875 3.37303e-15 1.70296e-16 1
4876.5 3.40252e-15 1.70296e-16 1
4878 3.40621e-15 1.70296e-16 1
4879.5 3.43492e-15 1.70296e-16 1
4881 3.44354e-15 1.70296e-16 1
4882.5 3.52714e-15 1.70296e-16 1
4884 3.68788e-15 1.70296e-16 1
4885.5 3.66368e-15 1.70296e-16 1
4887 3.66885e-15 1.70296e-16 1
4888.5 3.6451e-15 1.70296e-16 1
4890 3.71671e-15 1.70296e-16 1
4891.5 3.73264e-15 1.70296e-16 1
4893 3.79568e-15 1.70296e-16 1
4894.5 3.84652e-15 1.70296e-16 1
4896 3.90987e-15 1.70296e-16 1
4897.5 3.98885e-15 1.70296e-16 1
4899 3.96166e-15 1.70296e-16 1
4900.5 4.07091e-15 1.70296e-16 1
4902 4.16956e-15 1.70296e-16 1
4903.5 4.11505e-15 1.70296e-16 1
4905 4.18828e-15 1.70296e-16 1
4906.5 4.31633e-15 1.70296e-16 1
4908 4.44887e-15 1.70296e-16 1
4909.5 4.63235e-15 1.70296e-16 1
4911 4.72295e-15 1.70296e-16 1
4912.5 4.73277e-15 1.70296e-16 1
4914 4.60147e-15 1.70296e-16 1
4915.5 4.55203e-15 1.70296e-16 1
4917 4.70042e-15 1.70296e-16 1
4918.5 4.74822e-15 1.70296e-16 1
4920 4.72243e-15 1.45439e-16 1
4921.5 4.75519e-15 1.45439e-16 1
4923 4.83824e-15 1.45439e-16 1
4924.5 4.86577e-15 1.45439e-16 1
4926 4.95958e-15 1.45439e-16 1
4927.5 5.09372e-15 1.45439e-16 1
4929 5.10135e-15 1.45439e-16 1
4930.5 5.1486e-15 1.45439e-16 1
4932 5.16247e-15 1.45439e-16 1
4933.5 5.17914e-15 1.45439e-16 1
4935 5.25144e-15 1.45439e-16 1
4936.5 5.31476e-15 1.45439e-16 1
4938 5.35609e-15 1.45439e-16 1
4939.5 5.37431e-15 1.45439e-16 1
4941 5.35569e-15 1.45439e-16 1
4942.5 5.41629e-15 1.45439e-16 1
4944 5.45142e-15 1.45439e-16 1
4945.5 5.41644e-15 1.45439e-16 1
4947 5.42461e-15 1.45439e-16 1
4948.5 5.38739e-15 1.45439e-16 1
4950 5.3548e-15 1.45439e-16 1
4951.5 5.33071e-15 1.45439e-16 1
4953 5.31904e-15 1.45439e-16 1
4954.5 5.31575e-15 1.45439e-16 1
4956 5.29476e-15 1.45439e-16 1
4957.5 5.26497e-15 1.45439e-16 1
4959 5.21762e-15 1.45439e-16 1
4960.5 5.21565e-15 1.45439e-16 1
4962 5.03192e-15 1.45439e-16 1
4963.5 5.01445e-15 1.45439e-16 1
4965 4.89679e-15 1.45439e-16 1
4966.5 4.828e-15 1.45439e-16 1
4968 4.72514e-15 1.45439e-16 1
4969.5 4.66081e-15 1.45439e-16 1
4971 4.63444e-15 1.45439e-16 1
4972.5 4.52922e-15 1.45439e-16 1
4974 4.37838e-15 1.45439e-16 1
4975.5 4.32656e-15 1.45439e-16 1
4977 4.22897e-15 1.45439e-16 1
4978.5 4.14824e-15 1.45439e-16 1
4980 4.22302e-15 1.45439e-16 1
4981.5 4.17954e-15 1.45439e-16 1
4983 4.04619e-15 1.45439e-16 1
4984.5 3.99895e-15 1.45439e-16 1
4986 3.93542e-15 1.45439e-16 1
4987.5 3.88198e-15 1.45439e-16 1
4989 3.89004e-15 1.45439e-16 1
4990.5 3.85334e-15 1.45439e-16 1
4992 3.77549e-15 1.45439e-16 1
4993.5 3.71313e-15 1.45439e-16 1
4995 3.729e-15 1.45439e-16 1
4996.5 3.68667e-15 1.45439e-16 1
4998 3.69299e-15 1.45439e-16 1
4999.5 3.72484e-15 1.45439e-16 1
5001 3.76332e-15 1.45439e-16 1
5002.5 3.72335e-15 1.45439e-16 1
5004 3.62865e-15 1.45439e-16 1
5005.5 3.58091e-15 1.45439e-16 1
5007 3.62078e-15 1.45439e-16 1
5008.5 3.62456e-15 1.45439e-16 1
5010 3.59837e-15 1.45439e-16 1
5011.5 3.5884e-15 1.45439e-16 1
5013 3.57366e-15 1.45439e-16 1
5014.5 3.55524e-15 1.45439e-16 1
5016 3.51139e-15 1.45439e-16 1
5017.5 3.45099e-15 1.45439e-16 1
5019 3.41207e-15 1.45439e-16 1
5020.5 3.46932e-15 7.11986e-17 1
5022 3.50096e-15 7.11986e-17 1
5023.5 3.47147e-15 7.11986e-17 1
5025 3.44166e-15 7.11986e-17 1
5026.5 3.45911e-15 7.11986e-17 1
5028 3.47378e-15 7.11986e-17 1
5029.5 3.48242e-15 7.11986e-17 1
5031 3.41179e-15 7.11986e-17 1
5032.5 3.42891e-15 7.11986e-17 1
5034 3.41066e-15 7.11986e-17 1
5035.5 3.45325e-15 7.11986e-17 1
5037 3.42761e-15 7.11986e-17 1
5038.5 3.49846e-15 7.11986e-17 1
5040 3.47164e-15 7.11986e-17 1
5041.5 3.41013e-15 7.11986e-17 1
5043 3.42869e-15 7.11986e-17 1
5044.5 3.51801e-15 7.11986e-17 1
5046 3.49981e-15 7.11986e-17 1
5047.5 3.47037e-15 7.11986e-17 1
5049 3.50122e-15 7.11986e-17 1
5050.5 3.54135e-15 7.11986e-17 1
5052 3.55934e-15 7.11986e-17 1
5053.5 3.50011e-15 7.11986e-17 1
5055 3.53869e-15 7.11986e-17 1
5056.5 3.66998e-15 7.11986e-17 1
5058 3.68317e-15 7.11986e-17 1
5059.5 3.63516e-15 7.11986e-17 1
5061 3.54773e-15 7.11986e-17 1
5062.5 3.63066e-15 7.11986e-17 1
5064 3.57255e-15 7.11986e-17 1
5065.5 3.63095e-15 7.11986e-17 1
5067 3.70259e-15 7.11986e-17 1
5068.5 3.69869e-15 7.11986e-17 1
5070 3.62239e-15 7.11986e-17 1
5071.5 3.60481e-15 7.11986e-17 1
5073 3.59365e-15 7.11986e-17 1
5074.5 3.59803e-15 7.11986e-17 1
5076 3.56989e-15 7.11986e-17 1
5077.5 3.5699e-15 7.11986e-17 1
5079 3.54593e-15 7.11986e-17 1
5080.5 3.55807e-15 7.11986e-17 1
5082 3.53886e-15 7.11986e-17 1
5083.5 3.49462e-15 7.11986e-17 1
5085 3.5413e-15 7.11986e-17 1
5086.5 3.54834e-15 7.11986e-17 1
5088 3.58409e-15 7.11986e-17 1
5089.5 3.62861e-15 7.11986e-17 1
5091 3.60433e-15 7.11986e-17 1
5092.5 3.64709e-15 7.11986e-17 1
5094 3.66841e-15 7.11986e-17 1
5095.5 3.65574e-15 7.11986e-17 1
5097 3.65363e-15 7.11986e-17 1
5098.5 3.5662e-15 7.11986e-17 1
5100 3.52691e-15 7.11986e-17 1
5101.5 3.54514e-15 7.11986e-17 1
5103 3.6425e-15 7.11986e-17 1
5104.5 3.68831e-15 7.11986e-17 1
5106 3.61407e-15 7.11986e-17 1
5107.5 3.58861e-15 7.11986e-17 1
5109 3.61907e-15 7.11986e-17 1
5110.5 3.64502e-15 7.11986e-17 1
5112 3.69836e-15 7.11986e-17 1
5113.5 3.6686e-15 7.11986e-17 1
5115 3.50355e-15 7.11986e-17 1
5116.5 3.58821e-15 7.11986e-17 1
5118 3.46851e-15 7.11986e-17 1
5119.5 3.45851e-15 7.11986e-17 1
5121 3.60211e-15 8.42256e-17 1
5122.5 3.58341e-15 8.42256e-17 1
5124 3.53724e-15 8.42256e-17 1
5125.5 3.58017e-15 8.42256e-17 1
5127 3.52578e-15 8.42256e-17 1
5128.5 3.5313e-15 8.42256e-17 1
5130 3.61327e-15 8.42256e-17 1
5131.5 3.65506e-15 8.42256e-17 1
5133 3.67656e-15 8.42256e-17 1
5134.5 3.73278e-15 8.42256e-17 1
5136 3.7772e-15 8.42256e-17 1
5137.5 3.80653e-15 8.42256e-17 1
5139 3.87777e-15 8.42256e-17 1
5140.5 3.88157e-15 8.42256e-17 1
5142 3.86552e-15 8.42256e-17 1
5143.5 3.85167e-15 8.42256e-17 1
5145 3.89537e-15 8.42256e-17 1
5146.5 3.95261e-15 8.42256e-17 1
5148 3.96558e-15 8.42256e-17 1
5149.5 4.0123e-15 8.42256e-17 1
5151 4.00187e-15 8.42256e-17 1
5152.5 4.00603e-15 8.42256e-17 1
5154 4.04855e-15 8.42256e-17 1
5155.5 4.09625e-15 8.42256e-17 1
5157 4.12079e-15 8.42256e-17 1
5158.5 4.09319e-15 8.42256e-17 1
5160 4.10825e-15 8.42256e-17 1
5161.5 4.21287e-15 8.42256e-17 1
5163 4.21575e-15 8.42256e-17 1
5164.5 4.16126e-15 8.42256e-17 1
5166 4.24749e-15 8.42256e-17 1
5167.5 4.3327e-15 8.42256e-17 1
5169 4.46639e-15 8.42256e-17 1
5170.5 4.53594e-15 8.42256e-17 1
5172 4.55019e-15 8.42256e-17 1
5173.5 4.66751e-15 8.42256e-17 1
5175 4.71785e-15 8.42256e-17 1
5176.5 4.70213e-15 8.42256e-17 1
5178 4.77263e-15 8.42256e-17 1
5179.5 4.86254e-15 8.42256e-17 1
5181 4.92923e-15 8.42256e-17 1
5182.5 4.99119e-15 8.42256e-17 1
5184 5.02059e-15 8.42256e-17 1
5185.5 5.04302e-15 8.42256e-17 1
5187 5.17673e-15 8.42256e-17 1
5188.5 5.29746e-15 8.42256e-17 1
5190 5.39973e-15 8.42256e-17 1
5191.5 5.41843e-15 8.42256e-17 1
5193 5.35932e-15 8.42256e-17 1
5194.5 5.50829e-15 8.42256e-17 1
5196 5.59233e-15 8.42256e-17 1
5197.5 5.61125e-15 8.42256e-17 1
5199 5.65741e-15 8.42256e-17 1
5200.5 5.72096e-15 8.42256e-17 1
5202 5.77915e-15 8.42256e-17 1
5203.5 5.68206e-15 8.42256e-17 1
5205 5.75101e-15 8.42256e-17 1
5206.5 6.01632e-15 8.42256e-17 1
5208 6.0768e-15 8.42256e-17 1
5209.5 6.12203e-15 8.42256e-17 1
5211 6.25716e-15 8.42256e-17 1
5212.5 6.3339e-15 8.42256e-17 1
5214 6.41483e-15 8.42256e-17 1
5215.5 6.38288e-15 8.42256e-17 1
5217 6.3786e-15 8.42256e-17 1
5218.5 6.45918e-15 8.42256e-17 1
5220 6.55378e-15 7.66223e-17 1
5221.5 6.61933e-15 7.66223e-17 1
5223 6.68694e-15 7.66223e-17 1
5224.5 6.70319e-15 7.66223e-17 1
5226 6.70623e-15 7.66223e-17 1
5227.5 6.70629e-15 7.66223e-17 1
5229 6.68061e-15 7.66223e-17 1
5230.5 6.67682e-15 7.66223e-17 1
5232 6.76086e-15 7.66223e-17 1
5233.5 6.82049e-15 7.66223e-17 1
5235 6.83497e-15 7.66223e-17 1
5236.5 6.93462e-15 7.66223e-17 1
5238 6.9644e-15 7.66223e-17 1
5239.5 6.97043e-15 7.66223e-17 1
5241 7.10512e-15 7.66223e-17 1
5242.5 7.15864e-15 7.66223e-17 1
5244 7.11891e-15 7.66223e-17 1
5245.5 7.15335e-15 7.66223e-17 1
5247 7.1349e-15 7.66223e-17 1
5248.5 7.04394e-15 7.66223e-17 1
5250 7.11709e-15 7.66223e-17 1
5251.5 7.3385e-15 7.66223e-17 1
5253 7.39542e-15 7.66223e-17 1
5254.5 7.30411e-15 7.66223e-17 1
5256 7.22329e-15 7.66223e-17 1
5257.5 7.23718e-15 7.66223e-17 1
5259 7.345e-15 7.66223e-17 1
5260.5 7.27062e-15 7.66223e-17 1
5262 7.37389e-15 7.66223e-17 1
5263.5 7.49132e-15 7.66223e-17 1
5265 7.37689e-15 7.66223e-17 1
5266.5 7.46315e-15 7.66223e-17 1
5268 7.46534e-15 7.66223e-17 1
5269.5 7.38587e-15 7.66223e-17 1
5271 7.4794e-15 7.66223e-17 1
5272.5 7.49487e-15 7.66223e-17 1
5274 7.30067e-15 7.66223e-17 1
5275.5 7.30674e-15 7.66223e-17 1
5277 7.37914e-15 7.66223e-17 1
5278.5 7.46663e-15 7.66223e-17 1
5280 7.4558e-15 7.66223e-17 1
5281.5 7.3682e-15 7.66223e-17 1
5283 7.48248e-15 7.66223e-17 1
5284.5 7.45727e-15 7.66223e-17 1
5286 7.34736e-15 7.66223e-17 1
5287.5 7.2865e-15 7.66223e-17 1
5289 7.27146e-15 7.66223e-17 1
5290.5 7.31306e-15 7.66223e-17 1
5292 7.34733e-15 7.66223e-17 1
5293.5 7.2942e-15 7.66223e-17 1
5295 7.22695e-15 7.66223e-17 1
5296.5 7.30349e-15 7.66223e-17 1
5298 7.40824e-15 7.66223e-17 1
5299.5 7.32628e-15 7.66223e-17 1
5301 7.17309e-15 7.66223e-17 1
5302.5 7.15479e-15 7.66223e-17 1
5304 7.17876e-15 7.66223e-17 1
5305.5 7.24077e-15 7.66223e-17 1
5307 7.25546e-15 7.66223e-17 1
5308.5 7.12107e-15 7.66223e-17 1
5310 7.00138e-15 7.66223e-17 1
5311.5 6.99729e-15 7.66223e-17 1
5313 7.05961e-15 7.66223e-17 1
5314.5 7.17273e-15 7.66223e-17 1
5316 7.08848e-15 7.66223e-17 1
5317.5 6.99107e-15 7.66223e-17 1
5319 6.98225e-15 7.66223e-17 1
5320.5 6.93133e-15 5.95406e-17 1
5322 6.88751e-15 5.95406e-17 1
5323.5 6.83829e-15 5.95406e-17 1
5325 6.89543e-15 5.95406e-17 1
5326.5 6.86716e-15 5.95406e-17 1
5328 6.73284e-15 5.95406e-17 1
5329.5 6.76917e-15 5.95406e-17 1
5331 6.72133e-15 5.95406e-17 1
5332.5 6.60182e-15 5.95406e-17 1
5334 6.67783e-15 5.95406e-17 1
5335.5 6.77348e-15 5.95406e-17 1
5337 6.82118e-15 5.95406e-17 1
5338.5 6.77588e-15 5.95406e-17 1
5340 6.65463e-15 5.95406e-17 1
5341.5 6.62661e-15 5.95406e-17 1
5343 6.73222e-15 5.95406e-17 1
5344.5 6.64454e-15 5.95406e-17 1
5346 6.50767e-15 5.95406e-17 1
5347.5 6.55387e-15 5.95406e-17 1
5349 6.56856e-15 5.95406e-17 1
5350.5 6.66007e-15 5.95406e-17 1
5352 6.63998e-15 5.95406e-17 1
5353.5 6.62548e-15 5.95406e-17 1
5355 6.53593e-15 5.95406e-17 1
5356.5 6.4396e-15 5.95406e-17 1
5358 6.54333e-15 5.95406e-17 1
5359.5 6.48089e-15 5.95406e-17 1
5361 6.46869e-15 5.95406e-17 1
5362.5 6.50148e-15 5.95406e-17 1
5364 6.50335e-15 5.95406e-17 1
5365.5 6.46784e-15 5.95406e-17 1
5367 6.44686e-15 5.95406e-17 1
5368.5 6.4788e-15 5.95406e-17 1
5370 6.49672e-15 5.95406e-17 1
5371.5 6.44572e-15 5.95406e-17 1
5373 6.49316e-15 5.95406e-17 1
5374.5 6.54454e-15 5.95406e-17 1
5376 6.48945e-15 5.95406e-17 1
5377.5 6.49454e-15 5.95406e-17 1
5379 6.49846e-15 5.95406e-17 1
5380.5 6.46767e-15 5.95406e-17 1
5382 6.3919e-15 5.95406e-17 1
5383.5 6.3549e-15 5.95406e-17 1
5385 6.44454e-15 5.95406e-17 1
5386.5 6.47673e-15 5.95406e-17 1
5388 6.43434e-15 5.95406e-17 1
5389.5 6.42567e-15 5.95406e-17 1
5391 6.39617e-15 5.95406e-17 1
5392.5 6.38109e-15 5.95406e-17 1
5394 6.30737e-15 5.95406e-17 1
5395.5 6.3214e-15 5.95406e-17 1
5397 6.44663e-15 5.95406e-17 1
5398.5 6.40963e-15 5.95406e-17 1
5400 6.41281e-15 5.95406e-17 1
5401.5 6.38748e-15 5.95406e-17 1
5403 6.42384e-15 5.95406e-17 1
5404.5 6.37926e-15 5.95406e-17 1
5406 6.23691e-15 5.95406e-17 1
5407.5 6.1951e-15 5.95406e-17 1
5409 6.38814e-15 5.95406e-17 1
5410.5 6.30197e-15 5.95406e-17 1
5412 6.29366e-15 5.95406e-17 1
5413.5 6.20584e-15 5.95406e-17 1
5415 6.25228e-15 5.95406e-17 1
5416.5 6.16268e-15 5.95406e-17 1
5418 6.15858e-15 5.95406e-17 1
5419.5 6.19585e-15 5.95406e-17 1
5421 6.14023e-15 6.437e-17 1
5422.5 6.10385e-15 6.437e-17 1
5424 6.05163e-15 6.437e-17 1
5425.5 5.96329e-15 6.437e-17 1
5427 5.98603e-15 6.437e-17 1
5428.5 5.9955e-15 6.437e-17 1
5430 5.97483e-15 6.437e-17 1
5431.5 6.01624e-15 6.437e-17 1
5433 5.92866e-15 6.437e-17 1
5434.5 5.8592e-15 6.437e-17 1
5436 5.9339e-15 6.437e-17 1
5437.5 5.9532e-15 6.437e-17 1
5439 5.8993e-15 6.437e-17 1
5440.5 5.85714e-15 6.437e-17 1
5442 5.85128e-15 6.437e-17 1
5443.5 5.86833e-15 6.437e-17 1
5445 5.79799e-15 6.437e-17 1
5446.5 5.75112e-15 6.437e-17 1
5448 5.67028e-15 6.437e-17 1
5449.5 5.64343e-15 6.437e-17 1
5451 5.7046e-15 6.437e-17 1
5452.5 5.71909e-15 6.437e-17 1
5454 5.63273e-15 6.437e-17 1
5455.5 5.60591e-15 6.437e-17 1
5457 5.67386e-15 6.437e-17 1
5458.5 5.67503e-15 6.437e-17 1
5460 5.55645e-15 6.437e-17 1
5461.5 5.54211e-15 6.437e-17 1
5463 5.50274e-15 6.437e-17 1
5464.5 5.4639e-15 6.437e-17 1
5466 5.42124e-15 6.437e-17 1
5467.5 5.40596e-15 6.437e-17 1
5469 5.36015e-15 6.437e-17 1
5470.5 5.37935e-15 6.437e-17 1
5472 5.43954e-15 6.437e-17 1
5473.5 5.44345e-15 6.437e-17 1
5475 5.43972e-15 6.437e-17 1
5476.5 5.38432e-15 6.437e-17 1
5478 5.37053e-15 6.437e-17 1
5479.5 5.3402e-15 6.437e-17 1
5481 5.23702e-15 6.437e-17 1
5482.5 5.29206e-15 6.437e-17 1
5484 5.41329e-15 6.437e-17 1
5485.5 5.32628e-15 6.437e-17 1
5487 5.36809e-15 6.437e-17 1
5488.5 5.44144e-15 6.437e-17 1
5490 5.30842e-15 6.437e-17 1
5491.5 5.21476e-15 6.437e-17 1
5493 5.14378e-15 6.437e-17 1
5494.5 5.20862e-15 6.437e-17 1
5496 5.31588e-15 6.437e-17 1
5497.5 5.39328e-15 6.437e-17 1
5499 5.35044e-15 6.437e-17 1
5500.5 5.36426e-15 6.437e-17 1
5502 5.32439e-15 6.437e-17 1
5503.5 5.3434e-15 6.437e-17 1
5505 5.37491e-15 6.437e-17 1
5506.5 5.3277e-15 6.437e-17 1
5508 5.32544e-15 6.437e-17 1
5509.5 5.32408e-15 6.437e-17 1
5511 5.367e-15 6.437e-17 1
5512.5 5.38248e-15 6.437e-17 1
5514 5.31209e-15 6.437e-17 1
5515.5 5.27344e-15 6.437e-17 1
5517 5.28955e-15 6.437e-17 1
5518.5 5.34386e-15 6.437e-17 1
5520 5.38679e-15 5.45446e-17 1
5521.5 5.34213e-15 5.45446e-17 1
5523 5.27675e-15 5.45446e-17 1
5524.5 5.30545e-15 5.45446e-17 1
5526 5.35537e-15 5.45446e-17 1
5527.5 5.35501e-15 5.45446e-17 1
5529 5.28807e-15 5.45446e-17 1
5530.5 5.30951e-15 5.45446e-17 1
5532 5.3263e-15 5.45446e-17 1
5533.5 5.32898e-15 5.45446e-17 1
5535 5.29555e-15 5.45446e-17 1
5536.5 5.27058e-15 5.45446e-17 1
5538 5.27705e-15 5.45446e-17 1
5539.5 5.36963e-15 5.45446e-17 1
5541 5.40071e-15 5.45446e-17 1
5542.5 5.38965e-15 5.45446e-17 1
5544 5.43094e-15 5.45446e-17 1
5545.5 5.29118e-15 5.45446e-17 1
5547 5.29197e-15 5.45446e-17 1
5548.5 5.42981e-15 5.45446e-17 1
5550 5.36955e-15 5.45446e-17 1
5551.5 5.30393e-15 5.45446e-17 1
5553 5.26977e-15 5.45446e-17 1
5554.5 5.30262e-15 5.45446e-17 1
5556 5.31037e-15 5.45446e-17 1
5557.5 5.30291e-15 5.45446e-17 1
5559 5.362e-15 5.45446e-17 1
5560.5 5.2249e-15 5.45446e-17 1
5562 5.32363e-15 5.45446e-17 1
5563.5 5.37512e-15 5.45446e-17 1
5565 5.2485e-15 5.45446e-17 1
5566.5 5.21519e-15 5.45446e-17 1
5568 5.26972e-15 5.45446e-17 1
5569.5 5.4003e-15 5.45446e-17 1
5571 5.39301e-15 5.45446e-17 1
5572.5 5.27018e-15 5.45446e-17 1
5574 5.3228e-15 5.45446e-17 1
5575.5 5.3968e-15 5.45446e-17 1
5577 5.30396e-15 5.45446e-17 1
5578.5 5.18817e-15 5.45446e-17 1
5580 5.13501e-15 5.45446e-17 1
5581.5 5.18656e-15 5.45446e-17 1
5583 5.18525e-15 5.45446e-17 1
5584.5 5.15705e-15 5.45446e-17 1
5586 5.19407e-15 5.45446e-17 1
5587.5 5.16863e-15 5.45446e-17 1
5589 5.15282e-15 5.45446e-17 1
5590.5 5.16849e-15 5.45446e-17 1
5592 5.14662e-15 5.45446e-17 1
5593.5 5.16086e-15 5.45446e-17 1
5595 5.16626e-15 5.45446e-17 1
5596.5 5.14203e-15 5.45446e-17 1
5598 5.14448e-15 5.45446e-17 1
5599.5 5.1881e-15 5.45446e-17 1
5601 5.18542e-15 5.45446e-17 1
5602.5 5.14879e-15 5.45446e-17 1
5604 5.13211e-15 5.45446e-17 1
5605.5 5.09178e-15 5.45446e-17 1
5607 5.06523e-15 5.45446e-17 1
5608.5 5.04527e-15 5.45446e-17 1
5610 5.03086e-15 5.45446e-17 1
5611.5 5.0155e-15 5.45446e-17 1
5613 4.99307e-15 5.45446e-17 1
5614.5 4.95581e-15 5.45446e-17 1
5616 4.86603e-15 5.45446e-17 1
5617.5 4.90894e-15 5.45446e-17 1
5619 4.87764e-15 5.45446e-17 1
5620.5 4.81393e-15 4.48021e-17 1
5622 4.86464e-15 4.48021e-17 1
5623.5 4.87728e-15 4.48021e-17 1
5625 4.90272e-15 4.48021e-17 1
5626.5 4.80876e-15 4.48021e-17 1
5628 4.76753e-15 4.48021e-17 1
5629.5 4.73472e-15 4.48021e-17 1
5631 4.71241e-15 4.48021e-17 1
5632.5 4.69921e-15 4.48021e-17 1
5634 4.73524e-15 4.48021e-17 1
5635.5 4.74715e-15 4.48021e-17 1
5637 4.65535e-15 4.48021e-17 1
5638.5 4.66979e-15 4.48021e-17 1
5640 4.60203e-15 4.48021e-17 1
5641.5 4.49973e-15 4.48021e-17 1
5643 4.61632e-15 4.48021e-17 1
5644.5 4.68573e-15 4.48021e-17 1
5646 4.60455e-15 4.48021e-17 1
5647.5 4.58546e-15 4.48021e-17 1
5649 4.55434e-15 4.48021e-17 1
5650.5 4.60049e-15 4.48021e-17 1
5652 4.62278e-15 4.48021e-17 1
5653.5 4.58216e-15 4.48021e-17 1
5655 4.48184e-15 4.48021e-17 1
5656.5 4.48976e-15 4.48021e-17 1
5658 4.52416e-15 4.48021e-17 1
5659.5 4.52129e-15 4.48021e-17 1
5661 4.45064e-15 4.48021e-17 1
5662.5 4.43112e-15 4.48021e-17 1
5664 4.43076e-15 4.48021e-17 1
5665.5 4.40306e-15 4.48021e-17 1
5667 4.40056e-15 4.48021e-17 1
5668.5 4.45412e-15 4.48021e-17 1
5670 4.41598e-15 4.48021e-17 1
5671.5 4.35937e-15 4.48021e-17 1
5673 4.2784e-15 4.48021e-17 1
5674.5 4.27423e-15 4.48021e-17 1
5676 4.2976e-15 4.48021e-17 1
5677.5 4.29855e-15 4.48021e-17 1
5679 4.37672e-15 4.48021e-17 1
5680.5 4.28671e-15 4.48021e-17 1
5682 4.25263e-15 4.48021e-17 1
5683.5 4.25989e-15 4.48021e-17 1
5685 4.28364e-15 4.48021e-17 1
5686.5 4.21768e-15 4.48021e-17 1
5688 4.28097e-15 4.48021e-17 1
5689.5 4.28533e-15 4.48021e-17 1
5691 4.22889e-15 4.48021e-17 1
5692.5 4.1636e-15 4.48021e-17 1
5694 4.19615e-15 4.48021e-17 1
5695.5 4.18529e-15 4.48021e-17 1
5697 4.18551e-15 4.48021e-17 1
5698.5 4.18572e-15 4.48021e-17 1
5700 4.18593e-15 4.48021e-17 1
5701.5 4.18615e-15 4.48021e-17 1
5703 4.18636e-15 4.48021e-17 1
5704.5 4.18658e-15 4.48021e-17 1
5706 4.18658e-15 4.48021e-17 1
5707.5 4.14186e-15 4.48021e-17 1
5709 4.16392e-15 4.48021e-17 1
5710.5 4.26483e-15 4.48021e-17 1
5712 4.10448e-15 4.48021e-17 1
5713.5 4.12425e-15 4.48021e-17 1
5715 4.13196e-15 4.48021e-17 1
5716.5 4.08017e-15 4.48021e-17 1
5718 4.0989e-15 4.48021e-17 1
5719.5 4.09706e-15 4.48021e-17 1
5721 4.07981e-15 4.41038e-17 1
5722.5 4.03704e-15 4.41038e-17 1
5724 3.93167e-15 4.41038e-17 1
5725.5 4.00322e-15 4.41038e-17 1
5727 3.98832e-15 4.41038e-17 1
5728.5 4.01843e-15 4.41038e-17 1
5730 4.02744e-15 4.41038e-17 1
5731.5 4.01068e-15 4.41038e-17 1
5733 4.01736e-15 4.41038e-17 1
5734.5 4.05123e-15 4.41038e-17 1
5736 4.06047e-15 4.41038e-17 1
5737.5 3.89689e-15 4.41038e-17 1
5739 3.8942e-15 4.41038e-17 1
5740.5 3.99091e-15 4.41038e-17 1
5742 3.97305e-15 4.41038e-17 1
5743.5 3.95728e-15 4.41038e-17 1
5745 3.99108e-15 4.41038e-17 1
5746.5 4.01527e-15 4.41038e-17 1
5748 4.00275e-15 4.41038e-17 1
5749.5 3.94548e-15 4.41038e-17 1
5751 3.94565e-15 4.41038e-17 1
5752.5 3.979e-15 4.41038e-17 1
5754 3.95088e-15 4.41038e-17 1
5755.5 3.93674e-15 4.41038e-17 1
5757 3.93407e-15 4.41038e-17 1
5758.5 3.88898e-15 4.41038e-17 1
5760 3.88651e-15 4.41038e-17 1
5761.5 3.93833e-15 4.41038e-17 1
5763 3.8921e-15 4.41038e-17 1
5764.5 3.86446e-15 4.41038e-17 1
5766 3.85343e-15 4.41038e-17 1
5767.5 3.88365e-15 4.41038e-17 1
5769 3.86899e-15 4.41038e-17 1
5770.5 3.87211e-15 4.41038e-17 1
5772 3.83991e-15 4.41038e-17 1
5773.5 3.88913e-15 4.41038e-17 1
5775 3.88074e-15 4.41038e-17 1
5776.5 3.81557e-15 4.41038e-17 1
5778 3.88072e-15 4.41038e-17 1
5779.5 3.84188e-15 4.41038e-17 1
5781 3.79621e-15 4.41038e-17 1
5782.5 3.81244e-15 4.41038e-17 1
5784 3.74027e-15 4.41038e-17 1
5785.5 3.77903e-15 4.41038e-17 1
5787 3.83899e-15 4.41038e-17 1
5788.5 3.94849e-15 4.41038e-17 1
5790 3.89975e-15 4.41038e-17 1
5791.5 3.80341e-15 4.41038e-17 1
5793 3.75788e-15 4.41038e-17 1
5794.5 3.82733e-15 4.41038e-17 1
5796 3.89177e-15 4.41038e-17 1
5797.5 3.79692e-15 4.41038e-17 1
5799 3.76943e-15 4.41038e-17 1
5800.5 3.84873e-15 4.41038e-17 1
5802 3.87101e-15 4.41038e-17 1
5803.5 3.86263e-15 4.41038e-17 1
5805 3.87452e-15 4.41038e-17 1
5806.5 3.84895e-15 4.41038e-17 1
5808 3.87329e-15 4.41038e-17 1
5809.5 3.91612e-15 4.41038e-17 1
5811 3.93592e-15 4.41038e-17 1
5812.5 3.97147e-15 4.41038e-17 1
5814 3.95045e-15 4.41038e-17 1
5815.5 3.93316e-15 4.41038e-17 1
5817 3.99845e-15 4.41038e-17 1
5818.5 4.03156e-15 4.41038e-17 1
5820 4.03181e-15 9.28277e-17 1
5821.5 4.093e-15 9.28277e-17 1
5823 4.08301e-15 9.28277e-17 1
5824.5 4.00107e-15 9.28277e-17 1
5826 3.97318e-15 9.28277e-17 1
5827.5 4.08577e-15 9.28277e-17 1
5829 4.18376e-15 9.28277e-17 1
5830.5 4.16186e-15 9.28277e-17 1
5832 4.14731e-15 9.28277e-17 1
5833.5 4.15318e-15 9.28277e-17 1
5835 4.16757e-15 9.28277e-17 1
5836.5 4.24271e-15 9.28277e-17 1
5838 4.26582e-15 9.28277e-17 1
5839.5 4.32147e-15 9.28277e-17 1
5841 4.26949e-15 9.28277e-17 1
5842.5 4.20378e-15 9.28277e-17 1
5844 4.28648e-15 9.28277e-17 1
5845.5 4.34883e-15 9.28277e-17 1
5847 4.38138e-15 9.28277e-17 1
5848.5 4.41994e-15 9.28277e-17 1
5850 4.41338e-15 9.28277e-17 1
5851.5 4.36892e-15 9.28277e-17 1
5853 4.47439e-15 9.28277e-17 1
5854.5 4.50534e-15 9.28277e-17 1
5856 4.50066e-15 9.28277e-17 1
5857.5 4.44347e-15 9.28277e-17 1
5859 4.43192e-15 9.28277e-17 1
5860.5 4.56116e-15 9.28277e-17 1
5862 4.573e-15 9.28277e-17 1
5863.5 4.59678e-15 9.28277e-17 1
5865 4.653e-15 9.28277e-17 1
5866.5 4.7375e-15 9.28277e-17 1
5868 4.73076e-15 9.28277e-17 1
5869.5 4.63308e-15 9.28277e-17 1
5871 4.66428e-15 9.28277e-17 1
5872.5 4.70258e-15 9.28277e-17 1
5874 4.70486e-15 9.28277e-17 1
5875.5 4.70233e-15 9.28277e-17 1
5877 4.71103e-15 9.28277e-17 1
5878.5 4.75518e-15 9.28277e-17 1
5880 4.74372e-15 9.28277e-17 1
5881.5 4.79474e-15 9.28277e-17 1
5883 4.84418e-15 9.28277e-17 1
5884.5 4.79906e-15 9.28277e-17 1
5886 4.65828e-15 9.28277e-17 1
5887.5 4.55304e-15 9.28277e-17 1
5889 4.5346e-15 9.28277e-17 1
5890.5 4.51572e-15 9.28277e-17 1
5892 4.55575e-15 9.28277e-17 1
5893.5 4.63452e-15 9.28277e-17 1
5895 4.69588e-15 9.28277e-17 1
5896.5 4.75316e-15 9.28277e-17 1
5898 4.72551e-15 9.28277e-17 1
5899.5 4.71486e-15 9.28277e-17 1
5901 4.80993e-15 9.28277e-17 1
5902.5 4.93163e-15 9.28277e-17 1
5904 4.90548e-15 9.28277e-17 1
5905.5 4.98762e-15 9.28277e-17 1
5907 5.04797e-15 9.28277e-17 1
5908.5 4.91553e-15 9.28277e-17 1
5910 4.98302e-15 9.28277e-17 1
5911.5 4.97825e-15 9.28277e-17 1
5913 5.00933e-15 9.28277e-17 1
5914.5 4.94706e-15 9.28277e-17 1
5916 4.98437e-15 9.28277e-17 1
5917.5 4.97218e-15 9.28277e-17 1
5919 4.94832e-15 9.28277e-17 1
5920.5 4.91044e-15 9.94231e-17 1
5922 4.85325e-15 9.94231e-17 1
5923.5 4.93816e-15 9.94231e-17 1
5925 4.90319e-15 9.94231e-17 1
5926.5 4.94999e-15 9.94231e-17 1
5928 4.93496e-15 9.94231e-17 1
5929.5 4.84553e-15 9.94231e-17 1
5931 4.91555e-15 9.94231e-17 1
5932.5 4.97411e-15 9.94231e-17 1
5934 4.83831e-15 9.94231e-17 1
5935.5 4.89463e-15 9.94231e-17 1
5937 4.99869e-15 9.94231e-17 1
5938.5 5.06269e-15 9.94231e-17 1
5940 4.91979e-15 9.94231e-17 1
5941.5 4.8399e-15 9.94231e-17 1
5943 4.8344e-15 9.94231e-17 1
5944.5 4.85229e-15 9.94231e-17 1
5946 4.83233e-15 9.94231e-17 1
5947.5 4.7735e-15 9.94231e-17 1
5949 4.79428e-15 9.94231e-17 1
5950.5 4.82511e-15 9.94231e-17 1
5952 4.8493e-15 9.94231e-17 1
5953.5 4.89286e-15 9.94231e-17 1
5955 4.8463e-15 9.94231e-17 1
5956.5 4.8182e-15 9.94231e-17 1
5958 4.77633e-15 9.94231e-17 1
5959.5 4.7659e-15 9.94231e-17 1
5961 4.80517e-15 9.94231e-17 1
5962.5 4.8701e-15 9.94231e-17 1
5964 4.90889e-15 9.94231e-17 1
5965.5 4.84495e-15 9.94231e-17 1
5967 4.75922e-15 9.94231e-17 1
5968.5 4.75129e-15 9.94231e-17 1
5970 4.87836e-15 9.94231e-17 1
5971.5 4.93966e-15 9.94231e-17 1
5973 4.85773e-15 9.94231e-17 1
5974.5 4.83261e-15 9.94231e-17 1
5976 4.89065e-15 9.94231e-17 1
5977.5 4.86705e-15 9.94231e-17 1
5979 4.84246e-15 9.94231e-17 1
5980.5 4.90891e-15 9.94231e-17 1
5982 4.89934e-15 9.94231e-17 1
5983.5 4.88699e-15 9.94231e-17 1
5985 4.76286e-15 9.94231e-17 1
5986.5 4.80069e-15 9.94231e-17 1
5988 4.82682e-15 9.94231e-17 1
5989.5 4.80425e-15 9.94231e-17 1
5991 4.79785e-15 9.94231e-17 1
5992.5 4.80638e-15 9.94231e-17 1
5994 4.90413e-15 9.94231e-17 1
5995.5 4.88043e-15 9.94231e-17 1
5997 4.75186e-15 9.94231e-17 1
5998.5 4.79144e-15 9.94231e-17 1
6000 4.70438e-15 9.94231e-17 1
6001.5 4.66187e-15 9.94231e-17 1
6003 4.68569e-15 9.94231e-17 1
6004.5 4.64559e-15 9.94231e-17 1
6006 4.66146e-15 9.94231e-17 1
6007.5 4.64058e-15 9.94231e-17 1
6009 4.599e-15 9.94231e-17 1
6010.5 4.54249e-15 9.94231e-17 1
6012 4.55956e-15 9.94231e-17 1
6013.5 4.54675e-15 9.94231e-17 1
6015 4.41021e-15 9.94231e-17 1
6016.5 4.42307e-15 9.94231e-17 1
6018 4.45805e-15 9.94231e-17 1
6019.5 4.34439e-15 9.94231e-17 1
6021 4.29736e-15 1.08669e-16 1
6022.5 4.34691e-15 1.08669e-16 1
6024 4.2805e-15 1.08669e-16 1
6025.5 4.19923e-15 1.08669e-16 1
6027 4.2198e-15 1.08669e-16 1
6028.5 4.24622e-15 1.08669e-16 1
6030 4.18565e-15 1.08669e-16 1
6031.5 4.12694e-15 1.08669e-16 1
6033 4.10876e-15 1.08669e-16 1
6034.5 4.08999e-15 1.08669e-16 1
6036 4.07122e-15 1.08669e-16 1
6037.5 4.05245e-15 1.08669e-16 1
6039 4.03368e-15 1.08669e-16 1
6040.5 4.0149e-15 1.08669e-16 1
6042 4.0149e-15 1.08669e-16 1
6043.5 3.9686e-15 1.08669e-16 1
6045 3.98842e-15 1.08669e-16 1
6046.5 3.98789e-15 1.08669e-16 1
6048 3.98706e-15 1.08669e-16 1
6049.5 3.97657e-15 1.08669e-16 1
6051 3.89568e-15 1.08669e-16 1
6052.5 3.84491e-15 1.08669e-16 1
6054 3.84542e-15 1.08669e-16 1
6055.5 3.88572e-15 1.08669e-16 1
6057 3.91488e-15 1.08669e-16 1
6058.5 3.89384e-15 1.08669e-16 1
6060 3.8217e-15 1.08669e-16 1
6061.5 3.81644e-15 1.08669e-16 1
6063 3.83264e-15 1.08669e-16 1
6064.5 3.78865e-15 1.08669e-16 1
6066 3.73423e-15 1.08669e-16 1
6067.5 3.77145e-15 1.08669e-16 1
6069 3.84783e-15 1.08669e-16 1
6070.5 3.79857e-15 1.08669e-16 1
6072 3.78628e-15 1.08669e-16 1
6073.5 3.77913e-15 1.08669e-16 1
6075 3.72569e-15 1.08669e-16 1
6076.5 3.69934e-15 1.08669e-16 1
6078 3.68834e-15 1.08669e-16 1
6079.5 3.63228e-15 1.08669e-16 1
6081 3.58879e-15 1.08669e-16 1
6082.5 3.61016e-15 1.08669e-16 1
6084 3.53796e-15 1.08669e-16 1
6085.5 3.45423e-15 1.08669e-16 1
6087 3.37294e-15 1.08669e-16 1
6088.5 3.30015e-15 1.08669e-16 1
6090 3.2989e-15 1.08669e-16 1
6091.5 3.30325e-15 1.08669e-16 1
6093 3.27634e-15 1.08669e-16 1
6094.5 3.15914e-15 1.08669e-16 1
6096 3.04798e-15 1.08669e-16 1
6097.5 3.00488e-15 1.08669e-16 1
6099 2.97538e-15 1.08669e-16 1
6100.5 2.91498e-15 1.08669e-16 1
6102 2.83483e-15 1.08669e-16 1
6103.5 2.7503e-15 1.08669e-16 1
6105 2.67586e-15 1.08669e-16 1
6106.5 2.66547e-15 1.08669e-16 1
6108 2.59862e-15 1.08669e-16 1
6109.5 2.51564e-15 1.08669e-16 1
6111 2.49585e-15 1.08669e-16 1
6112.5 2.47156e-15 1.08669e-16 1
6114 2.38902e-15 1.08669e-16 1
6115.5 2.29604e-15 1.08669e-16 1
6117 2.25842e-15 1.08669e-16 1
6118.5 2.26015e-15 1.08669e-16 1
6120 2.2334e-15 5.04398e-17 1
6121.5 2.1909e-15 5.04398e-17 1
6123 2.19715e-15 5.04398e-17 1
6124.5 2.19487e-15 5.04398e-17 1
6126 2.06675e-15 5.04398e-17 1
6127.5 1.99946e-15 5.04398e-17 1
6129 2.01395e-15 5.04398e-17 1
6130.5 1.96402e-15 5.04398e-17 1
6132 2.00195e-15 5.04398e-17 1
6133.5 1.96683e-15 5.04398e-17 1
6135 1.87351e-15 5.04398e-17 1
6136.5 1.84391e-15 5.04398e-17 1
6138 1.7996e-15 5.04398e-17 1
6139.5 1.81066e-15 5.04398e-17 1
6141 1.73917e-15 5.04398e-17 1
6142.5 1.73615e-15 5.04398e-17 1
6144 1.73818e-15 5.04398e-17 1
6145.5 1.62411e-15 5.04398e-17 1
6147 1.68675e-15 5.04398e-17 1
6148.5 1.72197e-15 5.04398e-17 1
6150 1.64569e-15 5.04398e-17 1
6151.5 1.665e-15 5.04398e-17 1
6153 1.61765e-15 5.04398e-17 1
6154.5 1.54664e-15 5.04398e-17 1
6156 1.52171e-15 5.04398e-17 1
6157.5 1.60305e-15 5.04398e-17 1
6159 1.605e-15 5.04398e-17 1
6160.5 1.49971e-15 5.04398e-17 1
6162 1.5283e-15 5.04398e-17 1
6163.5 1.51422e-15 5.04398e-17 1
6165 1.53081e-15 5.04398e-17 1
6166.5 1.54141e-15 5.04398e-17 1
6168 1.54626e-15 5.04398e-17 1
6169.5 1.58637e-15 5.04398e-17 1
6171 1.53903e-15 5.04398e-17 1
6172.5 1.54253e-15 5.04398e-17 1
6174 1.55136e-15 5.04398e-17 1
6175.5 1.53109e-15 5.04398e-17 1
6177 1.5056e-15 5.04398e-17 1
6178.5 1.54582e-15 5.04398e-17 1
6180 1.57294e-15 5.04398e-17 1
6181.5 1.5656e-15 5.04398e-17 1
6183 1.55305e-15 5.04398e-17 1
6184.5 1.5325e-15 5.04398e-17 1
6186 1.54144e-15 5.04398e-17 1
6187.5 1.59129e-15 5.04398e-17 1
6189 1.63249e-15 5.04398e-17 1
6190.5 1.63795e-15 5.04398e-17 1
6192 1.62685e-15 5.04398e-17 1
6193.5 1.6239e-15 5.04398e-17 1
6195 1.70025e-15 5.04398e-17 1
6196.5 1.74471e-15 5.04398e-17 1
6198 1.75154e-15 5.04398e-17 1
6199.5 1.78883e-15 5.04398e-17 1
6201 1.81429e-15 5.04398e-17 1
6202.5 1.90044e-15 5.04398e-17 1
6204 1.9533e-15 5.04398e-17 1
6205.5 1.9853e-15 5.04398e-17 1
6207 1.97657e-15 5.04398e-17 1
6208.5 2.05058e-15 5.04398e-17 1
6210 2.11684e-15 5.04398e-17 1
6211.5 2.14775e-15 5.04398e-17 1
6213 2.12223e-15 5.04398e-17 1
6214.5 2.19401e-15 5.04398e-17 1
6216 2.22465e-15 5.04398e-17 1
6217.5 2.31794e-15 5.04398e-17 1
6219 2.36179e-15 5.04398e-17 1
6220.5 2.3384e-15 5.57851e-17 1
6222 2.40208e-15 5.57851e-17 1
6223.5 2.3535e-15 5.57851e-17 1
6225 2.38208e-15 5.57851e-17 1
6226.5 2.3791e-15 5.57851e-17 1
6228 2.42257e-15 5.57851e-17 1
6229.5 2.53935e-15 5.57851e-17 1
6231 2.56444e-15 5.57851e-17 1
6232.5 2.50471e-15 5.57851e-17 1
6234 2.5792e-15 5.57851e-17 1
6235.5 2.61021e-15 5.57851e-17 1
6237 2.62705e-15 5.57851e-17 1
6238.5 2.67969e-15 5.57851e-17 1
6240 2.71939e-15 5.57851e-17 1
6241.5 2.70512e-15 5.57851e-17 1
6243 2.60489e-15 5.57851e-17 1
6244.5 2.68465e-15 5.57851e-17 1
6246 2.76341e-15 5.57851e-17 1
6247.5 2.82012e-15 5.57851e-17 1
6249 2.87555e-15 5.57851e-17 1
6250.5 2.88883e-15 5.57851e-17 1
6252 2.89475e-15 5.57851e-17 1
6253.5 2.92382e-15 5.57851e-17 1
6255 2.93195e-15 5.57851e-17 1
6256.5 2.89907e-15 5.57851e-17 1
6258 2.91319e-15 5.57851e-17 1
6259.5 2.97185e-15 5.57851e-17 1
6261 2.98925e-15 5.57851e-17 1
6262.5 2.99644e-15 5.57851e-17 1
6264 3.02681e-15 5.57851e-17 1
6265.5 3.03717e-15 5.57851e-17 1
6267 3.0168e-15 5.57851e-17 1
6268.5 3.04602e-15 5.57851e-17 1
6270 3.10085e-15 5.57851e-17 1
6271.5 3.10991e-15 5.57851e-17 1
6273 3.08542e-15 5.57851e-17 1
6274.5 3.05558e-15 5.57851e-17 1
6276 3.09207e-15 5.57851e-17 1
6277.5 3.13012e-15 5.57851e-17 1
6279 3.15016e-15 5.57851e-17 1
6280.5 3.22534e-15 5.57851e-17 1
6282 3.14991e-15 5.57851e-17 1
6283.5 3.13315e-15 5.57851e-17 1
6285 3.22387e-15 5.57851e-17 1
6286.5 3.22886e-15 5.57851e-17 1
6288 3.32075e-15 5.57851e-17 1
6289.5 3.23925e-15 5.57851e-17 1
6291 3.28886e-15 5.57851e-17 1
6292.5 3.44493e-15 5.57851e-17 1
6294 3.36688e-15 5.57851e-17 1
6295.5 3.35113e-15 5.57851e-17 1
6297 3.52373e-15 5.57851e-17 1
6298.5 3.56524e-15 5.57851e-17 1
6300 3.45761e-15 5.57851e-17 1
6301.5 3.45855e-15 5.57851e-17 1
6303 3.51363e-15 5.57851e-17 1
6304.5 3.60551e-15 5.57851e-17 1
6306 3.51046e-15 5.57851e-17 1
6307.5 3.46595e-15 5.57851e-17 1
6309 3.51539e-15 5.57851e-17 1
6310.5 3.48032e-15 5.57851e-17 1
6312 3.51409e-15 5.57851e-17 1
6313.5 3.49174e-15 5.57851e-17 1
6315 3.4797e-15 5.57851e-17 1
6316.5 3.46874e-15 5.57851e-17 1
6318 3.54765e-15 5.57851e-17 1
6319.5 3.52437e-15 5.57851e-17 1
6321 3.46066e-15 4.85163e-17 1
6322.5 3.46665e-15 4.85163e-17 1
6324 3.51953e-15 4.85163e-17 1
6325.5 3.5598e-15 4.85163e-17 1
6327 3.61653e-15 4.85163e-17 1
6328.5 3.62464e-15 4.85163e-17 1
6330 3.55566e-15 4.85163e-17 1
6331.5 3.50433e-15 4.85163e-17 1
6333 3.50281e-15 4.85163e-17 1
6334.5 3.60067e-15 4.85163e-17 1
6336 3.7166e-15 4.85163e-17 1
6337.5 3.68896e-15 4.85163e-17 1
6339 3.59558e-15 4.85163e-17 1
6340.5 3.53914e-15 4.85163e-17 1
6342 3.59272e-15 4.85163e-17 1
6343.5 3.64388e-15 4.85163e-17 1
6345 3.55972e-15 4.85163e-17 1
6346.5 3.58632e-15 4.85163e-17 1
6348 3.6566e-15 4.85163e-17 1
6349.5 3.68093e-15 4.85163e-17 1
6351 3.70585e-15 4.85163e-17 1
6352.5 3.71253e-15 4.85163e-17 1
6354 3.62776e-15 4.85163e-17 1
6355.5 3.58339e-15 4.85163e-17 1
6357 3.64176e-15 4.85163e-17 1
6358.5 3.64374e-15 4.85163e-17 1
6360 3.55083e-15 4.85163e-17 1
6361.5 3.54394e-15 4.85163e-17 1
6363 3.55624e-15 4.85163e-17 1
6364.5 3.57377e-15 4.85163e-17 1
6366 3.56352e-15 4.85163e-17 1
6367.5 3.59992e-15 4.85163e-17 1
6369 3.53014e-15 4.85163e-17 1
6370.5 3.48558e-15 4.85163e-17 1
6372 3.47335e-15 4.85163e-17 1
6373.5 3.5331e-15 4.85163e-17 1
6375 3.58561e-15 4.85163e-17 1
6376.5 3.58991e-15 4.85163e-17 1
6378 3.53912e-15 4.85163e-17 1
6379.5 3.58753e-15 4.85163e-17 1
6381 3.55696e-15 4.85163e-17 1
6382.5 3.52657e-15 4.85163e-17 1
6384 3.57136e-15 4.85163e-17 1
6385.5 3.53147e-15 4.85163e-17 1
6387 3.51205e-15 4.85163e-17 1
6388.5 3.53707e-15 4.85163e-17 1
6390 3.57063e-15 4.85163e-17 1
6391.5 3.50284e-15 4.85163e-17 1
6393 3.50759e-15 4.85163e-17 1
6394.5 3.49444e-15 4.85163e-17 1
6396 3.50477e-15 4.85163e-17 1
6397.5 3.52008e-15 4.85163e-17 1
6399 3.52939e-15 4.85163e-17 1
6400.5 3.544e-15 4.85163e-17 1
6402 3.56409e-15 4.85163e-17 1
6403.5 3.55957e-15 4.85163e-17 1
6405 3.52419e-15 4.85163e-17 1
6406.5 3.55127e-15 4.85163e-17 1
6408 3.54667e-15 4.85163e-17 1
6409.5 3.47249e-15 4.85163e-17 1
6411 3.44615e-15 4.85163e-17 1
6412.5 3.47592e-15 4.85163e-17 1
6414 3.48124e-15 4.85163e-17 1
6415.5 3.48949e-15 4.85163e-17 1
6417 3.50776e-15 4.85163e-17 1
6418.5 3.45803e-15 4.85163e-17 1
6420 3.46437e-15 4.58615e-17 1
6421.5 3.54902e-15 4.58615e-17 1
6423 3.51901e-15 4.58615e-17 1
6424.5 3.45729e-15 4.58615e-17 1
6426 3.46166e-15 4.58615e-17 1
6427.5 3.4712e-15 4.58615e-17 1
6429 3.41661e-15 4.58615e-17 1
6430.5 3.41761e-15 4.58615e-17 1
6432 3.45473e-15 4.58615e-17 1
6433.5 3.44248e-15 4.58615e-17 1
6435 3.44737e-15 4.58615e-17 1
6436.5 3.39641e-15 4.58615e-17 1
6438 3.39896e-15 4.58615e-17 1
6439.5 3.40031e-15 4.58615e-17 1
6441 3.39807e-15 4.58615e-17 1
6442.5 3.46224e-15 4.58615e-17 1
6444 3.44005e-15 4.58615e-17 1
6445.5 3.4451e-15 4.58615e-17 1
6447 3.384e-15 4.58615e-17 1
6448.5 3.39854e-15 4.58615e-17 1
6450 3.47128e-15 4.58615e-17 1
6451.5 3.44961e-15 4.58615e-17 1
6453 3.49478e-15 4.58615e-17 1
6454.5 3.46622e-15 4.58615e-17 1
6456 3.36259e-15 4.58615e-17 1
6457.5 3.35724e-15 4.58615e-17 1
6459 3.41087e-15 4.58615e-17 1
6460.5 3.43028e-15 4.58615e-17 1
6462 3.34707e-15 4.58615e-17 1
6463.5 3.33619e-15 4.58615e-17 1
6465 3.41675e-15 4.58615e-17 1
6466.5 3.43266e-15 4.58615e-17 1
6468 3.3618e-15 4.58615e-17 1
6469.5 3.37223e-15 4.58615e-17 1
6471 3.34427e-15 4.58615e-17 1
6472.5 3.2948e-15 4.58615e-17 1
6474 3.32333e-15 4.58615e-17 1
6475.5 3.33243e-15 4.58615e-17 1
6477 3.3564e-15 4.58615e-17 1
6478.5 3.38706e-15 4.58615e-17 1
6480 3.30963e-15 4.58615e-17 1
6481.5 3.26326e-15 4.58615e-17 1
6483 3.28419e-15 4.58615e-17 1
6484.5 3.30869e-15 4.58615e-17 1
6486 3.34458e-15 4.58615e-17 1
6487.5 3.33485e-15 4.58615e-17 1
6489 3.32567e-15 4.58615e-17 1
6490.5 3.37172e-15 4.58615e-17 1
6492 3.40055e-15 4.58615e-17 1
6493.5 3.38335e-15 4.58615e-17 1
6495 3.31575e-15 4.58615e-17 1
6496.5 3.29132e-15 4.58615e-17 1
6498 3.3144e-15 4.58615e-17 1
6499.5 3.30361e-15 4.58615e-17 1
6501 3.30845e-15 4.58615e-17 1
6502.5 3.34065e-15 4.58615e-17 1
6504 3.31735e-15 4.58615e-17 1
6505.5 3.36175e-15 4.58615e-17 1
6507 3.41872e-15 4.58615e-17 1
6508.5 3.37704e-15 4.58615e-17 1
6510 3.38796e-15 4.58615e-17 1
6511.5 3.26707e-15 4.58615e-17 1
6513 3.22971e-15 4.58615e-17 1
6514.5 3.25146e-15 4.58615e-17 1
6516 3.23429e-15 4.58615e-17 1
6517.5 3.18612e-15 4.58615e-17 1
6519 3.21165e-15 4.58615e-17 1
6520.5 3.27559e-15 5.00328e-17 1
6522 3.21347e-15 5.00328e-17 1
6523.5 3.2194e-15 5.00328e-17 1
6525 3.25191e-15 5.00328e-17 1
6526.5 3.24029e-15 5.00328e-17 1
6528 3.25667e-15 5.00328e-17 1
6529.5 3.24477e-15 5.00328e-17 1
6531 3.25234e-15 5.00328e-17 1
6532.5 3.28246e-15 5.00328e-17 1
6534 3.29098e-15 5.00328e-17 1
6535.5 3.25246e-15 5.00328e-17 1
6537 3.2265e-15 5.00328e-17 1
6538.5 3.18327e-15 5.00328e-17 1
6540 3.19237e-15 5.00328e-17 1
6541.5 3.20656e-15 5.00328e-17 1
6543 3.16722e-15 5.00328e-17 1
6544.5 3.20393e-15 5.00328e-17 1
6546 3.23273e-15 5.00328e-17 1
6547.5 3.22671e-15 5.00328e-17 1
6549 3.19957e-15 5.00328e-17 1
6550.5 3.20025e-15 5.00328e-17 1
6552 3.20724e-15 5.00328e-17 1
6553.5 3.1918e-15 5.00328e-17 1
6555 3.24214e-15 5.00328e-17 1
6556.5 3.20788e-15 5.00328e-17 1
6558 3.09138e-15 5.00328e-17 1
6559.5 3.09931e-15 5.00328e-17 1
6561 3.14541e-15 5.00328e-17 1
6562.5 3.16104e-15 5.00328e-17 1
6564 3.13382e-15 5.00328e-17 1
6565.5 3.09169e-15 5.00328e-17 1
6567 3.13031e-15 5.00328e-17 1
6568.5 3.10178e-15 5.00328e-17 1
6570 3.10758e-15 5.00328e-17 1
6571.5 3.14944e-15 5.00328e-17 1
6573 3.13992e-15 5.00328e-17 1
6574.5 3.07857e-15 5.00328e-17 1
6576 3.08973e-15 5.00328e-17 1
6577.5 3.01918e-15 5.00328e-17 1
6579 3.04646e-15 5.00328e-17 1
6580.5 3.06801e-15 5.00328e-17 1
6582 3.00132e-15 5.00328e-17 1
6583.5 3.0431e-15 5.00328e-17 1
6585 2.99725e-15 5.00328e-17 1
6586.5 2.92341e-15 5.00328e-17 1
6588 3.04838e-15 5.00328e-17 1
6589.5 3.0094e-15 5.00328e-17 1
6591 3.00189e-15 5.00328e-17 1
6592.5 3.07557e-15 5.00328e-17 1
6594 2.99314e-15 5.00328e-17 1
6595.5 2.97826e-15 5.00328e-17 1
6597 3.03834e-15 5.00328e-17 1
6598.5 2.95711e-15 5.00328e-17 1
6600 2.96085e-15 5.00328e-17 1
6601.5 2.98404e-15 5.00328e-17 1
6603 2.93914e-15 5.00328e-17 1
6604.5 2.82558e-15 5.00328e-17 1
6606 2.92833e-15 5.00328e-17 1
6607.5 2.95565e-15 5.00328e-17 1
6609 2.91466e-15 5.00328e-17 1
6610.5 2.8648e-15 5.00328e-17 1
6612 2.87231e-15 5.00328e-17 1
6613.5 2.94122e-15 5.00328e-17 1
6615 3.04174e-15 5.00328e-17 1
6616.5 3.00968e-15 5.00328e-17 1
6618 2.95923e-15 5.00328e-17 1
6619.5 2.88901e-15 5.00328e-17 1
6621 2.83575e-15 1.66705e-16 1
6622.5 2.82836e-15 1.66705e-16 1
6624 2.91091e-15 1.66705e-16 1
6625.5 3.0437e-15 1.66705e-16 1
6627 3.30211e-15 1.66705e-16 1
6628.5 3.51929e-15 1.66705e-16 1
6630 3.56809e-15 1.66705e-16 1
6631.5 3.51736e-15 1.66705e-16 1
6633 3.27189e-15 1.66705e-16 1
6634.5 2.99767e-15 1.66705e-16 1
6636 2.80238e-15 1.66705e-16 1
6637.5 2.687e-15 1.66705e-16 1
6639 2.69196e-15 1.66705e-16 1
6640.5 2.68513e-15 1.66705e-16 1
6642 2.67313e-15 1.66705e-16 1
6643.5 2.70218e-15 1.66705e-16 1
6645 2.73399e-15 1.66705e-16 1
6646.5 2.76833e-15 1.66705e-16 1
6648 2.82602e-15 1.66705e-16 1
6649.5 2.95432e-15 1.66705e-16 1
6651 2.97344e-15 1.66705e-16 1
6652.5 2.93617e-15 1.66705e-16 1
6654 2.88808e-15 1.66705e-16 1
6655.5 2.7829e-15 1.66705e-16 1
6657 2.62895e-15 1.66705e-16 1
6658.5 2.59309e-15 1.66705e-16 1
6660 2.69097e-15 1.66705e-16 1
6661.5 2.66099e-15 1.66705e-16 1
6663 2.60867e-15 1.66705e-16 1
6664.5 2.56703e-15 1.66705e-16 1
6666 2.61168e-15 1.66705e-16 1
6667.5 2.68404e-15 1.66705e-16 1
6669 2.64496e-15 1.66705e-16 1
6670.5 2.61814e-15 1.66705e-16 1
6672 2.59724e-15 1.66705e-16 1
6673.5 2.52419e-15 1.66705e-16 1
6675 2.47525e-15 1.66705e-16 1
6676.5 2.47848e-15 1.66705e-16 1
6678 2.51058e-15 1.66705e-16 1
6679.5 2.50824e-15 1.66705e-16 1
6681 2.52447e-15 1.66705e-16 1
6682.5 2.57045e-15 1.66705e-16 1
6684 2.57395e-15 1.66705e-16 1
6685.5 2.55062e-15 1.66705e-16 1
6687 2.52355e-15 1.66705e-16 1
6688.5 2.52361e-15 1.66705e-16 1
6690 2.5282e-15 1.66705e-16 1
6691.5 2.46209e-15 1.66705e-16 1
6693 2.4428e-15 1.66705e-16 1
6694.5 2.47854e-15 1.66705e-16 1
6696 2.50215e-15 1.66705e-16 1
6697.5 2.50748e-15 1.66705e-16 1
6699 2.50742e-15 1.66705e-16 1
6700.5 2.5025e-15 1.66705e-16 1
6702 2.42755e-15 1.66705e-16 1
6703.5 2.34083e-15 1.66705e-16 1
6705 2.2869e-15 1.66705e-16 1
6706.5 2.35617e-15 1.66705e-16 1
6708 2.47998e-15 1.66705e-16 1
6709.5 2.44664e-15 1.66705e-16 1
6711 2.34653e-15 1.66705e-16 1
6712.5 2.32508e-15 1.66705e-16 1
6714 2.34289e-15 1.66705e-16 1
6715.5 2.33261e-15 1.66705e-16 1
6717 2.31984e-15 1.66705e-16 1
6718.5 2.33452e-15 1.66705e-16 1
6720 2.3412e-15 5.85163e-17 1
6721.5 2.32902e-15 5.85163e-17 1
6723 2.34318e-15 5.85163e-17 1
6724.5 2.33444e-15 5.85163e-17 1
6726 2.28148e-15 5.85163e-17 1
6727.5 2.27615e-15 5.85163e-17 1
6729 2.27836e-15 5.85163e-17 1
6730.5 2.26032e-15 5.85163e-17 1
6732 2.24659e-15 5.85163e-17 1
6733.5 2.25192e-15 5.85163e-17 1
6735 2.22531e-15 5.85163e-17 1
6736.5 2.22721e-15 5.85163e-17 1
6738 2.23236e-15 5.85163e-17 1
6739.5 2.24541e-15 5.85163e-17 1
6741 2.27871e-15 5.85163e-17 1
6742.5 2.2247e-15 5.85163e-17 1
6744 2.18473e-15 5.85163e-17 1
6745.5 2.2137e-15 5.85163e-17 1
6747 2.17613e-15 5.85163e-17 1
6748.5 2.23616e-15 5.85163e-17 1
6750 2.20104e-15 5.85163e-17 1
6751.5 2.11682e-15 5.85163e-17 1
6753 2.17426e-15 5.85163e-17 1
6754.5 2.13625e-15 5.85163e-17 1
6756 2.08022e-15 5.85163e-17 1
6757.5 2.10863e-15 5.85163e-17 1
6759 2.11501e-15 5.85163e-17 1
6760.5 2.10243e-15 5.85163e-17 1
6762 2.10865e-15 5.85163e-17 1
6763.5 2.1263e-15 5.85163e-17 1
6765 2.08043e-15 5.85163e-17 1
6766.5 2.05848e-15 5.85163e-17 1
6768 2.09906e-15 5.85163e-17 1
6769.5 2.12536e-15 5.85163e-17 1
6771 2.13914e-15 5.85163e-17 1
6772.5 2.12339e-15 5.85163e-17 1
6774 2.13635e-15 5.85163e-17 1
6775.5 2.10187e-15 5.85163e-17 1
6777 2.08117e-15 5.85163e-17 1
6778.5 2.08971e-15 5.85163e-17 1
6780 2.08666e-15 5.85163e-17 1
6781.5 2.12874e-15 5.85163e-17 1
6783 2.20642e-15 5.85163e-17 1
6784.5 2.23536e-15 5.85163e-17 1
6786 2.27208e-15 5.85163e-17 1
6787.5 2.25699e-15 5.85163e-17 1
6789 2.17806e-15 5.85163e-17 1
6790.5 2.03064e-15 5.85163e-17 1
6792 1.95826e-15 5.85163e-17 1
6793.5 1.96839e-15 5.85163e-17 1
6795 2.03244e-15 5.85163e-17 1
6796.5 2.0478e-15 5.85163e-17 1
6798 2.06052e-15 5.85163e-17 1
6799.5 2.08966e-15 5.85163e-17 1
6801 2.0701e-15 5.85163e-17 1
6802.5 2.03987e-15 5.85163e-17 1
6804 2.05734e-15 5.85163e-17 1
6805.5 1.99455e-15 5.85163e-17 1
6807 1.9646e-15 5.85163e-17 1
6808.5 1.89998e-15 5.85163e-17 1
6810 1.95258e-15 5.85163e-17 1
6811.5 1.94297e-15 5.85163e-17 1
6813 1.87129e-15 5.85163e-17 1
6814.5 1.89974e-15 5.85163e-17 1
6816 1.91388e-15 5.85163e-17 1
6817.5 1.86964e-15 5.85163e-17 1
6819 1.94972e-15 5.85163e-17 1
6820.5 1.89496e-15 5.33487e-17 1
6822 1.88591e-15 5.33487e-17 1
6823.5 1.82956e-15 5.33487e-17 1
6825 1.83698e-15 5.33487e-17 1
6826.5 1.8397e-15 5.33487e-17 1
6828 1.88326e-15 5.33487e-17 1
6829.5 1.86851e-15 5.33487e-17 1
6831 1.82516e-15 5.33487e-17 1
6832.5 1.86684e-15 5.33487e-17 1
6834 1.87232e-15 5.33487e-17 1
6835.5 1.83292e-15 5.33487e-17 1
6837 1.81426e-15 5.33487e-17 1
6838.5 1.84228e-15 5.33487e-17 1
6840 1.87839e-15 5.33487e-17 1
6841.5 1.86927e-15 5.33487e-17 1
6843 1.81573e-15 5.33487e-17 1
6844.5 1.82063e-15 5.33487e-17 1
6846 1.86979e-15 5.33487e-17 1
6847.5 1.88217e-15 5.33487e-17 1
6849 1.86475e-15 5.33487e-17 1
6850.5 1.85875e-15 5.33487e-17 1
6852 1.86871e-15 5.33487e-17 1
6853.5 1.79533e-15 5.33487e-17 1
6855 1.73639e-15 5.33487e-17 1
6856.5 1.73306e-15 5.33487e-17 1
6858 1.78629e-15 5.33487e-17 1
6859.5 1.85811e-15 5.33487e-17 1
6861 1.81579e-15 5.33487e-17 1
6862.5 1.90877e-15 5.33487e-17 1
6864 1.9362e-15 5.33487e-17 1
6865.5 1.87508e-15 5.33487e-17 1
6867 1.77361e-15 5.33487e-17 1
6868.5 1.75855e-15 5.33487e-17 1
6870 1.73311e-15 5.33487e-17 1
6871.5 1.67606e-15 5.33487e-17 1
6873 1.78238e-15 5.33487e-17 1
6874.5 1.84206e-15 5.33487e-17 1
6876 1.76403e-15 5.33487e-17 1
6877.5 1.77604e-15 5.33487e-17 1
6879 1.87075e-15 5.33487e-17 1
6880.5 1.77195e-15 5.33487e-17 1
6882 1.79226e-15 5.33487e-17 1
6883.5 1.85013e-15 5.33487e-17 1
6885 1.71239e-15 5.33487e-17 1
6886.5 1.71625e-15 5.33487e-17 1
6888 1.75396e-15 5.33487e-17 1
6889.5 1.83381e-15 5.33487e-17 1
6891 1.94608e-15 5.33487e-17 1
6892.5 1.8491e-15 5.33487e-17 1
6894 1.8413e-15 5.33487e-17 1
6895.5 1.89984e-15 5.33487e-17 1
6897 1.87325e-15 5.33487e-17 1
6898.5 1.8322e-15 5.33487e-17 1
6900 1.87187e-15 5.33487e-17 1
6901.5 1.85147e-15 5.33487e-17 1
6903 1.76782e-15 5.33487e-17 1
6904.5 1.7675e-15 5.33487e-17 1
6906 1.78033e-15 5.33487e-17 1
6907.5 1.75665e-15 5.33487e-17 1
6909 1.74772e-15 5.33487e-17 1
6910.5 1.80884e-15 5.33487e-17 1
6912 1.80634e-15 5.33487e-17 1
6913.5 1.78212e-15 5.33487e-17 1
6915 1.8066e-15 5.33487e-17 1
6916.5 1.8173e-15 5.33487e-17 1
6918 1.79549e-15 5.33487e-17 1
6919.5 1.83009e-15 5.33487e-17 1
6921 1.82274e-15 5.81908e-17 1
6922.5 1.75602e-15 5.81908e-17 1
6924 1.79621e-15 5.81908e-17 1
6925.5 1.85995e-15 5.81908e-17 1
6927 1.79995e-15 5.81908e-17 1
6928.5 1.78027e-15 5.81908e-17 1
6930 1.82874e-15 5.81908e-17 1
6931.5 1.84021e-15 5.81908e-17 1
6933 1.78789e-15 5.81908e-17 1
6934.5 1.75472e-15 5.81908e-17 1
6936 1.74842e-15 5.81908e-17 1
6937.5 1.67214e-15 5.81908e-17 1
6939 1.64552e-15 5.81908e-17 1
6940.5 1.67386e-15 5.81908e-17 1
6942 1.64843e-15 5.81908e-17 1
6943.5 1.63721e-15 5.81908e-17 1
6945 1.65149e-15 5.81908e-17 1
6946.5 1.70642e-15 5.81908e-17 1
6948 1.73146e-15 5.81908e-17 1
6949.5 1.70966e-15 5.81908e-17 1
6951 1.7595e-15 5.81908e-17 1
6952.5 1.72778e-15 5.81908e-17 1
6954 1.66515e-15 5.81908e-17 1
6955.5 1.72275e-15 5.81908e-17 1
6957 1.71734e-15 5.81908e-17 1
6958.5 1.63912e-15 5.81908e-17 1
6960 1.65989e-15 5.81908e-17 1
6961.5 1.66584e-15 5.81908e-17 1
6963 1.64596e-15 5.81908e-17 1
6964.5 1.63453e-15 5.81908e-17 1
6966 1.60361e-15 5.81908e-17 1
6967.5 1.632e-15 5.81908e-17 1
6969 1.69571e-15 5.81908e-17 1
6970.5 1.6417e-15 5.81908e-17 1
6972 1.66843e-15 5.81908e-17 1
6973.5 1.75328e-15 5.81908e-17 1
6975 1.74172e-15 5.81908e-17 1
6976.5 1.70152e-15 5.81908e-17 1
6978 1.73956e-15 5.81908e-17 1
6979.5 1.73967e-15 5.81908e-17 1
6981 1.70591e-15 5.81908e-17 1
6982.5 1.67759e-15 5.81908e-17 1
6984 1.61517e-15 5.81908e-17 1
6985.5 1.57774e-15 5.81908e-17 1
6987 1.55005e-15 5.81908e-17 1
6988.5 1.55674e-15 5.81908e-17 1
6990 1.55639e-15 5.81908e-17 1
6991.5 1.51317e-15 5.81908e-17 1
6993 1.48219e-15 5.81908e-17 1
6994.5 1.50192e-15 5.81908e-17 1
6996 1.49926e-15 5.81908e-17 1
6997.5 1.47662e-15 5.81908e-17 1
6999 1.48527e-15 5.81908e-17 1
7000.5 1.53233e-15 5.81908e-17 1
7002 1.54553e-15 5.81908e-17 1
7003.5 1.46752e-15 5.81908e-17 1
7005 1.47467e-15 5.81908e-17 1
7006.5 1.45503e-15 5.81908e-17 1
7008 1.50819e-15 5.81908e-17 1
7009.5 1.54222e-15 5.81908e-17 1
7011 1.53925e-15 5.81908e-17 1
7012.5 1.50513e-15 5.81908e-17 1
7014 1.44516e-15 5.81908e-17 1
7015.5 1.43893e-15 5.81908e-17 1
7017 1.42281e-15 5.81908e-17 1
7018.5 1.4578e-15 5.81908e-17 1
7020 1.44326e-15 4.32867e-17 1
7021.5 1.40791e-15 4.32867e-17 1
7023 1.4369e-15 4.32867e-17 1
7024.5 1.42609e-15 4.32867e-17 1
7026 1.4632e-15 4.32867e-17 1
7027.5 1.53502e-15 4.32867e-17 1
7029 1.47549e-15 4.32867e-17 1
7030.5 1.43262e-15 4.32867e-17 1
7032 1.43694e-15 4.32867e-17 1
7033.5 1.45226e-15 4.32867e-17 1
7035 1.45498e-15 4.32867e-17 1
7036.5 1.44836e-15 4.32867e-17 1
7038 1.4558e-15 4.32867e-17 1
7039.5 1.46449e-15 4.32867e-17 1
7041 1.45028e-15 4.32867e-17 1
7042.5 1.47591e-15 4.32867e-17 1
7044 1.50619e-15 4.32867e-17 1
7045.5 1.51849e-15 4.32867e-17 1
7047 1.44004e-15 4.32867e-17 1
7048.5 1.43635e-15 4.32867e-17 1
7050 1.46662e-15 4.32867e-17 1
7051.5 1.47723e-15 4.32867e-17 1
7053 1.43385e-15 4.32867e-17 1
7054.5 1.4358e-15 4.32867e-17 1
7056 1.43019e-15 4.32867e-17 1
7057.5 1.4377e-15 4.32867e-17 1
7059 1.50117e-15 4.32867e-17 1
7060.5 1.53773e-15 4.32867e-17 1
7062 1.55443e-15 4.32867e-17 1
7063.5 1.53648e-15 4.32867e-17 1
7065 1.48959e-15 4.32867e-17 1
7066.5 1.45496e-15 4.32867e-17 1
7068 1.50233e-15 4.32867e-17 1
7069.5 1.52265e-15 4.32867e-17 1
7071 1.50671e-15 4.32867e-17 1
7072.5 1.53197e-15 4.32867e-17 1
7074 1.58567e-15 4.32867e-17 1
7075.5 1.62952e-15 4.32867e-17 1
7077 1.57284e-15 4.32867e-17 1
7078.5 1.45202e-15 4.32867e-17 1
7080 1.51385e-15 4.32867e-17 1
7081.5 1.56649e-15 4.32867e-17 1
7083 1.53222e-15 4.32867e-17 1
7084.5 1.48768e-15 4.32867e-17 1
7086 1.49102e-15 4.32867e-17 1
7087.5 1.514e-15 4.32867e-17 1
7089 1.52269e-15 4.32867e-17 1
7090.5 1.5712e-15 4.32867e-17 1
7092 1.50631e-15 4.32867e-17 1
7093.5 1.53788e-15 4.32867e-17 1
7095 1.61101e-15 4.32867e-17 1
7096.5 1.53452e-15 4.32867e-17 1
7098 1.45415e-15 4.32867e-17 1
7099.5 1.4773e-15 4.32867e-17 1
7101 1.49984e-15 4.32867e-17 1
7102.5 1.49147e-15 4.32867e-17 1
7104 1.51351e-15 4.32867e-17 1
7105.5 1.4217e-15 4.32867e-17 1
7107 1.47408e-15 4.32867e-17 1
7108.5 1.50742e-15 4.32867e-17 1
7110 1.48322e-15 4.32867e-17 1
7111.5 1.50281e-15 4.32867e-17 1
7113 1.47839e-15 4.32867e-17 1
7114.5 1.49768e-15 4.32867e-17 1
7116 1.51196e-15 4.32867e-17 1
7117.5 1.55286e-15 4.32867e-17 1
7119 1.55809e-15 4.32867e-17 1
7120.5 1.48854e-15 5.64071e-17 1
7122 1.47444e-15 5.64071e-17 1
7123.5 1.47504e-15 5.64071e-17 1
7125 1.52357e-15 5.64071e-17 1
7126.5 1.49023e-15 5.64071e-17 1
7128 1.44369e-15 5.64071e-17 1
7129.5 1.45187e-15 5.64071e-17 1
7131 1.42179e-15 5.64071e-17 1
7132.5 1.42458e-15 5.64071e-17 1
7134 1.45846e-15 5.64071e-17 1
7135.5 1.50219e-15 5.64071e-17 1
7137 1.51087e-15 5.64071e-17 1
7138.5 1.43409e-15 5.64071e-17 1
7140 1.38412e-15 5.64071e-17 1
7141.5 1.42163e-15 5.64071e-17 1
7143 1.43593e-15 5.64071e-17 1
7144.5 1.47047e-15 5.64071e-17 1
7146 1.45126e-15 5.64071e-17 1
7147.5 1.40428e-15 5.64071e-17 1
7149 1.43324e-15 5.64071e-17 1
7150.5 1.45184e-15 5.64071e-17 1
7152 1.46529e-15 5.64071e-17 1
7153.5 1.49627e-15 5.64071e-17 1
7155 1.48872e-15 5.64071e-17 1
7156.5 1.46673e-15 5.64071e-17 1
7158 1.52415e-15 5.64071e-17 1
7159.5 1.46419e-15 5.64071e-17 1
7161 1.36778e-15 5.64071e-17 1
7162.5 1.42912e-15 5.64071e-17 1
7164 1.48463e-15 5.64071e-17 1
7165.5 1.41389e-15 5.64071e-17 1
7167 1.41145e-15 5.64071e-17 1
7168.5 1.55662e-15 5.64071e-17 1
7170 1.45854e-15 5.64071e-17 1
7171.5 1.35025e-15 5.64071e-17 1
7173 1.37123e-15 5.64071e-17 1
7174.5 1.31569e-15 5.64071e-17 1
7176 1.29525e-15 5.64071e-17 1
7177.5 1.34102e-15 5.64071e-17 1
7179 1.40393e-15 5.64071e-17 1
7180.5 1.40608e-15 5.64071e-17 1
7182 1.3508e-15 5.64071e-17 1
7183.5 1.33237e-15 5.64071e-17 1
7185 1.29084e-15 5.64071e-17 1
7186.5 1.22521e-15 5.64071e-17 1
7188 1.25251e-15 5.64071e-17 1
7189.5 1.29962e-15 5.64071e-17 1
7191 1.31879e-15 5.64071e-17 1
7192.5 1.2429e-15 5.64071e-17 1
7194 1.20506e-15 5.64071e-17 1
7195.5 1.24179e-15 5.64071e-17 1
7197 1.24953e-15 5.64071e-17 1
7198.5 1.2274e-15 5.64071e-17 1
7200 1.25977e-15 5.64071e-17 1
7201.5 1.22637e-15 5.64071e-17 1
7203 1.17435e-15 5.64071e-17 1
7204.5 1.24622e-15 5.64071e-17 1
7206 1.3433e-15 5.64071e-17 1
7207.5 1.36296e-15 5.64071e-17 1
7209 1.35302e-15 5.64071e-17 1
7210.5 1.32767e-15 5.64071e-17 1
7212 1.33886e-15 5.64071e-17 1
7213.5 1.31367e-15 5.64071e-17 1
7215 1.24821e-15 5.64071e-17 1
7216.5 1.25121e-15 5.64071e-17 1
7218 1.29549e-15 5.64071e-17 1
7219.5 1.32971e-15 5.64071e-17 1
7221 1.31345e-15 5.83716e-17 1
7222.5 1.29434e-15 5.83716e-17 1
7224 1.32121e-15 5.83716e-17 1
7225.5 1.34018e-15 5.83716e-17 1
7227 1.32132e-15 5.83716e-17 1
7228.5 1.31929e-15 5.83716e-17 1
7230 1.30106e-15 5.83716e-17 1
7231.5 1.28107e-15 5.83716e-17 1
7233 1.2577e-15 5.83716e-17 1
7234.5 1.1765e-15 5.83716e-17 1
7236 1.20307e-15 5.83716e-17 1
7237.5 1.24853e-15 5.83716e-17 1
7239 1.24859e-15 5.83716e-17 1
7240.5 1.25794e-15 5.83716e-17 1
7242 1.22979e-15 5.83716e-17 1
7243.5 1.22584e-15 5.83716e-17 1
7245 1.26783e-15 5.83716e-17 1
7246.5 1.1893e-15 5.83716e-17 1
7248 1.22666e-15 5.83716e-17 1
7249.5 1.23622e-15 5.83716e-17 1
7251 1.15316e-15 5.83716e-17 1
7252.5 1.24232e-15 5.83716e-17 1
7254 1.27007e-15 5.83716e-17 1
7255.5 1.33382e-15 5.83716e-17 1
7257 1.34739e-15 5.83716e-17 1
7258.5 1.25849e-15 5.83716e-17 1
7260 1.25275e-15 5.83716e-17 1
7261.5 1.24764e-15 5.83716e-17 1
7263 1.18861e-15 5.83716e-17 1
7264.5 1.15622e-15 5.83716e-17 1
7266 1.19318e-15 5.83716e-17 1
7267.5 1.28024e-15 5.83716e-17 1
7269 1.26093e-15 5.83716e-17 1
7270.5 1.24373e-15 5.83716e-17 1
7272 1.21067e-15 5.83716e-17 1
7273.5 1.15136e-15 5.83716e-17 1
7275 1.13675e-15 5.83716e-17 1
7276.5 1.14771e-15 5.83716e-17 1
7278 1.16311e-15 5.83716e-17 1
7279.5 1.21251e-15 5.83716e-17 1
7281 1.29098e-15 5.83716e-17 1
7282.5 1.28249e-15 5.83716e-17 1
7284 1.23175e-15 5.83716e-17 1
7285.5 1.21076e-15 5.83716e-17 1
7287 1.20679e-15 5.83716e-17 1
7288.5 1.19961e-15 5.83716e-17 1
7290 1.18458e-15 5.83716e-17 1
7291.5 1.16009e-15 5.83716e-17 1
7293 1.13119e-15 5.83716e-17 1
7294.5 1.07781e-15 5.83716e-17 1
7296 1.04689e-15 5.83716e-17 1
7297.5 1.14137e-15 5.83716e-17 1
7299 1.22792e-15 5.83716e-17 1
7300.5 1.2335e-15 5.83716e-17 1
7302 1.185e-15 5.83716e-17 1
7303.5 1.18409e-15 5.83716e-17 1
7305 1.24482e-15 5.83716e-17 1
7306.5 1.20584e-15 5.83716e-17 1
7308 1.13847e-15 5.83716e-17 1
7309.5 1.14737e-15 5.83716e-17 1
7311 1.1668e-15 5.83716e-17 1
7312.5 1.22797e-15 5.83716e-17 1
7314 1.28995e-15 5.83716e-17 1
7315.5 1.28622e-15 5.83716e-17 1
7317 1.29867e-15 5.83716e-17 1
7318.5 1.36136e-15 5.83716e-17 1
7320 1.36018e-15 5.54579e-17 1
7321.5 1.2529e-15 5.54579e-17 1
7323 1.32127e-15 5.54579e-17 1
7324.5 1.30496e-15 5.54579e-17 1
7326 1.32368e-15 5.54579e-17 1
7327.5 1.32139e-15 5.54579e-17 1
7329 1.3082e-15 5.54579e-17 1
7330.5 1.30408e-15 5.54579e-17 1
7332 1.28204e-15 5.54579e-17 1
7333.5 1.33209e-15 5.54579e-17 1
7335 1.30607e-15 5.54579e-17 1
7336.5 1.28577e-15 5.54579e-17 1
7338 1.38744e-15 5.54579e-17 1
7339.5 1.43053e-15 5.54579e-17 1
7341 1.36865e-15 5.54579e-17 1
7342.5 1.34525e-15 5.54579e-17 1
7344 1.30772e-15 5.54579e-17 1
7345.5 1.27667e-15 5.54579e-17 1
7347 1.28926e-15 5.54579e-17 1
7348.5 1.28073e-15 5.54579e-17 1
7350 1.26319e-15 5.54579e-17 1
7351.5 1.23718e-15 5.54579e-17 1
7353 1.27005e-15 5.54579e-17 1
7354.5 1.37404e-15 5.54579e-17 1
7356 1.38357e-15 5.54579e-17 1
7357.5 1.33599e-15 5.54579e-17 1
7359 1.32368e-15 5.54579e-17 1
7360.5 1.29634e-15 5.54579e-17 1
7362 1.28524e-15 5.54579e-17 1
7363.5 1.29879e-15 5.54579e-17 1
7365 1.32268e-15 5.54579e-17 1
7366.5 1.34741e-15 5.54579e-17 1
7368 1.32696e-15 5.54579e-17 1
7369.5 1.28405e-15 5.54579e-17 1
7371 1.23872e-15 5.54579e-17 1
7372.5 1.22064e-15 5.54579e-17 1
7374 1.26212e-15 5.54579e-17 1
7375.5 1.29901e-15 5.54579e-17 1
7377 1.24747e-15 5.54579e-17 1
7378.5 1.2124e-15 5.54579e-17 1
7380 1.27288e-15 5.54579e-17 1
7381.5 1.23954e-15 5.54579e-17 1
7383 1.21224e-15 5.54579e-17 1
7384.5 1.21768e-15 5.54579e-17 1
7386 1.22968e-15 5.54579e-17 1
7387.5 1.20093e-15 5.54579e-17 1
7389 1.16941e-15 5.54579e-17 1
7390.5 1.18774e-15 5.54579e-17 1
7392 1.12352e-15 5.54579e-17 1
7393.5 1.16287e-15 5.54579e-17 1
7395 1.23881e-15 5.54579e-17 1
7396.5 1.32257e-15 5.54579e-17 1
7398 1.28389e-15 5.54579e-17 1
7399.5 1.23516e-15 5.54579e-17 1
7401 1.23834e-15 5.54579e-17 1
7402.5 1.2908e-15 5.54579e-17 1
7404 1.2313e-15 5.54579e-17 1
7405.5 1.25454e-15 5.54579e-17 1
7407 1.24045e-15 5.54579e-17 1
7408.5 1.22386e-15 5.54579e-17 1
7410 1.27835e-15 5.54579e-17 1
7411.5 1.16646e-15 5.54579e-17 1
7413 1.11992e-15 5.54579e-17 1
7414.5 1.12224e-15 5.54579e-17 1
7416 1.15267e-15 5.54579e-17 1
7417.5 1.0852e-15 5.54579e-17 1
7419 1.09142e-15 5.54579e-17 1
7420.5 1.11768e-15 4.06938e-17 1
7422 1.13942e-15 4.06938e-17 1
7423.5 1.12592e-15 4.06938e-17 1
7425 1.07746e-15 4.06938e-17 1
7426.5 1.07758e-15 4.06938e-17 1
7428 1.11919e-15 4.06938e-17 1
7429.5 1.13941e-15 4.06938e-17 1
7431 1.12852e-15 4.06938e-17 1
7432.5 1.11902e-15 4.06938e-17 1
7434 1.11875e-15 4.06938e-17 1
7435.5 1.17196e-15 4.06938e-17 1
7437 1.19008e-15 4.06938e-17 1
7438.5 1.12823e-15 4.06938e-17 1
7440 1.07242e-15 4.06938e-17 1
7441.5 1.04299e-15 4.06938e-17 1
7443 1.0359e-15 4.06938e-17 1
7444.5 1.03529e-15 4.06938e-17 1
7446 1.0136e-15 4.06938e-17 1
7447.5 9.85774e-16 4.06938e-17 1
7449 9.75069e-16 4.06938e-17 1
7450.5 9.50667e-16 4.06938e-17 1
7452 9.84398e-16 4.06938e-17 1
7453.5 1.00059e-15 4.06938e-17 1
7455 9.89133e-16 4.06938e-17 1
7456.5 1.01597e-15 4.06938e-17 1
7458 1.00485e-15 4.06938e-17 1
7459.5 9.81951e-16 4.06938e-17 1
7461 9.25456e-16 4.06938e-17 1
7462.5 9.7638e-16 4.06938e-17 1
7464 1.04378e-15 4.06938e-17 1
7465.5 1.05352e-15 4.06938e-17 1
7467 9.71596e-16 4.06938e-17 1
7468.5 9.68905e-16 4.06938e-17 1
7470 1.04803e-15 4.06938e-17 1
7471.5 1.04976e-15 4.06938e-17 1
7473 1.00499e-15 4.06938e-17 1
7474.5 9.62769e-16 4.06938e-17 1
7476 9.67886e-16 4.06938e-17 1
7477.5 9.3166e-16 4.06938e-17 1
7479 9.85995e-16 4.06938e-17 1
7480.5 8.58998e-16 4.06938e-17 1
7482 8.55236e-16 4.06938e-17 1
7483.5 9.10032e-16 4.06938e-17 1
7485 8.98804e-16 4.06938e-17 1
7486.5 8.48576e-16 4.06938e-17 1
7488 8.87668e-16 4.06938e-17 1
7489.5 9.47606e-16 4.06938e-17 1
7491 9.33429e-16 4.06938e-17 1
7492.5 9.02152e-16 4.06938e-17 1
7494 9.29529e-16 4.06938e-17 1
7495.5 9.38282e-16 4.06938e-17 1
7497 9.64366e-16 4.06938e-17 1
7498.5 9.47409e-16 4.06938e-17 1
7500 9.24222e-16 4.06938e-17 1
7501.5 9.0636e-16 4.06938e-17 1
7503 9.10235e-16 4.06938e-17 1
7504.5 9.38762e-16 4.06938e-17 1
7506 9.43936e-16 4.06938e-17 1
7507.5 9.46857e-16 4.06938e-17 1
7509 9.40784e-16 4.06938e-17 1
7510.5 9.31716e-16 4.06938e-17 1
7512 9.39878e-16 4.06938e-17 1
7513.5 9.68486e-16 4.06938e-17 1
7515 9.57976e-16 4.06938e-17 1
7516.5 9.3478e-16 4.06938e-17 1
7518 9.56858e-16 4.06938e-17 1
7519.5 9.56419e-16 4.06938e-17 1
7521 9.08025e-16 4.06938e-17 1
7522.5 9.70308e-16 4.06938e-17 1
7524 9.45447e-16 4.06938e-17 1
7525.5 9.55603e-16 4.06938e-17 1
7527 9.91158e-16 4.06938e-17 1
7528.5 9.88719e-16 4.06938e-17 1
7530 9.49574e-16 4.06938e-17 1
7531.5 8.85344e-16 4.06938e-17 1
7533 8.93785e-16 4.06938e-17 1
7534.5 9.3631e-16 4.06938e-17 1
7536 9.46173e-16 4.06938e-17 1
7537.5 9.61605e-16 4.06938e-17 1
7539 9.97598e-16 4.06938e-17 1
7540.5 9.30042e-16 4.06938e-17 1
