# converted by J. Guy, 2010-10-18
# downloaded from bruford.nhn.ou.edu/~suspect/index1.html
# from  Patat et al. 1996MNRAS.278..111P
@Redshift 0.001494
@FORMAT STD
@Date 49439.2
@SELECTED_FOR_SNLS3_TRAINING 1
@SN sn1994d
@SURVEY OTHER_LOWZ_SPEC
@Source SUSPECT_DB
#WAVE : wavelength, observer frame, in A
#FLUX : erg/s/cm2/A
#ERR  : statistical uncertainty on flux
#VALID : 1=ok 0=ignore
#end
4403.4 5.80143e-14 2.34996e-15 1
4404.4 5.57132e-14 2.34996e-15 1
4405.4 5.20177e-14 2.34996e-15 1
4406.4 4.83648e-14 2.34996e-15 1
4407.4 5.51605e-14 2.34996e-15 1
4408.4 5.35348e-14 2.34996e-15 1
4409.4 5.32214e-14 2.34996e-15 1
4410.4 5.4158e-14 2.34996e-15 1
4411.4 4.9893e-14 2.34996e-15 1
4412.4 5.12242e-14 2.34996e-15 1
4413.4 5.27922e-14 2.34996e-15 1
4414.4 5.39731e-14 2.34996e-15 1
4415.4 5.26055e-14 2.34996e-15 1
4416.4 5.33715e-14 2.34996e-15 1
4417.4 5.55101e-14 2.34996e-15 1
4418.4 5.61533e-14 2.34996e-15 1
4419.4 5.22701e-14 2.34996e-15 1
4420.4 5.54269e-14 2.34996e-15 1
4421.4 5.23527e-14 2.34996e-15 1
4422.4 5.20752e-14 2.34996e-15 1
4423.4 5.60256e-14 2.34996e-15 1
4424.4 5.53185e-14 2.34996e-15 1
4425.4 5.63404e-14 2.34996e-15 1
4426.4 5.58523e-14 2.34996e-15 1
4427.4 5.45533e-14 2.34996e-15 1
4428.4 5.54078e-14 2.34996e-15 1
4429.4 5.65704e-14 2.34996e-15 1
4430.4 5.51302e-14 2.34996e-15 1
4431.4 5.31048e-14 2.34996e-15 1
4432.4 5.21753e-14 2.34996e-15 1
4433.4 5.31957e-14 2.34996e-15 1
4434.4 5.65294e-14 2.34996e-15 1
4435.4 5.84402e-14 2.34996e-15 1
4436.4 5.73584e-14 2.34996e-15 1
4437.4 5.62344e-14 2.34996e-15 1
4438.4 5.95349e-14 2.34996e-15 1
4439.4 6.07491e-14 2.34996e-15 1
4440.4 5.99587e-14 2.34996e-15 1
4441.4 5.95496e-14 2.34996e-15 1
4442.4 5.85946e-14 2.34996e-15 1
4443.4 5.80605e-14 2.34996e-15 1
4444.4 5.82889e-14 2.34996e-15 1
4445.4 6.10763e-14 2.34996e-15 1
4446.4 6.15076e-14 2.34996e-15 1
4447.4 6.28219e-14 2.34996e-15 1
4448.4 6.39037e-14 2.34996e-15 1
4449.4 6.41072e-14 2.34996e-15 1
4450.4 6.45517e-14 2.34996e-15 1
4451.4 6.40078e-14 2.34996e-15 1
4452.4 6.40624e-14 2.34996e-15 1
4453.4 6.47879e-14 2.34996e-15 1
4454.4 6.55524e-14 2.34996e-15 1
4455.4 6.80776e-14 2.34996e-15 1
4456.4 6.86267e-14 2.34996e-15 1
4457.4 6.77774e-14 2.34996e-15 1
4458.4 6.52773e-14 2.34996e-15 1
4459.4 7.06289e-14 2.34996e-15 1
4460.4 6.72158e-14 2.34996e-15 1
4461.4 6.4244e-14 2.34996e-15 1
4462.4 6.78497e-14 2.34996e-15 1
4463.4 6.47684e-14 2.34996e-15 1
4464.4 6.91835e-14 2.34996e-15 1
4465.4 7.24983e-14 2.34996e-15 1
4466.4 7.34195e-14 2.34996e-15 1
4467.4 6.82898e-14 2.34996e-15 1
4468.4 6.92119e-14 2.34996e-15 1
4469.4 6.93174e-14 2.34996e-15 1
4470.4 6.91857e-14 2.34996e-15 1
4471.4 7.09977e-14 2.34996e-15 1
4472.4 6.87226e-14 2.34996e-15 1
4473.4 7.10218e-14 2.34996e-15 1
4474.4 7.32807e-14 2.34996e-15 1
4475.4 7.17923e-14 2.34996e-15 1
4476.4 6.98183e-14 2.34996e-15 1
4477.4 6.81936e-14 2.34996e-15 1
4478.4 6.84678e-14 2.34996e-15 1
4479.4 7.11051e-14 2.34996e-15 1
4480.4 7.52135e-14 2.34996e-15 1
4481.4 7.38353e-14 2.34996e-15 1
4482.4 7.31834e-14 2.34996e-15 1
4483.4 7.27611e-14 2.34996e-15 1
4484.4 7.03822e-14 2.34996e-15 1
4485.4 7.59923e-14 2.34996e-15 1
4486.4 7.54892e-14 2.34996e-15 1
4487.4 7.42743e-14 2.34996e-15 1
4488.4 7.64886e-14 2.34996e-15 1
4489.4 7.80911e-14 2.34996e-15 1
4490.4 7.41907e-14 2.34996e-15 1
4491.4 7.27129e-14 2.34996e-15 1
4492.4 7.53047e-14 2.34996e-15 1
4493.4 7.41753e-14 2.34996e-15 1
4494.4 7.65661e-14 2.34996e-15 1
4495.4 7.69281e-14 2.34996e-15 1
4496.4 7.62514e-14 2.34996e-15 1
4497.4 7.843e-14 2.34996e-15 1
4498.4 7.80177e-14 2.34996e-15 1
4499.4 7.81236e-14 2.34996e-15 1
4500.4 7.81935e-14 2.34996e-15 1
4501.4 7.77009e-14 2.34996e-15 1
4502.4 7.70479e-14 2.34996e-15 1
4503.4 8.02777e-14 2.51954e-15 1
4504.4 8.23602e-14 2.51954e-15 1
4505.4 8.22468e-14 2.51954e-15 1
4506.4 8.00254e-14 2.51954e-15 1
4507.4 8.25633e-14 2.51954e-15 1
4508.4 8.26329e-14 2.51954e-15 1
4509.4 8.1126e-14 2.51954e-15 1
4510.4 8.01438e-14 2.51954e-15 1
4511.4 8.48837e-14 2.51954e-15 1
4512.4 8.19243e-14 2.51954e-15 1
4513.4 7.86589e-14 2.51954e-15 1
4514.4 8.0618e-14 2.51954e-15 1
4515.4 8.15371e-14 2.51954e-15 1
4516.4 8.30877e-14 2.51954e-15 1
4517.4 8.43526e-14 2.51954e-15 1
4518.4 8.51016e-14 2.51954e-15 1
4519.4 8.52321e-14 2.51954e-15 1
4520.4 8.71242e-14 2.51954e-15 1
4521.4 8.81168e-14 2.51954e-15 1
4522.4 8.84676e-14 2.51954e-15 1
4523.4 8.84622e-14 2.51954e-15 1
4524.4 8.82707e-14 2.51954e-15 1
4525.4 8.7665e-14 2.51954e-15 1
4526.4 8.83957e-14 2.51954e-15 1
4527.4 9.24922e-14 2.51954e-15 1
4528.4 9.09546e-14 2.51954e-15 1
4529.4 9.17096e-14 2.51954e-15 1
4530.4 9.15318e-14 2.51954e-15 1
4531.4 9.02852e-14 2.51954e-15 1
4532.4 9.283e-14 2.51954e-15 1
4533.4 9.35855e-14 2.51954e-15 1
4534.4 9.28402e-14 2.51954e-15 1
4535.4 9.25222e-14 2.51954e-15 1
4536.4 9.81174e-14 2.51954e-15 1
4537.4 9.74088e-14 2.51954e-15 1
4538.4 9.87822e-14 2.51954e-15 1
4539.4 9.85935e-14 2.51954e-15 1
4540.4 9.44154e-14 2.51954e-15 1
4541.4 9.66182e-14 2.51954e-15 1
4542.4 9.61038e-14 2.51954e-15 1
4543.4 9.56848e-14 2.51954e-15 1
4544.4 9.5667e-14 2.51954e-15 1
4545.4 9.82422e-14 2.51954e-15 1
4546.4 1.01057e-13 2.51954e-15 1
4547.4 9.99549e-14 2.51954e-15 1
4548.4 9.82952e-14 2.51954e-15 1
4549.4 1.00943e-13 2.51954e-15 1
4550.4 1.0059e-13 2.51954e-15 1
4551.4 1.00986e-13 2.51954e-15 1
4552.4 1.01755e-13 2.51954e-15 1
4553.4 1.02865e-13 2.51954e-15 1
4554.4 1.01986e-13 2.51954e-15 1
4555.4 1.01576e-13 2.51954e-15 1
4556.4 1.0149e-13 2.51954e-15 1
4557.4 1.01312e-13 2.51954e-15 1
4558.4 9.83715e-14 2.51954e-15 1
4559.4 1.00753e-13 2.51954e-15 1
4560.4 1.01096e-13 2.51954e-15 1
4561.4 1.01466e-13 2.51954e-15 1
4562.4 1.03873e-13 2.51954e-15 1
4563.4 1.01569e-13 2.51954e-15 1
4564.4 9.98353e-14 2.51954e-15 1
4565.4 1.00427e-13 2.51954e-15 1
4566.4 1.03729e-13 2.51954e-15 1
4567.4 1.04452e-13 2.51954e-15 1
4568.4 1.03749e-13 2.51954e-15 1
4569.4 1.03193e-13 2.51954e-15 1
4570.4 1.0248e-13 2.51954e-15 1
4571.4 1.00377e-13 2.51954e-15 1
4572.4 1.00432e-13 2.51954e-15 1
4573.4 1.00458e-13 2.51954e-15 1
4574.4 1.00228e-13 2.51954e-15 1
4575.4 9.94768e-14 2.51954e-15 1
4576.4 9.9783e-14 2.51954e-15 1
4577.4 1.01495e-13 2.51954e-15 1
4578.4 1.00931e-13 2.51954e-15 1
4579.4 9.84824e-14 2.51954e-15 1
4580.4 1.00843e-13 2.51954e-15 1
4581.4 1.02208e-13 2.51954e-15 1
4582.4 1.00968e-13 2.51954e-15 1
4583.4 9.94835e-14 2.51954e-15 1
4584.4 1.01124e-13 2.51954e-15 1
4585.4 1.00067e-13 2.51954e-15 1
4586.4 9.9205e-14 2.51954e-15 1
4587.4 9.91581e-14 2.51954e-15 1
4588.4 1.00249e-13 2.51954e-15 1
4589.4 1.02389e-13 2.51954e-15 1
4590.4 1.03324e-13 2.51954e-15 1
4591.4 1.02822e-13 2.51954e-15 1
4592.4 1.0151e-13 2.51954e-15 1
4593.4 1.01466e-13 2.51954e-15 1
4594.4 1.00943e-13 2.51954e-15 1
4595.4 1.01512e-13 2.51954e-15 1
4596.4 1.02329e-13 2.51954e-15 1
4597.4 1.0298e-13 2.51954e-15 1
4598.4 1.03507e-13 2.51954e-15 1
4599.4 1.04505e-13 2.51954e-15 1
4600.4 1.03342e-13 2.51954e-15 1
4601.4 1.00201e-13 2.51954e-15 1
4602.4 1.01968e-13 2.51954e-15 1
4603.4 1.06047e-13 3.37284e-15 1
4604.4 1.05519e-13 3.37284e-15 1
4605.4 1.0316e-13 3.37284e-15 1
4606.4 1.02045e-13 3.37284e-15 1
4607.4 1.00682e-13 3.37284e-15 1
4608.4 1.02942e-13 3.37284e-15 1
4609.4 1.0515e-13 3.37284e-15 1
4610.4 1.06215e-13 3.37284e-15 1
4611.4 1.05505e-13 3.37284e-15 1
4612.4 1.06583e-13 3.37284e-15 1
4613.4 1.06711e-13 3.37284e-15 1
4614.4 1.05952e-13 3.37284e-15 1
4615.4 1.03945e-13 3.37284e-15 1
4616.4 1.05613e-13 3.37284e-15 1
4617.4 1.05074e-13 3.37284e-15 1
4618.4 1.03399e-13 3.37284e-15 1
4619.4 1.00563e-13 3.37284e-15 1
4620.4 1.04378e-13 3.37284e-15 1
4621.4 1.04738e-13 3.37284e-15 1
4622.4 1.05007e-13 3.37284e-15 1
4623.4 1.05249e-13 3.37284e-15 1
4624.4 1.0293e-13 3.37284e-15 1
4625.4 1.03232e-13 3.37284e-15 1
4626.4 1.02903e-13 3.37284e-15 1
4627.4 1.02398e-13 3.37284e-15 1
4628.4 1.02278e-13 3.37284e-15 1
4629.4 1.00575e-13 3.37284e-15 1
4630.4 1.00866e-13 3.37284e-15 1
4631.4 1.01845e-13 3.37284e-15 1
4632.4 1.03283e-13 3.37284e-15 1
4633.4 1.01445e-13 3.37284e-15 1
4634.4 1.03355e-13 3.37284e-15 1
4635.4 1.02736e-13 3.37284e-15 1
4636.4 1.00416e-13 3.37284e-15 1
4637.4 9.77037e-14 3.37284e-15 1
4638.4 1.00973e-13 3.37284e-15 1
4639.4 9.96097e-14 3.37284e-15 1
4640.4 9.76642e-14 3.37284e-15 1
4641.4 9.69127e-14 3.37284e-15 1
4642.4 9.61867e-14 3.37284e-15 1
4643.4 9.61296e-14 3.37284e-15 1
4644.4 9.40516e-14 3.37284e-15 1
4645.4 9.08101e-14 3.37284e-15 1
4646.4 9.37493e-14 3.37284e-15 1
4647.4 9.25821e-14 3.37284e-15 1
4648.4 9.14149e-14 3.37284e-15 1
4649.4 9.02477e-14 3.37284e-15 1
4650.4 8.90805e-14 3.37284e-15 1
4651.4 8.79133e-14 3.37284e-15 1
4652.4 8.67461e-14 3.37284e-15 1
4653.4 8.55789e-14 3.37284e-15 1
4654.4 8.55789e-14 3.37284e-15 1
4655.4 8.65518e-14 3.37284e-15 1
4656.4 8.56781e-14 3.37284e-15 1
4657.4 8.53497e-14 3.37284e-15 1
4658.4 8.52921e-14 3.37284e-15 1
4659.4 8.51925e-14 3.37284e-15 1
4660.4 8.60648e-14 3.37284e-15 1
4661.4 8.28424e-14 3.37284e-15 1
4662.4 8.09122e-14 3.37284e-15 1
4663.4 8.22067e-14 3.37284e-15 1
4664.4 8.43097e-14 3.37284e-15 1
4665.4 8.19084e-14 3.37284e-15 1
4666.4 8.06727e-14 3.37284e-15 1
4667.4 8.01454e-14 3.37284e-15 1
4668.4 7.86042e-14 3.37284e-15 1
4669.4 7.85963e-14 3.37284e-15 1
4670.4 7.8914e-14 3.37284e-15 1
4671.4 7.8698e-14 3.37284e-15 1
4672.4 7.71913e-14 3.37284e-15 1
4673.4 7.68337e-14 3.37284e-15 1
4674.4 7.65364e-14 3.37284e-15 1
4675.4 7.67661e-14 3.37284e-15 1
4676.4 7.75139e-14 3.37284e-15 1
4677.4 7.90751e-14 3.37284e-15 1
4678.4 7.66362e-14 3.37284e-15 1
4679.4 7.55544e-14 3.37284e-15 1
4680.4 7.52636e-14 3.37284e-15 1
4681.4 7.58154e-14 3.37284e-15 1
4682.4 7.64604e-14 3.37284e-15 1
4683.4 7.64726e-14 3.37284e-15 1
4684.4 7.6496e-14 3.37284e-15 1
4685.4 7.65977e-14 3.37284e-15 1
4686.4 7.70003e-14 3.37284e-15 1
4687.4 7.74173e-14 3.37284e-15 1
4688.4 7.6323e-14 3.37284e-15 1
4689.4 7.486e-14 3.37284e-15 1
4690.4 7.45763e-14 3.37284e-15 1
4691.4 7.47959e-14 3.37284e-15 1
4692.4 7.36106e-14 3.37284e-15 1
4693.4 7.36161e-14 3.37284e-15 1
4694.4 7.54422e-14 3.37284e-15 1
4695.4 7.34912e-14 3.37284e-15 1
4696.4 7.24091e-14 3.37284e-15 1
4697.4 7.34151e-14 3.37284e-15 1
4698.4 7.50494e-14 3.37284e-15 1
4699.4 7.39523e-14 3.37284e-15 1
4700.4 7.31701e-14 3.37284e-15 1
4701.4 7.3593e-14 3.37284e-15 1
4702.4 7.374e-14 3.37284e-15 1
4703.4 7.29977e-14 3.91025e-15 1
4704.4 7.63523e-14 3.91025e-15 1
4705.4 7.54688e-14 3.91025e-15 1
4706.4 7.53264e-14 3.91025e-15 1
4707.4 7.54864e-14 3.91025e-15 1
4708.4 7.38953e-14 3.91025e-15 1
4709.4 7.47904e-14 3.91025e-15 1
4710.4 7.5469e-14 3.91025e-15 1
4711.4 7.53303e-14 3.91025e-15 1
4712.4 7.36341e-14 3.91025e-15 1
4713.4 7.3835e-14 3.91025e-15 1
4714.4 7.32503e-14 3.91025e-15 1
4715.4 7.35531e-14 3.91025e-15 1
4716.4 7.41991e-14 3.91025e-15 1
4717.4 7.11716e-14 3.91025e-15 1
4718.4 7.26851e-14 3.91025e-15 1
4719.4 7.1964e-14 3.91025e-15 1
4720.4 7.12898e-14 3.91025e-15 1
4721.4 7.25216e-14 3.91025e-15 1
4722.4 6.95713e-14 3.91025e-15 1
4723.4 6.88267e-14 3.91025e-15 1
4724.4 6.94868e-14 3.91025e-15 1
4725.4 7.11793e-14 3.91025e-15 1
4726.4 7.10969e-14 3.91025e-15 1
4727.4 7.1143e-14 3.91025e-15 1
4728.4 6.90667e-14 3.91025e-15 1
4729.4 6.71449e-14 3.91025e-15 1
4730.4 6.80718e-14 3.91025e-15 1
4731.4 6.58273e-14 3.91025e-15 1
4732.4 6.77555e-14 3.91025e-15 1
4733.4 6.80642e-14 3.91025e-15 1
4734.4 6.61367e-14 3.91025e-15 1
4735.4 6.58963e-14 3.91025e-15 1
4736.4 6.52114e-14 3.91025e-15 1
4737.4 6.53163e-14 3.91025e-15 1
4738.4 6.53979e-14 3.91025e-15 1
4739.4 6.41746e-14 3.91025e-15 1
4740.4 6.26999e-14 3.91025e-15 1
4741.4 6.31652e-14 3.91025e-15 1
4742.4 6.25395e-14 3.91025e-15 1
4743.4 6.03528e-14 3.91025e-15 1
4744.4 6.15817e-14 3.91025e-15 1
4745.4 6.2874e-14 3.91025e-15 1
4746.4 6.21682e-14 3.91025e-15 1
4747.4 6.03094e-14 3.91025e-15 1
4748.4 5.7932e-14 3.91025e-15 1
4749.4 5.71211e-14 3.91025e-15 1
4750.4 5.86024e-14 3.91025e-15 1
4751.4 5.99113e-14 3.91025e-15 1
4752.4 6.03457e-14 3.91025e-15 1
4753.4 5.81431e-14 3.91025e-15 1
4754.4 5.69891e-14 3.91025e-15 1
4755.4 5.70826e-14 3.91025e-15 1
4756.4 5.77772e-14 3.91025e-15 1
4757.4 5.79585e-14 3.91025e-15 1
4758.4 5.80654e-14 3.91025e-15 1
4759.4 5.7305e-14 3.91025e-15 1
4760.4 5.67107e-14 3.91025e-15 1
4761.4 5.66347e-14 3.91025e-15 1
4762.4 5.66653e-14 3.91025e-15 1
4763.4 5.78241e-14 3.91025e-15 1
4764.4 5.76983e-14 3.91025e-15 1
4765.4 5.69111e-14 3.91025e-15 1
4766.4 5.69135e-14 3.91025e-15 1
4767.4 5.72731e-14 3.91025e-15 1
4768.4 5.62996e-14 3.91025e-15 1
4769.4 5.57297e-14 3.91025e-15 1
4770.4 5.62892e-14 3.91025e-15 1
4771.4 5.73189e-14 3.91025e-15 1
4772.4 5.64015e-14 3.91025e-15 1
4773.4 5.69004e-14 3.91025e-15 1
4774.4 5.79799e-14 3.91025e-15 1
4775.4 5.70376e-14 3.91025e-15 1
4776.4 5.61631e-14 3.91025e-15 1
4777.4 5.58871e-14 3.91025e-15 1
4778.4 5.61663e-14 3.91025e-15 1
4779.4 5.71524e-14 3.91025e-15 1
4780.4 5.81025e-14 3.91025e-15 1
4781.4 5.78614e-14 3.91025e-15 1
4782.4 5.78195e-14 3.91025e-15 1
4783.4 5.83342e-14 3.91025e-15 1
4784.4 6.13089e-14 3.91025e-15 1
4785.4 6.14258e-14 3.91025e-15 1
4786.4 6.13181e-14 3.91025e-15 1
4787.4 6.06145e-14 3.91025e-15 1
4788.4 5.89519e-14 3.91025e-15 1
4789.4 6.058e-14 3.91025e-15 1
4790.4 6.05166e-14 3.91025e-15 1
4791.4 6.0232e-14 3.91025e-15 1
4792.4 5.99721e-14 3.91025e-15 1
4793.4 6.06947e-14 3.91025e-15 1
4794.4 6.13027e-14 3.91025e-15 1
4795.4 6.15902e-14 3.91025e-15 1
4796.4 6.21593e-14 3.91025e-15 1
4797.4 6.33681e-14 3.91025e-15 1
4798.4 6.41586e-14 3.91025e-15 1
4799.4 6.33801e-14 3.91025e-15 1
4800.4 6.3402e-14 3.91025e-15 1
4801.4 6.39006e-14 3.91025e-15 1
4802.4 6.34961e-14 3.91025e-15 1
4803.4 6.37322e-14 2.58437e-15 1
4804.4 6.3337e-14 2.58437e-15 1
4805.4 6.30544e-14 2.58437e-15 1
4806.4 6.32851e-14 2.58437e-15 1
4807.4 6.2801e-14 2.58437e-15 1
4808.4 6.26317e-14 2.58437e-15 1
4809.4 6.30695e-14 2.58437e-15 1
4810.4 6.38045e-14 2.58437e-15 1
4811.4 6.37525e-14 2.58437e-15 1
4812.4 6.19477e-14 2.58437e-15 1
4813.4 6.23248e-14 2.58437e-15 1
4814.4 6.23698e-14 2.58437e-15 1
4815.4 6.076e-14 2.58437e-15 1
4816.4 6.02621e-14 2.58437e-15 1
4817.4 6.1048e-14 2.58437e-15 1
4818.4 6.12636e-14 2.58437e-15 1
4819.4 6.10117e-14 2.58437e-15 1
4820.4 6.07349e-14 2.58437e-15 1
4821.4 6.17843e-14 2.58437e-15 1
4822.4 6.11774e-14 2.58437e-15 1
4823.4 6.01693e-14 2.58437e-15 1
4824.4 5.92096e-14 2.58437e-15 1
4825.4 5.78082e-14 2.58437e-15 1
4826.4 5.83755e-14 2.58437e-15 1
4827.4 5.8247e-14 2.58437e-15 1
4828.4 5.74742e-14 2.58437e-15 1
4829.4 5.60366e-14 2.58437e-15 1
4830.4 5.69858e-14 2.58437e-15 1
4831.4 5.6726e-14 2.58437e-15 1
4832.4 5.57348e-14 2.58437e-15 1
4833.4 5.40038e-14 2.58437e-15 1
4834.4 5.54899e-14 2.58437e-15 1
4835.4 5.36565e-14 2.58437e-15 1
4836.4 5.36464e-14 2.58437e-15 1
4837.4 5.47233e-14 2.58437e-15 1
4838.4 5.46339e-14 2.58437e-15 1
4839.4 5.26356e-14 2.58437e-15 1
4840.4 5.26859e-14 2.58437e-15 1
4841.4 5.29819e-14 2.58437e-15 1
4842.4 5.29103e-14 2.58437e-15 1
4843.4 5.37936e-14 2.58437e-15 1
4844.4 5.34595e-14 2.58437e-15 1
4845.4 5.26006e-14 2.58437e-15 1
4846.4 5.16907e-14 2.58437e-15 1
4847.4 5.21098e-14 2.58437e-15 1
4848.4 5.10802e-14 2.58437e-15 1
4849.4 5.10732e-14 2.58437e-15 1
4850.4 5.08876e-14 2.58437e-15 1
4851.4 5.01148e-14 2.58437e-15 1
4852.4 5.11663e-14 2.58437e-15 1
4853.4 5.00142e-14 2.58437e-15 1
4854.4 4.99671e-14 2.58437e-15 1
4855.4 5.04179e-14 2.58437e-15 1
4856.4 5.00437e-14 2.58437e-15 1
4857.4 5.0506e-14 2.58437e-15 1
4858.4 4.96986e-14 2.58437e-15 1
4859.4 4.93173e-14 2.58437e-15 1
4860.4 4.98674e-14 2.58437e-15 1
4861.4 4.88273e-14 2.58437e-15 1
4862.4 4.92691e-14 2.58437e-15 1
4863.4 4.90448e-14 2.58437e-15 1
4864.4 4.85486e-14 2.58437e-15 1
4865.4 4.84554e-14 2.58437e-15 1
4866.4 4.82595e-14 2.58437e-15 1
4867.4 4.80072e-14 2.58437e-15 1
4868.4 4.74764e-14 2.58437e-15 1
4869.4 4.66567e-14 2.58437e-15 1
4870.4 4.71698e-14 2.58437e-15 1
4871.4 4.91188e-14 2.58437e-15 1
4872.4 4.97433e-14 2.58437e-15 1
4873.4 4.95801e-14 2.58437e-15 1
4874.4 4.90416e-14 2.58437e-15 1
4875.4 5.014e-14 2.58437e-15 1
4876.4 4.89201e-14 2.58437e-15 1
4877.4 4.83944e-14 2.58437e-15 1
4878.4 4.90111e-14 2.58437e-15 1
4879.4 4.81728e-14 2.58437e-15 1
4880.4 4.94118e-14 2.58437e-15 1
4881.4 4.87688e-14 2.58437e-15 1
4882.4 4.79598e-14 2.58437e-15 1
4883.4 4.92117e-14 2.58437e-15 1
4884.4 4.83857e-14 2.58437e-15 1
4885.4 4.89042e-14 2.58437e-15 1
4886.4 4.94984e-14 2.58437e-15 1
4887.4 4.99223e-14 2.58437e-15 1
4888.4 4.94927e-14 2.58437e-15 1
4889.4 4.90638e-14 2.58437e-15 1
4890.4 5.05183e-14 2.58437e-15 1
4891.4 5.16643e-14 2.58437e-15 1
4892.4 5.00762e-14 2.58437e-15 1
4893.4 5.04713e-14 2.58437e-15 1
4894.4 5.18021e-14 2.58437e-15 1
4895.4 5.24464e-14 2.58437e-15 1
4896.4 5.2466e-14 2.58437e-15 1
4897.4 5.37914e-14 2.58437e-15 1
4898.4 5.34713e-14 2.58437e-15 1
4899.4 5.30175e-14 2.58437e-15 1
4900.4 5.26807e-14 2.58437e-15 1
4901.4 5.27099e-14 2.58437e-15 1
4902.4 5.49511e-14 2.58437e-15 1
4903.4 5.45467e-14 2.25986e-15 1
4904.4 5.56589e-14 2.25986e-15 1
4905.4 5.75271e-14 2.25986e-15 1
4906.4 5.53108e-14 2.25986e-15 1
4907.4 5.67862e-14 2.25986e-15 1
4908.4 5.76116e-14 2.25986e-15 1
4909.4 5.8144e-14 2.25986e-15 1
4910.4 5.84272e-14 2.25986e-15 1
4911.4 5.97667e-14 2.25986e-15 1
4912.4 5.98502e-14 2.25986e-15 1
4913.4 6.10139e-14 2.25986e-15 1
4914.4 6.23523e-14 2.25986e-15 1
4915.4 6.05076e-14 2.25986e-15 1
4916.4 6.10636e-14 2.25986e-15 1
4917.4 6.13792e-14 2.25986e-15 1
4918.4 6.15925e-14 2.25986e-15 1
4919.4 6.17089e-14 2.25986e-15 1
4920.4 6.3497e-14 2.25986e-15 1
4921.4 6.38773e-14 2.25986e-15 1
4922.4 6.41097e-14 2.25986e-15 1
4923.4 6.42478e-14 2.25986e-15 1
4924.4 6.44299e-14 2.25986e-15 1
4925.4 6.44636e-14 2.25986e-15 1
4926.4 6.50544e-14 2.25986e-15 1
4927.4 6.52472e-14 2.25986e-15 1
4928.4 6.4797e-14 2.25986e-15 1
4929.4 6.54605e-14 2.25986e-15 1
4930.4 6.62312e-14 2.25986e-15 1
4931.4 6.62618e-14 2.25986e-15 1
4932.4 6.59785e-14 2.25986e-15 1
4933.4 6.58953e-14 2.25986e-15 1
4934.4 6.53286e-14 2.25986e-15 1
4935.4 6.56503e-14 2.25986e-15 1
4936.4 6.5385e-14 2.25986e-15 1
4937.4 6.44463e-14 2.25986e-15 1
4938.4 6.50305e-14 2.25986e-15 1
4939.4 6.58117e-14 2.25986e-15 1
4940.4 6.5985e-14 2.25986e-15 1
4941.4 6.54507e-14 2.25986e-15 1
4942.4 6.36814e-14 2.25986e-15 1
4943.4 6.35631e-14 2.25986e-15 1
4944.4 6.4323e-14 2.25986e-15 1
4945.4 6.47699e-14 2.25986e-15 1
4946.4 6.46974e-14 2.25986e-15 1
4947.4 6.33901e-14 2.25986e-15 1
4948.4 6.45969e-14 2.25986e-15 1
4949.4 6.40877e-14 2.25986e-15 1
4950.4 6.35977e-14 2.25986e-15 1
4951.4 6.42857e-14 2.25986e-15 1
4952.4 6.26736e-14 2.25986e-15 1
4953.4 6.3768e-14 2.25986e-15 1
4954.4 6.42378e-14 2.25986e-15 1
4955.4 6.3937e-14 2.25986e-15 1
4956.4 6.24935e-14 2.25986e-15 1
4957.4 6.20969e-14 2.25986e-15 1
4958.4 6.26997e-14 2.25986e-15 1
4959.4 6.29438e-14 2.25986e-15 1
4960.4 6.21864e-14 2.25986e-15 1
4961.4 6.08956e-14 2.25986e-15 1
4962.4 5.98186e-14 2.25986e-15 1
4963.4 6.00823e-14 2.25986e-15 1
4964.4 6.10426e-14 2.25986e-15 1
4965.4 6.14583e-14 2.25986e-15 1
4966.4 6.03141e-14 2.25986e-15 1
4967.4 5.95318e-14 2.25986e-15 1
4968.4 5.96081e-14 2.25986e-15 1
4969.4 6.06374e-14 2.25986e-15 1
4970.4 5.90102e-14 2.25986e-15 1
4971.4 5.86043e-14 2.25986e-15 1
4972.4 5.76783e-14 2.25986e-15 1
4973.4 5.68809e-14 2.25986e-15 1
4974.4 5.72663e-14 2.25986e-15 1
4975.4 5.82762e-14 2.25986e-15 1
4976.4 5.75066e-14 2.25986e-15 1
4977.4 5.64441e-14 2.25986e-15 1
4978.4 5.54865e-14 2.25986e-15 1
4979.4 5.65084e-14 2.25986e-15 1
4980.4 5.56119e-14 2.25986e-15 1
4981.4 5.55413e-14 2.25986e-15 1
4982.4 5.60092e-14 2.25986e-15 1
4983.4 5.70373e-14 2.25986e-15 1
4984.4 5.44978e-14 2.25986e-15 1
4985.4 5.49263e-14 2.25986e-15 1
4986.4 5.46777e-14 2.25986e-15 1
4987.4 5.38414e-14 2.25986e-15 1
4988.4 5.38883e-14 2.25986e-15 1
4989.4 5.44306e-14 2.25986e-15 1
4990.4 5.37561e-14 2.25986e-15 1
4991.4 5.3384e-14 2.25986e-15 1
4992.4 5.4139e-14 2.25986e-15 1
4993.4 5.38251e-14 2.25986e-15 1
4994.4 5.30419e-14 2.25986e-15 1
4995.4 5.28777e-14 2.25986e-15 1
4996.4 5.30341e-14 2.25986e-15 1
4997.4 5.27422e-14 2.25986e-15 1
4998.4 5.21542e-14 2.25986e-15 1
4999.4 5.28681e-14 2.25986e-15 1
5000.4 5.32751e-14 2.25986e-15 1
5001.4 5.28861e-14 2.25986e-15 1
5002.4 5.1748e-14 2.25986e-15 1
5003.4 5.10282e-14 8.83355e-16 1
5004.4 5.13052e-14 8.83355e-16 1
5005.4 5.19231e-14 8.83355e-16 1
5006.4 5.20627e-14 8.83355e-16 1
5007.4 5.2322e-14 8.83355e-16 1
5008.4 5.19914e-14 8.83355e-16 1
5009.4 5.17416e-14 8.83355e-16 1
5010.4 5.15948e-14 8.83355e-16 1
5011.4 5.07256e-14 8.83355e-16 1
5012.4 5.18561e-14 8.83355e-16 1
5013.4 5.17769e-14 8.83355e-16 1
5014.4 5.16188e-14 8.83355e-16 1
5015.4 5.2285e-14 8.83355e-16 1
5016.4 5.19886e-14 8.83355e-16 1
5017.4 5.13274e-14 8.83355e-16 1
5018.4 5.12795e-14 8.83355e-16 1
5019.4 5.171e-14 8.83355e-16 1
5020.4 5.19198e-14 8.83355e-16 1
5021.4 5.22663e-14 8.83355e-16 1
5022.4 5.21509e-14 8.83355e-16 1
5023.4 5.20823e-14 8.83355e-16 1
5024.4 5.22793e-14 8.83355e-16 1
5025.4 5.15349e-14 8.83355e-16 1
5026.4 5.13539e-14 8.83355e-16 1
5027.4 5.17794e-14 8.83355e-16 1
5028.4 5.24055e-14 8.83355e-16 1
5029.4 5.23907e-14 8.83355e-16 1
5030.4 5.31349e-14 8.83355e-16 1
5031.4 5.21108e-14 8.83355e-16 1
5032.4 5.2218e-14 8.83355e-16 1
5033.4 5.39488e-14 8.83355e-16 1
5034.4 5.28936e-14 8.83355e-16 1
5035.4 5.32065e-14 8.83355e-16 1
5036.4 5.325e-14 8.83355e-16 1
5037.4 5.3349e-14 8.83355e-16 1
5038.4 5.39465e-14 8.83355e-16 1
5039.4 5.36658e-14 8.83355e-16 1
5040.4 5.21051e-14 8.83355e-16 1
5041.4 5.25268e-14 8.83355e-16 1
5042.4 5.46052e-14 8.83355e-16 1
5043.4 5.4137e-14 8.83355e-16 1
5044.4 5.51461e-14 8.83355e-16 1
5045.4 5.44126e-14 8.83355e-16 1
5046.4 5.37776e-14 8.83355e-16 1
5047.4 5.43811e-14 8.83355e-16 1
5048.4 5.40729e-14 8.83355e-16 1
5049.4 5.60205e-14 8.83355e-16 1
5050.4 5.60417e-14 8.83355e-16 1
5051.4 5.50678e-14 8.83355e-16 1
5052.4 5.61396e-14 8.83355e-16 1
5053.4 5.52768e-14 8.83355e-16 1
5054.4 5.60389e-14 8.83355e-16 1
5055.4 5.62025e-14 8.83355e-16 1
5056.4 5.51089e-14 8.83355e-16 1
5057.4 5.54052e-14 8.83355e-16 1
5058.4 5.63028e-14 8.83355e-16 1
5059.4 5.70198e-14 8.83355e-16 1
5060.4 5.7365e-14 8.83355e-16 1
5061.4 5.68516e-14 8.83355e-16 1
5062.4 5.72863e-14 8.83355e-16 1
5063.4 5.79951e-14 8.83355e-16 1
5064.4 5.83134e-14 8.83355e-16 1
5065.4 5.82905e-14 8.83355e-16 1
5066.4 5.95412e-14 8.83355e-16 1
5067.4 5.79428e-14 8.83355e-16 1
5068.4 5.77648e-14 8.83355e-16 1
5069.4 5.78757e-14 8.83355e-16 1
5070.4 5.75748e-14 8.83355e-16 1
5071.4 5.97717e-14 8.83355e-16 1
5072.4 5.91154e-14 8.83355e-16 1
5073.4 5.89936e-14 8.83355e-16 1
5074.4 5.94992e-14 8.83355e-16 1
5075.4 6.08295e-14 8.83355e-16 1
5076.4 5.94249e-14 8.83355e-16 1
5077.4 5.9639e-14 8.83355e-16 1
5078.4 5.98354e-14 8.83355e-16 1
5079.4 5.94823e-14 8.83355e-16 1
5080.4 5.94484e-14 8.83355e-16 1
5081.4 6.07787e-14 8.83355e-16 1
5082.4 6.15724e-14 8.83355e-16 1
5083.4 6.18947e-14 8.83355e-16 1
5084.4 6.1655e-14 8.83355e-16 1
5085.4 6.05889e-14 8.83355e-16 1
5086.4 6.21541e-14 8.83355e-16 1
5087.4 6.29215e-14 8.83355e-16 1
5088.4 6.25773e-14 8.83355e-16 1
5089.4 6.3648e-14 8.83355e-16 1
5090.4 6.20944e-14 8.83355e-16 1
5091.4 6.30382e-14 8.83355e-16 1
5092.4 6.41408e-14 8.83355e-16 1
5093.4 6.36378e-14 8.83355e-16 1
5094.4 6.13821e-14 8.83355e-16 1
5095.4 6.28258e-14 8.83355e-16 1
5096.4 6.33805e-14 8.83355e-16 1
5097.4 6.31386e-14 8.83355e-16 1
5098.4 6.31016e-14 8.83355e-16 1
5099.4 6.26302e-14 8.83355e-16 1
5100.4 6.28571e-14 8.83355e-16 1
5101.4 6.33375e-14 8.83355e-16 1
5102.4 6.39231e-14 8.83355e-16 1
5103.4 6.39099e-14 1.2902e-15 1
5104.4 6.51129e-14 1.2902e-15 1
5105.4 6.50035e-14 1.2902e-15 1
5106.4 6.43862e-14 1.2902e-15 1
5107.4 6.44063e-14 1.2902e-15 1
5108.4 6.26969e-14 1.2902e-15 1
5109.4 6.35128e-14 1.2902e-15 1
5110.4 6.46451e-14 1.2902e-15 1
5111.4 6.54865e-14 1.2902e-15 1
5112.4 6.34901e-14 1.2902e-15 1
5113.4 6.46141e-14 1.2902e-15 1
5114.4 6.52975e-14 1.2902e-15 1
5115.4 6.56673e-14 1.2902e-15 1
5116.4 6.56729e-14 1.2902e-15 1
5117.4 6.55011e-14 1.2902e-15 1
5118.4 6.52252e-14 1.2902e-15 1
5119.4 6.50563e-14 1.2902e-15 1
5120.4 6.51722e-14 1.2902e-15 1
5121.4 6.63984e-14 1.2902e-15 1
5122.4 6.48442e-14 1.2902e-15 1
5123.4 6.50647e-14 1.2902e-15 1
5124.4 6.61265e-14 1.2902e-15 1
5125.4 6.77812e-14 1.2902e-15 1
5126.4 6.85544e-14 1.2902e-15 1
5127.4 6.80035e-14 1.2902e-15 1
5128.4 6.70728e-14 1.2902e-15 1
5129.4 6.66972e-14 1.2902e-15 1
5130.4 6.86283e-14 1.2902e-15 1
5131.4 6.86593e-14 1.2902e-15 1
5132.4 6.84731e-14 1.2902e-15 1
5133.4 6.81968e-14 1.2902e-15 1
5134.4 6.79956e-14 1.2902e-15 1
5135.4 6.9129e-14 1.2902e-15 1
5136.4 6.9881e-14 1.2902e-15 1
5137.4 6.91599e-14 1.2902e-15 1
5138.4 6.86863e-14 1.2902e-15 1
5139.4 6.96098e-14 1.2902e-15 1
5140.4 6.88e-14 1.2902e-15 1
5141.4 6.98242e-14 1.2902e-15 1
5142.4 6.99746e-14 1.2902e-15 1
5143.4 6.96919e-14 1.2902e-15 1
5144.4 7.04045e-14 1.2902e-15 1
5145.4 6.83763e-14 1.2902e-15 1
5146.4 6.91604e-14 1.2902e-15 1
5147.4 7.00862e-14 1.2902e-15 1
5148.4 7.04832e-14 1.2902e-15 1
5149.4 7.08211e-14 1.2902e-15 1
5150.4 7.16945e-14 1.2902e-15 1
5151.4 7.18484e-14 1.2902e-15 1
5152.4 7.13571e-14 1.2902e-15 1
5153.4 6.99752e-14 1.2902e-15 1
5154.4 7.08046e-14 1.2902e-15 1
5155.4 7.03949e-14 1.2902e-15 1
5156.4 7.0576e-14 1.2902e-15 1
5157.4 7.11718e-14 1.2902e-15 1
5158.4 7.03677e-14 1.2902e-15 1
5159.4 7.01221e-14 1.2902e-15 1
5160.4 7.12764e-14 1.2902e-15 1
5161.4 7.21595e-14 1.2902e-15 1
5162.4 7.18781e-14 1.2902e-15 1
5163.4 7.11585e-14 1.2902e-15 1
5164.4 7.06245e-14 1.2902e-15 1
5165.4 7.19911e-14 1.2902e-15 1
5166.4 7.39874e-14 1.2902e-15 1
5167.4 7.41569e-14 1.2902e-15 1
5168.4 7.37643e-14 1.2902e-15 1
5169.4 7.372e-14 1.2902e-15 1
5170.4 7.3724e-14 1.2902e-15 1
5171.4 7.37284e-14 1.2902e-15 1
5172.4 7.38986e-14 1.2902e-15 1
5173.4 7.33799e-14 1.2902e-15 1
5174.4 7.32398e-14 1.2902e-15 1
5175.4 7.34083e-14 1.2902e-15 1
5176.4 7.39566e-14 1.2902e-15 1
5177.4 7.45525e-14 1.2902e-15 1
5178.4 7.44361e-14 1.2902e-15 1
5179.4 7.44706e-14 1.2902e-15 1
5180.4 7.46515e-14 1.2902e-15 1
5181.4 7.49114e-14 1.2902e-15 1
5182.4 7.59734e-14 1.2902e-15 1
5183.4 7.53172e-14 1.2902e-15 1
5184.4 7.4906e-14 1.2902e-15 1
5185.4 7.53662e-14 1.2902e-15 1
5186.4 7.44413e-14 1.2902e-15 1
5187.4 7.48098e-14 1.2902e-15 1
5188.4 7.44714e-14 1.2902e-15 1
5189.4 7.40994e-14 1.2902e-15 1
5190.4 7.47321e-14 1.2902e-15 1
5191.4 7.64109e-14 1.2902e-15 1
5192.4 7.6117e-14 1.2902e-15 1
5193.4 7.61306e-14 1.2902e-15 1
5194.4 7.66721e-14 1.2902e-15 1
5195.4 7.7685e-14 1.2902e-15 1
5196.4 7.8193e-14 1.2902e-15 1
5197.4 7.81567e-14 1.2902e-15 1
5198.4 7.79728e-14 1.2902e-15 1
5199.4 7.78138e-14 1.2902e-15 1
5200.4 7.80013e-14 1.2902e-15 1
5201.4 7.80198e-14 1.2902e-15 1
5202.4 7.83656e-14 1.2902e-15 1
5203.4 7.86658e-14 2.36445e-15 1
5204.4 7.79475e-14 2.36445e-15 1
5205.4 7.8315e-14 2.36445e-15 1
5206.4 7.88086e-14 2.36445e-15 1
5207.4 7.84284e-14 2.36445e-15 1
5208.4 7.7207e-14 2.36445e-15 1
5209.4 7.97632e-14 2.36445e-15 1
5210.4 7.92482e-14 2.36445e-15 1
5211.4 7.9177e-14 2.36445e-15 1
5212.4 7.91715e-14 2.36445e-15 1
5213.4 7.8899e-14 2.36445e-15 1
5214.4 7.83839e-14 2.36445e-15 1
5215.4 7.92541e-14 2.36445e-15 1
5216.4 7.87665e-14 2.36445e-15 1
5217.4 7.75909e-14 2.36445e-15 1
5218.4 7.9102e-14 2.36445e-15 1
5219.4 7.88627e-14 2.36445e-15 1
5220.4 7.8637e-14 2.36445e-15 1
5221.4 7.89828e-14 2.36445e-15 1
5222.4 8.01094e-14 2.36445e-15 1
5223.4 8.00146e-14 2.36445e-15 1
5224.4 8.11182e-14 2.36445e-15 1
5225.4 8.07237e-14 2.36445e-15 1
5226.4 7.99357e-14 2.36445e-15 1
5227.4 8.02953e-14 2.36445e-15 1
5228.4 7.96811e-14 2.36445e-15 1
5229.4 7.96949e-14 2.36445e-15 1
5230.4 7.90793e-14 2.36445e-15 1
5231.4 7.79249e-14 2.36445e-15 1
5232.4 7.77593e-14 2.36445e-15 1
5233.4 7.92903e-14 2.36445e-15 1
5234.4 7.93459e-14 2.36445e-15 1
5235.4 7.89255e-14 2.36445e-15 1
5236.4 7.8431e-14 2.36445e-15 1
5237.4 7.90419e-14 2.36445e-15 1
5238.4 7.89024e-14 2.36445e-15 1
5239.4 7.89419e-14 2.36445e-15 1
5240.4 7.88511e-14 2.36445e-15 1
5241.4 7.77745e-14 2.36445e-15 1
5242.4 7.68891e-14 2.36445e-15 1
5243.4 7.62813e-14 2.36445e-15 1
5244.4 7.56809e-14 2.36445e-15 1
5245.4 7.51048e-14 2.36445e-15 1
5246.4 7.51216e-14 2.36445e-15 1
5247.4 7.46041e-14 2.36445e-15 1
5248.4 7.45276e-14 2.36445e-15 1
5249.4 7.4722e-14 2.36445e-15 1
5250.4 7.51499e-14 2.36445e-15 1
5251.4 7.45761e-14 2.36445e-15 1
5252.4 7.47288e-14 2.36445e-15 1
5253.4 7.43774e-14 2.36445e-15 1
5254.4 7.35802e-14 2.36445e-15 1
5255.4 7.25183e-14 2.36445e-15 1
5256.4 7.19867e-14 2.36445e-15 1
5257.4 7.12556e-14 2.36445e-15 1
5258.4 7.03133e-14 2.36445e-15 1
5259.4 6.91971e-14 2.36445e-15 1
5260.4 6.86268e-14 2.36445e-15 1
5261.4 6.87135e-14 2.36445e-15 1
5262.4 6.81386e-14 2.36445e-15 1
5263.4 6.78434e-14 2.36445e-15 1
5264.4 6.92048e-14 2.36445e-15 1
5265.4 6.71086e-14 2.36445e-15 1
5266.4 6.6779e-14 2.36445e-15 1
5267.4 6.62317e-14 2.36445e-15 1
5268.4 6.55114e-14 2.36445e-15 1
5269.4 6.5755e-14 2.36445e-15 1
5270.4 6.43139e-14 2.36445e-15 1
5271.4 6.34162e-14 2.36445e-15 1
5272.4 6.2691e-14 2.36445e-15 1
5273.4 6.20546e-14 2.36445e-15 1
5274.4 6.13349e-14 2.36445e-15 1
5275.4 6.11321e-14 2.36445e-15 1
5276.4 6.12969e-14 2.36445e-15 1
5277.4 6.14195e-14 2.36445e-15 1
5278.4 6.06856e-14 2.36445e-15 1
5279.4 6.05007e-14 2.36445e-15 1
5280.4 6.06996e-14 2.36445e-15 1
5281.4 6.05502e-14 2.36445e-15 1
5282.4 5.99362e-14 2.36445e-15 1
5283.4 5.87613e-14 2.36445e-15 1
5284.4 5.82357e-14 2.36445e-15 1
5285.4 5.80134e-14 2.36445e-15 1
5286.4 5.77045e-14 2.36445e-15 1
5287.4 5.70391e-14 2.36445e-15 1
5288.4 5.65201e-14 2.36445e-15 1
5289.4 5.64077e-14 2.36445e-15 1
5290.4 5.63691e-14 2.36445e-15 1
5291.4 5.62239e-14 2.36445e-15 1
5292.4 5.54246e-14 2.36445e-15 1
5293.4 5.68094e-14 2.36445e-15 1
5294.4 5.68406e-14 2.36445e-15 1
5295.4 5.70771e-14 2.36445e-15 1
5296.4 5.77125e-14 2.36445e-15 1
5297.4 5.68583e-14 2.36445e-15 1
5298.4 5.74134e-14 2.36445e-15 1
5299.4 5.73193e-14 2.36445e-15 1
5300.4 5.66231e-14 2.36445e-15 1
5301.4 5.51137e-14 2.36445e-15 1
5302.4 5.57517e-14 2.36445e-15 1
5303.4 5.66514e-14 1.3555e-15 1
5304.4 5.67122e-14 1.3555e-15 1
5305.4 5.6242e-14 1.3555e-15 1
5306.4 5.65387e-14 1.3555e-15 1
5307.4 5.72817e-14 1.3555e-15 1
5308.4 5.6848e-14 1.3555e-15 1
5309.4 5.64948e-14 1.3555e-15 1
5310.4 5.66113e-14 1.3555e-15 1
5311.4 5.69488e-14 1.3555e-15 1
5312.4 5.68195e-14 1.3555e-15 1
5313.4 5.70528e-14 1.3555e-15 1
5314.4 5.74779e-14 1.3555e-15 1
5315.4 5.7979e-14 1.3555e-15 1
5316.4 5.623e-14 1.3555e-15 1
5317.4 5.74787e-14 1.3555e-15 1
5318.4 5.8101e-14 1.3555e-15 1
5319.4 5.78619e-14 1.3555e-15 1
5320.4 5.71967e-14 1.3555e-15 1
5321.4 5.7699e-14 1.3555e-15 1
5322.4 5.7573e-14 1.3555e-15 1
5323.4 5.74729e-14 1.3555e-15 1
5324.4 5.76794e-14 1.3555e-15 1
5325.4 5.93615e-14 1.3555e-15 1
5326.4 5.89187e-14 1.3555e-15 1
5327.4 5.84119e-14 1.3555e-15 1
5328.4 5.81358e-14 1.3555e-15 1
5329.4 5.8727e-14 1.3555e-15 1
5330.4 5.85459e-14 1.3555e-15 1
5331.4 5.79204e-14 1.3555e-15 1
5332.4 5.77298e-14 1.3555e-15 1
5333.4 5.79216e-14 1.3555e-15 1
5334.4 5.7057e-14 1.3555e-15 1
5335.4 5.75676e-14 1.3555e-15 1
5336.4 5.78405e-14 1.3555e-15 1
5337.4 5.78682e-14 1.3555e-15 1
5338.4 5.75669e-14 1.3555e-15 1
5339.4 5.78028e-14 1.3555e-15 1
5340.4 5.72982e-14 1.3555e-15 1
5341.4 5.67539e-14 1.3555e-15 1
5342.4 5.65189e-14 1.3555e-15 1
5343.4 5.75605e-14 1.3555e-15 1
5344.4 5.72117e-14 1.3555e-15 1
5345.4 5.654e-14 1.3555e-15 1
5346.4 5.66244e-14 1.3555e-15 1
5347.4 5.74873e-14 1.3555e-15 1
5348.4 5.66646e-14 1.3555e-15 1
5349.4 5.60945e-14 1.3555e-15 1
5350.4 5.61289e-14 1.3555e-15 1
5351.4 5.63811e-14 1.3555e-15 1
5352.4 5.66258e-14 1.3555e-15 1
5353.4 5.77377e-14 1.3555e-15 1
5354.4 5.7861e-14 1.3555e-15 1
5355.4 5.72402e-14 1.3555e-15 1
5356.4 5.66747e-14 1.3555e-15 1
5357.4 5.87825e-14 1.3555e-15 1
5358.4 5.70178e-14 1.3555e-15 1
5359.4 5.72234e-14 1.3555e-15 1
5360.4 5.77344e-14 1.3555e-15 1
5361.4 5.80973e-14 1.3555e-15 1
5362.4 5.73864e-14 1.3555e-15 1
5363.4 5.75242e-14 1.3555e-15 1
5364.4 5.74424e-14 1.3555e-15 1
5365.4 5.73149e-14 1.3555e-15 1
5366.4 5.73037e-14 1.3555e-15 1
5367.4 5.88886e-14 1.3555e-15 1
5368.4 5.84822e-14 1.3555e-15 1
5369.4 5.83984e-14 1.3555e-15 1
5370.4 5.84032e-14 1.3555e-15 1
5371.4 5.68217e-14 1.3555e-15 1
5372.4 5.88025e-14 1.3555e-15 1
5373.4 5.86472e-14 1.3555e-15 1
5374.4 5.8285e-14 1.3555e-15 1
5375.4 5.82677e-14 1.3555e-15 1
5376.4 5.7068e-14 1.3555e-15 1
5377.4 5.75007e-14 1.3555e-15 1
5378.4 5.79637e-14 1.3555e-15 1
5379.4 5.84094e-14 1.3555e-15 1
5380.4 5.87893e-14 1.3555e-15 1
5381.4 5.92909e-14 1.3555e-15 1
5382.4 5.86758e-14 1.3555e-15 1
5383.4 5.82493e-14 1.3555e-15 1
5384.4 5.81683e-14 1.3555e-15 1
5385.4 5.86591e-14 1.3555e-15 1
5386.4 5.779e-14 1.3555e-15 1
5387.4 5.77812e-14 1.3555e-15 1
5388.4 5.78331e-14 1.3555e-15 1
5389.4 5.76211e-14 1.3555e-15 1
5390.4 5.75325e-14 1.3555e-15 1
5391.4 5.7438e-14 1.3555e-15 1
5392.4 5.67352e-14 1.3555e-15 1
5393.4 5.60966e-14 1.3555e-15 1
5394.4 5.67493e-14 1.3555e-15 1
5395.4 5.61459e-14 1.3555e-15 1
5396.4 5.53302e-14 1.3555e-15 1
5397.4 5.53235e-14 1.3555e-15 1
5398.4 5.60034e-14 1.3555e-15 1
5399.4 5.53704e-14 1.3555e-15 1
5400.4 5.6525e-14 1.3555e-15 1
5401.4 5.6405e-14 1.3555e-15 1
5402.4 5.61243e-14 1.3555e-15 1
5403.4 5.62496e-14 1.29384e-15 1
5404.4 5.64303e-14 1.29384e-15 1
5405.4 5.58477e-14 1.29384e-15 1
5406.4 5.57094e-14 1.29384e-15 1
5407.4 5.58432e-14 1.29384e-15 1
5408.4 5.59423e-14 1.29384e-15 1
5409.4 5.6566e-14 1.29384e-15 1
5410.4 5.58363e-14 1.29384e-15 1
5411.4 5.58298e-14 1.29384e-15 1
5412.4 5.67172e-14 1.29384e-15 1
5413.4 5.62934e-14 1.29384e-15 1
5414.4 5.62706e-14 1.29384e-15 1
5415.4 5.58754e-14 1.29384e-15 1
5416.4 5.57458e-14 1.29384e-15 1
5417.4 5.64302e-14 1.29384e-15 1
5418.4 5.70472e-14 1.29384e-15 1
5419.4 5.6099e-14 1.29384e-15 1
5420.4 5.57171e-14 1.29384e-15 1
5421.4 5.58439e-14 1.29384e-15 1
5422.4 5.63265e-14 1.29384e-15 1
5423.4 5.45377e-14 1.29384e-15 1
5424.4 5.39976e-14 1.29384e-15 1
5425.4 5.42328e-14 1.29384e-15 1
5426.4 5.5057e-14 1.29384e-15 1
5427.4 5.43275e-14 1.29384e-15 1
5428.4 5.49263e-14 1.29384e-15 1
5429.4 5.47927e-14 1.29384e-15 1
5430.4 5.44165e-14 1.29384e-15 1
5431.4 5.41519e-14 1.29384e-15 1
5432.4 5.29915e-14 1.29384e-15 1
5433.4 5.31031e-14 1.29384e-15 1
5434.4 5.28159e-14 1.29384e-15 1
5435.4 5.22308e-14 1.29384e-15 1
5436.4 5.18815e-14 1.29384e-15 1
5437.4 5.20883e-14 1.29384e-15 1
5438.4 5.15654e-14 1.29384e-15 1
5439.4 5.08891e-14 1.29384e-15 1
5440.4 5.02804e-14 1.29384e-15 1
5441.4 5.08459e-14 1.29384e-15 1
5442.4 5.06236e-14 1.29384e-15 1
5443.4 5.02484e-14 1.29384e-15 1
5444.4 4.99628e-14 1.29384e-15 1
5445.4 5.0093e-14 1.29384e-15 1
5446.4 5.02771e-14 1.29384e-15 1
5447.4 4.99784e-14 1.29384e-15 1
5448.4 4.98527e-14 1.29384e-15 1
5449.4 4.98779e-14 1.29384e-15 1
5450.4 4.97418e-14 1.29384e-15 1
5451.4 5.02401e-14 1.29384e-15 1
5452.4 4.9994e-14 1.29384e-15 1
5453.4 4.93554e-14 1.29384e-15 1
5454.4 4.84302e-14 1.29384e-15 1
5455.4 4.81599e-14 1.29384e-15 1
5456.4 4.85895e-14 1.29384e-15 1
5457.4 4.83625e-14 1.29384e-15 1
5458.4 4.78907e-14 1.29384e-15 1
5459.4 4.76788e-14 1.29384e-15 1
5460.4 4.73176e-14 1.29384e-15 1
5461.4 4.75229e-14 1.29384e-15 1
5462.4 4.74239e-14 1.29384e-15 1
5463.4 4.70438e-14 1.29384e-15 1
5464.4 4.70586e-14 1.29384e-15 1
5465.4 4.58017e-14 1.29384e-15 1
5466.4 4.51831e-14 1.29384e-15 1
5467.4 4.46594e-14 1.29384e-15 1
5468.4 4.4039e-14 1.29384e-15 1
5469.4 4.41531e-14 1.29384e-15 1
5470.4 4.32501e-14 1.29384e-15 1
5471.4 4.30206e-14 1.29384e-15 1
5472.4 4.31984e-14 1.29384e-15 1
5473.4 4.34381e-14 1.29384e-15 1
5474.4 4.349e-14 1.29384e-15 1
5475.4 4.34277e-14 1.29384e-15 1
5476.4 4.28601e-14 1.29384e-15 1
5477.4 4.19224e-14 1.29384e-15 1
5478.4 4.2071e-14 1.29384e-15 1
5479.4 4.2438e-14 1.29384e-15 1
5480.4 4.25561e-14 1.29384e-15 1
5481.4 4.26678e-14 1.29384e-15 1
5482.4 4.29032e-14 1.29384e-15 1
5483.4 4.3005e-14 1.29384e-15 1
5484.4 4.23626e-14 1.29384e-15 1
5485.4 4.19186e-14 1.29384e-15 1
5486.4 4.17989e-14 1.29384e-15 1
5487.4 4.24052e-14 1.29384e-15 1
5488.4 4.22337e-14 1.29384e-15 1
5489.4 4.19555e-14 1.29384e-15 1
5490.4 4.21296e-14 1.29384e-15 1
5491.4 4.27602e-14 1.29384e-15 1
5492.4 4.2584e-14 1.29384e-15 1
5493.4 4.30049e-14 1.29384e-15 1
5494.4 4.3084e-14 1.29384e-15 1
5495.4 4.31876e-14 1.29384e-15 1
5496.4 4.35974e-14 1.29384e-15 1
5497.4 4.39919e-14 1.29384e-15 1
5498.4 4.38299e-14 1.29384e-15 1
5499.4 4.40343e-14 1.29384e-15 1
5500.4 4.44105e-14 1.29384e-15 1
5501.4 4.43678e-14 1.29384e-15 1
5502.4 4.5589e-14 1.29384e-15 1
5503.4 4.56892e-14 5.96007e-16 1
5504.4 4.56987e-14 5.96007e-16 1
5505.4 4.58509e-14 5.96007e-16 1
5506.4 4.63563e-14 5.96007e-16 1
5507.4 4.69169e-14 5.96007e-16 1
5508.4 4.71156e-14 5.96007e-16 1
5509.4 4.72251e-14 5.96007e-16 1
5510.4 4.74764e-14 5.96007e-16 1
5511.4 4.78911e-14 5.96007e-16 1
5512.4 4.84503e-14 5.96007e-16 1
5513.4 4.82199e-14 5.96007e-16 1
5514.4 4.76019e-14 5.96007e-16 1
5515.4 4.82978e-14 5.96007e-16 1
5516.4 4.88081e-14 5.96007e-16 1
5517.4 4.9158e-14 5.96007e-16 1
5518.4 4.94634e-14 5.96007e-16 1
5519.4 4.97281e-14 5.96007e-16 1
5520.4 4.99757e-14 5.96007e-16 1
5521.4 4.92733e-14 5.96007e-16 1
5522.4 4.91837e-14 5.96007e-16 1
5523.4 4.96121e-14 5.96007e-16 1
5524.4 5.06908e-14 5.96007e-16 1
5525.4 5.10632e-14 5.96007e-16 1
5526.4 5.0543e-14 5.96007e-16 1
5527.4 5.03296e-14 5.96007e-16 1
5528.4 5.0588e-14 5.96007e-16 1
5529.4 5.18166e-14 5.96007e-16 1
5530.4 5.11877e-14 5.96007e-16 1
5531.4 5.11903e-14 5.96007e-16 1
5532.4 5.12344e-14 5.96007e-16 1
5533.4 5.10963e-14 5.96007e-16 1
5534.4 5.09453e-14 5.96007e-16 1
5535.4 5.14861e-14 5.96007e-16 1
5536.4 5.15741e-14 5.96007e-16 1
5537.4 5.12992e-14 5.96007e-16 1
5538.4 5.06391e-14 5.96007e-16 1
5539.4 5.13679e-14 5.96007e-16 1
5540.4 5.21468e-14 5.96007e-16 1
5541.4 5.2474e-14 5.96007e-16 1
5542.4 5.22793e-14 5.96007e-16 1
5543.4 5.15891e-14 5.96007e-16 1
5544.4 5.1908e-14 5.96007e-16 1
5545.4 5.20888e-14 5.96007e-16 1
5546.4 5.21565e-14 5.96007e-16 1
5547.4 5.20856e-14 5.96007e-16 1
5548.4 5.15725e-14 5.96007e-16 1
5549.4 5.20736e-14 5.96007e-16 1
5550.4 5.1949e-14 5.96007e-16 1
5551.4 5.17423e-14 5.96007e-16 1
5552.4 5.26669e-14 5.96007e-16 1
5553.4 5.14982e-14 5.96007e-16 1
5554.4 5.1829e-14 5.96007e-16 1
5555.4 5.18593e-14 5.96007e-16 1
5556.4 5.14456e-14 5.96007e-16 1
5557.4 5.21844e-14 5.96007e-16 1
5558.4 5.13484e-14 5.96007e-16 1
5559.4 5.18939e-14 5.96007e-16 1
5560.4 5.25505e-14 5.96007e-16 1
5561.4 5.24689e-14 5.96007e-16 1
5562.4 5.27668e-14 5.96007e-16 1
5563.4 5.25916e-14 5.96007e-16 1
5564.4 5.26229e-14 5.96007e-16 1
5565.4 5.27294e-14 5.96007e-16 1
5566.4 5.25229e-14 5.96007e-16 1
5567.4 5.221e-14 5.96007e-16 1
5568.4 5.25482e-14 5.96007e-16 1
5569.4 5.2334e-14 5.96007e-16 1
5570.4 5.13801e-14 5.96007e-16 1
5571.4 5.137e-14 5.96007e-16 1
5572.4 5.17956e-14 5.96007e-16 1
5573.4 5.14832e-14 5.96007e-16 1
5574.4 5.1227e-14 5.96007e-16 1
5575.4 5.17863e-14 5.96007e-16 1
5576.4 5.09523e-14 5.96007e-16 1
5577.4 5.02824e-14 5.96007e-16 1
5578.4 5.07733e-14 5.96007e-16 1
5579.4 5.17447e-14 5.96007e-16 1
5580.4 5.06111e-14 5.96007e-16 1
5581.4 5.14505e-14 5.96007e-16 1
5582.4 5.12367e-14 5.96007e-16 1
5583.4 5.10686e-14 5.96007e-16 1
5584.4 5.12388e-14 5.96007e-16 1
5585.4 5.07712e-14 5.96007e-16 1
5586.4 5.11248e-14 5.96007e-16 1
5587.4 5.07991e-14 5.96007e-16 1
5588.4 5.05405e-14 5.96007e-16 1
5589.4 5.13264e-14 5.96007e-16 1
5590.4 5.09739e-14 5.96007e-16 1
5591.4 5.08519e-14 5.96007e-16 1
5592.4 5.08821e-14 5.96007e-16 1
5593.4 5.09395e-14 5.96007e-16 1
5594.4 5.0396e-14 5.96007e-16 1
5595.4 5.06627e-14 5.96007e-16 1
5596.4 5.04464e-14 5.96007e-16 1
5597.4 5.01559e-14 5.96007e-16 1
5598.4 4.9957e-14 5.96007e-16 1
5599.4 5.04532e-14 5.96007e-16 1
5600.4 5.02551e-14 5.96007e-16 1
5601.4 5.00464e-14 5.96007e-16 1
5602.4 4.97945e-14 5.96007e-16 1
5603.4 4.94042e-14 4.72828e-16 1
5604.4 4.96693e-14 4.72828e-16 1
5605.4 4.973e-14 4.72828e-16 1
5606.4 4.96577e-14 4.72828e-16 1
5607.4 4.94872e-14 4.72828e-16 1
5608.4 4.94272e-14 4.72828e-16 1
5609.4 4.9384e-14 4.72828e-16 1
5610.4 4.96133e-14 4.72828e-16 1
5611.4 4.95975e-14 4.72828e-16 1
5612.4 4.89801e-14 4.72828e-16 1
5613.4 4.89513e-14 4.72828e-16 1
5614.4 4.91716e-14 4.72828e-16 1
5615.4 4.89798e-14 4.72828e-16 1
5616.4 4.86929e-14 4.72828e-16 1
5617.4 4.90575e-14 4.72828e-16 1
5618.4 4.80853e-14 4.72828e-16 1
5619.4 4.8057e-14 4.72828e-16 1
5620.4 4.81858e-14 4.72828e-16 1
5621.4 4.83053e-14 4.72828e-16 1
5622.4 4.80833e-14 4.72828e-16 1
5623.4 4.7719e-14 4.72828e-16 1
5624.4 4.747e-14 4.72828e-16 1
5625.4 4.73922e-14 4.72828e-16 1
5626.4 4.75974e-14 4.72828e-16 1
5627.4 4.75905e-14 4.72828e-16 1
5628.4 4.75722e-14 4.72828e-16 1
5629.4 4.74729e-14 4.72828e-16 1
5630.4 4.71593e-14 4.72828e-16 1
5631.4 4.60353e-14 4.72828e-16 1
5632.4 4.61381e-14 4.72828e-16 1
5633.4 4.69343e-14 4.72828e-16 1
5634.4 4.69276e-14 4.72828e-16 1
5635.4 4.57493e-14 4.72828e-16 1
5636.4 4.60726e-14 4.72828e-16 1
5637.4 4.60982e-14 4.72828e-16 1
5638.4 4.62078e-14 4.72828e-16 1
5639.4 4.62674e-14 4.72828e-16 1
5640.4 4.61004e-14 4.72828e-16 1
5641.4 4.51893e-14 4.72828e-16 1
5642.4 4.5182e-14 4.72828e-16 1
5643.4 4.51426e-14 4.72828e-16 1
5644.4 4.5074e-14 4.72828e-16 1
5645.4 4.53437e-14 4.72828e-16 1
5646.4 4.49143e-14 4.72828e-16 1
5647.4 4.47685e-14 4.72828e-16 1
5648.4 4.47582e-14 4.72828e-16 1
5649.4 4.4842e-14 4.72828e-16 1
5650.4 4.42429e-14 4.72828e-16 1
5651.4 4.39279e-14 4.72828e-16 1
5652.4 4.40278e-14 4.72828e-16 1
5653.4 4.41842e-14 4.72828e-16 1
5654.4 4.38122e-14 4.72828e-16 1
5655.4 4.40165e-14 4.72828e-16 1
5656.4 4.35031e-14 4.72828e-16 1
5657.4 4.34147e-14 4.72828e-16 1
5658.4 4.37698e-14 4.72828e-16 1
5659.4 4.35918e-14 4.72828e-16 1
5660.4 4.32911e-14 4.72828e-16 1
5661.4 4.36644e-14 4.72828e-16 1
5662.4 4.38524e-14 4.72828e-16 1
5663.4 4.33066e-14 4.72828e-16 1
5664.4 4.35717e-14 4.72828e-16 1
5665.4 4.39097e-14 4.72828e-16 1
5666.4 4.36057e-14 4.72828e-16 1
5667.4 4.30415e-14 4.72828e-16 1
5668.4 4.30686e-14 4.72828e-16 1
5669.4 4.30674e-14 4.72828e-16 1
5670.4 4.33708e-14 4.72828e-16 1
5671.4 4.32518e-14 4.72828e-16 1
5672.4 4.26362e-14 4.72828e-16 1
5673.4 4.27676e-14 4.72828e-16 1
5674.4 4.23402e-14 4.72828e-16 1
5675.4 4.25291e-14 4.72828e-16 1
5676.4 4.28206e-14 4.72828e-16 1
5677.4 4.28044e-14 4.72828e-16 1
5678.4 4.28408e-14 4.72828e-16 1
5679.4 4.26513e-14 4.72828e-16 1
5680.4 4.25456e-14 4.72828e-16 1
5681.4 4.24973e-14 4.72828e-16 1
5682.4 4.23489e-14 4.72828e-16 1
5683.4 4.2228e-14 4.72828e-16 1
5684.4 4.19844e-14 4.72828e-16 1
5685.4 4.19214e-14 4.72828e-16 1
5686.4 4.2125e-14 4.72828e-16 1
5687.4 4.14977e-14 4.72828e-16 1
5688.4 4.17652e-14 4.72828e-16 1
5689.4 4.13126e-14 4.72828e-16 1
5690.4 4.09414e-14 4.72828e-16 1
5691.4 4.18007e-14 4.72828e-16 1
5692.4 4.18435e-14 4.72828e-16 1
5693.4 4.09774e-14 4.72828e-16 1
5694.4 4.07891e-14 4.72828e-16 1
5695.4 4.12397e-14 4.72828e-16 1
5696.4 4.11704e-14 4.72828e-16 1
5697.4 4.13867e-14 4.72828e-16 1
5698.4 4.10756e-14 4.72828e-16 1
5699.4 4.08427e-14 4.72828e-16 1
5700.4 4.10022e-14 4.72828e-16 1
5701.4 4.01857e-14 4.72828e-16 1
5702.4 4.08297e-14 4.72828e-16 1
5703.4 4.10795e-14 4.72828e-16 1
5704.4 4.10731e-14 4.72828e-16 1
5705.4 4.10436e-14 4.72828e-16 1
5706.4 3.96145e-14 4.72828e-16 1
5707.4 4.00868e-14 4.72828e-16 1
5708.4 4.02899e-14 4.72828e-16 1
5709.4 3.99049e-14 4.72828e-16 1
5710.4 3.9686e-14 4.72828e-16 1
5711.4 3.99384e-14 4.72828e-16 1
5712.4 3.97053e-14 4.72828e-16 1
5713.4 3.93801e-14 4.72828e-16 1
5714.4 3.92408e-14 4.72828e-16 1
5715.4 3.93283e-14 4.72828e-16 1
5716.4 3.95014e-14 4.72828e-16 1
5717.4 3.95858e-14 4.72828e-16 1
5718.4 3.95848e-14 4.72828e-16 1
5719.4 3.952e-14 4.72828e-16 1
5720.4 3.93543e-14 4.72828e-16 1
5721.4 3.87153e-14 4.72828e-16 1
5722.4 3.85928e-14 4.72828e-16 1
5723.4 3.93043e-14 4.72828e-16 1
5724.4 3.9634e-14 4.72828e-16 1
5725.4 3.90231e-14 4.72828e-16 1
5726.4 3.90594e-14 4.72828e-16 1
5727.4 3.9186e-14 4.72828e-16 1
5728.4 3.86973e-14 4.72828e-16 1
5729.4 3.90575e-14 4.72828e-16 1
5730.4 3.9039e-14 4.72828e-16 1
5731.4 3.86755e-14 4.72828e-16 1
5732.4 3.81947e-14 4.72828e-16 1
5733.4 3.89394e-14 4.72828e-16 1
5734.4 3.84192e-14 4.72828e-16 1
5735.4 3.83215e-14 4.72828e-16 1
5736.4 3.82936e-14 4.72828e-16 1
5737.4 3.81866e-14 4.72828e-16 1
5738.4 3.82927e-14 4.72828e-16 1
5739.4 3.83426e-14 4.72828e-16 1
5740.4 3.83723e-14 4.72828e-16 1
5741.4 3.84649e-14 4.72828e-16 1
5742.4 3.88671e-14 4.72828e-16 1
5743.4 3.86509e-14 4.72828e-16 1
5744.4 3.86104e-14 4.72828e-16 1
5745.4 3.84983e-14 4.72828e-16 1
5746.4 3.83161e-14 4.72828e-16 1
5747.4 3.86481e-14 4.72828e-16 1
5748.4 3.93535e-14 4.72828e-16 1
5749.4 3.93333e-14 4.72828e-16 1
5750.4 3.90591e-14 4.72828e-16 1
5751.4 3.88311e-14 4.72828e-16 1
5752.4 3.85991e-14 4.72828e-16 1
5753.4 3.86152e-14 4.72828e-16 1
5754.4 3.88856e-14 4.72828e-16 1
5755.4 3.93244e-14 4.72828e-16 1
5756.4 3.97321e-14 4.72828e-16 1
5757.4 3.93946e-14 4.72828e-16 1
5758.4 3.92963e-14 4.72828e-16 1
5759.4 3.90991e-14 4.72828e-16 1
5760.4 3.87016e-14 4.72828e-16 1
5761.4 3.87536e-14 4.72828e-16 1
5762.4 3.86983e-14 4.72828e-16 1
5763.4 3.91446e-14 4.72828e-16 1
5764.4 3.97485e-14 4.72828e-16 1
5765.4 4.00712e-14 4.72828e-16 1
5766.4 4.01327e-14 4.72828e-16 1
5767.4 4.00715e-14 4.72828e-16 1
5768.4 4.02696e-14 4.72828e-16 1
5769.4 4.06424e-14 4.72828e-16 1
5770.4 4.01995e-14 4.72828e-16 1
5771.4 4.01769e-14 4.72828e-16 1
5772.4 4.05511e-14 4.72828e-16 1
5773.4 4.06878e-14 4.72828e-16 1
5774.4 4.01127e-14 4.72828e-16 1
5775.4 4.0438e-14 4.72828e-16 1
5776.4 4.04215e-14 4.72828e-16 1
5777.4 4.06005e-14 4.72828e-16 1
5778.4 4.08699e-14 4.72828e-16 1
5779.4 4.09581e-14 4.72828e-16 1
5780.4 4.06088e-14 4.72828e-16 1
5781.4 4.12188e-14 4.72828e-16 1
5782.4 4.14254e-14 4.72828e-16 1
5783.4 4.09105e-14 4.72828e-16 1
5784.4 4.11116e-14 4.72828e-16 1
5785.4 4.19343e-14 4.72828e-16 1
5786.4 4.18703e-14 4.72828e-16 1
5787.4 4.15948e-14 4.72828e-16 1
5788.4 4.18124e-14 4.72828e-16 1
5789.4 4.14742e-14 4.72828e-16 1
5790.4 4.23633e-14 4.72828e-16 1
5791.4 4.28775e-14 4.72828e-16 1
5792.4 4.29629e-14 4.72828e-16 1
5793.4 4.31889e-14 4.72828e-16 1
5794.4 4.29355e-14 4.72828e-16 1
5795.4 4.33247e-14 4.72828e-16 1
5796.4 4.34019e-14 4.72828e-16 1
5797.4 4.26329e-14 4.72828e-16 1
5798.4 4.31439e-14 4.72828e-16 1
5799.4 4.38165e-14 4.72828e-16 1
5800.4 4.40138e-14 4.72828e-16 1
5801.4 4.40411e-14 4.72828e-16 1
5802.4 4.46166e-14 4.72828e-16 1
5803.4 4.4521e-14 4.72828e-16 1
5804.4 4.50855e-14 4.72828e-16 1
5805.4 4.54567e-14 4.72828e-16 1
5806.4 4.54924e-14 4.72828e-16 1
5807.4 4.60971e-14 4.72828e-16 1
5808.4 4.61863e-14 4.72828e-16 1
5809.4 4.64373e-14 4.72828e-16 1
5810.4 4.65979e-14 4.72828e-16 1
5811.4 4.63733e-14 4.72828e-16 1
5812.4 4.73771e-14 4.72828e-16 1
5813.4 4.72629e-14 4.72828e-16 1
5814.4 4.72367e-14 4.72828e-16 1
5815.4 4.74086e-14 4.72828e-16 1
5816.4 4.80435e-14 4.72828e-16 1
5817.4 4.83158e-14 4.72828e-16 1
5818.4 4.82523e-14 4.72828e-16 1
5819.4 4.83518e-14 4.72828e-16 1
5820.4 4.88386e-14 4.72828e-16 1
5821.4 4.89213e-14 4.72828e-16 1
5822.4 4.90973e-14 4.72828e-16 1
5823.4 4.95872e-14 4.72828e-16 1
5824.4 5.01529e-14 4.72828e-16 1
5825.4 5.03808e-14 4.72828e-16 1
5826.4 5.04534e-14 4.72828e-16 1
5827.4 5.0665e-14 4.72828e-16 1
5828.4 5.05873e-14 4.72828e-16 1
5829.4 5.02772e-14 4.72828e-16 1
5830.4 5.1642e-14 4.72828e-16 1
5831.4 5.02167e-14 4.72828e-16 1
5832.4 5.04965e-14 4.72828e-16 1
5833.4 5.12748e-14 4.72828e-16 1
5834.4 5.16849e-14 4.72828e-16 1
5835.4 5.12033e-14 4.72828e-16 1
5836.4 5.20702e-14 4.72828e-16 1
5837.4 5.21142e-14 4.72828e-16 1
5838.4 5.16469e-14 4.72828e-16 1
5839.4 5.26212e-14 4.72828e-16 1
5840.4 5.16817e-14 4.72828e-16 1
5841.4 5.19821e-14 4.72828e-16 1
5842.4 5.25034e-14 4.72828e-16 1
5843.4 5.28777e-14 4.72828e-16 1
5844.4 5.37745e-14 4.72828e-16 1
5845.4 5.36569e-14 4.72828e-16 1
5846.4 5.35863e-14 4.72828e-16 1
5847.4 5.34268e-14 4.72828e-16 1
5848.4 5.28211e-14 4.72828e-16 1
5849.4 5.35933e-14 4.72828e-16 1
5850.4 5.38704e-14 4.72828e-16 1
5851.4 5.41477e-14 4.72828e-16 1
5852.4 5.45151e-14 4.72828e-16 1
5853.4 5.53446e-14 4.72828e-16 1
5854.4 5.44917e-14 4.72828e-16 1
5855.4 5.42831e-14 4.72828e-16 1
5856.4 5.44647e-14 4.72828e-16 1
5857.4 5.49895e-14 4.72828e-16 1
5858.4 5.38427e-14 4.72828e-16 1
5859.4 5.46617e-14 4.72828e-16 1
5860.4 5.51755e-14 4.72828e-16 1
5861.4 5.53153e-14 4.72828e-16 1
5862.4 5.54512e-14 4.72828e-16 1
5863.4 5.50252e-14 4.72828e-16 1
5864.4 5.52081e-14 4.72828e-16 1
5865.4 5.53194e-14 4.72828e-16 1
5866.4 5.50571e-14 4.72828e-16 1
5867.4 5.51854e-14 4.72828e-16 1
5868.4 5.52158e-14 4.72828e-16 1
5869.4 5.55991e-14 4.72828e-16 1
5870.4 5.59693e-14 4.72828e-16 1
5871.4 5.54947e-14 4.72828e-16 1
5872.4 5.60586e-14 4.72828e-16 1
5873.4 5.53731e-14 4.72828e-16 1
5874.4 5.49297e-14 4.72828e-16 1
5875.4 5.50176e-14 4.72828e-16 1
5876.4 5.5065e-14 4.72828e-16 1
5877.4 5.5706e-14 4.72828e-16 1
5878.4 5.57219e-14 4.72828e-16 1
5879.4 5.55416e-14 4.72828e-16 1
5880.4 5.55232e-14 4.72828e-16 1
5881.4 5.50413e-14 4.72828e-16 1
5882.4 5.51267e-14 4.72828e-16 1
5883.4 5.51697e-14 4.72828e-16 1
5884.4 5.51056e-14 4.72828e-16 1
5885.4 5.48061e-14 4.72828e-16 1
5886.4 5.48129e-14 4.72828e-16 1
5887.4 5.49654e-14 4.72828e-16 1
5888.4 5.49604e-14 4.72828e-16 1
5889.4 5.45967e-14 4.72828e-16 1
5890.4 5.47639e-14 4.72828e-16 1
5891.4 5.49935e-14 4.72828e-16 1
5892.4 5.4968e-14 4.72828e-16 1
5893.4 5.46426e-14 4.72828e-16 1
5894.4 5.37052e-14 4.72828e-16 1
5895.4 5.43123e-14 4.72828e-16 1
5896.4 5.51176e-14 4.72828e-16 1
5897.4 5.51208e-14 4.72828e-16 1
5898.4 5.40592e-14 4.72828e-16 1
5899.4 5.41965e-14 4.72828e-16 1
5900.4 5.42455e-14 4.72828e-16 1
5901.4 5.41743e-14 4.72828e-16 1
5902.4 5.40825e-14 4.72828e-16 1
5903.4 5.40981e-14 5.42677e-16 1
5904.4 5.32424e-14 5.42677e-16 1
5905.4 5.3757e-14 5.42677e-16 1
5906.4 5.40248e-14 5.42677e-16 1
5907.4 5.39518e-14 5.42677e-16 1
5908.4 5.44086e-14 5.42677e-16 1
5909.4 5.38349e-14 5.42677e-16 1
5910.4 5.36562e-14 5.42677e-16 1
5911.4 5.36556e-14 5.42677e-16 1
5912.4 5.37592e-14 5.42677e-16 1
5913.4 5.41772e-14 5.42677e-16 1
5914.4 5.42906e-14 5.42677e-16 1
5915.4 5.39399e-14 5.42677e-16 1
5916.4 5.34281e-14 5.42677e-16 1
5917.4 5.38817e-14 5.42677e-16 1
5918.4 5.36244e-14 5.42677e-16 1
5919.4 5.30146e-14 5.42677e-16 1
5920.4 5.27498e-14 5.42677e-16 1
5921.4 5.31444e-14 5.42677e-16 1
5922.4 5.28146e-14 5.42677e-16 1
5923.4 5.31903e-14 5.42677e-16 1
5924.4 5.28181e-14 5.42677e-16 1
5925.4 5.23048e-14 5.42677e-16 1
5926.4 5.28318e-14 5.42677e-16 1
5927.4 5.24066e-14 5.42677e-16 1
5928.4 5.20314e-14 5.42677e-16 1
5929.4 5.19463e-14 5.42677e-16 1
5930.4 5.21662e-14 5.42677e-16 1
5931.4 5.18287e-14 5.42677e-16 1
5932.4 5.19813e-14 5.42677e-16 1
5933.4 5.20696e-14 5.42677e-16 1
5934.4 5.20131e-14 5.42677e-16 1
5935.4 5.16418e-14 5.42677e-16 1
5936.4 5.1552e-14 5.42677e-16 1
5937.4 5.1468e-14 5.42677e-16 1
5938.4 5.13334e-14 5.42677e-16 1
5939.4 5.11128e-14 5.42677e-16 1
5940.4 5.05084e-14 5.42677e-16 1
5941.4 5.05692e-14 5.42677e-16 1
5942.4 5.04138e-14 5.42677e-16 1
5943.4 5.02357e-14 5.42677e-16 1
5944.4 5.01439e-14 5.42677e-16 1
5945.4 4.99476e-14 5.42677e-16 1
5946.4 5.03293e-14 5.42677e-16 1
5947.4 5.04172e-14 5.42677e-16 1
5948.4 5.02736e-14 5.42677e-16 1
5949.4 5.00921e-14 5.42677e-16 1
5950.4 5.06918e-14 5.42677e-16 1
5951.4 5.0327e-14 5.42677e-16 1
5952.4 4.99822e-14 5.42677e-16 1
5953.4 4.99772e-14 5.42677e-16 1
5954.4 4.99275e-14 5.42677e-16 1
5955.4 4.95944e-14 5.42677e-16 1
5956.4 4.89173e-14 5.42677e-16 1
5957.4 4.84546e-14 5.42677e-16 1
5958.4 4.9425e-14 5.42677e-16 1
5959.4 4.8761e-14 5.42677e-16 1
5960.4 4.86084e-14 5.42677e-16 1
5961.4 4.90007e-14 5.42677e-16 1
5962.4 4.98297e-14 5.42677e-16 1
5963.4 4.90244e-14 5.42677e-16 1
5964.4 4.8864e-14 5.42677e-16 1
5965.4 4.8658e-14 5.42677e-16 1
5966.4 4.83592e-14 5.42677e-16 1
5967.4 4.78575e-14 5.42677e-16 1
5968.4 4.81887e-14 5.42677e-16 1
5969.4 4.74999e-14 5.42677e-16 1
5970.4 4.71441e-14 5.42677e-16 1
5971.4 4.72049e-14 5.42677e-16 1
5972.4 4.73825e-14 5.42677e-16 1
5973.4 4.78476e-14 5.42677e-16 1
5974.4 4.7717e-14 5.42677e-16 1
5975.4 4.74903e-14 5.42677e-16 1
5976.4 4.74498e-14 5.42677e-16 1
5977.4 4.7398e-14 5.42677e-16 1
5978.4 4.74044e-14 5.42677e-16 1
5979.4 4.76497e-14 5.42677e-16 1
5980.4 4.78372e-14 5.42677e-16 1
5981.4 4.66896e-14 5.42677e-16 1
5982.4 4.69582e-14 5.42677e-16 1
5983.4 4.69365e-14 5.42677e-16 1
5984.4 4.68222e-14 5.42677e-16 1
5985.4 4.66698e-14 5.42677e-16 1
5986.4 4.659e-14 5.42677e-16 1
5987.4 4.63906e-14 5.42677e-16 1
5988.4 4.63517e-14 5.42677e-16 1
5989.4 4.62923e-14 5.42677e-16 1
5990.4 4.57265e-14 5.42677e-16 1
5991.4 4.53319e-14 5.42677e-16 1
5992.4 4.52036e-14 5.42677e-16 1
5993.4 4.52627e-14 5.42677e-16 1
5994.4 4.54872e-14 5.42677e-16 1
5995.4 4.52218e-14 5.42677e-16 1
5996.4 4.54235e-14 5.42677e-16 1
5997.4 4.53179e-14 5.42677e-16 1
5998.4 4.51363e-14 5.42677e-16 1
5999.4 4.51792e-14 5.42677e-16 1
6000.4 4.50252e-14 5.42677e-16 1
6001.4 4.46662e-14 5.42677e-16 1
6002.4 4.45291e-14 5.42677e-16 1
6003.4 4.46142e-14 1.0725e-15 1
6004.4 4.4087e-14 1.0725e-15 1
6005.4 4.39717e-14 1.0725e-15 1
6006.4 4.40087e-14 1.0725e-15 1
6007.4 4.42045e-14 1.0725e-15 1
6008.4 4.46533e-14 1.0725e-15 1
6009.4 4.37098e-14 1.0725e-15 1
6010.4 4.34734e-14 1.0725e-15 1
6011.4 4.32993e-14 1.0725e-15 1
6012.4 4.32058e-14 1.0725e-15 1
6013.4 4.36178e-14 1.0725e-15 1
6014.4 4.33997e-14 1.0725e-15 1
6015.4 4.33204e-14 1.0725e-15 1
6016.4 4.32139e-14 1.0725e-15 1
6017.4 4.29729e-14 1.0725e-15 1
6018.4 4.25427e-14 1.0725e-15 1
6019.4 4.29239e-14 1.0725e-15 1
6020.4 4.28244e-14 1.0725e-15 1
6021.4 4.24219e-14 1.0725e-15 1
6022.4 4.24685e-14 1.0725e-15 1
6023.4 4.25031e-14 1.0725e-15 1
6024.4 4.24619e-14 1.0725e-15 1
6025.4 4.24016e-14 1.0725e-15 1
6026.4 4.23415e-14 1.0725e-15 1
6027.4 4.22605e-14 1.0725e-15 1
6028.4 4.22021e-14 1.0725e-15 1
6029.4 4.22543e-14 1.0725e-15 1
6030.4 4.23238e-14 1.0725e-15 1
6031.4 4.21598e-14 1.0725e-15 1
6032.4 4.23079e-14 1.0725e-15 1
6033.4 4.18471e-14 1.0725e-15 1
6034.4 4.13541e-14 1.0725e-15 1
6035.4 4.10203e-14 1.0725e-15 1
6036.4 4.1675e-14 1.0725e-15 1
6037.4 4.16243e-14 1.0725e-15 1
6038.4 4.13283e-14 1.0725e-15 1
6039.4 4.10923e-14 1.0725e-15 1
6040.4 4.15341e-14 1.0725e-15 1
6041.4 4.17258e-14 1.0725e-15 1
6042.4 4.10829e-14 1.0725e-15 1
6043.4 4.08476e-14 1.0725e-15 1
6044.4 4.12677e-14 1.0725e-15 1
6045.4 4.19587e-14 1.0725e-15 1
6046.4 4.12886e-14 1.0725e-15 1
6047.4 4.11081e-14 1.0725e-15 1
6048.4 4.12219e-14 1.0725e-15 1
6049.4 4.1563e-14 1.0725e-15 1
6050.4 4.13004e-14 1.0725e-15 1
6051.4 4.0798e-14 1.0725e-15 1
6052.4 4.06504e-14 1.0725e-15 1
6053.4 4.0896e-14 1.0725e-15 1
6054.4 4.09756e-14 1.0725e-15 1
6055.4 4.09772e-14 1.0725e-15 1
6056.4 4.05011e-14 1.0725e-15 1
6057.4 4.01302e-14 1.0725e-15 1
6058.4 4.0487e-14 1.0725e-15 1
6059.4 3.89457e-14 1.0725e-15 1
6060.4 3.91795e-14 1.0725e-15 1
6061.4 3.92905e-14 1.0725e-15 1
6062.4 3.91351e-14 1.0725e-15 1
6063.4 3.87055e-14 1.0725e-15 1
6064.4 3.80954e-14 1.0725e-15 1
6065.4 3.75276e-14 1.0725e-15 1
6066.4 3.70733e-14 1.0725e-15 1
6067.4 3.68505e-14 1.0725e-15 1
6068.4 3.59657e-14 1.0725e-15 1
6069.4 3.57026e-14 1.0725e-15 1
6070.4 3.52024e-14 1.0725e-15 1
6071.4 3.45241e-14 1.0725e-15 1
6072.4 3.39723e-14 1.0725e-15 1
6073.4 3.35318e-14 1.0725e-15 1
6074.4 3.30772e-14 1.0725e-15 1
6075.4 3.25535e-14 1.0725e-15 1
6076.4 3.19263e-14 1.0725e-15 1
6077.4 3.11849e-14 1.0725e-15 1
6078.4 3.07657e-14 1.0725e-15 1
6079.4 3.01628e-14 1.0725e-15 1
6080.4 2.9533e-14 1.0725e-15 1
6081.4 2.94365e-14 1.0725e-15 1
6082.4 2.91687e-14 1.0725e-15 1
6083.4 2.84909e-14 1.0725e-15 1
6084.4 2.79005e-14 1.0725e-15 1
6085.4 2.76568e-14 1.0725e-15 1
6086.4 2.72199e-14 1.0725e-15 1
6087.4 2.67407e-14 1.0725e-15 1
6088.4 2.63347e-14 1.0725e-15 1
6089.4 2.5984e-14 1.0725e-15 1
6090.4 2.55762e-14 1.0725e-15 1
6091.4 2.4959e-14 1.0725e-15 1
6092.4 2.49625e-14 1.0725e-15 1
6093.4 2.46976e-14 1.0725e-15 1
6094.4 2.3843e-14 1.0725e-15 1
6095.4 2.35865e-14 1.0725e-15 1
6096.4 2.37301e-14 1.0725e-15 1
6097.4 2.33727e-14 1.0725e-15 1
6098.4 2.2824e-14 1.0725e-15 1
6099.4 2.27367e-14 1.0725e-15 1
6100.4 2.24264e-14 1.0725e-15 1
6101.4 2.18978e-14 1.0725e-15 1
6102.4 2.13907e-14 1.0725e-15 1
6103.4 2.10126e-14 4.72828e-16 1
6104.4 2.13204e-14 4.72828e-16 1
6105.4 2.08788e-14 4.72828e-16 1
6106.4 2.06522e-14 4.72828e-16 1
6107.4 2.04492e-14 4.72828e-16 1
6108.4 1.98254e-14 4.72828e-16 1
6109.4 1.97781e-14 4.72828e-16 1
6110.4 1.97218e-14 4.72828e-16 1
6111.4 1.95566e-14 4.72828e-16 1
6112.4 1.92591e-14 4.72828e-16 1
6113.4 1.89773e-14 4.72828e-16 1
6114.4 1.87994e-14 4.72828e-16 1
6115.4 1.86978e-14 4.72828e-16 1
6116.4 1.86201e-14 4.72828e-16 1
6117.4 1.84754e-14 4.72828e-16 1
6118.4 1.83873e-14 4.72828e-16 1
6119.4 1.8062e-14 4.72828e-16 1
6120.4 1.78472e-14 4.72828e-16 1
6121.4 1.78401e-14 4.72828e-16 1
6122.4 1.81757e-14 4.72828e-16 1
6123.4 1.78794e-14 4.72828e-16 1
6124.4 1.75233e-14 4.72828e-16 1
6125.4 1.72337e-14 4.72828e-16 1
6126.4 1.72581e-14 4.72828e-16 1
6127.4 1.70233e-14 4.72828e-16 1
6128.4 1.71657e-14 4.72828e-16 1
6129.4 1.73141e-14 4.72828e-16 1
6130.4 1.73771e-14 4.72828e-16 1
6131.4 1.68884e-14 4.72828e-16 1
6132.4 1.70937e-14 4.72828e-16 1
6133.4 1.70967e-14 4.72828e-16 1
6134.4 1.69004e-14 4.72828e-16 1
6135.4 1.63542e-14 4.72828e-16 1
6136.4 1.64755e-14 4.72828e-16 1
6137.4 1.61316e-14 4.72828e-16 1
6138.4 1.59795e-14 4.72828e-16 1
6139.4 1.61044e-14 4.72828e-16 1
6140.4 1.58376e-14 4.72828e-16 1
6141.4 1.55893e-14 4.72828e-16 1
6142.4 1.55594e-14 4.72828e-16 1
6143.4 1.56327e-14 4.72828e-16 1
6144.4 1.5722e-14 4.72828e-16 1
6145.4 1.52791e-14 4.72828e-16 1
6146.4 1.51154e-14 4.72828e-16 1
6147.4 1.52456e-14 4.72828e-16 1
6148.4 1.56396e-14 4.72828e-16 1
6149.4 1.55329e-14 4.72828e-16 1
6150.4 1.55083e-14 4.72828e-16 1
6151.4 1.55483e-14 4.72828e-16 1
6152.4 1.55375e-14 4.72828e-16 1
6153.4 1.52786e-14 4.72828e-16 1
6154.4 1.53826e-14 4.72828e-16 1
6155.4 1.52105e-14 4.72828e-16 1
6156.4 1.52505e-14 4.72828e-16 1
6157.4 1.55285e-14 4.72828e-16 1
6158.4 1.51983e-14 4.72828e-16 1
6159.4 1.53525e-14 4.72828e-16 1
6160.4 1.54395e-14 4.72828e-16 1
6161.4 1.55198e-14 4.72828e-16 1
6162.4 1.56747e-14 4.72828e-16 1
6163.4 1.58003e-14 4.72828e-16 1
6164.4 1.56507e-14 4.72828e-16 1
6165.4 1.55663e-14 4.72828e-16 1
6166.4 1.55863e-14 4.72828e-16 1
6167.4 1.54473e-14 4.72828e-16 1
6168.4 1.62656e-14 4.72828e-16 1
6169.4 1.64558e-14 4.72828e-16 1
6170.4 1.63906e-14 4.72828e-16 1
6171.4 1.64004e-14 4.72828e-16 1
6172.4 1.63128e-14 4.72828e-16 1
6173.4 1.65806e-14 4.72828e-16 1
6174.4 1.69133e-14 4.72828e-16 1
6175.4 1.72342e-14 4.72828e-16 1
6176.4 1.7144e-14 4.72828e-16 1
6177.4 1.72307e-14 4.72828e-16 1
6178.4 1.73086e-14 4.72828e-16 1
6179.4 1.74023e-14 4.72828e-16 1
6180.4 1.75652e-14 4.72828e-16 1
6181.4 1.77441e-14 4.72828e-16 1
6182.4 1.79993e-14 4.72828e-16 1
6183.4 1.82494e-14 4.72828e-16 1
6184.4 1.84494e-14 4.72828e-16 1
6185.4 1.82417e-14 4.72828e-16 1
6186.4 1.90244e-14 4.72828e-16 1
6187.4 1.9115e-14 4.72828e-16 1
6188.4 1.90249e-14 4.72828e-16 1
6189.4 1.94413e-14 4.72828e-16 1
6190.4 1.93838e-14 4.72828e-16 1
6191.4 1.9824e-14 4.72828e-16 1
6192.4 2.01546e-14 4.72828e-16 1
6193.4 2.02652e-14 4.72828e-16 1
6194.4 2.07716e-14 4.72828e-16 1
6195.4 2.09721e-14 4.72828e-16 1
6196.4 2.09977e-14 4.72828e-16 1
6197.4 2.10758e-14 4.72828e-16 1
6198.4 2.16758e-14 4.72828e-16 1
6199.4 2.15504e-14 4.72828e-16 1
6200.4 2.19336e-14 4.72828e-16 1
6201.4 2.22256e-14 4.72828e-16 1
6202.4 2.22951e-14 4.72828e-16 1
6203.4 2.27218e-14 4.80165e-16 1
6204.4 2.26436e-14 4.80165e-16 1
6205.4 2.29417e-14 4.80165e-16 1
6206.4 2.33209e-14 4.80165e-16 1
6207.4 2.32451e-14 4.80165e-16 1
6208.4 2.39239e-14 4.80165e-16 1
6209.4 2.41854e-14 4.80165e-16 1
6210.4 2.43612e-14 4.80165e-16 1
6211.4 2.45055e-14 4.80165e-16 1
6212.4 2.49654e-14 4.80165e-16 1
6213.4 2.46882e-14 4.80165e-16 1
6214.4 2.4887e-14 4.80165e-16 1
6215.4 2.52977e-14 4.80165e-16 1
6216.4 2.54485e-14 4.80165e-16 1
6217.4 2.5848e-14 4.80165e-16 1
6218.4 2.63041e-14 4.80165e-16 1
6219.4 2.65913e-14 4.80165e-16 1
6220.4 2.65879e-14 4.80165e-16 1
6221.4 2.64829e-14 4.80165e-16 1
6222.4 2.71395e-14 4.80165e-16 1
6223.4 2.74815e-14 4.80165e-16 1
6224.4 2.76015e-14 4.80165e-16 1
6225.4 2.76908e-14 4.80165e-16 1
6226.4 2.79921e-14 4.80165e-16 1
6227.4 2.81088e-14 4.80165e-16 1
6228.4 2.82916e-14 4.80165e-16 1
6229.4 2.86415e-14 4.80165e-16 1
6230.4 2.88637e-14 4.80165e-16 1
6231.4 2.91278e-14 4.80165e-16 1
6232.4 2.94457e-14 4.80165e-16 1
6233.4 2.97191e-14 4.80165e-16 1
6234.4 2.95749e-14 4.80165e-16 1
6235.4 2.9606e-14 4.80165e-16 1
6236.4 2.99303e-14 4.80165e-16 1
6237.4 3.02143e-14 4.80165e-16 1
6238.4 3.02693e-14 4.80165e-16 1
6239.4 3.09396e-14 4.80165e-16 1
6240.4 3.11128e-14 4.80165e-16 1
6241.4 3.11936e-14 4.80165e-16 1
6242.4 3.11837e-14 4.80165e-16 1
6243.4 3.09799e-14 4.80165e-16 1
6244.4 3.19392e-14 4.80165e-16 1
6245.4 3.17861e-14 4.80165e-16 1
6246.4 3.16997e-14 4.80165e-16 1
6247.4 3.24873e-14 4.80165e-16 1
6248.4 3.16425e-14 4.80165e-16 1
6249.4 3.21822e-14 4.80165e-16 1
6250.4 3.27026e-14 4.80165e-16 1
6251.4 3.30716e-14 4.80165e-16 1
6252.4 3.3062e-14 4.80165e-16 1
6253.4 3.30337e-14 4.80165e-16 1
6254.4 3.32089e-14 4.80165e-16 1
6255.4 3.35308e-14 4.80165e-16 1
6256.4 3.40502e-14 4.80165e-16 1
6257.4 3.36972e-14 4.80165e-16 1
6258.4 3.37002e-14 4.80165e-16 1
6259.4 3.37212e-14 4.80165e-16 1
6260.4 3.37665e-14 4.80165e-16 1
6261.4 3.44029e-14 4.80165e-16 1
6262.4 3.42499e-14 4.80165e-16 1
6263.4 3.41827e-14 4.80165e-16 1
6264.4 3.4288e-14 4.80165e-16 1
6265.4 3.48287e-14 4.80165e-16 1
6266.4 3.42463e-14 4.80165e-16 1
6267.4 3.46321e-14 4.80165e-16 1
6268.4 3.48466e-14 4.80165e-16 1
6269.4 3.47224e-14 4.80165e-16 1
6270.4 3.5209e-14 4.80165e-16 1
6271.4 3.49159e-14 4.80165e-16 1
6272.4 3.47897e-14 4.80165e-16 1
6273.4 3.48862e-14 4.80165e-16 1
6274.4 3.55288e-14 4.80165e-16 1
6275.4 3.45274e-14 4.80165e-16 1
6276.4 3.39806e-14 4.80165e-16 1
6277.4 3.35692e-14 4.80165e-16 1
6278.4 3.3271e-14 4.80165e-16 1
6279.4 3.35825e-14 4.80165e-16 1
6280.4 3.39744e-14 4.80165e-16 1
6281.4 3.43374e-14 4.80165e-16 1
6282.4 3.46962e-14 4.80165e-16 1
6283.4 3.52025e-14 4.80165e-16 1
6284.4 3.53758e-14 4.80165e-16 1
6285.4 3.5381e-14 4.80165e-16 1
6286.4 3.53951e-14 4.80165e-16 1
6287.4 3.5487e-14 4.80165e-16 1
6288.4 3.55001e-14 4.80165e-16 1
6289.4 3.57185e-14 4.80165e-16 1
6290.4 3.55686e-14 4.80165e-16 1
6291.4 3.51473e-14 4.80165e-16 1
6292.4 3.47862e-14 4.80165e-16 1
6293.4 3.57212e-14 4.80165e-16 1
6294.4 3.56958e-14 4.80165e-16 1
6295.4 3.54446e-14 4.80165e-16 1
6296.4 3.53111e-14 4.80165e-16 1
6297.4 3.56243e-14 4.80165e-16 1
6298.4 3.565e-14 4.80165e-16 1
6299.4 3.58656e-14 4.80165e-16 1
6300.4 3.6228e-14 4.80165e-16 1
6301.4 3.61925e-14 4.80165e-16 1
6302.4 3.56487e-14 4.80165e-16 1
6303.4 3.567e-14 4.72828e-16 1
6304.4 3.59551e-14 4.72828e-16 1
6305.4 3.63868e-14 4.72828e-16 1
6306.4 3.64968e-14 4.72828e-16 1
6307.4 3.65013e-14 4.72828e-16 1
6308.4 3.64295e-14 4.72828e-16 1
6309.4 3.62829e-14 4.72828e-16 1
6310.4 3.61239e-14 4.72828e-16 1
6311.4 3.60513e-14 4.72828e-16 1
6312.4 3.61271e-14 4.72828e-16 1
6313.4 3.62415e-14 4.72828e-16 1
6314.4 3.62236e-14 4.72828e-16 1
6315.4 3.6392e-14 4.72828e-16 1
6316.4 3.64326e-14 4.72828e-16 1
6317.4 3.63306e-14 4.72828e-16 1
6318.4 3.60534e-14 4.72828e-16 1
6319.4 3.58297e-14 4.72828e-16 1
6320.4 3.62066e-14 4.72828e-16 1
6321.4 3.63811e-14 4.72828e-16 1
6322.4 3.63379e-14 4.72828e-16 1
6323.4 3.58524e-14 4.72828e-16 1
6324.4 3.60778e-14 4.72828e-16 1
6325.4 3.63689e-14 4.72828e-16 1
6326.4 3.6495e-14 4.72828e-16 1
6327.4 3.6259e-14 4.72828e-16 1
6328.4 3.64876e-14 4.72828e-16 1
6329.4 3.63136e-14 4.72828e-16 1
6330.4 3.62697e-14 4.72828e-16 1
6331.4 3.63609e-14 4.72828e-16 1
6332.4 3.65425e-14 4.72828e-16 1
6333.4 3.68272e-14 4.72828e-16 1
6334.4 3.65093e-14 4.72828e-16 1
6335.4 3.61546e-14 4.72828e-16 1
6336.4 3.6268e-14 4.72828e-16 1
6337.4 3.69864e-14 4.72828e-16 1
6338.4 3.64773e-14 4.72828e-16 1
6339.4 3.62092e-14 4.72828e-16 1
6340.4 3.63602e-14 4.72828e-16 1
6341.4 3.66593e-14 4.72828e-16 1
6342.4 3.58872e-14 4.72828e-16 1
6343.4 3.59113e-14 4.72828e-16 1
6344.4 3.62801e-14 4.72828e-16 1
6345.4 3.64869e-14 4.72828e-16 1
6346.4 3.61627e-14 4.72828e-16 1
6347.4 3.63313e-14 4.72828e-16 1
6348.4 3.65129e-14 4.72828e-16 1
6349.4 3.65789e-14 4.72828e-16 1
6350.4 3.63903e-14 4.72828e-16 1
6351.4 3.61073e-14 4.72828e-16 1
6352.4 3.61163e-14 4.72828e-16 1
6353.4 3.63322e-14 4.72828e-16 1
6354.4 3.66037e-14 4.72828e-16 1
6355.4 3.64053e-14 4.72828e-16 1
6356.4 3.6055e-14 4.72828e-16 1
6357.4 3.58445e-14 4.72828e-16 1
6358.4 3.60227e-14 4.72828e-16 1
6359.4 3.6283e-14 4.72828e-16 1
6360.4 3.60177e-14 4.72828e-16 1
6361.4 3.58799e-14 4.72828e-16 1
6362.4 3.59261e-14 4.72828e-16 1
6363.4 3.63709e-14 4.72828e-16 1
6364.4 3.64352e-14 4.72828e-16 1
6365.4 3.61535e-14 4.72828e-16 1
6366.4 3.57789e-14 4.72828e-16 1
6367.4 3.55406e-14 4.72828e-16 1
6368.4 3.56558e-14 4.72828e-16 1
6369.4 3.5882e-14 4.72828e-16 1
6370.4 3.60306e-14 4.72828e-16 1
6371.4 3.60558e-14 4.72828e-16 1
6372.4 3.62801e-14 4.72828e-16 1
6373.4 3.59525e-14 4.72828e-16 1
6374.4 3.59242e-14 4.72828e-16 1
6375.4 3.60018e-14 4.72828e-16 1
6376.4 3.57196e-14 4.72828e-16 1
6377.4 3.6383e-14 4.72828e-16 1
6378.4 3.61915e-14 4.72828e-16 1
6379.4 3.58956e-14 4.72828e-16 1
6380.4 3.57696e-14 4.72828e-16 1
6381.4 3.59505e-14 4.72828e-16 1
6382.4 3.60643e-14 4.72828e-16 1
6383.4 3.62374e-14 4.72828e-16 1
6384.4 3.63916e-14 4.72828e-16 1
6385.4 3.5928e-14 4.72828e-16 1
6386.4 3.55861e-14 4.72828e-16 1
6387.4 3.56487e-14 4.72828e-16 1
6388.4 3.58717e-14 4.72828e-16 1
6389.4 3.61393e-14 4.72828e-16 1
6390.4 3.61251e-14 4.72828e-16 1
6391.4 3.60024e-14 4.72828e-16 1
6392.4 3.58952e-14 4.72828e-16 1
6393.4 3.58322e-14 4.72828e-16 1
6394.4 3.5992e-14 4.72828e-16 1
6395.4 3.57461e-14 4.72828e-16 1
6396.4 3.56713e-14 4.72828e-16 1
6397.4 3.5724e-14 4.72828e-16 1
6398.4 3.59268e-14 4.72828e-16 1
6399.4 3.59433e-14 4.72828e-16 1
6400.4 3.58501e-14 4.72828e-16 1
6401.4 3.5824e-14 4.72828e-16 1
6402.4 3.59663e-14 4.72828e-16 1
6403.4 3.58736e-14 4.72828e-16 1
6404.4 3.59348e-14 4.72828e-16 1
6405.4 3.58446e-14 4.72828e-16 1
6406.4 3.56429e-14 4.72828e-16 1
6407.4 3.56342e-14 4.72828e-16 1
6408.4 3.55824e-14 4.72828e-16 1
6409.4 3.56394e-14 4.72828e-16 1
6410.4 3.559e-14 4.72828e-16 1
6411.4 3.50981e-14 4.72828e-16 1
6412.4 3.55756e-14 4.72828e-16 1
6413.4 3.58598e-14 4.72828e-16 1
6414.4 3.59093e-14 4.72828e-16 1
6415.4 3.5691e-14 4.72828e-16 1
6416.4 3.57557e-14 4.72828e-16 1
6417.4 3.5958e-14 4.72828e-16 1
6418.4 3.5901e-14 4.72828e-16 1
6419.4 3.58391e-14 4.72828e-16 1
6420.4 3.65962e-14 4.72828e-16 1
6421.4 3.53519e-14 4.72828e-16 1
6422.4 3.54579e-14 4.72828e-16 1
6423.4 3.58617e-14 4.72828e-16 1
6424.4 3.6206e-14 4.72828e-16 1
6425.4 3.60371e-14 4.72828e-16 1
6426.4 3.58382e-14 4.72828e-16 1
6427.4 3.58344e-14 4.72828e-16 1
6428.4 3.59976e-14 4.72828e-16 1
6429.4 3.59337e-14 4.72828e-16 1
6430.4 3.58502e-14 4.72828e-16 1
6431.4 3.58383e-14 4.72828e-16 1
6432.4 3.56976e-14 4.72828e-16 1
6433.4 3.49888e-14 4.72828e-16 1
6434.4 3.58233e-14 4.72828e-16 1
6435.4 3.57336e-14 4.72828e-16 1
6436.4 3.57456e-14 4.72828e-16 1
6437.4 3.6112e-14 4.72828e-16 1
6438.4 3.55772e-14 4.72828e-16 1
6439.4 3.58184e-14 4.72828e-16 1
6440.4 3.5562e-14 4.72828e-16 1
6441.4 3.50506e-14 4.72828e-16 1
6442.4 3.52164e-14 4.72828e-16 1
6443.4 3.52259e-14 4.72828e-16 1
6444.4 3.52386e-14 4.72828e-16 1
6445.4 3.53976e-14 4.72828e-16 1
6446.4 3.59268e-14 4.72828e-16 1
6447.4 3.53662e-14 4.72828e-16 1
6448.4 3.53767e-14 4.72828e-16 1
6449.4 3.55035e-14 4.72828e-16 1
6450.4 3.56739e-14 4.72828e-16 1
6451.4 3.51946e-14 4.72828e-16 1
6452.4 3.51142e-14 4.72828e-16 1
6453.4 3.5184e-14 4.72828e-16 1
6454.4 3.52664e-14 4.72828e-16 1
6455.4 3.50185e-14 4.72828e-16 1
6456.4 3.55888e-14 4.72828e-16 1
6457.4 3.56561e-14 4.72828e-16 1
6458.4 3.56103e-14 4.72828e-16 1
6459.4 3.55592e-14 4.72828e-16 1
6460.4 3.51259e-14 4.72828e-16 1
6461.4 3.51057e-14 4.72828e-16 1
6462.4 3.50665e-14 4.72828e-16 1
6463.4 3.50147e-14 4.72828e-16 1
6464.4 3.52388e-14 4.72828e-16 1
6465.4 3.4936e-14 4.72828e-16 1
6466.4 3.50467e-14 4.72828e-16 1
6467.4 3.52363e-14 4.72828e-16 1
6468.4 3.50731e-14 4.72828e-16 1
6469.4 3.49093e-14 4.72828e-16 1
6470.4 3.47e-14 4.72828e-16 1
6471.4 3.48185e-14 4.72828e-16 1
6472.4 3.54557e-14 4.72828e-16 1
6473.4 3.50454e-14 4.72828e-16 1
6474.4 3.48309e-14 4.72828e-16 1
6475.4 3.47489e-14 4.72828e-16 1
6476.4 3.47979e-14 4.72828e-16 1
6477.4 3.50868e-14 4.72828e-16 1
6478.4 3.50925e-14 4.72828e-16 1
6479.4 3.49893e-14 4.72828e-16 1
6480.4 3.48768e-14 4.72828e-16 1
6481.4 3.48473e-14 4.72828e-16 1
6482.4 3.53314e-14 4.72828e-16 1
6483.4 3.48332e-14 4.72828e-16 1
6484.4 3.46664e-14 4.72828e-16 1
6485.4 3.50924e-14 4.72828e-16 1
6486.4 3.46999e-14 4.72828e-16 1
6487.4 3.4998e-14 4.72828e-16 1
6488.4 3.51626e-14 4.72828e-16 1
6489.4 3.52767e-14 4.72828e-16 1
6490.4 3.56699e-14 4.72828e-16 1
6491.4 3.51952e-14 4.72828e-16 1
6492.4 3.4706e-14 4.72828e-16 1
6493.4 3.45714e-14 4.72828e-16 1
6494.4 3.53453e-14 4.72828e-16 1
6495.4 3.51532e-14 4.72828e-16 1
6496.4 3.52478e-14 4.72828e-16 1
6497.4 3.52514e-14 4.72828e-16 1
6498.4 3.51156e-14 4.72828e-16 1
6499.4 3.48876e-14 4.72828e-16 1
6500.4 3.4844e-14 4.72828e-16 1
6501.4 3.47531e-14 4.72828e-16 1
6502.4 3.47539e-14 4.72828e-16 1
6503.4 3.5408e-14 4.72828e-16 1
6504.4 3.47656e-14 4.72828e-16 1
6505.4 3.47605e-14 4.72828e-16 1
6506.4 3.47373e-14 4.72828e-16 1
6507.4 3.43143e-14 4.72828e-16 1
6508.4 3.42175e-14 4.72828e-16 1
6509.4 3.4654e-14 4.72828e-16 1
6510.4 3.49614e-14 4.72828e-16 1
6511.4 3.50697e-14 4.72828e-16 1
6512.4 3.50382e-14 4.72828e-16 1
6513.4 3.455e-14 4.72828e-16 1
6514.4 3.41946e-14 4.72828e-16 1
6515.4 3.40526e-14 4.72828e-16 1
6516.4 3.46029e-14 4.72828e-16 1
6517.4 3.42224e-14 4.72828e-16 1
6518.4 3.4465e-14 4.72828e-16 1
6519.4 3.47134e-14 4.72828e-16 1
6520.4 3.46705e-14 4.72828e-16 1
6521.4 3.45308e-14 4.72828e-16 1
6522.4 3.43661e-14 4.72828e-16 1
6523.4 3.42483e-14 4.72828e-16 1
6524.4 3.41943e-14 4.72828e-16 1
6525.4 3.4316e-14 4.72828e-16 1
6526.4 3.41152e-14 4.72828e-16 1
6527.4 3.41579e-14 4.72828e-16 1
6528.4 3.42207e-14 4.72828e-16 1
6529.4 3.37925e-14 4.72828e-16 1
6530.4 3.40428e-14 4.72828e-16 1
6531.4 3.38364e-14 4.72828e-16 1
6532.4 3.35781e-14 4.72828e-16 1
6533.4 3.34245e-14 4.72828e-16 1
6534.4 3.39303e-14 4.72828e-16 1
6535.4 3.36874e-14 4.72828e-16 1
6536.4 3.34512e-14 4.72828e-16 1
6537.4 3.33002e-14 4.72828e-16 1
6538.4 3.36207e-14 4.72828e-16 1
6539.4 3.31713e-14 4.72828e-16 1
6540.4 3.31531e-14 4.72828e-16 1
6541.4 3.32386e-14 4.72828e-16 1
6542.4 3.27739e-14 4.72828e-16 1
6543.4 3.26678e-14 4.72828e-16 1
6544.4 3.24685e-14 4.72828e-16 1
6545.4 3.25126e-14 4.72828e-16 1
6546.4 3.31101e-14 4.72828e-16 1
6547.4 3.28721e-14 4.72828e-16 1
6548.4 3.25947e-14 4.72828e-16 1
6549.4 3.23029e-14 4.72828e-16 1
6550.4 3.20248e-14 4.72828e-16 1
6551.4 3.20755e-14 4.72828e-16 1
6552.4 3.21769e-14 4.72828e-16 1
6553.4 3.20926e-14 4.72828e-16 1
6554.4 3.19658e-14 4.72828e-16 1
6555.4 3.21208e-14 4.72828e-16 1
6556.4 3.24265e-14 4.72828e-16 1
6557.4 3.20568e-14 4.72828e-16 1
6558.4 3.17038e-14 4.72828e-16 1
6559.4 3.17518e-14 4.72828e-16 1
6560.4 3.18692e-14 4.72828e-16 1
6561.4 3.1221e-14 4.72828e-16 1
6562.4 3.10387e-14 4.72828e-16 1
6563.4 3.14246e-14 4.72828e-16 1
6564.4 3.12529e-14 4.72828e-16 1
6565.4 3.1158e-14 4.72828e-16 1
6566.4 3.10921e-14 4.72828e-16 1
6567.4 3.10787e-14 4.72828e-16 1
6568.4 3.12709e-14 4.72828e-16 1
6569.4 3.08843e-14 4.72828e-16 1
6570.4 3.06521e-14 4.72828e-16 1
6571.4 3.04947e-14 4.72828e-16 1
6572.4 3.0422e-14 4.72828e-16 1
6573.4 3.02874e-14 4.72828e-16 1
6574.4 2.99933e-14 4.72828e-16 1
6575.4 2.98931e-14 4.72828e-16 1
6576.4 3.00526e-14 4.72828e-16 1
6577.4 3.01235e-14 4.72828e-16 1
6578.4 3.02423e-14 4.72828e-16 1
6579.4 3.01597e-14 4.72828e-16 1
6580.4 2.99223e-14 4.72828e-16 1
6581.4 2.95113e-14 4.72828e-16 1
6582.4 2.94062e-14 4.72828e-16 1
6583.4 2.93157e-14 4.72828e-16 1
6584.4 2.92616e-14 4.72828e-16 1
6585.4 2.93005e-14 4.72828e-16 1
6586.4 2.91982e-14 4.72828e-16 1
6587.4 2.91295e-14 4.72828e-16 1
6588.4 2.89598e-14 4.72828e-16 1
6589.4 2.86455e-14 4.72828e-16 1
6590.4 2.9092e-14 4.72828e-16 1
6591.4 2.86792e-14 4.72828e-16 1
6592.4 2.83307e-14 4.72828e-16 1
6593.4 2.81148e-14 4.72828e-16 1
6594.4 2.85466e-14 4.72828e-16 1
6595.4 2.80833e-14 4.72828e-16 1
6596.4 2.79213e-14 4.72828e-16 1
6597.4 2.78928e-14 4.72828e-16 1
6598.4 2.79238e-14 4.72828e-16 1
6599.4 2.78965e-14 4.72828e-16 1
6600.4 2.79402e-14 4.72828e-16 1
6601.4 2.80451e-14 4.72828e-16 1
6602.4 2.82344e-14 4.72828e-16 1
6603.4 2.78432e-14 4.72828e-16 1
6604.4 2.79347e-14 4.72828e-16 1
6605.4 2.78762e-14 4.72828e-16 1
6606.4 2.76479e-14 4.72828e-16 1
6607.4 2.72121e-14 4.72828e-16 1
6608.4 2.73796e-14 4.72828e-16 1
6609.4 2.75035e-14 4.72828e-16 1
6610.4 2.74846e-14 4.72828e-16 1
6611.4 2.68651e-14 4.72828e-16 1
6612.4 2.67391e-14 4.72828e-16 1
6613.4 2.66574e-14 4.72828e-16 1
6614.4 2.6656e-14 4.72828e-16 1
6615.4 2.6816e-14 4.72828e-16 1
6616.4 2.67255e-14 4.72828e-16 1
6617.4 2.64592e-14 4.72828e-16 1
6618.4 2.64371e-14 4.72828e-16 1
6619.4 2.67173e-14 4.72828e-16 1
6620.4 2.65137e-14 4.72828e-16 1
6621.4 2.646e-14 4.72828e-16 1
6622.4 2.63719e-14 4.72828e-16 1
6623.4 2.62575e-14 4.72828e-16 1
6624.4 2.60984e-14 4.72828e-16 1
6625.4 2.60849e-14 4.72828e-16 1
6626.4 2.59629e-14 4.72828e-16 1
6627.4 2.58882e-14 4.72828e-16 1
6628.4 2.60793e-14 4.72828e-16 1
6629.4 2.57616e-14 4.72828e-16 1
6630.4 2.57629e-14 4.72828e-16 1
6631.4 2.57638e-14 4.72828e-16 1
6632.4 2.56901e-14 4.72828e-16 1
6633.4 2.55106e-14 4.72828e-16 1
6634.4 2.54011e-14 4.72828e-16 1
6635.4 2.54559e-14 4.72828e-16 1
6636.4 2.56201e-14 4.72828e-16 1
6637.4 2.52777e-14 4.72828e-16 1
6638.4 2.51867e-14 4.72828e-16 1
6639.4 2.52347e-14 4.72828e-16 1
6640.4 2.52643e-14 4.72828e-16 1
6641.4 2.48826e-14 4.72828e-16 1
6642.4 2.48749e-14 4.72828e-16 1
6643.4 2.49002e-14 4.72828e-16 1
6644.4 2.49104e-14 4.72828e-16 1
6645.4 2.48675e-14 4.72828e-16 1
6646.4 2.4949e-14 4.72828e-16 1
6647.4 2.46956e-14 4.72828e-16 1
6648.4 2.44477e-14 4.72828e-16 1
6649.4 2.42552e-14 4.72828e-16 1
6650.4 2.42205e-14 4.72828e-16 1
6651.4 2.43703e-14 4.72828e-16 1
6652.4 2.43088e-14 4.72828e-16 1
6653.4 2.41124e-14 4.72828e-16 1
6654.4 2.40235e-14 4.72828e-16 1
6655.4 2.4055e-14 4.72828e-16 1
6656.4 2.42144e-14 4.72828e-16 1
6657.4 2.42974e-14 4.72828e-16 1
6658.4 2.39255e-14 4.72828e-16 1
6659.4 2.40304e-14 4.72828e-16 1
6660.4 2.36722e-14 4.72828e-16 1
6661.4 2.35535e-14 4.72828e-16 1
6662.4 2.40418e-14 4.72828e-16 1
6663.4 2.33942e-14 4.72828e-16 1
6664.4 2.35827e-14 4.72828e-16 1
6665.4 2.36528e-14 4.72828e-16 1
6666.4 2.35465e-14 4.72828e-16 1
6667.4 2.32963e-14 4.72828e-16 1
6668.4 2.32554e-14 4.72828e-16 1
6669.4 2.33159e-14 4.72828e-16 1
6670.4 2.34165e-14 4.72828e-16 1
6671.4 2.33886e-14 4.72828e-16 1
6672.4 2.31335e-14 4.72828e-16 1
6673.4 2.29571e-14 4.72828e-16 1
6674.4 2.28944e-14 4.72828e-16 1
6675.4 2.31098e-14 4.72828e-16 1
6676.4 2.26459e-14 4.72828e-16 1
6677.4 2.26409e-14 4.72828e-16 1
6678.4 2.2712e-14 4.72828e-16 1
6679.4 2.28002e-14 4.72828e-16 1
6680.4 2.31041e-14 4.72828e-16 1
6681.4 2.27906e-14 4.72828e-16 1
6682.4 2.26063e-14 4.72828e-16 1
6683.4 2.25714e-14 4.72828e-16 1
6684.4 2.25667e-14 4.72828e-16 1
6685.4 2.24717e-14 4.72828e-16 1
6686.4 2.24127e-14 4.72828e-16 1
6687.4 2.23445e-14 4.72828e-16 1
6688.4 2.21063e-14 4.72828e-16 1
6689.4 2.22267e-14 4.72828e-16 1
6690.4 2.21881e-14 4.72828e-16 1
6691.4 2.21245e-14 4.72828e-16 1
6692.4 2.21186e-14 4.72828e-16 1
6693.4 2.20475e-14 4.72828e-16 1
6694.4 2.20986e-14 4.72828e-16 1
6695.4 2.1978e-14 4.72828e-16 1
6696.4 2.15676e-14 4.72828e-16 1
6697.4 2.17388e-14 4.72828e-16 1
6698.4 2.19808e-14 4.72828e-16 1
6699.4 2.20665e-14 4.72828e-16 1
6700.4 2.19865e-14 4.72828e-16 1
6701.4 2.15875e-14 4.72828e-16 1
6702.4 2.1538e-14 4.72828e-16 1
6703.4 2.15117e-14 4.72828e-16 1
6704.4 2.14881e-14 4.72828e-16 1
6705.4 2.1407e-14 4.72828e-16 1
6706.4 2.10493e-14 4.72828e-16 1
6707.4 2.1152e-14 4.72828e-16 1
6708.4 2.12833e-14 4.72828e-16 1
6709.4 2.11183e-14 4.72828e-16 1
6710.4 2.11726e-14 4.72828e-16 1
6711.4 2.12695e-14 4.72828e-16 1
6712.4 2.12226e-14 4.72828e-16 1
6713.4 2.09356e-14 4.72828e-16 1
6714.4 2.11633e-14 4.72828e-16 1
6715.4 2.10207e-14 4.72828e-16 1
6716.4 2.08715e-14 4.72828e-16 1
6717.4 2.07515e-14 4.72828e-16 1
6718.4 2.10303e-14 4.72828e-16 1
6719.4 2.07763e-14 4.72828e-16 1
6720.4 2.07044e-14 4.72828e-16 1
6721.4 2.06512e-14 4.72828e-16 1
6722.4 2.00496e-14 4.72828e-16 1
6723.4 2.04147e-14 4.72828e-16 1
6724.4 2.03321e-14 4.72828e-16 1
6725.4 2.02052e-14 4.72828e-16 1
6726.4 2.03861e-14 4.72828e-16 1
6727.4 2.04551e-14 4.72828e-16 1
6728.4 2.03668e-14 4.72828e-16 1
6729.4 2.0234e-14 4.72828e-16 1
6730.4 2.00668e-14 4.72828e-16 1
6731.4 1.99548e-14 4.72828e-16 1
6732.4 1.99581e-14 4.72828e-16 1
6733.4 1.99542e-14 4.72828e-16 1
6734.4 1.99392e-14 4.72828e-16 1
6735.4 2.00228e-14 4.72828e-16 1
6736.4 1.98526e-14 4.72828e-16 1
6737.4 1.97399e-14 4.72828e-16 1
6738.4 1.96478e-14 4.72828e-16 1
6739.4 1.93989e-14 4.72828e-16 1
6740.4 1.94589e-14 4.72828e-16 1
6741.4 1.95222e-14 4.72828e-16 1
6742.4 1.9522e-14 4.72828e-16 1
6743.4 1.92614e-14 4.72828e-16 1
6744.4 1.93722e-14 4.72828e-16 1
6745.4 1.93996e-14 4.72828e-16 1
6746.4 1.9314e-14 4.72828e-16 1
6747.4 1.90135e-14 4.72828e-16 1
6748.4 1.92339e-14 4.72828e-16 1
6749.4 1.91746e-14 4.72828e-16 1
6750.4 1.90255e-14 4.72828e-16 1
6751.4 1.87962e-14 4.72828e-16 1
6752.4 1.92267e-14 4.72828e-16 1
6753.4 1.90415e-14 4.72828e-16 1
6754.4 1.89784e-14 4.72828e-16 1
6755.4 1.90087e-14 4.72828e-16 1
6756.4 1.88796e-14 4.72828e-16 1
6757.4 1.85924e-14 4.72828e-16 1
6758.4 1.86638e-14 4.72828e-16 1
6759.4 1.88404e-14 4.72828e-16 1
6760.4 1.86267e-14 4.72828e-16 1
6761.4 1.83912e-14 4.72828e-16 1
6762.4 1.84363e-14 4.72828e-16 1
6763.4 1.8456e-14 4.72828e-16 1
6764.4 1.81612e-14 4.72828e-16 1
6765.4 1.81702e-14 4.72828e-16 1
6766.4 1.81406e-14 4.72828e-16 1
6767.4 1.81133e-14 4.72828e-16 1
6768.4 1.81005e-14 4.72828e-16 1
6769.4 1.80859e-14 4.72828e-16 1
6770.4 1.80133e-14 4.72828e-16 1
6771.4 1.79301e-14 4.72828e-16 1
6772.4 1.78488e-14 4.72828e-16 1
6773.4 1.81051e-14 4.72828e-16 1
6774.4 1.79886e-14 4.72828e-16 1
6775.4 1.78033e-14 4.72828e-16 1
6776.4 1.7643e-14 4.72828e-16 1
6777.4 1.81571e-14 4.72828e-16 1
6778.4 1.78949e-14 4.72828e-16 1
6779.4 1.76699e-14 4.72828e-16 1
6780.4 1.75587e-14 4.72828e-16 1
6781.4 1.79073e-14 4.72828e-16 1
6782.4 1.79409e-14 4.72828e-16 1
6783.4 1.77602e-14 4.72828e-16 1
6784.4 1.75973e-14 4.72828e-16 1
6785.4 1.76183e-14 4.72828e-16 1
6786.4 1.7371e-14 4.72828e-16 1
6787.4 1.75553e-14 4.72828e-16 1
6788.4 1.75712e-14 4.72828e-16 1
6789.4 1.72296e-14 4.72828e-16 1
6790.4 1.75148e-14 4.72828e-16 1
6791.4 1.73665e-14 4.72828e-16 1
6792.4 1.74116e-14 4.72828e-16 1
6793.4 1.76585e-14 4.72828e-16 1
6794.4 1.74689e-14 4.72828e-16 1
6795.4 1.73138e-14 4.72828e-16 1
6796.4 1.73154e-14 4.72828e-16 1
6797.4 1.74145e-14 4.72828e-16 1
6798.4 1.74576e-14 4.72828e-16 1
6799.4 1.75104e-14 4.72828e-16 1
6800.4 1.75313e-14 4.72828e-16 1
6801.4 1.75511e-14 4.72828e-16 1
6802.4 1.76244e-14 4.72828e-16 1
6803.4 1.71567e-14 4.72828e-16 1
6804.4 1.71214e-14 4.72828e-16 1
6805.4 1.71738e-14 4.72828e-16 1
6806.4 1.71822e-14 4.72828e-16 1
6807.4 1.71183e-14 4.72828e-16 1
6808.4 1.73261e-14 4.72828e-16 1
6809.4 1.73989e-14 4.72828e-16 1
6810.4 1.71853e-14 4.72828e-16 1
6811.4 1.69416e-14 4.72828e-16 1
6812.4 1.68248e-14 4.72828e-16 1
6813.4 1.69281e-14 4.72828e-16 1
6814.4 1.7251e-14 4.72828e-16 1
6815.4 1.6973e-14 4.72828e-16 1
6816.4 1.70789e-14 4.72828e-16 1
6817.4 1.7074e-14 4.72828e-16 1
6818.4 1.69987e-14 4.72828e-16 1
6819.4 1.70135e-14 4.72828e-16 1
6820.4 1.70603e-14 4.72828e-16 1
6821.4 1.70407e-14 4.72828e-16 1
6822.4 1.70442e-14 4.72828e-16 1
6823.4 1.73355e-14 4.72828e-16 1
6824.4 1.71124e-14 4.72828e-16 1
6825.4 1.71267e-14 4.72828e-16 1
6826.4 1.71158e-14 4.72828e-16 1
6827.4 1.68097e-14 4.72828e-16 1
6828.4 1.68506e-14 4.72828e-16 1
6829.4 1.6975e-14 4.72828e-16 1
6830.4 1.7084e-14 4.72828e-16 1
6831.4 1.71354e-14 4.72828e-16 1
6832.4 1.69569e-14 4.72828e-16 1
6833.4 1.696e-14 4.72828e-16 1
6834.4 1.69885e-14 4.72828e-16 1
6835.4 1.70329e-14 4.72828e-16 1
6836.4 1.72667e-14 4.72828e-16 1
6837.4 1.71894e-14 4.72828e-16 1
6838.4 1.69545e-14 4.72828e-16 1
6839.4 1.66164e-14 4.72828e-16 1
6840.4 1.68247e-14 4.72828e-16 1
6841.4 1.68304e-14 4.72828e-16 1
6842.4 1.6868e-14 4.72828e-16 1
6843.4 1.69439e-14 4.72828e-16 1
6844.4 1.71732e-14 4.72828e-16 1
6845.4 1.68929e-14 4.72828e-16 1
6846.4 1.69137e-14 4.72828e-16 1
6847.4 1.69795e-14 4.72828e-16 1
6848.4 1.67348e-14 4.72828e-16 1
6849.4 1.66349e-14 4.72828e-16 1
6850.4 1.68796e-14 4.72828e-16 1
6851.4 1.69991e-14 4.72828e-16 1
6852.4 1.65376e-14 4.72828e-16 1
6853.4 1.66338e-14 4.72828e-16 1
6854.4 1.66941e-14 4.72828e-16 1
6855.4 1.66026e-14 4.72828e-16 1
6856.4 1.62416e-14 4.72828e-16 1
6857.4 1.66229e-14 4.72828e-16 1
6858.4 1.68108e-14 4.72828e-16 1
6859.4 1.68465e-14 4.72828e-16 1
6860.4 1.66917e-14 4.72828e-16 1
6861.4 1.68273e-14 4.72828e-16 1
6862.4 1.67685e-14 4.72828e-16 1
6863.4 1.65895e-14 4.72828e-16 1
6864.4 1.63414e-14 4.72828e-16 1
6865.4 1.6477e-14 4.72828e-16 1
6866.4 1.59306e-14 4.72828e-16 1
6867.4 1.54574e-14 4.72828e-16 1
6868.4 1.51608e-14 4.72828e-16 1
6869.4 1.66501e-14 4.72828e-16 1
6870.4 1.66939e-14 4.72828e-16 1
6871.4 1.67053e-14 4.72828e-16 1
6872.4 1.66883e-14 4.72828e-16 1
6873.4 1.6603e-14 4.72828e-16 1
6874.4 1.6318e-14 4.72828e-16 1
6875.4 1.63882e-14 4.72828e-16 1
6876.4 1.64109e-14 4.72828e-16 1
6877.4 1.60876e-14 4.72828e-16 1
6878.4 1.60213e-14 4.72828e-16 1
6879.4 1.62747e-14 4.72828e-16 1
6880.4 1.64559e-14 4.72828e-16 1
6881.4 1.64272e-14 4.72828e-16 1
6882.4 1.57819e-14 4.72828e-16 1
6883.4 1.54679e-14 4.72828e-16 1
6884.4 1.55361e-14 4.72828e-16 1
6885.4 1.6157e-14 4.72828e-16 1
6886.4 1.54671e-14 4.72828e-16 1
6887.4 1.56823e-14 4.72828e-16 1
6888.4 1.54836e-14 4.72828e-16 1
6889.4 1.49175e-14 4.72828e-16 1
6890.4 1.55493e-14 4.72828e-16 1
6891.4 1.55197e-14 4.72828e-16 1
6892.4 1.53541e-14 4.72828e-16 1
6893.4 1.51311e-14 4.72828e-16 1
6894.4 1.5694e-14 4.72828e-16 1
6895.4 1.5155e-14 4.72828e-16 1
6896.4 1.48818e-14 4.72828e-16 1
6897.4 1.48519e-14 4.72828e-16 1
6898.4 1.57446e-14 4.72828e-16 1
6899.4 1.50689e-14 4.72828e-16 1
6900.4 1.50339e-14 4.72828e-16 1
6901.4 1.52424e-14 4.72828e-16 1
6902.4 1.56224e-14 4.72828e-16 1
6903.4 1.50632e-14 4.72828e-16 1
6904.4 1.49818e-14 4.72828e-16 1
6905.4 1.50277e-14 4.72828e-16 1
6906.4 1.51695e-14 4.72828e-16 1
6907.4 1.46411e-14 4.72828e-16 1
6908.4 1.47683e-14 4.72828e-16 1
6909.4 1.49535e-14 4.72828e-16 1
6910.4 1.50972e-14 4.72828e-16 1
6911.4 1.50131e-14 4.72828e-16 1
6912.4 1.48459e-14 4.72828e-16 1
6913.4 1.46128e-14 4.72828e-16 1
6914.4 1.42986e-14 4.72828e-16 1
6915.4 1.46957e-14 4.72828e-16 1
6916.4 1.45184e-14 4.72828e-16 1
6917.4 1.42792e-14 4.72828e-16 1
6918.4 1.39983e-14 4.72828e-16 1
6919.4 1.41568e-14 4.72828e-16 1
6920.4 1.40585e-14 4.72828e-16 1
6921.4 1.40647e-14 4.72828e-16 1
6922.4 1.41536e-14 4.72828e-16 1
6923.4 1.37553e-14 4.72828e-16 1
6924.4 1.44817e-14 4.72828e-16 1
6925.4 1.46962e-14 4.72828e-16 1
6926.4 1.46473e-14 4.72828e-16 1
6927.4 1.46839e-14 4.72828e-16 1
6928.4 1.40644e-14 4.72828e-16 1
6929.4 1.42935e-14 4.72828e-16 1
6930.4 1.47844e-14 4.72828e-16 1
6931.4 1.49321e-14 4.72828e-16 1
6932.4 1.44817e-14 4.72828e-16 1
6933.4 1.42894e-14 4.72828e-16 1
6934.4 1.43439e-14 4.72828e-16 1
6935.4 1.50084e-14 4.72828e-16 1
6936.4 1.48824e-14 4.72828e-16 1
6937.4 1.49621e-14 4.72828e-16 1
6938.4 1.49368e-14 4.72828e-16 1
6939.4 1.45526e-14 4.72828e-16 1
6940.4 1.46873e-14 4.72828e-16 1
6941.4 1.47473e-14 4.72828e-16 1
6942.4 1.48381e-14 4.72828e-16 1
6943.4 1.50017e-14 4.72828e-16 1
6944.4 1.4752e-14 4.72828e-16 1
6945.4 1.45078e-14 4.72828e-16 1
6946.4 1.4343e-14 4.72828e-16 1
6947.4 1.42869e-14 4.72828e-16 1
6948.4 1.42528e-14 4.72828e-16 1
6949.4 1.45098e-14 4.72828e-16 1
6950.4 1.47083e-14 4.72828e-16 1
6951.4 1.48306e-14 4.72828e-16 1
6952.4 1.44813e-14 4.72828e-16 1
6953.4 1.46203e-14 4.72828e-16 1
6954.4 1.46858e-14 4.72828e-16 1
6955.4 1.4678e-14 4.72828e-16 1
6956.4 1.43988e-14 4.72828e-16 1
6957.4 1.47819e-14 4.72828e-16 1
6958.4 1.48452e-14 4.72828e-16 1
6959.4 1.47141e-14 4.72828e-16 1
6960.4 1.45387e-14 4.72828e-16 1
6961.4 1.47456e-14 4.72828e-16 1
6962.4 1.48025e-14 4.72828e-16 1
6963.4 1.48177e-14 4.72828e-16 1
6964.4 1.49859e-14 4.72828e-16 1
6965.4 1.5005e-14 4.72828e-16 1
6966.4 1.51217e-14 4.72828e-16 1
6967.4 1.51986e-14 4.72828e-16 1
6968.4 1.49564e-14 4.72828e-16 1
6969.4 1.54293e-14 4.72828e-16 1
6970.4 1.52036e-14 4.72828e-16 1
6971.4 1.49423e-14 4.72828e-16 1
6972.4 1.51226e-14 4.72828e-16 1
6973.4 1.51998e-14 4.72828e-16 1
6974.4 1.51505e-14 4.72828e-16 1
6975.4 1.50761e-14 4.72828e-16 1
6976.4 1.49924e-14 4.72828e-16 1
6977.4 1.54279e-14 4.72828e-16 1
6978.4 1.53746e-14 4.72828e-16 1
6979.4 1.52755e-14 4.72828e-16 1
6980.4 1.51986e-14 4.72828e-16 1
6981.4 1.56182e-14 4.72828e-16 1
6982.4 1.53963e-14 4.72828e-16 1
6983.4 1.52807e-14 4.72828e-16 1
6984.4 1.53919e-14 4.72828e-16 1
6985.4 1.50161e-14 4.72828e-16 1
6986.4 1.52792e-14 4.72828e-16 1
6987.4 1.55076e-14 4.72828e-16 1
6988.4 1.5668e-14 4.72828e-16 1
6989.4 1.52596e-14 4.72828e-16 1
6990.4 1.55592e-14 4.72828e-16 1
6991.4 1.56995e-14 4.72828e-16 1
6992.4 1.56897e-14 4.72828e-16 1
6993.4 1.56944e-14 4.72828e-16 1
6994.4 1.5985e-14 4.72828e-16 1
6995.4 1.59541e-14 4.72828e-16 1
6996.4 1.57208e-14 4.72828e-16 1
6997.4 1.60643e-14 4.72828e-16 1
6998.4 1.59065e-14 4.72828e-16 1
6999.4 1.59608e-14 4.72828e-16 1
7000.4 1.61227e-14 4.72828e-16 1
7001.4 1.6117e-14 4.72828e-16 1
7002.4 1.61287e-14 4.72828e-16 1
7003.4 1.60988e-14 4.72828e-16 1
7004.4 1.60992e-14 4.72828e-16 1
7005.4 1.64518e-14 4.72828e-16 1
7006.4 1.63122e-14 4.72828e-16 1
7007.4 1.61273e-14 4.72828e-16 1
7008.4 1.60357e-14 4.72828e-16 1
7009.4 1.65277e-14 4.72828e-16 1
7010.4 1.6483e-14 4.72828e-16 1
7011.4 1.67168e-14 4.72828e-16 1
7012.4 1.68971e-14 4.72828e-16 1
7013.4 1.65281e-14 4.72828e-16 1
