# converted by J. Guy, 2010-10-18
# from  Balland et al. 2009A&A...507...85B
@Redshift 0.332
@FORMAT STD
@Date 52997
@EXTRACT_TYPE P
@GALAXY_MODEL E3
@SELECTED_FOR_SNLS3_TRAINING 1
@SN 03D1fc
@SURVEY SNLS_VLT_SPEC
@Source VLT
#WAVE : wavelength, observer frame, in A
#FLUX : erg/s/cm2/A
#ERR  : statistical uncertainty on flux
#VALID : 1=ok 0=ignore
#end
4253.59 3.497e-18 1.331e-18 1
4258.59 2.734e-18 1.47e-18 1
4263.59 3.819e-18 1.358e-18 1
4268.59 2.055e-18 1.264e-18 1
4273.59 5.03e-18 1.185e-18 1
4278.59 3.649e-18 1.118e-18 1
4283.59 1.719e-18 1.048e-18 1
4288.59 2.43e-18 9.85e-19 1
4293.59 3.806e-18 9.45e-19 1
4298.59 5.236e-18 8.89e-19 1
4303.59 4.167e-18 8.45e-19 1
4308.59 2.99e-18 7.98e-19 1
4313.59 3.429e-18 7.98e-19 1
4318.59 3.03e-18 8.21e-19 1
4323.59 3.845e-18 7.36e-19 1
4328.59 2.504e-18 7e-19 1
4333.59 4.252e-18 6.79e-19 1
4338.59 4.787e-18 6.69e-19 1
4343.59 4.154e-18 6.47e-19 1
4348.59 4.036e-18 6.45e-19 1
4353.59 4.971e-18 6.44e-19 1
4358.59 4.059e-18 6.25e-19 1
4363.59 3.876e-18 6.17e-19 1
4368.59 4.06e-18 6.05e-19 1
4373.59 4.205e-18 5.95e-19 1
4378.59 3.842e-18 5.8e-19 1
4383.59 3.683e-18 5.59e-19 1
4388.59 4.376e-18 5.51e-19 1
4393.59 3.927e-18 5.38e-19 1
4398.59 4.061e-18 5.3e-19 1
4403.59 4.86e-18 5.38e-19 1
4408.59 4.654e-18 5.36e-19 1
4413.59 4.802e-18 5.29e-19 1
4418.59 5.581e-18 5.29e-19 1
4423.59 5.663e-18 5.23e-19 1
4428.59 5.053e-18 5.03e-19 1
4433.59 4.915e-18 4.94e-19 1
4438.59 4.988e-18 4.95e-19 1
4443.59 5.461e-18 4.94e-19 1
4448.59 5.091e-18 4.91e-19 1
4453.59 5.888e-18 5.05e-19 1
4458.59 5.938e-18 5.05e-19 1
4463.59 5.599e-18 4.96e-19 1
4468.59 4.871e-18 4.86e-19 1
4473.59 4.736e-18 4.87e-19 1
4478.59 5.624e-18 4.96e-19 1
4483.59 5.26e-18 4.87e-19 1
4488.59 6.475e-18 4.99e-19 1
4493.59 4.983e-18 4.74e-19 1
4498.59 5.945e-18 4.83e-19 1
4503.59 7.089e-18 4.99e-19 1
4508.59 6.265e-18 4.85e-19 1
4513.59 5.895e-18 4.75e-19 1
4518.59 6.053e-18 4.76e-19 1
4523.59 6.427e-18 4.81e-19 1
4528.59 6.439e-18 4.82e-19 1
4533.59 7.263e-18 4.92e-19 1
4538.59 5.676e-18 4.71e-19 1
4543.59 6.336e-18 4.75e-19 1
4548.59 6.791e-18 4.8e-19 1
4553.59 8.051e-18 4.91e-19 1
4558.59 7.335e-18 4.78e-19 1
4563.59 7.432e-18 4.76e-19 1
4568.59 8.617e-18 4.89e-19 1
4573.59 7.725e-18 4.74e-19 1
4578.59 7.47e-18 4.68e-19 1
4583.59 7.393e-18 4.64e-19 1
4588.59 8.236e-18 4.72e-19 1
4593.59 8.056e-18 4.66e-19 1
4598.59 7.438e-18 4.49e-19 1
4603.59 6.712e-18 4.37e-19 1
4608.59 7.693e-18 4.49e-19 1
4613.59 7.388e-18 4.46e-19 1
4618.59 7.23e-18 4.41e-19 1
4623.59 7.465e-18 4.49e-19 1
4628.59 7.802e-18 4.5e-19 1
4633.59 8.349e-18 4.57e-19 1
4638.59 7.587e-18 4.41e-19 1
4643.59 7.474e-18 4.4e-19 1
4648.59 7.658e-18 4.37e-19 1
4653.59 7.365e-18 4.35e-19 1
4658.59 7.942e-18 4.42e-19 1
4663.59 8.441e-18 4.5e-19 1
4668.59 7.557e-18 4.3e-19 1
4673.59 7.233e-18 4.28e-19 1
4678.59 7.749e-18 4.32e-19 1
4683.59 7.534e-18 4.29e-19 1
4688.59 7.132e-18 4.19e-19 1
4693.59 7.968e-18 4.27e-19 1
4698.59 8.642e-18 4.36e-19 1
4703.59 7.796e-18 4.11e-19 1
4708.59 7.468e-18 4.05e-19 1
4713.59 7.638e-18 5.79e-19 1
4718.59 7.576e-18 4.07e-19 1
4723.59 7.047e-18 4e-19 1
4728.59 7.406e-18 3.96e-19 1
4733.59 7.894e-18 3.98e-19 1
4738.59 8.64e-18 4e-19 1
4743.59 7.624e-18 3.85e-19 1
4748.59 7.213e-18 3.79e-19 1
4753.59 7.838e-18 3.78e-19 1
4758.59 7.86e-18 3.74e-19 1
4763.59 6.994e-18 3.66e-19 1
4768.59 7.087e-18 3.6e-19 1
4773.59 6.868e-18 3.57e-19 1
4778.59 6.208e-18 3.53e-19 1
4783.59 6.534e-18 3.5e-19 1
4788.59 5.773e-18 3.45e-19 1
4793.59 5.912e-18 3.46e-19 1
4798.59 5.355e-18 3.4e-19 1
4803.59 4.326e-18 3.38e-19 1
4808.59 5.424e-18 3.42e-19 1
4813.59 4.245e-18 3.38e-19 1
4818.59 4.474e-18 3.43e-19 1
4823.59 4.906e-18 3.44e-19 1
4828.59 4.421e-18 3.42e-19 1
4833.59 3.564e-18 3.42e-19 1
4838.59 3.172e-18 3.35e-19 1
4843.59 3.123e-18 3.33e-19 1
4848.59 2.251e-18 3.27e-19 1
4853.59 3.527e-18 3.2e-19 1
4858.59 2.506e-18 3.18e-19 1
4863.59 2.757e-18 4.55e-19 1
4868.59 2.768e-18 3.21e-19 1
4873.59 2.895e-18 3.16e-19 1
4878.59 2.777e-18 3.19e-19 1
4883.59 3.131e-18 3.22e-19 1
4888.59 2.368e-18 3.21e-19 1
4893.59 2.575e-18 3.2e-19 1
4898.59 2.737e-18 3.19e-19 1
4903.59 2.94e-18 3.18e-19 1
4908.59 3.302e-18 3.14e-19 1
4913.59 3.593e-18 3.11e-19 1
4918.59 3.357e-18 3.09e-19 1
4923.59 2.934e-18 3.08e-19 1
4928.59 3.254e-18 3.1e-19 1
4933.59 3.148e-18 3.11e-19 1
4938.59 3.71e-18 3.1e-19 1
4943.59 4.447e-18 3.15e-19 1
4948.59 3.655e-18 3.14e-19 1
4953.59 5.298e-18 3.17e-19 1
4958.59 5.693e-18 3.38e-19 1
4963.59 5.735e-18 3.3e-19 1
4968.59 5.614e-18 3.24e-19 1
4973.59 5.418e-18 4.6e-19 1
4978.59 5.391e-18 3.24e-19 1
4983.59 4.793e-18 3.18e-19 1
4988.59 5.199e-18 3.19e-19 1
4993.59 5.496e-18 3.22e-19 1
4998.59 5.592e-18 3.28e-19 1
5003.59 4.991e-18 3.19e-19 1
5008.59 5.629e-18 3.18e-19 1
5013.59 4.8e-18 3.13e-19 1
5018.59 5.384e-18 3.12e-19 1
5023.59 5.577e-18 3.12e-19 1
5028.59 6.116e-18 3.14e-19 1
5033.59 5.79e-18 3.12e-19 1
5038.59 6.37e-18 3.12e-19 1
5043.59 5.897e-18 3.05e-19 1
5048.59 6.005e-18 3.08e-19 1
5053.59 5.18e-18 3.05e-19 1
5058.59 6.341e-18 3.13e-19 1
5063.59 5.904e-18 4.36e-19 1
5068.59 6.797e-18 3.1e-19 1
5073.59 7.645e-18 3.13e-19 1
5078.59 7.311e-18 3.08e-19 1
5083.59 7.364e-18 3.09e-19 1
5088.59 6.676e-18 3.04e-19 1
5093.59 7.218e-18 3.07e-19 1
5098.59 7.452e-18 3.08e-19 1
5103.59 7.689e-18 3.08e-19 1
5108.59 7.825e-18 3.09e-19 1
5113.59 8.846e-18 3.15e-19 1
5118.59 9.07e-18 3.19e-19 1
5123.59 9.751e-18 3.24e-19 1
5128.59 9.345e-18 3.21e-19 1
5133.59 8.465e-18 3.2e-19 1
5138.59 9.413e-18 3.3e-19 1
5143.59 8.355e-18 3.24e-19 1
5148.59 9.905e-18 4.69e-19 1
5153.59 9.403e-18 3.29e-19 1
5158.59 8.457e-18 3.17e-19 1
5163.59 8.487e-18 3.14e-19 1
5168.59 8.838e-18 3.08e-19 1
5173.59 8.148e-18 2.99e-19 1
5178.59 9.029e-18 3.05e-19 1
5183.59 9.651e-18 3.09e-19 1
5188.59 9.28e-18 3.05e-19 1
5193.59 1.0188e-17 3.19e-19 1
5198.59 9.991e-18 3.22e-19 1
5203.59 1.0045e-17 3.17e-19 1
5208.59 1.0724e-17 3.11e-19 1
5213.59 9.362e-18 3.03e-19 1
5218.59 9.948e-18 4.25e-19 1
5223.59 1.0033e-17 3.05e-19 1
5228.59 8.822e-18 3e-19 1
5233.59 9.284e-18 2.98e-19 1
5238.59 9.435e-18 3e-19 1
5243.59 9.252e-18 2.99e-19 1
5248.59 9.695e-18 2.95e-19 1
5253.59 9.03e-18 2.96e-19 1
5258.59 9.926e-18 2.93e-19 1
5263.59 8.734e-18 2.83e-19 1
5268.59 8.804e-18 2.79e-19 1
5273.59 7.895e-18 2.8e-19 1
5278.59 7.815e-18 2.81e-19 1
5283.59 8.432e-18 2.8e-19 1
5288.59 8.834e-18 3.96e-19 1
5293.59 8.883e-18 2.83e-19 1
5298.59 9.52e-18 2.82e-19 1
5303.59 9.806e-18 2.83e-19 1
5308.59 9.815e-18 2.82e-19 1
5313.59 1.0201e-17 2.83e-19 1
5318.59 1.0016e-17 2.84e-19 1
5323.59 1.0087e-17 2.81e-19 1
5328.59 1.0117e-17 2.81e-19 1
5333.59 1.0463e-17 2.81e-19 1
5338.59 1.0711e-17 2.78e-19 1
5343.59 1.0087e-17 2.75e-19 1
5348.59 1.0578e-17 2.77e-19 1
5353.59 1.0233e-17 3.92e-19 1
5358.59 1.0606e-17 2.76e-19 1
5363.59 1.0225e-17 2.72e-19 1
5368.59 1.0683e-17 2.72e-19 1
5373.59 1.0882e-17 2.72e-19 1
5378.59 1.0022e-17 2.73e-19 1
5383.59 1.0133e-17 2.73e-19 1
5388.59 9.901e-18 2.7e-19 1
5393.59 9.772e-18 2.67e-19 1
5398.59 1.0389e-17 2.68e-19 1
5403.59 9.818e-18 2.66e-19 1
5408.59 1.023e-17 2.64e-19 1
5413.59 1.0065e-17 3.71e-19 1
5418.59 9.718e-18 2.64e-19 1
5423.59 1.0523e-17 2.66e-19 1
5428.59 1.0175e-17 2.64e-19 1
5433.59 1.0346e-17 2.64e-19 1
5438.59 1.0273e-17 2.66e-19 1
5443.59 1.0162e-17 2.64e-19 1
5448.59 9.407e-18 2.63e-19 1
5453.59 8.417e-18 2.63e-19 1
5458.59 8.574e-18 2.62e-19 1
5463.59 8.324e-18 2.62e-19 1
5468.59 9.313e-18 2.61e-19 1
5473.59 8.933e-18 3.67e-19 1
5478.59 8.839e-18 2.6e-19 1
5483.59 9.905e-18 2.58e-19 1
5488.59 8.391e-18 2.6e-19 1
5493.59 8.587e-18 2.6e-19 1
5498.59 9.389e-18 2.62e-19 1
5503.59 9.034e-18 2.62e-19 1
5508.59 9.441e-18 2.63e-19 1
5513.59 9.345e-18 2.64e-19 1
5518.59 8.338e-18 2.62e-19 1
5523.59 8.163e-18 2.61e-19 1
5528.59 8.038e-18 3.68e-19 1
5533.59 9.291e-18 2.6e-19 1
5538.59 8.186e-18 2.64e-19 1
5543.59 8.299e-18 2.69e-19 1
5548.59 7.683e-18 2.7e-19 1
5553.59 7.659e-18 2.64e-19 1
5558.59 7.915e-18 2.7e-19 1
5563.59 7.491e-18 2.7e-19 1
5568.59 7.381e-18 3.31e-19 1
5573.59 7.892e-18 8.13e-19 1
5578.59 6.256e-18 8.34e-19 1
5583.59 7.724e-18 1.086e-18 1
5588.59 7.044e-18 3.09e-19 1
5593.59 7.306e-18 2.66e-19 1
5598.59 6.522e-18 2.65e-19 1
5603.59 6.887e-18 2.68e-19 1
5608.59 7.007e-18 2.67e-19 1
5613.59 6.63e-18 2.62e-19 1
5618.59 6.28e-18 2.62e-19 1
5623.59 5.651e-18 2.63e-19 1
5628.59 6.479e-18 2.61e-19 1
5633.59 6.411e-18 3.61e-19 1
5638.59 6.018e-18 2.59e-19 1
5643.59 6.29e-18 2.61e-19 1
5648.59 5.506e-18 2.6e-19 1
5653.59 5.788e-18 2.56e-19 1
5658.59 5.259e-18 2.55e-19 1
5663.59 5.405e-18 2.56e-19 1
5668.59 6.237e-18 2.61e-19 1
5673.59 5.924e-18 2.6e-19 1
5678.59 5.897e-18 2.59e-19 1
5683.59 5.393e-18 2.6e-19 1
5688.59 5.78e-18 3.74e-19 1
5693.59 5.267e-18 2.67e-19 1
5698.59 5.848e-18 2.64e-19 1
5703.59 5.417e-18 2.62e-19 1
5708.59 5.885e-18 2.6e-19 1
5713.59 6.45e-18 2.62e-19 1
5718.59 5.903e-18 2.62e-19 1
5723.59 6.513e-18 2.64e-19 1
5728.59 5.946e-18 2.63e-19 1
5733.59 6.405e-18 3.71e-19 1
5738.59 6.863e-18 2.64e-19 1
5743.59 7.675e-18 2.71e-19 1
5748.59 6.446e-18 2.62e-19 1
5753.59 6.513e-18 2.62e-19 1
5758.59 6.596e-18 2.63e-19 1
5763.59 6.12e-18 2.62e-19 1
5768.59 6.081e-18 2.63e-19 1
5773.59 5.818e-18 2.63e-19 1
5778.59 6.659e-18 2.63e-19 1
5783.59 7.679e-18 3.85e-19 1
5788.59 7.059e-18 2.65e-19 1
5793.59 7.424e-18 2.67e-19 1
5798.59 7.309e-18 2.68e-19 1
5803.59 7.733e-18 2.71e-19 1
5808.59 6.758e-18 2.68e-19 1
5813.59 7.469e-18 2.69e-19 1
5818.59 7.237e-18 2.69e-19 1
5823.59 6.64e-18 2.7e-19 1
5828.59 6.719e-18 3.79e-19 1
5833.59 6.162e-18 2.69e-19 1
5838.59 6.909e-18 2.7e-19 1
5843.59 6.589e-18 2.73e-19 1
5848.59 6.858e-18 2.73e-19 1
5853.59 6.825e-18 2.76e-19 1
5858.59 6.845e-18 2.86e-19 1
5863.59 7.166e-18 3.14e-19 1
5868.59 7.279e-18 3.28e-19 1
5873.59 6.301e-18 3.09e-19 1
5878.59 6.403e-18 4.2e-19 1
5883.59 7.289e-18 3.25e-19 1
5888.59 7.111e-18 3.9e-19 1
5893.59 8.061e-18 4.3e-19 1
5898.59 7.738e-18 3.68e-19 1
5903.59 7.476e-18 3.13e-19 1
5908.59 7.174e-18 2.97e-19 1
5913.59 8.399e-18 3.1e-19 1
5918.59 8.083e-18 3.11e-19 1
5923.59 7.704e-18 4.3e-19 1
5928.59 8.142e-18 3.11e-19 1
5933.59 8.159e-18 3.12e-19 1
5938.59 7.479e-18 3.04e-19 1
5943.59 7.449e-18 2.95e-19 1
5948.59 7.691e-18 3.07e-19 1
5953.59 7.173e-18 3.07e-19 1
5958.59 7.099e-18 2.99e-19 1
5963.59 7.985e-18 2.93e-19 1
5968.59 7.512e-18 4.18e-19 1
5973.59 7.665e-18 3.01e-19 1
5978.59 8.177e-18 3.04e-19 1
5983.59 7.613e-18 2.96e-19 1
5988.59 7.308e-18 2.86e-19 1
5993.59 7.056e-18 2.85e-19 1
5998.59 7.036e-18 2.88e-19 1
6003.59 6.972e-18 2.87e-19 1
6008.59 7.753e-18 4.1e-19 1
6013.59 6.71e-18 2.81e-19 1
6018.59 7.575e-18 2.85e-19 1
6023.59 7.266e-18 2.81e-19 1
6028.59 7.096e-18 2.85e-19 1
6033.59 7.501e-18 2.88e-19 1
6038.59 7.722e-18 2.91e-19 1
6043.59 7.186e-18 2.84e-19 1
6048.59 7.34e-18 2.86e-19 1
6053.59 7.351e-18 4.05e-19 1
6058.59 7.599e-18 2.92e-19 1
6063.59 7.555e-18 2.88e-19 1
6068.59 7.337e-18 2.88e-19 1
6073.59 7.425e-18 2.88e-19 1
6078.59 7.616e-18 2.88e-19 1
6083.59 6.461e-18 2.78e-19 1
6088.59 7.752e-18 2.9e-19 1
6093.59 8.442e-18 4.1e-19 1
6098.59 6.796e-18 2.86e-19 1
6103.59 7.595e-18 2.87e-19 1
6108.59 6.645e-18 2.77e-19 1
6113.59 6.986e-18 2.79e-19 1
6118.59 6.506e-18 2.74e-19 1
6123.59 7.107e-18 2.8e-19 1
6128.59 6.822e-18 2.76e-19 1
6133.59 6.976e-18 2.85e-19 1
6138.59 6.211e-18 4.03e-19 1
6143.59 6.406e-18 2.85e-19 1
6148.59 7.025e-18 2.88e-19 1
6153.59 5.781e-18 2.75e-19 1
6158.59 6.565e-18 2.8e-19 1
6163.59 5.739e-18 2.75e-19 1
6168.59 6.358e-18 2.87e-19 1
6173.59 5.772e-18 2.84e-19 1
6178.59 6.029e-18 3.96e-19 1
6183.59 5.4e-18 2.73e-19 1
6188.59 6.16e-18 2.78e-19 1
6193.59 6.228e-18 2.81e-19 1
6198.59 6.356e-18 2.89e-19 1
6203.59 5.761e-18 2.84e-19 1
6208.59 6.008e-18 2.88e-19 1
6213.59 6.193e-18 2.87e-19 1
6218.59 5.988e-18 4.04e-19 1
6223.59 5.827e-18 2.87e-19 1
6228.59 6.132e-18 2.95e-19 1
6233.59 5.163e-18 3.17e-19 1
6238.59 5.824e-18 3.34e-19 1
6243.59 6.173e-18 3.14e-19 1
6248.59 5.177e-18 2.84e-19 1
6253.59 5.352e-18 3.1e-19 1
6258.59 5.395e-18 4.46e-19 1
6263.59 5.31e-18 3.25e-19 1
6268.59 5.498e-18 2.99e-19 1
6273.59 5.473e-18 2.94e-19 1
6278.59 6.039e-18 2.98e-19 1
6283.59 5.62e-18 3.16e-19 1
6288.59 5.675e-18 3.15e-19 1
6293.59 4.942e-18 3.8e-19 1
6298.59 5.254e-18 6.13e-19 1
6303.59 5.485e-18 4.57e-19 1
6308.59 5.415e-18 3.81e-19 1
6313.59 5.117e-18 3.06e-19 1
6318.59 5.286e-18 2.94e-19 1
6323.59 5.73e-18 3.14e-19 1
6328.59 4.754e-18 3.13e-19 1
6333.59 5.057e-18 3.1e-19 1
6338.59 5.936e-18 4.17e-19 1
6343.59 6.018e-18 3.01e-19 1
6348.59 5.706e-18 3.03e-19 1
6353.59 5.602e-18 3.16e-19 1
6358.59 5.742e-18 3.47e-19 1
6363.59 4.689e-18 3.44e-19 1
6368.59 5.826e-18 3.43e-19 1
6373.59 5.395e-18 2.95e-19 1
6378.59 5.189e-18 4.15e-19 1
6383.59 4.982e-18 2.99e-19 1
6388.59 4.655e-18 2.92e-19 1
6393.59 4.538e-18 2.87e-19 1
6398.59 4.598e-18 2.79e-19 1
6403.59 5.264e-18 2.91e-19 1
6408.59 4.116e-18 2.78e-19 1
6413.59 5.359e-18 4.14e-19 1
6418.59 4.703e-18 2.94e-19 1
6423.59 4.328e-18 2.85e-19 1
6428.59 4.754e-18 2.9e-19 1
6433.59 4.636e-18 2.88e-19 1
6438.59 4.336e-18 2.81e-19 1
6443.59 4.445e-18 2.87e-19 1
6448.59 4.428e-18 2.9e-19 1
6453.59 5.3e-18 4.32e-19 1
6458.59 4.189e-18 2.94e-19 1
6463.59 3.92e-18 3.09e-19 1
6468.59 3.697e-18 3.21e-19 1
6473.59 4.025e-18 3.13e-19 1
6478.59 4.593e-18 3.02e-19 1
6483.59 4.905e-18 3.02e-19 1
6488.59 5.039e-18 4.2e-19 1
6493.59 4.701e-18 3.14e-19 1
6498.59 3.728e-18 3.21e-19 1
6503.59 4.223e-18 3.38e-19 1
6508.59 5.239e-18 3.29e-19 1
6513.59 4.834e-18 3.07e-19 1
6518.59 5.215e-18 3.2e-19 1
6523.59 4.542e-18 3.11e-19 1
6528.59 4.403e-18 4.65e-19 1
6533.59 4.513e-18 3.3e-19 1
6538.59 3.937e-18 3.22e-19 1
6543.59 4.045e-18 3.07e-19 1
6548.59 3.959e-18 3.26e-19 1
6553.59 3.978e-18 3.25e-19 1
6558.59 4.033e-18 3.44e-19 1
6563.59 4.522e-18 4.68e-19 1
6568.59 3.626e-18 3.22e-19 1
6573.59 4.332e-18 3.28e-19 1
6578.59 4.473e-18 3.3e-19 1
6583.59 4.246e-18 3.2e-19 1
6588.59 4.534e-18 3.06e-19 1
6593.59 4.081e-18 3.04e-19 1
6598.59 4.551e-18 3.22e-19 1
6603.59 4.466e-18 4.53e-19 1
6608.59 4.333e-18 3.15e-19 1
6613.59 3.794e-18 2.93e-19 1
6618.59 4.488e-18 3.1e-19 1
6623.59 4.231e-18 3.03e-19 1
6628.59 3.879e-18 2.99e-19 1
6633.59 4.709e-18 3.2e-19 1
6638.59 4.38e-18 4.34e-19 1
6643.59 4.641e-18 3.13e-19 1
6648.59 4.308e-18 3e-19 1
6653.59 4.145e-18 3.01e-19 1
6658.59 4.401e-18 3.07e-19 1
6663.59 4.096e-18 3.01e-19 1
6668.59 4.651e-18 3.15e-19 1
6673.59 3.88e-18 4.13e-19 1
6678.59 4.468e-18 3.08e-19 1
6683.59 4.965e-18 3.16e-19 1
6688.59 4.545e-18 3.09e-19 1
6693.59 4.897e-18 3.19e-19 1
6698.59 5.165e-18 3.27e-19 1
6703.59 5.042e-18 3.33e-19 1
6708.59 5.829e-18 4.89e-19 1
6713.59 5.303e-18 3.39e-19 1
6718.59 5.639e-18 3.44e-19 1
6723.59 4.583e-18 3.16e-19 1
6728.59 5.555e-18 3.43e-19 1
6733.59 5.516e-18 3.39e-19 1
6738.59 5.463e-18 3.41e-19 1
6743.59 4.976e-18 3.28e-19 1
6748.59 5.189e-18 4.71e-19 1
6753.59 5.282e-18 3.3e-19 1
6758.59 4.735e-18 3.16e-19 1
6763.59 4.645e-18 3.16e-19 1
6768.59 5.567e-18 3.34e-19 1
6773.59 5.369e-18 3.32e-19 1
6778.59 4.836e-18 3.2e-19 1
6783.59 5.235e-18 4.65e-19 1
6788.59 4.742e-18 3.18e-19 1
6793.59 5.157e-18 3.28e-19 1
6798.59 5.04e-18 3.3e-19 1
6803.59 4.671e-18 3.15e-19 1
6808.59 4.733e-18 3.18e-19 1
6813.59 4.457e-18 3.11e-19 1
6818.59 4.651e-18 4.46e-19 1
6823.59 4.982e-18 3.45e-19 1
6828.59 5.106e-18 3.94e-19 1
6833.59 4.67e-18 4.09e-19 1
6838.59 4.481e-18 3.7e-19 1
6843.59 4.499e-18 3.31e-19 1
6848.59 4.949e-18 3.33e-19 1
6853.59 5.059e-18 4.64e-19 1
6858.59 5.533e-18 3.77e-19 1
6863.59 4.733e-18 4.27e-19 1
6868.59 3.743e-18 4.54e-19 1
6873.59 3.897e-18 3.63e-19 1
6878.59 4.748e-18 3.62e-19 1
6883.59 4.441e-18 3.59e-19 1
6888.59 4.285e-18 5.06e-19 1
6893.59 4.061e-18 3.49e-19 1
6898.59 5.332e-18 3.78e-19 1
6903.59 4.062e-18 3.42e-19 1
6908.59 4.399e-18 3.54e-19 1
6913.59 4.471e-18 3.51e-19 1
6918.59 4.622e-18 3.84e-19 1
6923.59 4.407e-18 5.22e-19 1
6928.59 4.206e-18 3.64e-19 1
6933.59 4.326e-18 3.36e-19 1
6938.59 4.205e-18 3.46e-19 1
6943.59 4.02e-18 3.68e-19 1
6948.59 3.788e-18 3.68e-19 1
6953.59 4.133e-18 3.7e-19 1
6958.59 4.204e-18 4.71e-19 1
6963.59 3.6e-18 3.18e-19 1
6968.59 3.907e-18 3.35e-19 1
6973.59 4.26e-18 3.68e-19 1
6978.59 4.179e-18 3.6e-19 1
6983.59 3.661e-18 3.44e-19 1
6988.59 3.74e-18 4.52e-19 1
6993.59 3.96e-18 3.3e-19 1
6998.59 3.217e-18 3.09e-19 1
7003.59 3.22e-18 3.15e-19 1
7008.59 3.502e-18 3.31e-19 1
7013.59 3.893e-18 3.35e-19 1
7018.59 3.294e-18 3.1e-19 1
7028.59 3.919e-18 3.27e-19 1
7033.59 3.634e-18 3.16e-19 1
7038.59 4.102e-18 3.36e-19 1
7043.59 3.601e-18 3.35e-19 1
7048.59 4.52e-18 3.68e-19 1
7053.59 4.016e-18 3.55e-19 1
7058.59 3.618e-18 4.61e-19 1
7063.59 4.257e-18 3.56e-19 1
7068.59 4.147e-18 3.5e-19 1
7073.59 3.687e-18 3.4e-19 1
7078.59 3.535e-18 3.33e-19 1
7083.59 3.961e-18 3.47e-19 1
7088.59 3.95e-18 3.49e-19 1
7093.59 3.204e-18 4.47e-19 1
7098.59 4.264e-18 3.5e-19 1
7103.59 4.279e-18 3.45e-19 1
7108.59 4.01e-18 3.43e-19 1
7113.59 3.887e-18 3.37e-19 1
7118.59 4.651e-18 3.65e-19 1
7123.59 3.445e-18 3.27e-19 1
7128.59 3.654e-18 4.8e-19 1
7133.59 4.127e-18 3.56e-19 1
7138.59 3.318e-18 3.29e-19 1
7143.59 4.206e-18 3.67e-19 1
7148.59 3.607e-18 3.44e-19 1
7153.59 3.386e-18 3.37e-19 1
7158.59 3.18e-18 4.57e-19 1
7163.59 3.795e-18 3.57e-19 1
7168.59 3.037e-18 3.36e-19 1
7173.59 3.778e-18 3.74e-19 1
7178.59 3.501e-18 3.73e-19 1
7183.59 3.032e-18 3.6e-19 1
7188.59 3.347e-18 3.76e-19 1
7193.59 4.323e-18 5.62e-19 1
7198.59 3.713e-18 3.84e-19 1
7203.59 3.359e-18 3.56e-19 1
7208.59 3.968e-18 3.71e-19 1
7213.59 2.799e-18 3.21e-19 1
7218.59 3.264e-18 3.38e-19 1
7223.59 3.312e-18 3.45e-19 1
7228.59 4.022e-18 5.23e-19 1
7233.59 3.117e-18 3.81e-19 1
7238.59 2.977e-18 4.98e-19 1
7243.59 4.433e-18 5.97e-19 1
7248.59 3.136e-18 5.07e-19 1
7253.59 3.685e-18 4.28e-19 1
7258.59 4.182e-18 4.18e-19 1
7263.59 3.988e-18 6.26e-19 1
7268.59 4.352e-18 4.21e-19 1
7273.59 3.104e-18 5.13e-19 1
7278.59 2.987e-18 5.4e-19 1
7283.59 3.481e-18 4.9e-19 1
7288.59 3.693e-18 4.47e-19 1
7293.59 3.85e-18 5.73e-19 1
7298.59 4.314e-18 4.34e-19 1
7303.59 3.749e-18 4.2e-19 1
7308.59 4.134e-18 4.49e-19 1
7313.59 3.198e-18 4.8e-19 1
7318.59 3.242e-18 4.75e-19 1
7323.59 3.898e-18 4.59e-19 1
7328.59 4.755e-18 6.39e-19 1
7333.59 3.529e-18 4.28e-19 1
7338.59 3.54e-18 5.04e-19 1
7343.59 2.362e-18 4.74e-19 1
7348.59 2.911e-18 4.05e-19 1
7353.59 3.529e-18 4.07e-19 1
7358.59 4.205e-18 6.12e-19 1
7363.59 3.888e-18 4.57e-19 1
7368.59 3.843e-18 4.89e-19 1
7373.59 3.739e-18 4.79e-19 1
7378.59 4.717e-18 4.36e-19 1
7383.59 4.539e-18 4.07e-19 1
7388.59 3.54e-18 4.02e-19 1
7393.59 3.203e-18 5.49e-19 1
7398.59 3.731e-18 4.55e-19 1
7403.59 3.867e-18 4.43e-19 1
7408.59 3.679e-18 4.23e-19 1
7413.59 3.574e-18 3.72e-19 1
7418.59 3.035e-18 3.52e-19 1
7423.59 3.19e-18 3.67e-19 1
7428.59 3.979e-18 5.71e-19 1
7433.59 3.129e-18 3.91e-19 1
7438.59 3.255e-18 4.04e-19 1
7443.59 3.556e-18 4.05e-19 1
7448.59 3.81e-18 3.81e-19 1
7453.59 3.586e-18 3.83e-19 1
7458.59 3.104e-18 5.1e-19 1
7463.59 3.385e-18 3.92e-19 1
7468.59 3.817e-18 4.29e-19 1
7473.59 3.089e-18 4.26e-19 1
7478.59 2.547e-18 4.22e-19 1
7483.59 2.583e-18 4.08e-19 1
7488.59 4.198e-18 4.41e-19 1
7493.59 3.073e-18 5.34e-19 1
7498.59 4.01e-18 4.09e-19 1
7503.59 3.795e-18 3.95e-19 1
7508.59 4.003e-18 4.04e-19 1
7513.59 3.997e-18 4.06e-19 1
7518.59 3.644e-18 4.66e-19 1
7523.59 3.223e-18 6.71e-19 1
7528.59 2.82e-18 4.8e-19 1
7533.59 3.621e-18 4.38e-19 1
7538.59 3.502e-18 4.07e-19 1
7543.59 3.144e-18 3.77e-19 1
7548.59 3.573e-18 3.94e-19 1
7553.59 3.317e-18 3.99e-19 1
7558.59 3.615e-18 5.83e-19 1
7563.59 4.439e-18 4.5e-19 1
7568.59 3.31e-18 4.51e-19 1
7573.59 3.049e-18 4.53e-19 1
7578.59 3.538e-18 4.46e-19 1
7583.59 4.047e-18 4.6e-19 1
7588.59 3.365e-18 6.43e-19 1
7593.59 3.27e-18 5.71e-19 1
7598.59 2.152e-18 6.8e-19 1
7608.59 2.535e-18 9.78e-19 1
7613.59 3.792e-18 6.72e-19 1
7618.59 3.619e-18 5.97e-19 1
7623.59 3.115e-18 8.99e-19 1
7628.59 4.126e-18 6.89e-19 1
7633.59 2.694e-18 5.95e-19 1
7638.59 2.165e-18 4.95e-19 1
7643.59 3.602e-18 5.13e-19 1
7648.59 2.674e-18 4.65e-19 1
7653.59 2.47e-18 6.1e-19 1
7658.59 2.693e-18 4.54e-19 1
7663.59 2.421e-18 4.18e-19 1
7668.59 3.039e-18 4.35e-19 1
7673.59 2.645e-18 3.88e-19 1
7678.59 2.578e-18 3.86e-19 1
7683.59 1.797e-18 5.01e-19 1
7688.59 2.944e-18 4.12e-19 1
7693.59 3.524e-18 4.32e-19 1
7698.59 3.151e-18 4.21e-19 1
7703.59 2.769e-18 4.06e-19 1
7708.59 2.713e-18 5.23e-19 1
7713.59 2.626e-18 6.34e-19 1
7718.59 2.731e-18 9e-19 1
7723.59 3.605e-18 5.87e-19 1
7728.59 3.058e-18 4.62e-19 1
7733.59 3.261e-18 4.47e-19 1
7738.59 3.005e-18 4.16e-19 1
7743.59 2.724e-18 4.92e-19 1
7748.59 3.734e-18 8.72e-19 1
7753.59 2.07e-18 5.96e-19 1
7758.59 3.454e-18 5.88e-19 1
7763.59 2.71e-18 4.81e-19 1
7768.59 3.353e-18 4.94e-19 1
7773.59 3.011e-18 4.97e-19 1
7778.59 2.815e-18 4.96e-19 1
7783.59 2.311e-18 6.37e-19 1
7788.59 2.924e-18 5.11e-19 1
7793.59 2.589e-18 5.61e-19 1
7798.59 2.532e-18 5.46e-19 1
7803.59 2.657e-18 4.77e-19 1
7808.59 1.926e-18 4.58e-19 1
7813.59 2.06e-18 6.73e-19 1
7818.59 2.62e-18 5.78e-19 1
7823.59 2.856e-18 5.96e-19 1
7828.59 3.339e-18 5.5e-19 1
7833.59 2.237e-18 4.15e-19 1
7838.59 2.153e-18 4.51e-19 1
7843.59 1.752e-18 6.26e-19 1
7848.59 1.733e-18 5.33e-19 1
7853.59 2.133e-18 6.13e-19 1
7858.59 3.088e-18 6.59e-19 1
7863.59 2.231e-18 5.54e-19 1
7868.59 1.833e-18 5.28e-19 1
7873.59 2.217e-18 5.46e-19 1
7878.59 3.19e-18 7.77e-19 1
7883.59 2.962e-18 5.46e-19 1
7888.59 2.211e-18 5.46e-19 1
7893.59 2.093e-18 5.21e-19 1
7898.59 1.982e-18 4.33e-19 1
7903.59 2.533e-18 4.5e-19 1
7908.59 1.263e-18 8e-19 1
7913.59 2.691e-18 6.75e-19 1
7918.59 2.709e-18 7.23e-19 1
7923.59 3.05e-18 6.28e-19 1
7928.59 3.485e-18 5.81e-19 1
7933.59 2.611e-18 5.1e-19 1
7938.59 1.465e-18 4.25e-19 1
7943.59 1.885e-18 6.36e-19 1
7948.59 2.127e-18 4.76e-19 1
7953.59 2.43e-18 4.83e-19 1
7958.59 2.707e-18 5.34e-19 1
7963.59 2.755e-18 6.19e-19 1
7968.59 1.029e-18 5.67e-19 1
7973.59 2.169e-18 7.48e-19 1
7978.59 1.878e-18 5.18e-19 1
7983.59 2.773e-18 5.37e-19 1
7988.59 2.835e-18 6.12e-19 1
7993.59 2.448e-18 6.37e-19 1
7998.59 2.406e-18 5.89e-19 1
8003.59 2.107e-18 6.36e-19 1
8008.59 2.183e-18 4.57e-19 1
8013.59 2.318e-18 4.91e-19 1
8018.59 2.17e-18 5.34e-19 1
8023.59 1.87e-18 5.82e-19 1
8028.59 6.85e-19 5.5e-19 1
8033.59 1.532e-18 4.61e-19 1
8038.59 2.742e-18 6.53e-19 1
8043.59 1.05e-18 4e-19 1
8048.59 1.641e-18 4.43e-19 1
8053.59 1.443e-18 4.55e-19 1
8058.59 1.953e-18 5.1e-19 1
8063.59 1.357e-18 4.82e-19 1
8068.59 1.249e-18 6.47e-19 1
8073.59 1.427e-18 4.18e-19 1
8078.59 1.219e-18 4.05e-19 1
8083.59 1.273e-18 4.11e-19 1
8088.59 1.734e-18 4.33e-19 1
8093.59 1.016e-18 4.22e-19 1
8098.59 2.1e-18 6.72e-19 1
8103.59 2.133e-18 4.8e-19 1
8108.59 1.502e-18 4.46e-19 1
8113.59 1.247e-18 4.07e-19 1
8118.59 8e-19 3.85e-19 1
8123.59 1.442e-18 4.19e-19 1
8128.59 1.749e-18 6.11e-19 1
8133.59 1.833e-18 4.59e-19 1
8138.59 2.12e-18 4.75e-19 1
8143.59 1.9e-18 4.8e-19 1
8148.59 1.361e-18 4.56e-19 1
8153.59 9.9e-19 4.26e-19 1
8158.59 1.206e-18 4.34e-19 1
8163.59 4.46e-19 5.67e-19 1
8168.59 1.661e-18 4.43e-19 1
8173.59 1.659e-18 4.44e-19 1
8178.59 2.221e-18 4.76e-19 1
8183.59 1.575e-18 4.48e-19 1
8188.59 1.129e-18 4.48e-19 1
8193.59 1.201e-18 6.29e-19 1
8198.59 1.009e-18 4.33e-19 1
8203.59 1.575e-18 4.36e-19 1
8208.59 1.636e-18 4.35e-19 1
8213.59 1.573e-18 4.27e-19 1
8218.59 1.416e-18 4.4e-19 1
8223.59 8.98e-19 6.13e-19 1
8228.59 1.61e-18 4.77e-19 1
8233.59 1.102e-18 4.43e-19 1
8238.59 1.519e-18 4.48e-19 1
8243.59 1.11e-18 4.31e-19 1
8248.59 1.982e-18 4.66e-19 1
8253.59 1.736e-18 4.55e-19 1
8258.59 2.195e-18 6.71e-19 1
8263.59 1.151e-18 4.33e-19 1
8268.59 1.077e-18 4.29e-19 1
8273.59 9.93e-19 5.06e-19 1
8278.59 1.032e-18 6.3e-19 1
8283.59 1.545e-18 7.5e-19 1
8288.59 3.584e-18 1.105e-18 1
8293.59 7.74e-19 7.51e-19 1
8298.59 1.628e-18 7.32e-19 1
8303.59 1.493e-18 6.82e-19 1
8308.59 1.798e-18 5.78e-19 1
8313.59 1.274e-18 5.29e-19 1
8318.59 2.067e-18 7.3e-19 1
8323.59 2.396e-18 5.08e-19 1
8328.59 2.072e-18 4.72e-19 1
8333.59 1.744e-18 4.79e-19 1
8338.59 1.898e-18 7.13e-19 1
8343.59 3.946e-18 9.52e-19 1
8348.59 2.779e-18 1.374e-18 1
8353.59 1.674e-18 7.92e-19 1
8358.59 2.84e-18 6.82e-19 1
8363.59 2.156e-18 5.8e-19 1
8368.59 2.014e-18 5.48e-19 1
8373.59 1.647e-18 5.17e-19 1
8378.59 1.544e-18 5.7e-19 1
8383.59 1.876e-18 8.46e-19 1
8388.59 1.491e-18 5.67e-19 1
8393.59 1.742e-18 6.66e-19 1
8398.59 1.863e-18 7.87e-19 1
8403.59 7.81e-19 7.23e-19 1
8408.59 2.44e-19 5.72e-19 1
8413.59 2.924e-18 9.03e-19 1
8418.59 1.808e-18 6.15e-19 1
8423.59 2.944e-18 7.18e-19 1
8428.59 2.55e-18 8.39e-19 1
8433.59 2.161e-18 8.3e-19 1
8438.59 1.016e-18 5.81e-19 1
8443.59 8.28e-19 6.9e-19 1
8448.59 1.429e-18 5.8e-19 1
8453.59 2.572e-18 6.49e-19 1
8458.59 1.585e-18 6.69e-19 1
8463.59 1.145e-18 7.32e-19 1
8468.59 1.613e-18 7.35e-19 1
8473.59 1.17e-18 8.38e-19 1
8478.59 1.263e-18 4.96e-19 1
8483.59 1.784e-18 4.88e-19 1
8488.59 4.15e-19 4.99e-19 1
8493.59 1.8e-18 5.7e-19 1
8498.59 4.17e-19 6.1e-19 1
8503.59 2.74e-18 6.8e-19 1
8508.59 -1.48e-19 8.56e-19 1
8513.59 7.7e-19 5.29e-19 1
8518.59 3.67e-19 4.53e-19 1
8523.59 9.28e-19 4.64e-19 1
8528.59 1.577e-18 4.8e-19 1
8533.59 7.27e-19 4.82e-19 1
8538.59 2.822e-18 7.88e-19 1
8543.59 1.579e-18 5.54e-19 1
8548.59 8.41e-19 5.5e-19 1
8553.59 1.079e-18 5.39e-19 1
8558.59 3.92e-19 4.7e-19 1
8563.59 7.49e-19 4.58e-19 1
8568.59 8.68e-19 6.59e-19 1
8573.59 8.64e-19 4.75e-19 1
8578.59 9.91e-19 4.79e-19 1
8583.59 1.35e-18 4.98e-19 1
8588.59 9.74e-19 5.01e-19 1
8593.59 9.81e-19 5.23e-19 1
8598.59 1.557e-18 7.45e-19 1
8603.59 5.72e-19 4.77e-19 1
8608.59 5.43e-19 4.71e-19 1
8613.59 2.43e-18 5.26e-19 1
8618.59 1.394e-18 6.12e-19 1
8623.59 1.166e-18 7.1e-19 1
8628.59 2.438e-18 1.066e-18 1
8633.59 1.861e-18 7.57e-19 1
8638.59 -1.17e-19 7.01e-19 1
8643.59 7.53e-19 6.49e-19 1
8648.59 2.41e-18 6.84e-19 1
8653.59 1.388e-18 7.61e-19 1
8658.59 1.251e-18 7.95e-19 1
8663.59 1.124e-18 1.115e-18 1
8668.59 7.16e-19 7.56e-19 1
8673.59 8.95e-19 7.11e-19 1
8678.59 5.62e-19 6.55e-19 1
8683.59 9.6e-20 6.04e-19 1
8688.59 4.9e-19 5.66e-19 1
8693.59 2.074e-18 7.98e-19 1
8698.59 1.435e-18 5.54e-19 1
8703.59 1.64e-18 5.52e-19 1
8708.59 1.308e-18 5.43e-19 1
8713.59 1.409e-18 5.31e-19 1
8718.59 1.855e-18 5.28e-19 1
8723.59 4.59e-19 7.42e-19 1
8728.59 1.445e-18 5.31e-19 1
8733.59 3.2e-20 5.31e-19 1
8738.59 1.338e-18 5.43e-19 1
8743.59 2.521e-18 5.46e-19 1
8748.59 7.75e-19 5.56e-19 1
8753.59 2.301e-18 9.24e-19 1
8758.59 2.449e-18 8.19e-19 1
8763.59 -7.62e-19 1.043e-18 1
8768.59 -5.22e-19 1.086e-18 1
8773.59 8.82e-19 1.105e-18 1
8778.59 1.461e-18 1.024e-18 1
8783.59 -6.29e-19 1.345e-18 1
8788.59 1.606e-18 8.18e-19 1
8793.59 -1.258e-18 7.39e-19 1
8798.59 6.46e-19 6.78e-19 1
8803.59 1.538e-18 6.12e-19 1
8808.59 6.14e-19 6.07e-19 1
8813.59 4.32e-19 6.15e-19 1
8818.59 1.192e-18 1.078e-18 1
8823.59 1.884e-18 1.105e-18 1
8828.59 1.668e-18 1.332e-18 1
8833.59 3.055e-18 1.295e-18 1
8838.59 1.841e-18 1.02e-18 1
8843.59 1.432e-18 8.39e-19 1
8848.59 1.33e-18 1.078e-18 1
8853.59 2.645e-18 7.42e-19 1
8858.59 5.2e-19 7.07e-19 1
8863.59 5.9e-19 7.97e-19 1
8868.59 2.633e-18 8.43e-19 1
8873.59 -3.28e-19 7.72e-19 1
8878.59 1.269e-18 1.187e-18 1
8883.59 1.105e-18 1.065e-18 1
8888.59 -2.22e-19 1.178e-18 1
8893.59 2.63e-18 1.008e-18 1
8898.59 2.351e-18 8.97e-19 1
8903.59 -6.09e-19 9.13e-19 1
8908.59 5.68e-19 1.267e-18 1
8913.59 8.86e-19 9.6e-19 1
8918.59 6.5e-19 1.213e-18 1
8923.59 9.98e-19 1.447e-18 1
8928.59 6.01e-19 1.129e-18 1
8933.59 4.5e-19 8.19e-19 1
8938.59 1.845e-18 1.385e-18 1
