# converted by J. Guy, 2010-10-18
# from S. Blondin
@Redshift 0.0146
@FORMAT STD
@Date 50097.2
@SELECTED_FOR_SNLS3_TRAINING 1
@SN sn1995bd
@SURVEY OTHER_LOWZ_SPEC
@Source UNKNOWN
#WAVE : wavelength, observer frame, in A
#FLUX : erg/s/cm2/A
#ERR  : statistical uncertainty on flux
#VALID : 1=ok 0=ignore
#end
3670 6.1533e-16 1.98223e-16 1
3671.47 5.03647e-16 1.98223e-16 1
3672.94 3.49811e-16 1.98223e-16 1
3674.41 8.76848e-16 1.98223e-16 1
3675.88 4.81394e-16 1.98223e-16 1
3677.36 4.08535e-16 1.98223e-16 1
3678.83 1.46725e-16 1.98223e-16 1
3680.3 2.9142e-16 1.98223e-16 1
3681.77 2.31553e-16 1.98223e-16 1
3683.24 5.48917e-16 1.98223e-16 1
3684.71 7.77564e-16 1.98223e-16 1
3686.18 7.98457e-16 1.98223e-16 1
3687.65 8.81829e-16 1.98223e-16 1
3689.12 5.75022e-16 1.98223e-16 1
3690.59 5.7166e-16 1.98223e-16 1
3692.07 4.52559e-16 1.98223e-16 1
3693.54 7.73516e-16 1.98223e-16 1
3695.01 8.99676e-16 1.98223e-16 1
3696.48 5.72445e-16 1.98223e-16 1
3697.95 6.80192e-16 1.98223e-16 1
3699.42 4.23645e-16 1.98223e-16 1
3700.89 6.29431e-16 1.98223e-16 1
3702.36 6.83761e-16 1.98223e-16 1
3703.83 2.86337e-16 1.98223e-16 1
3705.3 3.76016e-16 1.98223e-16 1
3706.78 1.0215e-15 1.98223e-16 1
3708.25 9.05917e-16 1.98223e-16 1
3709.72 7.56013e-16 1.98223e-16 1
3711.19 6.38688e-16 1.98223e-16 1
3712.66 4.94943e-16 1.98223e-16 1
3714.13 4.65764e-16 1.98223e-16 1
3715.6 9.16188e-16 1.98223e-16 1
3717.07 1.04286e-15 1.98223e-16 1
3718.54 6.80096e-16 1.98223e-16 1
3720.01 5.89637e-16 1.98223e-16 1
3721.49 1.00228e-15 1.98223e-16 1
3722.96 8.25771e-16 1.98223e-16 1
3724.43 6.51199e-16 1.98223e-16 1
3725.9 6.13903e-16 1.98223e-16 1
3727.37 6.23358e-16 1.98223e-16 1
3728.84 5.76614e-16 1.98223e-16 1
3730.31 4.80642e-16 1.98223e-16 1
3731.78 5.34281e-16 1.98223e-16 1
3733.25 7.30694e-16 1.98223e-16 1
3734.73 7.9549e-16 1.98223e-16 1
3736.2 7.22896e-16 1.98223e-16 1
3737.67 7.72233e-16 1.98223e-16 1
3739.14 6.04591e-16 1.98223e-16 1
3740.61 3.85128e-16 1.98223e-16 1
3742.08 5.92227e-16 1.98223e-16 1
3743.55 7.80705e-16 1.98223e-16 1
3745.02 8.84178e-16 1.98223e-16 1
3746.49 5.9782e-16 1.98223e-16 1
3747.96 6.24345e-16 1.98223e-16 1
3749.44 5.71829e-16 1.98223e-16 1
3750.91 6.421e-16 1.98223e-16 1
3752.38 9.34425e-16 1.98223e-16 1
3753.85 1.17979e-15 1.98223e-16 1
3755.32 5.99808e-16 1.98223e-16 1
3756.79 7.43125e-16 1.98223e-16 1
3758.26 9.43059e-16 1.98223e-16 1
3759.73 1.01185e-15 1.98223e-16 1
3761.2 8.27371e-16 1.98223e-16 1
3762.67 5.52666e-16 1.98223e-16 1
3764.15 6.03393e-16 1.98223e-16 1
3765.62 4.33572e-16 1.98223e-16 1
3767.09 7.30156e-16 1.98223e-16 1
3768.56 9.58752e-16 1.98223e-16 1
3770.03 8.0527e-16 1.56897e-16 1
3771.5 5.86635e-16 1.56897e-16 1
3772.97 6.16945e-16 1.56897e-16 1
3774.44 5.28115e-16 1.56897e-16 1
3775.91 3.84252e-16 1.56897e-16 1
3777.39 4.89259e-16 1.56897e-16 1
3778.86 5.68273e-16 1.56897e-16 1
3780.33 5.26615e-16 1.56897e-16 1
3781.8 4.77375e-16 1.56897e-16 1
3783.27 3.82675e-16 1.56897e-16 1
3784.74 5.93905e-16 1.56897e-16 1
3786.21 4.37977e-16 1.56897e-16 1
3787.68 5.84108e-16 1.56897e-16 1
3789.15 4.81682e-16 1.56897e-16 1
3790.62 7.70953e-16 1.56897e-16 1
3792.1 7.32865e-16 1.56897e-16 1
3793.57 5.32171e-16 1.56897e-16 1
3795.04 6.09448e-16 1.56897e-16 1
3796.51 5.08114e-16 1.56897e-16 1
3797.98 7.30004e-16 1.56897e-16 1
3799.45 7.00535e-16 1.56897e-16 1
3800.92 5.06024e-16 1.56897e-16 1
3802.39 2.26457e-16 1.56897e-16 1
3803.86 2.9306e-16 1.56897e-16 1
3805.33 4.53926e-16 1.56897e-16 1
3806.81 5.80299e-16 1.56897e-16 1
3808.28 5.19178e-16 1.56897e-16 1
3809.75 6.40015e-16 1.56897e-16 1
3811.22 7.79116e-16 1.56897e-16 1
3812.69 5.34983e-16 1.56897e-16 1
3814.16 7.27361e-16 1.56897e-16 1
3815.63 3.57465e-16 1.56897e-16 1
3817.1 6.22489e-16 1.56897e-16 1
3818.57 6.92808e-16 1.56897e-16 1
3820.04 4.34237e-16 1.56897e-16 1
3821.52 1.70959e-16 1.56897e-16 1
3822.99 1.83971e-16 1.56897e-16 1
3824.46 5.14275e-16 1.56897e-16 1
3825.93 6.14077e-16 1.56897e-16 1
3827.4 2.23958e-16 1.56897e-16 1
3828.87 2.81327e-16 1.56897e-16 1
3830.34 4.57542e-16 1.56897e-16 1
3831.81 4.20047e-16 1.56897e-16 1
3833.28 4.20999e-16 1.56897e-16 1
3834.76 2.79848e-16 1.56897e-16 1
3836.23 7.17999e-16 1.56897e-16 1
3837.7 8.4748e-16 1.56897e-16 1
3839.17 5.03084e-16 1.56897e-16 1
3840.64 8.87472e-16 1.56897e-16 1
3842.11 6.51511e-16 1.56897e-16 1
3843.58 4.41303e-16 1.56897e-16 1
3845.05 6.10075e-16 1.56897e-16 1
3846.52 5.33359e-16 1.56897e-16 1
3847.99 7.49519e-16 1.56897e-16 1
3849.47 5.94567e-16 1.56897e-16 1
3850.94 6.13684e-16 1.56897e-16 1
3852.41 4.80861e-16 1.56897e-16 1
3853.88 2.94308e-16 1.56897e-16 1
3855.35 6.40485e-16 1.56897e-16 1
3856.82 7.58849e-16 1.56897e-16 1
3858.29 7.33433e-16 1.56897e-16 1
3859.76 5.05492e-16 1.56897e-16 1
3861.23 6.99852e-16 1.56897e-16 1
3862.7 4.45472e-16 1.56897e-16 1
3864.18 5.54667e-16 1.56897e-16 1
3865.65 5.91534e-16 1.56897e-16 1
3867.12 6.17048e-16 1.56897e-16 1
3868.59 6.1021e-16 1.56897e-16 1
3870.06 6.07307e-16 1.16709e-16 1
3871.53 7.35871e-16 1.16709e-16 1
3873 5.62854e-16 1.16709e-16 1
3874.47 5.45949e-16 1.16709e-16 1
3875.94 5.91705e-16 1.16709e-16 1
3877.41 5.04384e-16 1.16709e-16 1
3878.89 6.77169e-16 1.16709e-16 1
3880.36 4.85258e-16 1.16709e-16 1
3881.83 6.40118e-16 1.16709e-16 1
3883.3 5.97124e-16 1.16709e-16 1
3884.77 6.27588e-16 1.16709e-16 1
3886.24 5.51746e-16 1.16709e-16 1
3887.71 6.01317e-16 1.16709e-16 1
3889.18 6.55682e-16 1.16709e-16 1
3890.65 6.72918e-16 1.16709e-16 1
3892.13 8.38301e-16 1.16709e-16 1
3893.6 8.34485e-16 1.16709e-16 1
3895.07 7.01616e-16 1.16709e-16 1
3896.54 5.75518e-16 1.16709e-16 1
3898.01 5.33086e-16 1.16709e-16 1
3899.48 7.46501e-16 1.16709e-16 1
3900.95 6.54746e-16 1.16709e-16 1
3902.42 7.94031e-16 1.16709e-16 1
3903.89 9.33031e-16 1.16709e-16 1
3905.36 6.60645e-16 1.16709e-16 1
3906.84 7.68238e-16 1.16709e-16 1
3908.31 8.03474e-16 1.16709e-16 1
3909.78 7.58113e-16 1.16709e-16 1
3911.25 7.74253e-16 1.16709e-16 1
3912.72 7.2854e-16 1.16709e-16 1
3914.19 7.37919e-16 1.16709e-16 1
3915.66 7.39264e-16 1.16709e-16 1
3917.13 6.33195e-16 1.16709e-16 1
3918.6 7.46397e-16 1.16709e-16 1
3920.07 1.18175e-15 1.16709e-16 1
3921.55 9.454e-16 1.16709e-16 1
3923.02 9.14139e-16 1.16709e-16 1
3924.49 7.55251e-16 1.16709e-16 1
3925.96 7.83217e-16 1.16709e-16 1
3927.43 7.47825e-16 1.16709e-16 1
3928.9 9.22503e-16 1.16709e-16 1
3930.37 9.7444e-16 1.16709e-16 1
3931.84 8.98146e-16 1.16709e-16 1
3933.31 1.0619e-15 1.16709e-16 1
3934.78 8.57438e-16 1.16709e-16 1
3936.26 6.79385e-16 1.16709e-16 1
3937.73 8.63385e-16 1.16709e-16 1
3939.2 7.28359e-16 1.16709e-16 1
3940.67 6.98653e-16 1.16709e-16 1
3942.14 9.23936e-16 1.16709e-16 1
3943.61 8.30118e-16 1.16709e-16 1
3945.08 1.08121e-15 1.16709e-16 1
3946.55 1.04805e-15 1.16709e-16 1
3948.02 8.68607e-16 1.16709e-16 1
3949.5 7.00757e-16 1.16709e-16 1
3950.97 8.30178e-16 1.16709e-16 1
3952.44 8.25891e-16 1.16709e-16 1
3953.91 8.71686e-16 1.16709e-16 1
3955.38 1.05909e-15 1.16709e-16 1
3956.85 8.91684e-16 1.16709e-16 1
3958.32 7.98632e-16 1.16709e-16 1
3959.79 8.00624e-16 1.16709e-16 1
3961.26 9.43113e-16 1.16709e-16 1
3962.73 1.03717e-15 1.16709e-16 1
3964.21 8.71676e-16 1.16709e-16 1
3965.68 9.33283e-16 1.16709e-16 1
3967.15 9.23109e-16 1.16709e-16 1
3968.62 1.26908e-15 1.16709e-16 1
3970.09 1.24524e-15 1.11742e-16 1
3971.56 1.14344e-15 1.11742e-16 1
3973.03 9.79328e-16 1.11742e-16 1
3974.5 7.93969e-16 1.11742e-16 1
3975.97 1.053e-15 1.11742e-16 1
3977.44 1.08282e-15 1.11742e-16 1
3978.92 9.68072e-16 1.11742e-16 1
3980.39 8.6758e-16 1.11742e-16 1
3981.86 9.21906e-16 1.11742e-16 1
3983.33 9.17946e-16 1.11742e-16 1
3984.8 9.80208e-16 1.11742e-16 1
3986.27 1.21853e-15 1.11742e-16 1
3987.74 1.11355e-15 1.11742e-16 1
3989.21 8.06362e-16 1.11742e-16 1
3990.68 7.94822e-16 1.11742e-16 1
3992.16 9.58306e-16 1.11742e-16 1
3993.63 9.2992e-16 1.11742e-16 1
3995.1 9.96045e-16 1.11742e-16 1
3996.57 9.47733e-16 1.11742e-16 1
3998.04 1.01208e-15 1.11742e-16 1
3999.51 9.51023e-16 1.11742e-16 1
4000.98 8.12196e-16 1.11742e-16 1
4002.45 9.50727e-16 1.11742e-16 1
4003.92 1.00089e-15 1.11742e-16 1
4005.39 9.13431e-16 1.11742e-16 1
4006.87 8.74131e-16 1.11742e-16 1
4008.34 9.69124e-16 1.11742e-16 1
4009.81 1.11629e-15 1.11742e-16 1
4011.28 9.15659e-16 1.11742e-16 1
4012.75 1.08219e-15 1.11742e-16 1
4014.22 1.03002e-15 1.11742e-16 1
4015.69 7.76782e-16 1.11742e-16 1
4017.16 7.50147e-16 1.11742e-16 1
4018.63 7.84595e-16 1.11742e-16 1
4020.1 7.97989e-16 1.11742e-16 1
4021.58 9.9127e-16 1.11742e-16 1
4023.05 9.63032e-16 1.11742e-16 1
4024.52 7.83614e-16 1.11742e-16 1
4025.99 8.09278e-16 1.11742e-16 1
4027.46 6.42986e-16 1.11742e-16 1
4028.93 7.66422e-16 1.11742e-16 1
4030.4 8.45202e-16 1.11742e-16 1
4031.87 6.32365e-16 1.11742e-16 1
4033.34 6.94124e-16 1.11742e-16 1
4034.81 8.44507e-16 1.11742e-16 1
4036.29 6.74549e-16 1.11742e-16 1
4037.76 6.06169e-16 1.11742e-16 1
4039.23 8.64519e-16 1.11742e-16 1
4040.7 9.08749e-16 1.11742e-16 1
4042.17 9.22105e-16 1.11742e-16 1
4043.64 7.30665e-16 1.11742e-16 1
4045.11 5.92594e-16 1.11742e-16 1
4046.58 5.95583e-16 1.11742e-16 1
4048.05 6.83876e-16 1.11742e-16 1
4049.53 8.72277e-16 1.11742e-16 1
4051 7.75597e-16 1.11742e-16 1
4052.47 7.2576e-16 1.11742e-16 1
4053.94 7.49479e-16 1.11742e-16 1
4055.41 6.48549e-16 1.11742e-16 1
4056.88 6.75148e-16 1.11742e-16 1
4058.35 7.67357e-16 1.11742e-16 1
4059.82 6.27051e-16 1.11742e-16 1
4061.29 6.53239e-16 1.11742e-16 1
4062.76 8.76827e-16 1.11742e-16 1
4064.24 7.08505e-16 1.11742e-16 1
4065.71 6.69484e-16 1.11742e-16 1
4067.18 5.6414e-16 1.11742e-16 1
4068.65 5.7633e-16 1.11742e-16 1
4070.12 6.13876e-16 9.01903e-17 1
4071.59 6.29025e-16 9.01903e-17 1
4073.06 6.49321e-16 9.01903e-17 1
4074.53 6.66712e-16 9.01903e-17 1
4076 5.98588e-16 9.01903e-17 1
4077.47 6.09557e-16 9.01903e-17 1
4078.95 7.2602e-16 9.01903e-17 1
4080.42 5.49548e-16 9.01903e-17 1
4081.89 5.93882e-16 9.01903e-17 1
4083.36 6.23575e-16 9.01903e-17 1
4084.83 5.91665e-16 9.01903e-17 1
4086.3 8.21529e-16 9.01903e-17 1
4087.77 5.65781e-16 9.01903e-17 1
4089.24 5.69835e-16 9.01903e-17 1
4090.71 5.70417e-16 9.01903e-17 1
4092.18 7.61632e-16 9.01903e-17 1
4093.66 7.09711e-16 9.01903e-17 1
4095.13 7.57187e-16 9.01903e-17 1
4096.6 7.16346e-16 9.01903e-17 1
4098.07 6.78022e-16 9.01903e-17 1
4099.54 6.65162e-16 9.01903e-17 1
4101.01 7.77392e-16 9.01903e-17 1
4102.48 6.94864e-16 9.01903e-17 1
4103.95 7.97139e-16 9.01903e-17 1
4105.42 8.90974e-16 9.01903e-17 1
4106.9 6.68891e-16 9.01903e-17 1
4108.37 7.27445e-16 9.01903e-17 1
4109.84 5.41996e-16 9.01903e-17 1
4111.31 5.04155e-16 9.01903e-17 1
4112.78 4.61352e-16 9.01903e-17 1
4114.25 6.92882e-16 9.01903e-17 1
4115.72 7.21332e-16 9.01903e-17 1
4117.19 6.09125e-16 9.01903e-17 1
4118.66 6.78335e-16 9.01903e-17 1
4120.13 7.90905e-16 9.01903e-17 1
4121.61 7.25898e-16 9.01903e-17 1
4123.08 7.20936e-16 9.01903e-17 1
4124.55 7.27708e-16 9.01903e-17 1
4126.02 6.54365e-16 9.01903e-17 1
4127.49 6.2666e-16 9.01903e-17 1
4128.96 7.70781e-16 9.01903e-17 1
4130.43 7.3637e-16 9.01903e-17 1
4131.9 7.85655e-16 9.01903e-17 1
4133.37 7.10607e-16 9.01903e-17 1
4134.84 7.9707e-16 9.01903e-17 1
4136.32 7.33407e-16 9.01903e-17 1
4137.79 4.67688e-16 9.01903e-17 1
4139.26 6.09572e-16 9.01903e-17 1
4140.73 7.57918e-16 9.01903e-17 1
4142.2 6.95113e-16 9.01903e-17 1
4143.67 7.79252e-16 9.01903e-17 1
4145.14 8.40732e-16 9.01903e-17 1
4146.61 7.88411e-16 9.01903e-17 1
4148.08 5.92702e-16 9.01903e-17 1
4149.55 6.71403e-16 9.01903e-17 1
4151.03 7.92559e-16 9.01903e-17 1
4152.5 6.7797e-16 9.01903e-17 1
4153.97 6.51435e-16 9.01903e-17 1
4155.44 6.34499e-16 9.01903e-17 1
4156.91 7.51535e-16 9.01903e-17 1
4158.38 8.91834e-16 9.01903e-17 1
4159.85 8.3395e-16 9.01903e-17 1
4161.32 6.07996e-16 9.01903e-17 1
4162.79 7.82915e-16 9.01903e-17 1
4164.27 8.8331e-16 9.01903e-17 1
4165.74 8.07074e-16 9.01903e-17 1
4167.21 7.97124e-16 9.01903e-17 1
4168.68 8.07287e-16 9.01903e-17 1
4170.15 8.43735e-16 7.88366e-17 1
4171.62 9.27909e-16 7.88366e-17 1
4173.09 8.27814e-16 7.88366e-17 1
4174.56 8.48546e-16 7.88366e-17 1
4176.03 8.1799e-16 7.88366e-17 1
4177.5 6.30029e-16 7.88366e-17 1
4178.98 6.60558e-16 7.88366e-17 1
4180.45 8.57763e-16 7.88366e-17 1
4181.92 8.82233e-16 7.88366e-17 1
4183.39 6.94223e-16 7.88366e-17 1
4184.86 7.56367e-16 7.88366e-17 1
4186.33 7.19484e-16 7.88366e-17 1
4187.8 8.132e-16 7.88366e-17 1
4189.27 8.03976e-16 7.88366e-17 1
4190.74 7.57375e-16 7.88366e-17 1
4192.21 8.24048e-16 7.88366e-17 1
4193.69 8.06595e-16 7.88366e-17 1
4195.16 6.80373e-16 7.88366e-17 1
4196.63 8.51744e-16 7.88366e-17 1
4198.1 9.71004e-16 7.88366e-17 1
4199.57 8.6214e-16 7.88366e-17 1
4201.04 7.88204e-16 7.88366e-17 1
4202.51 9.37118e-16 7.88366e-17 1
4203.98 9.25011e-16 7.88366e-17 1
4205.45 8.23117e-16 7.88366e-17 1
4206.93 7.48274e-16 7.88366e-17 1
4208.4 8.06345e-16 7.88366e-17 1
4209.87 8.39117e-16 7.88366e-17 1
4211.34 8.1268e-16 7.88366e-17 1
4212.81 8.47072e-16 7.88366e-17 1
4214.28 8.96973e-16 7.88366e-17 1
4215.75 7.47984e-16 7.88366e-17 1
4217.22 8.50216e-16 7.88366e-17 1
4218.69 7.83775e-16 7.88366e-17 1
4220.16 6.82421e-16 7.88366e-17 1
4221.64 7.02143e-16 7.88366e-17 1
4223.11 7.22659e-16 7.88366e-17 1
4224.58 8.68571e-16 7.88366e-17 1
4226.05 7.92238e-16 7.88366e-17 1
4227.52 6.34489e-16 7.88366e-17 1
4228.99 7.51566e-16 7.88366e-17 1
4230.46 6.3014e-16 7.88366e-17 1
4231.93 6.1825e-16 7.88366e-17 1
4233.4 6.81034e-16 7.88366e-17 1
4234.87 7.81805e-16 7.88366e-17 1
4236.35 8.07899e-16 7.88366e-17 1
4237.82 7.56108e-16 7.88366e-17 1
4239.29 7.36058e-16 7.88366e-17 1
4240.76 7.40398e-16 7.88366e-17 1
4242.23 6.73126e-16 7.88366e-17 1
4243.7 6.27009e-16 7.88366e-17 1
4245.17 6.78387e-16 7.88366e-17 1
4246.64 7.48385e-16 7.88366e-17 1
4248.11 8.10813e-16 7.88366e-17 1
4249.58 8.3883e-16 7.88366e-17 1
4251.06 8.02496e-16 7.88366e-17 1
4252.53 7.94352e-16 7.88366e-17 1
4254 7.30119e-16 7.88366e-17 1
4255.47 5.97389e-16 7.88366e-17 1
4256.94 6.82191e-16 7.88366e-17 1
4258.41 7.70907e-16 7.88366e-17 1
4259.88 8.33153e-16 7.88366e-17 1
4261.35 7.46808e-16 7.88366e-17 1
4262.82 6.78755e-16 7.88366e-17 1
4264.3 7.21407e-16 7.88366e-17 1
4265.77 6.9843e-16 7.88366e-17 1
4267.24 7.05861e-16 7.88366e-17 1
4268.71 8.19047e-16 7.88366e-17 1
4270.18 7.95973e-16 5.61587e-17 1
4271.65 7.29856e-16 5.61587e-17 1
4273.12 7.36415e-16 5.61587e-17 1
4274.59 8.31586e-16 5.61587e-17 1
4276.06 8.06465e-16 5.61587e-17 1
4277.53 7.88022e-16 5.61587e-17 1
4279.01 7.62934e-16 5.61587e-17 1
4280.48 6.52669e-16 5.61587e-17 1
4281.95 7.2208e-16 5.61587e-17 1
4283.42 8.22729e-16 5.61587e-17 1
4284.89 8.2887e-16 5.61587e-17 1
4286.36 7.66883e-16 5.61587e-17 1
4287.83 7.18768e-16 5.61587e-17 1
4289.3 6.5903e-16 5.61587e-17 1
4290.77 6.72167e-16 5.61587e-17 1
4292.24 7.23307e-16 5.61587e-17 1
4293.72 7.72054e-16 5.61587e-17 1
4295.19 7.09377e-16 5.61587e-17 1
4296.66 6.78389e-16 5.61587e-17 1
4298.13 8.03209e-16 5.61587e-17 1
4299.6 6.67042e-16 5.61587e-17 1
4301.07 6.94008e-16 5.61587e-17 1
4302.54 6.62897e-16 5.61587e-17 1
4304.01 6.62673e-16 5.61587e-17 1
4305.48 7.48709e-16 5.61587e-17 1
4306.95 7.4791e-16 5.61587e-17 1
4308.43 6.69639e-16 5.61587e-17 1
4309.9 6.96216e-16 5.61587e-17 1
4311.37 6.57568e-16 5.61587e-17 1
4312.84 5.36523e-16 5.61587e-17 1
4314.31 5.85845e-16 5.61587e-17 1
4315.78 6.64016e-16 5.61587e-17 1
4317.25 6.364e-16 5.61587e-17 1
4318.72 6.70549e-16 5.61587e-17 1
4320.19 7.25671e-16 5.61587e-17 1
4321.67 7.9031e-16 5.61587e-17 1
4323.14 6.77873e-16 5.61587e-17 1
4324.61 6.66949e-16 5.61587e-17 1
4326.08 7.02491e-16 5.61587e-17 1
4327.55 7.59667e-16 5.61587e-17 1
4329.02 7.56716e-16 5.61587e-17 1
4330.49 6.53552e-16 5.61587e-17 1
4331.96 6.88423e-16 5.61587e-17 1
4333.43 7.1146e-16 5.61587e-17 1
4334.9 6.67517e-16 5.61587e-17 1
4336.38 7.03548e-16 5.61587e-17 1
4337.85 6.72027e-16 5.61587e-17 1
4339.32 6.10252e-16 5.61587e-17 1
4340.79 6.51126e-16 5.61587e-17 1
4342.26 5.50653e-16 5.61587e-17 1
4343.73 5.72839e-16 5.61587e-17 1
4345.2 6.41144e-16 5.61587e-17 1
4346.67 6.32998e-16 5.61587e-17 1
4348.14 6.14138e-16 5.61587e-17 1
4349.61 6.74662e-16 5.61587e-17 1
4351.09 5.57899e-16 5.61587e-17 1
4352.56 5.31357e-16 5.61587e-17 1
4354.03 5.25769e-16 5.61587e-17 1
4355.5 5.77668e-16 5.61587e-17 1
4356.97 5.10072e-16 5.61587e-17 1
4358.44 5.02469e-16 5.61587e-17 1
4359.91 5.22069e-16 5.61587e-17 1
4361.38 5.11996e-16 5.61587e-17 1
4362.85 4.53301e-16 5.61587e-17 1
4364.32 4.79788e-16 5.61587e-17 1
4365.8 5.18335e-16 5.61587e-17 1
4367.27 4.48929e-16 5.61587e-17 1
4368.74 4.72392e-16 5.61587e-17 1
4370.21 4.78331e-16 5.15969e-17 1
4371.68 4.59934e-16 5.15969e-17 1
4373.15 4.75568e-16 5.15969e-17 1
4374.62 4.90552e-16 5.15969e-17 1
4376.09 4.92993e-16 5.15969e-17 1
4377.56 4.45446e-16 5.15969e-17 1
4379.04 4.47656e-16 5.15969e-17 1
4380.51 4.18154e-16 5.15969e-17 1
4381.98 5.46342e-16 5.15969e-17 1
4383.45 4.43496e-16 5.15969e-17 1
4384.92 4.71312e-16 5.15969e-17 1
4386.39 5.051e-16 5.15969e-17 1
4387.86 5.0567e-16 5.15969e-17 1
4389.33 4.66168e-16 5.15969e-17 1
4390.8 3.6598e-16 5.15969e-17 1
4392.27 3.43216e-16 5.15969e-17 1
4393.75 3.79816e-16 5.15969e-17 1
4395.22 4.17734e-16 5.15969e-17 1
4396.69 3.94607e-16 5.15969e-17 1
4398.16 3.53636e-16 5.15969e-17 1
4399.63 4.0471e-16 5.15969e-17 1
4401.1 4.15772e-16 5.15969e-17 1
4402.57 4.40502e-16 5.15969e-17 1
4404.04 4.6045e-16 5.15969e-17 1
4405.51 3.08876e-16 5.15969e-17 1
4406.98 3.43531e-16 5.15969e-17 1
4408.46 3.55631e-16 5.15969e-17 1
4409.93 4.29292e-16 5.15969e-17 1
4411.4 4.12653e-16 5.15969e-17 1
4412.87 3.78046e-16 5.15969e-17 1
4414.34 3.92647e-16 5.15969e-17 1
4415.81 3.62289e-16 5.15969e-17 1
4417.28 3.91711e-16 5.15969e-17 1
4418.75 3.58985e-16 5.15969e-17 1
4420.22 4.4957e-16 5.15969e-17 1
4421.7 5.2513e-16 5.15969e-17 1
4423.17 4.55764e-16 5.15969e-17 1
4424.64 3.84283e-16 5.15969e-17 1
4426.11 3.60229e-16 5.15969e-17 1
4427.58 3.69736e-16 5.15969e-17 1
4429.05 3.59708e-16 5.15969e-17 1
4430.52 3.31074e-16 5.15969e-17 1
4431.99 3.95677e-16 5.15969e-17 1
4433.46 4.65084e-16 5.15969e-17 1
4434.93 3.91954e-16 5.15969e-17 1
4436.41 3.77408e-16 5.15969e-17 1
4437.88 3.2105e-16 5.15969e-17 1
4439.35 3.73409e-16 5.15969e-17 1
4440.82 3.89374e-16 5.15969e-17 1
4442.29 3.16189e-16 5.15969e-17 1
4443.76 3.2313e-16 5.15969e-17 1
4445.23 4.42203e-16 5.15969e-17 1
4446.7 4.22773e-16 5.15969e-17 1
4448.17 4.69762e-16 5.15969e-17 1
4449.64 5.31185e-16 5.15969e-17 1
4451.12 3.75651e-16 5.15969e-17 1
4452.59 3.68527e-16 5.15969e-17 1
4454.06 5.22315e-16 5.15969e-17 1
4455.53 4.84798e-16 5.15969e-17 1
4457 3.92642e-16 5.15969e-17 1
4458.47 3.80881e-16 5.15969e-17 1
4459.94 4.57871e-16 5.15969e-17 1
4461.41 4.62252e-16 5.15969e-17 1
4462.88 4.88485e-16 5.15969e-17 1
4464.35 4.7591e-16 5.15969e-17 1
4465.83 5.43369e-16 5.15969e-17 1
4467.3 5.75083e-16 5.15969e-17 1
4468.77 5.57767e-16 5.15969e-17 1
4470.24 5.34064e-16 4.10622e-17 1
4471.71 4.34637e-16 4.10622e-17 1
4473.18 5.24231e-16 4.10622e-17 1
4474.65 6.02936e-16 4.10622e-17 1
4476.12 5.19422e-16 4.10622e-17 1
4477.59 4.96189e-16 4.10622e-17 1
4479.07 4.97751e-16 4.10622e-17 1
4480.54 4.88696e-16 4.10622e-17 1
4482.01 5.81251e-16 4.10622e-17 1
4483.48 5.19451e-16 4.10622e-17 1
4484.95 4.58222e-16 4.10622e-17 1
4486.42 5.21729e-16 4.10622e-17 1
4487.89 5.00495e-16 4.10622e-17 1
4489.36 4.51785e-16 4.10622e-17 1
4490.83 4.94401e-16 4.10622e-17 1
4492.3 5.5566e-16 4.10622e-17 1
4493.78 5.70052e-16 4.10622e-17 1
4495.25 5.14344e-16 4.10622e-17 1
4496.72 4.83561e-16 4.10622e-17 1
4498.19 5.15457e-16 4.10622e-17 1
4499.66 5.15863e-16 4.10622e-17 1
4501.13 5.3096e-16 4.10622e-17 1
4502.6 5.61651e-16 4.10622e-17 1
4504.07 5.19951e-16 4.10622e-17 1
4505.54 5.68416e-16 4.10622e-17 1
4507.01 5.4717e-16 4.10622e-17 1
4508.49 5.59397e-16 4.10622e-17 1
4509.96 5.55515e-16 4.10622e-17 1
4511.43 5.45338e-16 4.10622e-17 1
4512.9 5.9398e-16 4.10622e-17 1
4514.37 6.27743e-16 4.10622e-17 1
4515.84 5.90116e-16 4.10622e-17 1
4517.31 5.16455e-16 4.10622e-17 1
4518.78 5.50475e-16 4.10622e-17 1
4520.25 5.21206e-16 4.10622e-17 1
4521.72 5.27171e-16 4.10622e-17 1
4523.2 5.64821e-16 4.10622e-17 1
4524.67 6.00525e-16 4.10622e-17 1
4526.14 5.92826e-16 4.10622e-17 1
4527.61 5.18285e-16 4.10622e-17 1
4529.08 5.83271e-16 4.10622e-17 1
4530.55 6.67881e-16 4.10622e-17 1
4532.02 6.15792e-16 4.10622e-17 1
4533.49 6.40544e-16 4.10622e-17 1
4534.96 6.44189e-16 4.10622e-17 1
4536.44 6.56098e-16 4.10622e-17 1
4537.91 6.91893e-16 4.10622e-17 1
4539.38 7.43821e-16 4.10622e-17 1
4540.85 7.25197e-16 4.10622e-17 1
4542.32 6.89413e-16 4.10622e-17 1
4543.79 6.10767e-16 4.10622e-17 1
4545.26 7.1465e-16 4.10622e-17 1
4546.73 7.89371e-16 4.10622e-17 1
4548.2 7.50361e-16 4.10622e-17 1
4549.67 8.04044e-16 4.10622e-17 1
4551.15 8.07552e-16 4.10622e-17 1
4552.62 7.75592e-16 4.10622e-17 1
4554.09 7.68004e-16 4.10622e-17 1
4555.56 8.41456e-16 4.10622e-17 1
4557.03 8.8905e-16 4.10622e-17 1
4558.5 8.79119e-16 4.10622e-17 1
4559.97 8.15715e-16 4.10622e-17 1
4561.44 8.19749e-16 4.10622e-17 1
4562.91 8.80235e-16 4.10622e-17 1
4564.38 9.46328e-16 4.10622e-17 1
4565.86 9.77942e-16 4.10622e-17 1
4567.33 9.97863e-16 4.10622e-17 1
4568.8 9.30883e-16 4.10622e-17 1
4570.27 9.70734e-16 4.94063e-17 1
4571.74 9.75443e-16 4.94063e-17 1
4573.21 9.6055e-16 4.94063e-17 1
4574.68 9.84769e-16 4.94063e-17 1
4576.15 9.31408e-16 4.94063e-17 1
4577.62 9.81433e-16 4.94063e-17 1
4579.09 1.03208e-15 4.94063e-17 1
4580.57 1.0165e-15 4.94063e-17 1
4582.04 9.42721e-16 4.94063e-17 1
4583.51 9.68255e-16 4.94063e-17 1
4584.98 1.05587e-15 4.94063e-17 1
4586.45 1.1329e-15 4.94063e-17 1
4587.92 1.13058e-15 4.94063e-17 1
4589.39 1.0973e-15 4.94063e-17 1
4590.86 1.04265e-15 4.94063e-17 1
4592.33 1.04126e-15 4.94063e-17 1
4593.81 1.02142e-15 4.94063e-17 1
4595.28 1.07658e-15 4.94063e-17 1
4596.75 1.10063e-15 4.94063e-17 1
4598.22 1.12236e-15 4.94063e-17 1
4599.69 1.09498e-15 4.94063e-17 1
4601.16 9.94969e-16 4.94063e-17 1
4602.63 1.11268e-15 4.94063e-17 1
4604.1 1.07017e-15 4.94063e-17 1
4605.57 1.10316e-15 4.94063e-17 1
4607.04 1.11661e-15 4.94063e-17 1
4608.52 1.08848e-15 4.94063e-17 1
4609.99 1.06892e-15 4.94063e-17 1
4611.46 1.04917e-15 4.94063e-17 1
4612.93 1.01193e-15 4.94063e-17 1
4614.4 1.06014e-15 4.94063e-17 1
4615.87 1.03926e-15 4.94063e-17 1
4617.34 1.08966e-15 4.94063e-17 1
4618.81 1.10781e-15 4.94063e-17 1
4620.28 1.10907e-15 4.94063e-17 1
4621.75 1.12521e-15 4.94063e-17 1
4623.23 1.03605e-15 4.94063e-17 1
4624.7 1.15271e-15 4.94063e-17 1
4626.17 1.23342e-15 4.94063e-17 1
4627.64 1.09393e-15 4.94063e-17 1
4629.11 1.06069e-15 4.94063e-17 1
4630.58 1.11197e-15 4.94063e-17 1
4632.05 1.12774e-15 4.94063e-17 1
4633.52 1.18692e-15 4.94063e-17 1
4634.99 1.13868e-15 4.94063e-17 1
4636.47 1.06955e-15 4.94063e-17 1
4637.94 1.092e-15 4.94063e-17 1
4639.41 1.18143e-15 4.94063e-17 1
4640.88 1.16392e-15 4.94063e-17 1
4642.35 1.13312e-15 4.94063e-17 1
4643.82 1.12036e-15 4.94063e-17 1
4645.29 1.07651e-15 4.94063e-17 1
4646.76 1.02446e-15 4.94063e-17 1
4648.23 9.83887e-16 4.94063e-17 1
4649.7 1.05959e-15 4.94063e-17 1
4651.18 1.06987e-15 4.94063e-17 1
4652.65 1.09829e-15 4.94063e-17 1
4654.12 1.13351e-15 4.94063e-17 1
4655.59 1.0477e-15 4.94063e-17 1
4657.06 1.0993e-15 4.94063e-17 1
4658.53 9.86471e-16 4.94063e-17 1
4660 1.02526e-15 4.94063e-17 1
4661.47 1.02537e-15 4.94063e-17 1
4662.94 9.68704e-16 4.94063e-17 1
4664.41 9.59147e-16 4.94063e-17 1
4665.89 9.04569e-16 4.94063e-17 1
4667.36 9.79131e-16 4.94063e-17 1
4668.83 9.95244e-16 4.94063e-17 1
4670.3 9.40689e-16 3.78004e-17 1
4671.77 9.38559e-16 3.78004e-17 1
4673.24 9.55014e-16 3.78004e-17 1
4674.71 1.02257e-15 3.78004e-17 1
4676.18 9.69992e-16 3.78004e-17 1
4677.65 8.56442e-16 3.78004e-17 1
4679.12 9.16158e-16 3.78004e-17 1
4680.6 9.14184e-16 3.78004e-17 1
4682.07 9.0875e-16 3.78004e-17 1
4683.54 9.52968e-16 3.78004e-17 1
4685.01 9.31872e-16 3.78004e-17 1
4686.48 9.26199e-16 3.78004e-17 1
4687.95 8.45097e-16 3.78004e-17 1
4689.42 8.09279e-16 3.78004e-17 1
4690.89 8.67236e-16 3.78004e-17 1
4692.36 8.6429e-16 3.78004e-17 1
4693.84 8.32979e-16 3.78004e-17 1
4695.31 8.73242e-16 3.78004e-17 1
4696.78 8.37733e-16 3.78004e-17 1
4698.25 8.14823e-16 3.78004e-17 1
4699.72 8.24498e-16 3.78004e-17 1
4701.19 9.09137e-16 3.78004e-17 1
4702.66 8.13869e-16 3.78004e-17 1
4704.13 7.69949e-16 3.78004e-17 1
4705.6 7.40403e-16 3.78004e-17 1
4707.07 8.30796e-16 3.78004e-17 1
4708.55 7.85737e-16 3.78004e-17 1
4710.02 7.66411e-16 3.78004e-17 1
4711.49 7.94503e-16 3.78004e-17 1
4712.96 7.52206e-16 3.78004e-17 1
4714.43 7.52473e-16 3.78004e-17 1
4715.9 8.08225e-16 3.78004e-17 1
4717.37 8.12165e-16 3.78004e-17 1
4718.84 8.2771e-16 3.78004e-17 1
4720.31 7.41892e-16 3.78004e-17 1
4721.78 7.3015e-16 3.78004e-17 1
4723.26 7.49048e-16 3.78004e-17 1
4724.73 7.77775e-16 3.78004e-17 1
4726.2 7.71603e-16 3.78004e-17 1
4727.67 7.6425e-16 3.78004e-17 1
4729.14 7.10509e-16 3.78004e-17 1
4730.61 7.445e-16 3.78004e-17 1
4732.08 7.85479e-16 3.78004e-17 1
4733.55 8.19028e-16 3.78004e-17 1
4735.02 7.67264e-16 3.78004e-17 1
4736.49 7.3514e-16 3.78004e-17 1
4737.97 7.49015e-16 3.78004e-17 1
4739.44 6.75929e-16 3.78004e-17 1
4740.91 6.92314e-16 3.78004e-17 1
4742.38 7.43631e-16 3.78004e-17 1
4743.85 7.49621e-16 3.78004e-17 1
4745.32 7.26811e-16 3.78004e-17 1
4746.79 6.98308e-16 3.78004e-17 1
4748.26 6.74203e-16 3.78004e-17 1
4749.73 6.98177e-16 3.78004e-17 1
4751.21 6.06668e-16 3.78004e-17 1
4752.68 6.03869e-16 3.78004e-17 1
4754.15 6.53754e-16 3.78004e-17 1
4755.62 6.53098e-16 3.78004e-17 1
4757.09 6.41172e-16 3.78004e-17 1
4758.56 6.51834e-16 3.78004e-17 1
4760.03 6.43144e-16 3.78004e-17 1
4761.5 6.18317e-16 3.78004e-17 1
4762.97 6.39225e-16 3.78004e-17 1
4764.44 6.33652e-16 3.78004e-17 1
4765.92 6.16923e-16 3.78004e-17 1
4767.39 5.84137e-16 3.78004e-17 1
4768.86 5.86629e-16 3.78004e-17 1
4770.33 5.8157e-16 3.64249e-17 1
4771.8 5.52151e-16 3.64249e-17 1
4773.27 5.02087e-16 3.64249e-17 1
4774.74 5.05305e-16 3.64249e-17 1
4776.21 5.20094e-16 3.64249e-17 1
4777.68 5.10465e-16 3.64249e-17 1
4779.15 5.05018e-16 3.64249e-17 1
4780.63 5.24181e-16 3.64249e-17 1
4782.1 4.79236e-16 3.64249e-17 1
4783.57 4.54375e-16 3.64249e-17 1
4785.04 5.14994e-16 3.64249e-17 1
4786.51 4.73204e-16 3.64249e-17 1
4787.98 4.75095e-16 3.64249e-17 1
4789.45 5.04876e-16 3.64249e-17 1
4790.92 4.99891e-16 3.64249e-17 1
4792.39 4.6667e-16 3.64249e-17 1
4793.87 5.2233e-16 3.64249e-17 1
4795.34 4.86164e-16 3.64249e-17 1
4796.81 4.60165e-16 3.64249e-17 1
4798.28 4.05761e-16 3.64249e-17 1
4799.75 4.67567e-16 3.64249e-17 1
4801.22 4.93333e-16 3.64249e-17 1
4802.69 4.64243e-16 3.64249e-17 1
4804.16 4.38539e-16 3.64249e-17 1
4805.63 4.95545e-16 3.64249e-17 1
4807.1 4.93958e-16 3.64249e-17 1
4808.58 4.70106e-16 3.64249e-17 1
4810.05 5.33343e-16 3.64249e-17 1
4811.52 4.87227e-16 3.64249e-17 1
4812.99 5.3252e-16 3.64249e-17 1
4814.46 5.44482e-16 3.64249e-17 1
4815.93 5.21179e-16 3.64249e-17 1
4817.4 5.24725e-16 3.64249e-17 1
4818.87 4.97411e-16 3.64249e-17 1
4820.34 4.92344e-16 3.64249e-17 1
4821.81 4.34261e-16 3.64249e-17 1
4823.29 4.96055e-16 3.64249e-17 1
4824.76 5.56506e-16 3.64249e-17 1
4826.23 5.33447e-16 3.64249e-17 1
4827.7 5.22632e-16 3.64249e-17 1
4829.17 4.61812e-16 3.64249e-17 1
4830.64 5.4365e-16 3.64249e-17 1
4832.11 6.21346e-16 3.64249e-17 1
4833.58 5.26969e-16 3.64249e-17 1
4835.05 5.16794e-16 3.64249e-17 1
4836.52 5.63301e-16 3.64249e-17 1
4838 5.4194e-16 3.64249e-17 1
4839.47 4.99505e-16 3.64249e-17 1
4840.94 5.60149e-16 3.64249e-17 1
4842.41 5.29697e-16 3.64249e-17 1
4843.88 4.52557e-16 3.64249e-17 1
4845.35 4.3499e-16 3.64249e-17 1
4846.82 4.45536e-16 3.64249e-17 1
4848.29 4.51042e-16 3.64249e-17 1
4849.76 4.82785e-16 3.64249e-17 1
4851.24 4.45471e-16 3.64249e-17 1
4852.71 4.94244e-16 3.64249e-17 1
4854.18 4.78533e-16 3.64249e-17 1
4855.65 5.10319e-16 3.64249e-17 1
4857.12 4.44512e-16 3.64249e-17 1
4858.59 4.59442e-16 3.64249e-17 1
4860.06 4.72827e-16 3.64249e-17 1
4861.53 4.28526e-16 3.64249e-17 1
4863 4.24118e-16 3.64249e-17 1
4864.47 4.20874e-16 3.64249e-17 1
4865.95 3.86574e-16 3.64249e-17 1
4867.42 4.06857e-16 3.64249e-17 1
4868.89 4.29298e-16 3.64249e-17 1
4870.36 4.1017e-16 3.17522e-17 1
4871.83 4.18264e-16 3.17522e-17 1
4873.3 4.28889e-16 3.17522e-17 1
4874.77 4.03427e-16 3.17522e-17 1
4876.24 4.65633e-16 3.17522e-17 1
4877.71 4.09286e-16 3.17522e-17 1
4879.18 4.02496e-16 3.17522e-17 1
4880.66 4.19902e-16 3.17522e-17 1
4882.13 3.94397e-16 3.17522e-17 1
4883.6 3.89936e-16 3.17522e-17 1
4885.07 4.38592e-16 3.17522e-17 1
4886.54 3.63505e-16 3.17522e-17 1
4888.01 4.09637e-16 3.17522e-17 1
4889.48 4.73846e-16 3.17522e-17 1
4890.95 4.7498e-16 3.17522e-17 1
4892.42 4.03658e-16 3.17522e-17 1
4893.89 4.69933e-16 3.17522e-17 1
4895.37 4.85652e-16 3.17522e-17 1
4896.84 4.69216e-16 3.17522e-17 1
4898.31 4.46961e-16 3.17522e-17 1
4899.78 4.29504e-16 3.17522e-17 1
4901.25 4.58414e-16 3.17522e-17 1
4902.72 4.90686e-16 3.17522e-17 1
4904.19 4.69229e-16 3.17522e-17 1
4905.66 4.99101e-16 3.17522e-17 1
4907.13 5.10584e-16 3.17522e-17 1
4908.61 5.6699e-16 3.17522e-17 1
4910.08 5.74463e-16 3.17522e-17 1
4911.55 5.39038e-16 3.17522e-17 1
4913.02 4.90383e-16 3.17522e-17 1
4914.49 5.21624e-16 3.17522e-17 1
4915.96 5.82145e-16 3.17522e-17 1
4917.43 5.73923e-16 3.17522e-17 1
4918.9 5.79926e-16 3.17522e-17 1
4920.37 5.81082e-16 3.17522e-17 1
4921.84 5.22393e-16 3.17522e-17 1
4923.32 5.63607e-16 3.17522e-17 1
4924.79 6.20937e-16 3.17522e-17 1
4926.26 6.28452e-16 3.17522e-17 1
4927.73 6.15477e-16 3.17522e-17 1
4929.2 6.00739e-16 3.17522e-17 1
4930.67 5.69556e-16 3.17522e-17 1
4932.14 5.90784e-16 3.17522e-17 1
4933.61 5.94653e-16 3.17522e-17 1
4935.08 5.88935e-16 3.17522e-17 1
4936.55 5.88326e-16 3.17522e-17 1
4938.03 6.1202e-16 3.17522e-17 1
4939.5 6.31322e-16 3.17522e-17 1
4940.97 6.66348e-16 3.17522e-17 1
4942.44 6.55124e-16 3.17522e-17 1
4943.91 6.2647e-16 3.17522e-17 1
4945.38 5.96842e-16 3.17522e-17 1
4946.85 5.91037e-16 3.17522e-17 1
4948.32 6.23361e-16 3.17522e-17 1
4949.79 6.28711e-16 3.17522e-17 1
4951.26 6.12143e-16 3.17522e-17 1
4952.74 5.95034e-16 3.17522e-17 1
4954.21 6.34374e-16 3.17522e-17 1
4955.68 6.33951e-16 3.17522e-17 1
4957.15 6.00978e-16 3.17522e-17 1
4958.62 5.95297e-16 3.17522e-17 1
4960.09 5.51201e-16 3.17522e-17 1
4961.56 5.61559e-16 3.17522e-17 1
4963.03 6.26534e-16 3.17522e-17 1
4964.5 6.21331e-16 3.17522e-17 1
4965.98 5.62603e-16 3.17522e-17 1
4967.45 5.63563e-16 3.17522e-17 1
4968.92 5.86317e-16 3.17522e-17 1
4970.39 5.54947e-16 2.92738e-17 1
4971.86 5.72364e-16 2.92738e-17 1
4973.33 5.61146e-16 2.92738e-17 1
4974.8 5.80451e-16 2.92738e-17 1
4976.27 5.75395e-16 2.92738e-17 1
4977.74 5.88753e-16 2.92738e-17 1
4979.21 5.97247e-16 2.92738e-17 1
4980.69 5.73059e-16 2.92738e-17 1
4982.16 5.50611e-16 2.92738e-17 1
4983.63 5.22119e-16 2.92738e-17 1
4985.1 5.15852e-16 2.92738e-17 1
4986.57 5.35637e-16 2.92738e-17 1
4988.04 5.26079e-16 2.92738e-17 1
4989.51 5.04685e-16 2.92738e-17 1
4990.98 5.20429e-16 2.92738e-17 1
4992.45 5.01358e-16 2.92738e-17 1
4993.92 5.02101e-16 2.92738e-17 1
4995.4 5.4194e-16 2.92738e-17 1
4996.87 5.63825e-16 2.92738e-17 1
4998.34 5.25133e-16 2.92738e-17 1
4999.81 5.23185e-16 2.92738e-17 1
5001.28 4.82153e-16 2.92738e-17 1
5002.75 4.89603e-16 2.92738e-17 1
5004.22 4.48669e-16 2.92738e-17 1
5005.69 4.62234e-16 2.92738e-17 1
5007.16 4.82365e-16 2.92738e-17 1
5008.64 4.89148e-16 2.92738e-17 1
5010.11 4.63103e-16 2.92738e-17 1
5011.58 4.99124e-16 2.92738e-17 1
5013.05 5.06181e-16 2.92738e-17 1
5014.52 5.57365e-16 2.92738e-17 1
5015.99 5.01515e-16 2.92738e-17 1
5017.46 4.58443e-16 2.92738e-17 1
5018.93 5.00754e-16 2.92738e-17 1
5020.4 4.98655e-16 2.92738e-17 1
5021.87 5.01776e-16 2.92738e-17 1
5023.35 4.82768e-16 2.92738e-17 1
5024.82 4.73934e-16 2.92738e-17 1
5026.29 4.51374e-16 2.92738e-17 1
5027.76 4.29097e-16 2.92738e-17 1
5029.23 4.71483e-16 2.92738e-17 1
5030.7 4.77301e-16 2.92738e-17 1
5032.17 4.76744e-16 2.92738e-17 1
5033.64 4.42546e-16 2.92738e-17 1
5035.11 4.29189e-16 2.92738e-17 1
5036.58 3.65704e-16 2.92738e-17 1
5038.06 4.01534e-16 2.92738e-17 1
5039.53 4.35811e-16 2.92738e-17 1
5041 4.50853e-16 2.92738e-17 1
5042.47 4.70234e-16 2.92738e-17 1
5043.94 4.51137e-16 2.92738e-17 1
5045.41 4.62118e-16 2.92738e-17 1
5046.88 4.64141e-16 2.92738e-17 1
5048.35 4.88826e-16 2.92738e-17 1
5049.82 4.93078e-16 2.92738e-17 1
5051.29 4.85365e-16 2.92738e-17 1
5052.77 4.80814e-16 2.92738e-17 1
5054.24 4.91786e-16 2.92738e-17 1
5055.71 5.24989e-16 2.92738e-17 1
5057.18 5.26779e-16 2.92738e-17 1
5058.65 5.41761e-16 2.92738e-17 1
5060.12 5.04714e-16 2.92738e-17 1
5061.59 5.23746e-16 2.92738e-17 1
5063.06 5.25282e-16 2.92738e-17 1
5064.53 5.0705e-16 2.92738e-17 1
5066.01 5.02647e-16 2.92738e-17 1
5067.48 4.90405e-16 2.92738e-17 1
5068.95 4.92239e-16 2.92738e-17 1
5070.42 5.00313e-16 2.77411e-17 1
5071.89 5.1166e-16 2.77411e-17 1
5073.36 4.9855e-16 2.77411e-17 1
5074.83 5.61174e-16 2.77411e-17 1
5076.3 5.02408e-16 2.77411e-17 1
5077.77 5.01763e-16 2.77411e-17 1
5079.24 5.04832e-16 2.77411e-17 1
5080.72 5.1581e-16 2.77411e-17 1
5082.19 5.16011e-16 2.77411e-17 1
5083.66 4.70126e-16 2.77411e-17 1
5085.13 5.4796e-16 2.77411e-17 1
5086.6 5.48835e-16 2.77411e-17 1
5088.07 5.36511e-16 2.77411e-17 1
5089.54 4.69862e-16 2.77411e-17 1
5091.01 5.24857e-16 2.77411e-17 1
5092.48 5.69749e-16 2.77411e-17 1
5093.95 5.83927e-16 2.77411e-17 1
5095.43 5.39481e-16 2.77411e-17 1
5096.9 5.43933e-16 2.77411e-17 1
5098.37 5.33153e-16 2.77411e-17 1
5099.84 5.54357e-16 2.77411e-17 1
5101.31 5.75369e-16 2.77411e-17 1
5102.78 5.27844e-16 2.77411e-17 1
5104.25 5.47081e-16 2.77411e-17 1
5105.72 5.5777e-16 2.77411e-17 1
5107.19 5.25677e-16 2.77411e-17 1
5108.66 5.1894e-16 2.77411e-17 1
5110.14 5.40807e-16 2.77411e-17 1
5111.61 5.4724e-16 2.77411e-17 1
5113.08 5.74873e-16 2.77411e-17 1
5114.55 5.72466e-16 2.77411e-17 1
5116.02 5.70824e-16 2.77411e-17 1
5117.49 5.44078e-16 2.77411e-17 1
5118.96 5.59385e-16 2.77411e-17 1
5120.43 5.59629e-16 2.77411e-17 1
5121.9 5.75925e-16 2.77411e-17 1
5123.38 5.61052e-16 2.77411e-17 1
5124.85 5.66387e-16 2.77411e-17 1
5126.32 5.57407e-16 2.77411e-17 1
5127.79 5.99455e-16 2.77411e-17 1
5129.26 5.72998e-16 2.77411e-17 1
5130.73 5.43344e-16 2.77411e-17 1
5132.2 5.39394e-16 2.77411e-17 1
5133.67 5.57643e-16 2.77411e-17 1
5135.14 5.51292e-16 2.77411e-17 1
5136.61 5.27531e-16 2.77411e-17 1
5138.09 5.87245e-16 2.77411e-17 1
5139.56 5.4702e-16 2.77411e-17 1
5141.03 5.23736e-16 2.77411e-17 1
5142.5 4.88854e-16 2.77411e-17 1
5143.97 4.9733e-16 2.77411e-17 1
5145.44 5.17187e-16 2.77411e-17 1
5146.91 5.7476e-16 2.77411e-17 1
5148.38 6.17946e-16 2.77411e-17 1
5149.85 5.99853e-16 2.77411e-17 1
5151.32 6.10637e-16 2.77411e-17 1
5152.8 6.44162e-16 2.77411e-17 1
5154.27 6.18729e-16 2.77411e-17 1
5155.74 6.42497e-16 2.77411e-17 1
5157.21 6.28853e-16 2.77411e-17 1
5158.68 6.33598e-16 2.77411e-17 1
5160.15 6.06479e-16 2.77411e-17 1
5161.62 6.26391e-16 2.77411e-17 1
5163.09 6.16756e-16 2.77411e-17 1
5164.56 6.68238e-16 2.77411e-17 1
5166.03 6.55241e-16 2.77411e-17 1
5167.51 6.47392e-16 2.77411e-17 1
5168.98 6.80711e-16 2.77411e-17 1
5170.45 6.55239e-16 3.12031e-17 1
5171.92 6.90271e-16 3.12031e-17 1
5173.39 6.37712e-16 3.12031e-17 1
5174.86 6.20672e-16 3.12031e-17 1
5176.33 6.94936e-16 3.12031e-17 1
5177.8 7.00105e-16 3.12031e-17 1
5179.27 7.06277e-16 3.12031e-17 1
5180.75 7.05885e-16 3.12031e-17 1
5182.22 7.46581e-16 3.12031e-17 1
5183.69 7.05587e-16 3.12031e-17 1
5185.16 6.78059e-16 3.12031e-17 1
5186.63 7.14354e-16 3.12031e-17 1
5188.1 7.39743e-16 3.12031e-17 1
5189.57 7.66105e-16 3.12031e-17 1
5191.04 7.57924e-16 3.12031e-17 1
5192.51 7.67211e-16 3.12031e-17 1
5193.98 8.02834e-16 3.12031e-17 1
5195.46 7.8906e-16 3.12031e-17 1
5196.93 7.52185e-16 3.12031e-17 1
5198.4 8.14401e-16 3.12031e-17 1
5199.87 8.19391e-16 3.12031e-17 1
5201.34 8.50279e-16 3.12031e-17 1
5202.81 8.18205e-16 3.12031e-17 1
5204.28 8.35119e-16 3.12031e-17 1
5205.75 8.56834e-16 3.12031e-17 1
5207.22 8.05638e-16 3.12031e-17 1
5208.69 8.21681e-16 3.12031e-17 1
5210.17 7.93939e-16 3.12031e-17 1
5211.64 8.33623e-16 3.12031e-17 1
5213.11 8.62981e-16 3.12031e-17 1
5214.58 8.74392e-16 3.12031e-17 1
5216.05 8.80328e-16 3.12031e-17 1
5217.52 8.7025e-16 3.12031e-17 1
5218.99 8.73589e-16 3.12031e-17 1
5220.46 9.33327e-16 3.12031e-17 1
5221.93 9.46873e-16 3.12031e-17 1
5223.41 9.19388e-16 3.12031e-17 1
5224.88 9.11762e-16 3.12031e-17 1
5226.35 9.59753e-16 3.12031e-17 1
5227.82 9.65775e-16 3.12031e-17 1
5229.29 9.5221e-16 3.12031e-17 1
5230.76 9.4343e-16 3.12031e-17 1
5232.23 9.19149e-16 3.12031e-17 1
5233.7 9.61789e-16 3.12031e-17 1
5235.17 9.77237e-16 3.12031e-17 1
5236.64 9.88417e-16 3.12031e-17 1
5238.12 1.00028e-15 3.12031e-17 1
5239.59 9.56768e-16 3.12031e-17 1
5241.06 1.03604e-15 3.12031e-17 1
5242.53 1.03553e-15 3.12031e-17 1
5244 1.02778e-15 3.12031e-17 1
5245.47 1.04924e-15 3.12031e-17 1
5246.94 1.08418e-15 3.12031e-17 1
5248.41 1.04501e-15 3.12031e-17 1
5249.88 9.87404e-16 3.12031e-17 1
5251.35 1.02705e-15 3.12031e-17 1
5252.83 1.00186e-15 3.12031e-17 1
5254.3 9.76614e-16 3.12031e-17 1
5255.77 9.7232e-16 3.12031e-17 1
5257.24 1.02334e-15 3.12031e-17 1
5258.71 1.06022e-15 3.12031e-17 1
5260.18 1.03321e-15 3.12031e-17 1
5261.65 9.91349e-16 3.12031e-17 1
5263.12 1.00972e-15 3.12031e-17 1
5264.59 1.02833e-15 3.12031e-17 1
5266.06 1.03511e-15 3.12031e-17 1
5267.54 1.01188e-15 3.12031e-17 1
5269.01 1.04598e-15 3.12031e-17 1
5270.48 1.0872e-15 3.27462e-17 1
5271.95 1.04332e-15 3.27462e-17 1
5273.42 1.03273e-15 3.27462e-17 1
5274.89 1.06221e-15 3.27462e-17 1
5276.36 1.02433e-15 3.27462e-17 1
5277.83 1.05231e-15 3.27462e-17 1
5279.3 1.04609e-15 3.27462e-17 1
5280.78 1.04115e-15 3.27462e-17 1
5282.25 1.07122e-15 3.27462e-17 1
5283.72 1.09006e-15 3.27462e-17 1
5285.19 1.06793e-15 3.27462e-17 1
5286.66 1.08894e-15 3.27462e-17 1
5288.13 1.12202e-15 3.27462e-17 1
5289.6 1.10006e-15 3.27462e-17 1
5291.07 1.07148e-15 3.27462e-17 1
5292.54 1.07228e-15 3.27462e-17 1
5294.01 1.06923e-15 3.27462e-17 1
5295.49 1.04536e-15 3.27462e-17 1
5296.96 1.05186e-15 3.27462e-17 1
5298.43 1.11786e-15 3.27462e-17 1
5299.9 1.10615e-15 3.27462e-17 1
5301.37 1.05248e-15 3.27462e-17 1
5302.84 1.07287e-15 3.27462e-17 1
5304.31 1.12937e-15 3.27462e-17 1
5305.78 1.10916e-15 3.27462e-17 1
5307.25 1.04037e-15 3.27462e-17 1
5308.72 1.06408e-15 3.27462e-17 1
5310.2 1.10342e-15 3.27462e-17 1
5311.67 1.1298e-15 3.27462e-17 1
5313.14 1.10393e-15 3.27462e-17 1
5314.61 1.08984e-15 3.27462e-17 1
5316.08 1.10989e-15 3.27462e-17 1
5317.55 1.12915e-15 3.27462e-17 1
5319.02 1.1126e-15 3.27462e-17 1
5320.49 1.09304e-15 3.27462e-17 1
5321.96 1.09164e-15 3.27462e-17 1
5323.43 1.09598e-15 3.27462e-17 1
5324.91 1.07141e-15 3.27462e-17 1
5326.38 1.05849e-15 3.27462e-17 1
5327.85 1.02053e-15 3.27462e-17 1
5329.32 1.01411e-15 3.27462e-17 1
5330.79 1.00285e-15 3.27462e-17 1
5332.26 1.00002e-15 3.27462e-17 1
5333.73 1.01676e-15 3.27462e-17 1
5335.2 1.05424e-15 3.27462e-17 1
5336.67 1.04199e-15 3.27462e-17 1
5338.15 1.01828e-15 3.27462e-17 1
5339.62 9.52205e-16 3.27462e-17 1
5341.09 9.98134e-16 3.27462e-17 1
5342.56 1.02993e-15 3.27462e-17 1
5344.03 9.99433e-16 3.27462e-17 1
5345.5 9.50567e-16 3.27462e-17 1
5346.97 9.86628e-16 3.27462e-17 1
5348.44 9.65896e-16 3.27462e-17 1
5349.91 9.64174e-16 3.27462e-17 1
5351.38 1.00831e-15 3.27462e-17 1
5352.86 9.89533e-16 3.27462e-17 1
5354.33 9.48107e-16 3.27462e-17 1
5355.8 8.82895e-16 3.27462e-17 1
5357.27 8.93612e-16 3.27462e-17 1
5358.74 8.76736e-16 3.27462e-17 1
5360.21 9.40842e-16 3.27462e-17 1
5361.68 9.81647e-16 3.27462e-17 1
5363.15 9.41703e-16 3.27462e-17 1
5364.62 8.69476e-16 3.27462e-17 1
5366.09 8.83488e-16 3.27462e-17 1
5367.57 9.3599e-16 3.27462e-17 1
5369.04 9.0016e-16 3.27462e-17 1
5370.51 9.09092e-16 2.80684e-17 1
5371.98 8.44419e-16 2.80684e-17 1
5373.45 8.5749e-16 2.80684e-17 1
5374.92 8.73724e-16 2.80684e-17 1
5376.39 8.6938e-16 2.80684e-17 1
5377.86 9.21253e-16 2.80684e-17 1
5379.33 9.10552e-16 2.80684e-17 1
5380.8 9.12423e-16 2.80684e-17 1
5382.28 8.66578e-16 2.80684e-17 1
5383.75 8.7128e-16 2.80684e-17 1
5385.22 8.80018e-16 2.80684e-17 1
5386.69 9.26907e-16 2.80684e-17 1
5388.16 9.49036e-16 2.80684e-17 1
5389.63 9.16378e-16 2.80684e-17 1
5391.1 8.98223e-16 2.80684e-17 1
5392.57 8.89061e-16 2.80684e-17 1
5394.04 9.13433e-16 2.80684e-17 1
5395.52 9.58468e-16 2.80684e-17 1
5396.99 9.12613e-16 2.80684e-17 1
5398.46 9.20912e-16 2.80684e-17 1
5399.93 9.31626e-16 2.80684e-17 1
5401.4 9.04047e-16 2.80684e-17 1
5402.87 8.62457e-16 2.80684e-17 1
5404.34 8.96776e-16 2.80684e-17 1
5405.81 9.14328e-16 2.80684e-17 1
5407.28 9.34796e-16 2.80684e-17 1
5408.75 9.56311e-16 2.80684e-17 1
5410.23 9.51249e-16 2.80684e-17 1
5411.7 9.45065e-16 2.80684e-17 1
5413.17 9.2171e-16 2.80684e-17 1
5414.64 9.35592e-16 2.80684e-17 1
5416.11 9.50043e-16 2.80684e-17 1
5417.58 9.6727e-16 2.80684e-17 1
5419.05 9.2701e-16 2.80684e-17 1
5420.52 8.66764e-16 2.80684e-17 1
5421.99 9.04077e-16 2.80684e-17 1
5423.46 9.37651e-16 2.80684e-17 1
5424.94 9.71865e-16 2.80684e-17 1
5426.41 9.8458e-16 2.80684e-17 1
5427.88 9.13804e-16 2.80684e-17 1
5429.35 8.70768e-16 2.80684e-17 1
5430.82 8.91852e-16 2.80684e-17 1
5432.29 9.44169e-16 2.80684e-17 1
5433.76 9.1838e-16 2.80684e-17 1
5435.23 8.85947e-16 2.80684e-17 1
5436.7 8.93039e-16 2.80684e-17 1
5438.18 9.31983e-16 2.80684e-17 1
5439.65 9.64623e-16 2.80684e-17 1
5441.12 9.64438e-16 2.80684e-17 1
5442.59 9.40978e-16 2.80684e-17 1
5444.06 9.35654e-16 2.80684e-17 1
5445.53 9.09034e-16 2.80684e-17 1
5447 9.11224e-16 2.80684e-17 1
5448.47 9.43062e-16 2.80684e-17 1
5449.94 9.18459e-16 2.80684e-17 1
5451.41 9.19296e-16 2.80684e-17 1
5452.89 9.233e-16 2.80684e-17 1
5454.36 9.23404e-16 2.80684e-17 1
5455.83 9.33155e-16 2.80684e-17 1
5457.3 9.1549e-16 2.80684e-17 1
5458.77 9.13747e-16 2.80684e-17 1
5460.24 9.07182e-16 2.80684e-17 1
5461.71 8.8737e-16 2.80684e-17 1
5463.18 9.28826e-16 2.80684e-17 1
5464.65 8.92074e-16 2.80684e-17 1
5466.12 8.86226e-16 2.80684e-17 1
5467.6 9.12112e-16 2.80684e-17 1
5469.07 8.93193e-16 2.80684e-17 1
5470.54 9.07861e-16 3.45351e-17 1
5472.01 8.97281e-16 3.45351e-17 1
5473.48 8.82242e-16 3.45351e-17 1
5474.95 9.5048e-16 3.45351e-17 1
5476.42 9.61734e-16 3.45351e-17 1
5477.89 8.15775e-16 3.45351e-17 1
5479.36 8.10155e-16 3.45351e-17 1
5480.83 8.3355e-16 3.45351e-17 1
5482.31 8.2569e-16 3.45351e-17 1
5483.78 8.65664e-16 3.45351e-17 1
5485.25 8.49918e-16 3.45351e-17 1
5486.72 8.27052e-16 3.45351e-17 1
5488.19 8.88894e-16 3.45351e-17 1
5489.66 9.07258e-16 3.45351e-17 1
5491.13 9.12699e-16 3.45351e-17 1
5492.6 9.2286e-16 3.45351e-17 1
5494.07 8.63467e-16 3.45351e-17 1
5495.55 8.31394e-16 3.45351e-17 1
5497.02 8.57896e-16 3.45351e-17 1
5498.49 9.03367e-16 3.45351e-17 1
5499.96 8.73126e-16 3.45351e-17 1
5501.43 8.2773e-16 3.45351e-17 1
5502.9 8.59816e-16 3.45351e-17 1
5504.37 8.29587e-16 3.45351e-17 1
5505.84 8.51851e-16 3.45351e-17 1
5507.31 8.97297e-16 3.45351e-17 1
5508.78 8.10073e-16 3.45351e-17 1
5510.26 8.14004e-16 3.45351e-17 1
5511.73 8.64071e-16 3.45351e-17 1
5513.2 8.83313e-16 3.45351e-17 1
5514.67 8.87304e-16 3.45351e-17 1
5516.14 8.4316e-16 3.45351e-17 1
5517.61 8.03573e-16 3.45351e-17 1
5519.08 8.58838e-16 3.45351e-17 1
5520.55 8.42812e-16 3.45351e-17 1
5522.02 8.98452e-16 3.45351e-17 1
5523.49 8.81297e-16 3.45351e-17 1
5524.97 7.74582e-16 3.45351e-17 1
5526.44 7.9423e-16 3.45351e-17 1
5527.91 8.2081e-16 3.45351e-17 1
5529.38 8.42938e-16 3.45351e-17 1
5530.85 8.721e-16 3.45351e-17 1
5532.32 8.7906e-16 3.45351e-17 1
5533.79 7.91084e-16 3.45351e-17 1
5535.26 8.21583e-16 3.45351e-17 1
5536.73 8.48571e-16 3.45351e-17 1
5538.2 7.91175e-16 3.45351e-17 1
5539.68 7.88261e-16 3.45351e-17 1
5541.15 8.2396e-16 3.45351e-17 1
5542.62 8.44591e-16 3.45351e-17 1
5544.09 8.27055e-16 3.45351e-17 1
5545.56 8.38951e-16 3.45351e-17 1
5547.03 8.18065e-16 3.45351e-17 1
5548.5 8.47977e-16 3.45351e-17 1
5549.97 8.2277e-16 3.45351e-17 1
5551.44 8.28065e-16 3.45351e-17 1
5552.92 8.40048e-16 3.45351e-17 1
5554.39 7.87634e-16 3.45351e-17 1
5555.86 7.66539e-16 3.45351e-17 1
5557.33 8.27211e-16 3.45351e-17 1
5558.8 8.27315e-16 3.45351e-17 1
5560.27 8.28911e-16 3.45351e-17 1
5561.74 8.36213e-16 3.45351e-17 1
5563.21 8.56838e-16 3.45351e-17 1
5564.68 8.77568e-16 3.45351e-17 1
5566.15 8.19257e-16 3.45351e-17 1
5567.63 8.25858e-16 3.45351e-17 1
5569.1 8.13977e-16 3.45351e-17 1
5570.57 8.05644e-16 3.10729e-17 1
5572.04 7.8207e-16 3.10729e-17 1
5573.51 8.29285e-16 3.10729e-17 1
5574.98 8.51683e-16 3.10729e-17 1
5576.45 8.32183e-16 3.10729e-17 1
5577.92 8.90428e-16 3.10729e-17 1
5579.39 8.33591e-16 3.10729e-17 1
5580.86 7.83549e-16 3.10729e-17 1
5582.34 7.99148e-16 3.10729e-17 1
5583.81 8.55757e-16 3.10729e-17 1
5585.28 8.70686e-16 3.10729e-17 1
5586.75 8.38555e-16 3.10729e-17 1
5588.22 8.82472e-16 3.10729e-17 1
5589.69 9.09978e-16 3.10729e-17 1
5591.16 8.78159e-16 3.10729e-17 1
5592.63 8.9481e-16 3.10729e-17 1
5594.1 9.28174e-16 3.10729e-17 1
5595.57 9.09139e-16 3.10729e-17 1
5597.05 9.10858e-16 3.10729e-17 1
5598.52 8.94949e-16 3.10729e-17 1
5599.99 8.90862e-16 3.10729e-17 1
5601.46 9.31775e-16 3.10729e-17 1
5602.93 9.45659e-16 3.10729e-17 1
5604.4 9.06372e-16 3.10729e-17 1
5605.87 9.19798e-16 3.10729e-17 1
5607.34 9.54511e-16 3.10729e-17 1
5608.81 9.69237e-16 3.10729e-17 1
5610.29 9.61884e-16 3.10729e-17 1
5611.76 9.37968e-16 3.10729e-17 1
5613.23 8.84531e-16 3.10729e-17 1
5614.7 8.7742e-16 3.10729e-17 1
5616.17 9.40699e-16 3.10729e-17 1
5617.64 8.97448e-16 3.10729e-17 1
5619.11 8.79248e-16 3.10729e-17 1
5620.58 9.43961e-16 3.10729e-17 1
5622.05 9.05519e-16 3.10729e-17 1
5623.52 8.54847e-16 3.10729e-17 1
5625 9.21784e-16 3.10729e-17 1
5626.47 9.31995e-16 3.10729e-17 1
5627.94 8.66542e-16 3.10729e-17 1
5629.41 9.13251e-16 3.10729e-17 1
5630.88 9.18604e-16 3.10729e-17 1
5632.35 9.07896e-16 3.10729e-17 1
5633.82 9.10603e-16 3.10729e-17 1
5635.29 9.44063e-16 3.10729e-17 1
5636.76 9.14842e-16 3.10729e-17 1
5638.23 8.74751e-16 3.10729e-17 1
5639.71 8.70374e-16 3.10729e-17 1
5641.18 8.99667e-16 3.10729e-17 1
5642.65 8.60006e-16 3.10729e-17 1
5644.12 8.4221e-16 3.10729e-17 1
5645.59 8.63449e-16 3.10729e-17 1
5647.06 8.6187e-16 3.10729e-17 1
5648.53 8.93574e-16 3.10729e-17 1
5650 8.40131e-16 3.10729e-17 1
5651.47 8.39259e-16 3.10729e-17 1
5652.95 8.34367e-16 3.10729e-17 1
5654.42 8.37221e-16 3.10729e-17 1
5655.89 8.72002e-16 3.10729e-17 1
5657.36 8.98759e-16 3.10729e-17 1
5658.83 9.01278e-16 3.10729e-17 1
5660.3 8.6053e-16 3.10729e-17 1
5661.77 8.37171e-16 3.10729e-17 1
5663.24 8.84954e-16 3.10729e-17 1
5664.71 9.06515e-16 3.10729e-17 1
5666.18 8.81512e-16 3.10729e-17 1
5667.66 8.39088e-16 3.10729e-17 1
5669.13 8.60406e-16 3.10729e-17 1
5670.6 8.67765e-16 2.77833e-17 1
5672.07 8.60892e-16 2.77833e-17 1
5673.54 8.65382e-16 2.77833e-17 1
5675.01 8.29767e-16 2.77833e-17 1
5676.48 8.35889e-16 2.77833e-17 1
5677.95 8.23786e-16 2.77833e-17 1
5679.42 8.57699e-16 2.77833e-17 1
5680.89 8.32859e-16 2.77833e-17 1
5682.37 8.05588e-16 2.77833e-17 1
5683.84 8.0352e-16 2.77833e-17 1
5685.31 8.44211e-16 2.77833e-17 1
5686.78 8.20147e-16 2.77833e-17 1
5688.25 8.26779e-16 2.77833e-17 1
5689.72 8.69534e-16 2.77833e-17 1
5691.19 8.14933e-16 2.77833e-17 1
5692.66 8.13297e-16 2.77833e-17 1
5694.13 8.64057e-16 2.77833e-17 1
5695.6 8.82501e-16 2.77833e-17 1
5697.08 8.17518e-16 2.77833e-17 1
5698.55 8.25972e-16 2.77833e-17 1
5700.02 8.44684e-16 2.77833e-17 1
5701.49 8.19649e-16 2.77833e-17 1
5702.96 8.36895e-16 2.77833e-17 1
5704.43 7.91154e-16 2.77833e-17 1
5705.9 7.73415e-16 2.77833e-17 1
5707.37 7.97179e-16 2.77833e-17 1
5708.84 8.24346e-16 2.77833e-17 1
5710.32 8.03867e-16 2.77833e-17 1
5711.79 7.81073e-16 2.77833e-17 1
5713.26 8.13124e-16 2.77833e-17 1
5714.73 8.61204e-16 2.77833e-17 1
5716.2 8.40422e-16 2.77833e-17 1
5717.67 7.87157e-16 2.77833e-17 1
5719.14 8.0314e-16 2.77833e-17 1
5720.61 8.029e-16 2.77833e-17 1
5722.08 8.25203e-16 2.77833e-17 1
5723.55 7.69625e-16 2.77833e-17 1
5725.03 7.7627e-16 2.77833e-17 1
5726.5 7.75064e-16 2.77833e-17 1
5727.97 7.61776e-16 2.77833e-17 1
5729.44 7.46911e-16 2.77833e-17 1
5730.91 7.58122e-16 2.77833e-17 1
5732.38 7.99562e-16 2.77833e-17 1
5733.85 8.66224e-16 2.77833e-17 1
5735.32 8.48839e-16 2.77833e-17 1
5736.79 7.76296e-16 2.77833e-17 1
5738.26 7.76547e-16 2.77833e-17 1
5739.74 7.9456e-16 2.77833e-17 1
5741.21 7.98706e-16 2.77833e-17 1
5742.68 7.90525e-16 2.77833e-17 1
5744.15 7.84609e-16 2.77833e-17 1
5745.62 7.97546e-16 2.77833e-17 1
5747.09 8.39345e-16 2.77833e-17 1
5748.56 8.20763e-16 2.77833e-17 1
5750.03 7.61547e-16 2.77833e-17 1
5751.5 7.9887e-16 2.77833e-17 1
5752.97 8.28028e-16 2.77833e-17 1
5754.45 7.77386e-16 2.77833e-17 1
5755.92 7.50835e-16 2.77833e-17 1
5757.39 8.03325e-16 2.77833e-17 1
5758.86 7.95671e-16 2.77833e-17 1
5760.33 7.46107e-16 2.77833e-17 1
5761.8 8.08897e-16 2.77833e-17 1
5763.27 8.20527e-16 2.77833e-17 1
5764.74 8.00254e-16 2.77833e-17 1
5766.21 8.11153e-16 2.77833e-17 1
5767.69 8.04342e-16 2.77833e-17 1
5769.16 7.62365e-16 2.77833e-17 1
5770.63 7.92206e-16 3.21823e-17 1
5772.1 7.88009e-16 3.21823e-17 1
5773.57 7.91446e-16 3.21823e-17 1
5775.04 7.89031e-16 3.21823e-17 1
5776.51 7.64382e-16 3.21823e-17 1
5777.98 7.18375e-16 3.21823e-17 1
5779.45 7.3576e-16 3.21823e-17 1
5780.92 7.37154e-16 3.21823e-17 1
5782.4 7.56049e-16 3.21823e-17 1
5783.87 7.83014e-16 3.21823e-17 1
5785.34 7.71579e-16 3.21823e-17 1
5786.81 7.47461e-16 3.21823e-17 1
5788.28 8.26585e-16 3.21823e-17 1
5789.75 8.61728e-16 3.21823e-17 1
5791.22 7.92762e-16 3.21823e-17 1
5792.69 7.51466e-16 3.21823e-17 1
5794.16 7.43175e-16 3.21823e-17 1
5795.63 7.77474e-16 3.21823e-17 1
5797.11 7.81677e-16 3.21823e-17 1
5798.58 7.66392e-16 3.21823e-17 1
5800.05 7.39304e-16 3.21823e-17 1
5801.52 6.97553e-16 3.21823e-17 1
5802.99 7.6785e-16 3.21823e-17 1
5804.46 7.82662e-16 3.21823e-17 1
5805.93 7.22429e-16 3.21823e-17 1
5807.4 7.06871e-16 3.21823e-17 1
5808.87 7.25143e-16 3.21823e-17 1
5810.35 7.67356e-16 3.21823e-17 1
5811.82 7.26938e-16 3.21823e-17 1
5813.29 7.66198e-16 3.21823e-17 1
5814.76 7.80078e-16 3.21823e-17 1
5816.23 7.82566e-16 3.21823e-17 1
5817.7 7.69774e-16 3.21823e-17 1
5819.17 7.74226e-16 3.21823e-17 1
5820.64 7.41632e-16 3.21823e-17 1
5822.11 7.61523e-16 3.21823e-17 1
5823.58 7.59324e-16 3.21823e-17 1
5825.06 7.31175e-16 3.21823e-17 1
5826.53 7.30869e-16 3.21823e-17 1
5828 7.87362e-16 3.21823e-17 1
5829.47 8.0038e-16 3.21823e-17 1
5830.94 8.13626e-16 3.21823e-17 1
5832.41 7.84603e-16 3.21823e-17 1
5833.88 7.80523e-16 3.21823e-17 1
5835.35 8.15897e-16 3.21823e-17 1
5836.82 8.26388e-16 3.21823e-17 1
5838.29 8.55011e-16 3.21823e-17 1
5839.77 8.45669e-16 3.21823e-17 1
5841.24 8.41582e-16 3.21823e-17 1
5842.71 8.79765e-16 3.21823e-17 1
5844.18 8.63474e-16 3.21823e-17 1
5845.65 8.41818e-16 3.21823e-17 1
5847.12 8.72779e-16 3.21823e-17 1
5848.59 8.7576e-16 3.21823e-17 1
5850.06 8.87452e-16 3.21823e-17 1
5851.53 8.7842e-16 3.21823e-17 1
5853 8.58212e-16 3.21823e-17 1
5854.48 8.96197e-16 3.21823e-17 1
5855.95 8.47289e-16 3.21823e-17 1
5857.42 8.85826e-16 3.21823e-17 1
5858.89 9.19482e-16 3.21823e-17 1
5860.36 8.77891e-16 3.21823e-17 1
5861.83 8.82259e-16 3.21823e-17 1
5863.3 9.08632e-16 3.21823e-17 1
5864.77 8.55748e-16 3.21823e-17 1
5866.24 9.29665e-16 3.21823e-17 1
5867.72 9.20474e-16 3.21823e-17 1
5869.19 9.34841e-16 3.21823e-17 1
5870.66 9.20454e-16 3.51371e-17 1
5872.13 9.22931e-16 3.51371e-17 1
5873.6 8.81612e-16 3.51371e-17 1
5875.07 9.12246e-16 3.51371e-17 1
5876.54 9.02428e-16 3.51371e-17 1
5878.01 9.07223e-16 3.51371e-17 1
5879.48 9.29481e-16 3.51371e-17 1
5880.95 9.36678e-16 3.51371e-17 1
5882.43 9.34393e-16 3.51371e-17 1
5883.9 9.41652e-16 3.51371e-17 1
5885.37 9.44573e-16 3.51371e-17 1
5886.84 9.72589e-16 3.51371e-17 1
5888.31 9.19804e-16 3.51371e-17 1
5889.78 9.06473e-16 3.51371e-17 1
5891.25 8.82232e-16 3.51371e-17 1
5892.72 9.01901e-16 3.51371e-17 1
5894.19 8.66694e-16 3.51371e-17 1
5895.66 9.1514e-16 3.51371e-17 1
5897.14 9.58466e-16 3.51371e-17 1
5898.61 9.11645e-16 3.51371e-17 1
5900.08 9.15203e-16 3.51371e-17 1
5901.55 9.76008e-16 3.51371e-17 1
5903.02 1.02458e-15 3.51371e-17 1
5904.49 9.7789e-16 3.51371e-17 1
5905.96 1.01507e-15 3.51371e-17 1
5907.43 9.80328e-16 3.51371e-17 1
5908.9 9.66454e-16 3.51371e-17 1
5910.37 1.00242e-15 3.51371e-17 1
5911.85 1.01481e-15 3.51371e-17 1
5913.32 9.90761e-16 3.51371e-17 1
5914.79 1.01854e-15 3.51371e-17 1
5916.26 1.0399e-15 3.51371e-17 1
5917.73 1.0211e-15 3.51371e-17 1
5919.2 9.5754e-16 3.51371e-17 1
5920.67 1.02708e-15 3.51371e-17 1
5922.14 9.36577e-16 3.51371e-17 1
5923.61 9.7491e-16 3.51371e-17 1
5925.09 1.01504e-15 3.51371e-17 1
5926.56 1.02332e-15 3.51371e-17 1
5928.03 1.04361e-15 3.51371e-17 1
5929.5 1.017e-15 3.51371e-17 1
5930.97 1.01991e-15 3.51371e-17 1
5932.44 9.98022e-16 3.51371e-17 1
5933.91 1.04044e-15 3.51371e-17 1
5935.38 1.03673e-15 3.51371e-17 1
5936.85 9.98934e-16 3.51371e-17 1
5938.32 9.8926e-16 3.51371e-17 1
5939.8 9.90891e-16 3.51371e-17 1
5941.27 9.99768e-16 3.51371e-17 1
5942.74 9.81968e-16 3.51371e-17 1
5944.21 1.02937e-15 3.51371e-17 1
5945.68 9.04414e-16 3.51371e-17 1
5947.15 1.01828e-15 3.51371e-17 1
5948.62 1.08506e-15 3.51371e-17 1
5950.09 1.01506e-15 3.51371e-17 1
5951.56 9.80227e-16 3.51371e-17 1
5953.03 1.06345e-15 3.51371e-17 1
5954.51 1.00959e-15 3.51371e-17 1
5955.98 1.00196e-15 3.51371e-17 1
5957.45 1.00528e-15 3.51371e-17 1
5958.92 1.05543e-15 3.51371e-17 1
5960.39 1.0272e-15 3.51371e-17 1
5961.86 9.77382e-16 3.51371e-17 1
5963.33 9.63071e-16 3.51371e-17 1
5964.8 9.9481e-16 3.51371e-17 1
5966.27 9.78813e-16 3.51371e-17 1
5967.74 9.3816e-16 3.51371e-17 1
5969.22 9.58723e-16 3.51371e-17 1
5970.69 9.96619e-16 9.02273e-17 1
5972.16 9.78343e-16 9.02273e-17 1
5973.63 9.73195e-16 9.02273e-17 1
5975.1 9.70497e-16 9.02273e-17 1
5976.57 1.00449e-15 9.02273e-17 1
5978.04 1.03994e-15 9.02273e-17 1
5979.51 1.02208e-15 9.02273e-17 1
5980.98 9.27557e-16 9.02273e-17 1
5982.46 8.69164e-16 9.02273e-17 1
5983.93 8.46581e-16 9.02273e-17 1
5985.4 8.24187e-16 9.02273e-17 1
5986.87 8.69095e-16 9.02273e-17 1
5988.34 8.82495e-16 9.02273e-17 1
5989.81 8.81776e-16 9.02273e-17 1
5991.28 9.18554e-16 9.02273e-17 1
5992.75 9.73491e-16 9.02273e-17 1
5994.22 1.00697e-15 9.02273e-17 1
5995.69 9.69651e-16 9.02273e-17 1
5997.17 9.25168e-16 9.02273e-17 1
5998.64 9.84523e-16 9.02273e-17 1
6000.11 1.00266e-15 9.02273e-17 1
6001.58 9.9022e-16 9.02273e-17 1
6003.05 1.03865e-15 9.02273e-17 1
6004.52 1.05293e-15 9.02273e-17 1
6005.99 1.04309e-15 9.02273e-17 1
6007.46 1.00577e-15 9.02273e-17 1
6008.93 9.9258e-16 9.02273e-17 1
6010.4 1.01285e-15 9.02273e-17 1
6011.88 1.00331e-15 9.02273e-17 1
6013.35 1.02485e-15 9.02273e-17 1
6014.82 1.02811e-15 9.02273e-17 1
6016.29 1.01437e-15 9.02273e-17 1
6017.76 1.02309e-15 9.02273e-17 1
6019.23 1.02669e-15 9.02273e-17 1
6020.7 1.02902e-15 9.02273e-17 1
6022.17 9.72257e-16 9.02273e-17 1
6023.64 1.01435e-15 9.02273e-17 1
6025.12 1.03117e-15 9.02273e-17 1
6026.59 9.53651e-16 9.02273e-17 1
6028.06 9.37963e-16 9.02273e-17 1
6029.53 9.63879e-16 9.02273e-17 1
6031 9.09461e-16 9.02273e-17 1
6032.47 9.0075e-16 9.02273e-17 1
6033.94 9.47757e-16 9.02273e-17 1
6035.41 9.18451e-16 9.02273e-17 1
6036.88 9.63465e-16 9.02273e-17 1
6038.35 1.01449e-15 9.02273e-17 1
6039.83 9.74826e-16 9.02273e-17 1
6041.3 9.20726e-16 9.02273e-17 1
6042.77 9.40933e-16 9.02273e-17 1
6044.24 1.00566e-15 9.02273e-17 1
6045.71 9.72238e-16 9.02273e-17 1
6047.18 9.38148e-16 9.02273e-17 1
6048.65 9.75249e-16 9.02273e-17 1
6050.12 7.60895e-16 9.02273e-17 1
6051.59 3.55479e-16 9.02273e-17 1
6053.06 7.07294e-16 9.02273e-17 1
6054.54 8.76645e-16 9.02273e-17 1
6056.01 8.56222e-16 9.02273e-17 1
6057.48 8.78259e-16 9.02273e-17 1
6058.95 8.90647e-16 9.02273e-17 1
6060.42 8.81883e-16 9.02273e-17 1
6061.89 9.13101e-16 9.02273e-17 1
6063.36 9.10865e-16 9.02273e-17 1
6064.83 8.52374e-16 9.02273e-17 1
6066.3 8.24219e-16 9.02273e-17 1
6067.77 8.70257e-16 9.02273e-17 1
6069.25 9.18581e-16 9.02273e-17 1
6070.72 8.97931e-16 2.94126e-17 1
6072.19 8.64128e-16 2.94126e-17 1
6073.66 8.64309e-16 2.94126e-17 1
6075.13 8.89934e-16 2.94126e-17 1
6076.6 8.8852e-16 2.94126e-17 1
6078.07 8.65452e-16 2.94126e-17 1
6079.54 8.5928e-16 2.94126e-17 1
6081.01 8.38725e-16 2.94126e-17 1
6082.49 8.809e-16 2.94126e-17 1
6083.96 8.88122e-16 2.94126e-17 1
6085.43 8.61445e-16 2.94126e-17 1
6086.9 8.34216e-16 2.94126e-17 1
6088.37 8.36678e-16 2.94126e-17 1
6089.84 8.40307e-16 2.94126e-17 1
6091.31 7.88756e-16 2.94126e-17 1
6092.78 8.30283e-16 2.94126e-17 1
6094.25 8.61627e-16 2.94126e-17 1
6095.72 8.79935e-16 2.94126e-17 1
6097.2 8.40278e-16 2.94126e-17 1
6098.67 8.81909e-16 2.94126e-17 1
6100.14 8.73669e-16 2.94126e-17 1
6101.61 8.27007e-16 2.94126e-17 1
6103.08 8.22696e-16 2.94126e-17 1
6104.55 8.40797e-16 2.94126e-17 1
6106.02 8.47696e-16 2.94126e-17 1
6107.49 8.3504e-16 2.94126e-17 1
6108.96 8.73472e-16 2.94126e-17 1
6110.43 8.80875e-16 2.94126e-17 1
6111.91 8.74913e-16 2.94126e-17 1
6113.38 8.84814e-16 2.94126e-17 1
6114.85 8.81101e-16 2.94126e-17 1
6116.32 9.04921e-16 2.94126e-17 1
6117.79 9.2299e-16 2.94126e-17 1
6119.26 9.57154e-16 2.94126e-17 1
6120.73 9.05068e-16 2.94126e-17 1
6122.2 8.6969e-16 2.94126e-17 1
6123.67 8.24948e-16 2.94126e-17 1
6125.14 8.21749e-16 2.94126e-17 1
6126.62 8.76378e-16 2.94126e-17 1
6128.09 8.94626e-16 2.94126e-17 1
6129.56 9.01579e-16 2.94126e-17 1
6131.03 8.84458e-16 2.94126e-17 1
6132.5 8.35512e-16 2.94126e-17 1
6133.97 8.27398e-16 2.94126e-17 1
6135.44 8.43731e-16 2.94126e-17 1
6136.91 8.43199e-16 2.94126e-17 1
6138.38 8.64988e-16 2.94126e-17 1
6139.86 9.0344e-16 2.94126e-17 1
6141.33 8.37212e-16 2.94126e-17 1
6142.8 8.37574e-16 2.94126e-17 1
6144.27 8.91422e-16 2.94126e-17 1
6145.74 8.5325e-16 2.94126e-17 1
6147.21 8.07871e-16 2.94126e-17 1
6148.68 7.85234e-16 2.94126e-17 1
6150.15 8.0105e-16 2.94126e-17 1
6151.62 8.07939e-16 2.94126e-17 1
6153.09 8.16108e-16 2.94126e-17 1
6154.57 7.8319e-16 2.94126e-17 1
6156.04 7.69115e-16 2.94126e-17 1
6157.51 7.79342e-16 2.94126e-17 1
6158.98 8.02836e-16 2.94126e-17 1
6160.45 8.06163e-16 2.94126e-17 1
6161.92 7.81006e-16 2.94126e-17 1
6163.39 7.72729e-16 2.94126e-17 1
6164.86 7.58912e-16 2.94126e-17 1
6166.33 7.82564e-16 2.94126e-17 1
6167.8 7.9078e-16 2.94126e-17 1
6169.28 7.63551e-16 2.94126e-17 1
6170.75 7.49929e-16 2.58936e-17 1
6172.22 7.40255e-16 2.58936e-17 1
6173.69 6.99709e-16 2.58936e-17 1
6175.16 7.34061e-16 2.58936e-17 1
6176.63 7.27943e-16 2.58936e-17 1
6178.1 7.06327e-16 2.58936e-17 1
6179.57 6.79617e-16 2.58936e-17 1
6181.04 6.71543e-16 2.58936e-17 1
6182.51 6.34572e-16 2.58936e-17 1
6183.99 6.70715e-16 2.58936e-17 1
6185.46 6.62326e-16 2.58936e-17 1
6186.93 6.38741e-16 2.58936e-17 1
6188.4 6.499e-16 2.58936e-17 1
6189.87 6.17631e-16 2.58936e-17 1
6191.34 6.29001e-16 2.58936e-17 1
6192.81 6.31195e-16 2.58936e-17 1
6194.28 6.32208e-16 2.58936e-17 1
6195.75 6.13369e-16 2.58936e-17 1
6197.23 5.65339e-16 2.58936e-17 1
6198.7 5.80746e-16 2.58936e-17 1
6200.17 5.98199e-16 2.58936e-17 1
6201.64 5.84007e-16 2.58936e-17 1
6203.11 5.85731e-16 2.58936e-17 1
6204.58 5.47103e-16 2.58936e-17 1
6206.05 5.14008e-16 2.58936e-17 1
6207.52 5.03735e-16 2.58936e-17 1
6208.99 5.54257e-16 2.58936e-17 1
6210.46 5.93223e-16 2.58936e-17 1
6211.94 5.50099e-16 2.58936e-17 1
6213.41 5.29002e-16 2.58936e-17 1
6214.88 5.44137e-16 2.58936e-17 1
6216.35 5.38902e-16 2.58936e-17 1
6217.82 5.63854e-16 2.58936e-17 1
6219.29 6.00028e-16 2.58936e-17 1
6220.76 5.54353e-16 2.58936e-17 1
6222.23 5.05474e-16 2.58936e-17 1
6223.7 5.35149e-16 2.58936e-17 1
6225.17 5.4623e-16 2.58936e-17 1
6226.65 5.07788e-16 2.58936e-17 1
6228.12 5.11901e-16 2.58936e-17 1
6229.59 5.18863e-16 2.58936e-17 1
6231.06 5.03635e-16 2.58936e-17 1
6232.53 5.37845e-16 2.58936e-17 1
6234 5.24944e-16 2.58936e-17 1
6235.47 5.12322e-16 2.58936e-17 1
6236.94 4.51938e-16 2.58936e-17 1
6238.41 4.46592e-16 2.58936e-17 1
6239.89 4.82298e-16 2.58936e-17 1
6241.36 4.95672e-16 2.58936e-17 1
6242.83 4.66744e-16 2.58936e-17 1
6244.3 4.43511e-16 2.58936e-17 1
6245.77 4.58551e-16 2.58936e-17 1
6247.24 4.68059e-16 2.58936e-17 1
6248.71 4.78296e-16 2.58936e-17 1
6250.18 5.03025e-16 2.58936e-17 1
6251.65 4.6042e-16 2.58936e-17 1
6253.12 4.86705e-16 2.58936e-17 1
6254.6 5.20002e-16 2.58936e-17 1
6256.07 4.54014e-16 2.58936e-17 1
6257.54 4.61036e-16 2.58936e-17 1
6259.01 5.09188e-16 2.58936e-17 1
6260.48 5.02852e-16 2.58936e-17 1
6261.95 4.71325e-16 2.58936e-17 1
6263.42 4.52737e-16 2.58936e-17 1
6264.89 4.99185e-16 2.58936e-17 1
6266.36 5.49211e-16 2.58936e-17 1
6267.83 4.68622e-16 2.58936e-17 1
6269.31 4.64286e-16 2.58936e-17 1
6270.78 5.25755e-16 2.99931e-17 1
6272.25 4.95403e-16 2.99931e-17 1
6273.72 4.99469e-16 2.99931e-17 1
6275.19 5.08341e-16 2.99931e-17 1
6276.66 4.57963e-16 2.99931e-17 1
6278.13 4.68006e-16 2.99931e-17 1
6279.6 4.76281e-16 2.99931e-17 1
6281.07 4.60266e-16 2.99931e-17 1
6282.54 4.66648e-16 2.99931e-17 1
6284.02 5.02496e-16 2.99931e-17 1
6285.49 4.88275e-16 2.99931e-17 1
6286.96 4.9716e-16 2.99931e-17 1
6288.43 5.10731e-16 2.99931e-17 1
6289.9 5.65739e-16 2.99931e-17 1
6291.37 5.66473e-16 2.99931e-17 1
6292.84 5.4169e-16 2.99931e-17 1
6294.31 5.3887e-16 2.99931e-17 1
6295.78 5.30918e-16 2.99931e-17 1
6297.26 4.92516e-16 2.99931e-17 1
6298.73 5.37096e-16 2.99931e-17 1
6300.2 5.78296e-16 2.99931e-17 1
6301.67 5.94343e-16 2.99931e-17 1
6303.14 5.44418e-16 2.99931e-17 1
6304.61 5.88033e-16 2.99931e-17 1
6306.08 6.03643e-16 2.99931e-17 1
6307.55 6.0755e-16 2.99931e-17 1
6309.02 6.2184e-16 2.99931e-17 1
6310.49 6.25832e-16 2.99931e-17 1
6311.97 6.20423e-16 2.99931e-17 1
6313.44 6.27698e-16 2.99931e-17 1
6314.91 5.82766e-16 2.99931e-17 1
6316.38 5.80939e-16 2.99931e-17 1
6317.85 6.18353e-16 2.99931e-17 1
6319.32 6.28866e-16 2.99931e-17 1
6320.79 6.30753e-16 2.99931e-17 1
6322.26 6.58732e-16 2.99931e-17 1
6323.73 6.74168e-16 2.99931e-17 1
6325.2 7.08506e-16 2.99931e-17 1
6326.68 7.09872e-16 2.99931e-17 1
6328.15 7.03378e-16 2.99931e-17 1
6329.62 7.12112e-16 2.99931e-17 1
6331.09 6.99591e-16 2.99931e-17 1
6332.56 7.30827e-16 2.99931e-17 1
6334.03 7.22266e-16 2.99931e-17 1
6335.5 7.04495e-16 2.99931e-17 1
6336.97 6.81926e-16 2.99931e-17 1
6338.44 6.61943e-16 2.99931e-17 1
6339.91 6.92104e-16 2.99931e-17 1
6341.39 7.19099e-16 2.99931e-17 1
6342.86 6.53071e-16 2.99931e-17 1
6344.33 7.05942e-16 2.99931e-17 1
6345.8 7.78728e-16 2.99931e-17 1
6347.27 7.46002e-16 2.99931e-17 1
6348.74 6.93244e-16 2.99931e-17 1
6350.21 7.24533e-16 2.99931e-17 1
6351.68 7.54927e-16 2.99931e-17 1
6353.15 7.70588e-16 2.99931e-17 1
6354.63 7.45609e-16 2.99931e-17 1
6356.1 7.3336e-16 2.99931e-17 1
6357.57 7.20226e-16 2.99931e-17 1
6359.04 7.29251e-16 2.99931e-17 1
6360.51 7.31881e-16 2.99931e-17 1
6361.98 7.64366e-16 2.99931e-17 1
6363.45 8.10684e-16 2.99931e-17 1
6364.92 8.22225e-16 2.99931e-17 1
6366.39 8.23205e-16 2.99931e-17 1
6367.86 7.72255e-16 2.99931e-17 1
6369.34 7.92983e-16 2.99931e-17 1
6370.81 8.04455e-16 2.19931e-17 1
6372.28 7.93465e-16 2.19931e-17 1
6373.75 7.46918e-16 2.19931e-17 1
6375.22 7.78604e-16 2.19931e-17 1
6376.69 8.13197e-16 2.19931e-17 1
6378.16 7.85628e-16 2.19931e-17 1
6379.63 7.59537e-16 2.19931e-17 1
6381.1 7.45463e-16 2.19931e-17 1
6382.57 7.49698e-16 2.19931e-17 1
6384.05 7.36382e-16 2.19931e-17 1
6385.52 7.51398e-16 2.19931e-17 1
6386.99 7.71465e-16 2.19931e-17 1
6388.46 7.82131e-16 2.19931e-17 1
6389.93 7.80995e-16 2.19931e-17 1
6391.4 7.62944e-16 2.19931e-17 1
6392.87 7.92946e-16 2.19931e-17 1
6394.34 7.98059e-16 2.19931e-17 1
6395.81 8.04946e-16 2.19931e-17 1
6397.28 7.89357e-16 2.19931e-17 1
6398.76 7.70837e-16 2.19931e-17 1
6400.23 7.70283e-16 2.19931e-17 1
6401.7 7.36742e-16 2.19931e-17 1
6403.17 7.70942e-16 2.19931e-17 1
6404.64 7.78735e-16 2.19931e-17 1
6406.11 7.5843e-16 2.19931e-17 1
6407.58 7.30682e-16 2.19931e-17 1
6409.05 7.51343e-16 2.19931e-17 1
6410.52 7.3461e-16 2.19931e-17 1
6412 7.56486e-16 2.19931e-17 1
6413.47 7.8167e-16 2.19931e-17 1
6414.94 7.84953e-16 2.19931e-17 1
6416.41 7.6648e-16 2.19931e-17 1
6417.88 7.62074e-16 2.19931e-17 1
6419.35 7.74484e-16 2.19931e-17 1
6420.82 7.59029e-16 2.19931e-17 1
6422.29 7.62455e-16 2.19931e-17 1
6423.76 7.15522e-16 2.19931e-17 1
6425.23 7.02426e-16 2.19931e-17 1
6426.71 7.64706e-16 2.19931e-17 1
6428.18 7.64174e-16 2.19931e-17 1
6429.65 7.12085e-16 2.19931e-17 1
6431.12 7.38744e-16 2.19931e-17 1
6432.59 7.54116e-16 2.19931e-17 1
6434.06 7.7843e-16 2.19931e-17 1
6435.53 7.68577e-16 2.19931e-17 1
6437 7.72704e-16 2.19931e-17 1
6438.47 7.26544e-16 2.19931e-17 1
6439.94 7.08117e-16 2.19931e-17 1
6441.42 7.16866e-16 2.19931e-17 1
6442.89 7.2911e-16 2.19931e-17 1
6444.36 7.62436e-16 2.19931e-17 1
6445.83 7.43673e-16 2.19931e-17 1
6447.3 7.25599e-16 2.19931e-17 1
6448.77 6.99068e-16 2.19931e-17 1
6450.24 7.20086e-16 2.19931e-17 1
6451.71 7.4485e-16 2.19931e-17 1
6453.18 7.55465e-16 2.19931e-17 1
6454.66 7.24249e-16 2.19931e-17 1
6456.13 7.06008e-16 2.19931e-17 1
6457.6 7.10445e-16 2.19931e-17 1
6459.07 7.58429e-16 2.19931e-17 1
6460.54 7.51411e-16 2.19931e-17 1
6462.01 7.44654e-16 2.19931e-17 1
6463.48 7.23687e-16 2.19931e-17 1
6464.95 7.74981e-16 2.19931e-17 1
6466.42 7.49444e-16 2.19931e-17 1
6467.89 7.38042e-16 2.19931e-17 1
6469.37 7.41086e-16 2.19931e-17 1
6470.84 7.01628e-16 3.1893e-17 1
6472.31 7.05758e-16 3.1893e-17 1
6473.78 7.2818e-16 3.1893e-17 1
6475.25 7.63115e-16 3.1893e-17 1
6476.72 7.66694e-16 3.1893e-17 1
6478.19 7.26957e-16 3.1893e-17 1
6479.66 6.8347e-16 3.1893e-17 1
6481.13 6.98287e-16 3.1893e-17 1
6482.6 7.41472e-16 3.1893e-17 1
6484.08 7.60324e-16 3.1893e-17 1
6485.55 7.63248e-16 3.1893e-17 1
6487.02 7.2216e-16 3.1893e-17 1
6488.49 7.47425e-16 3.1893e-17 1
6489.96 7.61849e-16 3.1893e-17 1
6491.43 7.52633e-16 3.1893e-17 1
6492.9 7.4369e-16 3.1893e-17 1
6494.37 7.72136e-16 3.1893e-17 1
6495.84 7.95237e-16 3.1893e-17 1
6497.31 7.82241e-16 3.1893e-17 1
6498.79 7.28004e-16 3.1893e-17 1
6500.26 7.58621e-16 3.1893e-17 1
6501.73 7.83256e-16 3.1893e-17 1
6503.2 7.91662e-16 3.1893e-17 1
6504.67 7.90372e-16 3.1893e-17 1
6506.14 7.47256e-16 3.1893e-17 1
6507.61 7.53683e-16 3.1893e-17 1
6509.08 7.38307e-16 3.1893e-17 1
6510.55 7.13103e-16 3.1893e-17 1
6512.03 7.02481e-16 3.1893e-17 1
6513.5 6.9162e-16 3.1893e-17 1
6514.97 6.65934e-16 3.1893e-17 1
6516.44 6.73322e-16 3.1893e-17 1
6517.91 7.20058e-16 3.1893e-17 1
6519.38 7.58493e-16 3.1893e-17 1
6520.85 7.41648e-16 3.1893e-17 1
6522.32 7.85517e-16 3.1893e-17 1
6523.79 8.05159e-16 3.1893e-17 1
6525.26 7.58259e-16 3.1893e-17 1
6526.74 7.43676e-16 3.1893e-17 1
6528.21 7.51047e-16 3.1893e-17 1
6529.68 7.87825e-16 3.1893e-17 1
6531.15 8.01251e-16 3.1893e-17 1
6532.62 7.79838e-16 3.1893e-17 1
6534.09 7.66679e-16 3.1893e-17 1
6535.56 7.2575e-16 3.1893e-17 1
6537.03 7.85054e-16 3.1893e-17 1
6538.5 7.66076e-16 3.1893e-17 1
6539.97 6.92284e-16 3.1893e-17 1
6541.45 7.01284e-16 3.1893e-17 1
6542.92 7.42186e-16 3.1893e-17 1
6544.39 7.50979e-16 3.1893e-17 1
6545.86 7.3215e-16 3.1893e-17 1
6547.33 7.27676e-16 3.1893e-17 1
6548.8 7.21345e-16 3.1893e-17 1
6550.27 7.59195e-16 3.1893e-17 1
6551.74 7.39231e-16 3.1893e-17 1
6553.21 7.60942e-16 3.1893e-17 1
6554.68 7.63299e-16 3.1893e-17 1
6556.16 7.0304e-16 3.1893e-17 1
6557.63 7.19243e-16 3.1893e-17 1
6559.1 7.72765e-16 3.1893e-17 1
6560.57 7.78586e-16 3.1893e-17 1
6562.04 7.50269e-16 3.1893e-17 1
6563.51 7.54419e-16 3.1893e-17 1
6564.98 7.36448e-16 3.1893e-17 1
6566.45 7.66045e-16 3.1893e-17 1
6567.92 7.67019e-16 3.1893e-17 1
6569.4 7.69962e-16 3.1893e-17 1
6570.87 7.81972e-16 2.94854e-17 1
6572.34 7.61784e-16 2.94854e-17 1
6573.81 7.41779e-16 2.94854e-17 1
6575.28 7.54057e-16 2.94854e-17 1
6576.75 6.98469e-16 2.94854e-17 1
6578.22 7.12868e-16 2.94854e-17 1
6579.69 7.42356e-16 2.94854e-17 1
6581.16 7.77819e-16 2.94854e-17 1
6582.63 7.29448e-16 2.94854e-17 1
6584.11 7.1711e-16 2.94854e-17 1
6585.58 7.61466e-16 2.94854e-17 1
6587.05 7.57729e-16 2.94854e-17 1
6588.52 7.27971e-16 2.94854e-17 1
6589.99 7.60397e-16 2.94854e-17 1
6591.46 7.51744e-16 2.94854e-17 1
6592.93 7.32319e-16 2.94854e-17 1
6594.4 7.0707e-16 2.94854e-17 1
6595.87 6.95098e-16 2.94854e-17 1
6597.34 7.32978e-16 2.94854e-17 1
6598.82 7.03789e-16 2.94854e-17 1
6600.29 7.19278e-16 2.94854e-17 1
6601.76 7.10834e-16 2.94854e-17 1
6603.23 7.04646e-16 2.94854e-17 1
6604.7 7.15315e-16 2.94854e-17 1
6606.17 7.07815e-16 2.94854e-17 1
6607.64 6.85512e-16 2.94854e-17 1
6609.11 6.99334e-16 2.94854e-17 1
6610.58 6.41248e-16 2.94854e-17 1
6612.05 6.80819e-16 2.94854e-17 1
6613.53 6.65894e-16 2.94854e-17 1
6615 6.72493e-16 2.94854e-17 1
6616.47 7.10109e-16 2.94854e-17 1
6617.94 6.88801e-16 2.94854e-17 1
6619.41 6.83319e-16 2.94854e-17 1
6620.88 6.86009e-16 2.94854e-17 1
6622.35 6.94494e-16 2.94854e-17 1
6623.82 6.81086e-16 2.94854e-17 1
6625.29 6.59485e-16 2.94854e-17 1
6626.77 6.66671e-16 2.94854e-17 1
6628.24 6.34165e-16 2.94854e-17 1
6629.71 6.87047e-16 2.94854e-17 1
6631.18 6.62379e-16 2.94854e-17 1
6632.65 6.56514e-16 2.94854e-17 1
6634.12 6.77688e-16 2.94854e-17 1
6635.59 6.89301e-16 2.94854e-17 1
6637.06 6.77732e-16 2.94854e-17 1
6638.53 6.24156e-16 2.94854e-17 1
6640 6.80179e-16 2.94854e-17 1
6641.48 6.79479e-16 2.94854e-17 1
6642.95 6.80963e-16 2.94854e-17 1
6644.42 7.1025e-16 2.94854e-17 1
6645.89 6.75604e-16 2.94854e-17 1
6647.36 6.94822e-16 2.94854e-17 1
6648.83 7.05826e-16 2.94854e-17 1
6650.3 6.80279e-16 2.94854e-17 1
6651.77 6.80713e-16 2.94854e-17 1
6653.24 6.95999e-16 2.94854e-17 1
6654.71 6.74114e-16 2.94854e-17 1
6656.19 6.80773e-16 2.94854e-17 1
6657.66 6.66205e-16 2.94854e-17 1
6659.13 6.21608e-16 2.94854e-17 1
6660.6 6.51886e-16 2.94854e-17 1
6662.07 6.84199e-16 2.94854e-17 1
6663.54 6.38898e-16 2.94854e-17 1
6665.01 6.60434e-16 2.94854e-17 1
6666.48 7.49871e-16 2.94854e-17 1
6667.95 7.94379e-16 2.94854e-17 1
6669.43 7.0352e-16 2.94854e-17 1
6670.9 6.31011e-16 2.71408e-17 1
6672.37 6.38983e-16 2.71408e-17 1
6673.84 6.51439e-16 2.71408e-17 1
6675.31 6.49925e-16 2.71408e-17 1
6676.78 6.5939e-16 2.71408e-17 1
6678.25 6.71371e-16 2.71408e-17 1
6679.72 6.92028e-16 2.71408e-17 1
6681.19 6.23619e-16 2.71408e-17 1
6682.66 6.25184e-16 2.71408e-17 1
6684.14 6.72897e-16 2.71408e-17 1
6685.61 7.4129e-16 2.71408e-17 1
6687.08 7.14311e-16 2.71408e-17 1
6688.55 7.14006e-16 2.71408e-17 1
6690.02 6.9548e-16 2.71408e-17 1
6691.49 6.4489e-16 2.71408e-17 1
6692.96 6.17332e-16 2.71408e-17 1
6694.43 6.14766e-16 2.71408e-17 1
6695.9 6.22556e-16 2.71408e-17 1
6697.37 6.39296e-16 2.71408e-17 1
6698.85 6.35288e-16 2.71408e-17 1
6700.32 6.35464e-16 2.71408e-17 1
6701.79 6.6268e-16 2.71408e-17 1
6703.26 6.26481e-16 2.71408e-17 1
6704.73 6.06942e-16 2.71408e-17 1
6706.2 6.1903e-16 2.71408e-17 1
6707.67 6.58037e-16 2.71408e-17 1
6709.14 6.13221e-16 2.71408e-17 1
6710.61 6.2849e-16 2.71408e-17 1
6712.08 6.53201e-16 2.71408e-17 1
6713.56 6.29267e-16 2.71408e-17 1
6715.03 6.29074e-16 2.71408e-17 1
6716.5 6.45369e-16 2.71408e-17 1
6717.97 6.2729e-16 2.71408e-17 1
6719.44 6.31053e-16 2.71408e-17 1
6720.91 6.31225e-16 2.71408e-17 1
6722.38 6.20709e-16 2.71408e-17 1
6723.85 6.18084e-16 2.71408e-17 1
6725.32 6.1743e-16 2.71408e-17 1
6726.8 6.21411e-16 2.71408e-17 1
6728.27 6.5137e-16 2.71408e-17 1
6729.74 6.59066e-16 2.71408e-17 1
6731.21 5.91202e-16 2.71408e-17 1
6732.68 5.87506e-16 2.71408e-17 1
6734.15 5.86594e-16 2.71408e-17 1
6735.62 6.06212e-16 2.71408e-17 1
6737.09 6.03328e-16 2.71408e-17 1
6738.56 5.99543e-16 2.71408e-17 1
6740.03 6.37954e-16 2.71408e-17 1
6741.51 5.74908e-16 2.71408e-17 1
6742.98 5.67933e-16 2.71408e-17 1
6744.45 6.02231e-16 2.71408e-17 1
6745.92 6.12803e-16 2.71408e-17 1
6747.39 5.80328e-16 2.71408e-17 1
6748.86 5.80409e-16 2.71408e-17 1
6750.33 5.68943e-16 2.71408e-17 1
6751.8 6.27742e-16 2.71408e-17 1
6753.27 6.47313e-16 2.71408e-17 1
6754.74 6.32493e-16 2.71408e-17 1
6756.22 5.6519e-16 2.71408e-17 1
6757.69 6.05971e-16 2.71408e-17 1
6759.16 6.09884e-16 2.71408e-17 1
6760.63 5.59032e-16 2.71408e-17 1
6762.1 5.44477e-16 2.71408e-17 1
6763.57 5.70178e-16 2.71408e-17 1
6765.04 5.8146e-16 2.71408e-17 1
6766.51 5.89132e-16 2.71408e-17 1
6767.98 5.65623e-16 2.71408e-17 1
6769.45 6.02337e-16 2.71408e-17 1
6770.93 6.10555e-16 3.23723e-17 1
6772.4 5.66608e-16 3.23723e-17 1
6773.87 5.57806e-16 3.23723e-17 1
6775.34 5.77479e-16 3.23723e-17 1
6776.81 5.66622e-16 3.23723e-17 1
6778.28 5.67752e-16 3.23723e-17 1
6779.75 5.64663e-16 3.23723e-17 1
6781.22 5.49326e-16 3.23723e-17 1
6782.69 5.53426e-16 3.23723e-17 1
6784.17 5.51337e-16 3.23723e-17 1
6785.64 5.59504e-16 3.23723e-17 1
6787.11 5.74388e-16 3.23723e-17 1
6788.58 6.08329e-16 3.23723e-17 1
6790.05 5.54237e-16 3.23723e-17 1
6791.52 5.56158e-16 3.23723e-17 1
6792.99 5.79483e-16 3.23723e-17 1
6794.46 5.55035e-16 3.23723e-17 1
6795.93 5.59143e-16 3.23723e-17 1
6797.4 5.45465e-16 3.23723e-17 1
6798.88 5.44149e-16 3.23723e-17 1
6800.35 5.49389e-16 3.23723e-17 1
6801.82 5.82196e-16 3.23723e-17 1
6803.29 5.58958e-16 3.23723e-17 1
6804.76 5.06e-16 3.23723e-17 1
6806.23 5.40545e-16 3.23723e-17 1
6807.7 5.49197e-16 3.23723e-17 1
6809.17 5.63863e-16 3.23723e-17 1
6810.64 5.57662e-16 3.23723e-17 1
6812.11 5.87643e-16 3.23723e-17 1
6813.59 5.30094e-16 3.23723e-17 1
6815.06 5.11752e-16 3.23723e-17 1
6816.53 5.24591e-16 3.23723e-17 1
6818 5.15191e-16 3.23723e-17 1
6819.47 5.70023e-16 3.23723e-17 1
6820.94 5.30901e-16 3.23723e-17 1
6822.41 5.36025e-16 3.23723e-17 1
6823.88 5.6623e-16 3.23723e-17 1
6825.35 5.61777e-16 3.23723e-17 1
6826.83 4.9229e-16 3.23723e-17 1
6828.3 4.49449e-16 3.23723e-17 1
6829.77 5.19487e-16 3.23723e-17 1
6831.24 5.48349e-16 3.23723e-17 1
6832.71 5.29248e-16 3.23723e-17 1
6834.18 5.26063e-16 3.23723e-17 1
6835.65 5.27605e-16 3.23723e-17 1
6837.12 5.2672e-16 3.23723e-17 1
6838.59 5.2668e-16 3.23723e-17 1
6840.06 4.84927e-16 3.23723e-17 1
6841.54 4.97697e-16 3.23723e-17 1
6843.01 5.10349e-16 3.23723e-17 1
6844.48 4.79469e-16 3.23723e-17 1
6845.95 4.62555e-16 3.23723e-17 1
6847.42 4.87401e-16 3.23723e-17 1
6848.89 5.02566e-16 3.23723e-17 1
6850.36 5.07589e-16 3.23723e-17 1
6851.83 5.10468e-16 3.23723e-17 1
6853.3 4.99887e-16 3.23723e-17 1
6854.77 5.2573e-16 3.23723e-17 1
6856.25 4.96195e-16 3.23723e-17 1
6857.72 4.88565e-16 3.23723e-17 1
6859.19 4.90839e-16 3.23723e-17 1
6860.66 5.20711e-16 3.23723e-17 1
6862.13 5.19627e-16 3.23723e-17 1
6863.6 4.99614e-16 3.23723e-17 1
6865.07 4.26308e-16 3.23723e-17 1
6866.54 3.93473e-16 3.23723e-17 1
6868.01 3.83101e-16 3.23723e-17 1
6869.48 3.48581e-16 3.23723e-17 1
6870.96 3.45565e-16 2.8703e-17 1
6872.43 3.63826e-16 2.8703e-17 1
6873.9 3.98686e-16 2.8703e-17 1
6875.37 3.74009e-16 2.8703e-17 1
6876.84 4.06854e-16 2.8703e-17 1
6878.31 4.32776e-16 2.8703e-17 1
6879.78 4.82438e-16 2.8703e-17 1
6881.25 5.0028e-16 2.8703e-17 1
6882.72 4.55284e-16 2.8703e-17 1
6884.2 4.32263e-16 2.8703e-17 1
6885.67 4.31707e-16 2.8703e-17 1
6887.14 4.45681e-16 2.8703e-17 1
6888.61 4.55639e-16 2.8703e-17 1
6890.08 4.44373e-16 2.8703e-17 1
6891.55 4.51644e-16 2.8703e-17 1
6893.02 4.58563e-16 2.8703e-17 1
6894.49 4.61804e-16 2.8703e-17 1
6895.96 4.75163e-16 2.8703e-17 1
6897.43 4.53396e-16 2.8703e-17 1
6898.91 4.62522e-16 2.8703e-17 1
6900.38 4.54188e-16 2.8703e-17 1
6901.85 4.50967e-16 2.8703e-17 1
6903.32 4.67817e-16 2.8703e-17 1
6904.79 4.74793e-16 2.8703e-17 1
6906.26 4.68768e-16 2.8703e-17 1
6907.73 4.86593e-16 2.8703e-17 1
6909.2 4.73851e-16 2.8703e-17 1
6910.67 4.87865e-16 2.8703e-17 1
6912.14 5.3469e-16 2.8703e-17 1
6913.62 5.02676e-16 2.8703e-17 1
6915.09 4.96279e-16 2.8703e-17 1
6916.56 4.43371e-16 2.8703e-17 1
6918.03 4.61107e-16 2.8703e-17 1
6919.5 5.27112e-16 2.8703e-17 1
6920.97 5.12139e-16 2.8703e-17 1
6922.44 4.61857e-16 2.8703e-17 1
6923.91 4.7805e-16 2.8703e-17 1
6925.38 5.00546e-16 2.8703e-17 1
6926.85 4.85083e-16 2.8703e-17 1
6928.33 4.64074e-16 2.8703e-17 1
6929.8 5.00449e-16 2.8703e-17 1
6931.27 5.06116e-16 2.8703e-17 1
6932.74 4.93622e-16 2.8703e-17 1
6934.21 4.65961e-16 2.8703e-17 1
6935.68 5.07709e-16 2.8703e-17 1
6937.15 5.17661e-16 2.8703e-17 1
6938.62 4.87069e-16 2.8703e-17 1
6940.09 4.94508e-16 2.8703e-17 1
6941.57 5.05195e-16 2.8703e-17 1
6943.04 5.0564e-16 2.8703e-17 1
6944.51 5.17109e-16 2.8703e-17 1
6945.98 4.96277e-16 2.8703e-17 1
6947.45 4.75158e-16 2.8703e-17 1
6948.92 4.77826e-16 2.8703e-17 1
6950.39 5.28823e-16 2.8703e-17 1
6951.86 5.37443e-16 2.8703e-17 1
6953.33 4.86636e-16 2.8703e-17 1
6954.8 4.69696e-16 2.8703e-17 1
6956.28 4.46824e-16 2.8703e-17 1
6957.75 4.72107e-16 2.8703e-17 1
6959.22 4.98959e-16 2.8703e-17 1
6960.69 4.72347e-16 2.8703e-17 1
6962.16 4.49728e-16 2.8703e-17 1
6963.63 5.05716e-16 2.8703e-17 1
6965.1 5.30083e-16 2.8703e-17 1
6966.57 5.0183e-16 2.8703e-17 1
6968.04 4.87179e-16 2.8703e-17 1
6969.51 4.66289e-16 2.8703e-17 1
6970.99 4.93865e-16 1.90451e-17 1
6972.46 5.05533e-16 1.90451e-17 1
6973.93 4.78596e-16 1.90451e-17 1
6975.4 5.12036e-16 1.90451e-17 1
6976.87 5.13062e-16 1.90451e-17 1
6978.34 4.72289e-16 1.90451e-17 1
6979.81 4.81924e-16 1.90451e-17 1
6981.28 4.92742e-16 1.90451e-17 1
6982.75 4.78664e-16 1.90451e-17 1
6984.22 4.70372e-16 1.90451e-17 1
6985.7 4.81219e-16 1.90451e-17 1
6987.17 4.73521e-16 1.90451e-17 1
6988.64 4.50197e-16 1.90451e-17 1
6990.11 4.70998e-16 1.90451e-17 1
6991.58 4.66439e-16 1.90451e-17 1
6993.05 4.6091e-16 1.90451e-17 1
6994.52 4.52785e-16 1.90451e-17 1
6995.99 4.61876e-16 1.90451e-17 1
6997.46 4.37503e-16 1.90451e-17 1
6998.94 4.45802e-16 1.90451e-17 1
7000.41 4.3082e-16 1.90451e-17 1
7001.88 4.35293e-16 1.90451e-17 1
7003.35 4.33497e-16 1.90451e-17 1
7004.82 4.22269e-16 1.90451e-17 1
7006.29 4.28462e-16 1.90451e-17 1
7007.76 4.39606e-16 1.90451e-17 1
7009.23 4.69435e-16 1.90451e-17 1
7010.7 4.77499e-16 1.90451e-17 1
7012.17 4.57371e-16 1.90451e-17 1
7013.65 4.56893e-16 1.90451e-17 1
7015.12 4.41015e-16 1.90451e-17 1
7016.59 4.43744e-16 1.90451e-17 1
7018.06 4.64539e-16 1.90451e-17 1
7019.53 4.5993e-16 1.90451e-17 1
7021 4.6321e-16 1.90451e-17 1
7022.47 4.5345e-16 1.90451e-17 1
7023.94 4.83476e-16 1.90451e-17 1
7025.41 4.53491e-16 1.90451e-17 1
7026.88 4.32954e-16 1.90451e-17 1
7028.36 4.53277e-16 1.90451e-17 1
7029.83 4.50775e-16 1.90451e-17 1
7031.3 4.84658e-16 1.90451e-17 1
7032.77 4.81199e-16 1.90451e-17 1
7034.24 4.66645e-16 1.90451e-17 1
7035.71 4.77128e-16 1.90451e-17 1
7037.18 4.42776e-16 1.90451e-17 1
7038.65 4.48509e-16 1.90451e-17 1
7040.12 4.6041e-16 1.90451e-17 1
7041.6 4.34701e-16 1.90451e-17 1
7043.07 4.30922e-16 1.90451e-17 1
7044.54 4.38528e-16 1.90451e-17 1
7046.01 4.40311e-16 1.90451e-17 1
7047.48 4.79498e-16 1.90451e-17 1
7048.95 4.59439e-16 1.90451e-17 1
7050.42 4.6801e-16 1.90451e-17 1
7051.89 4.79663e-16 1.90451e-17 1
7053.36 4.66966e-16 1.90451e-17 1
7054.83 4.55329e-16 1.90451e-17 1
7056.31 4.68555e-16 1.90451e-17 1
7057.78 4.37457e-16 1.90451e-17 1
7059.25 4.2883e-16 1.90451e-17 1
7060.72 4.39166e-16 1.90451e-17 1
7062.19 4.45419e-16 1.90451e-17 1
7063.66 4.50562e-16 1.90451e-17 1
7065.13 4.28117e-16 1.90451e-17 1
7066.6 4.00577e-16 1.90451e-17 1
7068.07 4.68954e-16 1.90451e-17 1
7069.54 4.56051e-16 1.90451e-17 1
7071.02 4.33555e-16 2.43366e-17 1
7072.49 4.64696e-16 2.43366e-17 1
7073.96 4.69312e-16 2.43366e-17 1
7075.43 4.29489e-16 2.43366e-17 1
7076.9 4.26623e-16 2.43366e-17 1
7078.37 4.33331e-16 2.43366e-17 1
7079.84 4.37918e-16 2.43366e-17 1
7081.31 4.11637e-16 2.43366e-17 1
7082.78 4.2549e-16 2.43366e-17 1
7084.25 4.60225e-16 2.43366e-17 1
7085.73 4.73476e-16 2.43366e-17 1
7087.2 4.41681e-16 2.43366e-17 1
7088.67 4.67246e-16 2.43366e-17 1
7090.14 4.65586e-16 2.43366e-17 1
7091.61 4.41528e-16 2.43366e-17 1
7093.08 4.67532e-16 2.43366e-17 1
7094.55 4.44247e-16 2.43366e-17 1
7096.02 4.10408e-16 2.43366e-17 1
7097.49 4.37084e-16 2.43366e-17 1
7098.97 4.52885e-16 2.43366e-17 1
7100.44 3.94847e-16 2.43366e-17 1
7101.91 4.09589e-16 2.43366e-17 1
7103.38 4.00324e-16 2.43366e-17 1
7104.85 4.10223e-16 2.43366e-17 1
7106.32 4.2925e-16 2.43366e-17 1
7107.79 4.24216e-16 2.43366e-17 1
7109.26 4.13487e-16 2.43366e-17 1
7110.73 4.24714e-16 2.43366e-17 1
7112.2 4.38642e-16 2.43366e-17 1
7113.68 4.67247e-16 2.43366e-17 1
7115.15 4.50522e-16 2.43366e-17 1
7116.62 4.26201e-16 2.43366e-17 1
7118.09 4.26298e-16 2.43366e-17 1
7119.56 4.45747e-16 2.43366e-17 1
7121.03 4.2945e-16 2.43366e-17 1
7122.5 4.09398e-16 2.43366e-17 1
7123.97 4.1991e-16 2.43366e-17 1
7125.44 3.98086e-16 2.43366e-17 1
7126.91 4.0347e-16 2.43366e-17 1
7128.39 4.50371e-16 2.43366e-17 1
7129.86 4.28554e-16 2.43366e-17 1
7131.33 4.30765e-16 2.43366e-17 1
7132.8 4.46612e-16 2.43366e-17 1
7134.27 4.31369e-16 2.43366e-17 1
7135.74 4.07165e-16 2.43366e-17 1
7137.21 4.2217e-16 2.43366e-17 1
7138.68 4.5195e-16 2.43366e-17 1
7140.15 4.35106e-16 2.43366e-17 1
7141.62 4.61305e-16 2.43366e-17 1
7143.1 4.80425e-16 2.43366e-17 1
7144.57 4.61094e-16 2.43366e-17 1
7146.04 4.23123e-16 2.43366e-17 1
7147.51 4.25812e-16 2.43366e-17 1
7148.98 4.12089e-16 2.43366e-17 1
7150.45 4.32213e-16 2.43366e-17 1
7151.92 4.05119e-16 2.43366e-17 1
7153.39 4.63198e-16 2.43366e-17 1
7154.86 4.63576e-16 2.43366e-17 1
7156.34 4.46369e-16 2.43366e-17 1
7157.81 4.1177e-16 2.43366e-17 1
7159.28 4.34547e-16 2.43366e-17 1
7160.75 4.60128e-16 2.43366e-17 1
7162.22 5.04201e-16 2.43366e-17 1
7163.69 4.81592e-16 2.43366e-17 1
7165.16 4.61207e-16 2.43366e-17 1
7166.63 4.28369e-16 2.43366e-17 1
7168.1 4.40102e-16 2.43366e-17 1
7169.57 4.28108e-16 2.43366e-17 1
7171.05 4.42135e-16 4.20347e-17 1
7172.52 4.41694e-16 4.20347e-17 1
7173.99 4.58532e-16 4.20347e-17 1
7175.46 4.74142e-16 4.20347e-17 1
7176.93 4.35449e-16 4.20347e-17 1
7178.4 4.88363e-16 4.20347e-17 1
7179.87 2.54362e-16 4.20347e-17 1
7181.34 1.86145e-16 4.20347e-17 1
7182.81 3.54119e-16 4.20347e-17 1
7184.28 4.14499e-16 4.20347e-17 1
7185.76 4.20837e-16 4.20347e-17 1
7187.23 4.05792e-16 4.20347e-17 1
7188.7 4.28425e-16 4.20347e-17 1
7190.17 4.44924e-16 4.20347e-17 1
7191.64 4.19332e-16 4.20347e-17 1
7193.11 3.86248e-16 4.20347e-17 1
7194.58 3.7209e-16 4.20347e-17 1
7196.05 3.89628e-16 4.20347e-17 1
7197.52 4.033e-16 4.20347e-17 1
7198.99 4.13919e-16 4.20347e-17 1
7200.47 3.70374e-16 4.20347e-17 1
7201.94 3.46641e-16 4.20347e-17 1
7203.41 3.85331e-16 4.20347e-17 1
7204.88 4.02676e-16 4.20347e-17 1
7206.35 4.16761e-16 4.20347e-17 1
7207.82 3.87433e-16 4.20347e-17 1
7209.29 3.89332e-16 4.20347e-17 1
7210.76 3.98763e-16 4.20347e-17 1
7212.23 3.97308e-16 4.20347e-17 1
7213.71 3.64649e-16 4.20347e-17 1
7215.18 3.62489e-16 4.20347e-17 1
7216.65 3.97863e-16 4.20347e-17 1
7218.12 3.89413e-16 4.20347e-17 1
7219.59 3.6763e-16 4.20347e-17 1
7221.06 3.69727e-16 4.20347e-17 1
7222.53 3.85245e-16 4.20347e-17 1
7224 3.8305e-16 4.20347e-17 1
7225.47 4.06268e-16 4.20347e-17 1
7226.94 4.09002e-16 4.20347e-17 1
7228.42 4.0402e-16 4.20347e-17 1
7229.89 3.88129e-16 4.20347e-17 1
7231.36 3.5599e-16 4.20347e-17 1
7232.83 3.2942e-16 4.20347e-17 1
7234.3 3.47894e-16 4.20347e-17 1
7235.77 4.00838e-16 4.20347e-17 1
7237.24 4.09569e-16 4.20347e-17 1
7238.71 4.32595e-16 4.20347e-17 1
7240.18 3.95792e-16 4.20347e-17 1
7241.65 3.77563e-16 4.20347e-17 1
7243.13 3.9107e-16 4.20347e-17 1
7244.6 3.89483e-16 4.20347e-17 1
7246.07 4.03361e-16 4.20347e-17 1
7247.54 3.78043e-16 4.20347e-17 1
7249.01 3.72579e-16 4.20347e-17 1
7250.48 3.83805e-16 4.20347e-17 1
7251.95 3.86199e-16 4.20347e-17 1
7253.42 3.94382e-16 4.20347e-17 1
7254.89 3.93152e-16 4.20347e-17 1
7256.37 3.56004e-16 4.20347e-17 1
7257.84 3.37197e-16 4.20347e-17 1
7259.31 3.69795e-16 4.20347e-17 1
7260.78 3.83278e-16 4.20347e-17 1
7262.25 3.94264e-16 4.20347e-17 1
7263.72 3.7706e-16 4.20347e-17 1
7265.19 3.58846e-16 4.20347e-17 1
7266.66 3.58121e-16 4.20347e-17 1
7268.13 3.93798e-16 4.20347e-17 1
7269.6 3.96382e-16 4.20347e-17 1
7271.08 3.88035e-16 1.9863e-17 1
7272.55 4.13929e-16 1.9863e-17 1
7274.02 4.42063e-16 1.9863e-17 1
7275.49 4.06608e-16 1.9863e-17 1
7276.96 3.70574e-16 1.9863e-17 1
7278.43 4.00856e-16 1.9863e-17 1
7279.9 3.89892e-16 1.9863e-17 1
7281.37 3.50629e-16 1.9863e-17 1
7282.84 3.63094e-16 1.9863e-17 1
7284.31 3.89754e-16 1.9863e-17 1
7285.79 3.9999e-16 1.9863e-17 1
7287.26 3.80851e-16 1.9863e-17 1
7288.73 3.46378e-16 1.9863e-17 1
7290.2 3.59966e-16 1.9863e-17 1
7291.67 3.743e-16 1.9863e-17 1
7293.14 3.61489e-16 1.9863e-17 1
7294.61 3.63154e-16 1.9863e-17 1
7296.08 3.66057e-16 1.9863e-17 1
7297.55 3.80969e-16 1.9863e-17 1
7299.02 3.71382e-16 1.9863e-17 1
7300.5 3.53265e-16 1.9863e-17 1
7301.97 3.8464e-16 1.9863e-17 1
7303.44 3.72098e-16 1.9863e-17 1
7304.91 3.72044e-16 1.9863e-17 1
7306.38 4.13933e-16 1.9863e-17 1
7307.85 3.75416e-16 1.9863e-17 1
7309.32 3.35723e-16 1.9863e-17 1
7310.79 3.57407e-16 1.9863e-17 1
7312.26 3.78333e-16 1.9863e-17 1
7313.74 3.68381e-16 1.9863e-17 1
7315.21 3.71673e-16 1.9863e-17 1
7316.68 3.49369e-16 1.9863e-17 1
7318.15 3.48778e-16 1.9863e-17 1
7319.62 3.76907e-16 1.9863e-17 1
7321.09 3.78355e-16 1.9863e-17 1
7322.56 3.79129e-16 1.9863e-17 1
7324.03 3.79718e-16 1.9863e-17 1
7325.5 3.80909e-16 1.9863e-17 1
7326.97 3.87822e-16 1.9863e-17 1
7328.45 4.02711e-16 1.9863e-17 1
7329.92 3.9816e-16 1.9863e-17 1
7331.39 4.143e-16 1.9863e-17 1
7332.86 3.79237e-16 1.9863e-17 1
7334.33 3.979e-16 1.9863e-17 1
7335.8 3.85142e-16 1.9863e-17 1
7337.27 4.12571e-16 1.9863e-17 1
7338.74 4.08817e-16 1.9863e-17 1
7340.21 3.48119e-16 1.9863e-17 1
7341.68 3.70855e-16 1.9863e-17 1
7343.16 3.88886e-16 1.9863e-17 1
7344.63 3.60339e-16 1.9863e-17 1
7346.1 3.7843e-16 1.9863e-17 1
7347.57 3.81721e-16 1.9863e-17 1
7349.04 3.87483e-16 1.9863e-17 1
7350.51 3.82797e-16 1.9863e-17 1
7351.98 3.98358e-16 1.9863e-17 1
7353.45 4.07882e-16 1.9863e-17 1
7354.92 4.08812e-16 1.9863e-17 1
7356.39 3.83879e-16 1.9863e-17 1
7357.87 4.1217e-16 1.9863e-17 1
7359.34 4.12018e-16 1.9863e-17 1
7360.81 3.89664e-16 1.9863e-17 1
7362.28 3.78197e-16 1.9863e-17 1
7363.75 4.13796e-16 1.9863e-17 1
7365.22 4.41193e-16 1.9863e-17 1
7366.69 4.14488e-16 1.9863e-17 1
7368.16 3.78144e-16 1.9863e-17 1
7369.63 3.99443e-16 1.9863e-17 1
7371.11 3.82335e-16 1.90552e-17 1
7372.58 3.90037e-16 1.90552e-17 1
7374.05 3.9766e-16 1.90552e-17 1
7375.52 3.9841e-16 1.90552e-17 1
7376.99 3.89331e-16 1.90552e-17 1
7378.46 4.04548e-16 1.90552e-17 1
7379.93 4.11067e-16 1.90552e-17 1
7381.4 4.19979e-16 1.90552e-17 1
7382.87 4.1765e-16 1.90552e-17 1
7384.34 4.3867e-16 1.90552e-17 1
7385.82 4.12789e-16 1.90552e-17 1
7387.29 4.06196e-16 1.90552e-17 1
7388.76 3.9011e-16 1.90552e-17 1
7390.23 4.36965e-16 1.90552e-17 1
7391.7 4.19725e-16 1.90552e-17 1
7393.17 4.37266e-16 1.90552e-17 1
7394.64 4.36173e-16 1.90552e-17 1
7396.11 4.06494e-16 1.90552e-17 1
7397.58 3.95868e-16 1.90552e-17 1
7399.05 4.14482e-16 1.90552e-17 1
7400.53 4.17701e-16 1.90552e-17 1
7402 4.4115e-16 1.90552e-17 1
7403.47 4.18602e-16 1.90552e-17 1
7404.94 3.94175e-16 1.90552e-17 1
7406.41 4.15346e-16 1.90552e-17 1
7407.88 4.19513e-16 1.90552e-17 1
7409.35 4.00139e-16 1.90552e-17 1
7410.82 3.96905e-16 1.90552e-17 1
7412.29 3.70647e-16 1.90552e-17 1
7413.76 3.78674e-16 1.90552e-17 1
7415.24 3.94017e-16 1.90552e-17 1
7416.71 4.16084e-16 1.90552e-17 1
7418.18 3.8795e-16 1.90552e-17 1
7419.65 3.7537e-16 1.90552e-17 1
7421.12 3.75063e-16 1.90552e-17 1
7422.59 3.66538e-16 1.90552e-17 1
7424.06 4.0873e-16 1.90552e-17 1
7425.53 3.90688e-16 1.90552e-17 1
7427 3.61158e-16 1.90552e-17 1
7428.48 3.80192e-16 1.90552e-17 1
7429.95 3.99233e-16 1.90552e-17 1
7431.42 4.10313e-16 1.90552e-17 1
7432.89 3.44396e-16 1.90552e-17 1
7434.36 3.50676e-16 1.90552e-17 1
7435.83 3.51096e-16 1.90552e-17 1
7437.3 3.79521e-16 1.90552e-17 1
7438.77 4.37292e-16 1.90552e-17 1
7440.24 4.10605e-16 1.90552e-17 1
7441.71 3.84356e-16 1.90552e-17 1
7443.19 3.86436e-16 1.90552e-17 1
7444.66 3.60614e-16 1.90552e-17 1
7446.13 3.41105e-16 1.90552e-17 1
7447.6 3.88841e-16 1.90552e-17 1
7449.07 3.4938e-16 1.90552e-17 1
7450.54 3.45092e-16 1.90552e-17 1
7452.01 3.74383e-16 1.90552e-17 1
7453.48 3.76527e-16 1.90552e-17 1
7454.95 3.52202e-16 1.90552e-17 1
7456.42 3.28599e-16 1.90552e-17 1
7457.9 3.20246e-16 1.90552e-17 1
7459.37 3.45623e-16 1.90552e-17 1
7460.84 3.48864e-16 1.90552e-17 1
7462.31 3.30295e-16 1.90552e-17 1
7463.78 3.41831e-16 1.90552e-17 1
7465.25 3.53232e-16 1.90552e-17 1
7466.72 3.45296e-16 1.90552e-17 1
7468.19 3.38912e-16 1.90552e-17 1
7469.66 3.45307e-16 1.90552e-17 1
7471.14 3.66854e-16 1.90552e-17 1
7472.61 3.55284e-16 1.90552e-17 1
7474.08 3.6991e-16 1.90552e-17 1
7475.55 3.68893e-16 1.90552e-17 1
7477.02 3.36156e-16 1.90552e-17 1
7478.49 3.3883e-16 1.90552e-17 1
7479.96 3.46058e-16 1.90552e-17 1
7481.43 3.43292e-16 1.90552e-17 1
7482.9 3.35612e-16 1.90552e-17 1
7484.37 3.3298e-16 1.90552e-17 1
7485.85 3.376e-16 1.90552e-17 1
7487.32 3.05967e-16 1.90552e-17 1
7488.79 2.97891e-16 1.90552e-17 1
7490.26 3.07658e-16 1.90552e-17 1
7491.73 3.21685e-16 1.90552e-17 1
7493.2 3.13046e-16 1.90552e-17 1
7494.67 3.08976e-16 1.90552e-17 1
7496.14 3.39158e-16 1.90552e-17 1
7497.61 3.14571e-16 1.90552e-17 1
7499.08 3.52547e-16 1.90552e-17 1
7500.56 3.34072e-16 1.90552e-17 1
7502.03 3.28268e-16 1.90552e-17 1
7503.5 3.28968e-16 1.90552e-17 1
7504.97 3.22796e-16 1.90552e-17 1
7506.44 3.12422e-16 1.90552e-17 1
7507.91 3.13052e-16 1.90552e-17 1
7509.38 3.28331e-16 1.90552e-17 1
7510.85 3.24414e-16 1.90552e-17 1
7512.32 3.16084e-16 1.90552e-17 1
7513.79 3.11522e-16 1.90552e-17 1
7515.27 3.44157e-16 1.90552e-17 1
7516.74 3.30306e-16 1.90552e-17 1
7518.21 3.25791e-16 1.90552e-17 1
7519.68 3.06882e-16 1.90552e-17 1
7521.15 3.2977e-16 1.90552e-17 1
7522.62 3.71824e-16 1.90552e-17 1
7524.09 2.97961e-16 1.90552e-17 1
7525.56 3.32298e-16 1.90552e-17 1
7527.03 3.06727e-16 1.90552e-17 1
7528.51 3.17705e-16 1.90552e-17 1
7529.98 3.25941e-16 1.90552e-17 1
7531.45 3.14039e-16 1.90552e-17 1
7532.92 3.16344e-16 1.90552e-17 1
7534.39 3.26992e-16 1.90552e-17 1
7535.86 3.16567e-16 1.90552e-17 1
7537.33 3.5128e-16 1.90552e-17 1
7538.8 3.06798e-16 1.90552e-17 1
7540.27 3.18874e-16 1.90552e-17 1
7541.74 3.26256e-16 1.90552e-17 1
7543.22 3.16713e-16 1.90552e-17 1
7544.69 3.11976e-16 1.90552e-17 1
7546.16 2.79237e-16 1.90552e-17 1
7547.63 3.24108e-16 1.90552e-17 1
7549.1 3.14424e-16 1.90552e-17 1
7550.57 3.12739e-16 1.90552e-17 1
7552.04 3.42881e-16 1.90552e-17 1
7553.51 3.41924e-16 1.90552e-17 1
7554.98 3.03536e-16 1.90552e-17 1
7556.45 3.41044e-16 1.90552e-17 1
7557.93 2.85321e-16 1.90552e-17 1
7559.4 2.94115e-16 1.90552e-17 1
7560.87 3.27981e-16 1.90552e-17 1
7562.34 3.21369e-16 1.90552e-17 1
7563.81 3.46768e-16 1.90552e-17 1
7565.28 3.51067e-16 1.90552e-17 1
7566.75 2.62402e-16 1.90552e-17 1
