# converted by J. Guy, 2010-10-18
# from Matheson et al. 2008AJ....135.1598M
@Redshift 0.010567
@FORMAT STD
@Date 51139
@SELECTED_FOR_SNLS3_TRAINING 1
@SN sn1998es
@SURVEY CFA_LOWZ_SPEC
@Source Matheson
#WAVE : wavelength, observer frame, in A
#FLUX : erg/s/cm2/A
#ERR  : statistical uncertainty on flux
#VALID : 1=ok 0=ignore
#end
3440 1.03017e-14 9.8427e-16 1
3441.5 8.46843e-15 9.8427e-16 1
3443 5.17873e-15 9.8427e-16 1
3444.5 7.25712e-15 9.8427e-16 1
3446 7.90844e-15 9.8427e-16 1
3447.5 8.11551e-15 9.8427e-16 1
3449 1.00051e-14 9.8427e-16 1
3450.5 1.0866e-14 9.8427e-16 1
3452 1.12297e-14 9.8427e-16 1
3453.5 1.17649e-14 9.8427e-16 1
3455 9.43606e-15 9.8427e-16 1
3456.5 8.78064e-15 9.8427e-16 1
3458 1.14647e-14 9.8427e-16 1
3459.5 1.21628e-14 9.8427e-16 1
3461 1.13499e-14 9.8427e-16 1
3462.5 1.14508e-14 9.8427e-16 1
3464 1.18011e-14 9.8427e-16 1
3465.5 1.02516e-14 9.8427e-16 1
3467 9.85155e-15 9.8427e-16 1
3468.5 1.06728e-14 9.8427e-16 1
3470 1.12153e-14 9.8427e-16 1
3471.5 1.18602e-14 9.8427e-16 1
3473 1.17318e-14 9.8427e-16 1
3474.5 1.08843e-14 9.8427e-16 1
3476 1.1048e-14 9.8427e-16 1
3477.5 1.27372e-14 9.8427e-16 1
3479 1.41867e-14 9.8427e-16 1
3480.5 1.4457e-14 9.8427e-16 1
3482 1.41518e-14 9.8427e-16 1
3483.5 1.34226e-14 9.8427e-16 1
3485 1.42279e-14 9.8427e-16 1
3486.5 1.46892e-14 9.8427e-16 1
3488 1.38761e-14 9.8427e-16 1
3489.5 1.31246e-14 9.8427e-16 1
3491 1.35408e-14 9.8427e-16 1
3492.5 1.40166e-14 9.8427e-16 1
3494 1.36153e-14 9.8427e-16 1
3495.5 1.41549e-14 9.8427e-16 1
3497 1.52666e-14 9.8427e-16 1
3498.5 1.60012e-14 9.8427e-16 1
3500 1.45503e-14 9.8427e-16 1
3501.5 1.41058e-14 9.8427e-16 1
3503 1.41625e-14 9.8427e-16 1
3504.5 1.51294e-14 9.8427e-16 1
3506 1.45522e-14 9.8427e-16 1
3507.5 1.49067e-14 9.8427e-16 1
3509 1.49062e-14 9.8427e-16 1
3510.5 1.53353e-14 9.8427e-16 1
3512 1.52937e-14 9.8427e-16 1
3513.5 1.46157e-14 9.8427e-16 1
3515 1.47626e-14 9.8427e-16 1
3516.5 1.47299e-14 9.8427e-16 1
3518 1.44091e-14 9.8427e-16 1
3519.5 1.34848e-14 9.8427e-16 1
3521 1.38072e-14 9.8427e-16 1
3522.5 1.51586e-14 9.8427e-16 1
3524 1.49457e-14 9.8427e-16 1
3525.5 1.45781e-14 9.8427e-16 1
3527 1.41982e-14 9.8427e-16 1
3528.5 1.42368e-14 9.8427e-16 1
3530 1.46786e-14 9.8427e-16 1
3531.5 1.4834e-14 9.8427e-16 1
3533 1.45421e-14 9.8427e-16 1
3534.5 1.4006e-14 9.8427e-16 1
3536 1.41724e-14 9.8427e-16 1
3537.5 1.37382e-14 9.8427e-16 1
3539 1.41512e-14 9.8427e-16 1
3540.5 1.51093e-14 4.07523e-16 1
3542 1.5002e-14 4.07523e-16 1
3543.5 1.44074e-14 4.07523e-16 1
3545 1.41501e-14 4.07523e-16 1
3546.5 1.44385e-14 4.07523e-16 1
3548 1.4308e-14 4.07523e-16 1
3549.5 1.44768e-14 4.07523e-16 1
3551 1.49733e-14 4.07523e-16 1
3552.5 1.4624e-14 4.07523e-16 1
3554 1.40152e-14 4.07523e-16 1
3555.5 1.38768e-14 4.07523e-16 1
3557 1.38703e-14 4.07523e-16 1
3558.5 1.4367e-14 4.07523e-16 1
3560 1.49003e-14 4.07523e-16 1
3561.5 1.42487e-14 4.07523e-16 1
3563 1.39987e-14 4.07523e-16 1
3564.5 1.44348e-14 4.07523e-16 1
3566 1.4495e-14 4.07523e-16 1
3567.5 1.4461e-14 4.07523e-16 1
3569 1.49045e-14 4.07523e-16 1
3570.5 1.41534e-14 4.07523e-16 1
3572 1.51609e-14 4.07523e-16 1
3573.5 1.42899e-14 4.07523e-16 1
3575 1.48846e-14 4.07523e-16 1
3576.5 1.48527e-14 4.07523e-16 1
3578 1.41155e-14 4.07523e-16 1
3579.5 1.55898e-14 4.07523e-16 1
3581 1.46337e-14 4.07523e-16 1
3582.5 1.44537e-14 4.07523e-16 1
3584 1.48278e-14 4.07523e-16 1
3585.5 1.48775e-14 4.07523e-16 1
3587 1.59729e-14 4.07523e-16 1
3588.5 1.54332e-14 4.07523e-16 1
3590 1.56055e-14 4.07523e-16 1
3591.5 1.61376e-14 4.07523e-16 1
3593 1.58361e-14 4.07523e-16 1
3594.5 1.56313e-14 4.07523e-16 1
3596 1.58098e-14 4.07523e-16 1
3597.5 1.60116e-14 4.07523e-16 1
3599 1.6229e-14 4.07523e-16 1
3600.5 1.62998e-14 4.07523e-16 1
3602 1.66364e-14 4.07523e-16 1
3603.5 1.71472e-14 4.07523e-16 1
3605 1.71752e-14 4.07523e-16 1
3606.5 1.76403e-14 4.07523e-16 1
3608 1.75186e-14 4.07523e-16 1
3609.5 1.77718e-14 4.07523e-16 1
3611 1.80924e-14 4.07523e-16 1
3612.5 1.7514e-14 4.07523e-16 1
3614 1.76971e-14 4.07523e-16 1
3615.5 1.80161e-14 4.07523e-16 1
3617 1.77939e-14 4.07523e-16 1
3618.5 1.81245e-14 4.07523e-16 1
3620 1.85091e-14 4.07523e-16 1
3621.5 1.88108e-14 4.07523e-16 1
3623 1.90683e-14 4.07523e-16 1
3624.5 1.87445e-14 4.07523e-16 1
3626 1.84269e-14 4.07523e-16 1
3627.5 1.84343e-14 4.07523e-16 1
3629 1.87069e-14 4.07523e-16 1
3630.5 1.89282e-14 4.07523e-16 1
3632 1.86017e-14 4.07523e-16 1
3633.5 1.88665e-14 4.07523e-16 1
3635 1.86117e-14 4.07523e-16 1
3636.5 1.82338e-14 4.07523e-16 1
3638 1.93398e-14 4.07523e-16 1
3639.5 2.00433e-14 4.07523e-16 1
3641 1.93473e-14 5.90608e-16 1
3642.5 1.92413e-14 5.90608e-16 1
3644 1.93744e-14 5.90608e-16 1
3645.5 1.94307e-14 5.90608e-16 1
3647 2.01085e-14 5.90608e-16 1
3648.5 2.07724e-14 5.90608e-16 1
3650 2.0349e-14 5.90608e-16 1
3651.5 2.00348e-14 5.90608e-16 1
3653 1.92396e-14 5.90608e-16 1
3654.5 1.9153e-14 5.90608e-16 1
3656 1.99782e-14 5.90608e-16 1
3657.5 1.9716e-14 5.90608e-16 1
3659 1.9614e-14 5.90608e-16 1
3660.5 1.94716e-14 5.90608e-16 1
3662 1.89349e-14 5.90608e-16 1
3663.5 1.89042e-14 5.90608e-16 1
3665 1.91414e-14 5.90608e-16 1
3666.5 1.87528e-14 5.90608e-16 1
3668 1.84081e-14 5.90608e-16 1
3669.5 1.85621e-14 5.90608e-16 1
3671 1.87129e-14 5.90608e-16 1
3672.5 1.81204e-14 5.90608e-16 1
3674 1.73081e-14 5.90608e-16 1
3675.5 1.7058e-14 5.90608e-16 1
3677 1.72085e-14 5.90608e-16 1
3678.5 1.72963e-14 5.90608e-16 1
3680 1.72029e-14 5.90608e-16 1
3681.5 1.69832e-14 5.90608e-16 1
3683 1.63872e-14 5.90608e-16 1
3684.5 1.61421e-14 5.90608e-16 1
3686 1.60405e-14 5.90608e-16 1
3687.5 1.55526e-14 5.90608e-16 1
3689 1.5228e-14 5.90608e-16 1
3690.5 1.53884e-14 5.90608e-16 1
3692 1.50179e-14 5.90608e-16 1
3693.5 1.47939e-14 5.90608e-16 1
3695 1.47562e-14 5.90608e-16 1
3696.5 1.46729e-14 5.90608e-16 1
3698 1.44331e-14 5.90608e-16 1
3699.5 1.45002e-14 5.90608e-16 1
3701 1.38862e-14 5.90608e-16 1
3702.5 1.3894e-14 5.90608e-16 1
3704 1.37452e-14 5.90608e-16 1
3705.5 1.37344e-14 5.90608e-16 1
3707 1.32206e-14 5.90608e-16 1
3708.5 1.31348e-14 5.90608e-16 1
3710 1.30584e-14 5.90608e-16 1
3711.5 1.27307e-14 5.90608e-16 1
3713 1.30635e-14 5.90608e-16 1
3714.5 1.26952e-14 5.90608e-16 1
3716 1.23309e-14 5.90608e-16 1
3717.5 1.26475e-14 5.90608e-16 1
3719 1.2742e-14 5.90608e-16 1
3720.5 1.25083e-14 5.90608e-16 1
3722 1.22945e-14 5.90608e-16 1
3723.5 1.24798e-14 5.90608e-16 1
3725 1.27768e-14 5.90608e-16 1
3726.5 1.26726e-14 5.90608e-16 1
3728 1.22579e-14 5.90608e-16 1
3729.5 1.20539e-14 5.90608e-16 1
3731 1.22641e-14 5.90608e-16 1
3732.5 1.23477e-14 5.90608e-16 1
3734 1.21086e-14 5.90608e-16 1
3735.5 1.1808e-14 5.90608e-16 1
3737 1.18837e-14 5.90608e-16 1
3738.5 1.15517e-14 5.90608e-16 1
3740 1.14279e-14 7.43091e-16 1
3741.5 1.16893e-14 7.43091e-16 1
3743 1.15366e-14 7.43091e-16 1
3744.5 1.10654e-14 7.43091e-16 1
3746 1.07351e-14 7.43091e-16 1
3747.5 1.09628e-14 7.43091e-16 1
3749 1.1013e-14 7.43091e-16 1
3750.5 1.07004e-14 7.43091e-16 1
3752 1.06713e-14 7.43091e-16 1
3753.5 1.08147e-14 7.43091e-16 1
3755 1.08329e-14 7.43091e-16 1
3756.5 1.07226e-14 7.43091e-16 1
3758 1.06323e-14 7.43091e-16 1
3759.5 1.06846e-14 7.43091e-16 1
3761 1.05348e-14 7.43091e-16 1
3762.5 1.06945e-14 7.43091e-16 1
3764 1.09783e-14 7.43091e-16 1
3765.5 1.13092e-14 7.43091e-16 1
3767 1.11319e-14 7.43091e-16 1
3768.5 1.12255e-14 7.43091e-16 1
3770 1.15219e-14 7.43091e-16 1
3771.5 1.18478e-14 7.43091e-16 1
3773 1.18121e-14 7.43091e-16 1
3774.5 1.21325e-14 7.43091e-16 1
3776 1.20113e-14 7.43091e-16 1
3777.5 1.23882e-14 7.43091e-16 1
3779 1.24221e-14 7.43091e-16 1
3780.5 1.28841e-14 7.43091e-16 1
3782 1.33358e-14 7.43091e-16 1
3783.5 1.32319e-14 7.43091e-16 1
3785 1.29339e-14 7.43091e-16 1
3786.5 1.28827e-14 7.43091e-16 1
3788 1.35076e-14 7.43091e-16 1
3789.5 1.37464e-14 7.43091e-16 1
3791 1.38866e-14 7.43091e-16 1
3792.5 1.37971e-14 7.43091e-16 1
3794 1.37847e-14 7.43091e-16 1
3795.5 1.41384e-14 7.43091e-16 1
3797 1.41549e-14 7.43091e-16 1
3798.5 1.4153e-14 7.43091e-16 1
3800 1.43235e-14 7.43091e-16 1
3801.5 1.45597e-14 7.43091e-16 1
3803 1.487e-14 7.43091e-16 1
3804.5 1.50401e-14 7.43091e-16 1
3806 1.49915e-14 7.43091e-16 1
3807.5 1.49456e-14 7.43091e-16 1
3809 1.49109e-14 7.43091e-16 1
3810.5 1.48463e-14 7.43091e-16 1
3812 1.48089e-14 7.43091e-16 1
3813.5 1.4811e-14 7.43091e-16 1
3815 1.47915e-14 7.43091e-16 1
3816.5 1.47497e-14 7.43091e-16 1
3818 1.47748e-14 7.43091e-16 1
3819.5 1.46338e-14 7.43091e-16 1
3821 1.43373e-14 7.43091e-16 1
3822.5 1.4265e-14 7.43091e-16 1
3824 1.4202e-14 7.43091e-16 1
3825.5 1.41627e-14 7.43091e-16 1
3827 1.41256e-14 7.43091e-16 1
3828.5 1.3823e-14 7.43091e-16 1
3830 1.3584e-14 7.43091e-16 1
3831.5 1.38112e-14 7.43091e-16 1
3833 1.36945e-14 7.43091e-16 1
3834.5 1.35969e-14 7.43091e-16 1
3836 1.37575e-14 7.43091e-16 1
3837.5 1.39618e-14 7.43091e-16 1
3839 1.39026e-14 7.43091e-16 1
3840.5 1.39344e-14 6.09635e-16 1
3842 1.41765e-14 6.09635e-16 1
3843.5 1.43165e-14 6.09635e-16 1
3845 1.42371e-14 6.09635e-16 1
3846.5 1.41255e-14 6.09635e-16 1
3848 1.40998e-14 6.09635e-16 1
3849.5 1.4358e-14 6.09635e-16 1
3851 1.40629e-14 6.09635e-16 1
3852.5 1.42008e-14 6.09635e-16 1
3854 1.42973e-14 6.09635e-16 1
3855.5 1.39427e-14 6.09635e-16 1
3857 1.42393e-14 6.09635e-16 1
3858.5 1.40193e-14 6.09635e-16 1
3860 1.39209e-14 6.09635e-16 1
3861.5 1.39055e-14 6.09635e-16 1
3863 1.36475e-14 6.09635e-16 1
3864.5 1.38455e-14 6.09635e-16 1
3866 1.41512e-14 6.09635e-16 1
3867.5 1.42922e-14 6.09635e-16 1
3869 1.41864e-14 6.09635e-16 1
3870.5 1.44244e-14 6.09635e-16 1
3872 1.44539e-14 6.09635e-16 1
3873.5 1.43105e-14 6.09635e-16 1
3875 1.45008e-14 6.09635e-16 1
3876.5 1.4964e-14 6.09635e-16 1
3878 1.49709e-14 6.09635e-16 1
3879.5 1.49473e-14 6.09635e-16 1
3881 1.53947e-14 6.09635e-16 1
3882.5 1.58123e-14 6.09635e-16 1
3884 1.60736e-14 6.09635e-16 1
3885.5 1.61957e-14 6.09635e-16 1
3887 1.61596e-14 6.09635e-16 1
3888.5 1.60351e-14 6.09635e-16 1
3890 1.59063e-14 6.09635e-16 1
3891.5 1.58915e-14 6.09635e-16 1
3893 1.61575e-14 6.09635e-16 1
3894.5 1.63545e-14 6.09635e-16 1
3896 1.62428e-14 6.09635e-16 1
3897.5 1.64237e-14 6.09635e-16 1
3899 1.64475e-14 6.09635e-16 1
3900.5 1.65157e-14 6.09635e-16 1
3902 1.65775e-14 6.09635e-16 1
3903.5 1.66973e-14 6.09635e-16 1
3905 1.68089e-14 6.09635e-16 1
3906.5 1.70011e-14 6.09635e-16 1
3908 1.71194e-14 6.09635e-16 1
3909.5 1.72855e-14 6.09635e-16 1
3911 1.73868e-14 6.09635e-16 1
3912.5 1.71762e-14 6.09635e-16 1
3914 1.72981e-14 6.09635e-16 1
3915.5 1.73047e-14 6.09635e-16 1
3917 1.74047e-14 6.09635e-16 1
3918.5 1.72595e-14 6.09635e-16 1
3920 1.71524e-14 6.09635e-16 1
3921.5 1.70849e-14 6.09635e-16 1
3923 1.74019e-14 6.09635e-16 1
3924.5 1.75187e-14 6.09635e-16 1
3926 1.74342e-14 6.09635e-16 1
3927.5 1.71531e-14 6.09635e-16 1
3929 1.67933e-14 6.09635e-16 1
3930.5 1.66496e-14 6.09635e-16 1
3932 1.65804e-14 6.09635e-16 1
3933.5 1.66882e-14 6.09635e-16 1
3935 1.71473e-14 6.09635e-16 1
3936.5 1.71907e-14 6.09635e-16 1
3938 1.73467e-14 6.09635e-16 1
3939.5 1.75808e-14 6.09635e-16 1
3941 1.75703e-14 6.32517e-16 1
3942.5 1.77524e-14 6.32517e-16 1
3944 1.80309e-14 6.32517e-16 1
3945.5 1.82421e-14 6.32517e-16 1
3947 1.82417e-14 6.32517e-16 1
3948.5 1.82931e-14 6.32517e-16 1
3950 1.85182e-14 6.32517e-16 1
3951.5 1.86015e-14 6.32517e-16 1
3953 1.85274e-14 6.32517e-16 1
3954.5 1.85995e-14 6.32517e-16 1
3956 1.88152e-14 6.32517e-16 1
3957.5 1.90139e-14 6.32517e-16 1
3959 1.89256e-14 6.32517e-16 1
3960.5 1.90896e-14 6.32517e-16 1
3962 1.91772e-14 6.32517e-16 1
3963.5 1.91053e-14 6.32517e-16 1
3965 1.92042e-14 6.32517e-16 1
3966.5 1.89852e-14 6.32517e-16 1
3968 1.89645e-14 6.32517e-16 1
3969.5 1.90341e-14 6.32517e-16 1
3971 1.864e-14 6.32517e-16 1
3972.5 1.77519e-14 6.32517e-16 1
3974 1.73004e-14 6.32517e-16 1
3975.5 1.76837e-14 6.32517e-16 1
3977 1.84987e-14 6.32517e-16 1
3978.5 1.92708e-14 6.32517e-16 1
3980 1.97508e-14 6.32517e-16 1
3981.5 2.00774e-14 6.32517e-16 1
3983 2.01782e-14 6.32517e-16 1
3984.5 2.02554e-14 6.32517e-16 1
3986 2.01258e-14 6.32517e-16 1
3987.5 1.99191e-14 6.32517e-16 1
3989 2.0287e-14 6.32517e-16 1
3990.5 2.04622e-14 6.32517e-16 1
3992 2.02466e-14 6.32517e-16 1
3993.5 2.05793e-14 6.32517e-16 1
3995 2.03832e-14 6.32517e-16 1
3996.5 2.03516e-14 6.32517e-16 1
3998 2.0285e-14 6.32517e-16 1
3999.5 2.01264e-14 6.32517e-16 1
4001 2.00492e-14 6.32517e-16 1
4002.5 2.00135e-14 6.32517e-16 1
4004 1.99711e-14 6.32517e-16 1
4005.5 1.97696e-14 6.32517e-16 1
4007 1.86252e-14 6.32517e-16 1
4008.5 1.80729e-14 6.32517e-16 1
4010 1.80953e-14 6.32517e-16 1
4011.5 1.85759e-14 6.32517e-16 1
4013 1.85926e-14 6.32517e-16 1
4014.5 1.87888e-14 6.32517e-16 1
4016 1.89302e-14 6.32517e-16 1
4017.5 1.91871e-14 6.32517e-16 1
4019 1.90796e-14 6.32517e-16 1
4020.5 1.90238e-14 6.32517e-16 1
4022 1.89769e-14 6.32517e-16 1
4023.5 1.88751e-14 6.32517e-16 1
4025 1.87282e-14 6.32517e-16 1
4026.5 1.83733e-14 6.32517e-16 1
4028 1.85145e-14 6.32517e-16 1
4029.5 1.88086e-14 6.32517e-16 1
4031 1.88618e-14 6.32517e-16 1
4032.5 1.89451e-14 6.32517e-16 1
4034 1.86816e-14 6.32517e-16 1
4035.5 1.84777e-14 6.32517e-16 1
4037 1.84122e-14 6.32517e-16 1
4038.5 1.86119e-14 6.32517e-16 1
4040 1.87829e-14 2.68117e-16 1
4041.5 1.87065e-14 2.68117e-16 1
4043 1.90618e-14 2.68117e-16 1
4044.5 1.91878e-14 2.68117e-16 1
4046 1.90032e-14 2.68117e-16 1
4047.5 1.89854e-14 2.68117e-16 1
4049 1.88719e-14 2.68117e-16 1
4050.5 1.89189e-14 2.68117e-16 1
4052 1.90107e-14 2.68117e-16 1
4053.5 1.91747e-14 2.68117e-16 1
4055 1.93368e-14 2.68117e-16 1
4056.5 1.92587e-14 2.68117e-16 1
4058 1.92216e-14 2.68117e-16 1
4059.5 1.92083e-14 2.68117e-16 1
4061 1.92126e-14 2.68117e-16 1
4062.5 1.9584e-14 2.68117e-16 1
4064 1.97224e-14 2.68117e-16 1
4065.5 1.96848e-14 2.68117e-16 1
4067 1.94587e-14 2.68117e-16 1
4068.5 1.94491e-14 2.68117e-16 1
4070 2.00657e-14 2.68117e-16 1
4071.5 1.9963e-14 2.68117e-16 1
4073 1.98293e-14 2.68117e-16 1
4074.5 1.9856e-14 2.68117e-16 1
4076 1.98548e-14 2.68117e-16 1
4077.5 2.0054e-14 2.68117e-16 1
4079 1.99748e-14 2.68117e-16 1
4080.5 2.01141e-14 2.68117e-16 1
4082 2.02482e-14 2.68117e-16 1
4083.5 2.04996e-14 2.68117e-16 1
4085 2.07263e-14 2.68117e-16 1
4086.5 2.07227e-14 2.68117e-16 1
4088 2.06648e-14 2.68117e-16 1
4089.5 2.07257e-14 2.68117e-16 1
4091 2.08091e-14 2.68117e-16 1
4092.5 2.08138e-14 2.68117e-16 1
4094 2.07305e-14 2.68117e-16 1
4095.5 2.07794e-14 2.68117e-16 1
4097 2.08503e-14 2.68117e-16 1
4098.5 2.08554e-14 2.68117e-16 1
4100 2.09974e-14 2.68117e-16 1
4101.5 2.11806e-14 2.68117e-16 1
4103 2.1074e-14 2.68117e-16 1
4104.5 2.08767e-14 2.68117e-16 1
4106 2.08447e-14 2.68117e-16 1
4107.5 2.0898e-14 2.68117e-16 1
4109 2.09361e-14 2.68117e-16 1
4110.5 2.08009e-14 2.68117e-16 1
4112 2.05774e-14 2.68117e-16 1
4113.5 2.06293e-14 2.68117e-16 1
4115 2.09029e-14 2.68117e-16 1
4116.5 2.08151e-14 2.68117e-16 1
4118 2.05853e-14 2.68117e-16 1
4119.5 2.03917e-14 2.68117e-16 1
4121 2.0234e-14 2.68117e-16 1
4122.5 2.03084e-14 2.68117e-16 1
4124 2.0357e-14 2.68117e-16 1
4125.5 2.02942e-14 2.68117e-16 1
4127 2.0306e-14 2.68117e-16 1
4128.5 2.0308e-14 2.68117e-16 1
4130 2.05106e-14 2.68117e-16 1
4131.5 2.06068e-14 2.68117e-16 1
4133 2.02481e-14 2.68117e-16 1
4134.5 2.02119e-14 2.68117e-16 1
4136 2.00201e-14 2.68117e-16 1
4137.5 2.03471e-14 2.68117e-16 1
4139 2.01488e-14 2.68117e-16 1
4140.5 2.00703e-14 3.53988e-16 1
4142 1.98568e-14 3.53988e-16 1
4143.5 1.94679e-14 3.53988e-16 1
4145 1.93273e-14 3.53988e-16 1
4146.5 1.95966e-14 3.53988e-16 1
4148 1.91033e-14 3.53988e-16 1
4149.5 1.87352e-14 3.53988e-16 1
4151 1.85258e-14 3.53988e-16 1
4152.5 1.85738e-14 3.53988e-16 1
4154 1.87198e-14 3.53988e-16 1
4155.5 1.8512e-14 3.53988e-16 1
4157 1.83583e-14 3.53988e-16 1
4158.5 1.81511e-14 3.53988e-16 1
4160 1.83455e-14 3.53988e-16 1
4161.5 1.82252e-14 3.53988e-16 1
4163 1.79386e-14 3.53988e-16 1
4164.5 1.82303e-14 3.53988e-16 1
4166 1.83651e-14 3.53988e-16 1
4167.5 1.81085e-14 3.53988e-16 1
4169 1.80683e-14 3.53988e-16 1
4170.5 1.80831e-14 3.53988e-16 1
4172 1.79344e-14 3.53988e-16 1
4173.5 1.76375e-14 3.53988e-16 1
4175 1.76415e-14 3.53988e-16 1
4176.5 1.75919e-14 3.53988e-16 1
4178 1.73488e-14 3.53988e-16 1
4179.5 1.71496e-14 3.53988e-16 1
4181 1.71659e-14 3.53988e-16 1
4182.5 1.7066e-14 3.53988e-16 1
4184 1.69163e-14 3.53988e-16 1
4185.5 1.70543e-14 3.53988e-16 1
4187 1.69103e-14 3.53988e-16 1
4188.5 1.68812e-14 3.53988e-16 1
4190 1.70187e-14 3.53988e-16 1
4191.5 1.69737e-14 3.53988e-16 1
4193 1.69377e-14 3.53988e-16 1
4194.5 1.67108e-14 3.53988e-16 1
4196 1.69421e-14 3.53988e-16 1
4197.5 1.69916e-14 3.53988e-16 1
4199 1.69324e-14 3.53988e-16 1
4200.5 1.70918e-14 3.53988e-16 1
4202 1.6869e-14 3.53988e-16 1
4203.5 1.68716e-14 3.53988e-16 1
4205 1.67706e-14 3.53988e-16 1
4206.5 1.65301e-14 3.53988e-16 1
4208 1.65694e-14 3.53988e-16 1
4209.5 1.63399e-14 3.53988e-16 1
4211 1.63859e-14 3.53988e-16 1
4212.5 1.61364e-14 3.53988e-16 1
4214 1.60539e-14 3.53988e-16 1
4215.5 1.58073e-14 3.53988e-16 1
4217 1.57928e-14 3.53988e-16 1
4218.5 1.59052e-14 3.53988e-16 1
4220 1.56828e-14 3.53988e-16 1
4221.5 1.57235e-14 3.53988e-16 1
4223 1.5588e-14 3.53988e-16 1
4224.5 1.54072e-14 3.53988e-16 1
4226 1.52294e-14 3.53988e-16 1
4227.5 1.50971e-14 3.53988e-16 1
4229 1.49817e-14 3.53988e-16 1
4230.5 1.48434e-14 3.53988e-16 1
4232 1.48239e-14 3.53988e-16 1
4233.5 1.4809e-14 3.53988e-16 1
4235 1.46785e-14 3.53988e-16 1
4236.5 1.45389e-14 3.53988e-16 1
4238 1.44153e-14 3.53988e-16 1
4239.5 1.44477e-14 3.53988e-16 1
4241 1.44168e-14 4.14006e-16 1
4242.5 1.40562e-14 4.14006e-16 1
4244 1.37527e-14 4.14006e-16 1
4245.5 1.37587e-14 4.14006e-16 1
4247 1.35881e-14 4.14006e-16 1
4248.5 1.27723e-14 4.14006e-16 1
4250 1.14698e-14 4.14006e-16 1
4251.5 1.16146e-14 4.14006e-16 1
4253 1.2702e-14 4.14006e-16 1
4254.5 1.31954e-14 4.14006e-16 1
4256 1.33026e-14 4.14006e-16 1
4257.5 1.30948e-14 4.14006e-16 1
4259 1.28031e-14 4.14006e-16 1
4260.5 1.27757e-14 4.14006e-16 1
4262 1.29128e-14 4.14006e-16 1
4263.5 1.28181e-14 4.14006e-16 1
4265 1.27363e-14 4.14006e-16 1
4266.5 1.26896e-14 4.14006e-16 1
4268 1.26312e-14 4.14006e-16 1
4269.5 1.24253e-14 4.14006e-16 1
4271 1.21504e-14 4.14006e-16 1
4272.5 1.22921e-14 4.14006e-16 1
4274 1.21956e-14 4.14006e-16 1
4275.5 1.21178e-14 4.14006e-16 1
4277 1.20536e-14 4.14006e-16 1
4278.5 1.16951e-14 4.14006e-16 1
4280 1.16283e-14 4.14006e-16 1
4281.5 1.18694e-14 4.14006e-16 1
4283 1.18058e-14 4.14006e-16 1
4284.5 1.15446e-14 4.14006e-16 1
4286 1.14879e-14 4.14006e-16 1
4287.5 1.1434e-14 4.14006e-16 1
4289 1.12268e-14 4.14006e-16 1
4290.5 1.12646e-14 4.14006e-16 1
4292 1.11534e-14 4.14006e-16 1
4293.5 1.10099e-14 4.14006e-16 1
4295 1.10526e-14 4.14006e-16 1
4296.5 1.10346e-14 4.14006e-16 1
4298 1.08923e-14 4.14006e-16 1
4299.5 1.08515e-14 4.14006e-16 1
4301 1.08226e-14 4.14006e-16 1
4302.5 1.06551e-14 4.14006e-16 1
4304 1.05717e-14 4.14006e-16 1
4305.5 1.05172e-14 4.14006e-16 1
4307 1.04525e-14 4.14006e-16 1
4308.5 1.04371e-14 4.14006e-16 1
4310 1.04349e-14 4.14006e-16 1
4311.5 1.02505e-14 4.14006e-16 1
4313 1.01159e-14 4.14006e-16 1
4314.5 1.01217e-14 4.14006e-16 1
4316 1.014e-14 4.14006e-16 1
4317.5 1.02404e-14 4.14006e-16 1
4319 1.027e-14 4.14006e-16 1
4320.5 1.0187e-14 4.14006e-16 1
4322 1.0056e-14 4.14006e-16 1
4323.5 1.00844e-14 4.14006e-16 1
4325 1.01496e-14 4.14006e-16 1
4326.5 1.01448e-14 4.14006e-16 1
4328 1.02848e-14 4.14006e-16 1
4329.5 1.04641e-14 4.14006e-16 1
4331 1.04855e-14 4.14006e-16 1
4332.5 1.04706e-14 4.14006e-16 1
4334 1.04356e-14 4.14006e-16 1
4335.5 1.05053e-14 4.14006e-16 1
4337 1.07308e-14 4.14006e-16 1
4338.5 1.08608e-14 4.14006e-16 1
4340 1.09221e-14 5.56502e-16 1
4341.5 1.08017e-14 5.56502e-16 1
4343 1.09217e-14 5.56502e-16 1
4344.5 1.08614e-14 5.56502e-16 1
4346 1.09052e-14 5.56502e-16 1
4347.5 1.1226e-14 5.56502e-16 1
4349 1.12924e-14 5.56502e-16 1
4350.5 1.13181e-14 5.56502e-16 1
4352 1.13136e-14 5.56502e-16 1
4353.5 1.12839e-14 5.56502e-16 1
4355 1.1499e-14 5.56502e-16 1
4356.5 1.16033e-14 5.56502e-16 1
4358 1.14983e-14 5.56502e-16 1
4359.5 1.14092e-14 5.56502e-16 1
4361 1.16049e-14 5.56502e-16 1
4362.5 1.17431e-14 5.56502e-16 1
4364 1.17025e-14 5.56502e-16 1
4365.5 1.19228e-14 5.56502e-16 1
4367 1.20626e-14 5.56502e-16 1
4368.5 1.215e-14 5.56502e-16 1
4370 1.22595e-14 5.56502e-16 1
4371.5 1.24801e-14 5.56502e-16 1
4373 1.26111e-14 5.56502e-16 1
4374.5 1.267e-14 5.56502e-16 1
4376 1.28229e-14 5.56502e-16 1
4377.5 1.28598e-14 5.56502e-16 1
4379 1.29995e-14 5.56502e-16 1
4380.5 1.32495e-14 5.56502e-16 1
4382 1.3335e-14 5.56502e-16 1
4383.5 1.33824e-14 5.56502e-16 1
4385 1.35406e-14 5.56502e-16 1
4386.5 1.36077e-14 5.56502e-16 1
4388 1.36395e-14 5.56502e-16 1
4389.5 1.3653e-14 5.56502e-16 1
4391 1.37024e-14 5.56502e-16 1
4392.5 1.38506e-14 5.56502e-16 1
4394 1.40157e-14 5.56502e-16 1
4395.5 1.41826e-14 5.56502e-16 1
4397 1.42749e-14 5.56502e-16 1
4398.5 1.43572e-14 5.56502e-16 1
4400 1.44106e-14 5.56502e-16 1
4401.5 1.45397e-14 5.56502e-16 1
4403 1.46716e-14 5.56502e-16 1
4404.5 1.47007e-14 5.56502e-16 1
4406 1.50008e-14 5.56502e-16 1
4407.5 1.508e-14 5.56502e-16 1
4409 1.53012e-14 5.56502e-16 1
4410.5 1.52623e-14 5.56502e-16 1
4412 1.53541e-14 5.56502e-16 1
4413.5 1.54344e-14 5.56502e-16 1
4415 1.5382e-14 5.56502e-16 1
4416.5 1.54208e-14 5.56502e-16 1
4418 1.54628e-14 5.56502e-16 1
4419.5 1.55176e-14 5.56502e-16 1
4421 1.55089e-14 5.56502e-16 1
4422.5 1.54037e-14 5.56502e-16 1
4424 1.54398e-14 5.56502e-16 1
4425.5 1.54129e-14 5.56502e-16 1
4427 1.5141e-14 5.56502e-16 1
4428.5 1.47448e-14 5.56502e-16 1
4430 1.46453e-14 5.56502e-16 1
4431.5 1.45939e-14 5.56502e-16 1
4433 1.46485e-14 5.56502e-16 1
4434.5 1.43801e-14 5.56502e-16 1
4436 1.43272e-14 5.56502e-16 1
4437.5 1.4338e-14 5.56502e-16 1
4439 1.42207e-14 5.56502e-16 1
4440.5 1.3998e-14 4.82559e-16 1
4442 1.39283e-14 4.82559e-16 1
4443.5 1.39198e-14 4.82559e-16 1
4445 1.38875e-14 4.82559e-16 1
4446.5 1.35952e-14 4.82559e-16 1
4448 1.34162e-14 4.82559e-16 1
4449.5 1.34727e-14 4.82559e-16 1
4451 1.34314e-14 4.82559e-16 1
4452.5 1.33874e-14 4.82559e-16 1
4454 1.32799e-14 4.82559e-16 1
4455.5 1.31814e-14 4.82559e-16 1
4457 1.31954e-14 4.82559e-16 1
4458.5 1.30452e-14 4.82559e-16 1
4460 1.28896e-14 4.82559e-16 1
4461.5 1.28801e-14 4.82559e-16 1
4463 1.27865e-14 4.82559e-16 1
4464.5 1.27156e-14 4.82559e-16 1
4466 1.26718e-14 4.82559e-16 1
4467.5 1.28105e-14 4.82559e-16 1
4469 1.29672e-14 4.82559e-16 1
4470.5 1.29377e-14 4.82559e-16 1
4472 1.296e-14 4.82559e-16 1
4473.5 1.30729e-14 4.82559e-16 1
4475 1.32683e-14 4.82559e-16 1
4476.5 1.33324e-14 4.82559e-16 1
4478 1.33523e-14 4.82559e-16 1
4479.5 1.33567e-14 4.82559e-16 1
4481 1.36515e-14 4.82559e-16 1
4482.5 1.39549e-14 4.82559e-16 1
4484 1.40888e-14 4.82559e-16 1
4485.5 1.42737e-14 4.82559e-16 1
4487 1.41106e-14 4.82559e-16 1
4488.5 1.42083e-14 4.82559e-16 1
4490 1.41704e-14 4.82559e-16 1
4491.5 1.42259e-14 4.82559e-16 1
4493 1.45071e-14 4.82559e-16 1
4494.5 1.44978e-14 4.82559e-16 1
4496 1.46715e-14 4.82559e-16 1
4497.5 1.4854e-14 4.82559e-16 1
4499 1.50153e-14 4.82559e-16 1
4500.5 1.50648e-14 4.82559e-16 1
4502 1.52109e-14 4.82559e-16 1
4503.5 1.50481e-14 4.82559e-16 1
4505 1.51242e-14 4.82559e-16 1
4506.5 1.5566e-14 4.82559e-16 1
4508 1.55591e-14 4.82559e-16 1
4509.5 1.52988e-14 4.82559e-16 1
4511 1.53234e-14 4.82559e-16 1
4512.5 1.55045e-14 4.82559e-16 1
4514 1.56595e-14 4.82559e-16 1
4515.5 1.56108e-14 4.82559e-16 1
4517 1.55356e-14 4.82559e-16 1
4518.5 1.54066e-14 4.82559e-16 1
4520 1.5447e-14 4.82559e-16 1
4521.5 1.57379e-14 4.82559e-16 1
4523 1.58129e-14 4.82559e-16 1
4524.5 1.56975e-14 4.82559e-16 1
4526 1.56785e-14 4.82559e-16 1
4527.5 1.57744e-14 4.82559e-16 1
4529 1.57558e-14 4.82559e-16 1
4530.5 1.57085e-14 4.82559e-16 1
4532 1.57948e-14 4.82559e-16 1
4533.5 1.58394e-14 4.82559e-16 1
4535 1.58212e-14 4.82559e-16 1
4536.5 1.58349e-14 4.82559e-16 1
4538 1.59253e-14 4.82559e-16 1
4539.5 1.60575e-14 4.82559e-16 1
4541 1.59467e-14 2.0357e-16 1
4542.5 1.59338e-14 2.0357e-16 1
4544 1.58848e-14 2.0357e-16 1
4545.5 1.57681e-14 2.0357e-16 1
4547 1.59128e-14 2.0357e-16 1
4548.5 1.58794e-14 2.0357e-16 1
4550 1.58748e-14 2.0357e-16 1
4551.5 1.59788e-14 2.0357e-16 1
4553 1.58865e-14 2.0357e-16 1
4554.5 1.58403e-14 2.0357e-16 1
4556 1.58693e-14 2.0357e-16 1
4557.5 1.58295e-14 2.0357e-16 1
4559 1.56905e-14 2.0357e-16 1
4560.5 1.55807e-14 2.0357e-16 1
4562 1.58126e-14 2.0357e-16 1
4563.5 1.57595e-14 2.0357e-16 1
4565 1.56767e-14 2.0357e-16 1
4566.5 1.5625e-14 2.0357e-16 1
4568 1.57189e-14 2.0357e-16 1
4569.5 1.5829e-14 2.0357e-16 1
4571 1.56817e-14 2.0357e-16 1
4572.5 1.56403e-14 2.0357e-16 1
4574 1.55369e-14 2.0357e-16 1
4575.5 1.55317e-14 2.0357e-16 1
4577 1.56248e-14 2.0357e-16 1
4578.5 1.55948e-14 2.0357e-16 1
4580 1.55653e-14 2.0357e-16 1
4581.5 1.55619e-14 2.0357e-16 1
4583 1.55422e-14 2.0357e-16 1
4584.5 1.5617e-14 2.0357e-16 1
4586 1.56281e-14 2.0357e-16 1
4587.5 1.55923e-14 2.0357e-16 1
4589 1.56294e-14 2.0357e-16 1
4590.5 1.56506e-14 2.0357e-16 1
4592 1.56026e-14 2.0357e-16 1
4593.5 1.56383e-14 2.0357e-16 1
4595 1.57007e-14 2.0357e-16 1
4596.5 1.56823e-14 2.0357e-16 1
4598 1.55042e-14 2.0357e-16 1
4599.5 1.53983e-14 2.0357e-16 1
4601 1.54442e-14 2.0357e-16 1
4602.5 1.54e-14 2.0357e-16 1
4604 1.54032e-14 2.0357e-16 1
4605.5 1.55145e-14 2.0357e-16 1
4607 1.55808e-14 2.0357e-16 1
4608.5 1.53734e-14 2.0357e-16 1
4610 1.53192e-14 2.0357e-16 1
4611.5 1.54753e-14 2.0357e-16 1
4613 1.53014e-14 2.0357e-16 1
4614.5 1.52421e-14 2.0357e-16 1
4616 1.52891e-14 2.0357e-16 1
4617.5 1.50923e-14 2.0357e-16 1
4619 1.50246e-14 2.0357e-16 1
4620.5 1.5303e-14 2.0357e-16 1
4622 1.51866e-14 2.0357e-16 1
4623.5 1.5059e-14 2.0357e-16 1
4625 1.49736e-14 2.0357e-16 1
4626.5 1.52491e-14 2.0357e-16 1
4628 1.50625e-14 2.0357e-16 1
4629.5 1.50099e-14 2.0357e-16 1
4631 1.49517e-14 2.0357e-16 1
4632.5 1.49457e-14 2.0357e-16 1
4634 1.49073e-14 2.0357e-16 1
4635.5 1.47102e-14 2.0357e-16 1
4637 1.47307e-14 2.0357e-16 1
4638.5 1.49226e-14 2.0357e-16 1
4640 1.4926e-14 1.6487e-16 1
4641.5 1.47878e-14 1.6487e-16 1
4643 1.47805e-14 1.6487e-16 1
4644.5 1.48293e-14 1.6487e-16 1
4646 1.48625e-14 1.6487e-16 1
4647.5 1.47918e-14 1.6487e-16 1
4649 1.46915e-14 1.6487e-16 1
4650.5 1.48168e-14 1.6487e-16 1
4652 1.48555e-14 1.6487e-16 1
4653.5 1.47934e-14 1.6487e-16 1
4655 1.48235e-14 1.6487e-16 1
4656.5 1.46918e-14 1.6487e-16 1
4658 1.45715e-14 1.6487e-16 1
4659.5 1.4666e-14 1.6487e-16 1
4661 1.46877e-14 1.6487e-16 1
4662.5 1.46003e-14 1.6487e-16 1
4664 1.4543e-14 1.6487e-16 1
4665.5 1.44643e-14 1.6487e-16 1
4667 1.45701e-14 1.6487e-16 1
4668.5 1.44751e-14 1.6487e-16 1
4670 1.43528e-14 1.6487e-16 1
4671.5 1.4239e-14 1.6487e-16 1
4673 1.40645e-14 1.6487e-16 1
4674.5 1.38617e-14 1.6487e-16 1
4676 1.36801e-14 1.6487e-16 1
4677.5 1.35067e-14 1.6487e-16 1
4679 1.34954e-14 1.6487e-16 1
4680.5 1.32841e-14 1.6487e-16 1
4682 1.32563e-14 1.6487e-16 1
4683.5 1.31856e-14 1.6487e-16 1
4685 1.29449e-14 1.6487e-16 1
4686.5 1.28229e-14 1.6487e-16 1
4688 1.29198e-14 1.6487e-16 1
4689.5 1.28273e-14 1.6487e-16 1
4691 1.25255e-14 1.6487e-16 1
4692.5 1.24197e-14 1.6487e-16 1
4694 1.23246e-14 1.6487e-16 1
4695.5 1.23231e-14 1.6487e-16 1
4697 1.22334e-14 1.6487e-16 1
4698.5 1.23906e-14 1.6487e-16 1
4700 1.21576e-14 1.6487e-16 1
4701.5 1.21204e-14 1.6487e-16 1
4703 1.20503e-14 1.6487e-16 1
4704.5 1.19965e-14 1.6487e-16 1
4706 1.21341e-14 1.6487e-16 1
4707.5 1.19831e-14 1.6487e-16 1
4709 1.19874e-14 1.6487e-16 1
4710.5 1.19566e-14 1.6487e-16 1
4712 1.1911e-14 1.6487e-16 1
4713.5 1.17301e-14 1.6487e-16 1
4715 1.17566e-14 1.6487e-16 1
4716.5 1.17253e-14 1.6487e-16 1
4718 1.16471e-14 1.6487e-16 1
4719.5 1.15603e-14 1.6487e-16 1
4721 1.15272e-14 1.6487e-16 1
4722.5 1.14715e-14 1.6487e-16 1
4724 1.16164e-14 1.6487e-16 1
4725.5 1.18232e-14 1.6487e-16 1
4727 1.17454e-14 1.6487e-16 1
4728.5 1.16846e-14 1.6487e-16 1
4730 1.17668e-14 1.6487e-16 1
4731.5 1.16936e-14 1.6487e-16 1
4733 1.17054e-14 1.6487e-16 1
4734.5 1.18419e-14 1.6487e-16 1
4736 1.18408e-14 1.6487e-16 1
4737.5 1.17603e-14 1.6487e-16 1
4739 1.17706e-14 1.6487e-16 1
4740.5 1.16805e-14 2.58134e-16 1
4742 1.1732e-14 2.58134e-16 1
4743.5 1.18037e-14 2.58134e-16 1
4745 1.18217e-14 2.58134e-16 1
4746.5 1.18795e-14 2.58134e-16 1
4748 1.17838e-14 2.58134e-16 1
4749.5 1.18339e-14 2.58134e-16 1
4751 1.17445e-14 2.58134e-16 1
4752.5 1.17511e-14 2.58134e-16 1
4754 1.1579e-14 2.58134e-16 1
4755.5 1.1471e-14 2.58134e-16 1
4757 1.17679e-14 2.58134e-16 1
4758.5 1.17433e-14 2.58134e-16 1
4760 1.17299e-14 2.58134e-16 1
4761.5 1.17431e-14 2.58134e-16 1
4763 1.15421e-14 2.58134e-16 1
4764.5 1.16409e-14 2.58134e-16 1
4766 1.14059e-14 2.58134e-16 1
4767.5 1.15635e-14 2.58134e-16 1
4769 1.14525e-14 2.58134e-16 1
4770.5 1.14715e-14 2.58134e-16 1
4772 1.14848e-14 2.58134e-16 1
4773.5 1.14614e-14 2.58134e-16 1
4775 1.14206e-14 2.58134e-16 1
4776.5 1.1125e-14 2.58134e-16 1
4778 1.11075e-14 2.58134e-16 1
4779.5 1.11554e-14 2.58134e-16 1
4781 1.12253e-14 2.58134e-16 1
4782.5 1.12019e-14 2.58134e-16 1
4784 1.10254e-14 2.58134e-16 1
4785.5 1.09908e-14 2.58134e-16 1
4787 1.11082e-14 2.58134e-16 1
4788.5 1.11168e-14 2.58134e-16 1
4790 1.10411e-14 2.58134e-16 1
4791.5 1.10292e-14 2.58134e-16 1
4793 1.09977e-14 2.58134e-16 1
4794.5 1.11136e-14 2.58134e-16 1
4796 1.1165e-14 2.58134e-16 1
4797.5 1.11332e-14 2.58134e-16 1
4799 1.10517e-14 2.58134e-16 1
4800.5 1.10271e-14 2.58134e-16 1
4802 1.10935e-14 2.58134e-16 1
4803.5 1.12304e-14 2.58134e-16 1
4805 1.12165e-14 2.58134e-16 1
4806.5 1.11583e-14 2.58134e-16 1
4808 1.13225e-14 2.58134e-16 1
4809.5 1.1511e-14 2.58134e-16 1
4811 1.15309e-14 2.58134e-16 1
4812.5 1.14849e-14 2.58134e-16 1
4814 1.14886e-14 2.58134e-16 1
4815.5 1.164e-14 2.58134e-16 1
4817 1.16866e-14 2.58134e-16 1
4818.5 1.1726e-14 2.58134e-16 1
4820 1.16381e-14 2.58134e-16 1
4821.5 1.17003e-14 2.58134e-16 1
4823 1.18082e-14 2.58134e-16 1
4824.5 1.21007e-14 2.58134e-16 1
4826 1.2012e-14 2.58134e-16 1
4827.5 1.18729e-14 2.58134e-16 1
4829 1.19841e-14 2.58134e-16 1
4830.5 1.19619e-14 2.58134e-16 1
4832 1.19538e-14 2.58134e-16 1
4833.5 1.20509e-14 2.58134e-16 1
4835 1.19316e-14 2.58134e-16 1
4836.5 1.19541e-14 2.58134e-16 1
4838 1.20302e-14 2.58134e-16 1
4839.5 1.19809e-14 2.58134e-16 1
4841 1.19027e-14 1.84052e-16 1
4842.5 1.2051e-14 1.84052e-16 1
4844 1.19065e-14 1.84052e-16 1
4845.5 1.1835e-14 1.84052e-16 1
4847 1.1847e-14 1.84052e-16 1
4848.5 1.18942e-14 1.84052e-16 1
4850 1.17554e-14 1.84052e-16 1
4851.5 1.17304e-14 1.84052e-16 1
4853 1.17208e-14 1.84052e-16 1
4854.5 1.1637e-14 1.84052e-16 1
4856 1.15075e-14 1.84052e-16 1
4857.5 1.13645e-14 1.84052e-16 1
4859 1.12558e-14 1.84052e-16 1
4860.5 1.11831e-14 1.84052e-16 1
4862 1.12011e-14 1.84052e-16 1
4863.5 1.11907e-14 1.84052e-16 1
4865 1.11101e-14 1.84052e-16 1
4866.5 1.09916e-14 1.84052e-16 1
4868 1.09127e-14 1.84052e-16 1
4869.5 1.08556e-14 1.84052e-16 1
4871 1.0775e-14 1.84052e-16 1
4872.5 1.08381e-14 1.84052e-16 1
4874 1.08343e-14 1.84052e-16 1
4875.5 1.06224e-14 1.84052e-16 1
4877 1.04729e-14 1.84052e-16 1
4878.5 1.04414e-14 1.84052e-16 1
4880 1.03634e-14 1.84052e-16 1
4881.5 1.03648e-14 1.84052e-16 1
4883 1.02877e-14 1.84052e-16 1
4884.5 1.02012e-14 1.84052e-16 1
4886 1.01822e-14 1.84052e-16 1
4887.5 1.00126e-14 1.84052e-16 1
4889 9.94923e-15 1.84052e-16 1
4890.5 9.86031e-15 1.84052e-16 1
4892 9.86466e-15 1.84052e-16 1
4893.5 9.93936e-15 1.84052e-16 1
4895 9.84414e-15 1.84052e-16 1
4896.5 9.65867e-15 1.84052e-16 1
4898 9.68011e-15 1.84052e-16 1
4899.5 9.72496e-15 1.84052e-16 1
4901 9.55451e-15 1.84052e-16 1
4902.5 9.52076e-15 1.84052e-16 1
4904 9.37943e-15 1.84052e-16 1
4905.5 9.36168e-15 1.84052e-16 1
4907 9.33113e-15 1.84052e-16 1
4908.5 9.37255e-15 1.84052e-16 1
4910 9.37561e-15 1.84052e-16 1
4911.5 9.27829e-15 1.84052e-16 1
4913 9.1625e-15 1.84052e-16 1
4914.5 9.1265e-15 1.84052e-16 1
4916 9.15855e-15 1.84052e-16 1
4917.5 9.2311e-15 1.84052e-16 1
4919 9.2151e-15 1.84052e-16 1
4920.5 9.07552e-15 1.84052e-16 1
4922 9.08855e-15 1.84052e-16 1
4923.5 9.14597e-15 1.84052e-16 1
4925 9.104e-15 1.84052e-16 1
4926.5 9.10442e-15 1.84052e-16 1
4928 9.06089e-15 1.84052e-16 1
4929.5 9.16475e-15 1.84052e-16 1
4931 9.1043e-15 1.84052e-16 1
4932.5 8.94163e-15 1.84052e-16 1
4934 8.87067e-15 1.84052e-16 1
4935.5 8.91292e-15 1.84052e-16 1
4937 9.02679e-15 1.84052e-16 1
4938.5 9.02087e-15 1.84052e-16 1
4940 8.9538e-15 1.42734e-16 1
4941.5 8.91496e-15 1.42734e-16 1
4943 8.94698e-15 1.42734e-16 1
4944.5 8.88973e-15 1.42734e-16 1
4946 8.82946e-15 1.42734e-16 1
4947.5 8.80453e-15 1.42734e-16 1
4949 8.74286e-15 1.42734e-16 1
4950.5 8.75061e-15 1.42734e-16 1
4952 8.75455e-15 1.42734e-16 1
4953.5 8.74406e-15 1.42734e-16 1
4955 8.66904e-15 1.42734e-16 1
4956.5 8.61076e-15 1.42734e-16 1
4958 8.67321e-15 1.42734e-16 1
4959.5 8.65559e-15 1.42734e-16 1
4961 8.68611e-15 1.42734e-16 1
4962.5 8.77682e-15 1.42734e-16 1
4964 8.80533e-15 1.42734e-16 1
4965.5 8.6733e-15 1.42734e-16 1
4967 8.77711e-15 1.42734e-16 1
4968.5 8.83888e-15 1.42734e-16 1
4970 8.7887e-15 1.42734e-16 1
4971.5 8.95578e-15 1.42734e-16 1
4973 8.94617e-15 1.42734e-16 1
4974.5 8.87e-15 1.42734e-16 1
4976 8.86082e-15 1.42734e-16 1
4977.5 9.01393e-15 1.42734e-16 1
4979 9.04197e-15 1.42734e-16 1
4980.5 9.0554e-15 1.42734e-16 1
4982 9.07019e-15 1.42734e-16 1
4983.5 9.02476e-15 1.42734e-16 1
4985 9.00928e-15 1.42734e-16 1
4986.5 8.97418e-15 1.42734e-16 1
4988 8.89666e-15 1.42734e-16 1
4989.5 8.82256e-15 1.42734e-16 1
4991 8.75012e-15 1.42734e-16 1
4992.5 8.71683e-15 1.42734e-16 1
4994 8.62477e-15 1.42734e-16 1
4995.5 8.52519e-15 1.42734e-16 1
4997 8.53769e-15 1.42734e-16 1
4998.5 8.63077e-15 1.42734e-16 1
5000 8.6146e-15 1.42734e-16 1
5001.5 8.58013e-15 1.42734e-16 1
5003 8.60316e-15 1.42734e-16 1
5004.5 8.62129e-15 1.42734e-16 1
5006 8.63921e-15 1.42734e-16 1
5007.5 8.64765e-15 1.42734e-16 1
5009 8.6436e-15 1.42734e-16 1
5010.5 8.63965e-15 1.42734e-16 1
5012 8.61878e-15 1.42734e-16 1
5013.5 8.53747e-15 1.42734e-16 1
5015 8.58444e-15 1.42734e-16 1
5016.5 8.63586e-15 1.42734e-16 1
5018 8.58194e-15 1.42734e-16 1
5019.5 8.59567e-15 1.42734e-16 1
5021 8.60241e-15 1.42734e-16 1
5022.5 8.5445e-15 1.42734e-16 1
5024 8.56395e-15 1.42734e-16 1
5025.5 8.62147e-15 1.42734e-16 1
5027 8.59315e-15 1.42734e-16 1
5028.5 8.56213e-15 1.42734e-16 1
5030 8.55527e-15 1.42734e-16 1
5031.5 8.55777e-15 1.42734e-16 1
5033 8.68275e-15 1.42734e-16 1
5034.5 8.70163e-15 1.42734e-16 1
5036 8.70335e-15 1.42734e-16 1
5037.5 8.85381e-15 1.42734e-16 1
5039 8.79525e-15 1.42734e-16 1
5040.5 8.83397e-15 1.21289e-16 1
5042 9.09702e-15 1.21289e-16 1
5043.5 9.13551e-15 1.21289e-16 1
5045 9.04642e-15 1.21289e-16 1
5046.5 9.14907e-15 1.21289e-16 1
5048 9.29699e-15 1.21289e-16 1
5049.5 9.32859e-15 1.21289e-16 1
5051 9.38903e-15 1.21289e-16 1
5052.5 9.38891e-15 1.21289e-16 1
5054 9.35481e-15 1.21289e-16 1
5055.5 9.40568e-15 1.21289e-16 1
5057 9.37124e-15 1.21289e-16 1
5058.5 9.34777e-15 1.21289e-16 1
5060 9.41701e-15 1.21289e-16 1
5061.5 9.50507e-15 1.21289e-16 1
5063 9.54006e-15 1.21289e-16 1
5064.5 9.50859e-15 1.21289e-16 1
5066 9.51091e-15 1.21289e-16 1
5067.5 9.49058e-15 1.21289e-16 1
5069 9.46424e-15 1.21289e-16 1
5070.5 9.52312e-15 1.21289e-16 1
5072 9.70979e-15 1.21289e-16 1
5073.5 9.71679e-15 1.21289e-16 1
5075 9.67525e-15 1.21289e-16 1
5076.5 9.7565e-15 1.21289e-16 1
5078 9.93016e-15 1.21289e-16 1
5079.5 1.00404e-14 1.21289e-16 1
5081 1.00731e-14 1.21289e-16 1
5082.5 1.01569e-14 1.21289e-16 1
5084 1.0221e-14 1.21289e-16 1
5085.5 1.0291e-14 1.21289e-16 1
5087 1.03518e-14 1.21289e-16 1
5088.5 1.03177e-14 1.21289e-16 1
5090 1.02436e-14 1.21289e-16 1
5091.5 1.0338e-14 1.21289e-16 1
5093 1.04258e-14 1.21289e-16 1
5094.5 1.04099e-14 1.21289e-16 1
5096 1.03808e-14 1.21289e-16 1
5097.5 1.04385e-14 1.21289e-16 1
5099 1.04931e-14 1.21289e-16 1
5100.5 1.04952e-14 1.21289e-16 1
5102 1.05771e-14 1.21289e-16 1
5103.5 1.06452e-14 1.21289e-16 1
5105 1.06536e-14 1.21289e-16 1
5106.5 1.07058e-14 1.21289e-16 1
5108 1.07535e-14 1.21289e-16 1
5109.5 1.08434e-14 1.21289e-16 1
5111 1.09053e-14 1.21289e-16 1
5112.5 1.09721e-14 1.21289e-16 1
5114 1.11253e-14 1.21289e-16 1
5115.5 1.09324e-14 1.21289e-16 1
5117 1.09571e-14 1.21289e-16 1
5118.5 1.11512e-14 1.21289e-16 1
5120 1.10852e-14 1.21289e-16 1
5121.5 1.10671e-14 1.21289e-16 1
5123 1.11315e-14 1.21289e-16 1
5124.5 1.12384e-14 1.21289e-16 1
5126 1.13448e-14 1.21289e-16 1
5127.5 1.14745e-14 1.21289e-16 1
5129 1.14498e-14 1.21289e-16 1
5130.5 1.14618e-14 1.21289e-16 1
5132 1.15226e-14 1.21289e-16 1
5133.5 1.15944e-14 1.21289e-16 1
5135 1.16957e-14 1.21289e-16 1
5136.5 1.1706e-14 1.21289e-16 1
5138 1.16642e-14 1.21289e-16 1
5139.5 1.16305e-14 1.21289e-16 1
5141 1.16742e-14 1.54658e-16 1
5142.5 1.18571e-14 1.54658e-16 1
5144 1.18351e-14 1.54658e-16 1
5145.5 1.17926e-14 1.54658e-16 1
5147 1.18038e-14 1.54658e-16 1
5148.5 1.18972e-14 1.54658e-16 1
5150 1.19712e-14 1.54658e-16 1
5151.5 1.19255e-14 1.54658e-16 1
5153 1.19502e-14 1.54658e-16 1
5154.5 1.1975e-14 1.54658e-16 1
5156 1.19692e-14 1.54658e-16 1
5157.5 1.19932e-14 1.54658e-16 1
5159 1.2007e-14 1.54658e-16 1
5160.5 1.18664e-14 1.54658e-16 1
5162 1.18776e-14 1.54658e-16 1
5163.5 1.19401e-14 1.54658e-16 1
5165 1.1885e-14 1.54658e-16 1
5166.5 1.18428e-14 1.54658e-16 1
5168 1.18222e-14 1.54658e-16 1
5169.5 1.16908e-14 1.54658e-16 1
5171 1.17158e-14 1.54658e-16 1
5172.5 1.17915e-14 1.54658e-16 1
5174 1.17692e-14 1.54658e-16 1
5175.5 1.18484e-14 1.54658e-16 1
5177 1.18557e-14 1.54658e-16 1
5178.5 1.18349e-14 1.54658e-16 1
5180 1.1621e-14 1.54658e-16 1
5181.5 1.16339e-14 1.54658e-16 1
5183 1.16614e-14 1.54658e-16 1
5184.5 1.17324e-14 1.54658e-16 1
5186 1.16725e-14 1.54658e-16 1
5187.5 1.16832e-14 1.54658e-16 1
5189 1.18577e-14 1.54658e-16 1
5190.5 1.17939e-14 1.54658e-16 1
5192 1.16373e-14 1.54658e-16 1
5193.5 1.17361e-14 1.54658e-16 1
5195 1.16825e-14 1.54658e-16 1
5196.5 1.16326e-14 1.54658e-16 1
5198 1.16122e-14 1.54658e-16 1
5199.5 1.16347e-14 1.54658e-16 1
5201 1.16783e-14 1.54658e-16 1
5202.5 1.16558e-14 1.54658e-16 1
5204 1.16357e-14 1.54658e-16 1
5205.5 1.16809e-14 1.54658e-16 1
5207 1.17076e-14 1.54658e-16 1
5208.5 1.16561e-14 1.54658e-16 1
5210 1.16604e-14 1.54658e-16 1
5211.5 1.17128e-14 1.54658e-16 1
5213 1.17627e-14 1.54658e-16 1
5214.5 1.17795e-14 1.54658e-16 1
5216 1.18251e-14 1.54658e-16 1
5217.5 1.18206e-14 1.54658e-16 1
5219 1.17942e-14 1.54658e-16 1
5220.5 1.1762e-14 1.54658e-16 1
5222 1.16413e-14 1.54658e-16 1
5223.5 1.16127e-14 1.54658e-16 1
5225 1.16865e-14 1.54658e-16 1
5226.5 1.17334e-14 1.54658e-16 1
5228 1.18257e-14 1.54658e-16 1
5229.5 1.1803e-14 1.54658e-16 1
5231 1.1751e-14 1.54658e-16 1
5232.5 1.18137e-14 1.54658e-16 1
5234 1.16835e-14 1.54658e-16 1
5235.5 1.18181e-14 1.54658e-16 1
5237 1.17761e-14 1.54658e-16 1
5238.5 1.17349e-14 1.54658e-16 1
5240 1.18262e-14 2.01856e-16 1
5241.5 1.19192e-14 2.01856e-16 1
5243 1.20566e-14 2.01856e-16 1
5244.5 1.18989e-14 2.01856e-16 1
5246 1.16547e-14 2.01856e-16 1
5247.5 1.16461e-14 2.01856e-16 1
5249 1.17511e-14 2.01856e-16 1
5250.5 1.16622e-14 2.01856e-16 1
5252 1.16205e-14 2.01856e-16 1
5253.5 1.17145e-14 2.01856e-16 1
5255 1.1831e-14 2.01856e-16 1
5256.5 1.16125e-14 2.01856e-16 1
5258 1.15785e-14 2.01856e-16 1
5259.5 1.14935e-14 2.01856e-16 1
5261 1.15721e-14 2.01856e-16 1
5262.5 1.15341e-14 2.01856e-16 1
5264 1.14123e-14 2.01856e-16 1
5265.5 1.13373e-14 2.01856e-16 1
5267 1.12096e-14 2.01856e-16 1
5268.5 1.11124e-14 2.01856e-16 1
5270 1.11084e-14 2.01856e-16 1
5271.5 1.11289e-14 2.01856e-16 1
5273 1.10433e-14 2.01856e-16 1
5274.5 1.08111e-14 2.01856e-16 1
5276 1.07757e-14 2.01856e-16 1
5277.5 1.07246e-14 2.01856e-16 1
5279 1.05836e-14 2.01856e-16 1
5280.5 1.04921e-14 2.01856e-16 1
5282 1.04847e-14 2.01856e-16 1
5283.5 1.04087e-14 2.01856e-16 1
5285 1.03139e-14 2.01856e-16 1
5286.5 1.01595e-14 2.01856e-16 1
5288 1.01573e-14 2.01856e-16 1
5289.5 1.01553e-14 2.01856e-16 1
5291 9.95406e-15 2.01856e-16 1
5292.5 9.76046e-15 2.01856e-16 1
5294 9.73794e-15 2.01856e-16 1
5295.5 9.70973e-15 2.01856e-16 1
5297 9.68524e-15 2.01856e-16 1
5298.5 9.68328e-15 2.01856e-16 1
5300 9.66696e-15 2.01856e-16 1
5301.5 9.51991e-15 2.01856e-16 1
5303 9.30052e-15 2.01856e-16 1
5304.5 9.17521e-15 2.01856e-16 1
5306 9.21542e-15 2.01856e-16 1
5307.5 9.32764e-15 2.01856e-16 1
5309 9.35082e-15 2.01856e-16 1
5310.5 9.22266e-15 2.01856e-16 1
5312 9.08224e-15 2.01856e-16 1
5313.5 9.05281e-15 2.01856e-16 1
5315 9.02229e-15 2.01856e-16 1
5316.5 9.01014e-15 2.01856e-16 1
5318 8.98082e-15 2.01856e-16 1
5319.5 8.97312e-15 2.01856e-16 1
5321 8.9074e-15 2.01856e-16 1
5322.5 8.80742e-15 2.01856e-16 1
5324 8.9403e-15 2.01856e-16 1
5325.5 8.99463e-15 2.01856e-16 1
5327 8.95147e-15 2.01856e-16 1
5328.5 8.97901e-15 2.01856e-16 1
5330 8.92634e-15 2.01856e-16 1
5331.5 8.88849e-15 2.01856e-16 1
5333 8.918e-15 2.01856e-16 1
5334.5 8.89824e-15 2.01856e-16 1
5336 8.98546e-15 2.01856e-16 1
5337.5 8.91251e-15 2.01856e-16 1
5339 8.91872e-15 2.01856e-16 1
5340.5 8.96462e-15 1.21968e-16 1
5342 8.87431e-15 1.21968e-16 1
5343.5 8.82121e-15 1.21968e-16 1
5345 8.82336e-15 1.21968e-16 1
5346.5 8.75634e-15 1.21968e-16 1
5348 8.79651e-15 1.21968e-16 1
5349.5 8.84859e-15 1.21968e-16 1
5351 8.73178e-15 1.21968e-16 1
5352.5 8.77386e-15 1.21968e-16 1
5354 8.82005e-15 1.21968e-16 1
5355.5 8.73694e-15 1.21968e-16 1
5357 8.65916e-15 1.21968e-16 1
5358.5 8.66579e-15 1.21968e-16 1
5360 8.7081e-15 1.21968e-16 1
5361.5 8.75807e-15 1.21968e-16 1
5363 8.77743e-15 1.21968e-16 1
5364.5 8.74569e-15 1.21968e-16 1
5366 8.70183e-15 1.21968e-16 1
5367.5 8.75431e-15 1.21968e-16 1
5369 8.80777e-15 1.21968e-16 1
5370.5 8.81543e-15 1.21968e-16 1
5372 8.87754e-15 1.21968e-16 1
5373.5 8.90924e-15 1.21968e-16 1
5375 8.96951e-15 1.21968e-16 1
5376.5 8.99856e-15 1.21968e-16 1
5378 9.03843e-15 1.21968e-16 1
5379.5 9.0923e-15 1.21968e-16 1
5381 9.06446e-15 1.21968e-16 1
5382.5 9.10575e-15 1.21968e-16 1
5384 9.13057e-15 1.21968e-16 1
5385.5 9.14539e-15 1.21968e-16 1
5387 9.2565e-15 1.21968e-16 1
5388.5 9.27794e-15 1.21968e-16 1
5390 9.19966e-15 1.21968e-16 1
5391.5 9.27571e-15 1.21968e-16 1
5393 9.37943e-15 1.21968e-16 1
5394.5 9.31774e-15 1.21968e-16 1
5396 9.30721e-15 1.21968e-16 1
5397.5 9.4078e-15 1.21968e-16 1
5399 9.39919e-15 1.21968e-16 1
5400.5 9.1502e-15 1.21968e-16 1
5402 9.17889e-15 1.21968e-16 1
5403.5 9.27654e-15 1.21968e-16 1
5405 9.14781e-15 1.21968e-16 1
5406.5 9.18114e-15 1.21968e-16 1
5408 9.29904e-15 1.21968e-16 1
5409.5 9.35764e-15 1.21968e-16 1
5411 9.33105e-15 1.21968e-16 1
5412.5 9.25641e-15 1.21968e-16 1
5414 9.19707e-15 1.21968e-16 1
5415.5 9.26913e-15 1.21968e-16 1
5417 9.2618e-15 1.21968e-16 1
5418.5 9.19144e-15 1.21968e-16 1
5420 9.22344e-15 1.21968e-16 1
5421.5 9.20541e-15 1.21968e-16 1
5423 9.22479e-15 1.21968e-16 1
5424.5 9.26826e-15 1.21968e-16 1
5426 9.24182e-15 1.21968e-16 1
5427.5 9.29535e-15 1.21968e-16 1
5429 9.34244e-15 1.21968e-16 1
5430.5 9.37168e-15 1.21968e-16 1
5432 9.39349e-15 1.21968e-16 1
5433.5 9.34669e-15 1.21968e-16 1
5435 9.30573e-15 1.21968e-16 1
5436.5 9.27642e-15 1.21968e-16 1
5438 9.27798e-15 1.21968e-16 1
5439.5 9.22514e-15 1.21968e-16 1
5441 9.26823e-15 1.84764e-16 1
5442.5 9.33432e-15 1.84764e-16 1
5444 9.30149e-15 1.84764e-16 1
5445.5 9.30145e-15 1.84764e-16 1
5447 9.31781e-15 1.84764e-16 1
5448.5 9.28877e-15 1.84764e-16 1
5450 9.28425e-15 1.84764e-16 1
5451.5 9.26303e-15 1.84764e-16 1
5453 9.14954e-15 1.84764e-16 1
5454.5 9.10306e-15 1.84764e-16 1
5456 9.1917e-15 1.84764e-16 1
5457.5 9.2338e-15 1.84764e-16 1
5459 9.16291e-15 1.84764e-16 1
5460.5 9.12882e-15 1.84764e-16 1
5462 9.11297e-15 1.84764e-16 1
5463.5 9.04867e-15 1.84764e-16 1
5465 8.97362e-15 1.84764e-16 1
5466.5 8.94987e-15 1.84764e-16 1
5468 8.97111e-15 1.84764e-16 1
5469.5 8.93759e-15 1.84764e-16 1
5471 8.93424e-15 1.84764e-16 1
5472.5 8.8493e-15 1.84764e-16 1
5474 8.71829e-15 1.84764e-16 1
5475.5 8.66413e-15 1.84764e-16 1
5477 8.82777e-15 1.84764e-16 1
5478.5 8.74001e-15 1.84764e-16 1
5480 8.57388e-15 1.84764e-16 1
5481.5 8.51013e-15 1.84764e-16 1
5483 8.52249e-15 1.84764e-16 1
5484.5 8.42387e-15 1.84764e-16 1
5486 8.40326e-15 1.84764e-16 1
5487.5 8.41645e-15 1.84764e-16 1
5489 8.37474e-15 1.84764e-16 1
5490.5 8.28473e-15 1.84764e-16 1
5492 8.29429e-15 1.84764e-16 1
5493.5 8.22114e-15 1.84764e-16 1
5495 8.21123e-15 1.84764e-16 1
5496.5 8.23824e-15 1.84764e-16 1
5498 8.1674e-15 1.84764e-16 1
5499.5 8.11853e-15 1.84764e-16 1
5501 8.16796e-15 1.84764e-16 1
5502.5 8.16628e-15 1.84764e-16 1
5504 8.21695e-15 1.84764e-16 1
5505.5 8.20326e-15 1.84764e-16 1
5507 8.1612e-15 1.84764e-16 1
5508.5 8.11345e-15 1.84764e-16 1
5510 8.05681e-15 1.84764e-16 1
5511.5 8.12595e-15 1.84764e-16 1
5513 8.24656e-15 1.84764e-16 1
5514.5 8.30103e-15 1.84764e-16 1
5516 8.32491e-15 1.84764e-16 1
5517.5 8.39516e-15 1.84764e-16 1
5519 8.43398e-15 1.84764e-16 1
5520.5 8.42373e-15 1.84764e-16 1
5522 8.39647e-15 1.84764e-16 1
5523.5 8.5215e-15 1.84764e-16 1
5525 8.50638e-15 1.84764e-16 1
5526.5 8.54079e-15 1.84764e-16 1
5528 8.63317e-15 1.84764e-16 1
5529.5 8.61467e-15 1.84764e-16 1
5531 8.64569e-15 1.84764e-16 1
5532.5 8.60632e-15 1.84764e-16 1
5534 8.53946e-15 1.84764e-16 1
5535.5 8.69383e-15 1.84764e-16 1
5537 8.76876e-15 1.84764e-16 1
5538.5 8.71696e-15 1.84764e-16 1
5540 8.77157e-15 2.09487e-16 1
5541.5 8.78631e-15 2.09487e-16 1
5543 8.82593e-15 2.09487e-16 1
5544.5 8.84192e-15 2.09487e-16 1
5546 8.90735e-15 2.09487e-16 1
5547.5 8.89938e-15 2.09487e-16 1
5549 8.90939e-15 2.09487e-16 1
5550.5 8.94855e-15 2.09487e-16 1
5552 8.88488e-15 2.09487e-16 1
5553.5 8.95489e-15 2.09487e-16 1
5555 8.91964e-15 2.09487e-16 1
5556.5 9.04892e-15 2.09487e-16 1
5558 9.12169e-15 2.09487e-16 1
5559.5 9.10903e-15 2.09487e-16 1
5561 9.19103e-15 2.09487e-16 1
5562.5 9.20492e-15 2.09487e-16 1
5564 9.23634e-15 2.09487e-16 1
5565.5 9.2198e-15 2.09487e-16 1
5567 9.15204e-15 2.09487e-16 1
5568.5 9.2107e-15 2.09487e-16 1
5570 9.27319e-15 2.09487e-16 1
5571.5 9.27512e-15 2.09487e-16 1
5573 9.28569e-15 2.09487e-16 1
5574.5 9.37968e-15 2.09487e-16 1
5576 9.41496e-15 2.09487e-16 1
5577.5 9.29939e-15 2.09487e-16 1
5579 9.25924e-15 2.09487e-16 1
5580.5 9.29433e-15 2.09487e-16 1
5582 9.22904e-15 2.09487e-16 1
5583.5 9.1912e-15 2.09487e-16 1
5585 9.13583e-15 2.09487e-16 1
5586.5 9.22103e-15 2.09487e-16 1
5588 9.29537e-15 2.09487e-16 1
5589.5 9.20324e-15 2.09487e-16 1
5591 9.17316e-15 2.09487e-16 1
5592.5 9.06444e-15 2.09487e-16 1
5594 8.91218e-15 2.09487e-16 1
5595.5 8.86353e-15 2.09487e-16 1
5597 8.83171e-15 2.09487e-16 1
5598.5 8.77041e-15 2.09487e-16 1
5600 8.73803e-15 2.09487e-16 1
5601.5 8.78619e-15 2.09487e-16 1
5603 8.66803e-15 2.09487e-16 1
5604.5 8.57437e-15 2.09487e-16 1
5606 8.74607e-15 2.09487e-16 1
5607.5 8.71147e-15 2.09487e-16 1
5609 8.67892e-15 2.09487e-16 1
5610.5 8.68874e-15 2.09487e-16 1
5612 8.69609e-15 2.09487e-16 1
5613.5 8.77257e-15 2.09487e-16 1
5615 8.84657e-15 2.09487e-16 1
5616.5 8.85983e-15 2.09487e-16 1
5618 8.85561e-15 2.09487e-16 1
5619.5 8.82372e-15 2.09487e-16 1
5621 8.82622e-15 2.09487e-16 1
5622.5 8.88813e-15 2.09487e-16 1
5624 8.88688e-15 2.09487e-16 1
5625.5 8.8973e-15 2.09487e-16 1
5627 8.88786e-15 2.09487e-16 1
5628.5 8.97472e-15 2.09487e-16 1
5630 9.13354e-15 2.09487e-16 1
5631.5 9.14368e-15 2.09487e-16 1
5633 9.13119e-15 2.09487e-16 1
5634.5 9.10821e-15 2.09487e-16 1
5636 9.07109e-15 2.09487e-16 1
5637.5 9.10244e-15 2.09487e-16 1
5639 9.13145e-15 2.09487e-16 1
5640.5 9.10496e-15 1.01146e-16 1
5642 9.1119e-15 1.01146e-16 1
5643.5 9.12837e-15 1.01146e-16 1
5645 9.08582e-15 1.01146e-16 1
5646.5 9.10401e-15 1.01146e-16 1
5648 9.06734e-15 1.01146e-16 1
5649.5 9.07621e-15 1.01146e-16 1
5651 9.19863e-15 1.01146e-16 1
5652.5 9.18232e-15 1.01146e-16 1
5654 9.03787e-15 1.01146e-16 1
5655.5 9.06264e-15 1.01146e-16 1
5657 9.08514e-15 1.01146e-16 1
5658.5 9.09352e-15 1.01146e-16 1
5660 9.11881e-15 1.01146e-16 1
5661.5 9.12342e-15 1.01146e-16 1
5663 9.20846e-15 1.01146e-16 1
5664.5 9.10044e-15 1.01146e-16 1
5666 9.0194e-15 1.01146e-16 1
5667.5 9.05092e-15 1.01146e-16 1
5669 9.00669e-15 1.01146e-16 1
5670.5 9.05252e-15 1.01146e-16 1
5672 9.10051e-15 1.01146e-16 1
5673.5 9.14135e-15 1.01146e-16 1
5675 9.05496e-15 1.01146e-16 1
5676.5 9.00027e-15 1.01146e-16 1
5678 9.13912e-15 1.01146e-16 1
5679.5 9.13176e-15 1.01146e-16 1
5681 9.0775e-15 1.01146e-16 1
5682.5 9.136e-15 1.01146e-16 1
5684 9.21431e-15 1.01146e-16 1
5685.5 9.23202e-15 1.01146e-16 1
5687 9.26907e-15 1.01146e-16 1
5688.5 9.21339e-15 1.01146e-16 1
5690 9.25532e-15 1.01146e-16 1
5691.5 9.26759e-15 1.01146e-16 1
5693 9.24413e-15 1.01146e-16 1
5694.5 9.23884e-15 1.01146e-16 1
5696 9.20662e-15 1.01146e-16 1
5697.5 9.11612e-15 1.01146e-16 1
5699 9.15235e-15 1.01146e-16 1
5700.5 9.12869e-15 1.01146e-16 1
5702 9.17398e-15 1.01146e-16 1
5703.5 9.17519e-15 1.01146e-16 1
5705 9.18442e-15 1.01146e-16 1
5706.5 9.21649e-15 1.01146e-16 1
5708 9.24534e-15 1.01146e-16 1
5709.5 9.1961e-15 1.01146e-16 1
5711 9.11418e-15 1.01146e-16 1
5712.5 9.17673e-15 1.01146e-16 1
5714 9.258e-15 1.01146e-16 1
5715.5 9.25307e-15 1.01146e-16 1
5717 9.2745e-15 1.01146e-16 1
5718.5 9.25815e-15 1.01146e-16 1
5720 9.24818e-15 1.01146e-16 1
5721.5 9.2679e-15 1.01146e-16 1
5723 9.2754e-15 1.01146e-16 1
5724.5 9.27624e-15 1.01146e-16 1
5726 9.26545e-15 1.01146e-16 1
5727.5 9.30837e-15 1.01146e-16 1
5729 9.24646e-15 1.01146e-16 1
5730.5 9.18336e-15 1.01146e-16 1
5732 9.21795e-15 1.01146e-16 1
5733.5 9.2698e-15 1.01146e-16 1
5735 9.28061e-15 1.01146e-16 1
5736.5 9.2899e-15 1.01146e-16 1
5738 9.22266e-15 1.01146e-16 1
5739.5 9.29121e-15 1.01146e-16 1
5741 9.24266e-15 1.01146e-16 1
5742.5 9.13496e-15 1.01146e-16 1
5744 9.0672e-15 1.01146e-16 1
5745.5 9.22373e-15 1.01146e-16 1
5747 9.20225e-15 1.01146e-16 1
5748.5 9.20758e-15 1.01146e-16 1
5750 9.17163e-15 1.01146e-16 1
5751.5 9.13958e-15 1.01146e-16 1
5753 9.15965e-15 1.01146e-16 1
5754.5 9.09047e-15 1.01146e-16 1
5756 9.06892e-15 1.01146e-16 1
5757.5 9.07219e-15 1.01146e-16 1
5759 9.13805e-15 1.01146e-16 1
5760.5 9.04634e-15 1.01146e-16 1
5762 9.00039e-15 1.01146e-16 1
5763.5 9.15032e-15 1.01146e-16 1
5765 9.11725e-15 1.01146e-16 1
5766.5 9.04832e-15 1.01146e-16 1
5768 9.10326e-15 1.01146e-16 1
5769.5 9.08275e-15 1.01146e-16 1
5771 8.97009e-15 1.01146e-16 1
5772.5 8.9794e-15 1.01146e-16 1
5774 9.01575e-15 1.01146e-16 1
5775.5 8.96177e-15 1.01146e-16 1
5777 9.01701e-15 1.01146e-16 1
5778.5 9.05419e-15 1.01146e-16 1
5780 8.99153e-15 1.01146e-16 1
5781.5 9.00093e-15 1.01146e-16 1
5783 8.95524e-15 1.01146e-16 1
5784.5 8.9591e-15 1.01146e-16 1
5786 8.96297e-15 1.01146e-16 1
5787.5 8.96683e-15 1.01146e-16 1
5789 8.96683e-15 1.01146e-16 1
5790.5 8.86657e-15 1.01146e-16 1
5792 8.94105e-15 1.01146e-16 1
5793.5 8.86508e-15 1.01146e-16 1
5795 8.82008e-15 1.01146e-16 1
5796.5 8.85078e-15 1.01146e-16 1
5798 8.82125e-15 1.01146e-16 1
5799.5 8.74415e-15 1.01146e-16 1
5801 8.84755e-15 1.01146e-16 1
5802.5 8.84395e-15 1.01146e-16 1
5804 8.74681e-15 1.01146e-16 1
5805.5 8.6985e-15 1.01146e-16 1
5807 8.76079e-15 1.01146e-16 1
5808.5 8.7392e-15 1.01146e-16 1
5810 8.66015e-15 1.01146e-16 1
5811.5 8.65738e-15 1.01146e-16 1
5813 8.69101e-15 1.01146e-16 1
5814.5 8.69014e-15 1.01146e-16 1
5816 8.77026e-15 1.01146e-16 1
5817.5 8.76196e-15 1.01146e-16 1
5819 8.63812e-15 1.01146e-16 1
5820.5 8.73049e-15 1.01146e-16 1
5822 8.72508e-15 1.01146e-16 1
5823.5 8.67998e-15 1.01146e-16 1
5825 8.69906e-15 1.01146e-16 1
5826.5 8.61598e-15 1.01146e-16 1
5828 8.58124e-15 1.01146e-16 1
5829.5 8.73613e-15 1.01146e-16 1
5831 8.77901e-15 1.01146e-16 1
5832.5 8.73434e-15 1.01146e-16 1
5834 8.75247e-15 1.01146e-16 1
5835.5 8.7583e-15 1.01146e-16 1
5837 8.6675e-15 1.01146e-16 1
5838.5 8.64311e-15 1.01146e-16 1
5840 8.73057e-15 1.85949e-16 1
5841.5 8.68757e-15 1.85949e-16 1
5843 8.61799e-15 1.85949e-16 1
5844.5 8.61752e-15 1.85949e-16 1
5846 8.74022e-15 1.85949e-16 1
5847.5 8.8289e-15 1.85949e-16 1
5849 8.76502e-15 1.85949e-16 1
5850.5 8.73794e-15 1.85949e-16 1
5852 8.77271e-15 1.85949e-16 1
5853.5 8.76921e-15 1.85949e-16 1
5855 8.69876e-15 1.85949e-16 1
5856.5 8.62738e-15 1.85949e-16 1
5858 8.62684e-15 1.85949e-16 1
5859.5 8.6857e-15 1.85949e-16 1
5861 8.72993e-15 1.85949e-16 1
5862.5 8.77128e-15 1.85949e-16 1
5864 8.70116e-15 1.85949e-16 1
5865.5 8.56715e-15 1.85949e-16 1
5867 8.62034e-15 1.85949e-16 1
5868.5 8.74546e-15 1.85949e-16 1
5870 8.74316e-15 1.85949e-16 1
5871.5 8.74086e-15 1.85949e-16 1
5873 8.73856e-15 1.85949e-16 1
5874.5 8.73856e-15 1.85949e-16 1
5876 8.58367e-15 1.85949e-16 1
5877.5 8.60252e-15 1.85949e-16 1
5879 8.64777e-15 1.85949e-16 1
5880.5 8.7206e-15 1.85949e-16 1
5882 8.73541e-15 1.85949e-16 1
5883.5 8.66651e-15 1.85949e-16 1
5885 8.64211e-15 1.85949e-16 1
5886.5 8.57877e-15 1.85949e-16 1
5888 8.43235e-15 1.85949e-16 1
5889.5 8.31503e-15 1.85949e-16 1
5891 8.31563e-15 1.85949e-16 1
5892.5 8.41682e-15 1.85949e-16 1
5894 8.36149e-15 1.85949e-16 1
5895.5 8.2971e-15 1.85949e-16 1
5897 8.37966e-15 1.85949e-16 1
5898.5 8.35125e-15 1.85949e-16 1
5900 8.52766e-15 1.85949e-16 1
5901.5 8.69847e-15 1.85949e-16 1
5903 8.66951e-15 1.85949e-16 1
5904.5 8.66675e-15 1.85949e-16 1
5906 8.80453e-15 1.85949e-16 1
5907.5 8.65574e-15 1.85949e-16 1
5909 8.60967e-15 1.85949e-16 1
5910.5 8.67406e-15 1.85949e-16 1
5912 8.70643e-15 1.85949e-16 1
5913.5 8.65017e-15 1.85949e-16 1
5915 8.65434e-15 1.85949e-16 1
5916.5 8.73679e-15 1.85949e-16 1
5918 8.73394e-15 1.85949e-16 1
5919.5 8.76342e-15 1.85949e-16 1
5921 8.84814e-15 1.85949e-16 1
5922.5 8.81075e-15 1.85949e-16 1
5924 8.67763e-15 1.85949e-16 1
5925.5 8.71608e-15 1.85949e-16 1
5927 8.81614e-15 1.85949e-16 1
5928.5 8.8343e-15 1.85949e-16 1
5930 8.7908e-15 1.85949e-16 1
5931.5 8.80344e-15 1.85949e-16 1
5933 8.8294e-15 1.85949e-16 1
5934.5 8.86365e-15 1.85949e-16 1
5936 8.9188e-15 1.85949e-16 1
5937.5 8.80367e-15 1.85949e-16 1
5939 8.74293e-15 1.85949e-16 1
5940.5 8.76291e-15 3.05473e-16 1
5942 8.75408e-15 3.05473e-16 1
5943.5 8.87078e-15 3.05473e-16 1
5945 8.84899e-15 3.05473e-16 1
5946.5 8.65444e-15 3.05473e-16 1
5948 8.28531e-15 3.05473e-16 1
5949.5 7.81781e-15 3.05473e-16 1
5951 7.39785e-15 3.05473e-16 1
5952.5 7.53474e-15 3.05473e-16 1
5954 7.7223e-15 3.05473e-16 1
5955.5 7.61498e-15 3.05473e-16 1
5957 7.67087e-15 3.05473e-16 1
5958.5 7.7836e-15 3.05473e-16 1
5960 8.15355e-15 3.05473e-16 1
5961.5 8.46672e-15 3.05473e-16 1
5963 8.65984e-15 3.05473e-16 1
5964.5 8.63028e-15 3.05473e-16 1
5966 8.70509e-15 3.05473e-16 1
5967.5 8.76356e-15 3.05473e-16 1
5969 8.7266e-15 3.05473e-16 1
5970.5 8.66703e-15 3.05473e-16 1
5972 8.67923e-15 3.05473e-16 1
5973.5 8.72188e-15 3.05473e-16 1
5975 8.7425e-15 3.05473e-16 1
5976.5 8.66789e-15 3.05473e-16 1
5978 8.62941e-15 3.05473e-16 1
5979.5 8.69444e-15 3.05473e-16 1
5981 8.76794e-15 3.05473e-16 1
5982.5 8.73538e-15 3.05473e-16 1
5984 8.61095e-15 3.05473e-16 1
5985.5 8.65333e-15 3.05473e-16 1
5987 8.72006e-15 3.05473e-16 1
5988.5 8.67357e-15 3.05473e-16 1
5990 8.6793e-15 3.05473e-16 1
5991.5 8.69034e-15 3.05473e-16 1
5993 8.61391e-15 3.05473e-16 1
5994.5 8.61133e-15 3.05473e-16 1
5996 8.67596e-15 3.05473e-16 1
5997.5 8.67155e-15 3.05473e-16 1
5999 8.58205e-15 3.05473e-16 1
6000.5 8.5868e-15 3.05473e-16 1
6002 8.59405e-15 3.05473e-16 1
6003.5 8.5792e-15 3.05473e-16 1
6005 8.65252e-15 3.05473e-16 1
6006.5 8.69244e-15 3.05473e-16 1
6008 8.65489e-15 3.05473e-16 1
6009.5 8.51959e-15 3.05473e-16 1
6011 8.57082e-15 3.05473e-16 1
6012.5 8.59912e-15 3.05473e-16 1
6014 8.48719e-15 3.05473e-16 1
6015.5 8.45142e-15 3.05473e-16 1
6017 8.5062e-15 3.05473e-16 1
6018.5 8.60718e-15 3.05473e-16 1
6020 8.53052e-15 3.05473e-16 1
6021.5 8.55044e-15 3.05473e-16 1
6023 8.61853e-15 3.05473e-16 1
6024.5 8.43564e-15 3.05473e-16 1
6026 8.41026e-15 3.05473e-16 1
6027.5 8.41063e-15 3.05473e-16 1
6029 8.32939e-15 3.05473e-16 1
6030.5 8.26093e-15 3.05473e-16 1
6032 8.25723e-15 3.05473e-16 1
6033.5 8.28517e-15 3.05473e-16 1
6035 8.32727e-15 3.05473e-16 1
6036.5 8.42098e-15 3.05473e-16 1
6038 8.39665e-15 3.05473e-16 1
6039.5 8.36581e-15 3.05473e-16 1
6041 8.30917e-15 1.01146e-16 1
6042.5 8.30647e-15 1.01146e-16 1
6044 8.30118e-15 1.01146e-16 1
6045.5 8.26868e-15 1.01146e-16 1
6047 8.2721e-15 1.01146e-16 1
6048.5 8.1729e-15 1.01146e-16 1
6050 8.1138e-15 1.01146e-16 1
6051.5 8.08002e-15 1.01146e-16 1
6053 8.00398e-15 1.01146e-16 1
6054.5 7.99027e-15 1.01146e-16 1
6056 8.0061e-15 1.01146e-16 1
6057.5 8.01491e-15 1.01146e-16 1
6059 7.99909e-15 1.01146e-16 1
6060.5 7.96438e-15 1.01146e-16 1
6062 7.89773e-15 1.01146e-16 1
6063.5 7.85061e-15 1.01146e-16 1
6065 7.81725e-15 1.01146e-16 1
6066.5 7.82639e-15 1.01146e-16 1
6068 7.87626e-15 1.01146e-16 1
6069.5 7.84827e-15 1.01146e-16 1
6071 7.74595e-15 1.01146e-16 1
6072.5 7.77327e-15 1.01146e-16 1
6074 7.78958e-15 1.01146e-16 1
6075.5 7.75511e-15 1.01146e-16 1
6077 7.72141e-15 1.01146e-16 1
6078.5 7.65107e-15 1.01146e-16 1
6080 7.75918e-15 1.01146e-16 1
6081.5 7.77838e-15 1.01146e-16 1
6083 7.6719e-15 1.01146e-16 1
6084.5 7.63074e-15 1.01146e-16 1
6086 7.64013e-15 1.01146e-16 1
6087.5 7.68095e-15 1.01146e-16 1
6089 7.58197e-15 1.01146e-16 1
6090.5 7.59999e-15 1.01146e-16 1
6092 7.6246e-15 1.01146e-16 1
6093.5 7.64661e-15 1.01146e-16 1
6095 7.44937e-15 1.01146e-16 1
6096.5 7.42436e-15 1.01146e-16 1
6098 7.51812e-15 1.01146e-16 1
6099.5 7.51216e-15 1.01146e-16 1
6101 7.43674e-15 1.01146e-16 1
6102.5 7.28764e-15 1.01146e-16 1
6104 7.22867e-15 1.01146e-16 1
6105.5 7.38448e-15 1.01146e-16 1
6107 7.23832e-15 1.01146e-16 1
6108.5 7.17974e-15 1.01146e-16 1
6110 7.13612e-15 1.01146e-16 1
6111.5 7.18694e-15 1.01146e-16 1
6113 7.13764e-15 1.01146e-16 1
6114.5 7.09889e-15 1.01146e-16 1
6116 7.19938e-15 1.01146e-16 1
6117.5 7.05839e-15 1.01146e-16 1
6119 6.98951e-15 1.01146e-16 1
6120.5 7.0204e-15 1.01146e-16 1
6122 6.9203e-15 1.01146e-16 1
6123.5 6.91313e-15 1.01146e-16 1
6125 6.86325e-15 1.01146e-16 1
6126.5 6.81388e-15 1.01146e-16 1
6128 6.84313e-15 1.01146e-16 1
6129.5 6.77135e-15 1.01146e-16 1
6131 6.80546e-15 1.01146e-16 1
6132.5 6.76909e-15 1.01146e-16 1
6134 6.71575e-15 1.01146e-16 1
6135.5 6.70257e-15 1.01146e-16 1
6137 6.64561e-15 1.01146e-16 1
6138.5 6.62282e-15 1.01146e-16 1
6140 6.56964e-15 1.01146e-16 1
6141.5 6.46185e-15 1.01146e-16 1
6143 6.48695e-15 1.01146e-16 1
6144.5 6.43747e-15 1.01146e-16 1
6146 6.33513e-15 1.01146e-16 1
6147.5 6.37424e-15 1.01146e-16 1
6149 6.35278e-15 1.01146e-16 1
6150.5 6.3144e-15 1.01146e-16 1
6152 6.20743e-15 1.01146e-16 1
6153.5 6.14347e-15 1.01146e-16 1
6155 6.12305e-15 1.01146e-16 1
6156.5 6.11343e-15 1.01146e-16 1
6158 6.09087e-15 1.01146e-16 1
6159.5 6.02055e-15 1.01146e-16 1
6161 5.92408e-15 1.01146e-16 1
6162.5 5.87615e-15 1.01146e-16 1
6164 5.81876e-15 1.01146e-16 1
6165.5 5.74467e-15 1.01146e-16 1
6167 5.78443e-15 1.01146e-16 1
6168.5 5.73571e-15 1.01146e-16 1
6170 5.75384e-15 1.01146e-16 1
6171.5 5.66117e-15 1.01146e-16 1
6173 5.53004e-15 1.01146e-16 1
6174.5 5.54078e-15 1.01146e-16 1
6176 5.45995e-15 1.01146e-16 1
6177.5 5.41957e-15 1.01146e-16 1
6179 5.31585e-15 1.01146e-16 1
6180.5 5.24615e-15 1.01146e-16 1
6182 5.22886e-15 1.01146e-16 1
6183.5 5.217e-15 1.01146e-16 1
6185 5.16141e-15 1.01146e-16 1
6186.5 5.10001e-15 1.01146e-16 1
6188 5.21111e-15 1.01146e-16 1
6189.5 5.21136e-15 1.01146e-16 1
6191 5.21374e-15 1.01146e-16 1
6192.5 5.17892e-15 1.01146e-16 1
6194 5.17038e-15 1.01146e-16 1
6195.5 5.11415e-15 1.01146e-16 1
6197 5.09687e-15 1.01146e-16 1
6198.5 5.10909e-15 1.01146e-16 1
6200 5.12926e-15 1.01146e-16 1
6201.5 5.12732e-15 1.01146e-16 1
6203 5.06793e-15 1.01146e-16 1
6204.5 5.07042e-15 1.01146e-16 1
6206 5.08227e-15 1.01146e-16 1
6207.5 5.06753e-15 1.01146e-16 1
6209 5.11961e-15 1.01146e-16 1
6210.5 5.12198e-15 1.01146e-16 1
6212 5.1454e-15 1.01146e-16 1
6213.5 5.17695e-15 1.01146e-16 1
6215 5.18747e-15 1.01146e-16 1
6216.5 5.16871e-15 1.01146e-16 1
6218 5.22836e-15 1.01146e-16 1
6219.5 5.24677e-15 1.01146e-16 1
6221 5.22664e-15 1.01146e-16 1
6222.5 5.19806e-15 1.01146e-16 1
6224 5.17825e-15 1.01146e-16 1
6225.5 5.30022e-15 1.01146e-16 1
6227 5.35507e-15 1.01146e-16 1
6228.5 5.36357e-15 1.01146e-16 1
6230 5.39359e-15 1.01146e-16 1
6231.5 5.42629e-15 1.01146e-16 1
6233 5.53157e-15 1.01146e-16 1
6234.5 5.52168e-15 1.01146e-16 1
6236 5.55541e-15 1.01146e-16 1
6237.5 5.54948e-15 1.01146e-16 1
6239 5.6091e-15 1.01146e-16 1
6240.5 5.60054e-15 1.01146e-16 1
6242 5.58688e-15 1.01146e-16 1
6243.5 5.68882e-15 1.01146e-16 1
6245 5.6269e-15 1.01146e-16 1
6246.5 5.56192e-15 1.01146e-16 1
6248 5.7201e-15 1.01146e-16 1
6249.5 5.79981e-15 1.01146e-16 1
6251 5.82705e-15 1.01146e-16 1
6252.5 5.90118e-15 1.01146e-16 1
6254 5.88117e-15 1.01146e-16 1
6255.5 5.87204e-15 1.01146e-16 1
6257 5.92145e-15 1.01146e-16 1
6258.5 5.91342e-15 1.01146e-16 1
6260 5.98374e-15 1.01146e-16 1
6261.5 6.02823e-15 1.01146e-16 1
6263 5.99392e-15 1.01146e-16 1
6264.5 6.03355e-15 1.01146e-16 1
6266 6.02815e-15 1.01146e-16 1
6267.5 5.98821e-15 1.01146e-16 1
6269 5.98771e-15 1.01146e-16 1
6270.5 6.04936e-15 1.01146e-16 1
6272 6.09774e-15 1.01146e-16 1
6273.5 6.18341e-15 1.01146e-16 1
6275 6.21728e-15 1.01146e-16 1
6276.5 6.17724e-15 1.01146e-16 1
6278 6.22636e-15 1.01146e-16 1
6279.5 6.2522e-15 1.01146e-16 1
6281 6.2983e-15 1.01146e-16 1
6282.5 6.39527e-15 1.01146e-16 1
6284 6.4134e-15 1.01146e-16 1
6285.5 6.42006e-15 1.01146e-16 1
6287 6.4838e-15 1.01146e-16 1
6288.5 6.50093e-15 1.01146e-16 1
6290 6.37639e-15 1.01146e-16 1
6291.5 6.41414e-15 1.01146e-16 1
6293 6.43785e-15 1.01146e-16 1
6294.5 6.44286e-15 1.01146e-16 1
6296 6.50593e-15 1.01146e-16 1
6297.5 6.61508e-15 1.01146e-16 1
6299 6.54757e-15 1.01146e-16 1
6300.5 6.60102e-15 1.01146e-16 1
6302 6.7132e-15 1.01146e-16 1
6303.5 6.55779e-15 1.01146e-16 1
6305 6.57196e-15 1.01146e-16 1
6306.5 6.72656e-15 1.01146e-16 1
6308 6.62154e-15 1.01146e-16 1
6309.5 6.66426e-15 1.01146e-16 1
6311 6.65819e-15 1.01146e-16 1
6312.5 6.66164e-15 1.01146e-16 1
6314 6.76691e-15 1.01146e-16 1
6315.5 6.71463e-15 1.01146e-16 1
6317 6.72074e-15 1.01146e-16 1
6318.5 6.76771e-15 1.01146e-16 1
6320 6.83487e-15 1.01146e-16 1
6321.5 6.85698e-15 1.01146e-16 1
6323 6.80997e-15 1.01146e-16 1
6324.5 6.81867e-15 1.01146e-16 1
6326 6.76146e-15 1.01146e-16 1
6327.5 6.85781e-15 1.01146e-16 1
6329 6.83533e-15 1.01146e-16 1
6330.5 6.90645e-15 1.01146e-16 1
6332 6.84537e-15 1.01146e-16 1
6333.5 6.83772e-15 1.01146e-16 1
6335 6.934e-15 1.01146e-16 1
6336.5 6.92601e-15 1.01146e-16 1
6338 6.92043e-15 1.01146e-16 1
6339.5 6.9342e-15 1.01146e-16 1
6341 6.84827e-15 1.01146e-16 1
6342.5 6.87013e-15 1.01146e-16 1
6344 6.88905e-15 1.01146e-16 1
6345.5 6.97276e-15 1.01146e-16 1
6347 7.01293e-15 1.01146e-16 1
6348.5 6.90547e-15 1.01146e-16 1
6350 6.87845e-15 1.01146e-16 1
6351.5 6.95196e-15 1.01146e-16 1
6353 7.02876e-15 1.01146e-16 1
6354.5 6.92718e-15 1.01146e-16 1
6356 6.81713e-15 1.01146e-16 1
6357.5 6.93728e-15 1.01146e-16 1
6359 7.01755e-15 1.01146e-16 1
6360.5 6.99323e-15 1.01146e-16 1
6362 7.00167e-15 1.01146e-16 1
6363.5 6.97442e-15 1.01146e-16 1
6365 6.98429e-15 1.01146e-16 1
6366.5 6.90501e-15 1.01146e-16 1
6368 6.92884e-15 1.01146e-16 1
6369.5 6.98425e-15 1.01146e-16 1
6371 6.98459e-15 1.01146e-16 1
6372.5 7.04655e-15 1.01146e-16 1
6374 7.05262e-15 1.01146e-16 1
6375.5 6.84047e-15 1.01146e-16 1
6377 6.79279e-15 1.01146e-16 1
6378.5 6.89235e-15 1.01146e-16 1
6380 6.76844e-15 1.01146e-16 1
6381.5 6.915e-15 1.01146e-16 1
6383 6.98543e-15 1.01146e-16 1
6384.5 7.00976e-15 1.01146e-16 1
6386 6.93247e-15 1.01146e-16 1
6387.5 6.96223e-15 1.01146e-16 1
6389 6.86881e-15 1.01146e-16 1
6390.5 6.88199e-15 1.01146e-16 1
6392 6.89272e-15 1.01146e-16 1
6393.5 6.84494e-15 1.01146e-16 1
6395 6.86841e-15 1.01146e-16 1
6396.5 6.96346e-15 1.01146e-16 1
6398 6.9776e-15 1.01146e-16 1
6399.5 7.01651e-15 1.01146e-16 1
6401 6.93534e-15 1.01146e-16 1
6402.5 6.86085e-15 1.01146e-16 1
6404 6.8573e-15 1.01146e-16 1
6405.5 6.87817e-15 1.01146e-16 1
6407 6.84176e-15 1.01146e-16 1
6408.5 6.83209e-15 1.01146e-16 1
6410 6.83979e-15 1.01146e-16 1
6411.5 6.85571e-15 1.01146e-16 1
6413 6.76369e-15 1.01146e-16 1
6414.5 6.71627e-15 1.01146e-16 1
6416 6.73778e-15 1.01146e-16 1
6417.5 6.72893e-15 1.01146e-16 1
6419 6.74274e-15 1.01146e-16 1
6420.5 6.72485e-15 1.01146e-16 1
6422 6.66194e-15 1.01146e-16 1
6423.5 6.68715e-15 1.01146e-16 1
6425 6.79461e-15 1.01146e-16 1
6426.5 6.873e-15 1.01146e-16 1
6428 6.83527e-15 1.01146e-16 1
6429.5 6.67576e-15 1.01146e-16 1
6431 6.56051e-15 1.01146e-16 1
6432.5 6.62871e-15 1.01146e-16 1
6434 6.6235e-15 1.01146e-16 1
6435.5 6.65858e-15 1.01146e-16 1
6437 6.71445e-15 1.01146e-16 1
6438.5 6.69528e-15 1.01146e-16 1
6440 6.55543e-15 1.01146e-16 1
6441.5 6.51219e-15 1.01146e-16 1
6443 6.51583e-15 1.01146e-16 1
6444.5 6.47947e-15 1.01146e-16 1
6446 6.50829e-15 1.01146e-16 1
6447.5 6.57038e-15 1.01146e-16 1
6449 6.59244e-15 1.01146e-16 1
6450.5 6.60429e-15 1.01146e-16 1
6452 6.52741e-15 1.01146e-16 1
6453.5 6.50478e-15 1.01146e-16 1
6455 6.3481e-15 1.01146e-16 1
6456.5 6.34141e-15 1.01146e-16 1
6458 6.49701e-15 1.01146e-16 1
6459.5 6.41646e-15 1.01146e-16 1
6461 6.29128e-15 1.01146e-16 1
6462.5 6.32449e-15 1.01146e-16 1
6464 6.3786e-15 1.01146e-16 1
6465.5 6.37518e-15 1.01146e-16 1
6467 6.32926e-15 1.01146e-16 1
6468.5 6.37521e-15 1.01146e-16 1
6470 6.34842e-15 1.01146e-16 1
6471.5 6.28612e-15 1.01146e-16 1
6473 6.23831e-15 1.01146e-16 1
6474.5 6.18019e-15 1.01146e-16 1
6476 6.16846e-15 1.01146e-16 1
6477.5 6.16456e-15 1.01146e-16 1
6479 6.13922e-15 1.01146e-16 1
6480.5 6.12922e-15 1.01146e-16 1
6482 6.15011e-15 1.01146e-16 1
6483.5 6.12731e-15 1.01146e-16 1
6485 6.08008e-15 1.01146e-16 1
6486.5 6.02976e-15 1.01146e-16 1
6488 6.0348e-15 1.01146e-16 1
6489.5 6.09629e-15 1.01146e-16 1
6491 6.10019e-15 1.01146e-16 1
6492.5 6.10247e-15 1.01146e-16 1
6494 6.11686e-15 1.01146e-16 1
6495.5 6.03986e-15 1.01146e-16 1
6497 6.01124e-15 1.01146e-16 1
6498.5 6.0146e-15 1.01146e-16 1
6500 5.99395e-15 1.01146e-16 1
6501.5 5.98863e-15 1.01146e-16 1
6503 5.96036e-15 1.01146e-16 1
6504.5 5.93536e-15 1.01146e-16 1
6506 5.92758e-15 1.01146e-16 1
6507.5 5.99167e-15 1.01146e-16 1
6509 5.95343e-15 1.01146e-16 1
6510.5 5.91275e-15 1.01146e-16 1
6512 5.87165e-15 1.01146e-16 1
6513.5 5.79422e-15 1.01146e-16 1
6515 5.76491e-15 1.01146e-16 1
6516.5 5.77452e-15 1.01146e-16 1
6518 5.7467e-15 1.01146e-16 1
6519.5 5.84014e-15 1.01146e-16 1
6521 5.81787e-15 1.01146e-16 1
6522.5 5.73728e-15 1.01146e-16 1
6524 5.6906e-15 1.01146e-16 1
6525.5 5.75714e-15 1.01146e-16 1
6527 5.8336e-15 1.01146e-16 1
6528.5 5.8285e-15 1.01146e-16 1
6530 5.83238e-15 1.01146e-16 1
6531.5 5.82386e-15 1.01146e-16 1
6533 5.76033e-15 1.01146e-16 1
6534.5 5.76357e-15 1.01146e-16 1
6536 5.78929e-15 1.01146e-16 1
6537.5 5.76627e-15 1.01146e-16 1
6539 5.71797e-15 1.01146e-16 1
6540.5 5.74643e-15 1.01146e-16 1
6542 5.74509e-15 1.01146e-16 1
6543.5 5.67311e-15 1.01146e-16 1
6545 5.75314e-15 1.01146e-16 1
6546.5 5.78795e-15 1.01146e-16 1
6548 5.76952e-15 1.01146e-16 1
6549.5 5.72554e-15 1.01146e-16 1
6551 5.74965e-15 1.01146e-16 1
6552.5 5.78197e-15 1.01146e-16 1
6554 5.72755e-15 1.01146e-16 1
6555.5 5.65015e-15 1.01146e-16 1
6557 5.64534e-15 1.01146e-16 1
6558.5 5.66127e-15 1.01146e-16 1
6560 5.6845e-15 1.01146e-16 1
6561.5 5.66846e-15 1.01146e-16 1
6563 5.62196e-15 1.01146e-16 1
6564.5 5.6461e-15 1.01146e-16 1
6566 5.69099e-15 1.01146e-16 1
6567.5 5.62868e-15 1.01146e-16 1
6569 5.60582e-15 1.01146e-16 1
6570.5 5.59096e-15 1.01146e-16 1
6572 5.53324e-15 1.01146e-16 1
6573.5 5.56668e-15 1.01146e-16 1
6575 5.50445e-15 1.01146e-16 1
6576.5 5.47453e-15 1.01146e-16 1
6578 5.54469e-15 1.01146e-16 1
6579.5 5.4997e-15 1.01146e-16 1
6581 5.49144e-15 1.01146e-16 1
6582.5 5.54188e-15 1.01146e-16 1
6584 5.49317e-15 1.01146e-16 1
6585.5 5.49628e-15 1.01146e-16 1
6587 5.53341e-15 1.01146e-16 1
6588.5 5.59572e-15 1.01146e-16 1
6590 5.45791e-15 1.01146e-16 1
6591.5 5.50872e-15 1.01146e-16 1
6593 5.60918e-15 1.01146e-16 1
6594.5 5.51296e-15 1.01146e-16 1
6596 5.4454e-15 1.01146e-16 1
6597.5 5.40705e-15 1.01146e-16 1
6599 5.31853e-15 1.01146e-16 1
6600.5 5.36495e-15 1.01146e-16 1
6602 5.4221e-15 1.01146e-16 1
6603.5 5.43325e-15 1.01146e-16 1
6605 5.38565e-15 1.01146e-16 1
6606.5 5.42243e-15 1.01146e-16 1
6608 5.36655e-15 1.01146e-16 1
6609.5 5.47845e-15 1.01146e-16 1
6611 5.46532e-15 1.01146e-16 1
6612.5 5.37111e-15 1.01146e-16 1
6614 5.45053e-15 1.01146e-16 1
6615.5 5.37952e-15 1.01146e-16 1
6617 5.42286e-15 1.01146e-16 1
6618.5 5.4726e-15 1.01146e-16 1
6620 5.43465e-15 1.01146e-16 1
6621.5 5.34256e-15 1.01146e-16 1
6623 5.2742e-15 1.01146e-16 1
6624.5 5.29296e-15 1.01146e-16 1
6626 5.32529e-15 1.01146e-16 1
6627.5 5.27398e-15 1.01146e-16 1
6629 5.26976e-15 1.01146e-16 1
6630.5 5.33705e-15 1.01146e-16 1
6632 5.36797e-15 1.01146e-16 1
6633.5 5.37108e-15 1.01146e-16 1
6635 5.32254e-15 1.01146e-16 1
6636.5 5.27656e-15 1.01146e-16 1
6638 5.31686e-15 1.01146e-16 1
6639.5 5.31868e-15 1.01146e-16 1
6641 5.2715e-15 1.01146e-16 1
6642.5 5.24978e-15 1.01146e-16 1
6644 5.2987e-15 1.01146e-16 1
6645.5 5.24862e-15 1.01146e-16 1
6647 5.23649e-15 1.01146e-16 1
6648.5 5.29224e-15 1.01146e-16 1
6650 5.2623e-15 1.01146e-16 1
6651.5 5.19998e-15 1.01146e-16 1
6653 5.24592e-15 1.01146e-16 1
6654.5 5.25257e-15 1.01146e-16 1
6656 5.28043e-15 1.01146e-16 1
6657.5 5.24572e-15 1.01146e-16 1
6659 5.21796e-15 1.01146e-16 1
6660.5 5.20254e-15 1.01146e-16 1
6662 5.22247e-15 1.01146e-16 1
6663.5 5.26136e-15 1.01146e-16 1
6665 5.17789e-15 1.01146e-16 1
6666.5 5.22042e-15 1.01146e-16 1
6668 5.25615e-15 1.01146e-16 1
6669.5 5.21024e-15 1.01146e-16 1
6671 5.15509e-15 1.01146e-16 1
6672.5 5.16554e-15 1.01146e-16 1
6674 5.19629e-15 1.01146e-16 1
6675.5 5.1336e-15 1.01146e-16 1
6677 5.1015e-15 1.01146e-16 1
6678.5 5.10214e-15 1.01146e-16 1
6680 5.04051e-15 1.01146e-16 1
6681.5 5.06477e-15 1.01146e-16 1
6683 5.10063e-15 1.01146e-16 1
6684.5 5.15763e-15 1.01146e-16 1
6686 5.16331e-15 1.01146e-16 1
6687.5 5.07083e-15 1.01146e-16 1
6689 5.0611e-15 1.01146e-16 1
6690.5 5.03002e-15 1.01146e-16 1
6692 4.98497e-15 1.01146e-16 1
6693.5 4.95681e-15 1.01146e-16 1
6695 4.94967e-15 1.01146e-16 1
6696.5 5.03243e-15 1.01146e-16 1
6698 5.02361e-15 1.01146e-16 1
6699.5 4.9646e-15 1.01146e-16 1
6701 4.95624e-15 1.01146e-16 1
6702.5 4.95006e-15 1.01146e-16 1
6704 4.95571e-15 1.01146e-16 1
6705.5 4.96222e-15 1.01146e-16 1
6707 4.96944e-15 1.01146e-16 1
6708.5 4.99081e-15 1.01146e-16 1
6710 5.04237e-15 1.01146e-16 1
6711.5 4.96624e-15 1.01146e-16 1
6713 4.87986e-15 1.01146e-16 1
6714.5 4.88316e-15 1.01146e-16 1
6716 4.90957e-15 1.01146e-16 1
6717.5 4.9689e-15 1.01146e-16 1
6719 4.99229e-15 1.01146e-16 1
6720.5 4.94541e-15 1.01146e-16 1
6722 4.89926e-15 1.01146e-16 1
6723.5 4.91843e-15 1.01146e-16 1
6725 4.85221e-15 1.01146e-16 1
6726.5 4.8367e-15 1.01146e-16 1
6728 4.86446e-15 1.01146e-16 1
6729.5 4.82471e-15 1.01146e-16 1
6731 4.82066e-15 1.01146e-16 1
6732.5 4.8268e-15 1.01146e-16 1
6734 4.85194e-15 1.01146e-16 1
6735.5 4.81941e-15 1.01146e-16 1
6737 4.64181e-15 1.01146e-16 1
6738.5 4.69338e-15 1.01146e-16 1
6740 4.79034e-15 1.01146e-16 1
6741.5 4.73784e-15 1.01146e-16 1
6743 4.80181e-15 1.01146e-16 1
6744.5 4.8173e-15 1.01146e-16 1
6746 4.81654e-15 1.01146e-16 1
6747.5 4.79602e-15 1.01146e-16 1
6749 4.83103e-15 1.01146e-16 1
6750.5 4.7883e-15 1.01146e-16 1
6752 4.74578e-15 1.01146e-16 1
6753.5 4.8083e-15 1.01146e-16 1
6755 4.80788e-15 1.01146e-16 1
6756.5 4.74885e-15 1.01146e-16 1
6758 4.80187e-15 1.01146e-16 1
6759.5 4.77026e-15 1.01146e-16 1
6761 4.61443e-15 1.01146e-16 1
6762.5 4.65839e-15 1.01146e-16 1
6764 4.71548e-15 1.01146e-16 1
6765.5 4.6658e-15 1.01146e-16 1
6767 4.67171e-15 1.01146e-16 1
6768.5 4.70219e-15 1.01146e-16 1
6770 4.68714e-15 1.01146e-16 1
6771.5 4.64555e-15 1.01146e-16 1
6773 4.6485e-15 1.01146e-16 1
6774.5 4.7007e-15 1.01146e-16 1
6776 4.73909e-15 1.01146e-16 1
6777.5 4.68482e-15 1.01146e-16 1
6779 4.63661e-15 1.01146e-16 1
6780.5 4.70246e-15 1.01146e-16 1
6782 4.69567e-15 1.01146e-16 1
6783.5 4.65188e-15 1.01146e-16 1
6785 4.68848e-15 1.01146e-16 1
6786.5 4.67241e-15 1.01146e-16 1
6788 4.67317e-15 1.01146e-16 1
6789.5 4.6377e-15 1.01146e-16 1
6791 4.60097e-15 1.01146e-16 1
6792.5 4.6196e-15 1.01146e-16 1
6794 4.58027e-15 1.01146e-16 1
6795.5 4.59328e-15 1.01146e-16 1
6797 4.57016e-15 1.01146e-16 1
6798.5 4.62339e-15 1.01146e-16 1
6800 4.56112e-15 1.01146e-16 1
6801.5 4.53519e-15 1.01146e-16 1
6803 4.50648e-15 1.01146e-16 1
6804.5 4.49091e-15 1.01146e-16 1
6806 4.4835e-15 1.01146e-16 1
6807.5 4.48605e-15 1.01146e-16 1
6809 4.44186e-15 1.01146e-16 1
6810.5 4.45718e-15 1.01146e-16 1
6812 4.48406e-15 1.01146e-16 1
6813.5 4.4994e-15 1.01146e-16 1
6815 4.52059e-15 1.01146e-16 1
6816.5 4.54812e-15 1.01146e-16 1
6818 4.48818e-15 1.01146e-16 1
6819.5 4.41208e-15 1.01146e-16 1
6821 4.35404e-15 1.01146e-16 1
6822.5 4.41524e-15 1.01146e-16 1
6824 4.41536e-15 1.01146e-16 1
6825.5 4.46164e-15 1.01146e-16 1
6827 4.51222e-15 1.01146e-16 1
6828.5 4.43077e-15 1.01146e-16 1
6830 4.40139e-15 1.01146e-16 1
6831.5 4.46274e-15 1.01146e-16 1
6833 4.43938e-15 1.01146e-16 1
6834.5 4.46667e-15 1.01146e-16 1
6836 4.43339e-15 1.01146e-16 1
6837.5 4.45253e-15 1.01146e-16 1
6839 4.49816e-15 1.01146e-16 1
6840.5 4.4035e-15 1.01146e-16 1
6842 4.34799e-15 1.01146e-16 1
6843.5 4.37817e-15 1.01146e-16 1
6845 4.40428e-15 1.01146e-16 1
6846.5 4.45266e-15 1.01146e-16 1
6848 4.42589e-15 1.01146e-16 1
6849.5 4.34196e-15 1.01146e-16 1
6851 4.42475e-15 1.01146e-16 1
6852.5 4.42802e-15 1.01146e-16 1
6854 4.34274e-15 1.01146e-16 1
6855.5 4.43147e-15 1.01146e-16 1
6857 4.43774e-15 1.01146e-16 1
6858.5 4.3923e-15 1.01146e-16 1
6860 4.43772e-15 1.01146e-16 1
6861.5 4.42348e-15 1.01146e-16 1
6863 4.46162e-15 1.01146e-16 1
6864.5 4.4688e-15 1.01146e-16 1
6866 4.32675e-15 1.01146e-16 1
6867.5 4.15448e-15 1.01146e-16 1
6869 4.3015e-15 1.01146e-16 1
6870.5 4.48178e-15 1.01146e-16 1
6872 4.29575e-15 1.01146e-16 1
6873.5 4.48867e-15 1.01146e-16 1
6875 4.39988e-15 1.01146e-16 1
6876.5 4.29568e-15 1.01146e-16 1
6878 4.32065e-15 1.01146e-16 1
6879.5 4.33326e-15 1.01146e-16 1
6881 4.30435e-15 1.01146e-16 1
6882.5 4.24398e-15 1.01146e-16 1
6884 4.24303e-15 1.01146e-16 1
6885.5 4.21744e-15 1.01146e-16 1
6887 4.22617e-15 1.01146e-16 1
6888.5 4.28212e-15 1.01146e-16 1
6890 4.24331e-15 1.01146e-16 1
6891.5 4.23436e-15 1.01146e-16 1
6893 4.30674e-15 1.01146e-16 1
6894.5 4.26836e-15 1.01146e-16 1
6896 4.26891e-15 1.01146e-16 1
6897.5 4.29755e-15 1.01146e-16 1
6899 4.30805e-15 1.01146e-16 1
6900.5 4.31418e-15 1.01146e-16 1
6902 4.32077e-15 1.01146e-16 1
6903.5 4.29176e-15 1.01146e-16 1
6905 4.16837e-15 1.01146e-16 1
6906.5 4.10994e-15 1.01146e-16 1
6908 4.07405e-15 1.01146e-16 1
6909.5 4.10759e-15 1.01146e-16 1
6911 4.15609e-15 1.01146e-16 1
6912.5 4.17022e-15 1.01146e-16 1
6914 4.17872e-15 1.01146e-16 1
6915.5 4.21603e-15 1.01146e-16 1
6917 4.23019e-15 1.01146e-16 1
6918.5 4.1785e-15 1.01146e-16 1
6920 4.21299e-15 1.01146e-16 1
6921.5 4.24494e-15 1.01146e-16 1
6923 4.09943e-15 1.01146e-16 1
6924.5 4.06974e-15 1.01146e-16 1
6926 4.03095e-15 1.01146e-16 1
6927.5 4.12212e-15 1.01146e-16 1
6929 4.13936e-15 1.01146e-16 1
6930.5 4.01429e-15 1.01146e-16 1
6932 4.07458e-15 1.01146e-16 1
6933.5 4.04179e-15 1.01146e-16 1
6935 4.11839e-15 1.01146e-16 1
6936.5 4.15857e-15 1.01146e-16 1
6938 4.08754e-15 1.01146e-16 1
6939.5 4.11517e-15 1.01146e-16 1
6941 4.01937e-15 1.01146e-16 1
6942.5 4.13272e-15 1.01146e-16 1
6944 4.07051e-15 1.01146e-16 1
6945.5 4.06115e-15 1.01146e-16 1
6947 4.12486e-15 1.01146e-16 1
6948.5 4.05438e-15 1.01146e-16 1
6950 4.02451e-15 1.01146e-16 1
6951.5 3.98756e-15 1.01146e-16 1
6953 4.11062e-15 1.01146e-16 1
6954.5 4.1305e-15 1.01146e-16 1
6956 4.13063e-15 1.01146e-16 1
6957.5 4.15839e-15 1.01146e-16 1
6959 4.12999e-15 1.01146e-16 1
6960.5 3.99847e-15 1.01146e-16 1
6962 3.99965e-15 1.01146e-16 1
6963.5 4.00025e-15 1.01146e-16 1
6965 4.00823e-15 1.01146e-16 1
6966.5 4.02915e-15 1.01146e-16 1
6968 4.04636e-15 1.01146e-16 1
6969.5 4.01771e-15 1.01146e-16 1
6971 3.97592e-15 1.01146e-16 1
6972.5 3.95357e-15 1.01146e-16 1
6974 3.95318e-15 1.01146e-16 1
6975.5 3.95892e-15 1.01146e-16 1
6977 3.95262e-15 1.01146e-16 1
6978.5 3.94805e-15 1.01146e-16 1
6980 4.02665e-15 1.01146e-16 1
6981.5 4.0518e-15 1.01146e-16 1
6983 3.9471e-15 1.01146e-16 1
6984.5 3.93942e-15 1.01146e-16 1
6986 4.02148e-15 1.01146e-16 1
6987.5 4.05656e-15 1.01146e-16 1
6989 4.04368e-15 1.01146e-16 1
6990.5 3.97167e-15 1.01146e-16 1
6992 3.93151e-15 1.01146e-16 1
6993.5 3.92343e-15 1.01146e-16 1
6995 3.92156e-15 1.01146e-16 1
6996.5 3.97247e-15 1.01146e-16 1
6998 3.97132e-15 1.01146e-16 1
6999.5 3.93879e-15 1.01146e-16 1
7001 3.9417e-15 1.01146e-16 1
7002.5 3.96613e-15 1.01146e-16 1
7004 3.9647e-15 1.01146e-16 1
7005.5 3.95403e-15 1.01146e-16 1
7007 3.91361e-15 1.01146e-16 1
7008.5 3.95488e-15 1.01146e-16 1
7010 3.97496e-15 1.01146e-16 1
7011.5 4.07556e-15 1.01146e-16 1
7013 4.07946e-15 1.01146e-16 1
7014.5 3.97222e-15 1.01146e-16 1
7016 3.90817e-15 1.01146e-16 1
7017.5 3.92709e-15 1.01146e-16 1
7019 3.90779e-15 1.01146e-16 1
7020.5 3.90236e-15 1.01146e-16 1
7022 4.00247e-15 1.01146e-16 1
7023.5 4.05487e-15 1.01146e-16 1
7025 4.03252e-15 1.01146e-16 1
7026.5 4.02052e-15 1.01146e-16 1
7028 4.00186e-15 1.01146e-16 1
7029.5 3.99699e-15 1.01146e-16 1
7031 4.03913e-15 1.01146e-16 1
7032.5 4.08357e-15 1.01146e-16 1
7034 4.11213e-15 1.01146e-16 1
7035.5 4.051e-15 1.01146e-16 1
7037 4.02198e-15 1.01146e-16 1
7038.5 3.99664e-15 1.01146e-16 1
7040 3.87411e-15 1.01146e-16 1
7041.5 3.88631e-15 1.01146e-16 1
7043 3.92435e-15 1.01146e-16 1
7044.5 3.86593e-15 1.01146e-16 1
7046 3.89871e-15 1.01146e-16 1
7047.5 3.95176e-15 1.01146e-16 1
7049 3.92236e-15 1.01146e-16 1
7050.5 3.919e-15 1.01146e-16 1
7052 3.96745e-15 1.01146e-16 1
7053.5 3.98812e-15 1.01146e-16 1
7055 3.95683e-15 1.01146e-16 1
7056.5 3.98401e-15 1.01146e-16 1
7058 4.05327e-15 1.01146e-16 1
7059.5 3.98434e-15 1.01146e-16 1
7061 3.9771e-15 1.01146e-16 1
7062.5 3.99737e-15 1.01146e-16 1
7064 3.99376e-15 1.01146e-16 1
7065.5 4.01534e-15 1.01146e-16 1
7067 3.99723e-15 1.01146e-16 1
7068.5 3.99608e-15 1.01146e-16 1
7070 3.97478e-15 1.01146e-16 1
7071.5 4.00003e-15 1.01146e-16 1
7073 3.98042e-15 1.01146e-16 1
7074.5 3.98875e-15 1.01146e-16 1
7076 3.97221e-15 1.01146e-16 1
7077.5 3.95066e-15 1.01146e-16 1
7079 4.09179e-15 1.01146e-16 1
7080.5 4.01975e-15 1.01146e-16 1
7082 3.95307e-15 1.01146e-16 1
7083.5 3.9402e-15 1.01146e-16 1
7085 3.83077e-15 1.01146e-16 1
7086.5 3.95324e-15 1.01146e-16 1
7088 3.95867e-15 1.01146e-16 1
7089.5 3.91324e-15 1.01146e-16 1
7091 3.89005e-15 1.01146e-16 1
7092.5 3.91278e-15 1.01146e-16 1
7094 3.90671e-15 1.01146e-16 1
7095.5 3.89003e-15 1.01146e-16 1
7097 3.9114e-15 1.01146e-16 1
7098.5 3.99487e-15 1.01146e-16 1
7100 3.89241e-15 1.01146e-16 1
7101.5 3.8638e-15 1.01146e-16 1
7103 3.98398e-15 1.01146e-16 1
7104.5 3.97912e-15 1.01146e-16 1
7106 3.91478e-15 1.01146e-16 1
7107.5 3.86855e-15 1.01146e-16 1
7109 3.84462e-15 1.01146e-16 1
7110.5 3.82915e-15 1.01146e-16 1
7112 3.75589e-15 1.01146e-16 1
7113.5 3.73146e-15 1.01146e-16 1
7115 3.83181e-15 1.01146e-16 1
7116.5 3.8912e-15 1.01146e-16 1
7118 3.87676e-15 1.01146e-16 1
7119.5 3.86159e-15 1.01146e-16 1
7121 3.89138e-15 1.01146e-16 1
7122.5 3.89696e-15 1.01146e-16 1
7124 3.82062e-15 1.01146e-16 1
7125.5 3.80697e-15 1.01146e-16 1
7127 3.8675e-15 1.01146e-16 1
7128.5 3.81695e-15 1.01146e-16 1
7130 3.69181e-15 1.01146e-16 1
7131.5 3.62478e-15 1.01146e-16 1
7133 3.67952e-15 1.01146e-16 1
7134.5 3.75021e-15 1.01146e-16 1
7136 3.79917e-15 1.01146e-16 1
7137.5 3.75686e-15 1.01146e-16 1
7139 3.73414e-15 1.01146e-16 1
7140.5 3.79338e-15 1.01146e-16 1
7142 3.74862e-15 1.01146e-16 1
7143.5 3.67987e-15 1.01146e-16 1
7145 3.69995e-15 1.01146e-16 1
7146.5 3.74618e-15 1.01146e-16 1
7148 3.64732e-15 1.01146e-16 1
7149.5 3.67781e-15 1.01146e-16 1
7151 3.76224e-15 1.01146e-16 1
7152.5 3.7168e-15 1.01146e-16 1
7154 3.68164e-15 1.01146e-16 1
7155.5 3.70653e-15 1.01146e-16 1
7157 3.70643e-15 1.01146e-16 1
7158.5 3.64614e-15 1.01146e-16 1
7160 3.70127e-15 1.01146e-16 1
7161.5 3.64249e-15 1.01146e-16 1
7163 3.57173e-15 1.01146e-16 1
7164.5 3.53353e-15 1.01146e-16 1
7166 3.62e-15 1.01146e-16 1
7167.5 3.74799e-15 1.01146e-16 1
7169 3.76144e-15 1.01146e-16 1
7170.5 3.68998e-15 1.01146e-16 1
7172 3.68019e-15 1.01146e-16 1
7173.5 3.68279e-15 1.01146e-16 1
7175 3.67105e-15 1.01146e-16 1
7176.5 3.67821e-15 1.01146e-16 1
7178 3.76918e-15 1.01146e-16 1
7179.5 3.76897e-15 1.01146e-16 1
7181 3.71297e-15 1.01146e-16 1
7182.5 3.69248e-15 1.01146e-16 1
7184 3.70893e-15 1.01146e-16 1
7185.5 3.72146e-15 1.01146e-16 1
7187 3.72165e-15 1.01146e-16 1
7188.5 3.66638e-15 1.01146e-16 1
7190 3.62537e-15 1.01146e-16 1
7191.5 3.68033e-15 1.01146e-16 1
7193 3.68678e-15 1.01146e-16 1
7194.5 3.63628e-15 1.01146e-16 1
7196 3.61115e-15 1.01146e-16 1
7197.5 3.60047e-15 1.01146e-16 1
7199 3.56325e-15 1.01146e-16 1
7200.5 3.5511e-15 1.01146e-16 1
7202 3.61091e-15 1.01146e-16 1
7203.5 3.60821e-15 1.01146e-16 1
7205 3.66891e-15 1.01146e-16 1
7206.5 3.65919e-15 1.01146e-16 1
7208 3.68024e-15 1.01146e-16 1
7209.5 3.62538e-15 1.01146e-16 1
7211 3.5228e-15 1.01146e-16 1
7212.5 3.50984e-15 1.01146e-16 1
7214 3.49959e-15 1.01146e-16 1
7215.5 3.54003e-15 1.01146e-16 1
7217 3.60118e-15 1.01146e-16 1
7218.5 3.65183e-15 1.01146e-16 1
7220 3.65275e-15 1.01146e-16 1
7221.5 3.64397e-15 1.01146e-16 1
7223 3.63995e-15 1.01146e-16 1
7224.5 3.58395e-15 1.01146e-16 1
7226 3.59497e-15 1.01146e-16 1
7227.5 3.61029e-15 1.01146e-16 1
7229 3.69906e-15 1.01146e-16 1
7230.5 3.78464e-15 1.01146e-16 1
7232 3.72819e-15 1.01146e-16 1
7233.5 3.6522e-15 1.01146e-16 1
7235 3.60076e-15 1.01146e-16 1
7236.5 3.48375e-15 1.01146e-16 1
7238 3.56234e-15 1.01146e-16 1
7239.5 3.62491e-15 1.01146e-16 1
7241 3.62114e-15 1.01146e-16 1
7242.5 3.6495e-15 1.01146e-16 1
7244 3.56367e-15 1.01146e-16 1
7245.5 3.58566e-15 1.01146e-16 1
7247 3.59152e-15 1.01146e-16 1
7248.5 3.52736e-15 1.01146e-16 1
7250 3.54361e-15 1.01146e-16 1
7251.5 3.55717e-15 1.01146e-16 1
7253 3.46334e-15 1.01146e-16 1
7254.5 3.46765e-15 1.01146e-16 1
7256 3.50266e-15 1.01146e-16 1
7257.5 3.51805e-15 1.01146e-16 1
7259 3.28051e-15 1.01146e-16 1
