# converted by J. Guy, 2010-10-18
# from Matheson et al. 2008AJ....135.1598M
@Redshift 0.014327
@FORMAT STD
@Date 51462
@SELECTED_FOR_SNLS3_TRAINING 1
@SN sn1999dq
@SURVEY CFA_LOWZ_SPEC
@Source Matheson
#WAVE : wavelength, observer frame, in A
#FLUX : erg/s/cm2/A
#ERR  : statistical uncertainty on flux
#VALID : 1=ok 0=ignore
#end
3720 1.02562e-15 9.79169e-17 1
3721.5 1.05487e-15 9.79169e-17 1
3723 9.8147e-16 9.79169e-17 1
3724.5 9.26706e-16 9.79169e-17 1
3726 9.66769e-16 9.79169e-17 1
3727.5 9.55378e-16 9.79169e-17 1
3729 1.03581e-15 9.79169e-17 1
3730.5 1.16827e-15 9.79169e-17 1
3732 1.23359e-15 9.79169e-17 1
3733.5 1.08266e-15 9.79169e-17 1
3735 9.18079e-16 9.79169e-17 1
3736.5 8.73041e-16 9.79169e-17 1
3738 8.99491e-16 9.79169e-17 1
3739.5 1.07879e-15 9.79169e-17 1
3741 1.15758e-15 9.79169e-17 1
3742.5 1.08316e-15 9.79169e-17 1
3744 1.03499e-15 9.79169e-17 1
3745.5 1.11949e-15 9.79169e-17 1
3747 1.02005e-15 9.79169e-17 1
3748.5 1.01112e-15 9.79169e-17 1
3750 1.06978e-15 9.79169e-17 1
3751.5 1.19717e-15 9.79169e-17 1
3753 1.17764e-15 9.79169e-17 1
3754.5 9.72435e-16 9.79169e-17 1
3756 9.95069e-16 9.79169e-17 1
3757.5 1.10527e-15 9.79169e-17 1
3759 1.02876e-15 9.79169e-17 1
3760.5 8.30741e-16 9.79169e-17 1
3762 8.0429e-16 9.79169e-17 1
3763.5 9.78563e-16 9.79169e-17 1
3765 9.6175e-16 9.79169e-17 1
3766.5 9.32803e-16 9.79169e-17 1
3768 1.04368e-15 9.79169e-17 1
3769.5 1.02e-15 9.79169e-17 1
3771 9.58409e-16 9.79169e-17 1
3772.5 9.76576e-16 9.79169e-17 1
3774 9.1239e-16 9.79169e-17 1
3775.5 7.77981e-16 9.79169e-17 1
3777 1.01515e-15 9.79169e-17 1
3778.5 1.09096e-15 9.79169e-17 1
3780 1.07575e-15 9.79169e-17 1
3781.5 1.09967e-15 9.79169e-17 1
3783 1.06549e-15 9.79169e-17 1
3784.5 9.80519e-16 9.79169e-17 1
3786 7.87098e-16 9.79169e-17 1
3787.5 7.67701e-16 9.79169e-17 1
3789 9.76768e-16 9.79169e-17 1
3790.5 9.44317e-16 9.79169e-17 1
3792 9.09889e-16 9.79169e-17 1
3793.5 8.69492e-16 9.79169e-17 1
3795 9.17615e-16 9.79169e-17 1
3796.5 1.08617e-15 9.79169e-17 1
3798 1.05108e-15 9.79169e-17 1
3799.5 8.65355e-16 9.79169e-17 1
3801 8.8574e-16 9.79169e-17 1
3802.5 9.89284e-16 9.79169e-17 1
3804 8.84197e-16 9.79169e-17 1
3805.5 9.60619e-16 9.79169e-17 1
3807 9.85568e-16 9.79169e-17 1
3808.5 9.75828e-16 9.79169e-17 1
3810 9.61174e-16 9.79169e-17 1
3811.5 9.78809e-16 9.79169e-17 1
3813 9.85974e-16 9.79169e-17 1
3814.5 9.61032e-16 9.79169e-17 1
3816 9.29054e-16 9.79169e-17 1
3817.5 9.76301e-16 9.79169e-17 1
3819 9.89116e-16 9.79169e-17 1
3820.5 8.99449e-16 7.91543e-17 1
3822 7.53311e-16 7.91543e-17 1
3823.5 7.54226e-16 7.91543e-17 1
3825 7.91335e-16 7.91543e-17 1
3826.5 7.93214e-16 7.91543e-17 1
3828 7.85709e-16 7.91543e-17 1
3829.5 7.76648e-16 7.91543e-17 1
3831 7.15274e-16 7.91543e-17 1
3832.5 7.25652e-16 7.91543e-17 1
3834 8.138e-16 7.91543e-17 1
3835.5 8.48877e-16 7.91543e-17 1
3837 9.06294e-16 7.91543e-17 1
3838.5 8.44326e-16 7.91543e-17 1
3840 7.89875e-16 7.91543e-17 1
3841.5 8.08889e-16 7.91543e-17 1
3843 7.90334e-16 7.91543e-17 1
3844.5 7.91168e-16 7.91543e-17 1
3846 7.50047e-16 7.91543e-17 1
3847.5 6.93576e-16 7.91543e-17 1
3849 6.5512e-16 7.91543e-17 1
3850.5 6.66923e-16 7.91543e-17 1
3852 6.73495e-16 7.91543e-17 1
3853.5 7.05738e-16 7.91543e-17 1
3855 7.51762e-16 7.91543e-17 1
3856.5 7.61401e-16 7.91543e-17 1
3858 7.39004e-16 7.91543e-17 1
3859.5 7.64421e-16 7.91543e-17 1
3861 6.94794e-16 7.91543e-17 1
3862.5 7.51459e-16 7.91543e-17 1
3864 9.14517e-16 7.91543e-17 1
3865.5 9.43253e-16 7.91543e-17 1
3867 8.8303e-16 7.91543e-17 1
3868.5 7.86609e-16 7.91543e-17 1
3870 7.50846e-16 7.91543e-17 1
3871.5 7.9333e-16 7.91543e-17 1
3873 7.79966e-16 7.91543e-17 1
3874.5 8.13495e-16 7.91543e-17 1
3876 8.38176e-16 7.91543e-17 1
3877.5 7.75477e-16 7.91543e-17 1
3879 7.87719e-16 7.91543e-17 1
3880.5 8.501e-16 7.91543e-17 1
3882 8.25772e-16 7.91543e-17 1
3883.5 7.75551e-16 7.91543e-17 1
3885 7.7375e-16 7.91543e-17 1
3886.5 7.59956e-16 7.91543e-17 1
3888 8.36966e-16 7.91543e-17 1
3889.5 8.32527e-16 7.91543e-17 1
3891 8.15797e-16 7.91543e-17 1
3892.5 7.96744e-16 7.91543e-17 1
3894 8.36076e-16 7.91543e-17 1
3895.5 8.3975e-16 7.91543e-17 1
3897 9.20511e-16 7.91543e-17 1
3898.5 1.00702e-15 7.91543e-17 1
3900 1.0622e-15 7.91543e-17 1
3901.5 1.08842e-15 7.91543e-17 1
3903 1.07486e-15 7.91543e-17 1
3904.5 1.1081e-15 7.91543e-17 1
3906 1.10851e-15 7.91543e-17 1
3907.5 1.08592e-15 7.91543e-17 1
3909 1.15017e-15 7.91543e-17 1
3910.5 1.1729e-15 7.91543e-17 1
3912 1.12259e-15 7.91543e-17 1
3913.5 1.08473e-15 7.91543e-17 1
3915 1.13053e-15 7.91543e-17 1
3916.5 1.21468e-15 7.91543e-17 1
3918 1.28849e-15 7.91543e-17 1
3919.5 1.35091e-15 7.91543e-17 1
3921 1.33568e-15 8.36797e-17 1
3922.5 1.27883e-15 8.36797e-17 1
3924 1.31441e-15 8.36797e-17 1
3925.5 1.30408e-15 8.36797e-17 1
3927 1.29028e-15 8.36797e-17 1
3928.5 1.29202e-15 8.36797e-17 1
3930 1.22127e-15 8.36797e-17 1
3931.5 1.19674e-15 8.36797e-17 1
3933 1.22269e-15 8.36797e-17 1
3934.5 1.25583e-15 8.36797e-17 1
3936 1.20007e-15 8.36797e-17 1
3937.5 1.21588e-15 8.36797e-17 1
3939 1.23169e-15 8.36797e-17 1
3940.5 1.2475e-15 8.36797e-17 1
3942 1.26331e-15 8.36797e-17 1
3943.5 1.27911e-15 8.36797e-17 1
3945 1.29492e-15 8.36797e-17 1
3946.5 1.29492e-15 8.36797e-17 1
3948 1.34452e-15 8.36797e-17 1
3949.5 1.41109e-15 8.36797e-17 1
3951 1.4122e-15 8.36797e-17 1
3952.5 1.33422e-15 8.36797e-17 1
3954 1.50614e-15 8.36797e-17 1
3955.5 1.33847e-15 8.36797e-17 1
3957 1.262e-15 8.36797e-17 1
3958.5 1.3734e-15 8.36797e-17 1
3960 1.47682e-15 8.36797e-17 1
3961.5 1.50286e-15 8.36797e-17 1
3963 1.47243e-15 8.36797e-17 1
3964.5 1.39217e-15 8.36797e-17 1
3966 1.39436e-15 8.36797e-17 1
3967.5 1.45685e-15 8.36797e-17 1
3969 1.46317e-15 8.36797e-17 1
3970.5 1.45137e-15 8.36797e-17 1
3972 1.53205e-15 8.36797e-17 1
3973.5 1.4933e-15 8.36797e-17 1
3975 1.47526e-15 8.36797e-17 1
3976.5 1.50615e-15 8.36797e-17 1
3978 1.48126e-15 8.36797e-17 1
3979.5 1.47402e-15 8.36797e-17 1
3981 1.4697e-15 8.36797e-17 1
3982.5 1.37721e-15 8.36797e-17 1
3984 1.28879e-15 8.36797e-17 1
3985.5 1.32643e-15 8.36797e-17 1
3987 1.44465e-15 8.36797e-17 1
3988.5 1.4551e-15 8.36797e-17 1
3990 1.43891e-15 8.36797e-17 1
3991.5 1.43156e-15 8.36797e-17 1
3993 1.46414e-15 8.36797e-17 1
3994.5 1.49321e-15 8.36797e-17 1
3996 1.54491e-15 8.36797e-17 1
3997.5 1.59529e-15 8.36797e-17 1
3999 1.65237e-15 8.36797e-17 1
4000.5 1.68459e-15 8.36797e-17 1
4002 1.67173e-15 8.36797e-17 1
4003.5 1.58503e-15 8.36797e-17 1
4005 1.53052e-15 8.36797e-17 1
4006.5 1.63951e-15 8.36797e-17 1
4008 1.55945e-15 8.36797e-17 1
4009.5 1.63754e-15 8.36797e-17 1
4011 1.69694e-15 8.36797e-17 1
4012.5 1.64627e-15 8.36797e-17 1
4014 1.67749e-15 8.36797e-17 1
4015.5 1.66864e-15 8.36797e-17 1
4017 1.55108e-15 8.36797e-17 1
4018.5 1.54358e-15 8.36797e-17 1
4020 1.49266e-15 6.10834e-17 1
4021.5 1.38906e-15 6.10834e-17 1
4023 1.36711e-15 6.10834e-17 1
4024.5 1.35724e-15 6.10834e-17 1
4026 1.38037e-15 6.10834e-17 1
4027.5 1.40416e-15 6.10834e-17 1
4029 1.50064e-15 6.10834e-17 1
4030.5 1.45323e-15 6.10834e-17 1
4032 1.43054e-15 6.10834e-17 1
4033.5 1.46422e-15 6.10834e-17 1
4035 1.47641e-15 6.10834e-17 1
4036.5 1.55603e-15 6.10834e-17 1
4038 1.55353e-15 6.10834e-17 1
4039.5 1.5002e-15 6.10834e-17 1
4041 1.49404e-15 6.10834e-17 1
4042.5 1.55296e-15 6.10834e-17 1
4044 1.57701e-15 6.10834e-17 1
4045.5 1.57203e-15 6.10834e-17 1
4047 1.54571e-15 6.10834e-17 1
4048.5 1.53338e-15 6.10834e-17 1
4050 1.54272e-15 6.10834e-17 1
4051.5 1.56044e-15 6.10834e-17 1
4053 1.58885e-15 6.10834e-17 1
4054.5 1.56034e-15 6.10834e-17 1
4056 1.51504e-15 6.10834e-17 1
4057.5 1.4925e-15 6.10834e-17 1
4059 1.47197e-15 6.10834e-17 1
4060.5 1.45194e-15 6.10834e-17 1
4062 1.47865e-15 6.10834e-17 1
4063.5 1.48264e-15 6.10834e-17 1
4065 1.41432e-15 6.10834e-17 1
4066.5 1.41622e-15 6.10834e-17 1
4068 1.45326e-15 6.10834e-17 1
4069.5 1.45045e-15 6.10834e-17 1
4071 1.48064e-15 6.10834e-17 1
4072.5 1.49388e-15 6.10834e-17 1
4074 1.47651e-15 6.10834e-17 1
4075.5 1.4482e-15 6.10834e-17 1
4077 1.44347e-15 6.10834e-17 1
4078.5 1.45743e-15 6.10834e-17 1
4080 1.43803e-15 6.10834e-17 1
4081.5 1.36121e-15 6.10834e-17 1
4083 1.36485e-15 6.10834e-17 1
4084.5 1.41919e-15 6.10834e-17 1
4086 1.32952e-15 6.10834e-17 1
4087.5 1.32628e-15 6.10834e-17 1
4089 1.37644e-15 6.10834e-17 1
4090.5 1.38467e-15 6.10834e-17 1
4092 1.3898e-15 6.10834e-17 1
4093.5 1.4121e-15 6.10834e-17 1
4095 1.42571e-15 6.10834e-17 1
4096.5 1.45172e-15 6.10834e-17 1
4098 1.39551e-15 6.10834e-17 1
4099.5 1.38484e-15 6.10834e-17 1
4101 1.39391e-15 6.10834e-17 1
4102.5 1.41234e-15 6.10834e-17 1
4104 1.42616e-15 6.10834e-17 1
4105.5 1.4039e-15 6.10834e-17 1
4107 1.42899e-15 6.10834e-17 1
4108.5 1.45117e-15 6.10834e-17 1
4110 1.4551e-15 6.10834e-17 1
4111.5 1.45048e-15 6.10834e-17 1
4113 1.38174e-15 6.10834e-17 1
4114.5 1.3916e-15 6.10834e-17 1
4116 1.40931e-15 6.10834e-17 1
4117.5 1.41678e-15 6.10834e-17 1
4119 1.41373e-15 6.10834e-17 1
4120.5 1.42727e-15 4.12359e-17 1
4122 1.41151e-15 4.12359e-17 1
4123.5 1.38401e-15 4.12359e-17 1
4125 1.42776e-15 4.12359e-17 1
4126.5 1.44871e-15 4.12359e-17 1
4128 1.42051e-15 4.12359e-17 1
4129.5 1.38449e-15 4.12359e-17 1
4131 1.34515e-15 4.12359e-17 1
4132.5 1.35823e-15 4.12359e-17 1
4134 1.34049e-15 4.12359e-17 1
4135.5 1.2999e-15 4.12359e-17 1
4137 1.32386e-15 4.12359e-17 1
4138.5 1.37212e-15 4.12359e-17 1
4140 1.36835e-15 4.12359e-17 1
4141.5 1.35185e-15 4.12359e-17 1
4143 1.34961e-15 4.12359e-17 1
4144.5 1.39271e-15 4.12359e-17 1
4146 1.34597e-15 4.12359e-17 1
4147.5 1.27312e-15 4.12359e-17 1
4149 1.34918e-15 4.12359e-17 1
4150.5 1.27849e-15 4.12359e-17 1
4152 1.22447e-15 4.12359e-17 1
4153.5 1.27069e-15 4.12359e-17 1
4155 1.28391e-15 4.12359e-17 1
4156.5 1.28532e-15 4.12359e-17 1
4158 1.23935e-15 4.12359e-17 1
4159.5 1.22695e-15 4.12359e-17 1
4161 1.31013e-15 4.12359e-17 1
4162.5 1.28758e-15 4.12359e-17 1
4164 1.25869e-15 4.12359e-17 1
4165.5 1.32808e-15 4.12359e-17 1
4167 1.39083e-15 4.12359e-17 1
4168.5 1.32194e-15 4.12359e-17 1
4170 1.32173e-15 4.12359e-17 1
4171.5 1.32587e-15 4.12359e-17 1
4173 1.34623e-15 4.12359e-17 1
4174.5 1.28452e-15 4.12359e-17 1
4176 1.26497e-15 4.12359e-17 1
4177.5 1.29273e-15 4.12359e-17 1
4179 1.27725e-15 4.12359e-17 1
4180.5 1.2417e-15 4.12359e-17 1
4182 1.25685e-15 4.12359e-17 1
4183.5 1.2944e-15 4.12359e-17 1
4185 1.31838e-15 4.12359e-17 1
4186.5 1.34416e-15 4.12359e-17 1
4188 1.3519e-15 4.12359e-17 1
4189.5 1.27648e-15 4.12359e-17 1
4191 1.23623e-15 4.12359e-17 1
4192.5 1.30163e-15 4.12359e-17 1
4194 1.31436e-15 4.12359e-17 1
4195.5 1.33058e-15 4.12359e-17 1
4197 1.34652e-15 4.12359e-17 1
4198.5 1.33396e-15 4.12359e-17 1
4200 1.29731e-15 4.12359e-17 1
4201.5 1.24246e-15 4.12359e-17 1
4203 1.25113e-15 4.12359e-17 1
4204.5 1.29891e-15 4.12359e-17 1
4206 1.30924e-15 4.12359e-17 1
4207.5 1.28731e-15 4.12359e-17 1
4209 1.30112e-15 4.12359e-17 1
4210.5 1.36366e-15 4.12359e-17 1
4212 1.37556e-15 4.12359e-17 1
4213.5 1.33729e-15 4.12359e-17 1
4215 1.27455e-15 4.12359e-17 1
4216.5 1.27764e-15 4.12359e-17 1
4218 1.32254e-15 4.12359e-17 1
4219.5 1.3179e-15 4.12359e-17 1
4221 1.39438e-15 3.85115e-17 1
4222.5 1.43301e-15 3.85115e-17 1
4224 1.39007e-15 3.85115e-17 1
4225.5 1.35803e-15 3.85115e-17 1
4227 1.3898e-15 3.85115e-17 1
4228.5 1.41089e-15 3.85115e-17 1
4230 1.4059e-15 3.85115e-17 1
4231.5 1.40068e-15 3.85115e-17 1
4233 1.4358e-15 3.85115e-17 1
4234.5 1.44223e-15 3.85115e-17 1
4236 1.38903e-15 3.85115e-17 1
4237.5 1.37734e-15 3.85115e-17 1
4239 1.39762e-15 3.85115e-17 1
4240.5 1.44227e-15 3.85115e-17 1
4242 1.43181e-15 3.85115e-17 1
4243.5 1.44322e-15 3.85115e-17 1
4245 1.38496e-15 3.85115e-17 1
4246.5 1.42597e-15 3.85115e-17 1
4248 1.43302e-15 3.85115e-17 1
4249.5 1.41633e-15 3.85115e-17 1
4251 1.35374e-15 3.85115e-17 1
4252.5 1.39124e-15 3.85115e-17 1
4254 1.43183e-15 3.85115e-17 1
4255.5 1.37288e-15 3.85115e-17 1
4257 1.37031e-15 3.85115e-17 1
4258.5 1.37764e-15 3.85115e-17 1
4260 1.38544e-15 3.85115e-17 1
4261.5 1.39503e-15 3.85115e-17 1
4263 1.395e-15 3.85115e-17 1
4264.5 1.50479e-15 3.85115e-17 1
4266 1.48148e-15 3.85115e-17 1
4267.5 1.44742e-15 3.85115e-17 1
4269 1.44151e-15 3.85115e-17 1
4270.5 1.41202e-15 3.85115e-17 1
4272 1.43975e-15 3.85115e-17 1
4273.5 1.39175e-15 3.85115e-17 1
4275 1.36673e-15 3.85115e-17 1
4276.5 1.39916e-15 3.85115e-17 1
4278 1.41208e-15 3.85115e-17 1
4279.5 1.44463e-15 3.85115e-17 1
4281 1.45897e-15 3.85115e-17 1
4282.5 1.43405e-15 3.85115e-17 1
4284 1.42243e-15 3.85115e-17 1
4285.5 1.41288e-15 3.85115e-17 1
4287 1.38866e-15 3.85115e-17 1
4288.5 1.37441e-15 3.85115e-17 1
4290 1.42588e-15 3.85115e-17 1
4291.5 1.42055e-15 3.85115e-17 1
4293 1.40514e-15 3.85115e-17 1
4294.5 1.45143e-15 3.85115e-17 1
4296 1.46165e-15 3.85115e-17 1
4297.5 1.40409e-15 3.85115e-17 1
4299 1.4036e-15 3.85115e-17 1
4300.5 1.49763e-15 3.85115e-17 1
4302 1.51401e-15 3.85115e-17 1
4303.5 1.42059e-15 3.85115e-17 1
4305 1.42715e-15 3.85115e-17 1
4306.5 1.44118e-15 3.85115e-17 1
4308 1.43808e-15 3.85115e-17 1
4309.5 1.42194e-15 3.85115e-17 1
4311 1.40865e-15 3.85115e-17 1
4312.5 1.44152e-15 3.85115e-17 1
4314 1.34085e-15 3.85115e-17 1
4315.5 1.40728e-15 3.85115e-17 1
4317 1.4131e-15 3.85115e-17 1
4318.5 1.38327e-15 3.85115e-17 1
4320 1.38312e-15 4.69661e-17 1
4321.5 1.41861e-15 4.69661e-17 1
4323 1.46763e-15 4.69661e-17 1
4324.5 1.46683e-15 4.69661e-17 1
4326 1.41425e-15 4.69661e-17 1
4327.5 1.38792e-15 4.69661e-17 1
4329 1.49497e-15 4.69661e-17 1
4330.5 1.41279e-15 4.69661e-17 1
4332 1.40116e-15 4.69661e-17 1
4333.5 1.4779e-15 4.69661e-17 1
4335 1.44733e-15 4.69661e-17 1
4336.5 1.42992e-15 4.69661e-17 1
4338 1.49828e-15 4.69661e-17 1
4339.5 1.55693e-15 4.69661e-17 1
4341 1.56195e-15 4.69661e-17 1
4342.5 1.51505e-15 4.69661e-17 1
4344 1.5358e-15 4.69661e-17 1
4345.5 1.55153e-15 4.69661e-17 1
4347 1.51116e-15 4.69661e-17 1
4348.5 1.47504e-15 4.69661e-17 1
4350 1.50979e-15 4.69661e-17 1
4351.5 1.51313e-15 4.69661e-17 1
4353 1.49523e-15 4.69661e-17 1
4354.5 1.48938e-15 4.69661e-17 1
4356 1.51306e-15 4.69661e-17 1
4357.5 1.50763e-15 4.69661e-17 1
4359 1.49441e-15 4.69661e-17 1
4360.5 1.46726e-15 4.69661e-17 1
4362 1.45507e-15 4.69661e-17 1
4363.5 1.50884e-15 4.69661e-17 1
4365 1.51807e-15 4.69661e-17 1
4366.5 1.49266e-15 4.69661e-17 1
4368 1.48121e-15 4.69661e-17 1
4369.5 1.47552e-15 4.69661e-17 1
4371 1.50623e-15 4.69661e-17 1
4372.5 1.53271e-15 4.69661e-17 1
4374 1.51596e-15 4.69661e-17 1
4375.5 1.54732e-15 4.69661e-17 1
4377 1.57915e-15 4.69661e-17 1
4378.5 1.59974e-15 4.69661e-17 1
4380 1.57904e-15 4.69661e-17 1
4381.5 1.6038e-15 4.69661e-17 1
4383 1.59105e-15 4.69661e-17 1
4384.5 1.58144e-15 4.69661e-17 1
4386 1.53785e-15 4.69661e-17 1
4387.5 1.47512e-15 4.69661e-17 1
4389 1.50459e-15 4.69661e-17 1
4390.5 1.55398e-15 4.69661e-17 1
4392 1.55365e-15 4.69661e-17 1
4393.5 1.5448e-15 4.69661e-17 1
4395 1.518e-15 4.69661e-17 1
4396.5 1.40153e-15 4.69661e-17 1
4398 1.40995e-15 4.69661e-17 1
4399.5 1.4661e-15 4.69661e-17 1
4401 1.4638e-15 4.69661e-17 1
4402.5 1.44337e-15 4.69661e-17 1
4404 1.37016e-15 4.69661e-17 1
4405.5 1.32947e-15 4.69661e-17 1
4407 1.36414e-15 4.69661e-17 1
4408.5 1.36255e-15 4.69661e-17 1
4410 1.33685e-15 4.69661e-17 1
4411.5 1.35701e-15 4.69661e-17 1
4413 1.38043e-15 4.69661e-17 1
4414.5 1.32961e-15 4.69661e-17 1
4416 1.34271e-15 4.69661e-17 1
4417.5 1.36571e-15 4.69661e-17 1
4419 1.37427e-15 4.69661e-17 1
4420.5 1.36191e-15 5.05326e-17 1
4422 1.35181e-15 5.05326e-17 1
4423.5 1.37084e-15 5.05326e-17 1
4425 1.37333e-15 5.05326e-17 1
4426.5 1.34926e-15 5.05326e-17 1
4428 1.33956e-15 5.05326e-17 1
4429.5 1.33375e-15 5.05326e-17 1
4431 1.35242e-15 5.05326e-17 1
4432.5 1.39459e-15 5.05326e-17 1
4434 1.36344e-15 5.05326e-17 1
4435.5 1.34626e-15 5.05326e-17 1
4437 1.32802e-15 5.05326e-17 1
4438.5 1.3961e-15 5.05326e-17 1
4440 1.3524e-15 5.05326e-17 1
4441.5 1.28466e-15 5.05326e-17 1
4443 1.2434e-15 5.05326e-17 1
4444.5 1.20324e-15 5.05326e-17 1
4446 1.15933e-15 5.05326e-17 1
4447.5 1.11849e-15 5.05326e-17 1
4449 1.21512e-15 5.05326e-17 1
4450.5 1.20865e-15 5.05326e-17 1
4452 1.18534e-15 5.05326e-17 1
4453.5 1.15909e-15 5.05326e-17 1
4455 1.23412e-15 5.05326e-17 1
4456.5 1.1876e-15 5.05326e-17 1
4458 1.23724e-15 5.05326e-17 1
4459.5 1.10825e-15 5.05326e-17 1
4461 1.11232e-15 5.05326e-17 1
4462.5 1.16159e-15 5.05326e-17 1
4464 1.19009e-15 5.05326e-17 1
4465.5 1.1158e-15 5.05326e-17 1
4467 1.16855e-15 5.05326e-17 1
4468.5 1.20795e-15 5.05326e-17 1
4470 1.16264e-15 5.05326e-17 1
4471.5 1.14353e-15 5.05326e-17 1
4473 1.24562e-15 5.05326e-17 1
4474.5 1.23012e-15 5.05326e-17 1
4476 1.18272e-15 5.05326e-17 1
4477.5 1.15176e-15 5.05326e-17 1
4479 1.1709e-15 5.05326e-17 1
4480.5 1.23595e-15 5.05326e-17 1
4482 1.26711e-15 5.05326e-17 1
4483.5 1.23984e-15 5.05326e-17 1
4485 1.23887e-15 5.05326e-17 1
4486.5 1.23078e-15 5.05326e-17 1
4488 1.17184e-15 5.05326e-17 1
4489.5 1.15361e-15 5.05326e-17 1
4491 1.1948e-15 5.05326e-17 1
4492.5 1.22843e-15 5.05326e-17 1
4494 1.25263e-15 5.05326e-17 1
4495.5 1.25196e-15 5.05326e-17 1
4497 1.1904e-15 5.05326e-17 1
4498.5 1.16642e-15 5.05326e-17 1
4500 1.22546e-15 5.05326e-17 1
4501.5 1.31207e-15 5.05326e-17 1
4503 1.32195e-15 5.05326e-17 1
4504.5 1.25956e-15 5.05326e-17 1
4506 1.23909e-15 5.05326e-17 1
4507.5 1.28777e-15 5.05326e-17 1
4509 1.25177e-15 5.05326e-17 1
4510.5 1.23592e-15 5.05326e-17 1
4512 1.27586e-15 5.05326e-17 1
4513.5 1.22025e-15 5.05326e-17 1
4515 1.20655e-15 5.05326e-17 1
4516.5 1.22604e-15 5.05326e-17 1
4518 1.25249e-15 5.05326e-17 1
4519.5 1.24744e-15 5.05326e-17 1
4521 1.24112e-15 4.75e-17 1
4522.5 1.21905e-15 4.75e-17 1
4524 1.196e-15 4.75e-17 1
4525.5 1.22543e-15 4.75e-17 1
4527 1.24389e-15 4.75e-17 1
4528.5 1.31713e-15 4.75e-17 1
4530 1.27583e-15 4.75e-17 1
4531.5 1.32576e-15 4.75e-17 1
4533 1.36363e-15 4.75e-17 1
4534.5 1.28246e-15 4.75e-17 1
4536 1.33784e-15 4.75e-17 1
4537.5 1.39746e-15 4.75e-17 1
4539 1.50066e-15 4.75e-17 1
4540.5 1.39915e-15 4.75e-17 1
4542 1.35322e-15 4.75e-17 1
4543.5 1.39985e-15 4.75e-17 1
4545 1.3352e-15 4.75e-17 1
4546.5 1.34352e-15 4.75e-17 1
4548 1.44087e-15 4.75e-17 1
4549.5 1.44469e-15 4.75e-17 1
4551 1.4777e-15 4.75e-17 1
4552.5 1.4591e-15 4.75e-17 1
4554 1.46086e-15 4.75e-17 1
4555.5 1.47222e-15 4.75e-17 1
4557 1.4685e-15 4.75e-17 1
4558.5 1.4554e-15 4.75e-17 1
4560 1.47115e-15 4.75e-17 1
4561.5 1.54646e-15 4.75e-17 1
4563 1.57346e-15 4.75e-17 1
4564.5 1.55673e-15 4.75e-17 1
4566 1.58319e-15 4.75e-17 1
4567.5 1.59787e-15 4.75e-17 1
4569 1.59965e-15 4.75e-17 1
4570.5 1.6337e-15 4.75e-17 1
4572 1.63637e-15 4.75e-17 1
4573.5 1.63721e-15 4.75e-17 1
4575 1.67745e-15 4.75e-17 1
4576.5 1.70545e-15 4.75e-17 1
4578 1.6376e-15 4.75e-17 1
4579.5 1.62926e-15 4.75e-17 1
4581 1.70052e-15 4.75e-17 1
4582.5 1.70813e-15 4.75e-17 1
4584 1.71789e-15 4.75e-17 1
4585.5 1.76311e-15 4.75e-17 1
4587 1.79805e-15 4.75e-17 1
4588.5 1.81464e-15 4.75e-17 1
4590 1.77682e-15 4.75e-17 1
4591.5 1.78475e-15 4.75e-17 1
4593 1.81737e-15 4.75e-17 1
4594.5 1.86269e-15 4.75e-17 1
4596 1.9318e-15 4.75e-17 1
4597.5 1.91344e-15 4.75e-17 1
4599 1.9447e-15 4.75e-17 1
4600.5 2.05366e-15 4.75e-17 1
4602 2.09402e-15 4.75e-17 1
4603.5 2.07122e-15 4.75e-17 1
4605 2.0349e-15 4.75e-17 1
4606.5 2.08354e-15 4.75e-17 1
4608 2.09033e-15 4.75e-17 1
4609.5 2.08848e-15 4.75e-17 1
4611 2.17616e-15 4.75e-17 1
4612.5 2.16802e-15 4.75e-17 1
4614 2.12524e-15 4.75e-17 1
4615.5 2.19812e-15 4.75e-17 1
4617 2.30713e-15 4.75e-17 1
4618.5 2.33578e-15 4.75e-17 1
4620 2.35059e-15 1.43298e-16 1
4621.5 2.41432e-15 1.43298e-16 1
4623 2.40277e-15 1.43298e-16 1
4624.5 2.33793e-15 1.43298e-16 1
4626 2.35535e-15 1.43298e-16 1
4627.5 2.39465e-15 1.43298e-16 1
4629 2.40805e-15 1.43298e-16 1
4630.5 2.48101e-15 1.43298e-16 1
4632 2.50784e-15 1.43298e-16 1
4633.5 2.45165e-15 1.43298e-16 1
4635 2.42448e-15 1.43298e-16 1
4636.5 2.43408e-15 1.43298e-16 1
4638 2.46732e-15 1.43298e-16 1
4639.5 2.50075e-15 1.43298e-16 1
4641 2.53859e-15 1.43298e-16 1
4642.5 2.54539e-15 1.43298e-16 1
4644 2.54759e-15 1.43298e-16 1
4645.5 2.56012e-15 1.43298e-16 1
4647 2.54605e-15 1.43298e-16 1
4648.5 2.49959e-15 1.43298e-16 1
4650 2.49715e-15 1.43298e-16 1
4651.5 2.57222e-15 1.43298e-16 1
4653 2.58659e-15 1.43298e-16 1
4654.5 2.53281e-15 1.43298e-16 1
4656 2.50853e-15 1.43298e-16 1
4657.5 2.52435e-15 1.43298e-16 1
4659 2.60446e-15 1.43298e-16 1
4660.5 2.63132e-15 1.43298e-16 1
4662 2.61435e-15 1.43298e-16 1
4663.5 2.55368e-15 1.43298e-16 1
4665 2.62856e-15 1.43298e-16 1
4666.5 2.67604e-15 1.43298e-16 1
4668 2.63432e-15 1.43298e-16 1
4669.5 2.66309e-15 1.43298e-16 1
4671 2.68004e-15 1.43298e-16 1
4672.5 2.68471e-15 1.43298e-16 1
4674 2.78428e-15 1.43298e-16 1
4675.5 2.78846e-15 1.43298e-16 1
4677 2.80428e-15 1.43298e-16 1
4678.5 2.99165e-15 1.43298e-16 1
4680 2.86153e-15 1.43298e-16 1
4681.5 2.76158e-15 1.43298e-16 1
4683 2.7112e-15 1.43298e-16 1
4684.5 2.82379e-15 1.43298e-16 1
4686 2.90029e-15 1.43298e-16 1
4687.5 2.95333e-15 1.43298e-16 1
4689 2.96514e-15 1.43298e-16 1
4690.5 2.95686e-15 1.43298e-16 1
4692 3.00535e-15 1.43298e-16 1
4693.5 3.02592e-15 1.43298e-16 1
4695 3.00525e-15 1.43298e-16 1
4696.5 3.00713e-15 1.43298e-16 1
4698 3.0146e-15 1.43298e-16 1
4699.5 2.90592e-15 1.43298e-16 1
4701 2.92664e-15 1.43298e-16 1
4702.5 2.97552e-15 1.43298e-16 1
4704 2.94027e-15 1.43298e-16 1
4705.5 2.84199e-15 1.43298e-16 1
4707 2.73668e-15 1.43298e-16 1
4708.5 2.64724e-15 1.43298e-16 1
4710 2.58337e-15 1.43298e-16 1
4711.5 2.55267e-15 1.43298e-16 1
4713 2.53842e-15 1.43298e-16 1
4714.5 2.54022e-15 1.43298e-16 1
4716 2.47836e-15 1.43298e-16 1
4717.5 2.40638e-15 1.43298e-16 1
4719 2.36664e-15 1.43298e-16 1
4720.5 2.37571e-15 7.018e-17 1
4722 2.3575e-15 7.018e-17 1
4723.5 2.32283e-15 7.018e-17 1
4725 2.29935e-15 7.018e-17 1
4726.5 2.23621e-15 7.018e-17 1
4728 2.20847e-15 7.018e-17 1
4729.5 2.21868e-15 7.018e-17 1
4731 2.18017e-15 7.018e-17 1
4732.5 2.1223e-15 7.018e-17 1
4734 2.07484e-15 7.018e-17 1
4735.5 2.061e-15 7.018e-17 1
4737 2.09646e-15 7.018e-17 1
4738.5 2.07552e-15 7.018e-17 1
4740 1.99428e-15 7.018e-17 1
4741.5 2.01188e-15 7.018e-17 1
4743 2.04089e-15 7.018e-17 1
4744.5 1.99882e-15 7.018e-17 1
4746 1.94818e-15 7.018e-17 1
4747.5 1.99025e-15 7.018e-17 1
4749 1.96864e-15 7.018e-17 1
4750.5 1.90612e-15 7.018e-17 1
4752 1.91205e-15 7.018e-17 1
4753.5 1.93315e-15 7.018e-17 1
4755 1.90447e-15 7.018e-17 1
4756.5 1.85392e-15 7.018e-17 1
4758 1.78378e-15 7.018e-17 1
4759.5 1.74347e-15 7.018e-17 1
4761 1.74201e-15 7.018e-17 1
4762.5 1.78193e-15 7.018e-17 1
4764 1.71794e-15 7.018e-17 1
4765.5 1.65351e-15 7.018e-17 1
4767 1.65168e-15 7.018e-17 1
4768.5 1.70078e-15 7.018e-17 1
4770 1.70633e-15 7.018e-17 1
4771.5 1.64248e-15 7.018e-17 1
4773 1.60415e-15 7.018e-17 1
4774.5 1.6772e-15 7.018e-17 1
4776 1.6676e-15 7.018e-17 1
4777.5 1.62502e-15 7.018e-17 1
4779 1.66244e-15 7.018e-17 1
4780.5 1.65062e-15 7.018e-17 1
4782 1.58796e-15 7.018e-17 1
4783.5 1.59784e-15 7.018e-17 1
4785 1.62892e-15 7.018e-17 1
4786.5 1.68153e-15 7.018e-17 1
4788 1.70823e-15 7.018e-17 1
4789.5 1.69613e-15 7.018e-17 1
4791 1.65837e-15 7.018e-17 1
4792.5 1.59421e-15 7.018e-17 1
4794 1.54905e-15 7.018e-17 1
4795.5 1.52799e-15 7.018e-17 1
4797 1.51799e-15 7.018e-17 1
4798.5 1.51556e-15 7.018e-17 1
4800 1.48328e-15 7.018e-17 1
4801.5 1.48107e-15 7.018e-17 1
4803 1.53047e-15 7.018e-17 1
4804.5 1.5515e-15 7.018e-17 1
4806 1.51942e-15 7.018e-17 1
4807.5 1.53101e-15 7.018e-17 1
4809 1.52328e-15 7.018e-17 1
4810.5 1.52034e-15 7.018e-17 1
4812 1.55586e-15 7.018e-17 1
4813.5 1.55786e-15 7.018e-17 1
4815 1.53849e-15 7.018e-17 1
4816.5 1.54126e-15 7.018e-17 1
4818 1.52629e-15 7.018e-17 1
4819.5 1.49264e-15 7.018e-17 1
4821 1.43395e-15 6.05044e-17 1
4822.5 1.4478e-15 6.05044e-17 1
4824 1.4857e-15 6.05044e-17 1
4825.5 1.55603e-15 6.05044e-17 1
4827 1.5483e-15 6.05044e-17 1
4828.5 1.53625e-15 6.05044e-17 1
4830 1.50381e-15 6.05044e-17 1
4831.5 1.53476e-15 6.05044e-17 1
4833 1.52658e-15 6.05044e-17 1
4834.5 1.57023e-15 6.05044e-17 1
4836 1.64875e-15 6.05044e-17 1
4837.5 1.57773e-15 6.05044e-17 1
4839 1.6211e-15 6.05044e-17 1
4840.5 1.63179e-15 6.05044e-17 1
4842 1.64817e-15 6.05044e-17 1
4843.5 1.68239e-15 6.05044e-17 1
4845 1.72617e-15 6.05044e-17 1
4846.5 1.72305e-15 6.05044e-17 1
4848 1.73659e-15 6.05044e-17 1
4849.5 1.75622e-15 6.05044e-17 1
4851 1.78403e-15 6.05044e-17 1
4852.5 1.8056e-15 6.05044e-17 1
4854 1.75343e-15 6.05044e-17 1
4855.5 1.76135e-15 6.05044e-17 1
4857 1.83795e-15 6.05044e-17 1
4858.5 1.86646e-15 6.05044e-17 1
4860 1.81943e-15 6.05044e-17 1
4861.5 1.83183e-15 6.05044e-17 1
4863 1.89107e-15 6.05044e-17 1
4864.5 1.91469e-15 6.05044e-17 1
4866 1.91107e-15 6.05044e-17 1
4867.5 1.8994e-15 6.05044e-17 1
4869 1.89249e-15 6.05044e-17 1
4870.5 1.87907e-15 6.05044e-17 1
4872 1.85573e-15 6.05044e-17 1
4873.5 1.87146e-15 6.05044e-17 1
4875 1.87544e-15 6.05044e-17 1
4876.5 1.88499e-15 6.05044e-17 1
4878 1.92259e-15 6.05044e-17 1
4879.5 1.91531e-15 6.05044e-17 1
4881 1.8852e-15 6.05044e-17 1
4882.5 1.8439e-15 6.05044e-17 1
4884 1.88444e-15 6.05044e-17 1
4885.5 1.8517e-15 6.05044e-17 1
4887 1.82864e-15 6.05044e-17 1
4888.5 1.81386e-15 6.05044e-17 1
4890 1.80491e-15 6.05044e-17 1
4891.5 1.76086e-15 6.05044e-17 1
4893 1.74256e-15 6.05044e-17 1
4894.5 1.80018e-15 6.05044e-17 1
4896 1.79312e-15 6.05044e-17 1
4897.5 1.77099e-15 6.05044e-17 1
4899 1.71882e-15 6.05044e-17 1
4900.5 1.73384e-15 6.05044e-17 1
4902 1.76262e-15 6.05044e-17 1
4903.5 1.73276e-15 6.05044e-17 1
4905 1.70258e-15 6.05044e-17 1
4906.5 1.69352e-15 6.05044e-17 1
4908 1.78492e-15 6.05044e-17 1
4909.5 1.74276e-15 6.05044e-17 1
4911 1.70798e-15 6.05044e-17 1
4912.5 1.67898e-15 6.05044e-17 1
4914 1.68564e-15 6.05044e-17 1
4915.5 1.73834e-15 6.05044e-17 1
4917 1.79143e-15 6.05044e-17 1
4918.5 1.76827e-15 6.05044e-17 1
4920 1.7132e-15 8.85898e-17 1
4921.5 1.70538e-15 8.85898e-17 1
4923 1.69377e-15 8.85898e-17 1
4924.5 1.71428e-15 8.85898e-17 1
4926 1.85329e-15 8.85898e-17 1
4927.5 1.97543e-15 8.85898e-17 1
4929 2.05738e-15 8.85898e-17 1
4930.5 2.03141e-15 8.85898e-17 1
4932 1.95063e-15 8.85898e-17 1
4933.5 1.85525e-15 8.85898e-17 1
4935 1.79479e-15 8.85898e-17 1
4936.5 1.84012e-15 8.85898e-17 1
4938 1.89542e-15 8.85898e-17 1
4939.5 1.86912e-15 8.85898e-17 1
4941 1.86874e-15 8.85898e-17 1
4942.5 1.90435e-15 8.85898e-17 1
4944 1.94129e-15 8.85898e-17 1
4945.5 1.99298e-15 8.85898e-17 1
4947 2.01012e-15 8.85898e-17 1
4948.5 1.98079e-15 8.85898e-17 1
4950 1.99646e-15 8.85898e-17 1
4951.5 2.05868e-15 8.85898e-17 1
4953 2.07993e-15 8.85898e-17 1
4954.5 2.09384e-15 8.85898e-17 1
4956 2.15026e-15 8.85898e-17 1
4957.5 2.18879e-15 8.85898e-17 1
4959 2.14501e-15 8.85898e-17 1
4960.5 2.14836e-15 8.85898e-17 1
4962 2.21299e-15 8.85898e-17 1
4963.5 2.34545e-15 8.85898e-17 1
4965 2.31555e-15 8.85898e-17 1
4966.5 2.29583e-15 8.85898e-17 1
4968 2.30753e-15 8.85898e-17 1
4969.5 2.35934e-15 8.85898e-17 1
4971 2.42424e-15 8.85898e-17 1
4972.5 2.45584e-15 8.85898e-17 1
4974 2.44907e-15 8.85898e-17 1
4975.5 2.46013e-15 8.85898e-17 1
4977 2.53937e-15 8.85898e-17 1
4978.5 2.56566e-15 8.85898e-17 1
4980 2.45365e-15 8.85898e-17 1
4981.5 2.52518e-15 8.85898e-17 1
4983 2.53092e-15 8.85898e-17 1
4984.5 2.55337e-15 8.85898e-17 1
4986 2.56191e-15 8.85898e-17 1
4987.5 2.52438e-15 8.85898e-17 1
4989 2.51758e-15 8.85898e-17 1
4990.5 2.58968e-15 8.85898e-17 1
4992 2.52211e-15 8.85898e-17 1
4993.5 2.58001e-15 8.85898e-17 1
4995 2.73289e-15 8.85898e-17 1
4996.5 2.68556e-15 8.85898e-17 1
4998 2.67074e-15 8.85898e-17 1
4999.5 2.68692e-15 8.85898e-17 1
5001 2.67101e-15 8.85898e-17 1
5002.5 2.69307e-15 8.85898e-17 1
5004 2.69192e-15 8.85898e-17 1
5005.5 2.64693e-15 8.85898e-17 1
5007 2.65356e-15 8.85898e-17 1
5008.5 2.61941e-15 8.85898e-17 1
5010 2.56592e-15 8.85898e-17 1
5011.5 2.63699e-15 8.85898e-17 1
5013 2.6549e-15 8.85898e-17 1
5014.5 2.64695e-15 8.85898e-17 1
5016 2.54926e-15 8.85898e-17 1
5017.5 2.49004e-15 8.85898e-17 1
5019 2.49225e-15 8.85898e-17 1
5020.5 2.44991e-15 4.69599e-17 1
5022 2.40194e-15 4.69599e-17 1
5023.5 2.41652e-15 4.69599e-17 1
5025 2.36528e-15 4.69599e-17 1
5026.5 2.35674e-15 4.69599e-17 1
5028 2.32495e-15 4.69599e-17 1
5029.5 2.28668e-15 4.69599e-17 1
5031 2.27165e-15 4.69599e-17 1
5032.5 2.25878e-15 4.69599e-17 1
5034 2.22151e-15 4.69599e-17 1
5035.5 2.1991e-15 4.69599e-17 1
5037 2.14025e-15 4.69599e-17 1
5038.5 2.09309e-15 4.69599e-17 1
5040 2.04865e-15 4.69599e-17 1
5041.5 2.07904e-15 4.69599e-17 1
5043 2.10727e-15 4.69599e-17 1
5044.5 2.06175e-15 4.69599e-17 1
5046 2.01095e-15 4.69599e-17 1
5047.5 2.02414e-15 4.69599e-17 1
5049 1.9501e-15 4.69599e-17 1
5050.5 1.92081e-15 4.69599e-17 1
5052 1.87202e-15 4.69599e-17 1
5053.5 1.8802e-15 4.69599e-17 1
5055 1.93385e-15 4.69599e-17 1
5056.5 1.89847e-15 4.69599e-17 1
5058 1.94207e-15 4.69599e-17 1
5059.5 1.90644e-15 4.69599e-17 1
5061 1.86385e-15 4.69599e-17 1
5062.5 1.89354e-15 4.69599e-17 1
5064 1.85271e-15 4.69599e-17 1
5065.5 1.80536e-15 4.69599e-17 1
5067 1.82062e-15 4.69599e-17 1
5068.5 1.82439e-15 4.69599e-17 1
5070 1.81721e-15 4.69599e-17 1
5071.5 1.7917e-15 4.69599e-17 1
5073 1.79175e-15 4.69599e-17 1
5074.5 1.78868e-15 4.69599e-17 1
5076 1.77118e-15 4.69599e-17 1
5077.5 1.78857e-15 4.69599e-17 1
5079 1.76192e-15 4.69599e-17 1
5080.5 1.69916e-15 4.69599e-17 1
5082 1.68844e-15 4.69599e-17 1
5083.5 1.68688e-15 4.69599e-17 1
5085 1.68268e-15 4.69599e-17 1
5086.5 1.66437e-15 4.69599e-17 1
5088 1.67535e-15 4.69599e-17 1
5089.5 1.64344e-15 4.69599e-17 1
5091 1.6388e-15 4.69599e-17 1
5092.5 1.66677e-15 4.69599e-17 1
5094 1.66488e-15 4.69599e-17 1
5095.5 1.66962e-15 4.69599e-17 1
5097 1.67679e-15 4.69599e-17 1
5098.5 1.66097e-15 4.69599e-17 1
5100 1.6711e-15 4.69599e-17 1
5101.5 1.68588e-15 4.69599e-17 1
5103 1.63242e-15 4.69599e-17 1
5104.5 1.60887e-15 4.69599e-17 1
5106 1.5681e-15 4.69599e-17 1
5107.5 1.55225e-15 4.69599e-17 1
5109 1.55735e-15 4.69599e-17 1
5110.5 1.54442e-15 4.69599e-17 1
5112 1.56791e-15 4.69599e-17 1
5113.5 1.59037e-15 4.69599e-17 1
5115 1.58369e-15 4.69599e-17 1
5116.5 1.57937e-15 4.69599e-17 1
5118 1.55501e-15 4.69599e-17 1
5119.5 1.57768e-15 4.69599e-17 1
5121 1.5755e-15 2.90201e-17 1
5122.5 1.53586e-15 2.90201e-17 1
5124 1.54565e-15 2.90201e-17 1
5125.5 1.57784e-15 2.90201e-17 1
5127 1.55555e-15 2.90201e-17 1
5128.5 1.5473e-15 2.90201e-17 1
5130 1.49632e-15 2.90201e-17 1
5131.5 1.47201e-15 2.90201e-17 1
5133 1.49804e-15 2.90201e-17 1
5134.5 1.50369e-15 2.90201e-17 1
5136 1.48061e-15 2.90201e-17 1
5137.5 1.56795e-15 2.90201e-17 1
5139 1.54867e-15 2.90201e-17 1
5140.5 1.51053e-15 2.90201e-17 1
5142 1.4902e-15 2.90201e-17 1
5143.5 1.51543e-15 2.90201e-17 1
5145 1.50467e-15 2.90201e-17 1
5146.5 1.52946e-15 2.90201e-17 1
5148 1.51545e-15 2.90201e-17 1
5149.5 1.50484e-15 2.90201e-17 1
5151 1.49408e-15 2.90201e-17 1
5152.5 1.46017e-15 2.90201e-17 1
5154 1.42222e-15 2.90201e-17 1
5155.5 1.46166e-15 2.90201e-17 1
5157 1.49158e-15 2.90201e-17 1
5158.5 1.52544e-15 2.90201e-17 1
5160 1.57177e-15 2.90201e-17 1
5161.5 1.5102e-15 2.90201e-17 1
5163 1.48196e-15 2.90201e-17 1
5164.5 1.46686e-15 2.90201e-17 1
5166 1.47798e-15 2.90201e-17 1
5167.5 1.4583e-15 2.90201e-17 1
5169 1.44562e-15 2.90201e-17 1
5170.5 1.50947e-15 2.90201e-17 1
5172 1.48172e-15 2.90201e-17 1
5173.5 1.43879e-15 2.90201e-17 1
5175 1.46399e-15 2.90201e-17 1
5176.5 1.43893e-15 2.90201e-17 1
5178 1.42969e-15 2.90201e-17 1
5179.5 1.42616e-15 2.90201e-17 1
5181 1.46145e-15 2.90201e-17 1
5182.5 1.47474e-15 2.90201e-17 1
5184 1.46171e-15 2.90201e-17 1
5185.5 1.45557e-15 2.90201e-17 1
5187 1.49012e-15 2.90201e-17 1
5188.5 1.4741e-15 2.90201e-17 1
5190 1.48176e-15 2.90201e-17 1
5191.5 1.4737e-15 2.90201e-17 1
5193 1.41282e-15 2.90201e-17 1
5194.5 1.42508e-15 2.90201e-17 1
5196 1.43712e-15 2.90201e-17 1
5197.5 1.45547e-15 2.90201e-17 1
5199 1.43613e-15 2.90201e-17 1
5200.5 1.44118e-15 2.90201e-17 1
5202 1.41451e-15 2.90201e-17 1
5203.5 1.41592e-15 2.90201e-17 1
5205 1.4859e-15 2.90201e-17 1
5206.5 1.46126e-15 2.90201e-17 1
5208 1.4989e-15 2.90201e-17 1
5209.5 1.47996e-15 2.90201e-17 1
5211 1.45801e-15 2.90201e-17 1
5212.5 1.50417e-15 2.90201e-17 1
5214 1.47478e-15 2.90201e-17 1
5215.5 1.45332e-15 2.90201e-17 1
5217 1.50088e-15 2.90201e-17 1
5218.5 1.51692e-15 2.90201e-17 1
5220 1.53032e-15 4.32746e-17 1
5221.5 1.52722e-15 4.32746e-17 1
5223 1.5501e-15 4.32746e-17 1
5224.5 1.49691e-15 4.32746e-17 1
5226 1.49559e-15 4.32746e-17 1
5227.5 1.56315e-15 4.32746e-17 1
5229 1.5488e-15 4.32746e-17 1
5230.5 1.53783e-15 4.32746e-17 1
5232 1.56941e-15 4.32746e-17 1
5233.5 1.57599e-15 4.32746e-17 1
5235 1.54049e-15 4.32746e-17 1
5236.5 1.55219e-15 4.32746e-17 1
5238 1.53123e-15 4.32746e-17 1
5239.5 1.49284e-15 4.32746e-17 1
5241 1.48379e-15 4.32746e-17 1
5242.5 1.48791e-15 4.32746e-17 1
5244 1.52454e-15 4.32746e-17 1
5245.5 1.55021e-15 4.32746e-17 1
5247 1.58785e-15 4.32746e-17 1
5248.5 1.61406e-15 4.32746e-17 1
5250 1.61005e-15 4.32746e-17 1
5251.5 1.61238e-15 4.32746e-17 1
5253 1.6252e-15 4.32746e-17 1
5254.5 1.62955e-15 4.32746e-17 1
5256 1.66584e-15 4.32746e-17 1
5257.5 1.67757e-15 4.32746e-17 1
5259 1.70471e-15 4.32746e-17 1
5260.5 1.74528e-15 4.32746e-17 1
5262 1.739e-15 4.32746e-17 1
5263.5 1.72277e-15 4.32746e-17 1
5265 1.75453e-15 4.32746e-17 1
5266.5 1.81048e-15 4.32746e-17 1
5268 1.84077e-15 4.32746e-17 1
5269.5 1.83539e-15 4.32746e-17 1
5271 1.86586e-15 4.32746e-17 1
5272.5 1.91375e-15 4.32746e-17 1
5274 1.93058e-15 4.32746e-17 1
5275.5 1.91303e-15 4.32746e-17 1
5277 1.90845e-15 4.32746e-17 1
5278.5 1.94016e-15 4.32746e-17 1
5280 1.91269e-15 4.32746e-17 1
5281.5 1.89897e-15 4.32746e-17 1
5283 1.96277e-15 4.32746e-17 1
5284.5 1.97272e-15 4.32746e-17 1
5286 1.98184e-15 4.32746e-17 1
5287.5 2.0168e-15 4.32746e-17 1
5289 2.06008e-15 4.32746e-17 1
5290.5 2.06088e-15 4.32746e-17 1
5292 2.04633e-15 4.32746e-17 1
5293.5 2.05356e-15 4.32746e-17 1
5295 2.08147e-15 4.32746e-17 1
5296.5 2.06975e-15 4.32746e-17 1
5298 2.05868e-15 4.32746e-17 1
5299.5 2.07193e-15 4.32746e-17 1
5301 2.07719e-15 4.32746e-17 1
5302.5 2.09692e-15 4.32746e-17 1
5304 2.10043e-15 4.32746e-17 1
5305.5 2.10795e-15 4.32746e-17 1
5307 2.12376e-15 4.32746e-17 1
5308.5 2.15766e-15 4.32746e-17 1
5310 2.17881e-15 4.32746e-17 1
5311.5 2.19796e-15 4.32746e-17 1
5313 2.21487e-15 4.32746e-17 1
5314.5 2.24141e-15 4.32746e-17 1
5316 2.26742e-15 4.32746e-17 1
5317.5 2.25277e-15 4.32746e-17 1
5319 2.23665e-15 4.32746e-17 1
5320.5 2.25704e-15 5.38115e-17 1
5322 2.29519e-15 5.38115e-17 1
5323.5 2.33195e-15 5.38115e-17 1
5325 2.3381e-15 5.38115e-17 1
5326.5 2.33829e-15 5.38115e-17 1
5328 2.40302e-15 5.38115e-17 1
5329.5 2.45335e-15 5.38115e-17 1
5331 2.48645e-15 5.38115e-17 1
5332.5 2.47746e-15 5.38115e-17 1
5334 2.437e-15 5.38115e-17 1
5335.5 2.42962e-15 5.38115e-17 1
5337 2.44538e-15 5.38115e-17 1
5338.5 2.45417e-15 5.38115e-17 1
5340 2.43887e-15 5.38115e-17 1
5341.5 2.40682e-15 5.38115e-17 1
5343 2.45448e-15 5.38115e-17 1
5344.5 2.49321e-15 5.38115e-17 1
5346 2.49546e-15 5.38115e-17 1
5347.5 2.52645e-15 5.38115e-17 1
5349 2.59374e-15 5.38115e-17 1
5350.5 2.6471e-15 5.38115e-17 1
5352 2.63642e-15 5.38115e-17 1
5353.5 2.62265e-15 5.38115e-17 1
5355 2.64693e-15 5.38115e-17 1
5356.5 2.6616e-15 5.38115e-17 1
5358 2.68962e-15 5.38115e-17 1
5359.5 2.66662e-15 5.38115e-17 1
5361 2.61541e-15 5.38115e-17 1
5362.5 2.63665e-15 5.38115e-17 1
5364 2.6787e-15 5.38115e-17 1
5365.5 2.6915e-15 5.38115e-17 1
5367 2.69903e-15 5.38115e-17 1
5368.5 2.69083e-15 5.38115e-17 1
5370 2.68895e-15 5.38115e-17 1
5371.5 2.69135e-15 5.38115e-17 1
5373 2.69761e-15 5.38115e-17 1
5374.5 2.72504e-15 5.38115e-17 1
5376 2.74064e-15 5.38115e-17 1
5377.5 2.7385e-15 5.38115e-17 1
5379 2.72779e-15 5.38115e-17 1
5380.5 2.70803e-15 5.38115e-17 1
5382 2.69152e-15 5.38115e-17 1
5383.5 2.75461e-15 5.38115e-17 1
5385 2.74859e-15 5.38115e-17 1
5386.5 2.71209e-15 5.38115e-17 1
5388 2.7202e-15 5.38115e-17 1
5389.5 2.70971e-15 5.38115e-17 1
5391 2.70206e-15 5.38115e-17 1
5392.5 2.71425e-15 5.38115e-17 1
5394 2.67816e-15 5.38115e-17 1
5395.5 2.63905e-15 5.38115e-17 1
5397 2.66565e-15 5.38115e-17 1
5398.5 2.67907e-15 5.38115e-17 1
5400 2.63953e-15 5.38115e-17 1
5401.5 2.59266e-15 5.38115e-17 1
5403 2.59372e-15 5.38115e-17 1
5404.5 2.61119e-15 5.38115e-17 1
5406 2.57829e-15 5.38115e-17 1
5407.5 2.59467e-15 5.38115e-17 1
5409 2.64336e-15 5.38115e-17 1
5410.5 2.58211e-15 5.38115e-17 1
5412 2.57215e-15 5.38115e-17 1
5413.5 2.55473e-15 5.38115e-17 1
5415 2.57273e-15 5.38115e-17 1
5416.5 2.61567e-15 5.38115e-17 1
5418 2.63955e-15 5.38115e-17 1
5419.5 2.60707e-15 5.38115e-17 1
5421 2.62969e-15 4.74908e-17 1
5422.5 2.60302e-15 4.74908e-17 1
5424 2.56724e-15 4.74908e-17 1
5425.5 2.56458e-15 4.74908e-17 1
5427 2.65094e-15 4.74908e-17 1
5428.5 2.69166e-15 4.74908e-17 1
5430 2.67115e-15 4.74908e-17 1
5431.5 2.65995e-15 4.74908e-17 1
5433 2.70111e-15 4.74908e-17 1
5434.5 2.66408e-15 4.74908e-17 1
5436 2.6691e-15 4.74908e-17 1
5437.5 2.64203e-15 4.74908e-17 1
5439 2.65711e-15 4.74908e-17 1
5440.5 2.62613e-15 4.74908e-17 1
5442 2.59962e-15 4.74908e-17 1
5443.5 2.65028e-15 4.74908e-17 1
5445 2.64695e-15 4.74908e-17 1
5446.5 2.67283e-15 4.74908e-17 1
5448 2.71432e-15 4.74908e-17 1
5449.5 2.78656e-15 4.74908e-17 1
5451 2.80932e-15 4.74908e-17 1
5452.5 2.78322e-15 4.74908e-17 1
5454 2.76044e-15 4.74908e-17 1
5455.5 2.7851e-15 4.74908e-17 1
5457 2.76298e-15 4.74908e-17 1
5458.5 2.73904e-15 4.74908e-17 1
5460 2.77804e-15 4.74908e-17 1
5461.5 2.85175e-15 4.74908e-17 1
5463 2.83809e-15 4.74908e-17 1
5464.5 2.79574e-15 4.74908e-17 1
5466 2.79617e-15 4.74908e-17 1
5467.5 2.81294e-15 4.74908e-17 1
5469 2.79016e-15 4.74908e-17 1
5470.5 2.79216e-15 4.74908e-17 1
5472 2.86702e-15 4.74908e-17 1
5473.5 2.9121e-15 4.74908e-17 1
5475 2.96349e-15 4.74908e-17 1
5476.5 2.92807e-15 4.74908e-17 1
5478 2.91307e-15 4.74908e-17 1
5479.5 2.93062e-15 4.74908e-17 1
5481 2.97715e-15 4.74908e-17 1
5482.5 3.02189e-15 4.74908e-17 1
5484 3.03622e-15 4.74908e-17 1
5485.5 3.06461e-15 4.74908e-17 1
5487 3.09222e-15 4.74908e-17 1
5488.5 3.09868e-15 4.74908e-17 1
5490 3.08678e-15 4.74908e-17 1
5491.5 3.10605e-15 4.74908e-17 1
5493 3.17877e-15 4.74908e-17 1
5494.5 3.24064e-15 4.74908e-17 1
5496 3.28614e-15 4.74908e-17 1
5497.5 3.23606e-15 4.74908e-17 1
5499 3.23268e-15 4.74908e-17 1
5500.5 3.15777e-15 4.74908e-17 1
5502 3.25387e-15 4.74908e-17 1
5503.5 3.35133e-15 4.74908e-17 1
5505 3.34076e-15 4.74908e-17 1
5506.5 3.26851e-15 4.74908e-17 1
5508 3.26086e-15 4.74908e-17 1
5509.5 3.28175e-15 4.74908e-17 1
5511 3.39822e-15 4.74908e-17 1
5512.5 3.36496e-15 4.74908e-17 1
5514 3.41105e-15 4.74908e-17 1
5515.5 3.41498e-15 4.74908e-17 1
5517 3.40072e-15 4.74908e-17 1
5518.5 3.38004e-15 4.74908e-17 1
5520 3.4319e-15 3.8895e-17 1
5521.5 3.47199e-15 3.8895e-17 1
5523 3.39989e-15 3.8895e-17 1
5524.5 3.39955e-15 3.8895e-17 1
5526 3.44598e-15 3.8895e-17 1
5527.5 3.45683e-15 3.8895e-17 1
5529 3.45505e-15 3.8895e-17 1
5530.5 3.4758e-15 3.8895e-17 1
5532 3.50619e-15 3.8895e-17 1
5533.5 3.4791e-15 3.8895e-17 1
5535 3.47665e-15 3.8895e-17 1
5536.5 3.48919e-15 3.8895e-17 1
5538 3.50309e-15 3.8895e-17 1
5539.5 3.4896e-15 3.8895e-17 1
5541 3.54215e-15 3.8895e-17 1
5542.5 3.55191e-15 3.8895e-17 1
5544 3.48015e-15 3.8895e-17 1
5545.5 3.50109e-15 3.8895e-17 1
5547 3.51784e-15 3.8895e-17 1
5548.5 3.51121e-15 3.8895e-17 1
5550 3.46911e-15 3.8895e-17 1
5551.5 3.50853e-15 3.8895e-17 1
5553 3.58854e-15 3.8895e-17 1
5554.5 3.55998e-15 3.8895e-17 1
5556 3.52143e-15 3.8895e-17 1
5557.5 3.53878e-15 3.8895e-17 1
5559 3.55064e-15 3.8895e-17 1
5560.5 3.56952e-15 3.8895e-17 1
5562 3.48755e-15 3.8895e-17 1
5563.5 3.48004e-15 3.8895e-17 1
5565 3.55357e-15 3.8895e-17 1
5566.5 3.51427e-15 3.8895e-17 1
5568 3.51906e-15 3.8895e-17 1
5569.5 3.53518e-15 3.8895e-17 1
5571 3.60057e-15 3.8895e-17 1
5572.5 3.59644e-15 3.8895e-17 1
5574 3.55963e-15 3.8895e-17 1
5575.5 3.6643e-15 3.8895e-17 1
5577 3.61757e-15 3.8895e-17 1
5578.5 3.44758e-15 3.8895e-17 1
5580 3.44872e-15 3.8895e-17 1
5581.5 3.51229e-15 3.8895e-17 1
5583 3.48441e-15 3.8895e-17 1
5584.5 3.46257e-15 3.8895e-17 1
5586 3.4787e-15 3.8895e-17 1
5587.5 3.44783e-15 3.8895e-17 1
5589 3.47648e-15 3.8895e-17 1
5590.5 3.46121e-15 3.8895e-17 1
5592 3.46294e-15 3.8895e-17 1
5593.5 3.46209e-15 3.8895e-17 1
5595 3.46514e-15 3.8895e-17 1
5596.5 3.51422e-15 3.8895e-17 1
5598 3.50653e-15 3.8895e-17 1
5599.5 3.49217e-15 3.8895e-17 1
5601 3.44608e-15 3.8895e-17 1
5602.5 3.42078e-15 3.8895e-17 1
5604 3.41807e-15 3.8895e-17 1
5605.5 3.44145e-15 3.8895e-17 1
5607 3.43379e-15 3.8895e-17 1
5608.5 3.37657e-15 3.8895e-17 1
5610 3.33859e-15 3.8895e-17 1
5611.5 3.33378e-15 3.8895e-17 1
5613 3.35809e-15 3.8895e-17 1
5614.5 3.35435e-15 3.8895e-17 1
5616 3.33189e-15 3.8895e-17 1
5617.5 3.33565e-15 3.8895e-17 1
5619 3.37617e-15 3.8895e-17 1
5620.5 3.39956e-15 3.10749e-17 1
5622 3.38853e-15 3.10749e-17 1
5623.5 3.35433e-15 3.10749e-17 1
5625 3.31785e-15 3.10749e-17 1
5626.5 3.30357e-15 3.10749e-17 1
5628 3.31051e-15 3.10749e-17 1
5629.5 3.29946e-15 3.10749e-17 1
5631 3.25107e-15 3.10749e-17 1
5632.5 3.25945e-15 3.10749e-17 1
5634 3.27876e-15 3.10749e-17 1
5635.5 3.26406e-15 3.10749e-17 1
5637 3.24892e-15 3.10749e-17 1
5638.5 3.23349e-15 3.10749e-17 1
5640 3.21691e-15 3.10749e-17 1
5641.5 3.22074e-15 3.10749e-17 1
5643 3.1829e-15 3.10749e-17 1
5644.5 3.14585e-15 3.10749e-17 1
5646 3.1667e-15 3.10749e-17 1
5647.5 3.16378e-15 3.10749e-17 1
5649 3.14529e-15 3.10749e-17 1
5650.5 3.10768e-15 3.10749e-17 1
5652 3.12223e-15 3.10749e-17 1
5653.5 3.19218e-15 3.10749e-17 1
5655 3.16701e-15 3.10749e-17 1
5656.5 3.12598e-15 3.10749e-17 1
5658 3.15543e-15 3.10749e-17 1
5659.5 3.07992e-15 3.10749e-17 1
5661 3.026e-15 3.10749e-17 1
5662.5 3.00498e-15 3.10749e-17 1
5664 2.99297e-15 3.10749e-17 1
5665.5 2.964e-15 3.10749e-17 1
5667 2.99995e-15 3.10749e-17 1
5668.5 3.01859e-15 3.10749e-17 1
5670 3.01914e-15 3.10749e-17 1
5671.5 3.0024e-15 3.10749e-17 1
5673 2.92438e-15 3.10749e-17 1
5674.5 2.90826e-15 3.10749e-17 1
5676 2.93397e-15 3.10749e-17 1
5677.5 2.90867e-15 3.10749e-17 1
5679 2.86421e-15 3.10749e-17 1
5680.5 2.87446e-15 3.10749e-17 1
5682 2.87317e-15 3.10749e-17 1
5683.5 2.85864e-15 3.10749e-17 1
5685 2.86262e-15 3.10749e-17 1
5686.5 2.86424e-15 3.10749e-17 1
5688 2.87298e-15 3.10749e-17 1
5689.5 2.85112e-15 3.10749e-17 1
5691 2.81335e-15 3.10749e-17 1
5692.5 2.80092e-15 3.10749e-17 1
5694 2.76538e-15 3.10749e-17 1
5695.5 2.70528e-15 3.10749e-17 1
5697 2.6708e-15 3.10749e-17 1
5698.5 2.71533e-15 3.10749e-17 1
5700 2.73436e-15 3.10749e-17 1
5701.5 2.68212e-15 3.10749e-17 1
5703 2.66801e-15 3.10749e-17 1
5704.5 2.64194e-15 3.10749e-17 1
5706 2.66399e-15 3.10749e-17 1
5707.5 2.62927e-15 3.10749e-17 1
5709 2.6328e-15 3.10749e-17 1
5710.5 2.6131e-15 3.10749e-17 1
5712 2.59893e-15 3.10749e-17 1
5713.5 2.63371e-15 3.10749e-17 1
5715 2.59576e-15 3.10749e-17 1
5716.5 2.56624e-15 3.10749e-17 1
5718 2.57599e-15 3.10749e-17 1
5719.5 2.54308e-15 3.10749e-17 1
5721 2.54325e-15 3.65118e-17 1
5722.5 2.56394e-15 3.65118e-17 1
5724 2.46595e-15 3.65118e-17 1
5725.5 2.46472e-15 3.65118e-17 1
5727 2.53318e-15 3.65118e-17 1
5728.5 2.50243e-15 3.65118e-17 1
5730 2.52067e-15 3.65118e-17 1
5731.5 2.48705e-15 3.65118e-17 1
5733 2.47181e-15 3.65118e-17 1
5734.5 2.41195e-15 3.65118e-17 1
5736 2.42159e-15 3.65118e-17 1
5737.5 2.42117e-15 3.65118e-17 1
5739 2.38496e-15 3.65118e-17 1
5740.5 2.39178e-15 3.65118e-17 1
5742 2.38938e-15 3.65118e-17 1
5743.5 2.33956e-15 3.65118e-17 1
5745 2.32774e-15 3.65118e-17 1
5746.5 2.31784e-15 3.65118e-17 1
5748 2.35287e-15 3.65118e-17 1
5749.5 2.32485e-15 3.65118e-17 1
5751 2.32208e-15 3.65118e-17 1
5752.5 2.30019e-15 3.65118e-17 1
5754 2.24933e-15 3.65118e-17 1
5755.5 2.24703e-15 3.65118e-17 1
5757 2.31152e-15 3.65118e-17 1
5758.5 2.31476e-15 3.65118e-17 1
5760 2.2716e-15 3.65118e-17 1
5761.5 2.30731e-15 3.65118e-17 1
5763 2.28586e-15 3.65118e-17 1
5764.5 2.23044e-15 3.65118e-17 1
5766 2.19757e-15 3.65118e-17 1
5767.5 2.2042e-15 3.65118e-17 1
5769 2.22616e-15 3.65118e-17 1
5770.5 2.26646e-15 3.65118e-17 1
5772 2.21654e-15 3.65118e-17 1
5773.5 2.18946e-15 3.65118e-17 1
5775 2.15137e-15 3.65118e-17 1
5776.5 2.20522e-15 3.65118e-17 1
5778 2.18348e-15 3.65118e-17 1
5779.5 2.15177e-15 3.65118e-17 1
5781 2.16017e-15 3.65118e-17 1
5782.5 2.14864e-15 3.65118e-17 1
5784 2.14479e-15 3.65118e-17 1
5785.5 2.12031e-15 3.65118e-17 1
5787 2.1448e-15 3.65118e-17 1
5788.5 2.13546e-15 3.65118e-17 1
5790 2.16534e-15 3.65118e-17 1
5791.5 2.23044e-15 3.65118e-17 1
5793 2.15164e-15 3.65118e-17 1
5794.5 2.16127e-15 3.65118e-17 1
5796 2.19736e-15 3.65118e-17 1
5797.5 2.20654e-15 3.65118e-17 1
5799 2.18342e-15 3.65118e-17 1
5800.5 2.17926e-15 3.65118e-17 1
5802 2.23558e-15 3.65118e-17 1
5803.5 2.25172e-15 3.65118e-17 1
5805 2.22869e-15 3.65118e-17 1
5806.5 2.20125e-15 3.65118e-17 1
5808 2.25382e-15 3.65118e-17 1
5809.5 2.28173e-15 3.65118e-17 1
5811 2.24921e-15 3.65118e-17 1
5812.5 2.27566e-15 3.65118e-17 1
5814 2.31688e-15 3.65118e-17 1
5815.5 2.30074e-15 3.65118e-17 1
5817 2.26738e-15 3.65118e-17 1
5818.5 2.31727e-15 3.65118e-17 1
5820 2.32969e-15 4.82473e-17 1
5821.5 2.33973e-15 4.82473e-17 1
5823 2.38964e-15 4.82473e-17 1
5824.5 2.40447e-15 4.82473e-17 1
5826 2.35325e-15 4.82473e-17 1
5827.5 2.3565e-15 4.82473e-17 1
5829 2.35094e-15 4.82473e-17 1
5830.5 2.34138e-15 4.82473e-17 1
5832 2.36385e-15 4.82473e-17 1
5833.5 2.41944e-15 4.82473e-17 1
5835 2.46556e-15 4.82473e-17 1
5836.5 2.49845e-15 4.82473e-17 1
5838 2.47624e-15 4.82473e-17 1
5839.5 2.46258e-15 4.82473e-17 1
5841 2.50304e-15 4.82473e-17 1
5842.5 2.48445e-15 4.82473e-17 1
5844 2.48068e-15 4.82473e-17 1
5845.5 2.48804e-15 4.82473e-17 1
5847 2.51263e-15 4.82473e-17 1
5848.5 2.57635e-15 4.82473e-17 1
5850 2.5758e-15 4.82473e-17 1
5851.5 2.5394e-15 4.82473e-17 1
5853 2.60166e-15 4.82473e-17 1
5854.5 2.57739e-15 4.82473e-17 1
5856 2.54975e-15 4.82473e-17 1
5857.5 2.59737e-15 4.82473e-17 1
5859 2.62516e-15 4.82473e-17 1
5860.5 2.67237e-15 4.82473e-17 1
5862 2.58471e-15 4.82473e-17 1
5863.5 2.55854e-15 4.82473e-17 1
5865 2.6033e-15 4.82473e-17 1
5866.5 2.61109e-15 4.82473e-17 1
5868 2.6766e-15 4.82473e-17 1
5869.5 2.71137e-15 4.82473e-17 1
5871 2.74159e-15 4.82473e-17 1
5872.5 2.75649e-15 4.82473e-17 1
5874 2.77001e-15 4.82473e-17 1
5875.5 2.74707e-15 4.82473e-17 1
5877 2.76762e-15 4.82473e-17 1
5878.5 2.75646e-15 4.82473e-17 1
5880 2.7358e-15 4.82473e-17 1
5881.5 2.81483e-15 4.82473e-17 1
5883 2.82719e-15 4.82473e-17 1
5884.5 2.80706e-15 4.82473e-17 1
5886 2.82647e-15 4.82473e-17 1
5887.5 2.8321e-15 4.82473e-17 1
5889 2.78763e-15 4.82473e-17 1
5890.5 2.74549e-15 4.82473e-17 1
5892 2.78356e-15 4.82473e-17 1
5893.5 2.84951e-15 4.82473e-17 1
5895 2.8514e-15 4.82473e-17 1
5896.5 2.83618e-15 4.82473e-17 1
5898 2.86609e-15 4.82473e-17 1
5899.5 2.91044e-15 4.82473e-17 1
5901 2.93348e-15 4.82473e-17 1
5902.5 2.98379e-15 4.82473e-17 1
5904 3.00712e-15 4.82473e-17 1
5905.5 3.02192e-15 4.82473e-17 1
5907 3.06089e-15 4.82473e-17 1
5908.5 3.07477e-15 4.82473e-17 1
5910 3.09309e-15 4.82473e-17 1
5911.5 3.10953e-15 4.82473e-17 1
5913 3.05854e-15 4.82473e-17 1
5914.5 3.00502e-15 4.82473e-17 1
5916 3.02937e-15 4.82473e-17 1
5917.5 3.08948e-15 4.82473e-17 1
5919 3.10154e-15 4.82473e-17 1
5920.5 3.12331e-15 9.56516e-17 1
5922 3.13269e-15 9.56516e-17 1
5923.5 3.1898e-15 9.56516e-17 1
5925 3.18728e-15 9.56516e-17 1
5926.5 3.16885e-15 9.56516e-17 1
5928 3.17508e-15 9.56516e-17 1
5929.5 3.18998e-15 9.56516e-17 1
5931 3.18169e-15 9.56516e-17 1
5932.5 3.22285e-15 9.56516e-17 1
5934 3.14277e-15 9.56516e-17 1
5935.5 3.12255e-15 9.56516e-17 1
5937 3.19644e-15 9.56516e-17 1
5938.5 3.22475e-15 9.56516e-17 1
5940 3.2003e-15 9.56516e-17 1
5941.5 3.13925e-15 9.56516e-17 1
5943 3.10038e-15 9.56516e-17 1
5944.5 3.13336e-15 9.56516e-17 1
5946 3.11126e-15 9.56516e-17 1
5947.5 3.08019e-15 9.56516e-17 1
5949 3.15875e-15 9.56516e-17 1
5950.5 3.13986e-15 9.56516e-17 1
5952 3.12425e-15 9.56516e-17 1
5953.5 3.16397e-15 9.56516e-17 1
5955 3.15136e-15 9.56516e-17 1
5956.5 3.13226e-15 9.56516e-17 1
5958 3.18451e-15 9.56516e-17 1
5959.5 3.17707e-15 9.56516e-17 1
5961 3.1663e-15 9.56516e-17 1
5962.5 3.12008e-15 9.56516e-17 1
5964 3.08204e-15 9.56516e-17 1
5965.5 3.10596e-15 9.56516e-17 1
5967 3.12261e-15 9.56516e-17 1
5968.5 3.03693e-15 9.56516e-17 1
5970 2.91986e-15 9.56516e-17 1
5971.5 2.81502e-15 9.56516e-17 1
5973 2.81528e-15 9.56516e-17 1
5974.5 2.84738e-15 9.56516e-17 1
5976 2.81614e-15 9.56516e-17 1
5977.5 2.84332e-15 9.56516e-17 1
5979 2.84962e-15 9.56516e-17 1
5980.5 2.81346e-15 9.56516e-17 1
5982 2.90646e-15 9.56516e-17 1
5983.5 2.99557e-15 9.56516e-17 1
5985 2.96219e-15 9.56516e-17 1
5986.5 2.98791e-15 9.56516e-17 1
5988 2.99308e-15 9.56516e-17 1
5989.5 3.00457e-15 9.56516e-17 1
5991 3.06664e-15 9.56516e-17 1
5992.5 3.02298e-15 9.56516e-17 1
5994 2.91101e-15 9.56516e-17 1
5995.5 2.8556e-15 9.56516e-17 1
5997 2.85203e-15 9.56516e-17 1
5998.5 2.85571e-15 9.56516e-17 1
6000 2.84858e-15 9.56516e-17 1
6001.5 2.83957e-15 9.56516e-17 1
6003 2.78031e-15 9.56516e-17 1
6004.5 2.69785e-15 9.56516e-17 1
6006 2.70587e-15 9.56516e-17 1
6007.5 2.70473e-15 9.56516e-17 1
6009 2.6752e-15 9.56516e-17 1
6010.5 2.67139e-15 9.56516e-17 1
6012 2.61885e-15 9.56516e-17 1
6013.5 2.4924e-15 9.56516e-17 1
6015 2.51978e-15 9.56516e-17 1
6016.5 2.47703e-15 9.56516e-17 1
6018 2.44762e-15 9.56516e-17 1
6019.5 2.44521e-15 9.56516e-17 1
6021 2.4531e-15 5.86594e-17 1
6022.5 2.43452e-15 5.86594e-17 1
6024 2.36026e-15 5.86594e-17 1
6025.5 2.36639e-15 5.86594e-17 1
6027 2.38443e-15 5.86594e-17 1
6028.5 2.36081e-15 5.86594e-17 1
6030 2.33488e-15 5.86594e-17 1
6031.5 2.3389e-15 5.86594e-17 1
6033 2.33458e-15 5.86594e-17 1
6034.5 2.31459e-15 5.86594e-17 1
6036 2.28656e-15 5.86594e-17 1
6037.5 2.2601e-15 5.86594e-17 1
6039 2.28101e-15 5.86594e-17 1
6040.5 2.2532e-15 5.86594e-17 1
6042 2.22539e-15 5.86594e-17 1
6043.5 2.19758e-15 5.86594e-17 1
6045 2.16977e-15 5.86594e-17 1
6046.5 2.16977e-15 5.86594e-17 1
6048 2.18014e-15 5.86594e-17 1
6049.5 2.18773e-15 5.86594e-17 1
6051 2.18402e-15 5.86594e-17 1
6052.5 2.19578e-15 5.86594e-17 1
6054 2.20731e-15 5.86594e-17 1
6055.5 2.18869e-15 5.86594e-17 1
6057 2.18478e-15 5.86594e-17 1
6058.5 2.19895e-15 5.86594e-17 1
6060 2.16028e-15 5.86594e-17 1
6061.5 2.1346e-15 5.86594e-17 1
6063 2.12034e-15 5.86594e-17 1
6064.5 2.06191e-15 5.86594e-17 1
6066 2.05532e-15 5.86594e-17 1
6067.5 2.07291e-15 5.86594e-17 1
6069 2.08576e-15 5.86594e-17 1
6070.5 2.10607e-15 5.86594e-17 1
6072 2.12574e-15 5.86594e-17 1
6073.5 2.14351e-15 5.86594e-17 1
6075 2.14161e-15 5.86594e-17 1
6076.5 2.15519e-15 5.86594e-17 1
6078 2.18709e-15 5.86594e-17 1
6079.5 2.19969e-15 5.86594e-17 1
6081 2.17598e-15 5.86594e-17 1
6082.5 2.14174e-15 5.86594e-17 1
6084 2.15642e-15 5.86594e-17 1
6085.5 2.16787e-15 5.86594e-17 1
6087 2.16916e-15 5.86594e-17 1
6088.5 2.10859e-15 5.86594e-17 1
6090 2.10536e-15 5.86594e-17 1
6091.5 2.20456e-15 5.86594e-17 1
6093 2.1533e-15 5.86594e-17 1
6094.5 2.06155e-15 5.86594e-17 1
6096 2.07225e-15 5.86594e-17 1
6097.5 2.08695e-15 5.86594e-17 1
6099 2.08195e-15 5.86594e-17 1
6100.5 2.07934e-15 5.86594e-17 1
6102 2.08696e-15 5.86594e-17 1
6103.5 2.09112e-15 5.86594e-17 1
6105 2.04025e-15 5.86594e-17 1
6106.5 2.01318e-15 5.86594e-17 1
6108 2.02488e-15 5.86594e-17 1
6109.5 2.03928e-15 5.86594e-17 1
6111 2.03092e-15 5.86594e-17 1
6112.5 1.98811e-15 5.86594e-17 1
6114 2.00193e-15 5.86594e-17 1
6115.5 2.04878e-15 5.86594e-17 1
6117 2.01667e-15 5.86594e-17 1
6118.5 1.95827e-15 5.86594e-17 1
6120 1.98573e-15 3.8611e-17 1
6121.5 1.9887e-15 3.8611e-17 1
6123 1.97312e-15 3.8611e-17 1
6124.5 1.96061e-15 3.8611e-17 1
6126 1.95865e-15 3.8611e-17 1
6127.5 1.97959e-15 3.8611e-17 1
6129 2.00518e-15 3.8611e-17 1
6130.5 2.05313e-15 3.8611e-17 1
6132 2.05404e-15 3.8611e-17 1
6133.5 2.05751e-15 3.8611e-17 1
6135 2.04288e-15 3.8611e-17 1
6136.5 2.06281e-15 3.8611e-17 1
6138 2.03875e-15 3.8611e-17 1
6139.5 1.9924e-15 3.8611e-17 1
6141 2.04474e-15 3.8611e-17 1
6142.5 2.01257e-15 3.8611e-17 1
6144 2.04996e-15 3.8611e-17 1
6145.5 2.05576e-15 3.8611e-17 1
6147 2.04507e-15 3.8611e-17 1
6148.5 2.02141e-15 3.8611e-17 1
6150 2.02412e-15 3.8611e-17 1
6151.5 2.0806e-15 3.8611e-17 1
6153 2.11102e-15 3.8611e-17 1
6154.5 2.14923e-15 3.8611e-17 1
6156 2.14761e-15 3.8611e-17 1
6157.5 2.0896e-15 3.8611e-17 1
6159 2.10249e-15 3.8611e-17 1
6160.5 2.1287e-15 3.8611e-17 1
6162 2.13477e-15 3.8611e-17 1
6163.5 2.0888e-15 3.8611e-17 1
6165 2.11284e-15 3.8611e-17 1
6166.5 2.15321e-15 3.8611e-17 1
6168 2.10346e-15 3.8611e-17 1
6169.5 2.08697e-15 3.8611e-17 1
6171 2.11762e-15 3.8611e-17 1
6172.5 2.11358e-15 3.8611e-17 1
6174 2.12731e-15 3.8611e-17 1
6175.5 2.11519e-15 3.8611e-17 1
6177 2.13576e-15 3.8611e-17 1
6178.5 2.09027e-15 3.8611e-17 1
6180 2.10799e-15 3.8611e-17 1
6181.5 2.15674e-15 3.8611e-17 1
6183 2.18114e-15 3.8611e-17 1
6184.5 2.11901e-15 3.8611e-17 1
6186 2.12267e-15 3.8611e-17 1
6187.5 2.08313e-15 3.8611e-17 1
6189 2.01523e-15 3.8611e-17 1
6190.5 2.04204e-15 3.8611e-17 1
6192 2.03348e-15 3.8611e-17 1
6193.5 2.02734e-15 3.8611e-17 1
6195 2.05798e-15 3.8611e-17 1
6196.5 2.05069e-15 3.8611e-17 1
6198 2.04237e-15 3.8611e-17 1
6199.5 2.01716e-15 3.8611e-17 1
6201 1.98686e-15 3.8611e-17 1
6202.5 1.98959e-15 3.8611e-17 1
6204 1.96123e-15 3.8611e-17 1
6205.5 1.87765e-15 3.8611e-17 1
6207 1.89807e-15 3.8611e-17 1
6208.5 1.94737e-15 3.8611e-17 1
6210 1.94167e-15 3.8611e-17 1
6211.5 1.93602e-15 3.8611e-17 1
6213 1.92743e-15 3.8611e-17 1
6214.5 1.91801e-15 3.8611e-17 1
6216 1.8552e-15 3.8611e-17 1
6217.5 1.8402e-15 3.8611e-17 1
6219 1.90316e-15 3.8611e-17 1
6220.5 1.89751e-15 3.7691e-17 1
6222 1.86159e-15 3.7691e-17 1
6223.5 1.85804e-15 3.7691e-17 1
6225 1.87742e-15 3.7691e-17 1
6226.5 1.86624e-15 3.7691e-17 1
6228 1.90804e-15 3.7691e-17 1
6229.5 1.96187e-15 3.7691e-17 1
6231 1.84577e-15 3.7691e-17 1
6232.5 1.90066e-15 3.7691e-17 1
6234 1.89972e-15 3.7691e-17 1
6235.5 1.94791e-15 3.7691e-17 1
6237 1.97306e-15 3.7691e-17 1
6238.5 1.97963e-15 3.7691e-17 1
6240 1.96042e-15 3.7691e-17 1
6241.5 2.01829e-15 3.7691e-17 1
6243 2.05936e-15 3.7691e-17 1
6244.5 2.02887e-15 3.7691e-17 1
6246 2.05569e-15 3.7691e-17 1
6247.5 2.08621e-15 3.7691e-17 1
6249 2.03726e-15 3.7691e-17 1
6250.5 2.05871e-15 3.7691e-17 1
6252 2.13538e-15 3.7691e-17 1
6253.5 2.1329e-15 3.7691e-17 1
6255 2.12367e-15 3.7691e-17 1
6256.5 2.16947e-15 3.7691e-17 1
6258 2.18184e-15 3.7691e-17 1
6259.5 2.20977e-15 3.7691e-17 1
6261 2.24257e-15 3.7691e-17 1
6262.5 2.24922e-15 3.7691e-17 1
6264 2.26703e-15 3.7691e-17 1
6265.5 2.21784e-15 3.7691e-17 1
6267 2.18901e-15 3.7691e-17 1
6268.5 2.23126e-15 3.7691e-17 1
6270 2.24867e-15 3.7691e-17 1
6271.5 2.24743e-15 3.7691e-17 1
6273 2.24718e-15 3.7691e-17 1
6274.5 2.257e-15 3.7691e-17 1
6276 2.29109e-15 3.7691e-17 1
6277.5 2.28913e-15 3.7691e-17 1
6279 2.27046e-15 3.7691e-17 1
6280.5 2.26669e-15 3.7691e-17 1
6282 2.21153e-15 3.7691e-17 1
6283.5 2.18098e-15 3.7691e-17 1
6285 2.16875e-15 3.7691e-17 1
6286.5 2.19207e-15 3.7691e-17 1
6288 2.21213e-15 3.7691e-17 1
6289.5 2.22173e-15 3.7691e-17 1
6291 2.24746e-15 3.7691e-17 1
6292.5 2.28753e-15 3.7691e-17 1
6294 2.30045e-15 3.7691e-17 1
6295.5 2.25545e-15 3.7691e-17 1
6297 2.20725e-15 3.7691e-17 1
6298.5 2.12646e-15 3.7691e-17 1
6300 2.14282e-15 3.7691e-17 1
6301.5 2.14e-15 3.7691e-17 1
6303 2.09264e-15 3.7691e-17 1
6304.5 2.11291e-15 3.7691e-17 1
6306 2.10398e-15 3.7691e-17 1
6307.5 2.06454e-15 3.7691e-17 1
6309 2.04492e-15 3.7691e-17 1
6310.5 2.06378e-15 3.7691e-17 1
6312 2.10196e-15 3.7691e-17 1
6313.5 2.06305e-15 3.7691e-17 1
6315 1.98261e-15 3.7691e-17 1
6316.5 2.00858e-15 3.7691e-17 1
6318 2.0265e-15 3.7691e-17 1
6319.5 2.04446e-15 3.7691e-17 1
6321 2.0106e-15 3.10828e-17 1
6322.5 1.98241e-15 3.10828e-17 1
6324 2.00932e-15 3.10828e-17 1
6325.5 2.01886e-15 3.10828e-17 1
6327 2.03832e-15 3.10828e-17 1
6328.5 2.02643e-15 3.10828e-17 1
6330 1.99329e-15 3.10828e-17 1
6331.5 1.98293e-15 3.10828e-17 1
6333 1.96482e-15 3.10828e-17 1
6334.5 1.93242e-15 3.10828e-17 1
6336 1.94349e-15 3.10828e-17 1
6337.5 1.96175e-15 3.10828e-17 1
6339 1.93781e-15 3.10828e-17 1
6340.5 1.95975e-15 3.10828e-17 1
6342 1.97834e-15 3.10828e-17 1
6343.5 1.96481e-15 3.10828e-17 1
6345 1.93339e-15 3.10828e-17 1
6346.5 1.94814e-15 3.10828e-17 1
6348 2.00738e-15 3.10828e-17 1
6349.5 2.0225e-15 3.10828e-17 1
6351 2.01354e-15 3.10828e-17 1
6352.5 1.98632e-15 3.10828e-17 1
6354 1.97876e-15 3.10828e-17 1
6355.5 1.9845e-15 3.10828e-17 1
6357 1.95849e-15 3.10828e-17 1
6358.5 1.96222e-15 3.10828e-17 1
6360 1.98194e-15 3.10828e-17 1
6361.5 1.98698e-15 3.10828e-17 1
6363 2.03215e-15 3.10828e-17 1
6364.5 2.02755e-15 3.10828e-17 1
6366 1.98176e-15 3.10828e-17 1
6367.5 1.99233e-15 3.10828e-17 1
6369 2.02016e-15 3.10828e-17 1
6370.5 2.01874e-15 3.10828e-17 1
6372 1.98527e-15 3.10828e-17 1
6373.5 2.00594e-15 3.10828e-17 1
6375 2.0097e-15 3.10828e-17 1
6376.5 2.00347e-15 3.10828e-17 1
6378 1.94117e-15 3.10828e-17 1
6379.5 1.99633e-15 3.10828e-17 1
6381 2.03155e-15 3.10828e-17 1
6382.5 2.03219e-15 3.10828e-17 1
6384 2.03085e-15 3.10828e-17 1
6385.5 2.09583e-15 3.10828e-17 1
6387 2.10689e-15 3.10828e-17 1
6388.5 2.13302e-15 3.10828e-17 1
6390 2.12255e-15 3.10828e-17 1
6391.5 2.11791e-15 3.10828e-17 1
6393 2.06795e-15 3.10828e-17 1
6394.5 2.1198e-15 3.10828e-17 1
6396 2.11029e-15 3.10828e-17 1
6397.5 2.11245e-15 3.10828e-17 1
6399 2.09201e-15 3.10828e-17 1
6400.5 2.11341e-15 3.10828e-17 1
6402 2.1695e-15 3.10828e-17 1
6403.5 2.14157e-15 3.10828e-17 1
6405 2.15696e-15 3.10828e-17 1
6406.5 2.1718e-15 3.10828e-17 1
6408 2.1818e-15 3.10828e-17 1
6409.5 2.20569e-15 3.10828e-17 1
6411 2.18634e-15 3.10828e-17 1
6412.5 2.23014e-15 3.10828e-17 1
6414 2.24504e-15 3.10828e-17 1
6415.5 2.25802e-15 3.10828e-17 1
6417 2.32559e-15 3.10828e-17 1
6418.5 2.32735e-15 3.10828e-17 1
6420 2.32201e-15 6.12393e-17 1
6421.5 2.32578e-15 6.12393e-17 1
6423 2.27644e-15 6.12393e-17 1
6424.5 2.26738e-15 6.12393e-17 1
6426 2.28518e-15 6.12393e-17 1
6427.5 2.28992e-15 6.12393e-17 1
6429 2.33474e-15 6.12393e-17 1
6430.5 2.3675e-15 6.12393e-17 1
6432 2.39797e-15 6.12393e-17 1
6433.5 2.39827e-15 6.12393e-17 1
6435 2.45534e-15 6.12393e-17 1
6436.5 2.48621e-15 6.12393e-17 1
6438 2.46413e-15 6.12393e-17 1
6439.5 2.5473e-15 6.12393e-17 1
6441 2.57938e-15 6.12393e-17 1
6442.5 2.53125e-15 6.12393e-17 1
6444 2.50771e-15 6.12393e-17 1
6445.5 2.51988e-15 6.12393e-17 1
6447 2.50815e-15 6.12393e-17 1
6448.5 2.55848e-15 6.12393e-17 1
6450 2.53744e-15 6.12393e-17 1
6451.5 2.604e-15 6.12393e-17 1
6453 2.6012e-15 6.12393e-17 1
6454.5 2.62336e-15 6.12393e-17 1
6456 2.61019e-15 6.12393e-17 1
6457.5 2.67784e-15 6.12393e-17 1
6459 2.78335e-15 6.12393e-17 1
6460.5 2.76196e-15 6.12393e-17 1
6462 2.69885e-15 6.12393e-17 1
6463.5 2.70867e-15 6.12393e-17 1
6465 2.71569e-15 6.12393e-17 1
6466.5 2.72001e-15 6.12393e-17 1
6468 2.76771e-15 6.12393e-17 1
6469.5 2.74575e-15 6.12393e-17 1
6471 2.76607e-15 6.12393e-17 1
6472.5 2.82014e-15 6.12393e-17 1
6474 2.805e-15 6.12393e-17 1
6475.5 2.79458e-15 6.12393e-17 1
6477 2.83332e-15 6.12393e-17 1
6478.5 2.81275e-15 6.12393e-17 1
6480 2.82337e-15 6.12393e-17 1
6481.5 2.82346e-15 6.12393e-17 1
6483 2.81509e-15 6.12393e-17 1
6484.5 2.81166e-15 6.12393e-17 1
6486 2.82932e-15 6.12393e-17 1
6487.5 2.87892e-15 6.12393e-17 1
6489 2.92252e-15 6.12393e-17 1
6490.5 2.89064e-15 6.12393e-17 1
6492 2.87759e-15 6.12393e-17 1
6493.5 2.91342e-15 6.12393e-17 1
6495 2.92108e-15 6.12393e-17 1
6496.5 2.92087e-15 6.12393e-17 1
6498 2.92854e-15 6.12393e-17 1
6499.5 2.94047e-15 6.12393e-17 1
6501 3.01055e-15 6.12393e-17 1
6502.5 3.01829e-15 6.12393e-17 1
6504 2.95467e-15 6.12393e-17 1
6505.5 2.92108e-15 6.12393e-17 1
6507 2.9034e-15 6.12393e-17 1
6508.5 2.86648e-15 6.12393e-17 1
6510 2.87952e-15 6.12393e-17 1
6511.5 2.85607e-15 6.12393e-17 1
6513 2.83139e-15 6.12393e-17 1
6514.5 2.95723e-15 6.12393e-17 1
6516 3.01725e-15 6.12393e-17 1
6517.5 3.01168e-15 6.12393e-17 1
6519 3.062e-15 6.12393e-17 1
6520.5 3.08065e-15 7.49228e-17 1
6522 3.03687e-15 7.49228e-17 1
6523.5 3.05651e-15 7.49228e-17 1
6525 3.06195e-15 7.49228e-17 1
6526.5 3.0816e-15 7.49228e-17 1
6528 3.12286e-15 7.49228e-17 1
6529.5 3.15461e-15 7.49228e-17 1
6531 3.1209e-15 7.49228e-17 1
6532.5 3.12712e-15 7.49228e-17 1
6534 3.12786e-15 7.49228e-17 1
6535.5 3.10596e-15 7.49228e-17 1
6537 3.15083e-15 7.49228e-17 1
6538.5 3.16264e-15 7.49228e-17 1
6540 3.18898e-15 7.49228e-17 1
6541.5 3.16222e-15 7.49228e-17 1
6543 3.12566e-15 7.49228e-17 1
6544.5 3.19301e-15 7.49228e-17 1
6546 3.20882e-15 7.49228e-17 1
6547.5 3.17821e-15 7.49228e-17 1
6549 3.16599e-15 7.49228e-17 1
6550.5 3.16152e-15 7.49228e-17 1
6552 3.08416e-15 7.49228e-17 1
6553.5 3.0914e-15 7.49228e-17 1
6555 3.15787e-15 7.49228e-17 1
6556.5 3.19591e-15 7.49228e-17 1
6558 3.23217e-15 7.49228e-17 1
6559.5 3.21718e-15 7.49228e-17 1
6561 3.18583e-15 7.49228e-17 1
6562.5 3.15048e-15 7.49228e-17 1
6564 3.15361e-15 7.49228e-17 1
6565.5 3.15929e-15 7.49228e-17 1
6567 3.18435e-15 7.49228e-17 1
6568.5 3.19268e-15 7.49228e-17 1
6570 3.2377e-15 7.49228e-17 1
6571.5 3.25258e-15 7.49228e-17 1
6573 3.2165e-15 7.49228e-17 1
6574.5 3.21723e-15 7.49228e-17 1
6576 3.20372e-15 7.49228e-17 1
6577.5 3.11369e-15 7.49228e-17 1
6579 3.17119e-15 7.49228e-17 1
6580.5 3.21113e-15 7.49228e-17 1
6582 3.20421e-15 7.49228e-17 1
6583.5 3.19533e-15 7.49228e-17 1
6585 3.14876e-15 7.49228e-17 1
6586.5 3.17973e-15 7.49228e-17 1
6588 3.14321e-15 7.49228e-17 1
6589.5 3.16881e-15 7.49228e-17 1
6591 3.18491e-15 7.49228e-17 1
6592.5 3.19232e-15 7.49228e-17 1
6594 3.27204e-15 7.49228e-17 1
6595.5 3.36043e-15 7.49228e-17 1
6597 3.22103e-15 7.49228e-17 1
6598.5 3.2311e-15 7.49228e-17 1
6600 3.26828e-15 7.49228e-17 1
6601.5 3.25161e-15 7.49228e-17 1
6603 3.25789e-15 7.49228e-17 1
6604.5 3.26394e-15 7.49228e-17 1
6606 3.26486e-15 7.49228e-17 1
6607.5 3.27556e-15 7.49228e-17 1
6609 3.1887e-15 7.49228e-17 1
6610.5 3.28326e-15 7.49228e-17 1
6612 3.21536e-15 7.49228e-17 1
6613.5 3.19569e-15 7.49228e-17 1
6615 3.15325e-15 7.49228e-17 1
6616.5 3.12708e-15 7.49228e-17 1
6618 3.19224e-15 7.49228e-17 1
6619.5 3.18295e-15 7.49228e-17 1
6621 3.20597e-15 3.82085e-16 1
6622.5 3.21817e-15 3.82085e-16 1
6624 3.25272e-15 3.82085e-16 1
6625.5 3.22124e-15 3.82085e-16 1
6627 3.20541e-15 3.82085e-16 1
6628.5 3.18046e-15 3.82085e-16 1
6630 3.15854e-15 3.82085e-16 1
6631.5 3.16881e-15 3.82085e-16 1
6633 3.23118e-15 3.82085e-16 1
6634.5 3.26968e-15 3.82085e-16 1
6636 3.28619e-15 3.82085e-16 1
6637.5 3.32821e-15 3.82085e-16 1
6639 3.37542e-15 3.82085e-16 1
6640.5 3.41626e-15 3.82085e-16 1
6642 3.33212e-15 3.82085e-16 1
6643.5 3.18877e-15 3.82085e-16 1
6645 3.11887e-15 3.82085e-16 1
6646.5 3.1271e-15 3.82085e-16 1
6648 3.21736e-15 3.82085e-16 1
6649.5 3.37944e-15 3.82085e-16 1
6651 3.82357e-15 3.82085e-16 1
6652.5 4.40486e-15 3.82085e-16 1
6654 4.83875e-15 3.82085e-16 1
6655.5 4.90502e-15 3.82085e-16 1
6657 4.39423e-15 3.82085e-16 1
6658.5 3.73537e-15 3.82085e-16 1
6660 3.23548e-15 3.82085e-16 1
6661.5 3.02943e-15 3.82085e-16 1
6663 2.9586e-15 3.82085e-16 1
6664.5 2.94243e-15 3.82085e-16 1
6666 2.98024e-15 3.82085e-16 1
6667.5 2.98069e-15 3.82085e-16 1
6669 3.03086e-15 3.82085e-16 1
6670.5 3.05043e-15 3.82085e-16 1
6672 3.25402e-15 3.82085e-16 1
6673.5 3.61405e-15 3.82085e-16 1
6675 3.79762e-15 3.82085e-16 1
6676.5 3.67788e-15 3.82085e-16 1
6678 3.45488e-15 3.82085e-16 1
6679.5 3.22483e-15 3.82085e-16 1
6681 2.99362e-15 3.82085e-16 1
6682.5 2.9123e-15 3.82085e-16 1
6684 2.91323e-15 3.82085e-16 1
6685.5 2.84755e-15 3.82085e-16 1
6687 2.87655e-15 3.82085e-16 1
6688.5 2.89493e-15 3.82085e-16 1
6690 2.85481e-15 3.82085e-16 1
6691.5 2.84295e-15 3.82085e-16 1
6693 2.82045e-15 3.82085e-16 1
6694.5 2.79433e-15 3.82085e-16 1
6696 2.79581e-15 3.82085e-16 1
6697.5 2.77539e-15 3.82085e-16 1
6699 2.71256e-15 3.82085e-16 1
6700.5 2.70654e-15 3.82085e-16 1
6702 2.72001e-15 3.82085e-16 1
6703.5 2.72233e-15 3.82085e-16 1
6705 2.73456e-15 3.82085e-16 1
6706.5 2.72696e-15 3.82085e-16 1
6708 2.73184e-15 3.82085e-16 1
6709.5 2.71712e-15 3.82085e-16 1
6711 2.66792e-15 3.82085e-16 1
6712.5 2.64299e-15 3.82085e-16 1
6714 2.63233e-15 3.82085e-16 1
6715.5 2.60003e-15 3.82085e-16 1
6717 2.56186e-15 3.82085e-16 1
6718.5 2.57046e-15 3.82085e-16 1
6720 2.57987e-15 5.38124e-17 1
6721.5 2.55834e-15 5.38124e-17 1
6723 2.57498e-15 5.38124e-17 1
6724.5 2.58956e-15 5.38124e-17 1
6726 2.58057e-15 5.38124e-17 1
6727.5 2.5569e-15 5.38124e-17 1
6729 2.4949e-15 5.38124e-17 1
6730.5 2.48639e-15 5.38124e-17 1
6732 2.50158e-15 5.38124e-17 1
6733.5 2.46406e-15 5.38124e-17 1
6735 2.45878e-15 5.38124e-17 1
6736.5 2.43692e-15 5.38124e-17 1
6738 2.39871e-15 5.38124e-17 1
6739.5 2.38771e-15 5.38124e-17 1
6741 2.42374e-15 5.38124e-17 1
6742.5 2.42957e-15 5.38124e-17 1
6744 2.3968e-15 5.38124e-17 1
6745.5 2.40689e-15 5.38124e-17 1
6747 2.41595e-15 5.38124e-17 1
6748.5 2.38781e-15 5.38124e-17 1
6750 2.34318e-15 5.38124e-17 1
6751.5 2.30319e-15 5.38124e-17 1
6753 2.34486e-15 5.38124e-17 1
6754.5 2.32705e-15 5.38124e-17 1
6756 2.31757e-15 5.38124e-17 1
6757.5 2.33865e-15 5.38124e-17 1
6759 2.31043e-15 5.38124e-17 1
6760.5 2.31744e-15 5.38124e-17 1
6762 2.33387e-15 5.38124e-17 1
6763.5 2.2424e-15 5.38124e-17 1
6765 2.27347e-15 5.38124e-17 1
6766.5 2.25981e-15 5.38124e-17 1
6768 2.24403e-15 5.38124e-17 1
6769.5 2.24636e-15 5.38124e-17 1
6771 2.23055e-15 5.38124e-17 1
6772.5 2.23061e-15 5.38124e-17 1
6774 2.21713e-15 5.38124e-17 1
6775.5 2.19256e-15 5.38124e-17 1
6777 2.17717e-15 5.38124e-17 1
6778.5 2.1498e-15 5.38124e-17 1
6780 2.12773e-15 5.38124e-17 1
6781.5 2.16455e-15 5.38124e-17 1
6783 2.16801e-15 5.38124e-17 1
6784.5 2.13991e-15 5.38124e-17 1
6786 2.1333e-15 5.38124e-17 1
6787.5 2.13338e-15 5.38124e-17 1
6789 2.1169e-15 5.38124e-17 1
6790.5 2.11524e-15 5.38124e-17 1
6792 2.14393e-15 5.38124e-17 1
6793.5 2.14897e-15 5.38124e-17 1
6795 2.13875e-15 5.38124e-17 1
6796.5 2.10301e-15 5.38124e-17 1
6798 2.04704e-15 5.38124e-17 1
6799.5 2.06583e-15 5.38124e-17 1
6801 2.09901e-15 5.38124e-17 1
6802.5 2.06778e-15 5.38124e-17 1
6804 2.04021e-15 5.38124e-17 1
6805.5 2.0214e-15 5.38124e-17 1
6807 2.06068e-15 5.38124e-17 1
6808.5 2.16949e-15 5.38124e-17 1
6810 2.25732e-15 5.38124e-17 1
6811.5 2.2558e-15 5.38124e-17 1
6813 2.15452e-15 5.38124e-17 1
6814.5 2.02807e-15 5.38124e-17 1
6816 2.00276e-15 5.38124e-17 1
6817.5 2.04618e-15 5.38124e-17 1
6819 2.05291e-15 5.38124e-17 1
6820.5 2.06238e-15 5.06515e-17 1
6822 2.05206e-15 5.06515e-17 1
6823.5 2.08516e-15 5.06515e-17 1
6825 2.10145e-15 5.06515e-17 1
6826.5 2.13545e-15 5.06515e-17 1
6828 2.0891e-15 5.06515e-17 1
6829.5 2.02692e-15 5.06515e-17 1
6831 2.0048e-15 5.06515e-17 1
6832.5 1.94884e-15 5.06515e-17 1
6834 1.90185e-15 5.06515e-17 1
6835.5 1.82743e-15 5.06515e-17 1
6837 1.86852e-15 5.06515e-17 1
6838.5 1.88358e-15 5.06515e-17 1
6840 1.91364e-15 5.06515e-17 1
6841.5 1.93448e-15 5.06515e-17 1
6843 1.8703e-15 5.06515e-17 1
6844.5 1.88151e-15 5.06515e-17 1
6846 1.86967e-15 5.06515e-17 1
6847.5 1.81559e-15 5.06515e-17 1
6849 1.80318e-15 5.06515e-17 1
6850.5 1.89252e-15 5.06515e-17 1
6852 1.91095e-15 5.06515e-17 1
6853.5 1.86143e-15 5.06515e-17 1
6855 1.88468e-15 5.06515e-17 1
6856.5 1.87436e-15 5.06515e-17 1
6858 1.83059e-15 5.06515e-17 1
6859.5 1.86526e-15 5.06515e-17 1
6861 1.89586e-15 5.06515e-17 1
6862.5 1.91877e-15 5.06515e-17 1
6864 1.90644e-15 5.06515e-17 1
6865.5 1.89501e-15 5.06515e-17 1
6867 1.82213e-15 5.06515e-17 1
6868.5 1.77045e-15 5.06515e-17 1
6870 1.86883e-15 5.06515e-17 1
6871.5 1.91547e-15 5.06515e-17 1
6873 1.85162e-15 5.06515e-17 1
6874.5 1.86931e-15 5.06515e-17 1
6876 1.86057e-15 5.06515e-17 1
6877.5 1.81946e-15 5.06515e-17 1
6879 1.77779e-15 5.06515e-17 1
6880.5 1.78812e-15 5.06515e-17 1
6882 1.80803e-15 5.06515e-17 1
6883.5 1.85215e-15 5.06515e-17 1
6885 1.86311e-15 5.06515e-17 1
6886.5 1.88582e-15 5.06515e-17 1
6888 1.80444e-15 5.06515e-17 1
6889.5 1.75699e-15 5.06515e-17 1
6891 1.80206e-15 5.06515e-17 1
6892.5 1.83584e-15 5.06515e-17 1
6894 1.80193e-15 5.06515e-17 1
6895.5 1.80851e-15 5.06515e-17 1
6897 1.78883e-15 5.06515e-17 1
6898.5 1.71909e-15 5.06515e-17 1
6900 1.76497e-15 5.06515e-17 1
6901.5 1.7726e-15 5.06515e-17 1
6903 1.74937e-15 5.06515e-17 1
6904.5 1.68509e-15 5.06515e-17 1
6906 1.7018e-15 5.06515e-17 1
6907.5 1.76223e-15 5.06515e-17 1
6909 1.80324e-15 5.06515e-17 1
6910.5 1.74891e-15 5.06515e-17 1
6912 1.76411e-15 5.06515e-17 1
6913.5 1.74546e-15 5.06515e-17 1
6915 1.74731e-15 5.06515e-17 1
6916.5 1.76771e-15 5.06515e-17 1
6918 1.74454e-15 5.06515e-17 1
6919.5 1.77971e-15 5.06515e-17 1
6921 1.83221e-15 3.12346e-17 1
6922.5 1.75296e-15 3.12346e-17 1
6924 1.64449e-15 3.12346e-17 1
6925.5 1.71798e-15 3.12346e-17 1
6927 1.78778e-15 3.12346e-17 1
6928.5 1.7582e-15 3.12346e-17 1
6930 1.71818e-15 3.12346e-17 1
6931.5 1.72759e-15 3.12346e-17 1
6933 1.72894e-15 3.12346e-17 1
6934.5 1.66979e-15 3.12346e-17 1
6936 1.70366e-15 3.12346e-17 1
6937.5 1.74172e-15 3.12346e-17 1
6939 1.71364e-15 3.12346e-17 1
6940.5 1.7373e-15 3.12346e-17 1
6942 1.76933e-15 3.12346e-17 1
6943.5 1.73751e-15 3.12346e-17 1
6945 1.70399e-15 3.12346e-17 1
6946.5 1.74603e-15 3.12346e-17 1
6948 1.77263e-15 3.12346e-17 1
6949.5 1.75296e-15 3.12346e-17 1
6951 1.7418e-15 3.12346e-17 1
6952.5 1.7073e-15 3.12346e-17 1
6954 1.69757e-15 3.12346e-17 1
6955.5 1.71175e-15 3.12346e-17 1
6957 1.74611e-15 3.12346e-17 1
6958.5 1.71831e-15 3.12346e-17 1
6960 1.69444e-15 3.12346e-17 1
6961.5 1.73388e-15 3.12346e-17 1
6963 1.74441e-15 3.12346e-17 1
6964.5 1.72031e-15 3.12346e-17 1
6966 1.73311e-15 3.12346e-17 1
6967.5 1.76948e-15 3.12346e-17 1
6969 1.78812e-15 3.12346e-17 1
6970.5 1.78022e-15 3.12346e-17 1
6972 1.75541e-15 3.12346e-17 1
6973.5 1.74425e-15 3.12346e-17 1
6975 1.76279e-15 3.12346e-17 1
6976.5 1.75819e-15 3.12346e-17 1
6978 1.68401e-15 3.12346e-17 1
6979.5 1.70685e-15 3.12346e-17 1
6981 1.75553e-15 3.12346e-17 1
6982.5 1.72357e-15 3.12346e-17 1
6984 1.74931e-15 3.12346e-17 1
6985.5 1.73882e-15 3.12346e-17 1
6987 1.70496e-15 3.12346e-17 1
6988.5 1.76799e-15 3.12346e-17 1
6990 1.76846e-15 3.12346e-17 1
6991.5 1.71338e-15 3.12346e-17 1
6993 1.69891e-15 3.12346e-17 1
6994.5 1.70529e-15 3.12346e-17 1
6996 1.75571e-15 3.12346e-17 1
6997.5 1.76538e-15 3.12346e-17 1
6999 1.76601e-15 3.12346e-17 1
7000.5 1.74929e-15 3.12346e-17 1
7002 1.74995e-15 3.12346e-17 1
7003.5 1.7647e-15 3.12346e-17 1
7005 1.7165e-15 3.12346e-17 1
7006.5 1.68075e-15 3.12346e-17 1
7008 1.72087e-15 3.12346e-17 1
7009.5 1.74394e-15 3.12346e-17 1
7011 1.74647e-15 3.12346e-17 1
7012.5 1.74246e-15 3.12346e-17 1
7014 1.69762e-15 3.12346e-17 1
7015.5 1.67467e-15 3.12346e-17 1
7017 1.70155e-15 3.12346e-17 1
7018.5 1.72683e-15 3.12346e-17 1
7020 1.70524e-15 2.29041e-17 1
7021.5 1.69401e-15 2.29041e-17 1
7023 1.71043e-15 2.29041e-17 1
7024.5 1.7521e-15 2.29041e-17 1
7026 1.71879e-15 2.29041e-17 1
7027.5 1.68999e-15 2.29041e-17 1
7029 1.68018e-15 2.29041e-17 1
7030.5 1.68972e-15 2.29041e-17 1
7032 1.7069e-15 2.29041e-17 1
7033.5 1.66454e-15 2.29041e-17 1
7035 1.64134e-15 2.29041e-17 1
7036.5 1.67747e-15 2.29041e-17 1
7038 1.69236e-15 2.29041e-17 1
7039.5 1.66339e-15 2.29041e-17 1
7041 1.71141e-15 2.29041e-17 1
7042.5 1.75511e-15 2.29041e-17 1
7044 1.69113e-15 2.29041e-17 1
7045.5 1.64095e-15 2.29041e-17 1
7047 1.61533e-15 2.29041e-17 1
7048.5 1.60476e-15 2.29041e-17 1
7050 1.66209e-15 2.29041e-17 1
7051.5 1.64419e-15 2.29041e-17 1
7053 1.6548e-15 2.29041e-17 1
7054.5 1.64917e-15 2.29041e-17 1
7056 1.6516e-15 2.29041e-17 1
7057.5 1.64658e-15 2.29041e-17 1
7059 1.62519e-15 2.29041e-17 1
7060.5 1.61977e-15 2.29041e-17 1
7062 1.64151e-15 2.29041e-17 1
7063.5 1.60126e-15 2.29041e-17 1
7065 1.62727e-15 2.29041e-17 1
7066.5 1.66631e-15 2.29041e-17 1
7068 1.64922e-15 2.29041e-17 1
7069.5 1.60304e-15 2.29041e-17 1
7071 1.6122e-15 2.29041e-17 1
7072.5 1.62221e-15 2.29041e-17 1
7074 1.62837e-15 2.29041e-17 1
7075.5 1.6126e-15 2.29041e-17 1
7077 1.56742e-15 2.29041e-17 1
7078.5 1.56265e-15 2.29041e-17 1
7080 1.58501e-15 2.29041e-17 1
7081.5 1.6042e-15 2.29041e-17 1
7083 1.60885e-15 2.29041e-17 1
7084.5 1.60845e-15 2.29041e-17 1
7086 1.59921e-15 2.29041e-17 1
7087.5 1.58224e-15 2.29041e-17 1
7089 1.57072e-15 2.29041e-17 1
7090.5 1.5558e-15 2.29041e-17 1
7092 1.55725e-15 2.29041e-17 1
7093.5 1.58692e-15 2.29041e-17 1
7095 1.57775e-15 2.29041e-17 1
7096.5 1.58097e-15 2.29041e-17 1
7098 1.58746e-15 2.29041e-17 1
7099.5 1.56149e-15 2.29041e-17 1
7101 1.55409e-15 2.29041e-17 1
7102.5 1.55659e-15 2.29041e-17 1
7104 1.53636e-15 2.29041e-17 1
7105.5 1.55129e-15 2.29041e-17 1
7107 1.56604e-15 2.29041e-17 1
7108.5 1.57584e-15 2.29041e-17 1
7110 1.58699e-15 2.29041e-17 1
7111.5 1.56771e-15 2.29041e-17 1
7113 1.57879e-15 2.29041e-17 1
7114.5 1.55441e-15 2.29041e-17 1
7116 1.53791e-15 2.29041e-17 1
7117.5 1.55026e-15 2.29041e-17 1
7119 1.56522e-15 2.29041e-17 1
7120.5 1.50886e-15 3.05872e-17 1
7122 1.51661e-15 3.05872e-17 1
7123.5 1.53384e-15 3.05872e-17 1
7125 1.59258e-15 3.05872e-17 1
7126.5 1.55271e-15 3.05872e-17 1
7128 1.5692e-15 3.05872e-17 1
7129.5 1.54303e-15 3.05872e-17 1
7131 1.53901e-15 3.05872e-17 1
7132.5 1.50733e-15 3.05872e-17 1
7134 1.51654e-15 3.05872e-17 1
7135.5 1.55062e-15 3.05872e-17 1
7137 1.54532e-15 3.05872e-17 1
7138.5 1.55725e-15 3.05872e-17 1
7140 1.58242e-15 3.05872e-17 1
7141.5 1.56387e-15 3.05872e-17 1
7143 1.52155e-15 3.05872e-17 1
7144.5 1.54762e-15 3.05872e-17 1
7146 1.58037e-15 3.05872e-17 1
7147.5 1.52486e-15 3.05872e-17 1
7149 1.48926e-15 3.05872e-17 1
7150.5 1.51938e-15 3.05872e-17 1
7152 1.52266e-15 3.05872e-17 1
7153.5 1.49702e-15 3.05872e-17 1
7155 1.49932e-15 3.05872e-17 1
7156.5 1.50744e-15 3.05872e-17 1
7158 1.50426e-15 3.05872e-17 1
7159.5 1.49795e-15 3.05872e-17 1
7161 1.47932e-15 3.05872e-17 1
7162.5 1.46073e-15 3.05872e-17 1
7164 1.4528e-15 3.05872e-17 1
7165.5 1.45133e-15 3.05872e-17 1
7167 1.45157e-15 3.05872e-17 1
7168.5 1.5203e-15 3.05872e-17 1
7170 1.61249e-15 3.05872e-17 1
7171.5 1.52626e-15 3.05872e-17 1
7173 1.4679e-15 3.05872e-17 1
7174.5 1.50993e-15 3.05872e-17 1
7176 1.51625e-15 3.05872e-17 1
7177.5 1.49067e-15 3.05872e-17 1
7179 1.4683e-15 3.05872e-17 1
7180.5 1.47753e-15 3.05872e-17 1
7182 1.48553e-15 3.05872e-17 1
7183.5 1.45431e-15 3.05872e-17 1
7185 1.42922e-15 3.05872e-17 1
7186.5 1.46064e-15 3.05872e-17 1
7188 1.49143e-15 3.05872e-17 1
7189.5 1.44284e-15 3.05872e-17 1
7191 1.44712e-15 3.05872e-17 1
7192.5 1.50555e-15 3.05872e-17 1
7194 1.52148e-15 3.05872e-17 1
7195.5 1.47252e-15 3.05872e-17 1
7197 1.44163e-15 3.05872e-17 1
7198.5 1.48813e-15 3.05872e-17 1
7200 1.52374e-15 3.05872e-17 1
7201.5 1.45089e-15 3.05872e-17 1
7203 1.45231e-15 3.05872e-17 1
7204.5 1.4887e-15 3.05872e-17 1
7206 1.45412e-15 3.05872e-17 1
7207.5 1.47597e-15 3.05872e-17 1
7209 1.47241e-15 3.05872e-17 1
7210.5 1.46783e-15 3.05872e-17 1
7212 1.49613e-15 3.05872e-17 1
7213.5 1.4813e-15 3.05872e-17 1
7215 1.48807e-15 3.05872e-17 1
7216.5 1.5266e-15 3.05872e-17 1
7218 1.53184e-15 3.05872e-17 1
7219.5 1.55679e-15 3.05872e-17 1
7221 1.54011e-15 3.70851e-17 1
7222.5 1.49811e-15 3.70851e-17 1
7224 1.51562e-15 3.70851e-17 1
7225.5 1.5362e-15 3.70851e-17 1
7227 1.51946e-15 3.70851e-17 1
7228.5 1.52413e-15 3.70851e-17 1
7230 1.53234e-15 3.70851e-17 1
7231.5 1.59037e-15 3.70851e-17 1
7233 1.633e-15 3.70851e-17 1
7234.5 1.62411e-15 3.70851e-17 1
7236 1.60858e-15 3.70851e-17 1
7237.5 1.62024e-15 3.70851e-17 1
7239 1.61314e-15 3.70851e-17 1
7240.5 1.61208e-15 3.70851e-17 1
7242 1.61979e-15 3.70851e-17 1
7243.5 1.61304e-15 3.70851e-17 1
7245 1.59703e-15 3.70851e-17 1
7246.5 1.58397e-15 3.70851e-17 1
7248 1.59271e-15 3.70851e-17 1
7249.5 1.62022e-15 3.70851e-17 1
7251 1.68755e-15 3.70851e-17 1
7252.5 1.73326e-15 3.70851e-17 1
7254 1.70529e-15 3.70851e-17 1
7255.5 1.6508e-15 3.70851e-17 1
7257 1.63044e-15 3.70851e-17 1
7258.5 1.64994e-15 3.70851e-17 1
7260 1.60785e-15 3.70851e-17 1
7261.5 1.59865e-15 3.70851e-17 1
7263 1.63888e-15 3.70851e-17 1
7264.5 1.61435e-15 3.70851e-17 1
7266 1.6483e-15 3.70851e-17 1
7267.5 1.58915e-15 3.70851e-17 1
7269 1.56452e-15 3.70851e-17 1
7270.5 1.64476e-15 3.70851e-17 1
7272 1.65464e-15 3.70851e-17 1
7273.5 1.6958e-15 3.70851e-17 1
7275 1.67762e-15 3.70851e-17 1
7276.5 1.67547e-15 3.70851e-17 1
7278 1.64996e-15 3.70851e-17 1
7279.5 1.57647e-15 3.70851e-17 1
7281 1.61279e-15 3.70851e-17 1
7282.5 1.69025e-15 3.70851e-17 1
7284 1.65306e-15 3.70851e-17 1
7285.5 1.58892e-15 3.70851e-17 1
7287 1.61641e-15 3.70851e-17 1
7288.5 1.59438e-15 3.70851e-17 1
7290 1.56713e-15 3.70851e-17 1
7291.5 1.52879e-15 3.70851e-17 1
7293 1.49632e-15 3.70851e-17 1
7294.5 1.56085e-15 3.70851e-17 1
7296 1.60075e-15 3.70851e-17 1
7297.5 1.59434e-15 3.70851e-17 1
7299 1.60603e-15 3.70851e-17 1
7300.5 1.61745e-15 3.70851e-17 1
7302 1.61899e-15 3.70851e-17 1
7303.5 1.6269e-15 3.70851e-17 1
7305 1.63193e-15 3.70851e-17 1
7306.5 1.60805e-15 3.70851e-17 1
7308 1.59719e-15 3.70851e-17 1
7309.5 1.60424e-15 3.70851e-17 1
7311 1.58801e-15 3.70851e-17 1
7312.5 1.58777e-15 3.70851e-17 1
7314 1.59322e-15 3.70851e-17 1
7315.5 1.57622e-15 3.70851e-17 1
7317 1.60611e-15 3.70851e-17 1
7318.5 1.61231e-15 3.70851e-17 1
7320 1.5483e-15 3.29419e-17 1
7321.5 1.53172e-15 3.29419e-17 1
7323 1.56504e-15 3.29419e-17 1
7324.5 1.597e-15 3.29419e-17 1
7326 1.60653e-15 3.29419e-17 1
7327.5 1.63202e-15 3.29419e-17 1
7329 1.64775e-15 3.29419e-17 1
7330.5 1.6206e-15 3.29419e-17 1
7332 1.58638e-15 3.29419e-17 1
7333.5 1.54677e-15 3.29419e-17 1
7335 1.58272e-15 3.29419e-17 1
7336.5 1.59999e-15 3.29419e-17 1
7338 1.62375e-15 3.29419e-17 1
7339.5 1.63239e-15 3.29419e-17 1
7341 1.64762e-15 3.29419e-17 1
7342.5 1.64785e-15 3.29419e-17 1
7344 1.65749e-15 3.29419e-17 1
7345.5 1.59039e-15 3.29419e-17 1
7347 1.50814e-15 3.29419e-17 1
7348.5 1.614e-15 3.29419e-17 1
7350 1.55961e-15 3.29419e-17 1
7351.5 1.60567e-15 3.29419e-17 1
7353 1.62981e-15 3.29419e-17 1
7354.5 1.64923e-15 3.29419e-17 1
7356 1.63823e-15 3.29419e-17 1
7357.5 1.61604e-15 3.29419e-17 1
7359 1.62546e-15 3.29419e-17 1
7360.5 1.60146e-15 3.29419e-17 1
7362 1.58257e-15 3.29419e-17 1
7363.5 1.57546e-15 3.29419e-17 1
7365 1.61369e-15 3.29419e-17 1
7366.5 1.66167e-15 3.29419e-17 1
7368 1.67457e-15 3.29419e-17 1
7369.5 1.639e-15 3.29419e-17 1
7371 1.62804e-15 3.29419e-17 1
7372.5 1.62453e-15 3.29419e-17 1
7374 1.61513e-15 3.29419e-17 1
7375.5 1.62401e-15 3.29419e-17 1
7377 1.62828e-15 3.29419e-17 1
7378.5 1.63351e-15 3.29419e-17 1
7380 1.63007e-15 3.29419e-17 1
7381.5 1.62294e-15 3.29419e-17 1
7383 1.5952e-15 3.29419e-17 1
7384.5 1.58968e-15 3.29419e-17 1
7386 1.62292e-15 3.29419e-17 1
7387.5 1.62574e-15 3.29419e-17 1
7389 1.63253e-15 3.29419e-17 1
7390.5 1.66494e-15 3.29419e-17 1
7392 1.67811e-15 3.29419e-17 1
7393.5 1.66882e-15 3.29419e-17 1
7395 1.7165e-15 3.29419e-17 1
7396.5 1.7445e-15 3.29419e-17 1
7398 1.69133e-15 3.29419e-17 1
7399.5 1.65598e-15 3.29419e-17 1
7401 1.65855e-15 3.29419e-17 1
7402.5 1.66857e-15 3.29419e-17 1
7404 1.68677e-15 3.29419e-17 1
7405.5 1.69091e-15 3.29419e-17 1
7407 1.72142e-15 3.29419e-17 1
7408.5 1.66836e-15 3.29419e-17 1
7410 1.65014e-15 3.29419e-17 1
7411.5 1.6527e-15 3.29419e-17 1
7413 1.68436e-15 3.29419e-17 1
7414.5 1.70414e-15 3.29419e-17 1
7416 1.67366e-15 3.29419e-17 1
7417.5 1.64641e-15 3.29419e-17 1
7419 1.6842e-15 3.29419e-17 1
7420.5 1.66284e-15 3.06643e-17 1
7422 1.6653e-15 3.06643e-17 1
7423.5 1.72342e-15 3.06643e-17 1
7425 1.70028e-15 3.06643e-17 1
7426.5 1.67976e-15 3.06643e-17 1
7428 1.69094e-15 3.06643e-17 1
7429.5 1.74882e-15 3.06643e-17 1
7431 1.77247e-15 3.06643e-17 1
7432.5 1.74972e-15 3.06643e-17 1
7434 1.7249e-15 3.06643e-17 1
7435.5 1.69968e-15 3.06643e-17 1
7437 1.73886e-15 3.06643e-17 1
7438.5 1.74644e-15 3.06643e-17 1
7440 1.71033e-15 3.06643e-17 1
7441.5 1.71107e-15 3.06643e-17 1
7443 1.71612e-15 3.06643e-17 1
7444.5 1.73209e-15 3.06643e-17 1
7446 1.75338e-15 3.06643e-17 1
7447.5 1.73043e-15 3.06643e-17 1
7449 1.68532e-15 3.06643e-17 1
7450.5 1.6834e-15 3.06643e-17 1
7452 1.73557e-15 3.06643e-17 1
7453.5 1.75579e-15 3.06643e-17 1
7455 1.70935e-15 3.06643e-17 1
7456.5 1.70123e-15 3.06643e-17 1
7458 1.726e-15 3.06643e-17 1
7459.5 1.7198e-15 3.06643e-17 1
7461 1.71812e-15 3.06643e-17 1
7462.5 1.74272e-15 3.06643e-17 1
7464 1.77002e-15 3.06643e-17 1
7465.5 1.76055e-15 3.06643e-17 1
7467 1.75882e-15 3.06643e-17 1
7468.5 1.71621e-15 3.06643e-17 1
7470 1.73985e-15 3.06643e-17 1
7471.5 1.77411e-15 3.06643e-17 1
7473 1.78679e-15 3.06643e-17 1
7474.5 1.75219e-15 3.06643e-17 1
7476 1.77628e-15 3.06643e-17 1
7477.5 1.78199e-15 3.06643e-17 1
7479 1.79817e-15 3.06643e-17 1
7480.5 1.85057e-15 3.06643e-17 1
7482 1.84153e-15 3.06643e-17 1
7483.5 1.79082e-15 3.06643e-17 1
7485 1.7689e-15 3.06643e-17 1
7486.5 1.74366e-15 3.06643e-17 1
7488 1.763e-15 3.06643e-17 1
7489.5 1.74565e-15 3.06643e-17 1
7491 1.73548e-15 3.06643e-17 1
7492.5 1.79756e-15 3.06643e-17 1
7494 1.80269e-15 3.06643e-17 1
7495.5 1.78129e-15 3.06643e-17 1
7497 1.77817e-15 3.06643e-17 1
7498.5 1.77598e-15 3.06643e-17 1
7500 1.81085e-15 3.06643e-17 1
7501.5 1.80933e-15 3.06643e-17 1
7503 1.76722e-15 3.06643e-17 1
7504.5 1.74305e-15 3.06643e-17 1
7506 1.7095e-15 3.06643e-17 1
7507.5 1.74349e-15 3.06643e-17 1
7509 1.74312e-15 3.06643e-17 1
7510.5 1.75103e-15 3.06643e-17 1
7512 1.73699e-15 3.06643e-17 1
7513.5 1.73228e-15 3.06643e-17 1
7515 1.7681e-15 3.06643e-17 1
7516.5 1.71341e-15 3.06643e-17 1
7518 1.69187e-15 3.06643e-17 1
7519.5 1.74672e-15 3.06643e-17 1
7521 1.71053e-15 3.06643e-17 1
7522.5 1.70014e-15 3.06643e-17 1
7524 1.71614e-15 3.06643e-17 1
7525.5 1.72119e-15 3.06643e-17 1
7527 1.71627e-15 3.06643e-17 1
7528.5 1.68793e-15 3.06643e-17 1
7530 1.67174e-15 3.06643e-17 1
7531.5 1.71479e-15 3.06643e-17 1
7533 1.69567e-15 3.06643e-17 1
7534.5 1.64042e-15 3.06643e-17 1
7536 1.63054e-15 3.06643e-17 1
7537.5 1.64456e-15 3.06643e-17 1
7539 1.60374e-15 3.06643e-17 1
7540.5 1.48207e-15 3.06643e-17 1
