# converted by J. Guy, 2010-10-18
# from  Balland et al. 2009A&A...507...85B
@Redshift 0.68
@FORMAT STD
@Date 53404
@EXTRACT_TYPE P
@GALAXY_MODEL NoGalaxy
@SELECTED_FOR_SNLS3_TRAINING 1
@SN 05D2bt
@SURVEY SNLS_VLT_SPEC
@Source VLT
#WAVE : wavelength, observer frame, in A
#FLUX : erg/s/cm2/A
#ERR  : statistical uncertainty on flux
#VALID : 1=ok 0=ignore
#end
4253.63 1.154e-18 2.287e-18 1
4258.63 -6.84e-19 2.583e-18 1
4263.63 -1.64e-18 2.401e-18 1
4268.63 -2.404e-18 2.235e-18 1
4273.63 1.357e-18 2.092e-18 1
4278.63 -1.963e-18 1.979e-18 1
4283.63 -1.709e-18 1.868e-18 1
4288.63 -2.4e-18 1.77e-18 1
4293.63 -3.062e-18 1.671e-18 1
4298.63 -2.387e-18 1.562e-18 1
4303.63 -2.28e-19 1.467e-18 1
4308.63 -4.65e-19 1.447e-18 1
4313.63 -3.65e-19 1.467e-18 1
4318.63 -1.81e-18 1.451e-18 1
4323.63 -1.23e-19 1.388e-18 1
4328.63 7.9e-20 1.347e-18 1
4333.63 -7.06e-19 1.319e-18 1
4338.63 -1.81e-19 1.259e-18 1
4343.63 -1.6e-20 1.229e-18 1
4348.63 4.92e-19 1.227e-18 1
4353.63 2.307e-18 1.213e-18 1
4358.63 1.345e-18 1.204e-18 1
4363.63 1.293e-18 1.194e-18 1
4368.63 3.38e-19 1.163e-18 1
4373.63 1.485e-18 1.127e-18 1
4378.63 -9.5e-20 1.09e-18 1
4383.63 -1.359e-18 1.056e-18 1
4388.63 -2.07e-18 1.038e-18 1
4393.63 -1.31e-19 1.055e-18 1
4398.63 -7.21e-19 1.048e-18 1
4403.63 2.39e-19 1.039e-18 1
4408.63 -1.623e-18 1.043e-18 1
4413.63 1.42e-19 1.039e-18 1
4418.63 -1.003e-18 1.035e-18 1
4423.63 -1.277e-18 1.029e-18 1
4428.63 9.6e-20 1.01e-18 1
4433.63 -4.03e-19 9.89e-19 1
4438.63 -2.77e-19 9.86e-19 1
4443.63 -1.055e-18 9.78e-19 1
4448.63 -8.62e-19 9.64e-19 1
4453.63 1.551e-18 9.44e-19 1
4458.63 3.4e-19 9.18e-19 1
4463.63 -1.256e-18 9.13e-19 1
4468.63 -1.15e-19 9.23e-19 1
4473.63 7.88e-19 9.19e-19 1
4478.63 3.52e-19 9.14e-19 1
4483.63 -6.81e-19 9.12e-19 1
4488.63 9.3e-19 9.11e-19 1
4493.63 -1.16e-19 8.98e-19 1
4498.63 -1.637e-18 9.04e-19 1
4503.63 -1.09e-19 9.06e-19 1
4508.63 -4.43e-19 9.04e-19 1
4513.63 -1.336e-18 8.98e-19 1
4518.63 1.18e-19 8.86e-19 1
4523.63 5.8e-19 8.78e-19 1
4528.63 3.35e-19 8.68e-19 1
4533.63 1.779e-18 8.71e-19 1
4538.63 -4.28e-19 8.76e-19 1
4543.63 -9e-21 8.68e-19 1
4548.63 1.218e-18 8.58e-19 1
4553.63 -1.05e-19 8.52e-19 1
4558.63 -3.8e-20 8.45e-19 1
4563.63 8.38e-19 8.55e-19 1
4568.63 3.59e-19 8.48e-19 1
4573.63 -9.3e-20 8.38e-19 1
4578.63 -2.64e-19 8.33e-19 1
4583.63 -3.77e-19 8.33e-19 1
4588.63 3.18e-19 8.23e-19 1
4593.63 -8.81e-19 8.18e-19 1
4598.63 -7.55e-19 8.1e-19 1
4603.63 -7.89e-19 8.06e-19 1
4608.63 -5e-21 8.05e-19 1
4613.63 9.3e-20 8.09e-19 1
4618.63 6.21e-19 8.07e-19 1
4623.63 1.5e-19 8.04e-19 1
4628.63 -6.41e-19 7.97e-19 1
4633.63 2.63e-19 7.96e-19 1
4638.63 -1.582e-18 7.83e-19 1
4643.63 -1.8e-20 7.78e-19 1
4648.63 -9.98e-19 7.73e-19 1
4653.63 -2.14e-19 7.83e-19 1
4658.63 -2.5e-19 7.82e-19 1
4663.63 -4.5e-20 7.74e-19 1
4668.63 -3.78e-19 7.63e-19 1
4673.63 -8.59e-19 7.7e-19 1
4678.63 8.3e-20 7.68e-19 1
4683.63 1.1e-20 7.59e-19 1
4688.63 7.18e-19 7.55e-19 1
4693.63 -5.92e-19 7.56e-19 1
4698.63 7.7e-19 1.056e-18 1
4703.63 5.68e-19 7.46e-19 1
4708.63 6.6e-19 7.38e-19 1
4713.63 6.4e-19 7.4e-19 1
4718.63 -2.21e-19 7.47e-19 1
4723.63 7.8e-19 7.5e-19 1
4728.63 1.662e-18 7.35e-19 1
4733.63 1.814e-18 7.27e-19 1
4738.63 7.04e-19 7.32e-19 1
4743.63 -2.61e-19 7.35e-19 1
4748.63 1.68e-19 7.32e-19 1
4753.63 5.5e-19 7.28e-19 1
4758.63 9.65e-19 7.23e-19 1
4763.63 1.409e-18 7.14e-19 1
4768.63 4.03e-19 7.16e-19 1
4773.63 1.55e-18 7.26e-19 1
4778.63 6.95e-19 7.25e-19 1
4783.63 -6.35e-19 7.18e-19 1
4788.63 3.16e-19 7.18e-19 1
4793.63 4.9e-19 7.15e-19 1
4798.63 4.4e-20 7.19e-19 1
4803.63 5.27e-19 7.11e-19 1
4808.63 5.15e-19 7.16e-19 1
4813.63 2.55e-19 7.18e-19 1
4818.63 -2.51e-19 7.25e-19 1
4823.63 -1.67e-19 7.2e-19 1
4828.63 2.95e-19 7.13e-19 1
4833.63 5.1e-19 7.14e-19 1
4838.63 9.5e-19 7.08e-19 1
4843.63 -5.7e-20 7.06e-19 1
4848.63 8.8e-19 9.84e-19 1
4853.63 -7.23e-19 6.87e-19 1
4858.63 4.66e-19 6.62e-19 1
4863.63 -2.79e-19 6.52e-19 1
4868.63 7.91e-19 6.53e-19 1
4873.63 6.91e-19 6.67e-19 1
4878.63 1.15e-19 6.71e-19 1
4883.63 1.241e-18 6.75e-19 1
4888.63 1.324e-18 6.72e-19 1
4893.63 1.237e-18 6.75e-19 1
4898.63 1.04e-18 6.78e-19 1
4903.63 1.99e-19 6.84e-19 1
4908.63 9.64e-19 6.69e-19 1
4913.63 -1.29e-19 6.61e-19 1
4918.63 6.95e-19 6.56e-19 1
4923.63 -6.2e-20 6.51e-19 1
4928.63 8.94e-19 6.54e-19 1
4933.63 -5.56e-19 6.59e-19 1
4938.63 4.65e-19 6.58e-19 1
4943.63 4.9e-19 6.55e-19 1
4948.63 5.15e-19 6.6e-19 1
4953.63 7.37e-19 6.52e-19 1
4958.63 4e-19 9.14e-19 1
4963.63 1.033e-18 6.48e-19 1
4968.63 1.007e-18 6.56e-19 1
4973.63 3.7e-19 6.54e-19 1
4978.63 2.048e-18 6.45e-19 1
4983.63 1.06e-19 6.31e-19 1
4988.63 9.1e-19 6.32e-19 1
4993.63 4.39e-19 6.39e-19 1
4998.63 2.66e-19 6.36e-19 1
5003.63 8.47e-19 6.25e-19 1
5008.63 1.235e-18 6.24e-19 1
5013.63 8.3e-19 6.21e-19 1
5018.63 7.25e-19 6.19e-19 1
5023.63 2.4e-19 6.16e-19 1
5028.63 7.45e-19 6.2e-19 1
5033.63 -1.8e-20 6.21e-19 1
5038.63 -2.98e-19 6.11e-19 1
5043.63 8.01e-19 6.07e-19 1
5048.63 1.51e-19 6.11e-19 1
5053.63 -4.2e-19 8.72e-19 1
5058.63 1.205e-18 6.17e-19 1
5063.63 2.49e-19 6.13e-19 1
5068.63 -7.7e-19 6.11e-19 1
5073.63 5.3e-20 6.05e-19 1
5078.63 5.81e-19 5.97e-19 1
5083.63 1.429e-18 6e-19 1
5088.63 1.128e-18 6.06e-19 1
5093.63 1.104e-18 6.07e-19 1
5098.63 6.95e-19 6e-19 1
5103.63 1.96e-19 5.98e-19 1
5108.63 7.15e-19 5.98e-19 1
5113.63 1.97e-19 5.99e-19 1
5118.63 2.33e-19 5.96e-19 1
5123.63 -4.87e-19 5.94e-19 1
5128.63 9.15e-19 5.88e-19 1
5133.63 -1.39e-18 8.48e-19 1
5138.63 4.65e-19 5.91e-19 1
5143.63 1.182e-18 5.89e-19 1
5148.63 5.2e-20 5.93e-19 1
5153.63 9.74e-19 5.9e-19 1
5158.63 2.08e-19 5.89e-19 1
5163.63 1.123e-18 5.76e-19 1
5168.63 1.736e-18 5.59e-19 1
5173.63 8.32e-19 5.58e-19 1
5178.63 1.17e-18 5.6e-19 1
5183.63 1.046e-18 5.67e-19 1
5188.63 9.18e-19 5.7e-19 1
5193.63 5.59e-19 5.87e-19 1
5198.63 8.88e-19 5.97e-19 1
5203.63 1.812e-18 5.86e-19 1
5208.63 4.6e-19 8.28e-19 1
5213.63 3.05e-19 5.77e-19 1
5218.63 8.13e-19 5.88e-19 1
5223.63 1.047e-18 5.77e-19 1
5228.63 1.073e-18 5.73e-19 1
5233.63 1.097e-18 5.73e-19 1
5238.63 9.75e-19 5.83e-19 1
5243.63 1.255e-18 5.86e-19 1
5248.63 2.54e-19 5.78e-19 1
5253.63 4.39e-19 5.82e-19 1
5258.63 9.89e-19 5.75e-19 1
5263.63 7.75e-19 5.56e-19 1
5268.63 1.316e-18 5.5e-19 1
5273.63 9.99e-19 5.61e-19 1
5278.63 2.3e-18 7.97e-19 1
5283.63 1.144e-18 5.68e-19 1
5288.63 6.1e-19 5.71e-19 1
5293.63 3.91e-19 5.73e-19 1
5298.63 6.2e-19 5.71e-19 1
5303.63 1.464e-18 5.71e-19 1
5308.63 8.33e-19 5.78e-19 1
5313.63 8.17e-19 5.72e-19 1
5318.63 1.09e-18 5.93e-19 1
5323.63 5.12e-19 5.63e-19 1
5328.63 6.25e-19 5.62e-19 1
5333.63 5.63e-19 5.67e-19 1
5338.63 5.23e-19 5.64e-19 1
5343.63 1.04e-18 7.97e-19 1
5348.63 2.83e-19 5.65e-19 1
5353.63 1.95e-19 5.68e-19 1
5358.63 7.08e-19 5.65e-19 1
5363.63 7.9e-19 5.59e-19 1
5368.63 1.538e-18 5.48e-19 1
5373.63 1.09e-19 5.86e-19 1
5378.63 3.56e-19 5.55e-19 1
5383.63 2.82e-19 5.52e-19 1
5388.63 1.083e-18 5.53e-19 1
5393.63 -2.32e-19 5.45e-19 1
5398.63 -2.46e-19 5.39e-19 1
5403.63 -2e-19 7.58e-19 1
5408.63 1.692e-18 5.34e-19 1
5413.63 -1.59e-19 5.39e-19 1
5418.63 9.66e-19 5.43e-19 1
5423.63 -3.5e-19 5.44e-19 1
5428.63 2.39e-19 5.46e-19 1
5433.63 5.2e-20 5.38e-19 1
5438.63 3.86e-19 5.41e-19 1
5443.63 -8.7e-20 5.4e-19 1
5448.63 4.69e-19 5.39e-19 1
5453.63 8.14e-19 5.41e-19 1
5458.63 -4.76e-19 5.42e-19 1
5463.63 -5.7e-19 7.67e-19 1
5468.63 -2.74e-19 5.4e-19 1
5473.63 1.13e-18 5.35e-19 1
5478.63 4.69e-19 5.35e-19 1
5483.63 1.31e-18 5.35e-19 1
5488.63 -3.22e-19 5.38e-19 1
5493.63 8.73e-19 5.37e-19 1
5498.63 -4.89e-19 5.41e-19 1
5503.63 -2.5e-20 5.39e-19 1
5508.63 6.57e-19 5.36e-19 1
5513.63 -5.04e-19 5.34e-19 1
5518.63 4.2e-19 7.64e-19 1
5523.63 1.45e-19 5.37e-19 1
5528.63 8.1e-19 5.33e-19 1
5533.63 4.92e-19 5.29e-19 1
5538.63 -8.8e-20 5.42e-19 1
5543.63 3.05e-19 5.5e-19 1
5548.63 2.28e-19 5.49e-19 1
5553.63 6.39e-19 5.37e-19 1
5558.63 8.8e-19 5.39e-19 1
5563.63 -2e-20 5.46e-19 1
5568.63 -4.16e-19 6.94e-19 1
5573.63 1.65e-18 2.058e-18 1
5578.63 7.51e-19 1.487e-18 1
5583.63 3.49e-19 1.346e-18 1
5588.63 9.28e-19 5.71e-19 1
5593.63 5e-21 5.3e-19 1
5598.63 6.24e-19 5.26e-19 1
5603.63 8.51e-19 5.38e-19 1
5608.63 -1.5e-19 5.37e-19 1
5613.63 7.56e-19 5.29e-19 1
5618.63 8.09e-19 5.3e-19 1
5623.63 1.84e-18 7.54e-19 1
5628.63 1.55e-18 5.31e-19 1
5633.63 1.672e-18 5.24e-19 1
5638.63 5.28e-19 5.23e-19 1
5643.63 3.56e-19 5.25e-19 1
5648.63 4.1e-20 5.26e-19 1
5653.63 -1.9e-19 5.16e-19 1
5658.63 1.108e-18 5.14e-19 1
5663.63 1.025e-18 5.19e-19 1
5668.63 3.5e-19 5.2e-19 1
5673.63 8.84e-19 5.29e-19 1
5678.63 4.3e-19 7.45e-19 1
5683.63 5.33e-19 5.23e-19 1
5688.63 1.497e-18 5.28e-19 1
5693.63 1.16e-18 5.29e-19 1
5698.63 -8e-21 5.29e-19 1
5703.63 1.183e-18 5.23e-19 1
5708.63 7.62e-19 5.18e-19 1
5713.63 2.49e-19 5.17e-19 1
5718.63 1.528e-18 5.25e-19 1
5723.63 3.3e-19 7.46e-19 1
5728.63 4.44e-19 5.22e-19 1
5733.63 3.58e-19 5.19e-19 1
5738.63 2.11e-19 5.23e-19 1
5743.63 9.25e-19 5.15e-19 1
5748.63 1.05e-18 5.15e-19 1
5753.63 1.245e-18 5.13e-19 1
5758.63 -7.06e-19 5.13e-19 1
5763.63 -5e-20 5.15e-19 1
5768.63 1.279e-18 5.16e-19 1
5773.63 1.1e-19 7.29e-19 1
5778.63 3.6e-19 5.14e-19 1
5783.63 1.222e-18 5.09e-19 1
5788.63 2.29e-19 5.12e-19 1
5793.63 5.94e-19 5.15e-19 1
5798.63 3.54e-19 5.12e-19 1
5803.63 1.085e-18 5.16e-19 1
5808.63 1.73e-19 5.1e-19 1
5813.63 7.96e-19 5.13e-19 1
5818.63 8.6e-19 7.33e-19 1
5823.63 1.536e-18 5.17e-19 1
5828.63 7.26e-19 5.17e-19 1
5833.63 7.12e-19 5.18e-19 1
5838.63 4.86e-19 5.2e-19 1
5843.63 9.97e-19 5.13e-19 1
5848.63 7.55e-19 5.15e-19 1
5853.63 1.346e-18 5.17e-19 1
5858.63 6.88e-19 5.21e-19 1
5863.63 1.68e-18 5.56e-19 1
5868.63 1.66e-18 7.95e-19 1
5873.63 9.42e-19 5.63e-19 1
5878.63 5.84e-19 5.34e-19 1
5883.63 1.89e-19 5.76e-19 1
5888.63 1.019e-18 6.59e-19 1
5893.63 7.14e-19 6.88e-19 1
5898.63 1.069e-18 6.02e-19 1
5903.63 1.529e-18 5.45e-19 1
5908.63 2.47e-19 5.44e-19 1
5913.63 -2.1e-19 7.71e-19 1
5918.63 1.013e-18 5.46e-19 1
5923.63 6.16e-19 5.41e-19 1
5928.63 1.337e-18 5.54e-19 1
5933.63 4.6e-19 5.51e-19 1
5938.63 4.92e-19 5.41e-19 1
5943.63 8.65e-19 5.26e-19 1
5948.63 8.37e-19 5.46e-19 1
5953.63 1.42e-19 5.42e-19 1
5958.63 2.21e-18 7.57e-19 1
5963.63 8.36e-19 5.14e-19 1
5968.63 1.11e-18 5.17e-19 1
5973.63 1.512e-18 5.33e-19 1
5978.63 7.45e-19 5.27e-19 1
5983.63 1.253e-18 5.15e-19 1
5988.63 -5e-21 5.01e-19 1
5993.63 2.044e-18 5.06e-19 1
5998.63 1.74e-18 7.23e-19 1
6003.63 1.714e-18 5.14e-19 1
6008.63 1.354e-18 5.11e-19 1
6013.63 1.127e-18 4.93e-19 1
6018.63 1.461e-18 4.9e-19 1
6023.63 1.345e-18 4.92e-19 1
6028.63 1.269e-18 5e-19 1
6033.63 8e-19 5.09e-19 1
6038.63 1.17e-18 4.97e-19 1
6043.63 1.13e-18 6.91e-19 1
6048.63 1.375e-18 4.87e-19 1
6053.63 1.767e-18 4.89e-19 1
6058.63 1.216e-18 4.91e-19 1
6063.63 1.349e-18 4.92e-19 1
6068.63 1.73e-18 4.91e-19 1
6073.63 1.3e-18 4.91e-19 1
6078.63 1.315e-18 4.85e-19 1
6083.63 1.03e-18 6.8e-19 1
6088.63 1.607e-18 4.84e-19 1
6093.63 1e-18 4.86e-19 1
6098.63 1.374e-18 4.85e-19 1
6103.63 1.7e-18 4.86e-19 1
6108.63 1.253e-18 4.84e-19 1
6113.63 5.24e-19 4.84e-19 1
6118.63 1.195e-18 4.8e-19 1
6123.63 8.91e-19 4.81e-19 1
6128.63 1.96e-18 6.74e-19 1
6133.63 1.386e-18 4.89e-19 1
6138.63 7.42e-19 4.96e-19 1
6143.63 7.76e-19 4.98e-19 1
6148.63 4.72e-19 4.97e-19 1
6153.63 1.068e-18 4.91e-19 1
6158.63 2.177e-18 4.8e-19 1
6163.63 1.265e-18 4.85e-19 1
6168.63 2e-18 6.92e-19 1
6173.63 7.26e-19 4.97e-19 1
6178.63 4.08e-19 4.96e-19 1
6183.63 4.51e-19 4.8e-19 1
6188.63 1.894e-18 4.8e-19 1
6193.63 9.65e-19 4.81e-19 1
6198.63 1.19e-18 4.86e-19 1
6203.63 3.15e-19 4.88e-19 1
6208.63 9e-20 6.91e-19 1
6213.63 1.62e-18 4.78e-19 1
6218.63 7.82e-19 4.96e-19 1
6223.63 8.67e-19 4.88e-19 1
6228.63 8.63e-19 5.05e-19 1
6233.63 1.093e-18 5.57e-19 1
6238.63 8.77e-19 5.74e-19 1
6243.63 2.379e-18 5.22e-19 1
6248.63 8.1e-19 6.88e-19 1
6253.63 1.978e-18 5.17e-19 1
6258.63 7.81e-19 5.76e-19 1
6263.63 1.564e-18 5.57e-19 1
6268.63 4.9e-19 5.09e-19 1
6273.63 8.62e-19 4.97e-19 1
6278.63 1.016e-18 5e-19 1
6283.63 1.1e-18 5.36e-19 1
6288.63 8.7e-19 7.59e-19 1
6293.63 1.219e-18 6.14e-19 1
6298.63 4.9e-19 8.92e-19 1
6303.63 1.77e-18 9.25e-19 1
6308.63 -8.3e-20 6.45e-19 1
6313.63 1.602e-18 5.11e-19 1
6318.63 1.685e-18 4.93e-19 1
6323.63 1.267e-18 5.54e-19 1
6328.63 5.4e-19 8.42e-19 1
6333.63 1.929e-18 5.28e-19 1
6338.63 3.84e-19 4.85e-19 1
6343.63 1.046e-18 4.79e-19 1
6348.63 4.5e-19 4.91e-19 1
6353.63 7.86e-19 5.18e-19 1
6358.63 8.58e-19 6.27e-19 1
6363.63 1.698e-18 6.34e-19 1
6368.63 1.52e-18 8.82e-19 1
6373.63 1.67e-18 5.03e-19 1
6378.63 9.64e-19 4.77e-19 1
6383.63 1.242e-18 4.96e-19 1
6388.63 6.22e-19 4.88e-19 1
6393.63 1.236e-18 4.71e-19 1
6398.63 4.16e-19 4.56e-19 1
6403.63 2.14e-18 6.41e-19 1
6408.63 4.56e-19 4.6e-19 1
6413.63 2.5e-19 4.65e-19 1
6418.63 3.39e-19 4.67e-19 1
6423.63 -1.18e-19 4.68e-19 1
6428.63 4.01e-19 4.6e-19 1
6433.63 6.16e-19 4.54e-19 1
6438.63 5.9e-19 4.66e-19 1
6443.63 1.52e-18 6.48e-19 1
6448.63 6.97e-19 4.6e-19 1
6453.63 -2e-20 4.68e-19 1
6458.63 1.508e-18 4.87e-19 1
6463.63 1.696e-18 5.16e-19 1
6468.63 6.78e-19 5.38e-19 1
6473.63 1.261e-18 5.08e-19 1
6478.63 1.18e-18 6.82e-19 1
6483.63 6.29e-19 4.66e-19 1
6488.63 1.218e-18 4.53e-19 1
6493.63 7.71e-19 4.89e-19 1
6498.63 1.963e-18 5.32e-19 1
6503.63 2.6e-18 5.36e-19 1
6508.63 1.444e-18 4.82e-19 1
6513.63 1.373e-18 4.61e-19 1
6518.63 1.9e-18 6.63e-19 1
6523.63 1.429e-18 4.7e-19 1
6528.63 5.82e-19 5.04e-19 1
6533.63 9.15e-19 5.07e-19 1
6538.63 2.03e-18 5.12e-19 1
6543.63 1.04e-18 4.83e-19 1
6548.63 1.441e-18 5.24e-19 1
6553.63 1.22e-18 7.23e-19 1
6558.63 1.684e-18 5.16e-19 1
6563.63 1.393e-18 4.81e-19 1
6568.63 1.167e-18 4.81e-19 1
6573.63 7.93e-19 5.08e-19 1
6578.63 1.438e-18 5.03e-19 1
6583.63 1.855e-18 4.81e-19 1
6588.63 1.133e-18 4.53e-19 1
6593.63 8.1e-19 6.51e-19 1
6598.63 1.883e-18 4.7e-19 1
6603.63 1.224e-18 4.81e-19 1
6608.63 2.265e-18 4.74e-19 1
6613.63 2.001e-18 4.47e-19 1
6618.63 1.712e-18 4.45e-19 1
6623.63 2.055e-18 4.55e-19 1
6628.63 1.89e-18 6.53e-19 1
6633.63 1.755e-18 4.65e-19 1
6638.63 9.94e-19 4.58e-19 1
6643.63 1.978e-18 4.49e-19 1
6648.63 1.471e-18 4.47e-19 1
6653.63 1.86e-18 4.45e-19 1
6658.63 9.72e-19 4.47e-19 1
6663.63 9.2e-19 6.37e-19 1
6668.63 8.81e-19 4.48e-19 1
6673.63 8.48e-19 4.5e-19 1
6678.63 7.58e-19 4.38e-19 1
6683.63 1.087e-18 4.45e-19 1
6688.63 1.312e-18 4.44e-19 1
6693.63 8.29e-19 4.48e-19 1
6698.63 1.14e-18 6.38e-19 1
6703.63 1.382e-18 4.48e-19 1
6708.63 1.084e-18 4.43e-19 1
6713.63 1.022e-18 4.43e-19 1
6718.63 1.382e-18 4.42e-19 1
6723.63 1.955e-18 4.41e-19 1
6728.63 7.01e-19 4.46e-19 1
6733.63 1.088e-18 4.45e-19 1
6738.63 5.4e-19 6.35e-19 1
6743.63 8.48e-19 4.47e-19 1
6748.63 1.881e-18 4.45e-19 1
6753.63 1.699e-18 4.38e-19 1
6758.63 1.926e-18 4.41e-19 1
6763.63 6.4e-19 4.37e-19 1
6768.63 2.236e-18 4.42e-19 1
6773.63 1.8e-19 6.09e-19 1
6778.63 1.263e-18 4.41e-19 1
6783.63 8.37e-19 4.4e-19 1
6788.63 2.006e-18 4.39e-19 1
6793.63 1.515e-18 4.37e-19 1
6798.63 1.445e-18 4.46e-19 1
6803.63 2.011e-18 4.42e-19 1
6808.63 1.68e-18 6.26e-19 1
6813.63 1.451e-18 4.4e-19 1
6818.63 1.869e-18 4.34e-19 1
6823.63 1.613e-18 5.1e-19 1
6828.63 2.107e-18 6.1e-19 1
6833.63 1.736e-18 6.33e-19 1
6838.63 1.211e-18 5.54e-19 1
6843.63 1.54e-18 6.7e-19 1
6848.63 8.87e-19 4.73e-19 1
6853.63 2.344e-18 5.02e-19 1
6858.63 7.28e-19 5.44e-19 1
6863.63 1.25e-18 6.39e-19 1
6868.63 1.778e-18 6.85e-19 1
6873.63 1.422e-18 5.5e-19 1
6878.63 1.15e-18 7.56e-19 1
6883.63 8.25e-19 5.32e-19 1
6888.63 -1.14e-19 5.46e-19 1
6893.63 5.89e-19 5.36e-19 1
6898.63 1.671e-18 5.29e-19 1
6903.63 6.55e-19 5.14e-19 1
6908.63 2.146e-18 5.3e-19 1
6913.63 1.15e-18 7.33e-19 1
6918.63 1.19e-18 5.65e-19 1
6923.63 2.382e-18 5.58e-19 1
6928.63 1.809e-18 5.37e-19 1
6933.63 1.563e-18 4.78e-19 1
6938.63 7.76e-19 4.94e-19 1
6943.63 1.985e-18 5.72e-19 1
6948.63 0 8.37e-19 1
6953.63 2.756e-18 5.59e-19 1
6958.63 1.735e-18 4.75e-19 1
6963.63 1.076e-18 4.63e-19 1
6968.63 2.41e-18 4.79e-19 1
6973.63 2.72e-18 5.35e-19 1
6978.63 5.71e-19 5.25e-19 1
6983.63 2.18e-18 7.4e-19 1
6988.63 1.004e-18 4.62e-19 1
6993.63 2e-19 6.32e-19 1
6998.63 1.68e-18 4.6e-19 1
7003.63 4.68e-19 4.69e-19 1
7008.63 1.728e-18 4.86e-19 1
7013.63 -4e-20 6.78e-19 1
7018.63 9.81e-19 4.61e-19 1
7023.63 1.692e-18 4.36e-19 1
7028.63 1.81e-19 4.39e-19 1
7033.63 1.816e-18 4.37e-19 1
7038.63 1.602e-18 4.48e-19 1
7043.63 4.66e-19 4.79e-19 1
7048.63 6e-19 6.85e-19 1
7053.63 9.74e-19 4.83e-19 1
7058.63 5.29e-19 4.56e-19 1
7063.63 7.7e-19 4.55e-19 1
7068.63 9.15e-19 4.59e-19 1
7073.63 7.7e-19 4.6e-19 1
7078.63 1.172e-18 4.61e-19 1
7083.63 -8e-20 6.67e-19 1
7088.63 7.24e-19 4.64e-19 1
7093.63 1.07e-18 4.56e-19 1
7098.63 1.285e-18 4.44e-19 1
7103.63 1.135e-18 4.42e-19 1
7108.63 1.245e-18 4.46e-19 1
7113.63 -3.43e-19 4.44e-19 1
7118.63 1.09e-18 6.37e-19 1
7123.63 6e-19 4.45e-19 1
7128.63 8.77e-19 4.52e-19 1
7133.63 1.02e-18 4.55e-19 1
7138.63 7.76e-19 4.6e-19 1
7143.63 1.183e-18 4.68e-19 1
7148.63 1.443e-18 4.71e-19 1
7153.63 1.09e-18 6.45e-19 1
7158.63 5.4e-19 4.6e-19 1
7163.63 1.745e-18 4.66e-19 1
7168.63 1.253e-18 4.81e-19 1
7173.63 1.336e-18 5.05e-19 1
7178.63 6.19e-19 5.04e-19 1
7183.63 5.6e-19 7.16e-19 1
7188.63 1.479e-18 5.13e-19 1
7193.63 9.49e-19 4.94e-19 1
7198.63 1.383e-18 4.95e-19 1
7203.63 1.256e-18 4.9e-19 1
7208.63 1.236e-18 4.7e-19 1
7213.63 9.3e-19 4.63e-19 1
7218.63 6.5e-19 6.55e-19 1
7223.63 2.35e-19 4.65e-19 1
7228.63 6.48e-19 4.81e-19 1
7233.63 6.52e-19 5.9e-19 1
7238.63 7.81e-19 8.48e-19 1
7243.63 -2.3e-19 9.46e-19 1
7248.63 1.074e-18 8.16e-19 1
7253.63 1.31e-18 9.13e-19 1
7258.63 1.58e-19 5.67e-19 1
7263.63 6.25e-19 5.24e-19 1
7268.63 1.165e-18 5.75e-19 1
7273.63 3.92e-19 8.43e-19 1
7278.63 2.376e-18 9.16e-19 1
7283.63 9.4e-19 1.191e-18 1
7288.63 4.33e-19 6.73e-19 1
7293.63 -1.59e-19 6.11e-19 1
7298.63 1.847e-18 6.01e-19 1
7303.63 1.106e-18 6.24e-19 1
7308.63 1.275e-18 6.58e-19 1
7313.63 5.2e-20 7.73e-19 1
7318.63 2.4e-19 1.08e-18 1
7323.63 1.751e-18 7.18e-19 1
7328.63 7.54e-19 6.12e-19 1
7333.63 1.491e-18 6.67e-19 1
7338.63 2.6e-20 7.92e-19 1
7343.63 4.25e-19 7.89e-19 1
7348.63 2.35e-18 9.5e-19 1
7353.63 -2.57e-19 5.56e-19 1
7358.63 6.22e-19 6.09e-19 1
7363.63 5.18e-19 6.92e-19 1
7368.63 2.408e-18 7.44e-19 1
7373.63 4.55e-19 7.18e-19 1
7378.63 6.78e-19 5.18e-19 1
7383.63 1.31e-18 6.91e-19 1
7388.63 8.01e-19 5.51e-19 1
7393.63 9.9e-19 5.8e-19 1
7398.63 6.79e-19 6.91e-19 1
7403.63 8.12e-19 6.56e-19 1
7408.63 1.187e-18 5.67e-19 1
7413.63 5.5e-19 4.92e-19 1
7418.63 7.7e-19 6.95e-19 1
7423.63 2.079e-18 5.07e-19 1
7428.63 1.085e-18 5.33e-19 1
7433.63 1.099e-18 6e-19 1
7438.63 1.455e-18 5.9e-19 1
7443.63 1.9e-20 5.54e-19 1
7448.63 1.03e-18 6.9e-19 1
7453.63 4.57e-19 4.91e-19 1
7458.63 1.039e-18 5.11e-19 1
7463.63 1.104e-18 5.48e-19 1
7468.63 1.224e-18 6.07e-19 1
7473.63 1.395e-18 6.35e-19 1
7478.63 1.726e-18 6.62e-19 1
7483.63 -1.7e-19 8.9e-19 1
7488.63 1.911e-18 6.02e-19 1
7493.63 1.299e-18 5.29e-19 1
7498.63 1.274e-18 5.18e-19 1
7503.63 1.113e-18 4.94e-19 1
7508.63 6.81e-19 4.94e-19 1
7513.63 6.9e-19 7.24e-19 1
7518.63 1.059e-18 5.97e-19 1
7523.63 1.21e-19 7.28e-19 1
7528.63 1.621e-18 7.47e-19 1
7533.63 3.21e-19 5.87e-19 1
7538.63 1.708e-18 5.19e-19 1
7543.63 6.29e-19 5.07e-19 1
7548.63 1.12e-18 6.99e-19 1
7553.63 7.39e-19 5.26e-19 1
7558.63 1.881e-18 5.4e-19 1
7563.63 1.484e-18 5.58e-19 1
7568.63 1.315e-18 6.5e-19 1
7573.63 1.395e-18 6.55e-19 1
7578.63 2.55e-18 8.77e-19 1
7583.63 1.62e-18 5.67e-19 1
7588.63 1.277e-18 6.01e-19 1
7593.63 1.711e-18 7.26e-19 1
7598.63 1.134e-18 9.26e-19 1
7603.63 -1.1e-19 1.642e-18 1
7608.63 6.3e-19 1.499e-18 1
7613.63 1.73e-18 1.495e-18 1
7618.63 1.92e-19 9.31e-19 1
7623.63 8.6e-19 9.52e-19 1
7628.63 -1.236e-18 9.89e-19 1
7633.63 1.498e-18 9.46e-19 1
7638.63 1.787e-18 8.07e-19 1
7643.63 9.5e-19 1.071e-18 1
7648.63 6.61e-19 7.27e-19 1
7653.63 5.97e-19 6.96e-19 1
7658.63 9.23e-19 6.99e-19 1
7663.63 7.92e-19 6.46e-19 1
7668.63 6.1e-20 5.96e-19 1
7673.63 1.27e-18 7.69e-19 1
7678.63 8.1e-19 5.47e-19 1
7683.63 8.78e-19 5.45e-19 1
7688.63 1.37e-18 5.59e-19 1
7693.63 2.95e-19 5.64e-19 1
7698.63 1.68e-19 5.64e-19 1
7703.63 6.35e-19 5.96e-19 1
7708.63 1.27e-18 1.15e-18 1
7713.63 -2.07e-19 1.02e-18 1
7718.63 -2.06e-19 1.056e-18 1
7723.63 1.375e-18 8.51e-19 1
7728.63 1.788e-18 6.66e-19 1
7733.63 1.75e-18 5.9e-19 1
7738.63 5.1e-19 7.95e-19 1
7743.63 1.319e-18 6.29e-19 1
7748.63 2.885e-18 9.39e-19 1
7753.63 7.01e-19 9.95e-19 1
7758.63 1.615e-18 8.4e-19 1
7763.63 8.63e-19 7.12e-19 1
7768.63 1.672e-18 6.74e-19 1
7773.63 2.87e-18 9.97e-19 1
7778.63 5.92e-19 7.51e-19 1
7783.63 -1.87e-19 6.86e-19 1
7788.63 1.002e-18 7.95e-19 1
7793.63 1.555e-18 8.79e-19 1
7798.63 2.313e-18 8.29e-19 1
7803.63 1.62e-18 1.012e-18 1
7808.63 -5.3e-20 7.1e-19 1
7813.63 2.096e-18 7.57e-19 1
7818.63 2.16e-19 9.31e-19 1
7823.63 6.98e-19 9.37e-19 1
7828.63 -5.6e-19 7.24e-19 1
7833.63 7.1e-19 8.46e-19 1
7838.63 1.147e-18 6.79e-19 1
7843.63 -2.43e-19 7.17e-19 1
7848.63 5.41e-19 9.36e-19 1
7853.63 1e-18 1.049e-18 1
7858.63 2.82e-19 1.031e-18 1
7863.63 7.01e-19 9e-19 1
7868.63 2.38e-18 1.22e-18 1
7873.63 1.416e-18 8.61e-19 1
7878.63 1.027e-18 8.37e-19 1
7883.63 -3.4e-19 8.51e-19 1
7888.63 6.96e-19 8.76e-19 1
7893.63 -5.58e-19 8.16e-19 1
7898.63 2.82e-18 9.47e-19 1
7903.63 9.03e-19 6.07e-19 1
7908.63 9.51e-19 8.7e-19 1
7913.63 1.27e-18 1.109e-18 1
7918.63 5.41e-19 1.161e-18 1
7923.63 1.394e-18 9.22e-19 1
7928.63 -4.35e-19 8.33e-19 1
7933.63 1.03e-18 1.09e-18 1
7938.63 1.398e-18 7.14e-19 1
7943.63 2.32e-19 6.74e-19 1
7948.63 2.506e-18 7.34e-19 1
7953.63 9.13e-19 7.09e-19 1
7958.63 1.193e-18 8.46e-19 1
7963.63 3.8e-19 1.379e-18 1
7968.63 3.52e-19 9.83e-19 1
7973.63 1.019e-18 8.56e-19 1
7978.63 9.5e-19 8.09e-19 1
7983.63 3.6e-20 8.1e-19 1
7988.63 3.249e-18 9.78e-19 1
7993.63 1.45e-18 1.45e-18 1
7998.63 1.163e-18 1.008e-18 1
8003.63 3.67e-19 6.99e-19 1
8008.63 1.488e-18 6.84e-19 1
8013.63 -2.18e-19 7.55e-19 1
8018.63 3.8e-19 8.62e-19 1
8023.63 9.91e-19 9.55e-19 1
8028.63 1.97e-18 1.351e-18 1
8033.63 6.58e-19 8.2e-19 1
8038.63 1.575e-18 6.35e-19 1
8043.63 3.63e-19 6.27e-19 1
8048.63 2.21e-19 6.94e-19 1
8053.63 1.167e-18 7.37e-19 1
8058.63 -2.08e-18 1.17e-18 1
8063.63 8.49e-19 8.02e-19 1
8068.63 -5.49e-19 7.31e-19 1
8073.63 8.52e-19 6.26e-19 1
8078.63 9.9e-19 6.21e-19 1
8083.63 -1.213e-18 6.24e-19 1
8088.63 1.1e-19 9.14e-19 1
8093.63 2.81e-19 6.6e-19 1
8098.63 1.36e-19 7.12e-19 1
8103.63 1e-20 7.13e-19 1
8108.63 8.9e-20 6.81e-19 1
8113.63 1.197e-18 6.28e-19 1
8118.63 5.7e-19 8.96e-19 1
8123.63 -2e-19 6.26e-19 1
8128.63 9.4e-19 6.56e-19 1
8133.63 5.92e-19 6.87e-19 1
8138.63 8.94e-19 7.08e-19 1
8143.63 -1.57e-19 7.45e-19 1
8148.63 1.064e-18 7.39e-19 1
8153.63 -3.2e-19 1.026e-18 1
8158.63 2.184e-18 7.22e-19 1
8163.63 5.54e-19 7.29e-19 1
8168.63 -9.51e-19 7.33e-19 1
8173.63 1.38e-19 7.19e-19 1
8178.63 1.227e-18 7.3e-19 1
8183.63 1.68e-18 1.02e-18 1
8188.63 4.34e-19 7.29e-19 1
8193.63 -2e-21 7.27e-19 1
8198.63 -9.92e-19 7.17e-19 1
8203.63 4.9e-19 6.87e-19 1
8208.63 8.65e-19 6.88e-19 1
8213.63 7e-20 9.76e-19 1
8218.63 1.191e-18 7.01e-19 1
8223.63 1.685e-18 7.45e-19 1
8228.63 2.169e-18 8.11e-19 1
8233.63 3.84e-19 7.6e-19 1
8238.63 7.8e-19 7.28e-19 1
8243.63 7e-21 7.13e-19 1
8248.63 -4.2e-19 9.88e-19 1
8253.63 3.92e-19 7.09e-19 1
8258.63 -1.68e-19 7.11e-19 1
8263.63 -2.16e-19 7.11e-19 1
8268.63 6.69e-19 7.25e-19 1
8273.63 -1.462e-18 9.42e-19 1
8278.63 1.64e-18 1.58e-18 1
8283.63 -4.81e-19 1.347e-18 1
8288.63 -2.11e-18 1.383e-18 1
8293.63 1.323e-18 1.434e-18 1
8298.63 1.076e-18 1.321e-18 1
8303.63 6.07e-19 1.217e-18 1
8308.63 8e-19 1.413e-18 1
8313.63 4.11e-19 9.53e-19 1
8318.63 8.2e-19 8.7e-19 1
8323.63 1.214e-18 7.84e-19 1
8328.63 5.83e-19 7.35e-19 1
8333.63 9.4e-19 8.11e-19 1
8338.63 -1.84e-18 1.836e-18 1
8343.63 -1.068e-18 1.573e-18 1
8348.63 2.329e-18 1.702e-18 1
8353.63 1.478e-18 1.313e-18 1
8358.63 -1.849e-18 1.104e-18 1
8363.63 -9.09e-19 9.3e-19 1
8368.63 7.88e-19 8.7e-19 1
8373.63 7.7e-19 1.171e-18 1
8378.63 -4.73e-19 9.57e-19 1
8383.63 1.499e-18 1.021e-18 1
8388.63 2.4e-19 9.62e-19 1
8393.63 -3.04e-19 1.232e-18 1
8398.63 1.154e-18 1.398e-18 1
8403.63 2.92e-18 1.949e-18 1
8408.63 3.79e-19 1.076e-18 1
8413.63 1.349e-18 1.039e-18 1
8418.63 -1.597e-18 1.056e-18 1
8423.63 -1.1e-18 1.219e-18 1
8428.63 -1e-19 1.476e-18 1
8433.63 8e-20 2.101e-18 1
8438.63 5.51e-19 1.142e-18 1
8443.63 6.02e-19 8.5e-19 1
8448.63 -5.98e-19 1.007e-18 1
8453.63 1.282e-18 1.042e-18 1
8458.63 -3.14e-19 1.209e-18 1
8463.63 -3.87e-18 1.879e-18 1
8468.63 2.15e-18 1.345e-18 1
8473.63 -1.68e-18 1.076e-18 1
8478.63 8.68e-19 8.13e-19 1
8483.63 8.6e-20 8.04e-19 1
8488.63 2.935e-18 9.34e-19 1
8493.63 -4.11e-19 1e-18 1
8498.63 -1.6e-18 1.615e-18 1
8503.63 2.73e-19 1.176e-18 1
8508.63 -3.39e-19 1.135e-18 1
8513.63 5.27e-19 9.1e-19 1
8518.63 -6.31e-19 8.16e-19 1
8523.63 1.084e-18 8.04e-19 1
8528.63 1e-20 1.132e-18 1
8533.63 -1.77e-19 8.28e-19 1
8538.63 -8.6e-20 8.83e-19 1
8543.63 9.36e-19 9.96e-19 1
8548.63 2.25e-19 9.97e-19 1
8553.63 -3.81e-19 9.45e-19 1
8558.63 4.6e-19 1.208e-18 1
8563.63 1.165e-18 8.14e-19 1
8568.63 1.78e-19 8.2e-19 1
8573.63 -8.08e-19 8.33e-19 1
8578.63 1.17e-19 8.41e-19 1
8583.63 2.82e-19 8.37e-19 1
8588.63 -1.33e-18 1.213e-18 1
8593.63 9.48e-19 8.97e-19 1
8598.63 7.96e-19 8.79e-19 1
8603.63 -4.34e-19 8.63e-19 1
8608.63 6.9e-20 8.71e-19 1
8613.63 5.05e-19 9.99e-19 1
8618.63 -6.7e-19 1.585e-18 1
8623.63 2.509e-18 1.269e-18 1
8628.63 2.084e-18 1.395e-18 1
8633.63 -9.59e-19 1.389e-18 1
8638.63 -9.67e-19 1.259e-18 1
8643.63 9.35e-19 1.172e-18 1
8648.63 2.114e-18 1.251e-18 1
8653.63 -1.81e-18 1.937e-18 1
8658.63 -1.231e-18 1.428e-18 1
8663.63 1.052e-18 1.406e-18 1
8668.63 -4.2e-20 1.33e-18 1
8673.63 -2.55e-19 1.23e-18 1
8678.63 2.287e-18 1.129e-18 1
8683.63 -9e-20 1.476e-18 1
8688.63 -1.032e-18 1.004e-18 1
8693.63 -1.32e-19 9.57e-19 1
8698.63 -2.57e-19 9.46e-19 1
8703.63 -5.81e-19 9.45e-19 1
8708.63 -6.82e-19 9.23e-19 1
8713.63 -1.45e-18 1.314e-18 1
8718.63 3.57e-19 9.03e-19 1
8723.63 9.13e-19 8.97e-19 1
8728.63 4.72e-19 9.08e-19 1
8733.63 1.181e-18 9.06e-19 1
8738.63 -3.8e-20 9.16e-19 1
8743.63 5.7e-19 1.32e-18 1
8748.63 1.675e-18 9.38e-19 1
8753.63 -1.851e-18 1.092e-18 1
8758.63 -1.509e-18 1.517e-18 1
8763.63 -4.018e-18 1.886e-18 1
8768.63 1.42e-18 1.876e-18 1
8773.63 3.89e-18 2.724e-18 1
8778.63 1.693e-18 1.785e-18 1
8783.63 -2.33e-18 1.644e-18 1
8788.63 1.639e-18 1.332e-18 1
8793.63 -5.59e-19 1.237e-18 1
8798.63 3.41e-19 1.104e-18 1
8803.63 5.11e-19 1.002e-18 1
8808.63 7.3e-19 1.398e-18 1
8813.63 1.765e-18 1.01e-18 1
8818.63 -1.151e-18 1.177e-18 1
8823.63 -1.288e-18 1.992e-18 1
8828.63 -1.173e-18 2.294e-18 1
8833.63 1.208e-18 2.107e-18 1
8838.63 6.2e-19 2.46e-18 1
8843.63 1.081e-18 1.537e-18 1
8848.63 8.3e-20 1.303e-18 1
8853.63 3.53e-19 1.242e-18 1
8858.63 -9.96e-19 1.192e-18 1
8863.63 -3.74e-19 1.397e-18 1
8868.63 2.75e-18 2.064e-18 1
8873.63 8.5e-20 1.411e-18 1
8878.63 -6.52e-19 1.365e-18 1
8883.63 -4.185e-18 1.9e-18 1
8888.63 2.078e-18 2.001e-18 1
8893.63 6.67e-19 1.592e-18 1
