# converted by J. Guy, 2010-10-18
# from S. Blondin
@Redshift 0.004266
@FORMAT STD
@Date 49754.4
@SELECTED_FOR_SNLS3_TRAINING 1
@SN sn1994ae
@SURVEY OTHER_LOWZ_SPEC
@Source UNKNOWN
#WAVE : wavelength, observer frame, in A
#FLUX : erg/s/cm2/A
#ERR  : statistical uncertainty on flux
#VALID : 1=ok 0=ignore
#end
3672.75 9.43086e-19 2.29355e-16 1
3674.22 2.75653e-16 2.29355e-16 1
3675.69 8.05911e-16 2.29355e-16 1
3677.16 3.72579e-17 2.29355e-16 1
3678.63 5.83001e-16 2.29355e-16 1
3680.1 1.06059e-15 2.29355e-16 1
3681.57 5.49045e-16 2.29355e-16 1
3683.04 4.11625e-16 2.29355e-16 1
3684.51 5.35554e-16 2.29355e-16 1
3685.98 8.40474e-16 2.29355e-16 1
3687.45 1.45208e-15 2.29355e-16 1
3688.92 8.72097e-16 2.29355e-16 1
3690.39 1.01074e-15 2.29355e-16 1
3691.86 7.07918e-16 2.29355e-16 1
3693.33 6.70858e-16 2.29355e-16 1
3694.8 7.90581e-16 2.29355e-16 1
3696.27 7.35003e-16 2.29355e-16 1
3697.74 7.52084e-16 2.29355e-16 1
3699.21 7.54714e-16 2.29355e-16 1
3700.68 6.05858e-16 2.29355e-16 1
3702.15 1.03304e-15 2.29355e-16 1
3703.62 1.1367e-15 2.29355e-16 1
3705.09 1.22828e-15 2.29355e-16 1
3706.55 7.85659e-16 2.29355e-16 1
3708.02 6.18083e-16 2.29355e-16 1
3709.49 9.2029e-16 2.29355e-16 1
3710.96 8.08366e-16 2.29355e-16 1
3712.43 7.46702e-16 2.29355e-16 1
3713.9 3.77847e-16 2.29355e-16 1
3715.37 3.14771e-16 2.29355e-16 1
3716.84 7.95944e-16 2.29355e-16 1
3718.31 9.44359e-16 2.29355e-16 1
3719.78 8.86729e-16 2.29355e-16 1
3721.25 1.04943e-15 2.29355e-16 1
3722.72 7.55074e-16 2.29355e-16 1
3724.19 9.7438e-16 2.29355e-16 1
3725.66 9.67641e-16 2.29355e-16 1
3727.13 9.71011e-16 2.29355e-16 1
3728.6 9.67641e-16 2.29355e-16 1
3730.07 6.85621e-16 2.29355e-16 1
3731.54 1.10953e-15 2.29355e-16 1
3733.01 9.7124e-16 2.29355e-16 1
3734.48 1.04961e-15 2.29355e-16 1
3735.95 1.05066e-15 2.29355e-16 1
3737.42 1.03648e-15 2.29355e-16 1
3738.89 9.91721e-16 2.29355e-16 1
3740.36 1.07588e-15 2.29355e-16 1
3741.83 7.89094e-16 2.29355e-16 1
3743.3 7.98298e-16 2.29355e-16 1
3744.77 1.48202e-15 2.29355e-16 1
3746.24 8.33471e-16 2.29355e-16 1
3747.71 9.67862e-16 2.29355e-16 1
3749.18 8.75697e-16 2.29355e-16 1
3750.65 8.48859e-16 2.29355e-16 1
3752.12 1.10268e-15 2.29355e-16 1
3753.59 1.10475e-15 2.29355e-16 1
3755.06 8.79716e-16 2.29355e-16 1
3756.53 6.53529e-16 2.29355e-16 1
3758 9.54044e-16 2.29355e-16 1
3759.47 7.91149e-16 2.29355e-16 1
3760.94 4.56864e-16 2.29355e-16 1
3762.41 8.05613e-16 2.29355e-16 1
3763.88 8.15767e-16 2.29355e-16 1
3765.35 8.09027e-16 2.29355e-16 1
3766.82 8.09027e-16 2.29355e-16 1
3768.29 7.92393e-16 2.29355e-16 1
3769.76 9.02224e-16 2.29355e-16 1
3771.23 6.15432e-16 2.29355e-16 1
3772.7 6.60029e-16 2.29355e-16 1
3774.17 6.56602e-16 1.60696e-16 1
3775.64 5.72183e-16 1.60696e-16 1
3777.11 5.59942e-16 1.60696e-16 1
3778.58 6.24128e-16 1.60696e-16 1
3780.05 9.64166e-17 1.60696e-16 1
3781.52 3.48381e-16 1.60696e-16 1
3782.99 7.61664e-16 1.60696e-16 1
3784.46 2.68042e-16 1.60696e-16 1
3785.93 4.1544e-16 1.60696e-16 1
3787.4 3.32322e-16 1.60696e-16 1
3788.87 1.11875e-16 1.60696e-16 1
3790.34 4.2494e-16 1.60696e-16 1
3791.81 6.89256e-16 1.60696e-16 1
3793.28 4.59782e-16 1.60696e-16 1
3794.75 3.59024e-16 1.60696e-16 1
3796.22 3.14875e-16 1.60696e-16 1
3797.69 1.85874e-16 1.60696e-16 1
3799.16 1.45719e-16 1.60696e-16 1
3800.63 1.17039e-16 1.60696e-16 1
3802.1 2.07428e-16 1.60696e-16 1
3803.57 1.90339e-16 1.60696e-16 1
3805.04 2.04426e-16 1.60696e-16 1
3806.51 2.21934e-16 1.60696e-16 1
3807.98 2.54776e-16 1.60696e-16 1
3809.45 3.29433e-16 1.60696e-16 1
3810.92 9.23808e-17 1.60696e-16 1
3812.39 -2.02199e-17 1.60696e-16 1
3813.86 9.12895e-17 1.60696e-16 1
3815.33 4.51473e-17 1.60696e-16 1
3816.8 2.44575e-16 1.60696e-16 1
3818.27 4.00004e-16 1.60696e-16 1
3819.74 2.30604e-16 1.60696e-16 1
3821.2 3.14473e-16 1.60696e-16 1
3822.67 2.8019e-16 1.60696e-16 1
3824.14 2.62006e-17 1.60696e-16 1
3825.61 2.95404e-16 1.60696e-16 1
3827.08 4.85265e-16 1.60696e-16 1
3828.55 3.75893e-16 1.60696e-16 1
3830.02 3.43982e-16 1.60696e-16 1
3831.49 1.94909e-16 1.60696e-16 1
3832.96 2.96444e-16 1.60696e-16 1
3834.43 2.66058e-16 1.60696e-16 1
3835.9 2.76296e-16 1.60696e-16 1
3837.37 3.86248e-16 1.60696e-16 1
3838.84 -3.26783e-17 1.60696e-16 1
3840.31 3.08511e-17 1.60696e-16 1
3841.78 2.40894e-16 1.60696e-16 1
3843.25 2.54136e-16 1.60696e-16 1
3844.72 1.92755e-16 1.60696e-16 1
3846.19 2.90807e-16 1.60696e-16 1
3847.66 5.96264e-16 1.60696e-16 1
3849.13 4.1126e-16 1.60696e-16 1
3850.6 3.03877e-16 1.60696e-16 1
3852.07 1.80359e-16 1.60696e-16 1
3853.54 2.63588e-16 1.60696e-16 1
3855.01 1.25698e-16 1.60696e-16 1
3856.48 1.16021e-16 1.60696e-16 1
3857.95 4.21369e-16 1.60696e-16 1
3859.42 4.53785e-16 1.60696e-16 1
3860.89 3.58449e-16 1.60696e-16 1
3862.36 1.90089e-16 1.60696e-16 1
3863.83 4.32431e-16 1.60696e-16 1
3865.3 2.51099e-16 1.60696e-16 1
3866.77 3.19388e-16 1.60696e-16 1
3868.24 3.79029e-16 1.60696e-16 1
3869.71 4.89777e-16 1.60696e-16 1
3871.18 9.3237e-16 1.60696e-16 1
3872.65 8.2293e-16 1.60696e-16 1
3874.12 4.93171e-16 1.53706e-16 1
3875.59 8.61706e-16 1.53706e-16 1
3877.06 7.63174e-16 1.53706e-16 1
3878.53 7.86782e-16 1.53706e-16 1
3880 8.2205e-16 1.53706e-16 1
3881.47 4.07491e-16 1.53706e-16 1
3882.94 6.20679e-16 1.53706e-16 1
3884.41 6.36875e-16 1.53706e-16 1
3885.88 6.92944e-16 1.53706e-16 1
3887.35 6.85883e-16 1.53706e-16 1
3888.82 7.53487e-16 1.53706e-16 1
3890.29 8.11116e-16 1.53706e-16 1
3891.76 7.96171e-16 1.53706e-16 1
3893.23 5.77145e-16 1.53706e-16 1
3894.7 8.16073e-16 1.53706e-16 1
3896.17 9.35686e-16 1.53706e-16 1
3897.64 9.4638e-16 1.53706e-16 1
3899.11 9.02104e-16 1.53706e-16 1
3900.58 9.32193e-16 1.53706e-16 1
3902.05 7.06128e-16 1.53706e-16 1
3903.52 8.31294e-16 1.53706e-16 1
3904.99 1.24293e-15 1.53706e-16 1
3906.46 1.26556e-15 1.53706e-16 1
3907.93 1.18902e-15 1.53706e-16 1
3909.4 8.03971e-16 1.53706e-16 1
3910.87 9.91636e-16 1.53706e-16 1
3912.34 1.06551e-15 1.53706e-16 1
3913.81 1.08864e-15 1.53706e-16 1
3915.28 1.14807e-15 1.53706e-16 1
3916.75 8.75015e-16 1.53706e-16 1
3918.22 1.01273e-15 1.53706e-16 1
3919.69 8.76081e-16 1.53706e-16 1
3921.16 1.20663e-15 1.53706e-16 1
3922.63 1.0815e-15 1.53706e-16 1
3924.1 1.18196e-15 1.53706e-16 1
3925.57 9.74054e-16 1.53706e-16 1
3927.04 1.14065e-15 1.53706e-16 1
3928.51 1.34052e-15 1.53706e-16 1
3929.98 1.13292e-15 1.53706e-16 1
3931.45 9.91638e-16 1.53706e-16 1
3932.92 1.05619e-15 1.53706e-16 1
3934.39 1.20729e-15 1.53706e-16 1
3935.86 1.29009e-15 1.53706e-16 1
3937.32 1.56416e-15 1.53706e-16 1
3938.79 1.31615e-15 1.53706e-16 1
3940.26 1.57104e-15 1.53706e-16 1
3941.73 1.20439e-15 1.53706e-16 1
3943.2 1.04433e-15 1.53706e-16 1
3944.67 1.4226e-15 1.53706e-16 1
3946.14 1.60308e-15 1.53706e-16 1
3947.61 1.33435e-15 1.53706e-16 1
3949.08 1.35443e-15 1.53706e-16 1
3950.55 1.25111e-15 1.53706e-16 1
3952.02 1.47525e-15 1.53706e-16 1
3953.49 1.64869e-15 1.53706e-16 1
3954.96 1.6374e-15 1.53706e-16 1
3956.43 1.3523e-15 1.53706e-16 1
3957.9 1.26307e-15 1.53706e-16 1
3959.37 1.56512e-15 1.53706e-16 1
3960.84 1.52535e-15 1.53706e-16 1
3962.31 1.45311e-15 1.53706e-16 1
3963.78 1.74045e-15 1.53706e-16 1
3965.25 1.71184e-15 1.53706e-16 1
3966.72 1.43455e-15 1.53706e-16 1
3968.19 1.23525e-15 1.53706e-16 1
3969.66 1.45381e-15 1.53706e-16 1
3971.13 1.53477e-15 1.53706e-16 1
3972.6 1.53468e-15 1.53706e-16 1
3974.07 1.80757e-15 1.61832e-16 1
3975.54 1.58121e-15 1.61832e-16 1
3977.01 1.4063e-15 1.61832e-16 1
3978.48 1.4806e-15 1.61832e-16 1
3979.95 1.36338e-15 1.61832e-16 1
3981.42 1.517e-15 1.61832e-16 1
3982.89 1.59166e-15 1.61832e-16 1
3984.36 1.60606e-15 1.61832e-16 1
3985.83 1.36132e-15 1.61832e-16 1
3987.3 1.4023e-15 1.61832e-16 1
3988.77 1.52532e-15 1.61832e-16 1
3990.24 1.50616e-15 1.61832e-16 1
3991.71 1.54235e-15 1.61832e-16 1
3993.18 1.51388e-15 1.61832e-16 1
3994.65 1.8356e-15 1.61832e-16 1
3996.12 1.48958e-15 1.61832e-16 1
3997.59 1.40575e-15 1.61832e-16 1
3999.06 1.57207e-15 1.61832e-16 1
4000.53 1.53957e-15 1.61832e-16 1
4002 1.62793e-15 1.61832e-16 1
4003.47 1.65085e-15 1.61832e-16 1
4004.94 1.25704e-15 1.61832e-16 1
4006.41 1.6876e-15 1.61832e-16 1
4007.88 1.53109e-15 1.61832e-16 1
4009.35 1.57586e-15 1.61832e-16 1
4010.82 1.58412e-15 1.61832e-16 1
4012.29 1.78849e-15 1.61832e-16 1
4013.76 1.66935e-15 1.61832e-16 1
4015.23 1.33415e-15 1.61832e-16 1
4016.7 1.37179e-15 1.61832e-16 1
4018.17 1.6785e-15 1.61832e-16 1
4019.64 1.87664e-15 1.61832e-16 1
4021.11 1.38623e-15 1.61832e-16 1
4022.58 1.4317e-15 1.61832e-16 1
4024.05 1.58704e-15 1.61832e-16 1
4025.52 1.53116e-15 1.61832e-16 1
4026.99 1.77493e-15 1.61832e-16 1
4028.46 1.3659e-15 1.61832e-16 1
4029.93 1.29838e-15 1.61832e-16 1
4031.4 1.45859e-15 1.61832e-16 1
4032.87 1.25066e-15 1.61832e-16 1
4034.34 1.24499e-15 1.61832e-16 1
4035.81 1.31586e-15 1.61832e-16 1
4037.28 1.21502e-15 1.61832e-16 1
4038.75 1.14567e-15 1.61832e-16 1
4040.22 1.23793e-15 1.61832e-16 1
4041.69 1.4314e-15 1.61832e-16 1
4043.16 1.27339e-15 1.61832e-16 1
4044.63 9.89106e-16 1.61832e-16 1
4046.1 1.47156e-15 1.61832e-16 1
4047.57 1.51466e-15 1.61832e-16 1
4049.04 1.39127e-15 1.61832e-16 1
4050.51 1.14285e-15 1.61832e-16 1
4051.98 1.11301e-15 1.61832e-16 1
4053.44 1.09645e-15 1.61832e-16 1
4054.91 1.22933e-15 1.61832e-16 1
4056.38 1.18788e-15 1.61832e-16 1
4057.85 1.61697e-15 1.61832e-16 1
4059.32 1.47433e-15 1.61832e-16 1
4060.79 1.12076e-15 1.61832e-16 1
4062.26 9.06895e-16 1.61832e-16 1
4063.73 1.04886e-15 1.61832e-16 1
4065.2 1.16178e-15 1.61832e-16 1
4066.67 1.13909e-15 1.61832e-16 1
4068.14 1.08566e-15 1.61832e-16 1
4069.61 1.3265e-15 1.61832e-16 1
4071.08 1.40381e-15 1.61832e-16 1
4072.55 1.25923e-15 1.61832e-16 1
4074.02 1.34808e-15 1.13417e-16 1
4075.49 1.32171e-15 1.13417e-16 1
4076.96 1.0743e-15 1.13417e-16 1
4078.43 1.09193e-15 1.13417e-16 1
4079.9 9.91732e-16 1.13417e-16 1
4081.37 8.99779e-16 1.13417e-16 1
4082.84 1.25506e-15 1.13417e-16 1
4084.31 1.09999e-15 1.13417e-16 1
4085.78 1.01606e-15 1.13417e-16 1
4087.25 1.15735e-15 1.13417e-16 1
4088.72 1.18404e-15 1.13417e-16 1
4090.19 1.08482e-15 1.13417e-16 1
4091.66 1.18628e-15 1.13417e-16 1
4093.13 1.1442e-15 1.13417e-16 1
4094.6 9.78843e-16 1.13417e-16 1
4096.07 1.01879e-15 1.13417e-16 1
4097.54 1.15257e-15 1.13417e-16 1
4099.01 1.04054e-15 1.13417e-16 1
4100.48 8.82244e-16 1.13417e-16 1
4101.95 1.12075e-15 1.13417e-16 1
4103.42 1.06607e-15 1.13417e-16 1
4104.89 1.0423e-15 1.13417e-16 1
4106.36 1.14219e-15 1.13417e-16 1
4107.83 7.32334e-16 1.13417e-16 1
4109.3 8.01844e-16 1.13417e-16 1
4110.77 1.04431e-15 1.13417e-16 1
4112.24 1.16287e-15 1.13417e-16 1
4113.71 9.45091e-16 1.13417e-16 1
4115.18 7.10482e-16 1.13417e-16 1
4116.65 1.06106e-15 1.13417e-16 1
4118.12 1.10382e-15 1.13417e-16 1
4119.59 1.07432e-15 1.13417e-16 1
4121.06 1.01565e-15 1.13417e-16 1
4122.53 9.07147e-16 1.13417e-16 1
4124 9.85289e-16 1.13417e-16 1
4125.47 7.97204e-16 1.13417e-16 1
4126.94 7.32929e-16 1.13417e-16 1
4128.41 9.31087e-16 1.13417e-16 1
4129.88 9.40213e-16 1.13417e-16 1
4131.35 1.01834e-15 1.13417e-16 1
4132.82 8.53084e-16 1.13417e-16 1
4134.29 8.89827e-16 1.13417e-16 1
4135.76 9.93335e-16 1.13417e-16 1
4137.23 8.23091e-16 1.13417e-16 1
4138.7 8.37282e-16 1.13417e-16 1
4140.17 9.37457e-16 1.13417e-16 1
4141.64 9.62207e-16 1.13417e-16 1
4143.11 9.1017e-16 1.13417e-16 1
4144.58 8.58737e-16 1.13417e-16 1
4146.05 6.99179e-16 1.13417e-16 1
4147.52 9.56356e-16 1.13417e-16 1
4148.99 9.89145e-16 1.13417e-16 1
4150.46 1.06453e-15 1.13417e-16 1
4151.93 1.01631e-15 1.13417e-16 1
4153.4 7.41098e-16 1.13417e-16 1
4154.87 9.20864e-16 1.13417e-16 1
4156.34 8.79653e-16 1.13417e-16 1
4157.81 1.09234e-15 1.13417e-16 1
4159.28 9.84226e-16 1.13417e-16 1
4160.75 9.1598e-16 1.13417e-16 1
4162.22 8.75186e-16 1.13417e-16 1
4163.69 8.45745e-16 1.13417e-16 1
4165.16 1.06422e-15 1.13417e-16 1
4166.63 8.5304e-16 1.13417e-16 1
4168.09 9.56478e-16 1.13417e-16 1
4169.56 8.20451e-16 1.13417e-16 1
4171.03 8.67443e-16 1.13417e-16 1
4172.5 1.04941e-15 1.13417e-16 1
4173.97 1.04388e-15 1.01085e-16 1
4175.44 8.07326e-16 1.01085e-16 1
4176.91 9.09711e-16 1.01085e-16 1
4178.38 1.15142e-15 1.01085e-16 1
4179.85 1.12635e-15 1.01085e-16 1
4181.32 1.04756e-15 1.01085e-16 1
4182.79 1.0337e-15 1.01085e-16 1
4184.26 8.92237e-16 1.01085e-16 1
4185.73 8.9684e-16 1.01085e-16 1
4187.2 8.84177e-16 1.01085e-16 1
4188.67 9.53834e-16 1.01085e-16 1
4190.14 9.29483e-16 1.01085e-16 1
4191.61 9.30068e-16 1.01085e-16 1
4193.08 9.74276e-16 1.01085e-16 1
4194.55 1.03112e-15 1.01085e-16 1
4196.02 1.17358e-15 1.01085e-16 1
4197.49 9.04433e-16 1.01085e-16 1
4198.96 9.21366e-16 1.01085e-16 1
4200.43 9.38298e-16 1.01085e-16 1
4201.9 9.55231e-16 1.01085e-16 1
4203.37 9.72169e-16 1.01085e-16 1
4204.84 9.89102e-16 1.01085e-16 1
4206.31 1.00603e-15 1.01085e-16 1
4207.78 1.02297e-15 1.01085e-16 1
4209.25 1.03991e-15 1.01085e-16 1
4210.72 1.05684e-15 1.01085e-16 1
4212.19 1.07378e-15 1.01085e-16 1
4213.66 1.04543e-15 1.01085e-16 1
4215.13 1.09532e-15 1.01085e-16 1
4216.6 1.09883e-15 1.01085e-16 1
4218.07 9.73011e-16 1.01085e-16 1
4219.54 1.24634e-15 1.01085e-16 1
4221.01 1.18565e-15 1.01085e-16 1
4222.48 9.7351e-16 1.01085e-16 1
4223.95 1.30506e-15 1.01085e-16 1
4225.42 1.2799e-15 1.01085e-16 1
4226.89 1.03954e-15 1.01085e-16 1
4228.36 1.20848e-15 1.01085e-16 1
4229.83 1.18058e-15 1.01085e-16 1
4231.3 1.12325e-15 1.01085e-16 1
4232.77 1.16814e-15 1.01085e-16 1
4234.24 1.21743e-15 1.01085e-16 1
4235.71 1.32673e-15 1.01085e-16 1
4237.18 1.11133e-15 1.01085e-16 1
4238.65 1.00373e-15 1.01085e-16 1
4240.12 1.24405e-15 1.01085e-16 1
4241.59 1.24281e-15 1.01085e-16 1
4243.06 1.2026e-15 1.01085e-16 1
4244.53 1.11853e-15 1.01085e-16 1
4246 1.26655e-15 1.01085e-16 1
4247.47 1.01781e-15 1.01085e-16 1
4248.94 1.20672e-15 1.01085e-16 1
4250.41 1.16381e-15 1.01085e-16 1
4251.88 1.16209e-15 1.01085e-16 1
4253.35 1.29369e-15 1.01085e-16 1
4254.82 1.07011e-15 1.01085e-16 1
4256.29 1.1195e-15 1.01085e-16 1
4257.76 1.21118e-15 1.01085e-16 1
4259.23 1.20565e-15 1.01085e-16 1
4260.7 1.16496e-15 1.01085e-16 1
4262.17 1.15537e-15 1.01085e-16 1
4263.64 1.00455e-15 1.01085e-16 1
4265.11 1.03304e-15 1.01085e-16 1
4266.58 1.05393e-15 1.01085e-16 1
4268.05 1.16556e-15 1.01085e-16 1
4269.52 1.27703e-15 1.01085e-16 1
4270.99 1.27219e-15 1.01085e-16 1
4272.46 1.45277e-15 1.01085e-16 1
4273.93 1.24379e-15 7.18364e-17 1
4275.4 1.06904e-15 7.18364e-17 1
4276.87 1.27081e-15 7.18364e-17 1
4278.34 1.12764e-15 7.18364e-17 1
4279.81 1.29124e-15 7.18364e-17 1
4281.28 1.12045e-15 7.18364e-17 1
4282.75 1.18816e-15 7.18364e-17 1
4284.21 1.13526e-15 7.18364e-17 1
4285.68 1.0777e-15 7.18364e-17 1
4287.15 1.1061e-15 7.18364e-17 1
4288.62 1.09e-15 7.18364e-17 1
4290.09 1.17574e-15 7.18364e-17 1
4291.56 1.12006e-15 7.18364e-17 1
4293.03 1.08005e-15 7.18364e-17 1
4294.5 1.15856e-15 7.18364e-17 1
4295.97 1.14336e-15 7.18364e-17 1
4297.44 1.08043e-15 7.18364e-17 1
4298.91 1.16408e-15 7.18364e-17 1
4300.38 1.3877e-15 7.18364e-17 1
4301.85 1.1767e-15 7.18364e-17 1
4303.32 1.15693e-15 7.18364e-17 1
4304.79 1.16373e-15 7.18364e-17 1
4306.26 1.17053e-15 7.18364e-17 1
4307.73 1.17733e-15 7.18364e-17 1
4309.2 1.18412e-15 7.18364e-17 1
4310.67 1.19093e-15 7.18364e-17 1
4312.14 1.19772e-15 7.18364e-17 1
4313.61 1.20452e-15 7.18364e-17 1
4315.08 1.21132e-15 7.18364e-17 1
4316.55 1.21812e-15 7.18364e-17 1
4318.02 1.22492e-15 7.18364e-17 1
4319.49 1.23172e-15 7.18364e-17 1
4320.96 1.23852e-15 7.18364e-17 1
4322.43 1.24532e-15 7.18364e-17 1
4323.9 1.25212e-15 7.18364e-17 1
4325.37 1.25892e-15 7.18364e-17 1
4326.84 1.26572e-15 7.18364e-17 1
4328.31 1.27252e-15 7.18364e-17 1
4329.78 1.27932e-15 7.18364e-17 1
4331.25 1.29003e-15 7.18364e-17 1
4332.72 1.41616e-15 7.18364e-17 1
4334.19 1.34493e-15 7.18364e-17 1
4335.66 1.22424e-15 7.18364e-17 1
4337.13 1.37677e-15 7.18364e-17 1
4338.6 1.30725e-15 7.18364e-17 1
4340.07 1.23992e-15 7.18364e-17 1
4341.54 1.31532e-15 7.18364e-17 1
4343.01 1.231e-15 7.18364e-17 1
4344.48 1.27752e-15 7.18364e-17 1
4345.95 1.27659e-15 7.18364e-17 1
4347.42 1.22093e-15 7.18364e-17 1
4348.89 1.35389e-15 7.18364e-17 1
4350.36 1.40899e-15 7.18364e-17 1
4351.83 1.49975e-15 7.18364e-17 1
4353.3 1.28832e-15 7.18364e-17 1
4354.77 1.31889e-15 7.18364e-17 1
4356.24 1.32337e-15 7.18364e-17 1
4357.71 1.33957e-15 7.18364e-17 1
4359.18 1.33703e-15 7.18364e-17 1
4360.65 1.13386e-15 7.18364e-17 1
4362.12 1.23076e-15 7.18364e-17 1
4363.59 1.33796e-15 7.18364e-17 1
4365.06 1.23897e-15 7.18364e-17 1
4366.53 1.16107e-15 7.18364e-17 1
4368 1.23436e-15 7.18364e-17 1
4369.47 1.15763e-15 7.18364e-17 1
4370.94 1.18309e-15 7.18364e-17 1
4372.41 1.25723e-15 7.18364e-17 1
4373.88 1.23481e-15 6.57748e-17 1
4375.35 1.19109e-15 6.57748e-17 1
4376.82 1.15923e-15 6.57748e-17 1
4378.29 1.14342e-15 6.57748e-17 1
4379.76 1.22525e-15 6.57748e-17 1
4381.23 1.20278e-15 6.57748e-17 1
4382.7 1.14976e-15 6.57748e-17 1
4384.17 1.13045e-15 6.57748e-17 1
4385.64 1.11347e-15 6.57748e-17 1
4387.11 1.10373e-15 6.57748e-17 1
4388.58 9.61866e-16 6.57748e-17 1
4390.05 9.70236e-16 6.57748e-17 1
4391.52 9.79947e-16 6.57748e-17 1
4392.99 9.50311e-16 6.57748e-17 1
4394.46 9.51377e-16 6.57748e-17 1
4395.93 9.86658e-16 6.57748e-17 1
4397.4 9.8235e-16 6.57748e-17 1
4398.87 9.74884e-16 6.57748e-17 1
4400.33 8.54929e-16 6.57748e-17 1
4401.8 9.91375e-16 6.57748e-17 1
4403.27 1.00097e-15 6.57748e-17 1
4404.74 8.76321e-16 6.57748e-17 1
4406.21 8.79816e-16 6.57748e-17 1
4407.68 9.98566e-16 6.57748e-17 1
4409.15 8.75059e-16 6.57748e-17 1
4410.62 8.81178e-16 6.57748e-17 1
4412.09 8.65985e-16 6.57748e-17 1
4413.56 9.06045e-16 6.57748e-17 1
4415.03 8.44626e-16 6.57748e-17 1
4416.5 8.38527e-16 6.57748e-17 1
4417.97 8.23358e-16 6.57748e-17 1
4419.44 8.46147e-16 6.57748e-17 1
4420.91 8.84427e-16 6.57748e-17 1
4422.38 7.91072e-16 6.57748e-17 1
4423.85 8.65899e-16 6.57748e-17 1
4425.32 6.99676e-16 6.57748e-17 1
4426.79 7.18794e-16 6.57748e-17 1
4428.26 6.5483e-16 6.57748e-17 1
4429.73 6.58929e-16 6.57748e-17 1
4431.2 7.26374e-16 6.57748e-17 1
4432.67 7.98859e-16 6.57748e-17 1
4434.14 6.53442e-16 6.57748e-17 1
4435.61 7.77553e-16 6.57748e-17 1
4437.08 6.94064e-16 6.57748e-17 1
4438.55 6.05636e-16 6.57748e-17 1
4440.02 6.74577e-16 6.57748e-17 1
4441.49 7.29223e-16 6.57748e-17 1
4442.96 4.69065e-16 6.57748e-17 1
4444.43 6.7137e-16 6.57748e-17 1
4445.9 7.00583e-16 6.57748e-17 1
4447.37 7.02576e-16 6.57748e-17 1
4448.84 6.62996e-16 6.57748e-17 1
4450.31 6.66638e-16 6.57748e-17 1
4451.78 5.38718e-16 6.57748e-17 1
4453.25 7.43962e-16 6.57748e-17 1
4454.72 7.30643e-16 6.57748e-17 1
4456.19 7.41999e-16 6.57748e-17 1
4457.66 7.20908e-16 6.57748e-17 1
4459.13 6.81559e-16 6.57748e-17 1
4460.6 5.89324e-16 6.57748e-17 1
4462.07 6.49615e-16 6.57748e-17 1
4463.54 6.13907e-16 6.57748e-17 1
4465.01 6.63976e-16 6.57748e-17 1
4466.48 5.70315e-16 6.57748e-17 1
4467.95 6.87504e-16 6.57748e-17 1
4469.42 6.46918e-16 6.57748e-17 1
4470.89 6.39104e-16 6.57748e-17 1
4472.36 7.88863e-16 6.57748e-17 1
4473.83 7.72624e-16 7.05682e-17 1
4475.3 6.60737e-16 7.05682e-17 1
4476.77 7.9503e-16 7.05682e-17 1
4478.24 8.52344e-16 7.05682e-17 1
4479.71 7.76672e-16 7.05682e-17 1
4481.18 6.80264e-16 7.05682e-17 1
4482.65 8.57009e-16 7.05682e-17 1
4484.12 7.44634e-16 7.05682e-17 1
4485.59 8.12645e-16 7.05682e-17 1
4487.06 8.26267e-16 7.05682e-17 1
4488.53 7.44345e-16 7.05682e-17 1
4490 6.68442e-16 7.05682e-17 1
4491.47 8.12893e-16 7.05682e-17 1
4492.94 7.3571e-16 7.05682e-17 1
4494.41 9.1315e-16 7.05682e-17 1
4495.88 9.27219e-16 7.05682e-17 1
4497.35 8.74113e-16 7.05682e-17 1
4498.82 7.94727e-16 7.05682e-17 1
4500.29 9.00798e-16 7.05682e-17 1
4501.76 8.27211e-16 7.05682e-17 1
4503.23 7.36981e-16 7.05682e-17 1
4504.7 8.01234e-16 7.05682e-17 1
4506.17 8.29099e-16 7.05682e-17 1
4507.64 7.74755e-16 7.05682e-17 1
4509.11 8.89684e-16 7.05682e-17 1
4510.58 1.01423e-15 7.05682e-17 1
4512.05 1.02861e-15 7.05682e-17 1
4513.52 1.08756e-15 7.05682e-17 1
4514.99 1.06468e-15 7.05682e-17 1
4516.45 9.97292e-16 7.05682e-17 1
4517.92 9.78494e-16 7.05682e-17 1
4519.39 9.73423e-16 7.05682e-17 1
4520.86 1.15898e-15 7.05682e-17 1
4522.33 1.0315e-15 7.05682e-17 1
4523.8 1.04913e-15 7.05682e-17 1
4525.27 1.21016e-15 7.05682e-17 1
4526.74 1.23918e-15 7.05682e-17 1
4528.21 1.03585e-15 7.05682e-17 1
4529.68 1.11345e-15 7.05682e-17 1
4531.15 1.1902e-15 7.05682e-17 1
4532.62 1.1938e-15 7.05682e-17 1
4534.09 1.14625e-15 7.05682e-17 1
4535.56 1.2451e-15 7.05682e-17 1
4537.03 1.22408e-15 7.05682e-17 1
4538.5 1.2154e-15 7.05682e-17 1
4539.97 1.20982e-15 7.05682e-17 1
4541.44 1.31156e-15 7.05682e-17 1
4542.91 1.19311e-15 7.05682e-17 1
4544.38 1.34526e-15 7.05682e-17 1
4545.85 1.39777e-15 7.05682e-17 1
4547.32 1.25246e-15 7.05682e-17 1
4548.79 1.31632e-15 7.05682e-17 1
4550.26 1.47082e-15 7.05682e-17 1
4551.73 1.30779e-15 7.05682e-17 1
4553.2 1.41314e-15 7.05682e-17 1
4554.67 1.53246e-15 7.05682e-17 1
4556.14 1.47489e-15 7.05682e-17 1
4557.61 1.49428e-15 7.05682e-17 1
4559.08 1.55449e-15 7.05682e-17 1
4560.55 1.52329e-15 7.05682e-17 1
4562.02 1.58833e-15 7.05682e-17 1
4563.49 1.66738e-15 7.05682e-17 1
4564.96 1.57783e-15 7.05682e-17 1
4566.43 1.61601e-15 7.05682e-17 1
4567.9 1.72441e-15 7.05682e-17 1
4569.37 1.58678e-15 7.05682e-17 1
4570.84 1.67486e-15 7.05682e-17 1
4572.31 1.74345e-15 7.05682e-17 1
4573.78 1.68449e-15 7.61169e-17 1
4575.25 1.68623e-15 7.61169e-17 1
4576.72 1.64248e-15 7.61169e-17 1
4578.19 1.73117e-15 7.61169e-17 1
4579.66 1.81657e-15 7.61169e-17 1
4581.13 1.90956e-15 7.61169e-17 1
4582.6 1.95993e-15 7.61169e-17 1
4584.07 1.91692e-15 7.61169e-17 1
4585.54 1.86136e-15 7.61169e-17 1
4587.01 1.93569e-15 7.61169e-17 1
4588.48 2.04935e-15 7.61169e-17 1
4589.95 1.98086e-15 7.61169e-17 1
4591.42 1.96437e-15 7.61169e-17 1
4592.89 2.03102e-15 7.61169e-17 1
4594.36 2.13522e-15 7.61169e-17 1
4595.83 2.24297e-15 7.61169e-17 1
4597.3 2.14884e-15 7.61169e-17 1
4598.77 2.05296e-15 7.61169e-17 1
4600.24 2.18322e-15 7.61169e-17 1
4601.71 2.16458e-15 7.61169e-17 1
4603.18 2.06605e-15 7.61169e-17 1
4604.65 2.12512e-15 7.61169e-17 1
4606.12 2.27571e-15 7.61169e-17 1
4607.59 2.31198e-15 7.61169e-17 1
4609.06 2.24162e-15 7.61169e-17 1
4610.53 2.17612e-15 7.61169e-17 1
4612 2.24944e-15 7.61169e-17 1
4613.47 2.38559e-15 7.61169e-17 1
4614.94 2.52028e-15 7.61169e-17 1
4616.41 2.52031e-15 7.61169e-17 1
4617.88 2.39005e-15 7.61169e-17 1
4619.35 2.41109e-15 7.61169e-17 1
4620.82 2.53276e-15 7.61169e-17 1
4622.29 2.53802e-15 7.61169e-17 1
4623.76 2.45974e-15 7.61169e-17 1
4625.23 2.47705e-15 7.61169e-17 1
4626.7 2.53193e-15 7.61169e-17 1
4628.17 2.50366e-15 7.61169e-17 1
4629.64 2.63768e-15 7.61169e-17 1
4631.1 2.54512e-15 7.61169e-17 1
4632.57 2.60634e-15 7.61169e-17 1
4634.04 2.62089e-15 7.61169e-17 1
4635.51 2.62926e-15 7.61169e-17 1
4636.98 2.7574e-15 7.61169e-17 1
4638.45 2.64427e-15 7.61169e-17 1
4639.92 2.64804e-15 7.61169e-17 1
4641.39 2.61429e-15 7.61169e-17 1
4642.86 2.68133e-15 7.61169e-17 1
4644.33 2.52644e-15 7.61169e-17 1
4645.8 2.62969e-15 7.61169e-17 1
4647.27 2.77791e-15 7.61169e-17 1
4648.74 2.69371e-15 7.61169e-17 1
4650.21 2.62444e-15 7.61169e-17 1
4651.68 2.72498e-15 7.61169e-17 1
4653.15 2.70291e-15 7.61169e-17 1
4654.62 2.6743e-15 7.61169e-17 1
4656.09 2.74564e-15 7.61169e-17 1
4657.56 2.71198e-15 7.61169e-17 1
4659.03 2.78743e-15 7.61169e-17 1
4660.5 2.75103e-15 7.61169e-17 1
4661.97 2.6079e-15 7.61169e-17 1
4663.44 2.50246e-15 7.61169e-17 1
4664.91 2.61961e-15 7.61169e-17 1
4666.38 2.79879e-15 7.61169e-17 1
4667.85 2.70453e-15 7.61169e-17 1
4669.32 2.60612e-15 7.61169e-17 1
4670.79 2.72139e-15 7.61169e-17 1
4672.26 2.68707e-15 7.61169e-17 1
4673.73 2.58989e-15 7.42189e-17 1
4675.2 2.65389e-15 7.42189e-17 1
4676.67 2.61148e-15 7.42189e-17 1
4678.14 2.48952e-15 7.42189e-17 1
4679.61 2.43874e-15 7.42189e-17 1
4681.08 2.54708e-15 7.42189e-17 1
4682.55 2.55209e-15 7.42189e-17 1
4684.02 2.56066e-15 7.42189e-17 1
4685.49 2.35913e-15 7.42189e-17 1
4686.96 2.4527e-15 7.42189e-17 1
4688.43 2.45539e-15 7.42189e-17 1
4689.9 2.37287e-15 7.42189e-17 1
4691.37 2.44975e-15 7.42189e-17 1
4692.84 2.30989e-15 7.42189e-17 1
4694.31 2.43846e-15 7.42189e-17 1
4695.78 2.37698e-15 7.42189e-17 1
4697.25 2.19612e-15 7.42189e-17 1
4698.72 2.1983e-15 7.42189e-17 1
4700.19 2.14926e-15 7.42189e-17 1
4701.66 2.1371e-15 7.42189e-17 1
4703.13 2.1529e-15 7.42189e-17 1
4704.6 2.21172e-15 7.42189e-17 1
4706.07 2.18374e-15 7.42189e-17 1
4707.54 1.97539e-15 7.42189e-17 1
4709.01 2.05004e-15 7.42189e-17 1
4710.48 2.03254e-15 7.42189e-17 1
4711.95 2.07589e-15 7.42189e-17 1
4713.42 1.92266e-15 7.42189e-17 1
4714.89 1.9331e-15 7.42189e-17 1
4716.36 1.95377e-15 7.42189e-17 1
4717.83 1.99044e-15 7.42189e-17 1
4719.3 2.05248e-15 7.42189e-17 1
4720.77 1.94249e-15 7.42189e-17 1
4722.24 1.70275e-15 7.42189e-17 1
4723.71 1.58809e-15 7.42189e-17 1
4725.18 1.79485e-15 7.42189e-17 1
4726.65 1.82557e-15 7.42189e-17 1
4728.12 1.75407e-15 7.42189e-17 1
4729.59 1.701e-15 7.42189e-17 1
4731.06 1.68719e-15 7.42189e-17 1
4732.53 1.67889e-15 7.42189e-17 1
4734 1.73882e-15 7.42189e-17 1
4735.47 1.63822e-15 7.42189e-17 1
4736.94 1.58228e-15 7.42189e-17 1
4738.41 1.52922e-15 7.42189e-17 1
4739.88 1.46497e-15 7.42189e-17 1
4741.35 1.46426e-15 7.42189e-17 1
4742.82 1.47891e-15 7.42189e-17 1
4744.29 1.48794e-15 7.42189e-17 1
4745.76 1.48094e-15 7.42189e-17 1
4747.22 1.43005e-15 7.42189e-17 1
4748.69 1.37671e-15 7.42189e-17 1
4750.16 1.36989e-15 7.42189e-17 1
4751.63 1.36329e-15 7.42189e-17 1
4753.1 1.41762e-15 7.42189e-17 1
4754.57 1.4566e-15 7.42189e-17 1
4756.04 1.37657e-15 7.42189e-17 1
4757.51 1.38664e-15 7.42189e-17 1
4758.98 1.3631e-15 7.42189e-17 1
4760.45 1.23593e-15 7.42189e-17 1
4761.92 1.25948e-15 7.42189e-17 1
4763.39 1.19986e-15 7.42189e-17 1
4764.86 1.16754e-15 7.42189e-17 1
4766.33 1.17634e-15 7.42189e-17 1
4767.8 1.1801e-15 7.42189e-17 1
4769.27 1.12921e-15 7.42189e-17 1
4770.74 1.08327e-15 7.42189e-17 1
4772.21 1.16825e-15 7.42189e-17 1
4773.68 1.05694e-15 6.14961e-17 1
4775.15 9.75189e-16 6.14961e-17 1
4776.62 1.16285e-15 6.14961e-17 1
4778.09 1.09942e-15 6.14961e-17 1
4779.56 1.08982e-15 6.14961e-17 1
4781.03 1.05926e-15 6.14961e-17 1
4782.5 1.05383e-15 6.14961e-17 1
4783.97 1.07784e-15 6.14961e-17 1
4785.44 9.72804e-16 6.14961e-17 1
4786.91 9.40412e-16 6.14961e-17 1
4788.38 9.49613e-16 6.14961e-17 1
4789.85 8.43631e-16 6.14961e-17 1
4791.32 9.11405e-16 6.14961e-17 1
4792.79 1.0126e-15 6.14961e-17 1
4794.26 9.10058e-16 6.14961e-17 1
4795.73 8.74528e-16 6.14961e-17 1
4797.2 8.82414e-16 6.14961e-17 1
4798.67 8.53491e-16 6.14961e-17 1
4800.14 7.8391e-16 6.14961e-17 1
4801.61 9.11114e-16 6.14961e-17 1
4803.08 9.02793e-16 6.14961e-17 1
4804.55 8.6824e-16 6.14961e-17 1
4806.02 9.50572e-16 6.14961e-17 1
4807.49 8.0495e-16 6.14961e-17 1
4808.96 9.1668e-16 6.14961e-17 1
4810.43 8.7045e-16 6.14961e-17 1
4811.9 9.41193e-16 6.14961e-17 1
4813.37 9.94903e-16 6.14961e-17 1
4814.84 1.06401e-15 6.14961e-17 1
4816.31 1.0331e-15 6.14961e-17 1
4817.78 9.54062e-16 6.14961e-17 1
4819.25 1.04185e-15 6.14961e-17 1
4820.72 1.02835e-15 6.14961e-17 1
4822.19 9.75217e-16 6.14961e-17 1
4823.66 1.00426e-15 6.14961e-17 1
4825.13 1.03612e-15 6.14961e-17 1
4826.6 9.90082e-16 6.14961e-17 1
4828.07 1.04297e-15 6.14961e-17 1
4829.54 9.91233e-16 6.14961e-17 1
4831.01 1.08288e-15 6.14961e-17 1
4832.48 1.11714e-15 6.14961e-17 1
4833.95 1.02454e-15 6.14961e-17 1
4835.42 1.05074e-15 6.14961e-17 1
4836.89 1.11259e-15 6.14961e-17 1
4838.36 1.12222e-15 6.14961e-17 1
4839.83 1.04423e-15 6.14961e-17 1
4841.3 1.07779e-15 6.14961e-17 1
4842.77 1.13716e-15 6.14961e-17 1
4844.24 1.11582e-15 6.14961e-17 1
4845.71 1.11008e-15 6.14961e-17 1
4847.18 1.10689e-15 6.14961e-17 1
4848.65 1.12341e-15 6.14961e-17 1
4850.12 1.08675e-15 6.14961e-17 1
4851.59 1.05941e-15 6.14961e-17 1
4853.06 1.09861e-15 6.14961e-17 1
4854.53 1.13201e-15 6.14961e-17 1
4856 1.12222e-15 6.14961e-17 1
4857.47 1.09943e-15 6.14961e-17 1
4858.94 1.1487e-15 6.14961e-17 1
4860.41 1.07208e-15 6.14961e-17 1
4861.88 1.03522e-15 6.14961e-17 1
4863.34 1.02835e-15 6.14961e-17 1
4864.81 1.09552e-15 6.14961e-17 1
4866.28 1.04763e-15 6.14961e-17 1
4867.75 9.72088e-16 6.14961e-17 1
4869.22 1.11075e-15 6.14961e-17 1
4870.69 9.62909e-16 6.14961e-17 1
4872.16 1.01982e-15 6.14961e-17 1
4873.63 1.08221e-15 6.59109e-17 1
4875.1 1.03901e-15 6.59109e-17 1
4876.57 1.02061e-15 6.59109e-17 1
4878.04 1.03295e-15 6.59109e-17 1
4879.51 1.13937e-15 6.59109e-17 1
4880.98 1.10856e-15 6.59109e-17 1
4882.45 9.97632e-16 6.59109e-17 1
4883.92 9.24109e-16 6.59109e-17 1
4885.39 8.96884e-16 6.59109e-17 1
4886.86 9.21252e-16 6.59109e-17 1
4888.33 1.01236e-15 6.59109e-17 1
4889.8 1.00321e-15 6.59109e-17 1
4891.27 9.44207e-16 6.59109e-17 1
4892.74 9.15172e-16 6.59109e-17 1
4894.21 9.934e-16 6.59109e-17 1
4895.68 9.1488e-16 6.59109e-17 1
4897.15 9.35972e-16 6.59109e-17 1
4898.62 1.00929e-15 6.59109e-17 1
4900.09 9.32688e-16 6.59109e-17 1
4901.56 8.42633e-16 6.59109e-17 1
4903.03 9.42496e-16 6.59109e-17 1
4904.5 1.06098e-15 6.59109e-17 1
4905.97 9.87422e-16 6.59109e-17 1
4907.44 1.02e-15 6.59109e-17 1
4908.91 1.05872e-15 6.59109e-17 1
4910.38 1.10612e-15 6.59109e-17 1
4911.85 1.15918e-15 6.59109e-17 1
4913.32 1.08874e-15 6.59109e-17 1
4914.79 1.03897e-15 6.59109e-17 1
4916.26 1.06901e-15 6.59109e-17 1
4917.73 1.14776e-15 6.59109e-17 1
4919.2 1.17941e-15 6.59109e-17 1
4920.67 1.20781e-15 6.59109e-17 1
4922.14 1.12802e-15 6.59109e-17 1
4923.61 1.10698e-15 6.59109e-17 1
4925.08 1.03196e-15 6.59109e-17 1
4926.55 1.1719e-15 6.59109e-17 1
4928.02 1.1482e-15 6.59109e-17 1
4929.49 1.2008e-15 6.59109e-17 1
4930.96 1.35672e-15 6.59109e-17 1
4932.43 1.31491e-15 6.59109e-17 1
4933.9 1.29669e-15 6.59109e-17 1
4935.37 1.27674e-15 6.59109e-17 1
4936.84 1.28973e-15 6.59109e-17 1
4938.31 1.27765e-15 6.59109e-17 1
4939.78 1.37356e-15 6.59109e-17 1
4941.25 1.39312e-15 6.59109e-17 1
4942.72 1.42192e-15 6.59109e-17 1
4944.19 1.35598e-15 6.59109e-17 1
4945.66 1.42007e-15 6.59109e-17 1
4947.13 1.47658e-15 6.59109e-17 1
4948.6 1.44969e-15 6.59109e-17 1
4950.07 1.49542e-15 6.59109e-17 1
4951.54 1.53851e-15 6.59109e-17 1
4953.01 1.52689e-15 6.59109e-17 1
4954.48 1.55763e-15 6.59109e-17 1
4955.95 1.57671e-15 6.59109e-17 1
4957.42 1.53865e-15 6.59109e-17 1
4958.89 1.52478e-15 6.59109e-17 1
4960.36 1.59348e-15 6.59109e-17 1
4961.83 1.68872e-15 6.59109e-17 1
4963.3 1.64587e-15 6.59109e-17 1
4964.77 1.63682e-15 6.59109e-17 1
4966.24 1.66789e-15 6.59109e-17 1
4967.71 1.73083e-15 6.59109e-17 1
4969.18 1.7266e-15 6.59109e-17 1
4970.65 1.71296e-15 6.59109e-17 1
4972.12 1.70269e-15 6.59109e-17 1
4973.59 1.74223e-15 7.83177e-17 1
4975.06 1.74622e-15 7.83177e-17 1
4976.53 1.75035e-15 7.83177e-17 1
4977.99 1.83649e-15 7.83177e-17 1
4979.46 1.83164e-15 7.83177e-17 1
4980.93 1.74946e-15 7.83177e-17 1
4982.4 1.78444e-15 7.83177e-17 1
4983.87 1.85135e-15 7.83177e-17 1
4985.34 1.83069e-15 7.83177e-17 1
4986.81 1.69549e-15 7.83177e-17 1
4988.28 1.60847e-15 7.83177e-17 1
4989.75 1.70647e-15 7.83177e-17 1
4991.22 1.75843e-15 7.83177e-17 1
4992.69 1.7679e-15 7.83177e-17 1
4994.16 1.72666e-15 7.83177e-17 1
4995.63 1.7242e-15 7.83177e-17 1
4997.1 1.62486e-15 7.83177e-17 1
4998.57 1.58911e-15 7.83177e-17 1
5000.04 1.66951e-15 7.83177e-17 1
5001.51 1.58009e-15 7.83177e-17 1
5002.98 1.54613e-15 7.83177e-17 1
5004.45 1.55785e-15 7.83177e-17 1
5005.92 1.55868e-15 7.83177e-17 1
5007.39 1.44434e-15 7.83177e-17 1
5008.86 1.34899e-15 7.83177e-17 1
5010.33 1.51828e-15 7.83177e-17 1
5011.8 1.67343e-15 7.83177e-17 1
5013.27 1.48505e-15 7.83177e-17 1
5014.74 1.34008e-15 7.83177e-17 1
5016.21 1.30364e-15 7.83177e-17 1
5017.68 1.34413e-15 7.83177e-17 1
5019.15 1.37287e-15 7.83177e-17 1
5020.62 1.20255e-15 7.83177e-17 1
5022.09 1.13441e-15 7.83177e-17 1
5023.56 1.14013e-15 7.83177e-17 1
5025.03 1.21351e-15 7.83177e-17 1
5026.5 1.20422e-15 7.83177e-17 1
5027.97 1.18314e-15 7.83177e-17 1
5029.44 1.12585e-15 7.83177e-17 1
5030.91 1.10444e-15 7.83177e-17 1
5032.38 1.06604e-15 7.83177e-17 1
5033.85 1.10026e-15 7.83177e-17 1
5035.32 1.15306e-15 7.83177e-17 1
5036.79 1.01157e-15 7.83177e-17 1
5038.26 1.01918e-15 7.83177e-17 1
5039.73 1.07374e-15 7.83177e-17 1
5041.2 1.05126e-15 7.83177e-17 1
5042.67 9.78151e-16 7.83177e-17 1
5044.14 1.00457e-15 7.83177e-17 1
5045.61 9.67243e-16 7.83177e-17 1
5047.08 9.91193e-16 7.83177e-17 1
5048.55 9.93981e-16 7.83177e-17 1
5050.02 9.16953e-16 7.83177e-17 1
5051.49 9.13764e-16 7.83177e-17 1
5052.96 9.31482e-16 7.83177e-17 1
5054.43 1.0808e-15 7.83177e-17 1
5055.9 1.04753e-15 7.83177e-17 1
5057.37 9.00531e-16 7.83177e-17 1
5058.84 9.38674e-16 7.83177e-17 1
5060.31 1.05214e-15 7.83177e-17 1
5061.78 1.02617e-15 7.83177e-17 1
5063.25 9.76673e-16 7.83177e-17 1
5064.72 9.06159e-16 7.83177e-17 1
5066.19 9.26314e-16 7.83177e-17 1
5067.66 9.44443e-16 7.83177e-17 1
5069.13 9.67176e-16 7.83177e-17 1
5070.6 9.22671e-16 7.83177e-17 1
5072.07 9.18049e-16 7.83177e-17 1
5073.54 9.4497e-16 4.67916e-17 1
5075.01 9.56791e-16 4.67916e-17 1
5076.48 9.24782e-16 4.67916e-17 1
5077.95 9.48992e-16 4.67916e-17 1
5079.42 1.01353e-15 4.67916e-17 1
5080.89 1.05197e-15 4.67916e-17 1
5082.36 1.02133e-15 4.67916e-17 1
5083.83 9.82304e-16 4.67916e-17 1
5085.3 9.56277e-16 4.67916e-17 1
5086.77 9.57025e-16 4.67916e-17 1
5088.24 1.01332e-15 4.67916e-17 1
5089.71 9.9761e-16 4.67916e-17 1
5091.18 1.02876e-15 4.67916e-17 1
5092.65 9.76664e-16 4.67916e-17 1
5094.11 9.7239e-16 4.67916e-17 1
5095.58 1.00723e-15 4.67916e-17 1
5097.05 9.89335e-16 4.67916e-17 1
5098.52 1.01608e-15 4.67916e-17 1
5099.99 1.01004e-15 4.67916e-17 1
5101.46 9.95848e-16 4.67916e-17 1
5102.93 9.76704e-16 4.67916e-17 1
5104.4 9.6646e-16 4.67916e-17 1
5105.87 1.0274e-15 4.67916e-17 1
5107.34 1.03362e-15 4.67916e-17 1
5108.81 9.8563e-16 4.67916e-17 1
5110.28 9.87578e-16 4.67916e-17 1
5111.75 1.01766e-15 4.67916e-17 1
5113.22 1.04606e-15 4.67916e-17 1
5114.69 1.06265e-15 4.67916e-17 1
5116.16 1.12101e-15 4.67916e-17 1
5117.63 9.92496e-16 4.67916e-17 1
5119.1 1.00906e-15 4.67916e-17 1
5120.57 1.03045e-15 4.67916e-17 1
5122.04 1.05494e-15 4.67916e-17 1
5123.51 9.79379e-16 4.67916e-17 1
5124.98 9.85221e-16 4.67916e-17 1
5126.45 1.05615e-15 4.67916e-17 1
5127.92 1.0384e-15 4.67916e-17 1
5129.39 9.76814e-16 4.67916e-17 1
5130.86 1.11298e-15 4.67916e-17 1
5132.33 1.08352e-15 4.67916e-17 1
5133.8 9.96182e-16 4.67916e-17 1
5135.27 1.10055e-15 4.67916e-17 1
5136.74 1.15047e-15 4.67916e-17 1
5138.21 1.10919e-15 4.67916e-17 1
5139.68 1.0646e-15 4.67916e-17 1
5141.15 1.05621e-15 4.67916e-17 1
5142.62 1.08585e-15 4.67916e-17 1
5144.09 9.97464e-16 4.67916e-17 1
5145.56 1.02796e-15 4.67916e-17 1
5147.03 1.2079e-15 4.67916e-17 1
5148.5 1.15569e-15 4.67916e-17 1
5149.97 1.04183e-15 4.67916e-17 1
5151.44 1.0159e-15 4.67916e-17 1
5152.91 1.11037e-15 4.67916e-17 1
5154.38 1.05923e-15 4.67916e-17 1
5155.85 1.06738e-15 4.67916e-17 1
5157.32 1.0696e-15 4.67916e-17 1
5158.79 1.03751e-15 4.67916e-17 1
5160.26 1.01526e-15 4.67916e-17 1
5161.73 9.75384e-16 4.67916e-17 1
5163.2 1.03697e-15 4.67916e-17 1
5164.67 1.11927e-15 4.67916e-17 1
5166.14 1.08349e-15 4.67916e-17 1
5167.61 1.06974e-15 4.67916e-17 1
5169.08 1.11756e-15 4.67916e-17 1
5170.55 1.03215e-15 4.67916e-17 1
5172.02 1.07682e-15 4.67916e-17 1
5173.49 1.03711e-15 4.1694e-17 1
5174.96 1.05748e-15 4.1694e-17 1
5176.43 9.9176e-16 4.1694e-17 1
5177.9 1.01241e-15 4.1694e-17 1
5179.37 1.07496e-15 4.1694e-17 1
5180.84 1.08377e-15 4.1694e-17 1
5182.31 1.09337e-15 4.1694e-17 1
5183.78 1.02863e-15 4.1694e-17 1
5185.25 1.06919e-15 4.1694e-17 1
5186.72 1.04083e-15 4.1694e-17 1
5188.19 1.07754e-15 4.1694e-17 1
5189.66 1.11154e-15 4.1694e-17 1
5191.13 1.03991e-15 4.1694e-17 1
5192.6 1.0934e-15 4.1694e-17 1
5194.07 1.16414e-15 4.1694e-17 1
5195.54 1.10768e-15 4.1694e-17 1
5197.01 1.1013e-15 4.1694e-17 1
5198.48 1.15531e-15 4.1694e-17 1
5199.95 1.18153e-15 4.1694e-17 1
5201.42 1.21118e-15 4.1694e-17 1
5202.89 1.11207e-15 4.1694e-17 1
5204.36 1.11333e-15 4.1694e-17 1
5205.83 1.18733e-15 4.1694e-17 1
5207.3 1.11456e-15 4.1694e-17 1
5208.77 1.0976e-15 4.1694e-17 1
5210.23 1.15817e-15 4.1694e-17 1
5211.7 1.08618e-15 4.1694e-17 1
5213.17 1.12609e-15 4.1694e-17 1
5214.64 1.17168e-15 4.1694e-17 1
5216.11 1.15488e-15 4.1694e-17 1
5217.58 1.19544e-15 4.1694e-17 1
5219.05 1.2945e-15 4.1694e-17 1
5220.52 1.24268e-15 4.1694e-17 1
5221.99 1.18399e-15 4.1694e-17 1
5223.46 1.18553e-15 4.1694e-17 1
5224.93 1.21556e-15 4.1694e-17 1
5226.4 1.22555e-15 4.1694e-17 1
5227.87 1.17816e-15 4.1694e-17 1
5229.34 1.27169e-15 4.1694e-17 1
5230.81 1.31991e-15 4.1694e-17 1
5232.28 1.23473e-15 4.1694e-17 1
5233.75 1.30754e-15 4.1694e-17 1
5235.22 1.24084e-15 4.1694e-17 1
5236.69 1.2733e-15 4.1694e-17 1
5238.16 1.3348e-15 4.1694e-17 1
5239.63 1.23777e-15 4.1694e-17 1
5241.1 1.2761e-15 4.1694e-17 1
5242.57 1.30329e-15 4.1694e-17 1
5244.04 1.36389e-15 4.1694e-17 1
5245.51 1.35405e-15 4.1694e-17 1
5246.98 1.40325e-15 4.1694e-17 1
5248.45 1.3964e-15 4.1694e-17 1
5249.92 1.30359e-15 4.1694e-17 1
5251.39 1.37244e-15 4.1694e-17 1
5252.86 1.36769e-15 4.1694e-17 1
5254.33 1.31018e-15 4.1694e-17 1
5255.8 1.35619e-15 4.1694e-17 1
5257.27 1.42419e-15 4.1694e-17 1
5258.74 1.43049e-15 4.1694e-17 1
5260.21 1.48402e-15 4.1694e-17 1
5261.68 1.39037e-15 4.1694e-17 1
5263.15 1.41105e-15 4.1694e-17 1
5264.62 1.43743e-15 4.1694e-17 1
5266.09 1.39128e-15 4.1694e-17 1
5267.56 1.4418e-15 4.1694e-17 1
5269.03 1.44366e-15 4.1694e-17 1
5270.5 1.42142e-15 4.1694e-17 1
5271.97 1.48987e-15 4.1694e-17 1
5273.44 1.43278e-15 4.61186e-17 1
5274.91 1.47196e-15 4.61186e-17 1
5276.38 1.45597e-15 4.61186e-17 1
5277.85 1.48092e-15 4.61186e-17 1
5279.32 1.53429e-15 4.61186e-17 1
5280.79 1.52717e-15 4.61186e-17 1
5282.26 1.48885e-15 4.61186e-17 1
5283.73 1.4832e-15 4.61186e-17 1
5285.2 1.51086e-15 4.61186e-17 1
5286.67 1.51663e-15 4.61186e-17 1
5288.14 1.54914e-15 4.61186e-17 1
5289.61 1.54581e-15 4.61186e-17 1
5291.08 1.59245e-15 4.61186e-17 1
5292.55 1.56938e-15 4.61186e-17 1
5294.02 1.54542e-15 4.61186e-17 1
5295.49 1.53304e-15 4.61186e-17 1
5296.96 1.58505e-15 4.61186e-17 1
5298.43 1.6951e-15 4.61186e-17 1
5299.9 1.58919e-15 4.61186e-17 1
5301.37 1.61742e-15 4.61186e-17 1
5302.84 1.68535e-15 4.61186e-17 1
5304.31 1.62599e-15 4.61186e-17 1
5305.78 1.71855e-15 4.61186e-17 1
5307.25 1.62815e-15 4.61186e-17 1
5308.72 1.6984e-15 4.61186e-17 1
5310.19 1.77836e-15 4.61186e-17 1
5311.66 1.65026e-15 4.61186e-17 1
5313.13 1.66717e-15 4.61186e-17 1
5314.6 1.77293e-15 4.61186e-17 1
5316.07 1.66232e-15 4.61186e-17 1
5317.54 1.6485e-15 4.61186e-17 1
5319.01 1.86251e-15 4.61186e-17 1
5320.48 1.74912e-15 4.61186e-17 1
5321.95 1.70187e-15 4.61186e-17 1
5323.42 1.73653e-15 4.61186e-17 1
5324.89 1.70796e-15 4.61186e-17 1
5326.35 1.6691e-15 4.61186e-17 1
5327.82 1.6653e-15 4.61186e-17 1
5329.29 1.71829e-15 4.61186e-17 1
5330.76 1.6637e-15 4.61186e-17 1
5332.23 1.70224e-15 4.61186e-17 1
5333.7 1.74618e-15 4.61186e-17 1
5335.17 1.72153e-15 4.61186e-17 1
5336.64 1.68432e-15 4.61186e-17 1
5338.11 1.75409e-15 4.61186e-17 1
5339.58 1.78275e-15 4.61186e-17 1
5341.05 1.71975e-15 4.61186e-17 1
5342.52 1.78953e-15 4.61186e-17 1
5343.99 1.78547e-15 4.61186e-17 1
5345.46 1.71485e-15 4.61186e-17 1
5346.93 1.76271e-15 4.61186e-17 1
5348.4 1.75657e-15 4.61186e-17 1
5349.87 1.72071e-15 4.61186e-17 1
5351.34 1.76057e-15 4.61186e-17 1
5352.81 1.77879e-15 4.61186e-17 1
5354.28 1.84076e-15 4.61186e-17 1
5355.75 1.75758e-15 4.61186e-17 1
5357.22 1.80167e-15 4.61186e-17 1
5358.69 1.81003e-15 4.61186e-17 1
5360.16 1.73117e-15 4.61186e-17 1
5361.63 1.77645e-15 4.61186e-17 1
5363.1 1.80617e-15 4.61186e-17 1
5364.57 1.75821e-15 4.61186e-17 1
5366.04 1.76274e-15 4.61186e-17 1
5367.51 1.70225e-15 4.61186e-17 1
5368.98 1.8084e-15 4.61186e-17 1
5370.45 1.86051e-15 4.61186e-17 1
5371.92 1.79952e-15 4.61186e-17 1
5373.39 1.82019e-15 4.79491e-17 1
5374.86 1.81571e-15 4.79491e-17 1
5376.33 1.83253e-15 4.79491e-17 1
5377.8 1.81119e-15 4.79491e-17 1
5379.27 1.81083e-15 4.79491e-17 1
5380.74 1.74391e-15 4.79491e-17 1
5382.21 1.85668e-15 4.79491e-17 1
5383.68 1.90217e-15 4.79491e-17 1
5385.15 1.85393e-15 4.79491e-17 1
5386.62 1.7876e-15 4.79491e-17 1
5388.09 1.78341e-15 4.79491e-17 1
5389.56 1.86648e-15 4.79491e-17 1
5391.03 1.87154e-15 4.79491e-17 1
5392.5 1.81062e-15 4.79491e-17 1
5393.97 1.92162e-15 4.79491e-17 1
5395.44 1.92885e-15 4.79491e-17 1
5396.91 1.91323e-15 4.79491e-17 1
5398.38 1.88201e-15 4.79491e-17 1
5399.85 1.94536e-15 4.79491e-17 1
5401.32 2.00204e-15 4.79491e-17 1
5402.79 1.92444e-15 4.79491e-17 1
5404.26 1.86013e-15 4.79491e-17 1
5405.73 1.93644e-15 4.79491e-17 1
5407.2 1.94156e-15 4.79491e-17 1
5408.67 1.86895e-15 4.79491e-17 1
5410.14 1.85605e-15 4.79491e-17 1
5411.61 1.79587e-15 4.79491e-17 1
5413.08 1.80896e-15 4.79491e-17 1
5414.55 1.79325e-15 4.79491e-17 1
5416.02 1.79305e-15 4.79491e-17 1
5417.49 1.85876e-15 4.79491e-17 1
5418.96 1.74679e-15 4.79491e-17 1
5420.43 1.74055e-15 4.79491e-17 1
5421.9 1.77315e-15 4.79491e-17 1
5423.37 1.72539e-15 4.79491e-17 1
5424.84 1.76065e-15 4.79491e-17 1
5426.31 1.79444e-15 4.79491e-17 1
5427.78 1.81556e-15 4.79491e-17 1
5429.25 1.69517e-15 4.79491e-17 1
5430.72 1.64587e-15 4.79491e-17 1
5432.19 1.70471e-15 4.79491e-17 1
5433.66 1.67583e-15 4.79491e-17 1
5435.13 1.63022e-15 4.79491e-17 1
5436.6 1.58641e-15 4.79491e-17 1
5438.07 1.58297e-15 4.79491e-17 1
5439.54 1.61362e-15 4.79491e-17 1
5441 1.62031e-15 4.79491e-17 1
5442.47 1.60824e-15 4.79491e-17 1
5443.94 1.55754e-15 4.79491e-17 1
5445.41 1.60397e-15 4.79491e-17 1
5446.88 1.6369e-15 4.79491e-17 1
5448.35 1.63634e-15 4.79491e-17 1
5449.82 1.5755e-15 4.79491e-17 1
5451.29 1.5416e-15 4.79491e-17 1
5452.76 1.48881e-15 4.79491e-17 1
5454.23 1.52887e-15 4.79491e-17 1
5455.7 1.50859e-15 4.79491e-17 1
5457.17 1.57437e-15 4.79491e-17 1
5458.64 1.58393e-15 4.79491e-17 1
5460.11 1.51191e-15 4.79491e-17 1
5461.58 1.50346e-15 4.79491e-17 1
5463.05 1.50636e-15 4.79491e-17 1
5464.52 1.54303e-15 4.79491e-17 1
5465.99 1.49035e-15 4.79491e-17 1
5467.46 1.45943e-15 4.79491e-17 1
5468.93 1.41773e-15 4.79491e-17 1
5470.4 1.58264e-15 4.79491e-17 1
5471.87 1.54798e-15 4.79491e-17 1
5473.34 1.47167e-15 4.94484e-17 1
5474.81 1.54398e-15 4.94484e-17 1
5476.28 1.5832e-15 4.94484e-17 1
5477.75 1.56902e-15 4.94484e-17 1
5479.22 1.51247e-15 4.94484e-17 1
5480.69 1.49401e-15 4.94484e-17 1
5482.16 1.58955e-15 4.94484e-17 1
5483.63 1.57361e-15 4.94484e-17 1
5485.1 1.59756e-15 4.94484e-17 1
5486.57 1.65676e-15 4.94484e-17 1
5488.04 1.55699e-15 4.94484e-17 1
5489.51 1.5308e-15 4.94484e-17 1
5490.98 1.66034e-15 4.94484e-17 1
5492.45 1.73044e-15 4.94484e-17 1
5493.92 1.67456e-15 4.94484e-17 1
5495.39 1.71389e-15 4.94484e-17 1
5496.86 1.72104e-15 4.94484e-17 1
5498.33 1.69781e-15 4.94484e-17 1
5499.8 1.68417e-15 4.94484e-17 1
5501.27 1.70007e-15 4.94484e-17 1
5502.74 1.76013e-15 4.94484e-17 1
5504.21 1.78304e-15 4.94484e-17 1
5505.68 1.79768e-15 4.94484e-17 1
5507.15 1.76297e-15 4.94484e-17 1
5508.62 1.74593e-15 4.94484e-17 1
5510.09 1.79547e-15 4.94484e-17 1
5511.56 1.82565e-15 4.94484e-17 1
5513.03 1.838e-15 4.94484e-17 1
5514.5 1.81198e-15 4.94484e-17 1
5515.97 1.86215e-15 4.94484e-17 1
5517.44 1.86753e-15 4.94484e-17 1
5518.91 1.80026e-15 4.94484e-17 1
5520.38 1.89997e-15 4.94484e-17 1
5521.85 1.91164e-15 4.94484e-17 1
5523.32 1.89276e-15 4.94484e-17 1
5524.79 1.96507e-15 4.94484e-17 1
5526.26 1.9265e-15 4.94484e-17 1
5527.73 1.8137e-15 4.94484e-17 1
5529.2 1.82176e-15 4.94484e-17 1
5530.67 1.8944e-15 4.94484e-17 1
5532.14 1.86821e-15 4.94484e-17 1
5533.61 1.89853e-15 4.94484e-17 1
5535.08 1.94389e-15 4.94484e-17 1
5536.55 1.93264e-15 4.94484e-17 1
5538.02 1.86425e-15 4.94484e-17 1
5539.49 1.908e-15 4.94484e-17 1
5540.96 1.94138e-15 4.94484e-17 1
5542.43 1.91005e-15 4.94484e-17 1
5543.9 2.00558e-15 4.94484e-17 1
5545.37 1.98249e-15 4.94484e-17 1
5546.84 1.92474e-15 4.94484e-17 1
5548.31 1.8993e-15 4.94484e-17 1
5549.78 1.9803e-15 4.94484e-17 1
5551.25 2.02896e-15 4.94484e-17 1
5552.72 1.95824e-15 4.94484e-17 1
5554.19 1.84362e-15 4.94484e-17 1
5555.66 1.85049e-15 4.94484e-17 1
5557.12 1.84823e-15 4.94484e-17 1
5558.59 1.75874e-15 4.94484e-17 1
5560.06 1.77353e-15 4.94484e-17 1
5561.53 1.80509e-15 4.94484e-17 1
5563 1.79756e-15 4.94484e-17 1
5564.47 1.83284e-15 4.94484e-17 1
5565.94 1.87649e-15 4.94484e-17 1
5567.41 1.8364e-15 4.94484e-17 1
5568.88 1.79576e-15 4.94484e-17 1
5570.35 1.78883e-15 4.94484e-17 1
5571.82 1.76045e-15 4.94484e-17 1
5573.29 1.74745e-15 4.05086e-17 1
5574.76 1.74726e-15 4.05086e-17 1
5576.23 1.73191e-15 4.05086e-17 1
5577.7 1.6772e-15 4.05086e-17 1
5579.17 1.7771e-15 4.05086e-17 1
5580.64 1.77276e-15 4.05086e-17 1
5582.11 1.6913e-15 4.05086e-17 1
5583.58 1.66961e-15 4.05086e-17 1
5585.05 1.66414e-15 4.05086e-17 1
5586.52 1.70407e-15 4.05086e-17 1
5587.99 1.66272e-15 4.05086e-17 1
5589.46 1.65233e-15 4.05086e-17 1
5590.93 1.58636e-15 4.05086e-17 1
5592.4 1.57921e-15 4.05086e-17 1
5593.87 1.57068e-15 4.05086e-17 1
5595.34 1.52052e-15 4.05086e-17 1
5596.81 1.49228e-15 4.05086e-17 1
5598.28 1.50314e-15 4.05086e-17 1
5599.75 1.56556e-15 4.05086e-17 1
5601.22 1.53044e-15 4.05086e-17 1
5602.69 1.51571e-15 4.05086e-17 1
5604.16 1.48338e-15 4.05086e-17 1
5605.63 1.58327e-15 4.05086e-17 1
5607.1 1.45529e-15 4.05086e-17 1
5608.57 1.39345e-15 4.05086e-17 1
5610.04 1.36228e-15 4.05086e-17 1
5611.51 1.3084e-15 4.05086e-17 1
5612.98 1.37363e-15 4.05086e-17 1
5614.45 1.33005e-15 4.05086e-17 1
5615.92 1.33278e-15 4.05086e-17 1
5617.39 1.375e-15 4.05086e-17 1
5618.86 1.35973e-15 4.05086e-17 1
5620.33 1.34964e-15 4.05086e-17 1
5621.8 1.26478e-15 4.05086e-17 1
5623.27 1.24624e-15 4.05086e-17 1
5624.74 1.22646e-15 4.05086e-17 1
5626.21 1.24254e-15 4.05086e-17 1
5627.68 1.23886e-15 4.05086e-17 1
5629.15 1.2325e-15 4.05086e-17 1
5630.62 1.16861e-15 4.05086e-17 1
5632.09 1.17833e-15 4.05086e-17 1
5633.56 1.18028e-15 4.05086e-17 1
5635.03 1.14966e-15 4.05086e-17 1
5636.5 1.0985e-15 4.05086e-17 1
5637.97 1.05725e-15 4.05086e-17 1
5639.44 1.04106e-15 4.05086e-17 1
5640.91 1.03999e-15 4.05086e-17 1
5642.38 1.07585e-15 4.05086e-17 1
5643.85 1.0975e-15 4.05086e-17 1
5645.32 1.06216e-15 4.05086e-17 1
5646.79 1.04122e-15 4.05086e-17 1
5648.26 9.60938e-16 4.05086e-17 1
5649.73 9.64234e-16 4.05086e-17 1
5651.2 9.67528e-16 4.05086e-17 1
5652.67 9.70823e-16 4.05086e-17 1
5654.14 9.74118e-16 4.05086e-17 1
5655.61 9.77413e-16 4.05086e-17 1
5657.08 9.80708e-16 4.05086e-17 1
5658.55 9.84002e-16 4.05086e-17 1
5660.02 9.87298e-16 4.05086e-17 1
5661.49 9.90592e-16 4.05086e-17 1
5662.96 9.65525e-16 4.05086e-17 1
5664.43 9.03609e-16 4.05086e-17 1
5665.9 8.41814e-16 4.05086e-17 1
5667.37 8.41252e-16 4.05086e-17 1
5668.84 8.40697e-16 4.05086e-17 1
5670.31 8.48711e-16 4.05086e-17 1
5671.78 7.92084e-16 4.05086e-17 1
5673.24 7.96248e-16 3.65425e-17 1
5674.71 7.68624e-16 3.65425e-17 1
5676.18 7.50465e-16 3.65425e-17 1
5677.65 7.57972e-16 3.65425e-17 1
5679.12 7.96133e-16 3.65425e-17 1
5680.59 7.23615e-16 3.65425e-17 1
5682.06 6.80541e-16 3.65425e-17 1
5683.53 7.25294e-16 3.65425e-17 1
5685 7.44862e-16 3.65425e-17 1
5686.47 7.38254e-16 3.65425e-17 1
5687.94 7.68515e-16 3.65425e-17 1
5689.41 6.85968e-16 3.65425e-17 1
5690.88 7.10021e-16 3.65425e-17 1
5692.35 6.69369e-16 3.65425e-17 1
5693.82 6.11024e-16 3.65425e-17 1
5695.29 6.26745e-16 3.65425e-17 1
5696.76 6.90601e-16 3.65425e-17 1
5698.23 6.76764e-16 3.65425e-17 1
5699.7 6.33046e-16 3.65425e-17 1
5701.17 6.56794e-16 3.65425e-17 1
5702.64 5.96915e-16 3.65425e-17 1
5704.11 6.21847e-16 3.65425e-17 1
5705.58 6.07037e-16 3.65425e-17 1
5707.05 5.85471e-16 3.65425e-17 1
5708.52 5.98471e-16 3.65425e-17 1
5709.99 5.55649e-16 3.65425e-17 1
5711.46 6.30713e-16 3.65425e-17 1
5712.93 6.35997e-16 3.65425e-17 1
5714.4 6.39581e-16 3.65425e-17 1
5715.87 5.49384e-16 3.65425e-17 1
5717.34 5.97771e-16 3.65425e-17 1
5718.81 6.28025e-16 3.65425e-17 1
5720.28 6.15488e-16 3.65425e-17 1
5721.75 6.78259e-16 3.65425e-17 1
5723.22 5.98382e-16 3.65425e-17 1
5724.69 6.11477e-16 3.65425e-17 1
5726.16 6.01703e-16 3.65425e-17 1
5727.63 6.15186e-16 3.65425e-17 1
5729.1 7.45617e-16 3.65425e-17 1
5730.57 6.38077e-16 3.65425e-17 1
5732.04 6.7607e-16 3.65425e-17 1
5733.51 7.11358e-16 3.65425e-17 1
5734.98 6.32282e-16 3.65425e-17 1
5736.45 6.25449e-16 3.65425e-17 1
5737.92 6.72448e-16 3.65425e-17 1
5739.39 6.43879e-16 3.65425e-17 1
5740.86 7.01217e-16 3.65425e-17 1
5742.33 7.45782e-16 3.65425e-17 1
5743.8 7.39365e-16 3.65425e-17 1
5745.27 7.22089e-16 3.65425e-17 1
5746.74 7.64586e-16 3.65425e-17 1
5748.21 7.07573e-16 3.65425e-17 1
5749.68 6.81977e-16 3.65425e-17 1
5751.15 7.22025e-16 3.65425e-17 1
5752.62 8.39203e-16 3.65425e-17 1
5754.09 8.10256e-16 3.65425e-17 1
5755.56 8.18604e-16 3.65425e-17 1
5757.03 8.74596e-16 3.65425e-17 1
5758.5 8.44758e-16 3.65425e-17 1
5759.97 8.28517e-16 3.65425e-17 1
5761.44 8.34052e-16 3.65425e-17 1
5762.91 8.74185e-16 3.65425e-17 1
5764.38 9.23336e-16 3.65425e-17 1
5765.85 9.14507e-16 3.65425e-17 1
5767.32 8.84163e-16 3.65425e-17 1
5768.79 9.57447e-16 3.65425e-17 1
5770.26 9.51353e-16 3.65425e-17 1
5771.73 9.28931e-16 3.65425e-17 1
5773.2 1.04853e-15 3.75777e-17 1
5774.67 1.04566e-15 3.75777e-17 1
5776.14 1.02155e-15 3.75777e-17 1
5777.61 1.0423e-15 3.75777e-17 1
5779.08 1.07371e-15 3.75777e-17 1
5780.55 1.08107e-15 3.75777e-17 1
5782.02 1.14028e-15 3.75777e-17 1
5783.49 1.15469e-15 3.75777e-17 1
5784.96 1.18102e-15 3.75777e-17 1
5786.43 1.24188e-15 3.75777e-17 1
5787.89 1.2293e-15 3.75777e-17 1
5789.36 1.22685e-15 3.75777e-17 1
5790.83 1.31234e-15 3.75777e-17 1
5792.3 1.34284e-15 3.75777e-17 1
5793.77 1.29576e-15 3.75777e-17 1
5795.24 1.32891e-15 3.75777e-17 1
5796.71 1.40272e-15 3.75777e-17 1
5798.18 1.38563e-15 3.75777e-17 1
5799.65 1.38489e-15 3.75777e-17 1
5801.12 1.45969e-15 3.75777e-17 1
5802.59 1.48549e-15 3.75777e-17 1
5804.06 1.48921e-15 3.75777e-17 1
5805.53 1.51005e-15 3.75777e-17 1
5807 1.52994e-15 3.75777e-17 1
5808.47 1.5437e-15 3.75777e-17 1
5809.94 1.57484e-15 3.75777e-17 1
5811.41 1.63854e-15 3.75777e-17 1
5812.88 1.65612e-15 3.75777e-17 1
5814.35 1.65569e-15 3.75777e-17 1
5815.82 1.70165e-15 3.75777e-17 1
5817.29 1.71876e-15 3.75777e-17 1
5818.76 1.82144e-15 3.75777e-17 1
5820.23 1.83041e-15 3.75777e-17 1
5821.7 1.72828e-15 3.75777e-17 1
5823.17 1.83322e-15 3.75777e-17 1
5824.64 1.83695e-15 3.75777e-17 1
5826.11 1.81623e-15 3.75777e-17 1
5827.58 1.85226e-15 3.75777e-17 1
5829.05 1.86552e-15 3.75777e-17 1
5830.52 1.94673e-15 3.75777e-17 1
5831.99 1.91526e-15 3.75777e-17 1
5833.46 1.91211e-15 3.75777e-17 1
5834.93 1.99307e-15 3.75777e-17 1
5836.4 1.98224e-15 3.75777e-17 1
5837.87 1.92684e-15 3.75777e-17 1
5839.34 1.97057e-15 3.75777e-17 1
5840.81 2.01925e-15 3.75777e-17 1
5842.28 2.02842e-15 3.75777e-17 1
5843.75 2.03241e-15 3.75777e-17 1
5845.22 2.03485e-15 3.75777e-17 1
5846.69 2.10254e-15 3.75777e-17 1
5848.16 2.19032e-15 3.75777e-17 1
5849.63 2.10898e-15 3.75777e-17 1
5851.1 2.11527e-15 3.75777e-17 1
5852.57 2.13051e-15 3.75777e-17 1
5854.04 2.13744e-15 3.75777e-17 1
5855.51 2.24283e-15 3.75777e-17 1
5856.98 2.2156e-15 3.75777e-17 1
5858.45 2.17003e-15 3.75777e-17 1
5859.92 2.14785e-15 3.75777e-17 1
5861.39 2.10212e-15 3.75777e-17 1
5862.86 2.14395e-15 3.75777e-17 1
5864.33 2.15816e-15 3.75777e-17 1
5865.8 2.23893e-15 3.75777e-17 1
5867.27 2.23031e-15 3.75777e-17 1
5868.74 2.20823e-15 3.75777e-17 1
5870.21 2.14737e-15 3.75777e-17 1
5871.68 2.16868e-15 3.75777e-17 1
5873.15 2.13397e-15 6.97803e-17 1
5874.62 2.171e-15 6.97803e-17 1
5876.09 2.25356e-15 6.97803e-17 1
5877.56 2.14465e-15 6.97803e-17 1
5879.03 2.23485e-15 6.97803e-17 1
5880.5 2.25648e-15 6.97803e-17 1
5881.97 2.17205e-15 6.97803e-17 1
5883.44 2.19195e-15 6.97803e-17 1
5884.91 2.1366e-15 6.97803e-17 1
5886.38 2.18962e-15 6.97803e-17 1
5887.85 2.12393e-15 6.97803e-17 1
5889.32 2.0985e-15 6.97803e-17 1
5890.79 2.12e-15 6.97803e-17 1
5892.26 2.1356e-15 6.97803e-17 1
5893.73 2.16381e-15 6.97803e-17 1
5895.2 2.11718e-15 6.97803e-17 1
5896.67 2.14419e-15 6.97803e-17 1
5898.14 2.04268e-15 6.97803e-17 1
5899.61 2.1548e-15 6.97803e-17 1
5901.08 2.2114e-15 6.97803e-17 1
5902.55 2.1428e-15 6.97803e-17 1
5904.01 2.11187e-15 6.97803e-17 1
5905.48 2.13953e-15 6.97803e-17 1
5906.95 2.01354e-15 6.97803e-17 1
5908.42 2.05158e-15 6.97803e-17 1
5909.89 2.16157e-15 6.97803e-17 1
5911.36 2.04368e-15 6.97803e-17 1
5912.83 1.98261e-15 6.97803e-17 1
5914.3 1.93963e-15 6.97803e-17 1
5915.77 1.97424e-15 6.97803e-17 1
5917.24 1.93392e-15 6.97803e-17 1
5918.71 1.88931e-15 6.97803e-17 1
5920.18 1.93116e-15 6.97803e-17 1
5921.65 1.93548e-15 6.97803e-17 1
5923.12 1.93668e-15 6.97803e-17 1
5924.59 2.03312e-15 6.97803e-17 1
5926.06 2.27536e-15 6.97803e-17 1
5927.53 2.19082e-15 6.97803e-17 1
5929 1.94556e-15 6.97803e-17 1
5930.47 1.95506e-15 6.97803e-17 1
5931.94 1.93987e-15 6.97803e-17 1
5933.41 1.9466e-15 6.97803e-17 1
5934.88 1.88826e-15 6.97803e-17 1
5936.35 1.90914e-15 6.97803e-17 1
5937.82 1.8995e-15 6.97803e-17 1
5939.29 1.81719e-15 6.97803e-17 1
5940.76 1.9038e-15 6.97803e-17 1
5942.23 1.85219e-15 6.97803e-17 1
5943.7 1.80293e-15 6.97803e-17 1
5945.17 1.8681e-15 6.97803e-17 1
5946.64 1.86556e-15 6.97803e-17 1
5948.11 1.80972e-15 6.97803e-17 1
5949.58 1.77176e-15 6.97803e-17 1
5951.05 1.81694e-15 6.97803e-17 1
5952.52 1.77804e-15 6.97803e-17 1
5953.99 1.6608e-15 6.97803e-17 1
5955.46 1.68116e-15 6.97803e-17 1
5956.93 1.68831e-15 6.97803e-17 1
5958.4 1.79272e-15 6.97803e-17 1
5959.87 1.64122e-15 6.97803e-17 1
5961.34 1.71424e-15 6.97803e-17 1
5962.81 1.75368e-15 6.97803e-17 1
5964.28 1.7253e-15 6.97803e-17 1
5965.75 1.68907e-15 6.97803e-17 1
5967.22 1.64115e-15 6.97803e-17 1
5968.69 1.59522e-15 6.97803e-17 1
5970.16 1.61291e-15 6.97803e-17 1
5971.63 1.59711e-15 6.97803e-17 1
5973.1 1.56373e-15 4.01013e-17 1
5974.57 1.56178e-15 4.01013e-17 1
5976.04 1.54133e-15 4.01013e-17 1
5977.51 1.60902e-15 4.01013e-17 1
5978.98 1.56186e-15 4.01013e-17 1
5980.45 1.53067e-15 4.01013e-17 1
5981.92 1.49305e-15 4.01013e-17 1
5983.39 1.53502e-15 4.01013e-17 1
5984.86 1.55427e-15 4.01013e-17 1
5986.33 1.47336e-15 4.01013e-17 1
5987.8 1.45725e-15 4.01013e-17 1
5989.27 1.44609e-15 4.01013e-17 1
5990.74 1.44275e-15 4.01013e-17 1
5992.21 1.5108e-15 4.01013e-17 1
5993.68 1.42065e-15 4.01013e-17 1
5995.15 1.48735e-15 4.01013e-17 1
5996.62 1.44159e-15 4.01013e-17 1
5998.09 1.38644e-15 4.01013e-17 1
5999.56 1.38561e-15 4.01013e-17 1
6001.03 1.33208e-15 4.01013e-17 1
6002.5 1.2696e-15 4.01013e-17 1
6003.97 1.31267e-15 4.01013e-17 1
6005.44 1.3063e-15 4.01013e-17 1
6006.91 1.27337e-15 4.01013e-17 1
6008.38 1.29656e-15 4.01013e-17 1
6009.85 1.26592e-15 4.01013e-17 1
6011.32 1.29074e-15 4.01013e-17 1
6012.79 1.21343e-15 4.01013e-17 1
6014.26 1.20935e-15 4.01013e-17 1
6015.73 1.23914e-15 4.01013e-17 1
6017.2 1.15226e-15 4.01013e-17 1
6018.67 1.1085e-15 4.01013e-17 1
6020.13 1.17359e-15 4.01013e-17 1
6021.6 1.10752e-15 4.01013e-17 1
6023.07 1.13507e-15 4.01013e-17 1
6024.54 1.13677e-15 4.01013e-17 1
6026.01 1.14429e-15 4.01013e-17 1
6027.48 1.17762e-15 4.01013e-17 1
6028.95 1.12185e-15 4.01013e-17 1
6030.42 1.11e-15 4.01013e-17 1
6031.89 1.12745e-15 4.01013e-17 1
6033.36 1.09796e-15 4.01013e-17 1
6034.83 1.11702e-15 4.01013e-17 1
6036.3 1.14814e-15 4.01013e-17 1
6037.77 1.05577e-15 4.01013e-17 1
6039.24 1.06613e-15 4.01013e-17 1
6040.71 1.09075e-15 4.01013e-17 1
6042.18 1.07806e-15 4.01013e-17 1
6043.65 9.97348e-16 4.01013e-17 1
6045.12 9.26678e-16 4.01013e-17 1
6046.59 9.92378e-16 4.01013e-17 1
6048.06 1.01181e-15 4.01013e-17 1
6049.53 1.0199e-15 4.01013e-17 1
6051 9.74415e-16 4.01013e-17 1
6052.47 9.66964e-16 4.01013e-17 1
6053.94 1.05271e-15 4.01013e-17 1
6055.41 9.93741e-16 4.01013e-17 1
6056.88 9.79665e-16 4.01013e-17 1
6058.35 1.02705e-15 4.01013e-17 1
6059.82 9.8607e-16 4.01013e-17 1
6061.29 9.64907e-16 4.01013e-17 1
6062.76 9.38418e-16 4.01013e-17 1
6064.23 9.42018e-16 4.01013e-17 1
6065.7 9.52567e-16 4.01013e-17 1
6067.17 9.4767e-16 4.01013e-17 1
6068.64 9.30563e-16 4.01013e-17 1
6070.11 9.57577e-16 4.01013e-17 1
6071.58 1.00732e-15 4.01013e-17 1
6073.05 9.65303e-16 3.98159e-17 1
6074.52 9.46813e-16 3.98159e-17 1
6075.99 9.56032e-16 3.98159e-17 1
6077.46 9.95112e-16 3.98159e-17 1
6078.93 1.01941e-15 3.98159e-17 1
6080.4 9.88032e-16 3.98159e-17 1
6081.87 1.0248e-15 3.98159e-17 1
6083.34 9.95033e-16 3.98159e-17 1
6084.81 1.02136e-15 3.98159e-17 1
6086.28 1.01016e-15 3.98159e-17 1
6087.75 1.00676e-15 3.98159e-17 1
6089.22 1.01306e-15 3.98159e-17 1
6090.69 1.01936e-15 3.98159e-17 1
6092.16 1.02566e-15 3.98159e-17 1
6093.63 1.03196e-15 3.98159e-17 1
6095.1 1.03826e-15 3.98159e-17 1
6096.57 1.04456e-15 3.98159e-17 1
6098.04 1.00415e-15 3.98159e-17 1
6099.51 1.03128e-15 3.98159e-17 1
6100.98 1.0726e-15 3.98159e-17 1
6102.45 1.10275e-15 3.98159e-17 1
6103.92 1.03974e-15 3.98159e-17 1
6105.39 1.05252e-15 3.98159e-17 1
6106.86 1.04546e-15 3.98159e-17 1
6108.33 1.03446e-15 3.98159e-17 1
6109.8 1.00431e-15 3.98159e-17 1
6111.27 1.03961e-15 3.98159e-17 1
6112.74 1.12925e-15 3.98159e-17 1
6114.21 1.09646e-15 3.98159e-17 1
6115.68 1.03467e-15 3.98159e-17 1
6117.15 1.03794e-15 3.98159e-17 1
6118.62 1.02256e-15 3.98159e-17 1
6120.09 1.02653e-15 3.98159e-17 1
6121.56 9.46891e-16 3.98159e-17 1
6123.03 1.03201e-15 3.98159e-17 1
6124.5 1.03632e-15 3.98159e-17 1
6125.97 9.99367e-16 3.98159e-17 1
6127.44 1.06356e-15 3.98159e-17 1
6128.91 1.0139e-15 3.98159e-17 1
6130.38 9.64867e-16 3.98159e-17 1
6131.85 9.9294e-16 3.98159e-17 1
6133.32 1.08734e-15 3.98159e-17 1
6134.78 1.12315e-15 3.98159e-17 1
6136.25 1.0217e-15 3.98159e-17 1
6137.72 1.03549e-15 3.98159e-17 1
6139.19 1.08544e-15 3.98159e-17 1
6140.66 1.04075e-15 3.98159e-17 1
6142.13 1.01975e-15 3.98159e-17 1
6143.6 1.0493e-15 3.98159e-17 1
6145.07 1.04539e-15 3.98159e-17 1
6146.54 1.01897e-15 3.98159e-17 1
6148.01 1.05124e-15 3.98159e-17 1
6149.48 1.09204e-15 3.98159e-17 1
6150.95 1.03347e-15 3.98159e-17 1
6152.42 1.00652e-15 3.98159e-17 1
6153.89 1.04806e-15 3.98159e-17 1
6155.36 1.01489e-15 3.98159e-17 1
6156.83 1.05171e-15 3.98159e-17 1
6158.3 1.09546e-15 3.98159e-17 1
6159.77 1.00199e-15 3.98159e-17 1
6161.24 9.52181e-16 3.98159e-17 1
6162.71 1.00414e-15 3.98159e-17 1
6164.18 1.09644e-15 3.98159e-17 1
6165.65 1.06488e-15 3.98159e-17 1
6167.12 1.05917e-15 3.98159e-17 1
6168.59 1.08381e-15 3.98159e-17 1
6170.06 1.08519e-15 3.98159e-17 1
6171.53 1.08849e-15 3.98159e-17 1
6173 1.09238e-15 4.38259e-17 1
6174.47 1.12149e-15 4.38259e-17 1
6175.94 1.03855e-15 4.38259e-17 1
6177.41 1.08529e-15 4.38259e-17 1
6178.88 1.12689e-15 4.38259e-17 1
6180.35 1.11105e-15 4.38259e-17 1
6181.82 1.06202e-15 4.38259e-17 1
6183.29 1.11496e-15 4.38259e-17 1
6184.76 1.10582e-15 4.38259e-17 1
6186.23 1.16281e-15 4.38259e-17 1
6187.7 1.16124e-15 4.38259e-17 1
6189.17 1.14569e-15 4.38259e-17 1
6190.64 1.11647e-15 4.38259e-17 1
6192.11 1.14708e-15 4.38259e-17 1
6193.58 1.18025e-15 4.38259e-17 1
6195.05 1.16161e-15 4.38259e-17 1
6196.52 1.15743e-15 4.38259e-17 1
6197.99 1.16615e-15 4.38259e-17 1
6199.46 1.16109e-15 4.38259e-17 1
6200.93 1.21247e-15 4.38259e-17 1
6202.4 1.15921e-15 4.38259e-17 1
6203.87 1.15142e-15 4.38259e-17 1
6205.34 1.22996e-15 4.38259e-17 1
6206.81 1.26545e-15 4.38259e-17 1
6208.28 1.19249e-15 4.38259e-17 1
6209.75 1.18775e-15 4.38259e-17 1
6211.22 1.17521e-15 4.38259e-17 1
6212.69 1.22007e-15 4.38259e-17 1
6214.16 1.16384e-15 4.38259e-17 1
6215.63 1.16448e-15 4.38259e-17 1
6217.1 1.22028e-15 4.38259e-17 1
6218.57 1.27208e-15 4.38259e-17 1
6220.04 1.33742e-15 4.38259e-17 1
6221.51 1.26537e-15 4.38259e-17 1
6222.98 1.29323e-15 4.38259e-17 1
6224.45 1.323e-15 4.38259e-17 1
6225.92 1.26233e-15 4.38259e-17 1
6227.39 1.24583e-15 4.38259e-17 1
6228.86 1.19589e-15 4.38259e-17 1
6230.33 1.20536e-15 4.38259e-17 1
6231.8 1.27307e-15 4.38259e-17 1
6233.27 1.27014e-15 4.38259e-17 1
6234.74 1.30716e-15 4.38259e-17 1
6236.21 1.32451e-15 4.38259e-17 1
6237.68 1.25045e-15 4.38259e-17 1
6239.15 1.22571e-15 4.38259e-17 1
6240.62 1.22079e-15 4.38259e-17 1
6242.09 1.25602e-15 4.38259e-17 1
6243.56 1.27145e-15 4.38259e-17 1
6245.03 1.25848e-15 4.38259e-17 1
6246.5 1.25729e-15 4.38259e-17 1
6247.97 1.24292e-15 4.38259e-17 1
6249.44 1.23621e-15 4.38259e-17 1
6250.9 1.08767e-15 4.38259e-17 1
6252.37 1.11451e-15 4.38259e-17 1
6253.84 1.20094e-15 4.38259e-17 1
6255.31 1.23995e-15 4.38259e-17 1
6256.78 1.18318e-15 4.38259e-17 1
6258.25 1.14568e-15 4.38259e-17 1
6259.72 1.16083e-15 4.38259e-17 1
6261.19 1.2065e-15 4.38259e-17 1
6262.66 1.27324e-15 4.38259e-17 1
6264.13 1.20059e-15 4.38259e-17 1
6265.6 1.15485e-15 4.38259e-17 1
6267.07 1.20581e-15 4.38259e-17 1
6268.54 1.21065e-15 4.38259e-17 1
6270.01 1.15008e-15 4.38259e-17 1
6271.48 1.1488e-15 4.38259e-17 1
6272.95 1.16604e-15 3.44693e-17 1
6274.42 1.14299e-15 3.44693e-17 1
6275.89 1.04119e-15 3.44693e-17 1
6277.36 9.88979e-16 3.44693e-17 1
6278.83 1.0586e-15 3.44693e-17 1
6280.3 1.0572e-15 3.44693e-17 1
6281.77 9.97109e-16 3.44693e-17 1
6283.24 9.92754e-16 3.44693e-17 1
6284.71 9.884e-16 3.44693e-17 1
6286.18 9.84046e-16 3.44693e-17 1
6287.65 9.79691e-16 3.44693e-17 1
6289.12 9.75337e-16 3.44693e-17 1
6290.59 9.70983e-16 3.44693e-17 1
6292.06 9.66628e-16 3.44693e-17 1
6293.53 9.62274e-16 3.44693e-17 1
6295 9.5792e-16 3.44693e-17 1
6296.47 9.53567e-16 3.44693e-17 1
6297.94 9.362e-16 3.44693e-17 1
6299.41 9.61124e-16 3.44693e-17 1
6300.88 9.19519e-16 3.44693e-17 1
6302.35 8.83157e-16 3.44693e-17 1
6303.82 8.76283e-16 3.44693e-17 1
6305.29 9.21121e-16 3.44693e-17 1
6306.76 9.00588e-16 3.44693e-17 1
6308.23 8.58901e-16 3.44693e-17 1
6309.7 8.34151e-16 3.44693e-17 1
6311.17 8.60801e-16 3.44693e-17 1
6312.64 8.71927e-16 3.44693e-17 1
6314.11 8.51166e-16 3.44693e-17 1
6315.58 8.30404e-16 3.44693e-17 1
6317.05 8.09635e-16 3.44693e-17 1
6318.52 7.88873e-16 3.44693e-17 1
6319.99 7.68111e-16 3.44693e-17 1
6321.46 7.47343e-16 3.44693e-17 1
6322.93 7.26581e-16 3.44693e-17 1
6324.4 7.05819e-16 3.44693e-17 1
6325.87 6.85057e-16 3.44693e-17 1
6327.34 7.26347e-16 3.44693e-17 1
6328.81 7.0521e-16 3.44693e-17 1
6330.28 6.61552e-16 3.44693e-17 1
6331.75 7.31614e-16 3.44693e-17 1
6333.22 7.26753e-16 3.44693e-17 1
6334.69 7.18218e-16 3.44693e-17 1
6336.16 7.3396e-16 3.44693e-17 1
6337.63 6.84127e-16 3.44693e-17 1
6339.1 7.44417e-16 3.44693e-17 1
6340.57 7.80164e-16 3.44693e-17 1
6342.04 6.74402e-16 3.44693e-17 1
6343.51 7.19135e-16 3.44693e-17 1
6344.98 7.17188e-16 3.44693e-17 1
6346.45 7.20427e-16 3.44693e-17 1
6347.92 6.6703e-16 3.44693e-17 1
6349.39 6.48666e-16 3.44693e-17 1
6350.86 6.88401e-16 3.44693e-17 1
6352.33 7.78525e-16 3.44693e-17 1
6353.8 7.43278e-16 3.44693e-17 1
6355.27 7.06367e-16 3.44693e-17 1
6356.74 7.18275e-16 3.44693e-17 1
6358.21 6.73435e-16 3.44693e-17 1
6359.68 7.16905e-16 3.44693e-17 1
6361.15 7.25119e-16 3.44693e-17 1
6362.62 7.31276e-16 3.44693e-17 1
6364.09 7.36987e-16 3.44693e-17 1
6365.56 7.73801e-16 3.44693e-17 1
6367.02 7.12085e-16 3.44693e-17 1
6368.49 6.89372e-16 3.44693e-17 1
6369.96 6.68376e-16 3.44693e-17 1
6371.43 7.3412e-16 3.44693e-17 1
6372.9 7.86215e-16 3.03787e-17 1
6374.37 7.73123e-16 3.03787e-17 1
6375.84 8.07736e-16 3.03787e-17 1
6377.31 7.81417e-16 3.03787e-17 1
6378.78 7.14524e-16 3.03787e-17 1
6380.25 8.46124e-16 3.03787e-17 1
6381.72 8.30064e-16 3.03787e-17 1
6383.19 7.8366e-16 3.03787e-17 1
6384.66 8.08971e-16 3.03787e-17 1
6386.13 7.84088e-16 3.03787e-17 1
6387.6 8.66889e-16 3.03787e-17 1
6389.07 8.47127e-16 3.03787e-17 1
6390.54 8.01758e-16 3.03787e-17 1
6392.01 8.18625e-16 3.03787e-17 1
6393.48 8.40565e-16 3.03787e-17 1
6394.95 8.61599e-16 3.03787e-17 1
6396.42 8.70096e-16 3.03787e-17 1
6397.89 8.57944e-16 3.03787e-17 1
6399.36 8.83864e-16 3.03787e-17 1
6400.83 8.56216e-16 3.03787e-17 1
6402.3 8.7101e-16 3.03787e-17 1
6403.77 9.2393e-16 3.03787e-17 1
6405.24 9.58983e-16 3.03787e-17 1
6406.71 9.70504e-16 3.03787e-17 1
6408.18 9.43674e-16 3.03787e-17 1
6409.65 9.15504e-16 3.03787e-17 1
6411.12 9.98549e-16 3.03787e-17 1
6412.59 9.39678e-16 3.03787e-17 1
6414.06 9.1419e-16 3.03787e-17 1
6415.53 9.7746e-16 3.03787e-17 1
6417 9.60399e-16 3.03787e-17 1
6418.47 9.82643e-16 3.03787e-17 1
6419.94 1.00946e-15 3.03787e-17 1
6421.41 1.06549e-15 3.03787e-17 1
6422.88 1.00236e-15 3.03787e-17 1
6424.35 1.04959e-15 3.03787e-17 1
6425.82 1.06306e-15 3.03787e-17 1
6427.29 1.0985e-15 3.03787e-17 1
6428.76 1.05576e-15 3.03787e-17 1
6430.23 1.06185e-15 3.03787e-17 1
6431.7 1.03362e-15 3.03787e-17 1
6433.17 1.03162e-15 3.03787e-17 1
6434.64 1.10142e-15 3.03787e-17 1
6436.11 1.10857e-15 3.03787e-17 1
6437.58 1.13006e-15 3.03787e-17 1
6439.05 1.11253e-15 3.03787e-17 1
6440.52 1.0909e-15 3.03787e-17 1
6441.99 1.12796e-15 3.03787e-17 1
6443.46 1.09986e-15 3.03787e-17 1
6444.93 1.19621e-15 3.03787e-17 1
6446.4 1.20627e-15 3.03787e-17 1
6447.87 1.18631e-15 3.03787e-17 1
6449.34 1.20939e-15 3.03787e-17 1
6450.81 1.2e-15 3.03787e-17 1
6452.28 1.23087e-15 3.03787e-17 1
6453.75 1.21246e-15 3.03787e-17 1
6455.22 1.21525e-15 3.03787e-17 1
6456.69 1.21858e-15 3.03787e-17 1
6458.16 1.16952e-15 3.03787e-17 1
6459.63 1.27348e-15 3.03787e-17 1
6461.1 1.27691e-15 3.03787e-17 1
6462.57 1.28386e-15 3.03787e-17 1
6464.04 1.31559e-15 3.03787e-17 1
6465.51 1.28349e-15 3.03787e-17 1
6466.98 1.3161e-15 3.03787e-17 1
6468.45 1.33957e-15 3.03787e-17 1
6469.92 1.31034e-15 3.03787e-17 1
6471.39 1.29391e-15 3.03787e-17 1
6472.86 1.33008e-15 3.13001e-17 1
6474.33 1.30708e-15 3.13001e-17 1
6475.8 1.28762e-15 3.13001e-17 1
6477.27 1.31731e-15 3.13001e-17 1
6478.74 1.33125e-15 3.13001e-17 1
6480.21 1.3317e-15 3.13001e-17 1
6481.68 1.33987e-15 3.13001e-17 1
6483.14 1.38246e-15 3.13001e-17 1
6484.61 1.40119e-15 3.13001e-17 1
6486.08 1.4006e-15 3.13001e-17 1
6487.55 1.351e-15 3.13001e-17 1
6489.02 1.38264e-15 3.13001e-17 1
6490.49 1.43284e-15 3.13001e-17 1
6491.96 1.3771e-15 3.13001e-17 1
6493.43 1.37955e-15 3.13001e-17 1
6494.9 1.4223e-15 3.13001e-17 1
6496.37 1.42983e-15 3.13001e-17 1
6497.84 1.41218e-15 3.13001e-17 1
6499.31 1.4652e-15 3.13001e-17 1
6500.78 1.48805e-15 3.13001e-17 1
6502.25 1.48258e-15 3.13001e-17 1
6503.72 1.49798e-15 3.13001e-17 1
6505.19 1.43695e-15 3.13001e-17 1
6506.66 1.42405e-15 3.13001e-17 1
6508.13 1.44243e-15 3.13001e-17 1
6509.6 1.42379e-15 3.13001e-17 1
6511.07 1.44559e-15 3.13001e-17 1
6512.54 1.43929e-15 3.13001e-17 1
6514.01 1.48454e-15 3.13001e-17 1
6515.48 1.45263e-15 3.13001e-17 1
6516.95 1.48948e-15 3.13001e-17 1
6518.42 1.51058e-15 3.13001e-17 1
6519.89 1.44734e-15 3.13001e-17 1
6521.36 1.46725e-15 3.13001e-17 1
6522.83 1.49772e-15 3.13001e-17 1
6524.3 1.41294e-15 3.13001e-17 1
6525.77 1.42949e-15 3.13001e-17 1
6527.24 1.44806e-15 3.13001e-17 1
6528.71 1.44407e-15 3.13001e-17 1
6530.18 1.46171e-15 3.13001e-17 1
6531.65 1.43326e-15 3.13001e-17 1
6533.12 1.49224e-15 3.13001e-17 1
6534.59 1.41008e-15 3.13001e-17 1
6536.06 1.41271e-15 3.13001e-17 1
6537.53 1.49028e-15 3.13001e-17 1
6539 1.45986e-15 3.13001e-17 1
6540.47 1.43896e-15 3.13001e-17 1
6541.94 1.4281e-15 3.13001e-17 1
6543.41 1.43054e-15 3.13001e-17 1
6544.88 1.44014e-15 3.13001e-17 1
6546.35 1.40338e-15 3.13001e-17 1
6547.82 1.37949e-15 3.13001e-17 1
6549.29 1.50853e-15 3.13001e-17 1
6550.76 1.42921e-15 3.13001e-17 1
6552.23 1.34753e-15 3.13001e-17 1
6553.7 1.36559e-15 3.13001e-17 1
6555.17 1.37979e-15 3.13001e-17 1
6556.64 1.29576e-15 3.13001e-17 1
6558.11 1.33849e-15 3.13001e-17 1
6559.58 1.30966e-15 3.13001e-17 1
6561.05 1.32353e-15 3.13001e-17 1
6562.52 1.33051e-15 3.13001e-17 1
6563.99 1.31792e-15 3.13001e-17 1
6565.46 1.31282e-15 3.13001e-17 1
6566.93 1.34962e-15 3.13001e-17 1
6568.4 1.28731e-15 3.13001e-17 1
6569.87 1.29184e-15 3.13001e-17 1
6571.34 1.27931e-15 3.13001e-17 1
6572.81 1.24429e-15 3.63726e-17 1
6574.28 1.22315e-15 3.63726e-17 1
6575.75 1.30742e-15 3.63726e-17 1
6577.22 1.2681e-15 3.63726e-17 1
6578.69 1.27698e-15 3.63726e-17 1
6580.16 1.24225e-15 3.63726e-17 1
6581.63 1.13446e-15 3.63726e-17 1
6583.1 1.19146e-15 3.63726e-17 1
6584.57 1.18759e-15 3.63726e-17 1
6586.04 1.14507e-15 3.63726e-17 1
6587.51 1.1766e-15 3.63726e-17 1
6588.98 1.15717e-15 3.63726e-17 1
6590.45 1.20187e-15 3.63726e-17 1
6591.92 1.08708e-15 3.63726e-17 1
6593.39 1.02768e-15 3.63726e-17 1
6594.86 1.07316e-15 3.63726e-17 1
6596.33 1.05956e-15 3.63726e-17 1
6597.79 1.02869e-15 3.63726e-17 1
6599.26 1.03486e-15 3.63726e-17 1
6600.73 1.03709e-15 3.63726e-17 1
6602.2 1.03635e-15 3.63726e-17 1
6603.67 1.03746e-15 3.63726e-17 1
6605.14 1.10412e-15 3.63726e-17 1
6606.61 1.04213e-15 3.63726e-17 1
6608.08 9.4197e-16 3.63726e-17 1
6609.55 9.70182e-16 3.63726e-17 1
6611.02 9.59232e-16 3.63726e-17 1
6612.49 1.10337e-15 3.63726e-17 1
6613.96 1.01324e-15 3.63726e-17 1
6615.43 9.65851e-16 3.63726e-17 1
6616.9 9.22394e-16 3.63726e-17 1
6618.37 9.3417e-16 3.63726e-17 1
6619.84 8.76177e-16 3.63726e-17 1
6621.31 8.62676e-16 3.63726e-17 1
6622.78 8.68164e-16 3.63726e-17 1
6624.25 8.67096e-16 3.63726e-17 1
6625.72 8.74556e-16 3.63726e-17 1
6627.19 8.82949e-16 3.63726e-17 1
6628.66 8.45049e-16 3.63726e-17 1
6630.13 8.53236e-16 3.63726e-17 1
6631.6 8.25998e-16 3.63726e-17 1
6633.07 8.26743e-16 3.63726e-17 1
6634.54 8.09484e-16 3.63726e-17 1
6636.01 7.82742e-16 3.63726e-17 1
6637.48 7.65224e-16 3.63726e-17 1
6638.95 7.56354e-16 3.63726e-17 1
6640.42 7.56323e-16 3.63726e-17 1
6641.89 7.30959e-16 3.63726e-17 1
6643.36 7.21165e-16 3.63726e-17 1
6644.83 7.3112e-16 3.63726e-17 1
6646.3 7.52785e-16 3.63726e-17 1
6647.77 6.78246e-16 3.63726e-17 1
6649.24 6.53392e-16 3.63726e-17 1
6650.71 6.6704e-16 3.63726e-17 1
6652.18 6.64221e-16 3.63726e-17 1
6653.65 6.65119e-16 3.63726e-17 1
6655.12 6.45351e-16 3.63726e-17 1
6656.59 6.21677e-16 3.63726e-17 1
6658.06 6.29592e-16 3.63726e-17 1
6659.53 6.50253e-16 3.63726e-17 1
6661 6.72895e-16 3.63726e-17 1
6662.47 6.65766e-16 3.63726e-17 1
6663.94 6.4399e-16 3.63726e-17 1
6665.41 6.29549e-16 3.63726e-17 1
6666.88 6.03284e-16 3.63726e-17 1
6668.35 5.41846e-16 3.63726e-17 1
6669.82 5.63077e-16 3.63726e-17 1
6671.29 5.6502e-16 3.63726e-17 1
6672.76 5.67546e-16 2.31112e-17 1
6674.23 5.84136e-16 2.31112e-17 1
6675.7 5.46216e-16 2.31112e-17 1
6677.17 5.36822e-16 2.31112e-17 1
6678.64 5.31533e-16 2.31112e-17 1
6680.11 5.25926e-16 2.31112e-17 1
6681.58 4.83111e-16 2.31112e-17 1
6683.05 4.59718e-16 2.31112e-17 1
6684.52 4.58744e-16 2.31112e-17 1
6685.99 4.87811e-16 2.31112e-17 1
6687.46 5.21541e-16 2.31112e-17 1
6688.93 4.84974e-16 2.31112e-17 1
6690.4 4.90541e-16 2.31112e-17 1
6691.87 5.00085e-16 2.31112e-17 1
6693.34 4.72131e-16 2.31112e-17 1
6694.81 4.60624e-16 2.31112e-17 1
6696.28 5.10125e-16 2.31112e-17 1
6697.75 4.68113e-16 2.31112e-17 1
6699.22 4.63933e-16 2.31112e-17 1
6700.69 5.06004e-16 2.31112e-17 1
6702.16 4.7224e-16 2.31112e-17 1
6703.63 4.39175e-16 2.31112e-17 1
6705.1 4.41157e-16 2.31112e-17 1
6706.57 4.33812e-16 2.31112e-17 1
6708.04 4.36666e-16 2.31112e-17 1
6709.51 4.44214e-16 2.31112e-17 1
6710.98 4.15165e-16 2.31112e-17 1
6712.45 4.23853e-16 2.31112e-17 1
6713.91 3.68156e-16 2.31112e-17 1
6715.38 3.86862e-16 2.31112e-17 1
6716.85 4.63102e-16 2.31112e-17 1
6718.32 3.97478e-16 2.31112e-17 1
6719.79 3.80741e-16 2.31112e-17 1
6721.26 4.12385e-16 2.31112e-17 1
6722.73 4.07424e-16 2.31112e-17 1
6724.2 4.04559e-16 2.31112e-17 1
6725.67 3.59785e-16 2.31112e-17 1
6727.14 3.94755e-16 2.31112e-17 1
6728.61 4.21183e-16 2.31112e-17 1
6730.08 3.48232e-16 2.31112e-17 1
6731.55 3.75202e-16 2.31112e-17 1
6733.02 3.74075e-16 2.31112e-17 1
6734.49 3.75662e-16 2.31112e-17 1
6735.96 4.16211e-16 2.31112e-17 1
6737.43 4.08752e-16 2.31112e-17 1
6738.9 3.78681e-16 2.31112e-17 1
6740.37 4.04211e-16 2.31112e-17 1
6741.84 4.11668e-16 2.31112e-17 1
6743.31 3.72108e-16 2.31112e-17 1
6744.78 3.77598e-16 2.31112e-17 1
6746.25 3.78553e-16 2.31112e-17 1
6747.72 3.87121e-16 2.31112e-17 1
6749.19 3.48216e-16 2.31112e-17 1
6750.66 3.63595e-16 2.31112e-17 1
6752.13 3.53629e-16 2.31112e-17 1
6753.6 3.41616e-16 2.31112e-17 1
6755.07 3.79458e-16 2.31112e-17 1
6756.54 3.63126e-16 2.31112e-17 1
6758.01 3.33085e-16 2.31112e-17 1
6759.48 3.36966e-16 2.31112e-17 1
6760.95 3.54534e-16 2.31112e-17 1
6762.42 3.23274e-16 2.31112e-17 1
6763.89 3.56871e-16 2.31112e-17 1
6765.36 3.64797e-16 2.31112e-17 1
6766.83 3.41275e-16 2.31112e-17 1
6768.3 3.2036e-16 2.31112e-17 1
6769.77 3.74153e-16 2.31112e-17 1
6771.24 3.43244e-16 2.31112e-17 1
6772.71 3.25163e-16 2.31112e-17 1
6774.18 3.09919e-16 3.39758e-17 1
6775.65 3.11554e-16 3.39758e-17 1
6777.12 3.68587e-16 3.39758e-17 1
6778.59 3.12919e-16 3.39758e-17 1
6780.06 3.32335e-16 3.39758e-17 1
6781.53 3.88774e-16 3.39758e-17 1
6783 3.43367e-16 3.39758e-17 1
6784.47 3.19345e-16 3.39758e-17 1
6785.94 2.87762e-16 3.39758e-17 1
6787.41 3.25054e-16 3.39758e-17 1
6788.88 3.27373e-16 3.39758e-17 1
6790.35 3.02549e-16 3.39758e-17 1
6791.82 2.70681e-16 3.39758e-17 1
6793.29 3.53266e-16 3.39758e-17 1
6794.76 3.24847e-16 3.39758e-17 1
6796.23 3.10425e-16 3.39758e-17 1
6797.7 3.10683e-16 3.39758e-17 1
6799.17 3.1541e-16 3.39758e-17 1
6800.64 3.2472e-16 3.39758e-17 1
6802.11 3.47213e-16 3.39758e-17 1
6803.58 3.07171e-16 3.39758e-17 1
6805.05 3.44262e-16 3.39758e-17 1
6806.52 3.51328e-16 3.39758e-17 1
6807.99 3.2314e-16 3.39758e-17 1
6809.46 3.20126e-16 3.39758e-17 1
6810.93 3.01083e-16 3.39758e-17 1
6812.4 2.73111e-16 3.39758e-17 1
6813.87 3.19951e-16 3.39758e-17 1
6815.34 3.18928e-16 3.39758e-17 1
6816.81 2.86156e-16 3.39758e-17 1
6818.28 3.28294e-16 3.39758e-17 1
6819.75 3.35242e-16 3.39758e-17 1
6821.22 3.0956e-16 3.39758e-17 1
6822.69 3.20287e-16 3.39758e-17 1
6824.16 3.20407e-16 3.39758e-17 1
6825.63 3.84931e-16 3.39758e-17 1
6827.1 3.43965e-16 3.39758e-17 1
6828.57 2.94375e-16 3.39758e-17 1
6830.03 2.83488e-16 3.39758e-17 1
6831.5 3.13656e-16 3.39758e-17 1
6832.97 3.36971e-16 3.39758e-17 1
6834.44 3.24818e-16 3.39758e-17 1
6835.91 3.68334e-16 3.39758e-17 1
6837.38 2.87751e-16 3.39758e-17 1
6838.85 3.29555e-16 3.39758e-17 1
6840.32 3.20201e-16 3.39758e-17 1
6841.79 3.19831e-16 3.39758e-17 1
6843.26 3.13896e-16 3.39758e-17 1
6844.73 3.12672e-16 3.39758e-17 1
6846.2 3.53871e-16 3.39758e-17 1
6847.67 3.93832e-16 3.39758e-17 1
6849.14 3.97374e-16 3.39758e-17 1
6850.61 3.53014e-16 3.39758e-17 1
6852.08 3.81966e-16 3.39758e-17 1
6853.55 3.54877e-16 3.39758e-17 1
6855.02 3.44309e-16 3.39758e-17 1
6856.49 3.40656e-16 3.39758e-17 1
6857.96 3.00441e-16 3.39758e-17 1
6859.43 3.26154e-16 3.39758e-17 1
6860.9 3.89589e-16 3.39758e-17 1
6862.37 4.0368e-16 3.39758e-17 1
6863.84 3.55766e-16 3.39758e-17 1
6865.31 3.3766e-16 3.39758e-17 1
6866.78 2.88132e-16 3.39758e-17 1
6868.25 2.78473e-16 3.39758e-17 1
6869.72 2.61627e-16 3.39758e-17 1
6871.19 2.80141e-16 3.39758e-17 1
6872.66 2.62188e-16 3.39758e-17 1
6874.13 2.83439e-16 3.50192e-17 1
6875.6 2.81707e-16 3.50192e-17 1
6877.07 3.06574e-16 3.50192e-17 1
6878.54 2.80885e-16 3.50192e-17 1
6880.01 2.59181e-16 3.50192e-17 1
6881.48 2.75292e-16 3.50192e-17 1
6882.95 3.37625e-16 3.50192e-17 1
6884.42 3.68616e-16 3.50192e-17 1
6885.89 3.45562e-16 3.50192e-17 1
6887.36 3.4678e-16 3.50192e-17 1
6888.83 3.44124e-16 3.50192e-17 1
6890.3 3.28188e-16 3.50192e-17 1
6891.77 3.15228e-16 3.50192e-17 1
6893.24 3.21482e-16 3.50192e-17 1
6894.71 3.66799e-16 3.50192e-17 1
6896.18 3.78051e-16 3.50192e-17 1
6897.65 3.07289e-16 3.50192e-17 1
6899.12 2.58667e-16 3.50192e-17 1
6900.59 3.22363e-16 3.50192e-17 1
6902.06 3.39477e-16 3.50192e-17 1
6903.53 3.11551e-16 3.50192e-17 1
6905 3.35449e-16 3.50192e-17 1
6906.47 3.15114e-16 3.50192e-17 1
6907.94 3.96978e-16 3.50192e-17 1
6909.41 3.93312e-16 3.50192e-17 1
6910.88 3.98786e-16 3.50192e-17 1
6912.35 3.86211e-16 3.50192e-17 1
6913.82 3.81667e-16 3.50192e-17 1
6915.29 3.71014e-16 3.50192e-17 1
6916.76 3.93364e-16 3.50192e-17 1
6918.23 4.08006e-16 3.50192e-17 1
6919.7 4.18555e-16 3.50192e-17 1
6921.17 4.49379e-16 3.50192e-17 1
6922.64 4.20452e-16 3.50192e-17 1
6924.11 4.03573e-16 3.50192e-17 1
6925.58 3.85878e-16 3.50192e-17 1
6927.05 3.63044e-16 3.50192e-17 1
6928.52 3.96794e-16 3.50192e-17 1
6929.99 4.52161e-16 3.50192e-17 1
6931.46 4.77269e-16 3.50192e-17 1
6932.93 4.46246e-16 3.50192e-17 1
6934.4 4.48325e-16 3.50192e-17 1
6935.87 4.70617e-16 3.50192e-17 1
6937.34 4.55639e-16 3.50192e-17 1
6938.81 5.37394e-16 3.50192e-17 1
6940.28 5.09281e-16 3.50192e-17 1
6941.75 4.38306e-16 3.50192e-17 1
6943.22 4.26524e-16 3.50192e-17 1
6944.68 4.31598e-16 3.50192e-17 1
6946.15 4.66748e-16 3.50192e-17 1
6947.62 4.49424e-16 3.50192e-17 1
6949.09 4.34512e-16 3.50192e-17 1
6950.56 4.95356e-16 3.50192e-17 1
6952.03 5.06864e-16 3.50192e-17 1
6953.5 4.46795e-16 3.50192e-17 1
6954.97 4.57362e-16 3.50192e-17 1
6956.44 4.96467e-16 3.50192e-17 1
6957.91 4.70656e-16 3.50192e-17 1
6959.38 4.42471e-16 3.50192e-17 1
6960.85 4.58707e-16 3.50192e-17 1
6962.32 4.81504e-16 3.50192e-17 1
6963.79 4.60245e-16 3.50192e-17 1
6965.26 4.68213e-16 3.50192e-17 1
6966.73 5.0244e-16 3.50192e-17 1
6968.2 4.82309e-16 3.50192e-17 1
6969.67 4.77663e-16 3.50192e-17 1
6971.14 5.35629e-16 3.50192e-17 1
6972.61 5.21765e-16 3.50192e-17 1
6974.08 4.50915e-16 2.89179e-17 1
6975.55 4.52528e-16 2.89179e-17 1
6977.02 4.31685e-16 2.89179e-17 1
6978.49 5.02716e-16 2.89179e-17 1
6979.96 4.83471e-16 2.89179e-17 1
6981.43 4.5491e-16 2.89179e-17 1
6982.9 4.55697e-16 2.89179e-17 1
6984.37 4.92474e-16 2.89179e-17 1
6985.84 4.94475e-16 2.89179e-17 1
6987.31 4.7295e-16 2.89179e-17 1
6988.78 4.22232e-16 2.89179e-17 1
6990.25 4.66678e-16 2.89179e-17 1
6991.72 4.65643e-16 2.89179e-17 1
6993.19 4.51093e-16 2.89179e-17 1
6994.66 5.03083e-16 2.89179e-17 1
6996.13 5.28352e-16 2.89179e-17 1
6997.6 4.59934e-16 2.89179e-17 1
6999.07 4.59006e-16 2.89179e-17 1
7000.54 4.52265e-16 2.89179e-17 1
7002.01 4.41034e-16 2.89179e-17 1
7003.48 4.85449e-16 2.89179e-17 1
7004.95 5.15855e-16 2.89179e-17 1
7006.42 4.66131e-16 2.89179e-17 1
7007.89 4.46576e-16 2.89179e-17 1
7009.36 4.69731e-16 2.89179e-17 1
7010.83 4.70202e-16 2.89179e-17 1
7012.3 4.5048e-16 2.89179e-17 1
7013.77 4.5029e-16 2.89179e-17 1
7015.24 4.95557e-16 2.89179e-17 1
7016.71 4.92644e-16 2.89179e-17 1
7018.18 4.96274e-16 2.89179e-17 1
7019.65 5.13781e-16 2.89179e-17 1
7021.12 4.56384e-16 2.89179e-17 1
7022.59 4.22509e-16 2.89179e-17 1
7024.06 4.7106e-16 2.89179e-17 1
7025.53 5.01965e-16 2.89179e-17 1
7027 4.38692e-16 2.89179e-17 1
7028.47 4.56239e-16 2.89179e-17 1
7029.94 4.78255e-16 2.89179e-17 1
7031.41 4.87958e-16 2.89179e-17 1
7032.88 4.0453e-16 2.89179e-17 1
7034.35 4.52505e-16 2.89179e-17 1
7035.82 4.72735e-16 2.89179e-17 1
7037.29 4.58521e-16 2.89179e-17 1
7038.76 4.48876e-16 2.89179e-17 1
7040.23 4.75676e-16 2.89179e-17 1
7041.7 4.91206e-16 2.89179e-17 1
7043.17 4.6412e-16 2.89179e-17 1
7044.64 4.88481e-16 2.89179e-17 1
7046.11 5.06121e-16 2.89179e-17 1
7047.58 4.39288e-16 2.89179e-17 1
7049.05 5.01603e-16 2.89179e-17 1
7050.52 4.57028e-16 2.89179e-17 1
7051.99 4.6459e-16 2.89179e-17 1
7053.46 4.585e-16 2.89179e-17 1
7054.93 4.40012e-16 2.89179e-17 1
7056.4 4.33237e-16 2.89179e-17 1
7057.87 4.91594e-16 2.89179e-17 1
7059.34 5.14069e-16 2.89179e-17 1
7060.8 5.15926e-16 2.89179e-17 1
7062.27 4.72643e-16 2.89179e-17 1
7063.74 4.94646e-16 2.89179e-17 1
7065.21 5.27566e-16 2.89179e-17 1
7066.68 4.45315e-16 2.89179e-17 1
7068.15 4.84412e-16 2.89179e-17 1
7069.62 4.55716e-16 2.89179e-17 1
7071.09 4.45872e-16 2.89179e-17 1
7072.56 5.40538e-16 2.89179e-17 1
7074.03 5.08121e-16 2.82621e-17 1
7075.5 5.23744e-16 2.82621e-17 1
7076.97 5.26342e-16 2.82621e-17 1
7078.44 5.42804e-16 2.82621e-17 1
7079.91 5.69293e-16 2.82621e-17 1
7081.38 5.11416e-16 2.82621e-17 1
7082.85 5.3699e-16 2.82621e-17 1
7084.32 4.84579e-16 2.82621e-17 1
7085.79 4.96524e-16 2.82621e-17 1
7087.26 5.52873e-16 2.82621e-17 1
7088.73 5.1305e-16 2.82621e-17 1
7090.2 5.33942e-16 2.82621e-17 1
7091.67 4.92655e-16 2.82621e-17 1
7093.14 5.24604e-16 2.82621e-17 1
7094.61 5.18224e-16 2.82621e-17 1
7096.08 5.46059e-16 2.82621e-17 1
7097.55 4.92489e-16 2.82621e-17 1
7099.02 5.23346e-16 2.82621e-17 1
7100.49 4.94652e-16 2.82621e-17 1
7101.96 4.97196e-16 2.82621e-17 1
7103.43 5.52859e-16 2.82621e-17 1
7104.9 5.93722e-16 2.82621e-17 1
7106.37 5.51892e-16 2.82621e-17 1
7107.84 5.08906e-16 2.82621e-17 1
7109.31 5.69248e-16 2.82621e-17 1
7110.78 5.41294e-16 2.82621e-17 1
7112.25 5.4101e-16 2.82621e-17 1
7113.72 5.64852e-16 2.82621e-17 1
7115.19 5.49974e-16 2.82621e-17 1
7116.66 5.73405e-16 2.82621e-17 1
7118.13 6.07801e-16 2.82621e-17 1
7119.6 5.81274e-16 2.82621e-17 1
7121.07 5.62805e-16 2.82621e-17 1
7122.54 5.53629e-16 2.82621e-17 1
7124.01 6.19983e-16 2.82621e-17 1
7125.48 6.41345e-16 2.82621e-17 1
7126.95 6.42054e-16 2.82621e-17 1
7128.42 6.14885e-16 2.82621e-17 1
7129.89 5.65082e-16 2.82621e-17 1
7131.36 5.3971e-16 2.82621e-17 1
7132.83 5.42784e-16 2.82621e-17 1
7134.3 5.75588e-16 2.82621e-17 1
7135.77 6.26773e-16 2.82621e-17 1
7137.24 6.34524e-16 2.82621e-17 1
7138.71 5.91345e-16 2.82621e-17 1
7140.18 6.42444e-16 2.82621e-17 1
7141.65 6.15017e-16 2.82621e-17 1
7143.12 6.22273e-16 2.82621e-17 1
7144.59 6.27447e-16 2.82621e-17 1
7146.06 6.00942e-16 2.82621e-17 1
7147.53 5.83901e-16 2.82621e-17 1
7149 6.52189e-16 2.82621e-17 1
7150.47 6.05132e-16 2.82621e-17 1
7151.94 6.13798e-16 2.82621e-17 1
7153.41 6.52923e-16 2.82621e-17 1
7154.88 6.56819e-16 2.82621e-17 1
7156.35 6.60717e-16 2.82621e-17 1
7157.82 6.64614e-16 2.82621e-17 1
7159.29 6.68511e-16 2.82621e-17 1
7160.76 6.72409e-16 2.82621e-17 1
7162.23 6.76306e-16 2.82621e-17 1
7163.7 6.80203e-16 2.82621e-17 1
7165.17 6.84101e-16 2.82621e-17 1
7166.64 6.87998e-16 2.82621e-17 1
7168.11 6.66419e-16 2.82621e-17 1
7169.58 6.34734e-16 2.82621e-17 1
7171.05 6.85071e-16 2.82621e-17 1
7172.52 6.68864e-16 2.82621e-17 1
7173.99 6.51992e-16 3.24424e-17 1
7175.46 6.51525e-16 3.24424e-17 1
7176.92 6.69093e-16 3.24424e-17 1
7178.39 6.6022e-16 3.24424e-17 1
7179.86 7.01899e-16 3.24424e-17 1
7181.33 7.04809e-16 3.24424e-17 1
7182.8 6.80132e-16 3.24424e-17 1
7184.27 6.25706e-16 3.24424e-17 1
7185.74 6.49692e-16 3.24424e-17 1
7187.21 7.22897e-16 3.24424e-17 1
7188.68 6.67505e-16 3.24424e-17 1
7190.15 6.64133e-16 3.24424e-17 1
7191.62 6.53879e-16 3.24424e-17 1
7193.09 6.47339e-16 3.24424e-17 1
7194.56 6.47241e-16 3.24424e-17 1
7196.03 6.93864e-16 3.24424e-17 1
7197.5 7.07538e-16 3.24424e-17 1
7198.97 6.73228e-16 3.24424e-17 1
7200.44 6.60071e-16 3.24424e-17 1
7201.91 6.32319e-16 3.24424e-17 1
7203.38 6.85943e-16 3.24424e-17 1
7204.85 6.61951e-16 3.24424e-17 1
7206.32 6.92454e-16 3.24424e-17 1
7207.79 6.73528e-16 3.24424e-17 1
7209.26 7.0487e-16 3.24424e-17 1
7210.73 7.22254e-16 3.24424e-17 1
7212.2 6.99775e-16 3.24424e-17 1
7213.67 6.60092e-16 3.24424e-17 1
7215.14 7.1792e-16 3.24424e-17 1
7216.61 7.13286e-16 3.24424e-17 1
7218.08 6.97341e-16 3.24424e-17 1
7219.55 7.08905e-16 3.24424e-17 1
7221.02 7.20466e-16 3.24424e-17 1
7222.49 7.32026e-16 3.24424e-17 1
7223.96 7.43591e-16 3.24424e-17 1
7225.43 7.55151e-16 3.24424e-17 1
7226.9 7.66712e-16 3.24424e-17 1
7228.37 7.78272e-16 3.24424e-17 1
7229.84 7.29692e-16 3.24424e-17 1
7231.31 6.96895e-16 3.24424e-17 1
7232.78 7.3532e-16 3.24424e-17 1
7234.25 7.46106e-16 3.24424e-17 1
7235.72 7.54085e-16 3.24424e-17 1
7237.19 7.9778e-16 3.24424e-17 1
7238.66 8.18738e-16 3.24424e-17 1
7240.13 8.23164e-16 3.24424e-17 1
7241.6 7.45814e-16 3.24424e-17 1
7243.07 7.07554e-16 3.24424e-17 1
7244.54 7.16838e-16 3.24424e-17 1
7246.01 7.45957e-16 3.24424e-17 1
7247.48 8.25272e-16 3.24424e-17 1
7248.95 7.78779e-16 3.24424e-17 1
7250.42 7.54938e-16 3.24424e-17 1
7251.89 7.49108e-16 3.24424e-17 1
7253.36 7.09962e-16 3.24424e-17 1
7254.83 7.39741e-16 3.24424e-17 1
7256.3 7.66646e-16 3.24424e-17 1
7257.77 7.17754e-16 3.24424e-17 1
7259.24 7.51142e-16 3.24424e-17 1
7260.71 7.51377e-16 3.24424e-17 1
7262.18 7.51612e-16 3.24424e-17 1
7263.65 7.51848e-16 3.24424e-17 1
7265.12 7.52083e-16 3.24424e-17 1
7266.59 7.52318e-16 3.24424e-17 1
7268.06 7.52553e-16 3.24424e-17 1
7269.53 7.52788e-16 3.24424e-17 1
7271 7.53023e-16 3.24424e-17 1
7272.47 7.53258e-16 3.24424e-17 1
7273.94 7.53494e-16 3.85977e-17 1
7275.41 7.53729e-16 3.85977e-17 1
7276.88 7.76098e-16 3.85977e-17 1
7278.35 8.11055e-16 3.85977e-17 1
7279.82 8.14123e-16 3.85977e-17 1
7281.29 7.80431e-16 3.85977e-17 1
7282.76 8.1379e-16 3.85977e-17 1
7284.23 9.02522e-16 3.85977e-17 1
7285.7 8.6723e-16 3.85977e-17 1
7287.17 8.16086e-16 3.85977e-17 1
7288.64 7.86638e-16 3.85977e-17 1
7290.11 7.70732e-16 3.85977e-17 1
7291.58 7.86632e-16 3.85977e-17 1
7293.04 7.80204e-16 3.85977e-17 1
7294.51 7.66842e-16 3.85977e-17 1
7295.98 8.06705e-16 3.85977e-17 1
7297.45 8.28773e-16 3.85977e-17 1
7298.92 8.27022e-16 3.85977e-17 1
7300.39 7.95248e-16 3.85977e-17 1
7301.86 7.94579e-16 3.85977e-17 1
7303.33 8.14563e-16 3.85977e-17 1
7304.8 7.24798e-16 3.85977e-17 1
7306.27 7.46209e-16 3.85977e-17 1
7307.74 7.98497e-16 3.85977e-17 1
7309.21 7.57977e-16 3.85977e-17 1
7310.68 7.39578e-16 3.85977e-17 1
7312.15 7.51901e-16 3.85977e-17 1
7313.62 7.80951e-16 3.85977e-17 1
7315.09 8.48016e-16 3.85977e-17 1
7316.56 8.43272e-16 3.85977e-17 1
7318.03 7.5899e-16 3.85977e-17 1
7319.5 7.09881e-16 3.85977e-17 1
7320.97 7.88036e-16 3.85977e-17 1
7322.44 8.02946e-16 3.85977e-17 1
7323.91 8.01939e-16 3.85977e-17 1
7325.38 8.09098e-16 3.85977e-17 1
7326.85 7.46395e-16 3.85977e-17 1
7328.32 7.51265e-16 3.85977e-17 1
7329.79 7.64146e-16 3.85977e-17 1
7331.26 7.26882e-16 3.85977e-17 1
7332.73 6.99675e-16 3.85977e-17 1
7334.2 7.21247e-16 3.85977e-17 1
7335.67 6.73222e-16 3.85977e-17 1
7337.14 7.01122e-16 3.85977e-17 1
7338.61 7.44573e-16 3.85977e-17 1
7340.08 7.11212e-16 3.85977e-17 1
7341.55 6.44366e-16 3.85977e-17 1
7343.02 6.69995e-16 3.85977e-17 1
7344.49 6.56044e-16 3.85977e-17 1
7345.96 6.80925e-16 3.85977e-17 1
7347.43 7.5158e-16 3.85977e-17 1
7348.9 6.87167e-16 3.85977e-17 1
7350.37 6.83978e-16 3.85977e-17 1
7351.84 7.17834e-16 3.85977e-17 1
7353.31 6.92131e-16 3.85977e-17 1
7354.78 6.54412e-16 3.85977e-17 1
7356.25 6.37262e-16 3.85977e-17 1
7357.72 6.91092e-16 3.85977e-17 1
7359.19 6.18919e-16 3.85977e-17 1
7360.66 6.3893e-16 3.85977e-17 1
7362.13 6.97665e-16 3.85977e-17 1
7363.6 6.36498e-16 3.85977e-17 1
7365.07 6.60678e-16 3.85977e-17 1
7366.54 6.74841e-16 3.85977e-17 1
7368.01 5.73326e-16 3.85977e-17 1
7369.48 6.01983e-16 3.85977e-17 1
7370.95 6.80916e-16 3.85977e-17 1
7372.42 6.86161e-16 3.85977e-17 1
7373.89 6.89567e-16 3.51629e-17 1
7375.36 6.10263e-16 3.51629e-17 1
7376.83 6.38319e-16 3.51629e-17 1
7378.3 6.70643e-16 3.51629e-17 1
7379.77 6.25138e-16 3.51629e-17 1
7381.24 6.48255e-16 3.51629e-17 1
7382.71 6.6156e-16 3.51629e-17 1
7384.18 6.98405e-16 3.51629e-17 1
7385.65 7.24691e-16 3.51629e-17 1
7387.12 6.23484e-16 3.51629e-17 1
7388.59 6.20369e-16 3.51629e-17 1
7390.06 6.573e-16 3.51629e-17 1
7391.53 6.89038e-16 3.51629e-17 1
7393 6.70807e-16 3.51629e-17 1
7394.47 6.48619e-16 3.51629e-17 1
7395.94 6.64851e-16 3.51629e-17 1
7397.41 6.87494e-16 3.51629e-17 1
7398.88 6.1891e-16 3.51629e-17 1
7400.35 6.4005e-16 3.51629e-17 1
7401.82 6.59546e-16 3.51629e-17 1
7403.29 7.41637e-16 3.51629e-17 1
7404.76 7.08058e-16 3.51629e-17 1
7406.23 6.35447e-16 3.51629e-17 1
7407.69 6.70545e-16 3.51629e-17 1
7409.16 7.00038e-16 3.51629e-17 1
7410.63 6.26876e-16 3.51629e-17 1
7412.1 6.68526e-16 3.51629e-17 1
7413.57 6.36152e-16 3.51629e-17 1
7415.04 6.67201e-16 3.51629e-17 1
7416.51 7.21087e-16 3.51629e-17 1
7417.98 6.79048e-16 3.51629e-17 1
7419.45 6.32626e-16 3.51629e-17 1
7420.92 6.9173e-16 3.51629e-17 1
7422.39 7.19199e-16 3.51629e-17 1
7423.86 6.62536e-16 3.51629e-17 1
7425.33 6.9742e-16 3.51629e-17 1
7426.8 7.15586e-16 3.51629e-17 1
7428.27 6.96104e-16 3.51629e-17 1
7429.74 7.50017e-16 3.51629e-17 1
7431.21 7.01374e-16 3.51629e-17 1
7432.68 6.7403e-16 3.51629e-17 1
7434.15 7.13677e-16 3.51629e-17 1
7435.62 7.02361e-16 3.51629e-17 1
7437.09 6.91441e-16 3.51629e-17 1
7438.56 7.48635e-16 3.51629e-17 1
7440.03 7.47934e-16 3.51629e-17 1
7441.5 7.95096e-16 3.51629e-17 1
7442.97 7.66319e-16 3.51629e-17 1
7444.44 7.40045e-16 3.51629e-17 1
7445.91 6.99949e-16 3.51629e-17 1
7447.38 7.14677e-16 3.51629e-17 1
7448.85 7.39824e-16 3.51629e-17 1
7450.32 6.61734e-16 3.51629e-17 1
7451.79 7.57279e-16 3.51629e-17 1
7453.26 7.4576e-16 3.51629e-17 1
7454.73 6.94871e-16 3.51629e-17 1
7456.2 7.01261e-16 3.51629e-17 1
7457.67 7.53252e-16 3.51629e-17 1
7459.14 7.20116e-16 3.51629e-17 1
7460.61 7.62829e-16 3.51629e-17 1
7462.08 6.95246e-16 3.51629e-17 1
7463.55 7.34507e-16 3.51629e-17 1
7465.02 7.79153e-16 3.51629e-17 1
7466.49 7.8627e-16 3.51629e-17 1
7467.96 7.11279e-16 3.51629e-17 1
7469.43 6.99649e-16 3.51629e-17 1
7470.9 6.84465e-16 3.51629e-17 1
7472.37 8.11908e-16 3.51629e-17 1
7473.84 8.22682e-16 4.67208e-17 1
7475.31 7.71658e-16 4.67208e-17 1
7476.78 7.53481e-16 4.67208e-17 1
7478.25 7.29657e-16 4.67208e-17 1
7479.72 7.76617e-16 4.67208e-17 1
7481.19 7.32001e-16 4.67208e-17 1
7482.66 7.59016e-16 4.67208e-17 1
7484.13 7.55035e-16 4.67208e-17 1
7485.6 7.3899e-16 4.67208e-17 1
7487.07 7.06663e-16 4.67208e-17 1
7488.54 7.58336e-16 4.67208e-17 1
7490.01 7.70897e-16 4.67208e-17 1
7491.48 6.9793e-16 4.67208e-17 1
7492.95 7.27662e-16 4.67208e-17 1
7494.42 7.53899e-16 4.67208e-17 1
7495.89 7.26078e-16 4.67208e-17 1
7497.36 7.31728e-16 4.67208e-17 1
7498.83 7.43001e-16 4.67208e-17 1
7500.3 7.32711e-16 4.67208e-17 1
7501.77 7.10829e-16 4.67208e-17 1
7503.24 7.62748e-16 4.67208e-17 1
7504.71 7.11169e-16 4.67208e-17 1
7506.18 6.87873e-16 4.67208e-17 1
7507.65 7.09825e-16 4.67208e-17 1
7509.12 7.2322e-16 4.67208e-17 1
7510.59 7.53292e-16 4.67208e-17 1
7512.06 7.89558e-16 4.67208e-17 1
7513.53 7.43844e-16 4.67208e-17 1
7515 6.85663e-16 4.67208e-17 1
7516.47 7.1177e-16 4.67208e-17 1
7517.94 6.95912e-16 4.67208e-17 1
7519.41 6.53033e-16 4.67208e-17 1
7520.88 7.04742e-16 4.67208e-17 1
7522.35 6.90013e-16 4.67208e-17 1
7523.81 7.6377e-16 4.67208e-17 1
7525.28 6.60234e-16 4.67208e-17 1
7526.75 6.30664e-16 4.67208e-17 1
7528.22 6.18825e-16 4.67208e-17 1
7529.69 6.51387e-16 4.67208e-17 1
7531.16 6.66036e-16 4.67208e-17 1
7532.63 6.38871e-16 4.67208e-17 1
7534.1 5.77247e-16 4.67208e-17 1
7535.57 6.03947e-16 4.67208e-17 1
7537.04 6.56888e-16 4.67208e-17 1
7538.51 6.15903e-16 4.67208e-17 1
7539.98 6.47346e-16 4.67208e-17 1
7541.45 6.4745e-16 4.67208e-17 1
7542.92 5.70741e-16 4.67208e-17 1
7544.39 5.81031e-16 4.67208e-17 1
7545.86 5.99384e-16 4.67208e-17 1
7547.33 5.88422e-16 4.67208e-17 1
7548.8 5.55496e-16 4.67208e-17 1
7550.27 5.58606e-16 4.67208e-17 1
7551.74 5.06274e-16 4.67208e-17 1
7553.21 5.53077e-16 4.67208e-17 1
7554.68 5.81987e-16 4.67208e-17 1
7556.15 5.66092e-16 4.67208e-17 1
7557.62 5.68547e-16 4.67208e-17 1
7559.09 5.59769e-16 4.67208e-17 1
7560.56 5.05208e-16 4.67208e-17 1
7562.03 5.10472e-16 4.67208e-17 1
7563.5 5.59868e-16 4.67208e-17 1
7564.97 4.89936e-16 4.67208e-17 1
7566.44 4.23112e-16 4.67208e-17 1
7567.91 5.42505e-16 4.67208e-17 1
7569.38 5.14263e-16 4.67208e-17 1
7570.85 4.99706e-16 4.67208e-17 1
7572.32 5.00482e-16 4.67208e-17 1
7573.79 4.83676e-16 4.67208e-17 1
7575.26 4.28007e-16 4.67208e-17 1
7576.73 4.44577e-16 4.67208e-17 1
7578.2 4.23868e-16 4.67208e-17 1
7579.67 4.88675e-16 4.67208e-17 1
7581.14 4.81517e-16 4.67208e-17 1
7582.61 5.14936e-16 4.67208e-17 1
7584.08 4.99938e-16 4.67208e-17 1
7585.55 4.7104e-16 4.67208e-17 1
7587.02 4.30716e-16 4.67208e-17 1
7588.49 4.38627e-16 4.67208e-17 1
7589.96 4.78112e-16 4.67208e-17 1
7591.43 4.73463e-16 4.67208e-17 1
7592.9 3.51588e-16 4.67208e-17 1
7594.37 2.94317e-16 4.67208e-17 1
7595.84 2.28072e-16 4.67208e-17 1
7597.31 2.32058e-16 4.67208e-17 1
7598.78 1.8567e-16 4.67208e-17 1
7600.25 1.25499e-16 4.67208e-17 1
7601.72 1.53236e-16 4.67208e-17 1
7603.19 1.76702e-16 4.67208e-17 1
7604.66 1.98186e-16 4.67208e-17 1
7606.13 1.13789e-16 4.67208e-17 1
7607.6 1.86624e-16 4.67208e-17 1
7609.07 1.97423e-16 4.67208e-17 1
7610.54 1.99441e-16 4.67208e-17 1
7612.01 2.16282e-16 4.67208e-17 1
