# converted by J. Guy, 2010-10-18
# from Matheson et al. 2008AJ....135.1598M
@Redshift 0.010567
@FORMAT STD
@Date 51142
@SELECTED_FOR_SNLS3_TRAINING 1
@SN sn1998es
@SURVEY CFA_LOWZ_SPEC
@Source Matheson
#WAVE : wavelength, observer frame, in A
#FLUX : erg/s/cm2/A
#ERR  : statistical uncertainty on flux
#VALID : 1=ok 0=ignore
#end
3460 5.12718e-15 6.41791e-16 1
3461.5 6.8282e-15 6.41791e-16 1
3463 6.76495e-15 6.41791e-16 1
3464.5 7.60764e-15 6.41791e-16 1
3466 8.0113e-15 6.41791e-16 1
3467.5 7.52043e-15 6.41791e-16 1
3469 9.04649e-15 6.41791e-16 1
3470.5 9.03788e-15 6.41791e-16 1
3472 8.46146e-15 6.41791e-16 1
3473.5 8.72145e-15 6.41791e-16 1
3475 8.70102e-15 6.41791e-16 1
3476.5 7.84892e-15 6.41791e-16 1
3478 7.60373e-15 6.41791e-16 1
3479.5 8.65376e-15 6.41791e-16 1
3481 8.8829e-15 6.41791e-16 1
3482.5 1.05862e-14 6.41791e-16 1
3484 1.15024e-14 6.41791e-16 1
3485.5 1.05322e-14 6.41791e-16 1
3487 9.21423e-15 6.41791e-16 1
3488.5 9.13369e-15 6.41791e-16 1
3490 8.80134e-15 6.41791e-16 1
3491.5 9.97518e-15 6.41791e-16 1
3493 1.06687e-14 6.41791e-16 1
3494.5 1.10128e-14 6.41791e-16 1
3496 1.05829e-14 6.41791e-16 1
3497.5 1.06052e-14 6.41791e-16 1
3499 9.90249e-15 6.41791e-16 1
3500.5 1.03383e-14 6.41791e-16 1
3502 9.51911e-15 6.41791e-16 1
3503.5 1.06231e-14 6.41791e-16 1
3505 9.9779e-15 6.41791e-16 1
3506.5 1.01247e-14 6.41791e-16 1
3508 9.89414e-15 6.41791e-16 1
3509.5 9.55816e-15 6.41791e-16 1
3511 9.93556e-15 6.41791e-16 1
3512.5 9.87222e-15 6.41791e-16 1
3514 8.85653e-15 6.41791e-16 1
3515.5 9.11135e-15 6.41791e-16 1
3517 9.63826e-15 6.41791e-16 1
3518.5 8.98368e-15 6.41791e-16 1
3520 9.49061e-15 6.41791e-16 1
3521.5 9.34303e-15 6.41791e-16 1
3523 9.07815e-15 6.41791e-16 1
3524.5 9.48476e-15 6.41791e-16 1
3526 9.26377e-15 6.41791e-16 1
3527.5 9.19363e-15 6.41791e-16 1
3529 9.35313e-15 6.41791e-16 1
3530.5 9.3125e-15 6.41791e-16 1
3532 9.17331e-15 6.41791e-16 1
3533.5 8.95776e-15 6.41791e-16 1
3535 9.54022e-15 6.41791e-16 1
3536.5 1.00086e-14 6.41791e-16 1
3538 9.6762e-15 6.41791e-16 1
3539.5 9.81304e-15 6.41791e-16 1
3541 1.03123e-14 6.41791e-16 1
3542.5 1.00707e-14 6.41791e-16 1
3544 9.73395e-15 6.41791e-16 1
3545.5 1.00046e-14 6.41791e-16 1
3547 9.74371e-15 6.41791e-16 1
3548.5 9.59364e-15 6.41791e-16 1
3550 1.02251e-14 6.41791e-16 1
3551.5 1.02269e-14 6.41791e-16 1
3553 9.73403e-15 6.41791e-16 1
3554.5 9.96584e-15 6.41791e-16 1
3556 9.97125e-15 6.41791e-16 1
3557.5 9.72097e-15 6.41791e-16 1
3559 9.8925e-15 6.41791e-16 1
3560.5 9.4718e-15 4.43079e-16 1
3562 9.33522e-15 4.43079e-16 1
3563.5 8.91283e-15 4.43079e-16 1
3565 8.83079e-15 4.43079e-16 1
3566.5 9.66859e-15 4.43079e-16 1
3568 1.0016e-14 4.43079e-16 1
3569.5 9.05032e-15 4.43079e-16 1
3571 1.04038e-14 4.43079e-16 1
3572.5 1.10671e-14 4.43079e-16 1
3574 1.0057e-14 4.43079e-16 1
3575.5 1.00701e-14 4.43079e-16 1
3577 9.79977e-15 4.43079e-16 1
3578.5 9.91268e-15 4.43079e-16 1
3580 9.78313e-15 4.43079e-16 1
3581.5 1.00099e-14 4.43079e-16 1
3583 9.34754e-15 4.43079e-16 1
3584.5 1.06832e-14 4.43079e-16 1
3586 1.06629e-14 4.43079e-16 1
3587.5 1.03788e-14 4.43079e-16 1
3589 9.99985e-15 4.43079e-16 1
3590.5 9.42618e-15 4.43079e-16 1
3592 9.90249e-15 4.43079e-16 1
3593.5 1.03045e-14 4.43079e-16 1
3595 1.05175e-14 4.43079e-16 1
3596.5 1.06097e-14 4.43079e-16 1
3598 1.03873e-14 4.43079e-16 1
3599.5 1.01599e-14 4.43079e-16 1
3601 9.76664e-15 4.43079e-16 1
3602.5 1.01475e-14 4.43079e-16 1
3604 1.06439e-14 4.43079e-16 1
3605.5 1.06056e-14 4.43079e-16 1
3607 1.06074e-14 4.43079e-16 1
3608.5 1.07433e-14 4.43079e-16 1
3610 1.0966e-14 4.43079e-16 1
3611.5 1.10349e-14 4.43079e-16 1
3613 1.09341e-14 4.43079e-16 1
3614.5 1.10808e-14 4.43079e-16 1
3616 1.08016e-14 4.43079e-16 1
3617.5 1.06728e-14 4.43079e-16 1
3619 1.06513e-14 4.43079e-16 1
3620.5 1.07118e-14 4.43079e-16 1
3622 1.12479e-14 4.43079e-16 1
3623.5 1.1282e-14 4.43079e-16 1
3625 1.12217e-14 4.43079e-16 1
3626.5 1.15141e-14 4.43079e-16 1
3628 1.17864e-14 4.43079e-16 1
3629.5 1.20351e-14 4.43079e-16 1
3631 1.23021e-14 4.43079e-16 1
3632.5 1.27132e-14 4.43079e-16 1
3634 1.25937e-14 4.43079e-16 1
3635.5 1.24902e-14 4.43079e-16 1
3637 1.18551e-14 4.43079e-16 1
3638.5 1.1613e-14 4.43079e-16 1
3640 1.18722e-14 4.43079e-16 1
3641.5 1.16109e-14 4.43079e-16 1
3643 1.13923e-14 4.43079e-16 1
3644.5 1.1475e-14 4.43079e-16 1
3646 1.1712e-14 4.43079e-16 1
3647.5 1.15918e-14 4.43079e-16 1
3649 1.16702e-14 4.43079e-16 1
3650.5 1.24516e-14 4.43079e-16 1
3652 1.18535e-14 4.43079e-16 1
3653.5 1.18503e-14 4.43079e-16 1
3655 1.18942e-14 4.43079e-16 1
3656.5 1.18019e-14 4.43079e-16 1
3658 1.14276e-14 4.43079e-16 1
3659.5 1.17428e-14 4.43079e-16 1
3661 1.18773e-14 3.29634e-16 1
3662.5 1.16591e-14 3.29634e-16 1
3664 1.19406e-14 3.29634e-16 1
3665.5 1.16564e-14 3.29634e-16 1
3667 1.10399e-14 3.29634e-16 1
3668.5 1.09228e-14 3.29634e-16 1
3670 1.08119e-14 3.29634e-16 1
3671.5 1.09319e-14 3.29634e-16 1
3673 1.1235e-14 3.29634e-16 1
3674.5 1.11898e-14 3.29634e-16 1
3676 1.0727e-14 3.29634e-16 1
3677.5 1.03613e-14 3.29634e-16 1
3679 1.0518e-14 3.29634e-16 1
3680.5 1.05586e-14 3.29634e-16 1
3682 1.00336e-14 3.29634e-16 1
3683.5 9.6528e-15 3.29634e-16 1
3685 9.80056e-15 3.29634e-16 1
3686.5 9.76772e-15 3.29634e-16 1
3688 9.5038e-15 3.29634e-16 1
3689.5 9.35828e-15 3.29634e-16 1
3691 9.27013e-15 3.29634e-16 1
3692.5 8.81027e-15 3.29634e-16 1
3694 8.52035e-15 3.29634e-16 1
3695.5 9.00197e-15 3.29634e-16 1
3697 9.39549e-15 3.29634e-16 1
3698.5 8.86892e-15 3.29634e-16 1
3700 8.44342e-15 3.29634e-16 1
3701.5 8.0545e-15 3.29634e-16 1
3703 8.06974e-15 3.29634e-16 1
3704.5 8.36973e-15 3.29634e-16 1
3706 8.34999e-15 3.29634e-16 1
3707.5 8.11244e-15 3.29634e-16 1
3709 7.77384e-15 3.29634e-16 1
3710.5 7.59955e-15 3.29634e-16 1
3712 7.52271e-15 3.29634e-16 1
3713.5 7.55286e-15 3.29634e-16 1
3715 7.5668e-15 3.29634e-16 1
3716.5 7.68696e-15 3.29634e-16 1
3718 7.66223e-15 3.29634e-16 1
3719.5 7.2041e-15 3.29634e-16 1
3721 7.28749e-15 3.29634e-16 1
3722.5 7.10336e-15 3.29634e-16 1
3724 6.76776e-15 3.29634e-16 1
3725.5 6.71289e-15 3.29634e-16 1
3727 6.64145e-15 3.29634e-16 1
3728.5 6.6558e-15 3.29634e-16 1
3730 6.66703e-15 3.29634e-16 1
3731.5 6.54343e-15 3.29634e-16 1
3733 6.50756e-15 3.29634e-16 1
3734.5 6.63521e-15 3.29634e-16 1
3736 6.70066e-15 3.29634e-16 1
3737.5 6.58309e-15 3.29634e-16 1
3739 6.45162e-15 3.29634e-16 1
3740.5 6.2689e-15 3.29634e-16 1
3742 6.11072e-15 3.29634e-16 1
3743.5 6.24935e-15 3.29634e-16 1
3745 6.3545e-15 3.29634e-16 1
3746.5 6.23606e-15 3.29634e-16 1
3748 6.02134e-15 3.29634e-16 1
3749.5 5.87603e-15 3.29634e-16 1
3751 5.95862e-15 3.29634e-16 1
3752.5 5.80085e-15 3.29634e-16 1
3754 5.70356e-15 3.29634e-16 1
3755.5 5.71232e-15 3.29634e-16 1
3757 5.74034e-15 3.29634e-16 1
3758.5 5.76054e-15 3.29634e-16 1
3760 5.6296e-15 3.55674e-16 1
3761.5 5.66736e-15 3.55674e-16 1
3763 5.6697e-15 3.55674e-16 1
3764.5 5.55307e-15 3.55674e-16 1
3766 5.59332e-15 3.55674e-16 1
3767.5 5.78003e-15 3.55674e-16 1
3769 6.17723e-15 3.55674e-16 1
3770.5 6.03499e-15 3.55674e-16 1
3772 5.91405e-15 3.55674e-16 1
3773.5 5.79664e-15 3.55674e-16 1
3775 5.77481e-15 3.55674e-16 1
3776.5 6.15958e-15 3.55674e-16 1
3778 6.3631e-15 3.55674e-16 1
3779.5 6.10757e-15 3.55674e-16 1
3781 6.19632e-15 3.55674e-16 1
3782.5 6.61964e-15 3.55674e-16 1
3784 6.60221e-15 3.55674e-16 1
3785.5 6.50833e-15 3.55674e-16 1
3787 6.73673e-15 3.55674e-16 1
3788.5 6.95629e-15 3.55674e-16 1
3790 6.74772e-15 3.55674e-16 1
3791.5 6.74693e-15 3.55674e-16 1
3793 6.9369e-15 3.55674e-16 1
3794.5 7.23657e-15 3.55674e-16 1
3796 7.25603e-15 3.55674e-16 1
3797.5 7.24541e-15 3.55674e-16 1
3799 7.49959e-15 3.55674e-16 1
3800.5 7.53731e-15 3.55674e-16 1
3802 7.51947e-15 3.55674e-16 1
3803.5 7.47988e-15 3.55674e-16 1
3805 7.61566e-15 3.55674e-16 1
3806.5 7.68573e-15 3.55674e-16 1
3808 7.54417e-15 3.55674e-16 1
3809.5 7.63194e-15 3.55674e-16 1
3811 7.9255e-15 3.55674e-16 1
3812.5 7.7685e-15 3.55674e-16 1
3814 7.62756e-15 3.55674e-16 1
3815.5 7.68288e-15 3.55674e-16 1
3817 7.54762e-15 3.55674e-16 1
3818.5 7.397e-15 3.55674e-16 1
3820 7.42642e-15 3.55674e-16 1
3821.5 7.39674e-15 3.55674e-16 1
3823 7.29293e-15 3.55674e-16 1
3824.5 7.19799e-15 3.55674e-16 1
3826 7.2571e-15 3.55674e-16 1
3827.5 7.15489e-15 3.55674e-16 1
3829 7.06263e-15 3.55674e-16 1
3830.5 7.03778e-15 3.55674e-16 1
3832 7.03911e-15 3.55674e-16 1
3833.5 7.06575e-15 3.55674e-16 1
3835 7.13075e-15 3.55674e-16 1
3836.5 7.17997e-15 3.55674e-16 1
3838 7.23157e-15 3.55674e-16 1
3839.5 7.20509e-15 3.55674e-16 1
3841 6.90159e-15 3.55674e-16 1
3842.5 7.02035e-15 3.55674e-16 1
3844 7.22198e-15 3.55674e-16 1
3845.5 7.01211e-15 3.55674e-16 1
3847 7.09656e-15 3.55674e-16 1
3848.5 7.22928e-15 3.55674e-16 1
3850 6.9564e-15 3.55674e-16 1
3851.5 7.34335e-15 3.55674e-16 1
3853 7.3003e-15 3.55674e-16 1
3854.5 6.95653e-15 3.55674e-16 1
3856 6.77208e-15 3.55674e-16 1
3857.5 6.92647e-15 3.55674e-16 1
3859 7.16067e-15 3.55674e-16 1
3860.5 7.07855e-15 4.00272e-16 1
3862 7.14381e-15 4.00272e-16 1
3863.5 7.43503e-15 4.00272e-16 1
3865 7.16676e-15 4.00272e-16 1
3866.5 6.88868e-15 4.00272e-16 1
3868 6.85871e-15 4.00272e-16 1
3869.5 6.97838e-15 4.00272e-16 1
3871 7.065e-15 4.00272e-16 1
3872.5 7.09737e-15 4.00272e-16 1
3874 7.23427e-15 4.00272e-16 1
3875.5 7.31105e-15 4.00272e-16 1
3877 7.38788e-15 4.00272e-16 1
3878.5 7.2416e-15 4.00272e-16 1
3880 7.36963e-15 4.00272e-16 1
3881.5 7.73322e-15 4.00272e-16 1
3883 7.85994e-15 4.00272e-16 1
3884.5 7.94142e-15 4.00272e-16 1
3886 8.04558e-15 4.00272e-16 1
3887.5 8.25867e-15 4.00272e-16 1
3889 8.50466e-15 4.00272e-16 1
3890.5 8.47429e-15 4.00272e-16 1
3892 8.51196e-15 4.00272e-16 1
3893.5 8.66033e-15 4.00272e-16 1
3895 8.88426e-15 4.00272e-16 1
3896.5 9.0679e-15 4.00272e-16 1
3898 9.23235e-15 4.00272e-16 1
3899.5 9.3288e-15 4.00272e-16 1
3901 9.38036e-15 4.00272e-16 1
3902.5 9.62743e-15 4.00272e-16 1
3904 9.77608e-15 4.00272e-16 1
3905.5 9.67646e-15 4.00272e-16 1
3907 9.65238e-15 4.00272e-16 1
3908.5 9.76914e-15 4.00272e-16 1
3910 9.75532e-15 4.00272e-16 1
3911.5 9.81867e-15 4.00272e-16 1
3913 9.87202e-15 4.00272e-16 1
3914.5 9.97141e-15 4.00272e-16 1
3916 1.02502e-14 4.00272e-16 1
3917.5 1.03769e-14 4.00272e-16 1
3919 1.00331e-14 4.00272e-16 1
3920.5 9.92359e-15 4.00272e-16 1
3922 1.0055e-14 4.00272e-16 1
3923.5 1.0168e-14 4.00272e-16 1
3925 1.0375e-14 4.00272e-16 1
3926.5 1.0331e-14 4.00272e-16 1
3928 1.03436e-14 4.00272e-16 1
3929.5 1.02385e-14 4.00272e-16 1
3931 1.02006e-14 4.00272e-16 1
3932.5 1.0118e-14 4.00272e-16 1
3934 9.73471e-15 4.00272e-16 1
3935.5 9.91017e-15 4.00272e-16 1
3937 1.02281e-14 4.00272e-16 1
3938.5 1.01807e-14 4.00272e-16 1
3940 1.04755e-14 4.00272e-16 1
3941.5 1.04487e-14 4.00272e-16 1
3943 1.02972e-14 4.00272e-16 1
3944.5 1.002e-14 4.00272e-16 1
3946 1.02128e-14 4.00272e-16 1
3947.5 1.04341e-14 4.00272e-16 1
3949 1.06254e-14 4.00272e-16 1
3950.5 1.0629e-14 4.00272e-16 1
3952 1.04604e-14 4.00272e-16 1
3953.5 1.03592e-14 4.00272e-16 1
3955 1.0502e-14 4.00272e-16 1
3956.5 1.0726e-14 4.00272e-16 1
3958 1.06572e-14 4.00272e-16 1
3959.5 1.08434e-14 4.00272e-16 1
3961 1.09868e-14 4.16201e-16 1
3962.5 1.08539e-14 4.16201e-16 1
3964 1.08533e-14 4.16201e-16 1
3965.5 1.08622e-14 4.16201e-16 1
3967 1.0691e-14 4.16201e-16 1
3968.5 1.06801e-14 4.16201e-16 1
3970 1.08964e-14 4.16201e-16 1
3971.5 1.10834e-14 4.16201e-16 1
3973 1.04579e-14 4.16201e-16 1
3974.5 9.94531e-15 4.16201e-16 1
3976 1.00325e-14 4.16201e-16 1
3977.5 1.03762e-14 4.16201e-16 1
3979 1.1032e-14 4.16201e-16 1
3980.5 1.15798e-14 4.16201e-16 1
3982 1.16922e-14 4.16201e-16 1
3983.5 1.18318e-14 4.16201e-16 1
3985 1.20234e-14 4.16201e-16 1
3986.5 1.17183e-14 4.16201e-16 1
3988 1.1642e-14 4.16201e-16 1
3989.5 1.19916e-14 4.16201e-16 1
3991 1.17514e-14 4.16201e-16 1
3992.5 1.1936e-14 4.16201e-16 1
3994 1.1978e-14 4.16201e-16 1
3995.5 1.16596e-14 4.16201e-16 1
3997 1.18743e-14 4.16201e-16 1
3998.5 1.18527e-14 4.16201e-16 1
4000 1.16462e-14 4.16201e-16 1
4001.5 1.17963e-14 4.16201e-16 1
4003 1.19285e-14 4.16201e-16 1
4004.5 1.1722e-14 4.16201e-16 1
4006 1.14107e-14 4.16201e-16 1
4007.5 1.09399e-14 4.16201e-16 1
4009 1.06433e-14 4.16201e-16 1
4010.5 1.0515e-14 4.16201e-16 1
4012 1.04937e-14 4.16201e-16 1
4013.5 1.05874e-14 4.16201e-16 1
4015 1.09943e-14 4.16201e-16 1
4016.5 1.12868e-14 4.16201e-16 1
4018 1.13146e-14 4.16201e-16 1
4019.5 1.12872e-14 4.16201e-16 1
4021 1.12062e-14 4.16201e-16 1
4022.5 1.10587e-14 4.16201e-16 1
4024 1.10895e-14 4.16201e-16 1
4025.5 1.11738e-14 4.16201e-16 1
4027 1.10969e-14 4.16201e-16 1
4028.5 1.08147e-14 4.16201e-16 1
4030 1.06242e-14 4.16201e-16 1
4031.5 1.0686e-14 4.16201e-16 1
4033 1.06489e-14 4.16201e-16 1
4034.5 1.05343e-14 4.16201e-16 1
4036 1.06937e-14 4.16201e-16 1
4037.5 1.09285e-14 4.16201e-16 1
4039 1.09415e-14 4.16201e-16 1
4040.5 1.08732e-14 4.16201e-16 1
4042 1.09233e-14 4.16201e-16 1
4043.5 1.09476e-14 4.16201e-16 1
4045 1.1003e-14 4.16201e-16 1
4046.5 1.10932e-14 4.16201e-16 1
4048 1.11386e-14 4.16201e-16 1
4049.5 1.11969e-14 4.16201e-16 1
4051 1.08878e-14 4.16201e-16 1
4052.5 1.081e-14 4.16201e-16 1
4054 1.11519e-14 4.16201e-16 1
4055.5 1.11457e-14 4.16201e-16 1
4057 1.11397e-14 4.16201e-16 1
4058.5 1.10944e-14 4.16201e-16 1
4060 1.12936e-14 1.78214e-16 1
4061.5 1.12051e-14 1.78214e-16 1
4063 1.13754e-14 1.78214e-16 1
4064.5 1.1462e-14 1.78214e-16 1
4066 1.1416e-14 1.78214e-16 1
4067.5 1.16145e-14 1.78214e-16 1
4069 1.1694e-14 1.78214e-16 1
4070.5 1.17053e-14 1.78214e-16 1
4072 1.16818e-14 1.78214e-16 1
4073.5 1.16584e-14 1.78214e-16 1
4075 1.19795e-14 1.78214e-16 1
4076.5 1.1998e-14 1.78214e-16 1
4078 1.20552e-14 1.78214e-16 1
4079.5 1.20508e-14 1.78214e-16 1
4081 1.18767e-14 1.78214e-16 1
4082.5 1.18392e-14 1.78214e-16 1
4084 1.17817e-14 1.78214e-16 1
4085.5 1.20492e-14 1.78214e-16 1
4087 1.21447e-14 1.78214e-16 1
4088.5 1.21689e-14 1.78214e-16 1
4090 1.21298e-14 1.78214e-16 1
4091.5 1.22284e-14 1.78214e-16 1
4093 1.23479e-14 1.78214e-16 1
4094.5 1.22688e-14 1.78214e-16 1
4096 1.23931e-14 1.78214e-16 1
4097.5 1.25294e-14 1.78214e-16 1
4099 1.23692e-14 1.78214e-16 1
4100.5 1.23205e-14 1.78214e-16 1
4102 1.24297e-14 1.78214e-16 1
4103.5 1.24676e-14 1.78214e-16 1
4105 1.25993e-14 1.78214e-16 1
4106.5 1.27121e-14 1.78214e-16 1
4108 1.26964e-14 1.78214e-16 1
4109.5 1.25201e-14 1.78214e-16 1
4111 1.26387e-14 1.78214e-16 1
4112.5 1.27747e-14 1.78214e-16 1
4114 1.2554e-14 1.78214e-16 1
4115.5 1.26076e-14 1.78214e-16 1
4117 1.25511e-14 1.78214e-16 1
4118.5 1.23818e-14 1.78214e-16 1
4120 1.21297e-14 1.78214e-16 1
4121.5 1.23532e-14 1.78214e-16 1
4123 1.22541e-14 1.78214e-16 1
4124.5 1.22742e-14 1.78214e-16 1
4126 1.22785e-14 1.78214e-16 1
4127.5 1.21593e-14 1.78214e-16 1
4129 1.20806e-14 1.78214e-16 1
4130.5 1.2102e-14 1.78214e-16 1
4132 1.23014e-14 1.78214e-16 1
4133.5 1.20218e-14 1.78214e-16 1
4135 1.2116e-14 1.78214e-16 1
4136.5 1.20672e-14 1.78214e-16 1
4138 1.20434e-14 1.78214e-16 1
4139.5 1.1714e-14 1.78214e-16 1
4141 1.1924e-14 1.78214e-16 1
4142.5 1.19312e-14 1.78214e-16 1
4144 1.16533e-14 1.78214e-16 1
4145.5 1.17232e-14 1.78214e-16 1
4147 1.2018e-14 1.78214e-16 1
4148.5 1.18086e-14 1.78214e-16 1
4150 1.16164e-14 1.78214e-16 1
4151.5 1.14415e-14 1.78214e-16 1
4153 1.13221e-14 1.78214e-16 1
4154.5 1.12299e-14 1.78214e-16 1
4156 1.12794e-14 1.78214e-16 1
4157.5 1.13047e-14 1.78214e-16 1
4159 1.12087e-14 1.78214e-16 1
4160.5 1.11271e-14 1.67038e-16 1
4162 1.09894e-14 1.67038e-16 1
4163.5 1.10647e-14 1.67038e-16 1
4165 1.11003e-14 1.67038e-16 1
4166.5 1.08851e-14 1.67038e-16 1
4168 1.07365e-14 1.67038e-16 1
4169.5 1.0735e-14 1.67038e-16 1
4171 1.08695e-14 1.67038e-16 1
4172.5 1.08221e-14 1.67038e-16 1
4174 1.07197e-14 1.67038e-16 1
4175.5 1.07355e-14 1.67038e-16 1
4177 1.08478e-14 1.67038e-16 1
4178.5 1.09102e-14 1.67038e-16 1
4180 1.07507e-14 1.67038e-16 1
4181.5 1.05869e-14 1.67038e-16 1
4183 1.06661e-14 1.67038e-16 1
4184.5 1.06996e-14 1.67038e-16 1
4186 1.07347e-14 1.67038e-16 1
4187.5 1.08057e-14 1.67038e-16 1
4189 1.07426e-14 1.67038e-16 1
4190.5 1.07176e-14 1.67038e-16 1
4192 1.06804e-14 1.67038e-16 1
4193.5 1.06394e-14 1.67038e-16 1
4195 1.06619e-14 1.67038e-16 1
4196.5 1.05805e-14 1.67038e-16 1
4198 1.06135e-14 1.67038e-16 1
4199.5 1.07439e-14 1.67038e-16 1
4201 1.07508e-14 1.67038e-16 1
4202.5 1.07303e-14 1.67038e-16 1
4204 1.06451e-14 1.67038e-16 1
4205.5 1.05783e-14 1.67038e-16 1
4207 1.08044e-14 1.67038e-16 1
4208.5 1.0796e-14 1.67038e-16 1
4210 1.07043e-14 1.67038e-16 1
4211.5 1.06156e-14 1.67038e-16 1
4213 1.06745e-14 1.67038e-16 1
4214.5 1.06109e-14 1.67038e-16 1
4216 1.03933e-14 1.67038e-16 1
4217.5 1.0455e-14 1.67038e-16 1
4219 1.04041e-14 1.67038e-16 1
4220.5 1.04432e-14 1.67038e-16 1
4222 1.04229e-14 1.67038e-16 1
4223.5 1.0268e-14 1.67038e-16 1
4225 1.02522e-14 1.67038e-16 1
4226.5 1.00907e-14 1.67038e-16 1
4228 9.96692e-15 1.67038e-16 1
4229.5 9.96123e-15 1.67038e-16 1
4231 1.0047e-14 1.67038e-16 1
4232.5 9.91858e-15 1.67038e-16 1
4234 9.77007e-15 1.67038e-16 1
4235.5 9.74082e-15 1.67038e-16 1
4237 9.54326e-15 1.67038e-16 1
4238.5 9.45261e-15 1.67038e-16 1
4240 9.30751e-15 1.67038e-16 1
4241.5 9.29604e-15 1.67038e-16 1
4243 9.34485e-15 1.67038e-16 1
4244.5 9.24907e-15 1.67038e-16 1
4246 9.07807e-15 1.67038e-16 1
4247.5 9.00213e-15 1.67038e-16 1
4249 9.20242e-15 1.67038e-16 1
4250.5 9.15493e-15 1.67038e-16 1
4252 8.95565e-15 1.67038e-16 1
4253.5 8.85034e-15 1.67038e-16 1
4255 8.69209e-15 1.67038e-16 1
4256.5 8.51675e-15 1.67038e-16 1
4258 8.38142e-15 1.67038e-16 1
4259.5 8.35312e-15 1.67038e-16 1
4261 8.43718e-15 9.80588e-17 1
4262.5 8.38298e-15 9.80588e-17 1
4264 8.47308e-15 9.80588e-17 1
4265.5 8.41405e-15 9.80588e-17 1
4267 8.07958e-15 9.80588e-17 1
4268.5 8.0372e-15 9.80588e-17 1
4270 7.93919e-15 9.80588e-17 1
4271.5 7.96443e-15 9.80588e-17 1
4273 8.01615e-15 9.80588e-17 1
4274.5 7.96791e-15 9.80588e-17 1
4276 7.53096e-15 9.80588e-17 1
4277.5 7.60885e-15 9.80588e-17 1
4279 7.66778e-15 9.80588e-17 1
4280.5 7.54451e-15 9.80588e-17 1
4282 7.47446e-15 9.80588e-17 1
4283.5 7.49309e-15 9.80588e-17 1
4285 7.38536e-15 9.80588e-17 1
4286.5 7.27294e-15 9.80588e-17 1
4288 7.41299e-15 9.80588e-17 1
4289.5 7.33785e-15 9.80588e-17 1
4291 7.0816e-15 9.80588e-17 1
4292.5 7.04032e-15 9.80588e-17 1
4294 7.16316e-15 9.80588e-17 1
4295.5 7.14819e-15 9.80588e-17 1
4297 6.98618e-15 9.80588e-17 1
4298.5 6.8834e-15 9.80588e-17 1
4300 6.86677e-15 9.80588e-17 1
4301.5 6.80055e-15 9.80588e-17 1
4303 6.73951e-15 9.80588e-17 1
4304.5 6.69392e-15 9.80588e-17 1
4306 6.57606e-15 9.80588e-17 1
4307.5 6.5461e-15 9.80588e-17 1
4309 6.56179e-15 9.80588e-17 1
4310.5 6.45605e-15 9.80588e-17 1
4312 6.40662e-15 9.80588e-17 1
4313.5 6.42159e-15 9.80588e-17 1
4315 6.42649e-15 9.80588e-17 1
4316.5 6.35928e-15 9.80588e-17 1
4318 6.2606e-15 9.80588e-17 1
4319.5 6.19565e-15 9.80588e-17 1
4321 6.1097e-15 9.80588e-17 1
4322.5 6.10094e-15 9.80588e-17 1
4324 6.16754e-15 9.80588e-17 1
4325.5 6.16407e-15 9.80588e-17 1
4327 6.15417e-15 9.80588e-17 1
4328.5 6.25018e-15 9.80588e-17 1
4330 6.14964e-15 9.80588e-17 1
4331.5 6.14491e-15 9.80588e-17 1
4333 6.20782e-15 9.80588e-17 1
4334.5 6.24231e-15 9.80588e-17 1
4336 6.10897e-15 9.80588e-17 1
4337.5 6.16543e-15 9.80588e-17 1
4339 6.15495e-15 9.80588e-17 1
4340.5 6.23828e-15 9.80588e-17 1
4342 6.06125e-15 9.80588e-17 1
4343.5 6.11972e-15 9.80588e-17 1
4345 6.07268e-15 9.80588e-17 1
4346.5 6.20787e-15 9.80588e-17 1
4348 6.1744e-15 9.80588e-17 1
4349.5 6.23993e-15 9.80588e-17 1
4351 6.34606e-15 9.80588e-17 1
4352.5 6.22201e-15 9.80588e-17 1
4354 6.28881e-15 9.80588e-17 1
4355.5 6.35302e-15 9.80588e-17 1
4357 6.47506e-15 9.80588e-17 1
4358.5 6.75221e-15 9.80588e-17 1
4360 6.77407e-15 2.58416e-16 1
4361.5 6.84489e-15 2.58416e-16 1
4363 6.80556e-15 2.58416e-16 1
4364.5 6.77941e-15 2.58416e-16 1
4366 6.8962e-15 2.58416e-16 1
4367.5 6.98824e-15 2.58416e-16 1
4369 7.03581e-15 2.58416e-16 1
4370.5 7.03457e-15 2.58416e-16 1
4372 7.09072e-15 2.58416e-16 1
4373.5 7.0599e-15 2.58416e-16 1
4375 6.97803e-15 2.58416e-16 1
4376.5 7.03534e-15 2.58416e-16 1
4378 7.02827e-15 2.58416e-16 1
4379.5 7.11635e-15 2.58416e-16 1
4381 7.11933e-15 2.58416e-16 1
4382.5 7.11345e-15 2.58416e-16 1
4384 7.31075e-15 2.58416e-16 1
4385.5 7.55644e-15 2.58416e-16 1
4387 7.5975e-15 2.58416e-16 1
4388.5 7.5458e-15 2.58416e-16 1
4390 7.53054e-15 2.58416e-16 1
4391.5 7.56741e-15 2.58416e-16 1
4393 7.53822e-15 2.58416e-16 1
4394.5 7.59234e-15 2.58416e-16 1
4396 7.84403e-15 2.58416e-16 1
4397.5 7.86409e-15 2.58416e-16 1
4399 7.78359e-15 2.58416e-16 1
4400.5 7.80199e-15 2.58416e-16 1
4402 8.00521e-15 2.58416e-16 1
4403.5 8.14436e-15 2.58416e-16 1
4405 8.07741e-15 2.58416e-16 1
4406.5 8.16372e-15 2.58416e-16 1
4408 8.277e-15 2.58416e-16 1
4409.5 8.40917e-15 2.58416e-16 1
4411 8.48525e-15 2.58416e-16 1
4412.5 8.33372e-15 2.58416e-16 1
4414 8.51099e-15 2.58416e-16 1
4415.5 8.53403e-15 2.58416e-16 1
4417 8.38662e-15 2.58416e-16 1
4418.5 8.56067e-15 2.58416e-16 1
4420 8.80824e-15 2.58416e-16 1
4421.5 8.91273e-15 2.58416e-16 1
4423 8.73851e-15 2.58416e-16 1
4424.5 8.78747e-15 2.58416e-16 1
4426 8.85177e-15 2.58416e-16 1
4427.5 8.67629e-15 2.58416e-16 1
4429 8.71698e-15 2.58416e-16 1
4430.5 8.82289e-15 2.58416e-16 1
4432 8.96827e-15 2.58416e-16 1
4433.5 8.93382e-15 2.58416e-16 1
4435 8.83841e-15 2.58416e-16 1
4436.5 8.78987e-15 2.58416e-16 1
4438 8.64552e-15 2.58416e-16 1
4439.5 8.52452e-15 2.58416e-16 1
4441 8.57963e-15 2.58416e-16 1
4442.5 8.54884e-15 2.58416e-16 1
4444 8.32463e-15 2.58416e-16 1
4445.5 8.28909e-15 2.58416e-16 1
4447 8.34404e-15 2.58416e-16 1
4448.5 8.34568e-15 2.58416e-16 1
4450 8.25771e-15 2.58416e-16 1
4451.5 8.15241e-15 2.58416e-16 1
4453 8.22286e-15 2.58416e-16 1
4454.5 8.2312e-15 2.58416e-16 1
4456 8.06845e-15 2.58416e-16 1
4457.5 8.0515e-15 2.58416e-16 1
4459 8.06699e-15 2.58416e-16 1
4460.5 7.93672e-15 1.76144e-16 1
4462 7.88668e-15 1.76144e-16 1
4463.5 7.92638e-15 1.76144e-16 1
4465 7.86706e-15 1.76144e-16 1
4466.5 7.77582e-15 1.76144e-16 1
4468 7.7435e-15 1.76144e-16 1
4469.5 7.70296e-15 1.76144e-16 1
4471 7.7222e-15 1.76144e-16 1
4472.5 7.70531e-15 1.76144e-16 1
4474 7.73516e-15 1.76144e-16 1
4475.5 7.7863e-15 1.76144e-16 1
4477 7.6777e-15 1.76144e-16 1
4478.5 7.69261e-15 1.76144e-16 1
4480 7.80159e-15 1.76144e-16 1
4481.5 7.93232e-15 1.76144e-16 1
4483 8.02974e-15 1.76144e-16 1
4484.5 7.99085e-15 1.76144e-16 1
4486 8.07656e-15 1.76144e-16 1
4487.5 8.1781e-15 1.76144e-16 1
4489 8.32337e-15 1.76144e-16 1
4490.5 8.38164e-15 1.76144e-16 1
4492 8.21909e-15 1.76144e-16 1
4493.5 8.27462e-15 1.76144e-16 1
4495 8.45703e-15 1.76144e-16 1
4496.5 8.5122e-15 1.76144e-16 1
4498 8.54935e-15 1.76144e-16 1
4499.5 8.54004e-15 1.76144e-16 1
4501 8.68679e-15 1.76144e-16 1
4502.5 8.7688e-15 1.76144e-16 1
4504 8.68144e-15 1.76144e-16 1
4505.5 8.92955e-15 1.76144e-16 1
4507 9.0276e-15 1.76144e-16 1
4508.5 8.91814e-15 1.76144e-16 1
4510 9.09138e-15 1.76144e-16 1
4511.5 9.20702e-15 1.76144e-16 1
4513 9.26173e-15 1.76144e-16 1
4514.5 9.28764e-15 1.76144e-16 1
4516 9.17427e-15 1.76144e-16 1
4517.5 9.07569e-15 1.76144e-16 1
4519 9.16303e-15 1.76144e-16 1
4520.5 9.316e-15 1.76144e-16 1
4522 9.40767e-15 1.76144e-16 1
4523.5 9.35781e-15 1.76144e-16 1
4525 9.37505e-15 1.76144e-16 1
4526.5 9.27724e-15 1.76144e-16 1
4528 9.24556e-15 1.76144e-16 1
4529.5 9.27853e-15 1.76144e-16 1
4531 9.23611e-15 1.76144e-16 1
4532.5 9.22811e-15 1.76144e-16 1
4534 9.19115e-15 1.76144e-16 1
4535.5 9.21397e-15 1.76144e-16 1
4537 9.3182e-15 1.76144e-16 1
4538.5 9.27813e-15 1.76144e-16 1
4540 9.12442e-15 1.76144e-16 1
4541.5 9.19119e-15 1.76144e-16 1
4543 9.26958e-15 1.76144e-16 1
4544.5 9.23683e-15 1.76144e-16 1
4546 9.26446e-15 1.76144e-16 1
4547.5 9.33001e-15 1.76144e-16 1
4549 9.37525e-15 1.76144e-16 1
4550.5 9.37095e-15 1.76144e-16 1
4552 9.26624e-15 1.76144e-16 1
4553.5 9.29207e-15 1.76144e-16 1
4555 9.3855e-15 1.76144e-16 1
4556.5 9.38031e-15 1.76144e-16 1
4558 9.30086e-15 1.76144e-16 1
4559.5 9.46536e-15 1.76144e-16 1
4561 9.38017e-15 1.36289e-16 1
4562.5 9.44335e-15 1.36289e-16 1
4564 9.29162e-15 1.36289e-16 1
4565.5 9.18137e-15 1.36289e-16 1
4567 9.1955e-15 1.36289e-16 1
4568.5 9.23534e-15 1.36289e-16 1
4570 9.13097e-15 1.36289e-16 1
4571.5 9.06197e-15 1.36289e-16 1
4573 9.07172e-15 1.36289e-16 1
4574.5 9.12174e-15 1.36289e-16 1
4576 9.03835e-15 1.36289e-16 1
4577.5 8.96309e-15 1.36289e-16 1
4579 8.92674e-15 1.36289e-16 1
4580.5 8.97009e-15 1.36289e-16 1
4582 9.11545e-15 1.36289e-16 1
4583.5 8.95674e-15 1.36289e-16 1
4585 8.86619e-15 1.36289e-16 1
4586.5 8.92694e-15 1.36289e-16 1
4588 8.94431e-15 1.36289e-16 1
4589.5 9.03059e-15 1.36289e-16 1
4591 9.04688e-15 1.36289e-16 1
4592.5 8.84692e-15 1.36289e-16 1
4594 8.71602e-15 1.36289e-16 1
4595.5 8.6658e-15 1.36289e-16 1
4597 8.70799e-15 1.36289e-16 1
4598.5 8.7034e-15 1.36289e-16 1
4600 8.69607e-15 1.36289e-16 1
4601.5 8.8233e-15 1.36289e-16 1
4603 8.84869e-15 1.36289e-16 1
4604.5 8.76756e-15 1.36289e-16 1
4606 8.72874e-15 1.36289e-16 1
4607.5 8.80306e-15 1.36289e-16 1
4609 8.78943e-15 1.36289e-16 1
4610.5 8.75177e-15 1.36289e-16 1
4612 8.77318e-15 1.36289e-16 1
4613.5 8.86695e-15 1.36289e-16 1
4615 8.9274e-15 1.36289e-16 1
4616.5 8.87704e-15 1.36289e-16 1
4618 8.7712e-15 1.36289e-16 1
4619.5 8.81111e-15 1.36289e-16 1
4621 8.89429e-15 1.36289e-16 1
4622.5 8.83078e-15 1.36289e-16 1
4624 8.78391e-15 1.36289e-16 1
4625.5 8.74554e-15 1.36289e-16 1
4627 8.80823e-15 1.36289e-16 1
4628.5 8.70567e-15 1.36289e-16 1
4630 8.69327e-15 1.36289e-16 1
4631.5 8.68165e-15 1.36289e-16 1
4633 8.73664e-15 1.36289e-16 1
4634.5 8.83381e-15 1.36289e-16 1
4636 8.9901e-15 1.36289e-16 1
4637.5 8.82431e-15 1.36289e-16 1
4639 8.75407e-15 1.36289e-16 1
4640.5 8.74319e-15 1.36289e-16 1
4642 8.68542e-15 1.36289e-16 1
4643.5 8.71281e-15 1.36289e-16 1
4645 8.88974e-15 1.36289e-16 1
4646.5 8.80292e-15 1.36289e-16 1
4648 8.68666e-15 1.36289e-16 1
4649.5 8.56799e-15 1.36289e-16 1
4651 8.49389e-15 1.36289e-16 1
4652.5 8.50786e-15 1.36289e-16 1
4654 8.50691e-15 1.36289e-16 1
4655.5 8.58703e-15 1.36289e-16 1
4657 8.74463e-15 1.36289e-16 1
4658.5 8.76301e-15 1.36289e-16 1
4660 8.64011e-15 2.11938e-16 1
4661.5 8.48565e-15 2.11938e-16 1
4663 8.38295e-15 2.11938e-16 1
4664.5 8.46378e-15 2.11938e-16 1
4666 8.54486e-15 2.11938e-16 1
4667.5 8.56323e-15 2.11938e-16 1
4669 8.46056e-15 2.11938e-16 1
4670.5 8.41578e-15 2.11938e-16 1
4672 8.37132e-15 2.11938e-16 1
4673.5 8.24191e-15 2.11938e-16 1
4675 8.19825e-15 2.11938e-16 1
4676.5 8.19317e-15 2.11938e-16 1
4678 8.15251e-15 2.11938e-16 1
4679.5 8.05654e-15 2.11938e-16 1
4681 7.96258e-15 2.11938e-16 1
4682.5 7.91141e-15 2.11938e-16 1
4684 7.79982e-15 2.11938e-16 1
4685.5 7.74296e-15 2.11938e-16 1
4687 7.63672e-15 2.11938e-16 1
4688.5 7.54509e-15 2.11938e-16 1
4690 7.5303e-15 2.11938e-16 1
4691.5 7.46351e-15 2.11938e-16 1
4693 7.41446e-15 2.11938e-16 1
4694.5 7.29724e-15 2.11938e-16 1
4696 7.24445e-15 2.11938e-16 1
4697.5 7.16369e-15 2.11938e-16 1
4699 7.03467e-15 2.11938e-16 1
4700.5 7.10411e-15 2.11938e-16 1
4702 7.19431e-15 2.11938e-16 1
4703.5 7.10355e-15 2.11938e-16 1
4705 6.98664e-15 2.11938e-16 1
4706.5 6.9634e-15 2.11938e-16 1
4708 7.04269e-15 2.11938e-16 1
4709.5 6.95586e-15 2.11938e-16 1
4711 6.92001e-15 2.11938e-16 1
4712.5 6.73984e-15 2.11938e-16 1
4714 6.85904e-15 2.11938e-16 1
4715.5 6.817e-15 2.11938e-16 1
4717 6.79462e-15 2.11938e-16 1
4718.5 6.82663e-15 2.11938e-16 1
4720 6.79016e-15 2.11938e-16 1
4721.5 6.73139e-15 2.11938e-16 1
4723 6.77033e-15 2.11938e-16 1
4724.5 6.83219e-15 2.11938e-16 1
4726 6.78886e-15 2.11938e-16 1
4727.5 6.76428e-15 2.11938e-16 1
4729 6.74509e-15 2.11938e-16 1
4730.5 6.69242e-15 2.11938e-16 1
4732 6.6964e-15 2.11938e-16 1
4733.5 6.72351e-15 2.11938e-16 1
4735 6.82759e-15 2.11938e-16 1
4736.5 6.91243e-15 2.11938e-16 1
4738 6.88198e-15 2.11938e-16 1
4739.5 6.83908e-15 2.11938e-16 1
4741 6.8756e-15 2.11938e-16 1
4742.5 6.89774e-15 2.11938e-16 1
4744 6.91892e-15 2.11938e-16 1
4745.5 6.93888e-15 2.11938e-16 1
4747 6.83159e-15 2.11938e-16 1
4748.5 6.84225e-15 2.11938e-16 1
4750 6.82913e-15 2.11938e-16 1
4751.5 6.79708e-15 2.11938e-16 1
4753 6.85698e-15 2.11938e-16 1
4754.5 6.92663e-15 2.11938e-16 1
4756 6.99791e-15 2.11938e-16 1
4757.5 6.96621e-15 2.11938e-16 1
4759 6.92715e-15 2.11938e-16 1
4760.5 6.86939e-15 2.58307e-16 1
4762 6.78891e-15 2.58307e-16 1
4763.5 6.65726e-15 2.58307e-16 1
4765 6.6e-15 2.58307e-16 1
4766.5 6.68097e-15 2.58307e-16 1
4768 6.72058e-15 2.58307e-16 1
4769.5 6.71448e-15 2.58307e-16 1
4771 6.66472e-15 2.58307e-16 1
4772.5 6.67222e-15 2.58307e-16 1
4774 6.52883e-15 2.58307e-16 1
4775.5 6.43312e-15 2.58307e-16 1
4777 6.54287e-15 2.58307e-16 1
4778.5 6.44435e-15 2.58307e-16 1
4780 6.34791e-15 2.58307e-16 1
4781.5 6.39462e-15 2.58307e-16 1
4783 6.38838e-15 2.58307e-16 1
4784.5 6.26483e-15 2.58307e-16 1
4786 6.18427e-15 2.58307e-16 1
4787.5 6.21387e-15 2.58307e-16 1
4789 6.22919e-15 2.58307e-16 1
4790.5 6.16253e-15 2.58307e-16 1
4792 6.11498e-15 2.58307e-16 1
4793.5 6.06735e-15 2.58307e-16 1
4795 6.10991e-15 2.58307e-16 1
4796.5 6.11135e-15 2.58307e-16 1
4798 6.20706e-15 2.58307e-16 1
4799.5 6.18112e-15 2.58307e-16 1
4801 6.13942e-15 2.58307e-16 1
4802.5 6.12621e-15 2.58307e-16 1
4804 6.13324e-15 2.58307e-16 1
4805.5 6.23734e-15 2.58307e-16 1
4807 6.21224e-15 2.58307e-16 1
4808.5 6.17214e-15 2.58307e-16 1
4810 6.18342e-15 2.58307e-16 1
4811.5 6.25407e-15 2.58307e-16 1
4813 6.35347e-15 2.58307e-16 1
4814.5 6.36919e-15 2.58307e-16 1
4816 6.36421e-15 2.58307e-16 1
4817.5 6.43239e-15 2.58307e-16 1
4819 6.51295e-15 2.58307e-16 1
4820.5 6.4861e-15 2.58307e-16 1
4822 6.5463e-15 2.58307e-16 1
4823.5 6.6047e-15 2.58307e-16 1
4825 6.60234e-15 2.58307e-16 1
4826.5 6.56324e-15 2.58307e-16 1
4828 6.7405e-15 2.58307e-16 1
4829.5 6.76842e-15 2.58307e-16 1
4831 6.76332e-15 2.58307e-16 1
4832.5 6.67246e-15 2.58307e-16 1
4834 6.74022e-15 2.58307e-16 1
4835.5 6.75036e-15 2.58307e-16 1
4837 6.79301e-15 2.58307e-16 1
4838.5 6.79955e-15 2.58307e-16 1
4840 6.75218e-15 2.58307e-16 1
4841.5 6.76239e-15 2.58307e-16 1
4843 6.80431e-15 2.58307e-16 1
4844.5 6.81097e-15 2.58307e-16 1
4846 6.82694e-15 2.58307e-16 1
4847.5 6.6997e-15 2.58307e-16 1
4849 6.7968e-15 2.58307e-16 1
4850.5 6.82999e-15 2.58307e-16 1
4852 6.71021e-15 2.58307e-16 1
4853.5 6.69896e-15 2.58307e-16 1
4855 6.64167e-15 2.58307e-16 1
4856.5 6.56707e-15 2.58307e-16 1
4858 6.50122e-15 2.58307e-16 1
4859.5 6.51511e-15 2.58307e-16 1
4861 6.53274e-15 1.70597e-16 1
4862.5 6.56417e-15 1.70597e-16 1
4864 6.58096e-15 1.70597e-16 1
4865.5 6.50108e-15 1.70597e-16 1
4867 6.35776e-15 1.70597e-16 1
4868.5 6.35215e-15 1.70597e-16 1
4870 6.27748e-15 1.70597e-16 1
4871.5 6.20284e-15 1.70597e-16 1
4873 6.16787e-15 1.70597e-16 1
4874.5 6.13294e-15 1.70597e-16 1
4876 6.08642e-15 1.70597e-16 1
4877.5 5.99949e-15 1.70597e-16 1
4879 5.94686e-15 1.70597e-16 1
4880.5 5.88026e-15 1.70597e-16 1
4882 5.84088e-15 1.70597e-16 1
4883.5 5.84183e-15 1.70597e-16 1
4885 5.83284e-15 1.70597e-16 1
4886.5 5.79143e-15 1.70597e-16 1
4888 5.79303e-15 1.70597e-16 1
4889.5 5.70756e-15 1.70597e-16 1
4891 5.62387e-15 1.70597e-16 1
4892.5 5.48623e-15 1.70597e-16 1
4894 5.46126e-15 1.70597e-16 1
4895.5 5.47296e-15 1.70597e-16 1
4897 5.38396e-15 1.70597e-16 1
4898.5 5.39852e-15 1.70597e-16 1
4900 5.36754e-15 1.70597e-16 1
4901.5 5.33062e-15 1.70597e-16 1
4903 5.23401e-15 1.70597e-16 1
4904.5 5.30624e-15 1.70597e-16 1
4906 5.26712e-15 1.70597e-16 1
4907.5 5.14995e-15 1.70597e-16 1
4909 5.1398e-15 1.70597e-16 1
4910.5 5.13644e-15 1.70597e-16 1
4912 5.08452e-15 1.70597e-16 1
4913.5 5.19271e-15 1.70597e-16 1
4915 5.11958e-15 1.70597e-16 1
4916.5 4.97663e-15 1.70597e-16 1
4918 4.94692e-15 1.70597e-16 1
4919.5 5.12217e-15 1.70597e-16 1
4921 5.03e-15 1.70597e-16 1
4922.5 5.08173e-15 1.70597e-16 1
4924 5.04543e-15 1.70597e-16 1
4925.5 5.13444e-15 1.70597e-16 1
4927 5.04538e-15 1.70597e-16 1
4928.5 4.96967e-15 1.70597e-16 1
4930 5.129e-15 1.70597e-16 1
4931.5 5.17183e-15 1.70597e-16 1
4933 5.21017e-15 1.70597e-16 1
4934.5 5.15207e-15 1.70597e-16 1
4936 5.10457e-15 1.70597e-16 1
4937.5 5.1443e-15 1.70597e-16 1
4939 5.30425e-15 1.70597e-16 1
4940.5 5.22646e-15 1.70597e-16 1
4942 5.20001e-15 1.70597e-16 1
4943.5 5.1595e-15 1.70597e-16 1
4945 5.08069e-15 1.70597e-16 1
4946.5 5.07061e-15 1.70597e-16 1
4948 5.15863e-15 1.70597e-16 1
4949.5 5.21087e-15 1.70597e-16 1
4951 5.22606e-15 1.70597e-16 1
4952.5 5.27043e-15 1.70597e-16 1
4954 5.27173e-15 1.70597e-16 1
4955.5 5.1751e-15 1.70597e-16 1
4957 5.16382e-15 1.70597e-16 1
4958.5 5.20669e-15 1.70597e-16 1
4960 5.1692e-15 8.85073e-17 1
4961.5 5.10903e-15 8.85073e-17 1
4963 5.04003e-15 8.85073e-17 1
4964.5 5.0142e-15 8.85073e-17 1
4966 5.05781e-15 8.85073e-17 1
4967.5 5.1079e-15 8.85073e-17 1
4969 5.17172e-15 8.85073e-17 1
4970.5 5.1806e-15 8.85073e-17 1
4972 5.11505e-15 8.85073e-17 1
4973.5 5.17963e-15 8.85073e-17 1
4975 5.14437e-15 8.85073e-17 1
4976.5 5.1472e-15 8.85073e-17 1
4978 5.18901e-15 8.85073e-17 1
4979.5 5.19053e-15 8.85073e-17 1
4981 5.09815e-15 8.85073e-17 1
4982.5 5.22566e-15 8.85073e-17 1
4984 5.13259e-15 8.85073e-17 1
4985.5 5.26092e-15 8.85073e-17 1
4987 5.28295e-15 8.85073e-17 1
4988.5 5.17901e-15 8.85073e-17 1
4990 5.27015e-15 8.85073e-17 1
4991.5 5.24358e-15 8.85073e-17 1
4993 5.27499e-15 8.85073e-17 1
4994.5 5.22397e-15 8.85073e-17 1
4996 5.17215e-15 8.85073e-17 1
4997.5 5.15723e-15 8.85073e-17 1
4999 5.18363e-15 8.85073e-17 1
5000.5 5.21742e-15 8.85073e-17 1
5002 5.08853e-15 8.85073e-17 1
5003.5 5.09499e-15 8.85073e-17 1
5005 5.1741e-15 8.85073e-17 1
5006.5 5.10232e-15 8.85073e-17 1
5008 5.07327e-15 8.85073e-17 1
5009.5 4.99129e-15 8.85073e-17 1
5011 4.94648e-15 8.85073e-17 1
5012.5 4.96188e-15 8.85073e-17 1
5014 4.89842e-15 8.85073e-17 1
5015.5 4.88579e-15 8.85073e-17 1
5017 4.98423e-15 8.85073e-17 1
5018.5 5.04396e-15 8.85073e-17 1
5020 4.98777e-15 8.85073e-17 1
5021.5 4.97416e-15 8.85073e-17 1
5023 5.03878e-15 8.85073e-17 1
5024.5 4.96885e-15 8.85073e-17 1
5026 4.87257e-15 8.85073e-17 1
5027.5 4.88371e-15 8.85073e-17 1
5029 4.94681e-15 8.85073e-17 1
5030.5 4.9409e-15 8.85073e-17 1
5032 4.94671e-15 8.85073e-17 1
5033.5 4.91556e-15 8.85073e-17 1
5035 4.90455e-15 8.85073e-17 1
5036.5 4.96309e-15 8.85073e-17 1
5038 4.9825e-15 8.85073e-17 1
5039.5 4.90997e-15 8.85073e-17 1
5041 4.97634e-15 8.85073e-17 1
5042.5 5.13171e-15 8.85073e-17 1
5044 5.18241e-15 8.85073e-17 1
5045.5 5.21737e-15 8.85073e-17 1
5047 5.1875e-15 8.85073e-17 1
5048.5 5.12501e-15 8.85073e-17 1
5050 5.18831e-15 8.85073e-17 1
5051.5 5.24906e-15 8.85073e-17 1
5053 5.23279e-15 8.85073e-17 1
5054.5 5.29017e-15 8.85073e-17 1
5056 5.26803e-15 8.85073e-17 1
5057.5 5.29657e-15 8.85073e-17 1
5059 5.40164e-15 8.85073e-17 1
5060.5 5.37648e-15 1.1295e-16 1
5062 5.37643e-15 1.1295e-16 1
5063.5 5.46313e-15 1.1295e-16 1
5065 5.44541e-15 1.1295e-16 1
5066.5 5.46508e-15 1.1295e-16 1
5068 5.43979e-15 1.1295e-16 1
5069.5 5.37943e-15 1.1295e-16 1
5071 5.41959e-15 1.1295e-16 1
5072.5 5.38927e-15 1.1295e-16 1
5074 5.30032e-15 1.1295e-16 1
5075.5 5.41219e-15 1.1295e-16 1
5077 5.48815e-15 1.1295e-16 1
5078.5 5.48018e-15 1.1295e-16 1
5080 5.52871e-15 1.1295e-16 1
5081.5 5.535e-15 1.1295e-16 1
5083 5.52865e-15 1.1295e-16 1
5084.5 5.58203e-15 1.1295e-16 1
5086 5.57051e-15 1.1295e-16 1
5087.5 5.63147e-15 1.1295e-16 1
5089 5.73444e-15 1.1295e-16 1
5090.5 5.76275e-15 1.1295e-16 1
5092 5.84317e-15 1.1295e-16 1
5093.5 5.84817e-15 1.1295e-16 1
5095 5.88768e-15 1.1295e-16 1
5096.5 5.94669e-15 1.1295e-16 1
5098 5.94504e-15 1.1295e-16 1
5099.5 5.97873e-15 1.1295e-16 1
5101 6.02515e-15 1.1295e-16 1
5102.5 6.05305e-15 1.1295e-16 1
5104 6.06764e-15 1.1295e-16 1
5105.5 6.04325e-15 1.1295e-16 1
5107 6.08505e-15 1.1295e-16 1
5108.5 6.17306e-15 1.1295e-16 1
5110 6.21372e-15 1.1295e-16 1
5111.5 6.19557e-15 1.1295e-16 1
5113 6.19937e-15 1.1295e-16 1
5114.5 6.3375e-15 1.1295e-16 1
5116 6.39544e-15 1.1295e-16 1
5117.5 6.30298e-15 1.1295e-16 1
5119 6.25431e-15 1.1295e-16 1
5120.5 6.36844e-15 1.1295e-16 1
5122 6.46384e-15 1.1295e-16 1
5123.5 6.4268e-15 1.1295e-16 1
5125 6.55154e-15 1.1295e-16 1
5126.5 6.63657e-15 1.1295e-16 1
5128 6.56495e-15 1.1295e-16 1
5129.5 6.70423e-15 1.1295e-16 1
5131 6.78544e-15 1.1295e-16 1
5132.5 6.80058e-15 1.1295e-16 1
5134 6.81866e-15 1.1295e-16 1
5135.5 6.78967e-15 1.1295e-16 1
5137 6.83568e-15 1.1295e-16 1
5138.5 6.85821e-15 1.1295e-16 1
5140 6.84963e-15 1.1295e-16 1
5141.5 6.82363e-15 1.1295e-16 1
5143 6.87238e-15 1.1295e-16 1
5144.5 6.93416e-15 1.1295e-16 1
5146 6.99331e-15 1.1295e-16 1
5147.5 7.09066e-15 1.1295e-16 1
5149 7.11917e-15 1.1295e-16 1
5150.5 7.15983e-15 1.1295e-16 1
5152 7.11913e-15 1.1295e-16 1
5153.5 7.05786e-15 1.1295e-16 1
5155 7.1296e-15 1.1295e-16 1
5156.5 7.17116e-15 1.1295e-16 1
5158 7.15115e-15 1.1295e-16 1
5159.5 7.09086e-15 1.1295e-16 1
5161 7.08807e-15 1.20613e-16 1
5162.5 7.13708e-15 1.20613e-16 1
5164 7.13457e-15 1.20613e-16 1
5165.5 7.04521e-15 1.20613e-16 1
5167 7.00811e-15 1.20613e-16 1
5168.5 7.10723e-15 1.20613e-16 1
5170 7.11252e-15 1.20613e-16 1
5171.5 7.069e-15 1.20613e-16 1
5173 7.07934e-15 1.20613e-16 1
5174.5 7.08883e-15 1.20613e-16 1
5176 7.08716e-15 1.20613e-16 1
5177.5 6.98891e-15 1.20613e-16 1
5179 6.98275e-15 1.20613e-16 1
5180.5 6.98266e-15 1.20613e-16 1
5182 7.00259e-15 1.20613e-16 1
5183.5 6.95096e-15 1.20613e-16 1
5185 6.83642e-15 1.20613e-16 1
5186.5 6.91858e-15 1.20613e-16 1
5188 6.99185e-15 1.20613e-16 1
5189.5 6.90703e-15 1.20613e-16 1
5191 6.80244e-15 1.20613e-16 1
5192.5 6.88837e-15 1.20613e-16 1
5194 6.74695e-15 1.20613e-16 1
5195.5 6.75445e-15 1.20613e-16 1
5197 6.85598e-15 1.20613e-16 1
5198.5 6.77856e-15 1.20613e-16 1
5200 6.78835e-15 1.20613e-16 1
5201.5 6.79536e-15 1.20613e-16 1
5203 6.74633e-15 1.20613e-16 1
5204.5 6.74065e-15 1.20613e-16 1
5206 6.85196e-15 1.20613e-16 1
5207.5 6.73334e-15 1.20613e-16 1
5209 6.8174e-15 1.20613e-16 1
5210.5 6.80026e-15 1.20613e-16 1
5212 6.80074e-15 1.20613e-16 1
5213.5 6.81736e-15 1.20613e-16 1
5215 6.77831e-15 1.20613e-16 1
5216.5 6.73201e-15 1.20613e-16 1
5218 6.73511e-15 1.20613e-16 1
5219.5 6.69957e-15 1.20613e-16 1
5221 6.73786e-15 1.20613e-16 1
5222.5 6.83344e-15 1.20613e-16 1
5224 6.87645e-15 1.20613e-16 1
5225.5 6.83441e-15 1.20613e-16 1
5227 6.80806e-15 1.20613e-16 1
5228.5 6.8124e-15 1.20613e-16 1
5230 6.73513e-15 1.20613e-16 1
5231.5 6.75085e-15 1.20613e-16 1
5233 6.90092e-15 1.20613e-16 1
5234.5 6.91641e-15 1.20613e-16 1
5236 6.87712e-15 1.20613e-16 1
5237.5 6.7947e-15 1.20613e-16 1
5239 6.75137e-15 1.20613e-16 1
5240.5 6.71793e-15 1.20613e-16 1
5242 6.64943e-15 1.20613e-16 1
5243.5 6.69298e-15 1.20613e-16 1
5245 6.77332e-15 1.20613e-16 1
5246.5 6.77091e-15 1.20613e-16 1
5248 6.71814e-15 1.20613e-16 1
5249.5 6.73238e-15 1.20613e-16 1
5251 6.73239e-15 1.20613e-16 1
5252.5 6.75462e-15 1.20613e-16 1
5254 6.72706e-15 1.20613e-16 1
5255.5 6.72406e-15 1.20613e-16 1
5257 6.76061e-15 1.20613e-16 1
5258.5 6.66335e-15 1.20613e-16 1
5260 6.74226e-15 1.72063e-16 1
5261.5 6.61006e-15 1.72063e-16 1
5263 6.59692e-15 1.72063e-16 1
5264.5 6.6499e-15 1.72063e-16 1
5266 6.65998e-15 1.72063e-16 1
5267.5 6.66938e-15 1.72063e-16 1
5269 6.63943e-15 1.72063e-16 1
5270.5 6.55556e-15 1.72063e-16 1
5272 6.40539e-15 1.72063e-16 1
5273.5 6.53738e-15 1.72063e-16 1
5275 6.4671e-15 1.72063e-16 1
5276.5 6.28916e-15 1.72063e-16 1
5278 6.27529e-15 1.72063e-16 1
5279.5 6.27266e-15 1.72063e-16 1
5281 6.22938e-15 1.72063e-16 1
5282.5 6.147e-15 1.72063e-16 1
5284 6.11e-15 1.72063e-16 1
5285.5 6.08333e-15 1.72063e-16 1
5287 5.98601e-15 1.72063e-16 1
5288.5 5.74079e-15 1.72063e-16 1
5290 5.62736e-15 1.72063e-16 1
5291.5 5.63049e-15 1.72063e-16 1
5293 5.60663e-15 1.72063e-16 1
5294.5 5.59866e-15 1.72063e-16 1
5296 5.56193e-15 1.72063e-16 1
5297.5 5.50439e-15 1.72063e-16 1
5299 5.43052e-15 1.72063e-16 1
5300.5 5.39907e-15 1.72063e-16 1
5302 5.42825e-15 1.72063e-16 1
5303.5 5.38603e-15 1.72063e-16 1
5305 5.28622e-15 1.72063e-16 1
5306.5 5.14657e-15 1.72063e-16 1
5308 5.086e-15 1.72063e-16 1
5309.5 5.10619e-15 1.72063e-16 1
5311 5.10757e-15 1.72063e-16 1
5312.5 5.09264e-15 1.72063e-16 1
5314 5.09973e-15 1.72063e-16 1
5315.5 5.02576e-15 1.72063e-16 1
5317 4.99594e-15 1.72063e-16 1
5318.5 4.95208e-15 1.72063e-16 1
5320 4.81678e-15 1.72063e-16 1
5321.5 4.75363e-15 1.72063e-16 1
5323 4.80354e-15 1.72063e-16 1
5324.5 4.79992e-15 1.72063e-16 1
5326 4.84015e-15 1.72063e-16 1
5327.5 4.80247e-15 1.72063e-16 1
5329 4.81028e-15 1.72063e-16 1
5330.5 4.79629e-15 1.72063e-16 1
5332 4.85011e-15 1.72063e-16 1
5333.5 4.82682e-15 1.72063e-16 1
5335 4.81259e-15 1.72063e-16 1
5336.5 4.87331e-15 1.72063e-16 1
5338 4.89061e-15 1.72063e-16 1
5339.5 4.88484e-15 1.72063e-16 1
5341 4.75636e-15 1.72063e-16 1
5342.5 4.76931e-15 1.72063e-16 1
5344 4.80197e-15 1.72063e-16 1
5345.5 4.69165e-15 1.72063e-16 1
5347 4.7617e-15 1.72063e-16 1
5348.5 4.87796e-15 1.72063e-16 1
5350 4.87224e-15 1.72063e-16 1
5351.5 4.81558e-15 1.72063e-16 1
5353 4.74005e-15 1.72063e-16 1
5354.5 4.80179e-15 1.72063e-16 1
5356 4.7195e-15 1.72063e-16 1
5357.5 4.78959e-15 1.72063e-16 1
5359 4.79425e-15 1.72063e-16 1
5360.5 4.80471e-15 6.88241e-17 1
5362 4.72557e-15 6.88241e-17 1
5363.5 4.66639e-15 6.88241e-17 1
5365 4.63684e-15 6.88241e-17 1
5366.5 4.66219e-15 6.88241e-17 1
5368 4.68949e-15 6.88241e-17 1
5369.5 4.66861e-15 6.88241e-17 1
5371 4.74279e-15 6.88241e-17 1
5372.5 4.79955e-15 6.88241e-17 1
5374 4.78033e-15 6.88241e-17 1
5375.5 4.70531e-15 6.88241e-17 1
5377 4.70479e-15 6.88241e-17 1
5378.5 4.78126e-15 6.88241e-17 1
5380 4.8345e-15 6.88241e-17 1
5381.5 4.83061e-15 6.88241e-17 1
5383 4.84697e-15 6.88241e-17 1
5384.5 4.85838e-15 6.88241e-17 1
5386 4.83846e-15 6.88241e-17 1
5387.5 4.86831e-15 6.88241e-17 1
5389 4.93169e-15 6.88241e-17 1
5390.5 5.00547e-15 6.88241e-17 1
5392 5.04317e-15 6.88241e-17 1
5393.5 4.99682e-15 6.88241e-17 1
5395 4.98522e-15 6.88241e-17 1
5396.5 5.07575e-15 6.88241e-17 1
5398 5.08142e-15 6.88241e-17 1
5399.5 5.03414e-15 6.88241e-17 1
5401 5.13891e-15 6.88241e-17 1
5402.5 5.12397e-15 6.88241e-17 1
5404 5.12454e-15 6.88241e-17 1
5405.5 5.0776e-15 6.88241e-17 1
5407 5.05476e-15 6.88241e-17 1
5408.5 5.18204e-15 6.88241e-17 1
5410 5.21919e-15 6.88241e-17 1
5411.5 5.2182e-15 6.88241e-17 1
5413 5.15084e-15 6.88241e-17 1
5414.5 5.10197e-15 6.88241e-17 1
5416 5.09266e-15 6.88241e-17 1
5417.5 5.17836e-15 6.88241e-17 1
5419 5.16731e-15 6.88241e-17 1
5420.5 5.13505e-15 6.88241e-17 1
5422 5.15051e-15 6.88241e-17 1
5423.5 5.13796e-15 6.88241e-17 1
5425 5.09457e-15 6.88241e-17 1
5426.5 5.15951e-15 6.88241e-17 1
5428 5.18953e-15 6.88241e-17 1
5429.5 5.14315e-15 6.88241e-17 1
5431 5.17009e-15 6.88241e-17 1
5432.5 5.18708e-15 6.88241e-17 1
5434 5.24194e-15 6.88241e-17 1
5435.5 5.26834e-15 6.88241e-17 1
5437 5.19225e-15 6.88241e-17 1
5438.5 5.15763e-15 6.88241e-17 1
5440 5.14261e-15 6.88241e-17 1
5441.5 5.11819e-15 6.88241e-17 1
5443 5.15752e-15 6.88241e-17 1
5444.5 5.23775e-15 6.88241e-17 1
5446 5.26637e-15 6.88241e-17 1
5447.5 5.20501e-15 6.88241e-17 1
5449 5.13757e-15 6.88241e-17 1
5450.5 5.04782e-15 6.88241e-17 1
5452 5.01576e-15 6.88241e-17 1
5453.5 5.09895e-15 6.88241e-17 1
5455 5.09104e-15 6.88241e-17 1
5456.5 5.09416e-15 6.88241e-17 1
5458 5.1715e-15 6.88241e-17 1
5459.5 5.12287e-15 6.88241e-17 1
5461 5.08552e-15 1.06639e-16 1
5462.5 5.11038e-15 1.06639e-16 1
5464 5.04624e-15 1.06639e-16 1
5465.5 5.02508e-15 1.06639e-16 1
5467 5.00554e-15 1.06639e-16 1
5468.5 4.93224e-15 1.06639e-16 1
5470 4.97386e-15 1.06639e-16 1
5471.5 5.00853e-15 1.06639e-16 1
5473 4.96665e-15 1.06639e-16 1
5474.5 4.94829e-15 1.06639e-16 1
5476 4.93921e-15 1.06639e-16 1
5477.5 4.82663e-15 1.06639e-16 1
5479 4.79935e-15 1.06639e-16 1
5480.5 4.86318e-15 1.06639e-16 1
5482 4.7998e-15 1.06639e-16 1
5483.5 4.78152e-15 1.06639e-16 1
5485 4.78036e-15 1.06639e-16 1
5486.5 4.72413e-15 1.06639e-16 1
5488 4.65806e-15 1.06639e-16 1
5489.5 4.65273e-15 1.06639e-16 1
5491 4.61157e-15 1.06639e-16 1
5492.5 4.57379e-15 1.06639e-16 1
5494 4.56872e-15 1.06639e-16 1
5495.5 4.55578e-15 1.06639e-16 1
5497 4.52972e-15 1.06639e-16 1
5498.5 4.42791e-15 1.06639e-16 1
5500 4.37085e-15 1.06639e-16 1
5501.5 4.34859e-15 1.06639e-16 1
5503 4.32027e-15 1.06639e-16 1
5504.5 4.34132e-15 1.06639e-16 1
5506 4.35617e-15 1.06639e-16 1
5507.5 4.39034e-15 1.06639e-16 1
5509 4.40173e-15 1.06639e-16 1
5510.5 4.38425e-15 1.06639e-16 1
5512 4.37615e-15 1.06639e-16 1
5513.5 4.45055e-15 1.06639e-16 1
5515 4.47524e-15 1.06639e-16 1
5516.5 4.34732e-15 1.06639e-16 1
5518 4.38845e-15 1.06639e-16 1
5519.5 4.394e-15 1.06639e-16 1
5521 4.38807e-15 1.06639e-16 1
5522.5 4.50662e-15 1.06639e-16 1
5524 4.61312e-15 1.06639e-16 1
5525.5 4.58412e-15 1.06639e-16 1
5527 4.51581e-15 1.06639e-16 1
5528.5 4.53789e-15 1.06639e-16 1
5530 4.62392e-15 1.06639e-16 1
5531.5 4.62459e-15 1.06639e-16 1
5533 4.56813e-15 1.06639e-16 1
5534.5 4.57601e-15 1.06639e-16 1
5536 4.61509e-15 1.06639e-16 1
5537.5 4.68375e-15 1.06639e-16 1
5539 4.71778e-15 1.06639e-16 1
5540.5 4.74124e-15 1.06639e-16 1
5542 4.747e-15 1.06639e-16 1
5543.5 4.78797e-15 1.06639e-16 1
5545 4.80359e-15 1.06639e-16 1
5546.5 4.75731e-15 1.06639e-16 1
5548 4.8176e-15 1.06639e-16 1
5549.5 4.87628e-15 1.06639e-16 1
5551 4.84782e-15 1.06639e-16 1
5552.5 4.86747e-15 1.06639e-16 1
5554 4.91988e-15 1.06639e-16 1
5555.5 4.98625e-15 1.06639e-16 1
5557 4.99398e-15 1.06639e-16 1
5558.5 4.99559e-15 1.06639e-16 1
5560 5.0265e-15 9.72063e-17 1
5561.5 5.12863e-15 9.72063e-17 1
5563 5.05807e-15 9.72063e-17 1
5564.5 5.12075e-15 9.72063e-17 1
5566 5.16461e-15 9.72063e-17 1
5567.5 5.14596e-15 9.72063e-17 1
5569 5.15309e-15 9.72063e-17 1
5570.5 5.13302e-15 9.72063e-17 1
5572 5.2648e-15 9.72063e-17 1
5573.5 5.32261e-15 9.72063e-17 1
5575 5.24207e-15 9.72063e-17 1
5576.5 5.15694e-15 9.72063e-17 1
5578 5.25534e-15 9.72063e-17 1
5579.5 5.26974e-15 9.72063e-17 1
5581 5.35278e-15 9.72063e-17 1
5582.5 5.41209e-15 9.72063e-17 1
5584 5.35202e-15 9.72063e-17 1
5585.5 5.30721e-15 9.72063e-17 1
5587 5.35e-15 9.72063e-17 1
5588.5 5.37744e-15 9.72063e-17 1
5590 5.38753e-15 9.72063e-17 1
5591.5 5.46002e-15 9.72063e-17 1
5593 5.53005e-15 9.72063e-17 1
5594.5 5.54299e-15 9.72063e-17 1
5596 5.49118e-15 9.72063e-17 1
5597.5 5.42769e-15 9.72063e-17 1
5599 5.41393e-15 9.72063e-17 1
5600.5 5.41859e-15 9.72063e-17 1
5602 5.46524e-15 9.72063e-17 1
5603.5 5.46899e-15 9.72063e-17 1
5605 5.35831e-15 9.72063e-17 1
5606.5 5.29565e-15 9.72063e-17 1
5608 5.33951e-15 9.72063e-17 1
5609.5 5.38546e-15 9.72063e-17 1
5611 5.35163e-15 9.72063e-17 1
5612.5 5.30651e-15 9.72063e-17 1
5614 5.30528e-15 9.72063e-17 1
5615.5 5.34595e-15 9.72063e-17 1
5617 5.30952e-15 9.72063e-17 1
5618.5 5.3628e-15 9.72063e-17 1
5620 5.44088e-15 9.72063e-17 1
5621.5 5.35714e-15 9.72063e-17 1
5623 5.44205e-15 9.72063e-17 1
5624.5 5.40681e-15 9.72063e-17 1
5626 5.45041e-15 9.72063e-17 1
5627.5 5.54813e-15 9.72063e-17 1
5629 5.55372e-15 9.72063e-17 1
5630.5 5.56111e-15 9.72063e-17 1
5632 5.50178e-15 9.72063e-17 1
5633.5 5.6178e-15 9.72063e-17 1
5635 5.62375e-15 9.72063e-17 1
5636.5 5.57539e-15 9.72063e-17 1
5638 5.55056e-15 9.72063e-17 1
5639.5 5.5948e-15 9.72063e-17 1
5641 5.55012e-15 9.72063e-17 1
5642.5 5.5364e-15 9.72063e-17 1
5644 5.58187e-15 9.72063e-17 1
5645.5 5.63418e-15 9.72063e-17 1
5647 5.56264e-15 9.72063e-17 1
5648.5 5.53411e-15 9.72063e-17 1
5650 5.53551e-15 9.72063e-17 1
5651.5 5.56552e-15 9.72063e-17 1
5653 5.65823e-15 9.72063e-17 1
5654.5 5.6408e-15 9.72063e-17 1
5656 5.58119e-15 9.72063e-17 1
5657.5 5.56644e-15 9.72063e-17 1
5659 5.53335e-15 9.72063e-17 1
5660.5 5.57849e-15 5.87577e-17 1
5662 5.61308e-15 5.87577e-17 1
5663.5 5.5775e-15 5.87577e-17 1
5665 5.6217e-15 5.87577e-17 1
5666.5 5.67373e-15 5.87577e-17 1
5668 5.67426e-15 5.87577e-17 1
5669.5 5.56158e-15 5.87577e-17 1
5671 5.49634e-15 5.87577e-17 1
5672.5 5.53824e-15 5.87577e-17 1
5674 5.57638e-15 5.87577e-17 1
5675.5 5.63281e-15 5.87577e-17 1
5677 5.60454e-15 5.87577e-17 1
5678.5 5.57111e-15 5.87577e-17 1
5680 5.53399e-15 5.87577e-17 1
5681.5 5.51485e-15 5.87577e-17 1
5683 5.48891e-15 5.87577e-17 1
5684.5 5.44342e-15 5.87577e-17 1
5686 5.50012e-15 5.87577e-17 1
5687.5 5.50509e-15 5.87577e-17 1
5689 5.4845e-15 5.87577e-17 1
5690.5 5.53148e-15 5.87577e-17 1
5692 5.51285e-15 5.87577e-17 1
5693.5 5.45715e-15 5.87577e-17 1
5695 5.48228e-15 5.87577e-17 1
5696.5 5.44948e-15 5.87577e-17 1
5698 5.44118e-15 5.87577e-17 1
5699.5 5.52685e-15 5.87577e-17 1
5701 5.53337e-15 5.87577e-17 1
5702.5 5.48759e-15 5.87577e-17 1
5704 5.58177e-15 5.87577e-17 1
5705.5 5.56583e-15 5.87577e-17 1
5707 5.46489e-15 5.87577e-17 1
5708.5 5.46738e-15 5.87577e-17 1
5710 5.50815e-15 5.87577e-17 1
5711.5 5.61377e-15 5.87577e-17 1
5713 5.60695e-15 5.87577e-17 1
5714.5 5.577e-15 5.87577e-17 1
5716 5.52419e-15 5.87577e-17 1
5717.5 5.41116e-15 5.87577e-17 1
5719 5.48844e-15 5.87577e-17 1
5720.5 5.57717e-15 5.87577e-17 1
5722 5.65942e-15 5.87577e-17 1
5723.5 5.63033e-15 5.87577e-17 1
5725 5.52453e-15 5.87577e-17 1
5726.5 5.55327e-15 5.87577e-17 1
5728 5.52589e-15 5.87577e-17 1
5729.5 5.53184e-15 5.87577e-17 1
5731 5.59125e-15 5.87577e-17 1
5732.5 5.54495e-15 5.87577e-17 1
5734 5.59463e-15 5.87577e-17 1
5735.5 5.58485e-15 5.87577e-17 1
5737 5.50042e-15 5.87577e-17 1
5738.5 5.55631e-15 5.87577e-17 1
5740 5.63551e-15 5.87577e-17 1
5741.5 5.55049e-15 5.87577e-17 1
5743 5.4364e-15 5.87577e-17 1
5744.5 5.48809e-15 5.87577e-17 1
5746 5.52068e-15 5.87577e-17 1
5747.5 5.5279e-15 5.87577e-17 1
5749 5.58561e-15 5.87577e-17 1
5750.5 5.61647e-15 5.87577e-17 1
5752 5.60639e-15 5.87577e-17 1
5753.5 5.55205e-15 5.87577e-17 1
5755 5.52077e-15 5.87577e-17 1
5756.5 5.50711e-15 5.87577e-17 1
5758 5.5138e-15 5.87577e-17 1
5759.5 5.55785e-15 5.87577e-17 1
5761 5.52859e-15 6.3482e-17 1
5762.5 5.4921e-15 6.3482e-17 1
5764 5.47575e-15 6.3482e-17 1
5765.5 5.42411e-15 6.3482e-17 1
5767 5.33365e-15 6.3482e-17 1
5768.5 5.32724e-15 6.3482e-17 1
5770 5.37496e-15 6.3482e-17 1
5771.5 5.42397e-15 6.3482e-17 1
5773 5.45526e-15 6.3482e-17 1
5774.5 5.39728e-15 6.3482e-17 1
5776 5.37107e-15 6.3482e-17 1
5777.5 5.37314e-15 6.3482e-17 1
5779 5.40107e-15 6.3482e-17 1
5780.5 5.33764e-15 6.3482e-17 1
5782 5.30905e-15 6.3482e-17 1
5783.5 5.30653e-15 6.3482e-17 1
5785 5.42083e-15 6.3482e-17 1
5786.5 5.34108e-15 6.3482e-17 1
5788 5.38098e-15 6.3482e-17 1
5789.5 5.39288e-15 6.3482e-17 1
5791 5.3934e-15 6.3482e-17 1
5792.5 5.34759e-15 6.3482e-17 1
5794 5.2837e-15 6.3482e-17 1
5795.5 5.29091e-15 6.3482e-17 1
5797 5.28897e-15 6.3482e-17 1
5798.5 5.31142e-15 6.3482e-17 1
5800 5.28462e-15 6.3482e-17 1
5801.5 5.16667e-15 6.3482e-17 1
5803 5.14781e-15 6.3482e-17 1
5804.5 5.25519e-15 6.3482e-17 1
5806 5.24701e-15 6.3482e-17 1
5807.5 5.19361e-15 6.3482e-17 1
5809 5.17925e-15 6.3482e-17 1
5810.5 5.19315e-15 6.3482e-17 1
5812 5.18301e-15 6.3482e-17 1
5813.5 5.11926e-15 6.3482e-17 1
5815 5.16722e-15 6.3482e-17 1
5816.5 5.19374e-15 6.3482e-17 1
5818 5.14692e-15 6.3482e-17 1
5819.5 5.18287e-15 6.3482e-17 1
5821 5.15232e-15 6.3482e-17 1
5822.5 5.18789e-15 6.3482e-17 1
5824 5.10199e-15 6.3482e-17 1
5825.5 4.95366e-15 6.3482e-17 1
5827 5.05864e-15 6.3482e-17 1
5828.5 5.03496e-15 6.3482e-17 1
5830 5.01821e-15 6.3482e-17 1
5831.5 5.07348e-15 6.3482e-17 1
5833 5.1341e-15 6.3482e-17 1
5834.5 5.20495e-15 6.3482e-17 1
5836 5.23551e-15 6.3482e-17 1
5837.5 5.10874e-15 6.3482e-17 1
5839 5.03679e-15 6.3482e-17 1
5840.5 5.05567e-15 6.3482e-17 1
5842 5.13026e-15 6.3482e-17 1
5843.5 5.2462e-15 6.3482e-17 1
5845 5.15049e-15 6.3482e-17 1
5846.5 5.13785e-15 6.3482e-17 1
5848 5.14966e-15 6.3482e-17 1
5849.5 5.16148e-15 6.3482e-17 1
5851 5.17329e-15 6.3482e-17 1
5852.5 5.18511e-15 6.3482e-17 1
5854 5.19693e-15 6.3482e-17 1
5855.5 5.19693e-15 6.3482e-17 1
5857 5.22188e-15 6.3482e-17 1
5858.5 5.20361e-15 6.3482e-17 1
5860 5.20222e-15 1.88999e-16 1
5861.5 5.20606e-15 1.88999e-16 1
5863 5.22426e-15 1.88999e-16 1
5864.5 5.19551e-15 1.88999e-16 1
5866 5.19204e-15 1.88999e-16 1
5867.5 5.21467e-15 1.88999e-16 1
5869 5.21634e-15 1.88999e-16 1
5870.5 5.30714e-15 1.88999e-16 1
5872 5.29682e-15 1.88999e-16 1
5873.5 5.18524e-15 1.88999e-16 1
5875 5.14536e-15 1.88999e-16 1
5876.5 5.20662e-15 1.88999e-16 1
5878 5.17803e-15 1.88999e-16 1
5879.5 5.23697e-15 1.88999e-16 1
5881 5.29685e-15 1.88999e-16 1
5882.5 5.16958e-15 1.88999e-16 1
5884 5.1493e-15 1.88999e-16 1
5885.5 5.18677e-15 1.88999e-16 1
5887 5.06539e-15 1.88999e-16 1
5888.5 4.99839e-15 1.88999e-16 1
5890 4.99541e-15 1.88999e-16 1
5891.5 5.00003e-15 1.88999e-16 1
5893 5.05914e-15 1.88999e-16 1
5894.5 5.04735e-15 1.88999e-16 1
5896 4.9633e-15 1.88999e-16 1
5897.5 5.02869e-15 1.88999e-16 1
5899 5.12915e-15 1.88999e-16 1
5900.5 5.10979e-15 1.88999e-16 1
5902 5.23552e-15 1.88999e-16 1
5903.5 5.28972e-15 1.88999e-16 1
5905 5.16178e-15 1.88999e-16 1
5906.5 5.16272e-15 1.88999e-16 1
5908 5.25748e-15 1.88999e-16 1
5909.5 5.20873e-15 1.88999e-16 1
5911 5.15076e-15 1.88999e-16 1
5912.5 5.22072e-15 1.88999e-16 1
5914 5.21746e-15 1.88999e-16 1
5915.5 5.15165e-15 1.88999e-16 1
5917 5.06838e-15 1.88999e-16 1
5918.5 5.13517e-15 1.88999e-16 1
5920 5.23155e-15 1.88999e-16 1
5921.5 5.22857e-15 1.88999e-16 1
5923 5.14987e-15 1.88999e-16 1
5924.5 5.18975e-15 1.88999e-16 1
5926 5.25729e-15 1.88999e-16 1
5927.5 5.26433e-15 1.88999e-16 1
5929 5.23268e-15 1.88999e-16 1
5930.5 5.1777e-15 1.88999e-16 1
5932 5.22079e-15 1.88999e-16 1
5933.5 5.27483e-15 1.88999e-16 1
5935 5.31898e-15 1.88999e-16 1
5936.5 5.27081e-15 1.88999e-16 1
5938 5.24526e-15 1.88999e-16 1
5939.5 5.26662e-15 1.88999e-16 1
5941 5.28158e-15 1.88999e-16 1
5942.5 5.26831e-15 1.88999e-16 1
5944 5.19032e-15 1.88999e-16 1
5945.5 5.14603e-15 1.88999e-16 1
5947 5.20993e-15 1.88999e-16 1
5948.5 5.13463e-15 1.88999e-16 1
5950 4.83894e-15 1.88999e-16 1
5951.5 4.54626e-15 1.88999e-16 1
5953 4.37295e-15 1.88999e-16 1
5954.5 4.4473e-15 1.88999e-16 1
5956 4.65572e-15 1.88999e-16 1
5957.5 4.68918e-15 1.88999e-16 1
5959 4.74506e-15 1.88999e-16 1
5960.5 5.00468e-15 7.15085e-17 1
5962 5.23709e-15 7.15085e-17 1
5963.5 5.28898e-15 7.15085e-17 1
5965 5.20747e-15 7.15085e-17 1
5966.5 5.25022e-15 7.15085e-17 1
5968 5.23914e-15 7.15085e-17 1
5969.5 5.28991e-15 7.15085e-17 1
5971 5.30746e-15 7.15085e-17 1
5972.5 5.20659e-15 7.15085e-17 1
5974 5.24006e-15 7.15085e-17 1
5975.5 5.24027e-15 7.15085e-17 1
5977 5.20693e-15 7.15085e-17 1
5978.5 5.24691e-15 7.15085e-17 1
5980 5.32217e-15 7.15085e-17 1
5981.5 5.20752e-15 7.15085e-17 1
5983 5.28159e-15 7.15085e-17 1
5984.5 5.21971e-15 7.15085e-17 1
5986 5.18678e-15 7.15085e-17 1
5987.5 5.24338e-15 7.15085e-17 1
5989 5.2592e-15 7.15085e-17 1
5990.5 5.25473e-15 7.15085e-17 1
5992 5.17156e-15 7.15085e-17 1
5993.5 5.18901e-15 7.15085e-17 1
5995 5.22961e-15 7.15085e-17 1
5996.5 5.22245e-15 7.15085e-17 1
5998 5.22533e-15 7.15085e-17 1
5999.5 5.22821e-15 7.15085e-17 1
6001 5.23108e-15 7.15085e-17 1
6002.5 5.23396e-15 7.15085e-17 1
6004 5.23684e-15 7.15085e-17 1
6005.5 5.23972e-15 7.15085e-17 1
6007 5.23972e-15 7.15085e-17 1
6008.5 5.2229e-15 7.15085e-17 1
6010 5.22275e-15 7.15085e-17 1
6011.5 5.25984e-15 7.15085e-17 1
6013 5.27559e-15 7.15085e-17 1
6014.5 5.20024e-15 7.15085e-17 1
6016 5.18046e-15 7.15085e-17 1
6017.5 5.20815e-15 7.15085e-17 1
6019 5.24962e-15 7.15085e-17 1
6020.5 5.31115e-15 7.15085e-17 1
6022 5.22488e-15 7.15085e-17 1
6023.5 5.15883e-15 7.15085e-17 1
6025 5.15471e-15 7.15085e-17 1
6026.5 5.15746e-15 7.15085e-17 1
6028 5.14506e-15 7.15085e-17 1
6029.5 5.22261e-15 7.15085e-17 1
6031 5.19972e-15 7.15085e-17 1
6032.5 5.18339e-15 7.15085e-17 1
6034 5.179e-15 7.15085e-17 1
6035.5 5.18855e-15 7.15085e-17 1
6037 5.17556e-15 7.15085e-17 1
6038.5 5.18773e-15 7.15085e-17 1
6040 5.0422e-15 7.15085e-17 1
6041.5 5.04199e-15 7.15085e-17 1
6043 5.05345e-15 7.15085e-17 1
6044.5 4.99613e-15 7.15085e-17 1
6046 5.04524e-15 7.15085e-17 1
6047.5 4.96902e-15 7.15085e-17 1
6049 5.00105e-15 7.15085e-17 1
6050.5 5.09482e-15 7.15085e-17 1
6052 5.06726e-15 7.15085e-17 1
6053.5 4.98521e-15 7.15085e-17 1
6055 4.91055e-15 7.15085e-17 1
6056.5 4.97801e-15 7.15085e-17 1
6058 4.97903e-15 7.15085e-17 1
6059.5 4.96752e-15 7.15085e-17 1
6061 5.00142e-15 5.87577e-17 1
6062.5 5.0409e-15 5.87577e-17 1
6064 4.9416e-15 5.87577e-17 1
6065.5 4.95468e-15 5.87577e-17 1
6067 4.95304e-15 5.87577e-17 1
6068.5 4.91441e-15 5.87577e-17 1
6070 4.8178e-15 5.87577e-17 1
6071.5 4.79334e-15 5.87577e-17 1
6073 4.85852e-15 5.87577e-17 1
6074.5 4.85771e-15 5.87577e-17 1
6076 4.78691e-15 5.87577e-17 1
6077.5 4.81598e-15 5.87577e-17 1
6079 4.88381e-15 5.87577e-17 1
6080.5 4.85583e-15 5.87577e-17 1
6082 4.76891e-15 5.87577e-17 1
6083.5 4.73366e-15 5.87577e-17 1
6085 4.73013e-15 5.87577e-17 1
6086.5 4.70412e-15 5.87577e-17 1
6088 4.73589e-15 5.87577e-17 1
6089.5 4.71589e-15 5.87577e-17 1
6091 4.66547e-15 5.87577e-17 1
6092.5 4.68357e-15 5.87577e-17 1
6094 4.69869e-15 5.87577e-17 1
6095.5 4.70699e-15 5.87577e-17 1
6097 4.68406e-15 5.87577e-17 1
6098.5 4.64428e-15 5.87577e-17 1
6100 4.57607e-15 5.87577e-17 1
6101.5 4.59927e-15 5.87577e-17 1
6103 4.62387e-15 5.87577e-17 1
6104.5 4.54313e-15 5.87577e-17 1
6106 4.537e-15 5.87577e-17 1
6107.5 4.54838e-15 5.87577e-17 1
6109 4.58771e-15 5.87577e-17 1
6110.5 4.57551e-15 5.87577e-17 1
6112 4.48638e-15 5.87577e-17 1
6113.5 4.43489e-15 5.87577e-17 1
6115 4.43124e-15 5.87577e-17 1
6116.5 4.42197e-15 5.87577e-17 1
6118 4.37108e-15 5.87577e-17 1
6119.5 4.34693e-15 5.87577e-17 1
6121 4.33392e-15 5.87577e-17 1
6122.5 4.23637e-15 5.87577e-17 1
6124 4.22214e-15 5.87577e-17 1
6125.5 4.30649e-15 5.87577e-17 1
6127 4.32014e-15 5.87577e-17 1
6128.5 4.07133e-15 5.87577e-17 1
6130 4.0238e-15 5.87577e-17 1
6131.5 4.10039e-15 5.87577e-17 1
6133 4.02915e-15 5.87577e-17 1
6134.5 4.02237e-15 5.87577e-17 1
6136 4.01568e-15 5.87577e-17 1
6137.5 4.03862e-15 5.87577e-17 1
6139 4.04684e-15 5.87577e-17 1
6140.5 3.93382e-15 5.87577e-17 1
6142 3.8562e-15 5.87577e-17 1
6143.5 3.91507e-15 5.87577e-17 1
6145 3.95453e-15 5.87577e-17 1
6146.5 3.88517e-15 5.87577e-17 1
6148 3.76987e-15 5.87577e-17 1
6149.5 3.71047e-15 5.87577e-17 1
6151 3.72455e-15 5.87577e-17 1
6152.5 3.68802e-15 5.87577e-17 1
6154 3.59974e-15 5.87577e-17 1
6155.5 3.57696e-15 5.87577e-17 1
6157 3.6127e-15 5.87577e-17 1
6158.5 3.5835e-15 5.87577e-17 1
6160 3.52692e-15 6.52669e-17 1
6161.5 3.47612e-15 6.52669e-17 1
6163 3.40293e-15 6.52669e-17 1
6164.5 3.38328e-15 6.52669e-17 1
6166 3.34349e-15 6.52669e-17 1
6167.5 3.27945e-15 6.52669e-17 1
6169 3.27139e-15 6.52669e-17 1
6170.5 3.26426e-15 6.52669e-17 1
6172 3.20215e-15 6.52669e-17 1
6173.5 3.13405e-15 6.52669e-17 1
6175 3.10504e-15 6.52669e-17 1
6176.5 3.12616e-15 6.52669e-17 1
6178 3.10013e-15 6.52669e-17 1
6179.5 3.0603e-15 6.52669e-17 1
6181 2.90155e-15 6.52669e-17 1
6182.5 2.85937e-15 6.52669e-17 1
6184 2.87272e-15 6.52669e-17 1
6185.5 2.86576e-15 6.52669e-17 1
6187 2.81314e-15 6.52669e-17 1
6188.5 2.81837e-15 6.52669e-17 1
6190 2.8311e-15 6.52669e-17 1
6191.5 2.73145e-15 6.52669e-17 1
6193 2.71751e-15 6.52669e-17 1
6194.5 2.77386e-15 6.52669e-17 1
6196 2.73289e-15 6.52669e-17 1
6197.5 2.86888e-15 6.52669e-17 1
6199 2.84306e-15 6.52669e-17 1
6200.5 2.74191e-15 6.52669e-17 1
6202 2.77544e-15 6.52669e-17 1
6203.5 2.70849e-15 6.52669e-17 1
6205 2.73032e-15 6.52669e-17 1
6206.5 2.74539e-15 6.52669e-17 1
6208 2.73117e-15 6.52669e-17 1
6209.5 2.74276e-15 6.52669e-17 1
6211 2.79724e-15 6.52669e-17 1
6212.5 2.81637e-15 6.52669e-17 1
6214 2.79378e-15 6.52669e-17 1
6215.5 2.7493e-15 6.52669e-17 1
6217 2.75566e-15 6.52669e-17 1
6218.5 2.8289e-15 6.52669e-17 1
6220 2.81511e-15 6.52669e-17 1
6221.5 2.80923e-15 6.52669e-17 1
6223 2.85906e-15 6.52669e-17 1
6224.5 2.87237e-15 6.52669e-17 1
6226 2.91482e-15 6.52669e-17 1
6227.5 2.86569e-15 6.52669e-17 1
6229 2.87316e-15 6.52669e-17 1
6230.5 2.97178e-15 6.52669e-17 1
6232 2.94383e-15 6.52669e-17 1
6233.5 2.92034e-15 6.52669e-17 1
6235 2.91424e-15 6.52669e-17 1
6236.5 2.93175e-15 6.52669e-17 1
6238 3.00222e-15 6.52669e-17 1
6239.5 3.05827e-15 6.52669e-17 1
6241 3.06414e-15 6.52669e-17 1
6242.5 3.03372e-15 6.52669e-17 1
6244 3.05568e-15 6.52669e-17 1
6245.5 3.12658e-15 6.52669e-17 1
6247 3.09714e-15 6.52669e-17 1
6248.5 3.10101e-15 6.52669e-17 1
6250 3.20496e-15 6.52669e-17 1
6251.5 3.29758e-15 6.52669e-17 1
6253 3.29439e-15 6.52669e-17 1
6254.5 3.29336e-15 6.52669e-17 1
6256 3.25272e-15 6.52669e-17 1
6257.5 3.29199e-15 6.52669e-17 1
6259 3.39799e-15 6.52669e-17 1
6260.5 3.44246e-15 6.12517e-17 1
6262 3.45582e-15 6.12517e-17 1
6263.5 3.44431e-15 6.12517e-17 1
6265 3.43636e-15 6.12517e-17 1
6266.5 3.51226e-15 6.12517e-17 1
6268 3.52281e-15 6.12517e-17 1
6269.5 3.5224e-15 6.12517e-17 1
6271 3.48807e-15 6.12517e-17 1
6272.5 3.48662e-15 6.12517e-17 1
6274 3.60795e-15 6.12517e-17 1
6275.5 3.64989e-15 6.12517e-17 1
6277 3.60535e-15 6.12517e-17 1
6278.5 3.58666e-15 6.12517e-17 1
6280 3.67903e-15 6.12517e-17 1
6281.5 3.75827e-15 6.12517e-17 1
6283 3.74325e-15 6.12517e-17 1
6284.5 3.75192e-15 6.12517e-17 1
6286 3.80653e-15 6.12517e-17 1
6287.5 3.79703e-15 6.12517e-17 1
6289 3.76944e-15 6.12517e-17 1
6290.5 3.77816e-15 6.12517e-17 1
6292 3.81601e-15 6.12517e-17 1
6293.5 3.86094e-15 6.12517e-17 1
6295 3.92866e-15 6.12517e-17 1
6296.5 4.00684e-15 6.12517e-17 1
6298 4.00141e-15 6.12517e-17 1
6299.5 4.04266e-15 6.12517e-17 1
6301 4.06129e-15 6.12517e-17 1
6302.5 3.94537e-15 6.12517e-17 1
6304 3.89005e-15 6.12517e-17 1
6305.5 3.95807e-15 6.12517e-17 1
6307 4.0507e-15 6.12517e-17 1
6308.5 4.10064e-15 6.12517e-17 1
6310 4.02786e-15 6.12517e-17 1
6311.5 3.92708e-15 6.12517e-17 1
6313 3.96627e-15 6.12517e-17 1
6314.5 3.98369e-15 6.12517e-17 1
6316 3.9761e-15 6.12517e-17 1
6317.5 4.00149e-15 6.12517e-17 1
6319 4.0328e-15 6.12517e-17 1
6320.5 4.11555e-15 6.12517e-17 1
6322 4.09065e-15 6.12517e-17 1
6323.5 4.14669e-15 6.12517e-17 1
6325 4.19473e-15 6.12517e-17 1
6326.5 4.16516e-15 6.12517e-17 1
6328 4.17937e-15 6.12517e-17 1
6329.5 4.0975e-15 6.12517e-17 1
6331 4.11767e-15 6.12517e-17 1
6332.5 4.17742e-15 6.12517e-17 1
6334 4.09507e-15 6.12517e-17 1
6335.5 4.0712e-15 6.12517e-17 1
6337 4.18394e-15 6.12517e-17 1
6338.5 4.20325e-15 6.12517e-17 1
6340 4.19432e-15 6.12517e-17 1
6341.5 4.21887e-15 6.12517e-17 1
6343 4.21407e-15 6.12517e-17 1
6344.5 4.3139e-15 6.12517e-17 1
6346 4.25112e-15 6.12517e-17 1
6347.5 4.14586e-15 6.12517e-17 1
6349 4.15841e-15 6.12517e-17 1
6350.5 4.0967e-15 6.12517e-17 1
6352 4.09368e-15 6.12517e-17 1
6353.5 4.33135e-15 6.12517e-17 1
6355 4.30076e-15 6.12517e-17 1
6356.5 4.19665e-15 6.12517e-17 1
6358 4.18549e-15 6.12517e-17 1
6359.5 4.19603e-15 6.12517e-17 1
6361 4.30153e-15 5.87577e-17 1
6362.5 4.23024e-15 5.87577e-17 1
6364 4.18101e-15 5.87577e-17 1
6365.5 4.16926e-15 5.87577e-17 1
6367 4.15364e-15 5.87577e-17 1
6368.5 4.19345e-15 5.87577e-17 1
6370 4.18463e-15 5.87577e-17 1
6371.5 4.16897e-15 5.87577e-17 1
6373 4.18732e-15 5.87577e-17 1
6374.5 4.14506e-15 5.87577e-17 1
6376 4.17084e-15 5.87577e-17 1
6377.5 4.19749e-15 5.87577e-17 1
6379 4.17622e-15 5.87577e-17 1
6380.5 4.16502e-15 5.87577e-17 1
6382 4.14804e-15 5.87577e-17 1
6383.5 4.20673e-15 5.87577e-17 1
6385 4.22995e-15 5.87577e-17 1
6386.5 4.19167e-15 5.87577e-17 1
6388 4.21203e-15 5.87577e-17 1
6389.5 4.19051e-15 5.87577e-17 1
6391 4.14645e-15 5.87577e-17 1
6392.5 4.14245e-15 5.87577e-17 1
6394 4.20268e-15 5.87577e-17 1
6395.5 4.14392e-15 5.87577e-17 1
6397 4.19508e-15 5.87577e-17 1
6398.5 4.20095e-15 5.87577e-17 1
6400 4.15086e-15 5.87577e-17 1
6401.5 4.11975e-15 5.87577e-17 1
6403 4.08384e-15 5.87577e-17 1
6404.5 4.08284e-15 5.87577e-17 1
6406 4.17377e-15 5.87577e-17 1
6407.5 4.17239e-15 5.87577e-17 1
6409 4.14955e-15 5.87577e-17 1
6410.5 4.15486e-15 5.87577e-17 1
6412 4.13776e-15 5.87577e-17 1
6413.5 4.0232e-15 5.87577e-17 1
6415 4.07634e-15 5.87577e-17 1
6416.5 4.12005e-15 5.87577e-17 1
6418 4.12108e-15 5.87577e-17 1
6419.5 4.0266e-15 5.87577e-17 1
6421 4.07482e-15 5.87577e-17 1
6422.5 4.12615e-15 5.87577e-17 1
6424 4.07313e-15 5.87577e-17 1
6425.5 4.02677e-15 5.87577e-17 1
6427 4.00617e-15 5.87577e-17 1
6428.5 4.01726e-15 5.87577e-17 1
6430 3.94994e-15 5.87577e-17 1
6431.5 3.96032e-15 5.87577e-17 1
6433 4.00272e-15 5.87577e-17 1
6434.5 3.98893e-15 5.87577e-17 1
6436 3.91291e-15 5.87577e-17 1
6437.5 3.91759e-15 5.87577e-17 1
6439 3.97311e-15 5.87577e-17 1
6440.5 4.02109e-15 5.87577e-17 1
6442 4.03186e-15 5.87577e-17 1
6443.5 3.9342e-15 5.87577e-17 1
6445 3.88134e-15 5.87577e-17 1
6446.5 3.90852e-15 5.87577e-17 1
6448 3.95857e-15 5.87577e-17 1
6449.5 3.99834e-15 5.87577e-17 1
6451 3.98394e-15 5.87577e-17 1
6452.5 3.91058e-15 5.87577e-17 1
6454 3.91805e-15 5.87577e-17 1
6455.5 3.86574e-15 5.87577e-17 1
6457 3.78303e-15 5.87577e-17 1
6458.5 3.8487e-15 5.87577e-17 1
6460 3.87137e-15 5.87577e-17 1
6461.5 3.85678e-15 5.87577e-17 1
6463 3.88243e-15 5.87577e-17 1
6464.5 3.81449e-15 5.87577e-17 1
6466 3.8402e-15 5.87577e-17 1
6467.5 3.89397e-15 5.87577e-17 1
6469 3.84915e-15 5.87577e-17 1
6470.5 3.776e-15 5.87577e-17 1
6472 3.78381e-15 5.87577e-17 1
6473.5 3.8239e-15 5.87577e-17 1
6475 3.87082e-15 5.87577e-17 1
6476.5 3.74085e-15 5.87577e-17 1
6478 3.61424e-15 5.87577e-17 1
6479.5 3.61286e-15 5.87577e-17 1
6481 3.68646e-15 5.87577e-17 1
6482.5 3.67262e-15 5.87577e-17 1
6484 3.63228e-15 5.87577e-17 1
6485.5 3.57287e-15 5.87577e-17 1
6487 3.60886e-15 5.87577e-17 1
6488.5 3.66358e-15 5.87577e-17 1
6490 3.6653e-15 5.87577e-17 1
6491.5 3.66858e-15 5.87577e-17 1
6493 3.64926e-15 5.87577e-17 1
6494.5 3.67168e-15 5.87577e-17 1
6496 3.63197e-15 5.87577e-17 1
6497.5 3.61738e-15 5.87577e-17 1
6499 3.65154e-15 5.87577e-17 1
6500.5 3.6395e-15 5.87577e-17 1
6502 3.59469e-15 5.87577e-17 1
6503.5 3.55104e-15 5.87577e-17 1
6505 3.54171e-15 5.87577e-17 1
6506.5 3.52818e-15 5.87577e-17 1
6508 3.56077e-15 5.87577e-17 1
6509.5 3.57422e-15 5.87577e-17 1
6511 3.51741e-15 5.87577e-17 1
6512.5 3.4942e-15 5.87577e-17 1
6514 3.47951e-15 5.87577e-17 1
6515.5 3.47249e-15 5.87577e-17 1
6517 3.50012e-15 5.87577e-17 1
6518.5 3.50296e-15 5.87577e-17 1
6520 3.47622e-15 5.87577e-17 1
6521.5 3.49163e-15 5.87577e-17 1
6523 3.52358e-15 5.87577e-17 1
6524.5 3.51031e-15 5.87577e-17 1
6526 3.49723e-15 5.87577e-17 1
6527.5 3.47128e-15 5.87577e-17 1
6529 3.50821e-15 5.87577e-17 1
6530.5 3.57208e-15 5.87577e-17 1
6532 3.53442e-15 5.87577e-17 1
6533.5 3.52035e-15 5.87577e-17 1
6535 3.46698e-15 5.87577e-17 1
6536.5 3.39931e-15 5.87577e-17 1
6538 3.4438e-15 5.87577e-17 1
6539.5 3.47274e-15 5.87577e-17 1
6541 3.46582e-15 5.87577e-17 1
6542.5 3.43719e-15 5.87577e-17 1
6544 3.4056e-15 5.87577e-17 1
6545.5 3.46986e-15 5.87577e-17 1
6547 3.45395e-15 5.87577e-17 1
6548.5 3.43194e-15 5.87577e-17 1
6550 3.40402e-15 5.87577e-17 1
6551.5 3.37113e-15 5.87577e-17 1
6553 3.4897e-15 5.87577e-17 1
6554.5 3.42915e-15 5.87577e-17 1
6556 3.43952e-15 5.87577e-17 1
6557.5 3.49891e-15 5.87577e-17 1
6559 3.42222e-15 5.87577e-17 1
6560.5 3.34321e-15 5.87577e-17 1
6562 3.29288e-15 5.87577e-17 1
6563.5 3.33012e-15 5.87577e-17 1
6565 3.38413e-15 5.87577e-17 1
6566.5 3.34738e-15 5.87577e-17 1
6568 3.29782e-15 5.87577e-17 1
6569.5 3.35391e-15 5.87577e-17 1
6571 3.42678e-15 5.87577e-17 1
6572.5 3.39507e-15 5.87577e-17 1
6574 3.33578e-15 5.87577e-17 1
6575.5 3.34847e-15 5.87577e-17 1
6577 3.34419e-15 5.87577e-17 1
6578.5 3.34988e-15 5.87577e-17 1
6580 3.3407e-15 5.87577e-17 1
6581.5 3.2609e-15 5.87577e-17 1
6583 3.19744e-15 5.87577e-17 1
6584.5 3.24165e-15 5.87577e-17 1
6586 3.33678e-15 5.87577e-17 1
6587.5 3.31588e-15 5.87577e-17 1
6589 3.31754e-15 5.87577e-17 1
6590.5 3.33451e-15 5.87577e-17 1
6592 3.3386e-15 5.87577e-17 1
6593.5 3.33732e-15 5.87577e-17 1
6595 3.29243e-15 5.87577e-17 1
6596.5 3.26858e-15 5.87577e-17 1
6598 3.27147e-15 5.87577e-17 1
6599.5 3.33664e-15 5.87577e-17 1
6601 3.31032e-15 5.87577e-17 1
6602.5 3.25281e-15 5.87577e-17 1
6604 3.19648e-15 5.87577e-17 1
6605.5 3.19216e-15 5.87577e-17 1
6607 3.18525e-15 5.87577e-17 1
6608.5 3.18634e-15 5.87577e-17 1
6610 3.24896e-15 5.87577e-17 1
6611.5 3.2936e-15 5.87577e-17 1
6613 3.19322e-15 5.87577e-17 1
6614.5 3.23482e-15 5.87577e-17 1
6616 3.23453e-15 5.87577e-17 1
6617.5 3.30289e-15 5.87577e-17 1
6619 3.25292e-15 5.87577e-17 1
6620.5 3.12756e-15 5.87577e-17 1
6622 3.1719e-15 5.87577e-17 1
6623.5 3.22097e-15 5.87577e-17 1
6625 3.12426e-15 5.87577e-17 1
6626.5 3.0655e-15 5.87577e-17 1
6628 3.251e-15 5.87577e-17 1
6629.5 3.29241e-15 5.87577e-17 1
6631 3.18661e-15 5.87577e-17 1
6632.5 3.1868e-15 5.87577e-17 1
6634 3.15764e-15 5.87577e-17 1
6635.5 3.16647e-15 5.87577e-17 1
6637 3.14274e-15 5.87577e-17 1
6638.5 3.10246e-15 5.87577e-17 1
6640 3.04524e-15 5.87577e-17 1
6641.5 3.12508e-15 5.87577e-17 1
6643 3.11604e-15 5.87577e-17 1
6644.5 3.17943e-15 5.87577e-17 1
6646 3.15614e-15 5.87577e-17 1
6647.5 3.13996e-15 5.87577e-17 1
6649 3.14914e-15 5.87577e-17 1
6650.5 3.15508e-15 5.87577e-17 1
6652 3.17072e-15 5.87577e-17 1
6653.5 3.14874e-15 5.87577e-17 1
6655 3.07849e-15 5.87577e-17 1
6656.5 3.06227e-15 5.87577e-17 1
6658 3.07007e-15 5.87577e-17 1
6659.5 3.06618e-15 5.87577e-17 1
6661 3.08224e-15 5.87577e-17 1
6662.5 3.08204e-15 5.87577e-17 1
6664 3.04216e-15 5.87577e-17 1
6665.5 3.01901e-15 5.87577e-17 1
6667 3.05548e-15 5.87577e-17 1
6668.5 3.05663e-15 5.87577e-17 1
6670 3.03598e-15 5.87577e-17 1
6671.5 3.02288e-15 5.87577e-17 1
6673 3.01331e-15 5.87577e-17 1
6674.5 3.02722e-15 5.87577e-17 1
6676 3.0367e-15 5.87577e-17 1
6677.5 3.02219e-15 5.87577e-17 1
6679 2.99579e-15 5.87577e-17 1
6680.5 2.963e-15 5.87577e-17 1
6682 3.01918e-15 5.87577e-17 1
6683.5 2.91787e-15 5.87577e-17 1
6685 2.96658e-15 5.87577e-17 1
6686.5 2.99282e-15 5.87577e-17 1
6688 2.97898e-15 5.87577e-17 1
6689.5 2.95813e-15 5.87577e-17 1
6691 2.95309e-15 5.87577e-17 1
6692.5 2.95253e-15 5.87577e-17 1
6694 2.92597e-15 5.87577e-17 1
6695.5 3.03019e-15 5.87577e-17 1
6697 2.96718e-15 5.87577e-17 1
6698.5 2.9735e-15 5.87577e-17 1
6700 3.00654e-15 5.87577e-17 1
6701.5 3.00523e-15 5.87577e-17 1
6703 3.00315e-15 5.87577e-17 1
6704.5 2.9791e-15 5.87577e-17 1
6706 2.90332e-15 5.87577e-17 1
6707.5 2.87755e-15 5.87577e-17 1
6709 2.93359e-15 5.87577e-17 1
6710.5 2.88474e-15 5.87577e-17 1
6712 2.87332e-15 5.87577e-17 1
6713.5 2.89082e-15 5.87577e-17 1
6715 2.8944e-15 5.87577e-17 1
6716.5 2.86824e-15 5.87577e-17 1
6718 2.8542e-15 5.87577e-17 1
6719.5 2.88892e-15 5.87577e-17 1
6721 2.8562e-15 5.87577e-17 1
6722.5 2.85514e-15 5.87577e-17 1
6724 2.87306e-15 5.87577e-17 1
6725.5 2.83269e-15 5.87577e-17 1
6727 2.80117e-15 5.87577e-17 1
6728.5 2.82459e-15 5.87577e-17 1
6730 2.8805e-15 5.87577e-17 1
6731.5 2.89612e-15 5.87577e-17 1
6733 2.88395e-15 5.87577e-17 1
6734.5 2.87995e-15 5.87577e-17 1
6736 2.85582e-15 5.87577e-17 1
6737.5 2.81805e-15 5.87577e-17 1
6739 2.80628e-15 5.87577e-17 1
6740.5 2.82569e-15 5.87577e-17 1
6742 2.79317e-15 5.87577e-17 1
6743.5 2.77177e-15 5.87577e-17 1
6745 2.79998e-15 5.87577e-17 1
6746.5 2.84631e-15 5.87577e-17 1
6748 2.87044e-15 5.87577e-17 1
6749.5 2.83872e-15 5.87577e-17 1
6751 2.80557e-15 5.87577e-17 1
6752.5 2.73159e-15 5.87577e-17 1
6754 2.74449e-15 5.87577e-17 1
6755.5 2.78675e-15 5.87577e-17 1
6757 2.77832e-15 5.87577e-17 1
6758.5 2.78248e-15 5.87577e-17 1
6760 2.74587e-15 5.87577e-17 1
6761.5 2.74433e-15 5.87577e-17 1
6763 2.77156e-15 5.87577e-17 1
6764.5 2.77454e-15 5.87577e-17 1
6766 2.77093e-15 5.87577e-17 1
6767.5 2.71764e-15 5.87577e-17 1
6769 2.72874e-15 5.87577e-17 1
6770.5 2.77437e-15 5.87577e-17 1
6772 2.67817e-15 5.87577e-17 1
6773.5 2.67074e-15 5.87577e-17 1
6775 2.69749e-15 5.87577e-17 1
6776.5 2.75611e-15 5.87577e-17 1
6778 2.73652e-15 5.87577e-17 1
6779.5 2.69755e-15 5.87577e-17 1
6781 2.70993e-15 5.87577e-17 1
6782.5 2.67293e-15 5.87577e-17 1
6784 2.67314e-15 5.87577e-17 1
6785.5 2.68765e-15 5.87577e-17 1
6787 2.62852e-15 5.87577e-17 1
6788.5 2.617e-15 5.87577e-17 1
6790 2.61688e-15 5.87577e-17 1
6791.5 2.60565e-15 5.87577e-17 1
6793 2.56585e-15 5.87577e-17 1
6794.5 2.56825e-15 5.87577e-17 1
6796 2.62138e-15 5.87577e-17 1
6797.5 2.64037e-15 5.87577e-17 1
6799 2.66772e-15 5.87577e-17 1
6800.5 2.6711e-15 5.87577e-17 1
6802 2.6996e-15 5.87577e-17 1
6803.5 2.69674e-15 5.87577e-17 1
6805 2.65589e-15 5.87577e-17 1
6806.5 2.66688e-15 5.87577e-17 1
6808 2.71542e-15 5.87577e-17 1
6809.5 2.66094e-15 5.87577e-17 1
6811 2.59157e-15 5.87577e-17 1
6812.5 2.66249e-15 5.87577e-17 1
6814 2.67909e-15 5.87577e-17 1
6815.5 2.68026e-15 5.87577e-17 1
6817 2.64845e-15 5.87577e-17 1
6818.5 2.62727e-15 5.87577e-17 1
6820 2.64263e-15 5.87577e-17 1
6821.5 2.61553e-15 5.87577e-17 1
6823 2.60391e-15 5.87577e-17 1
6824.5 2.59898e-15 5.87577e-17 1
6826 2.61091e-15 5.87577e-17 1
6827.5 2.56671e-15 5.87577e-17 1
6829 2.55923e-15 5.87577e-17 1
6830.5 2.62429e-15 5.87577e-17 1
6832 2.49543e-15 5.87577e-17 1
6833.5 2.49326e-15 5.87577e-17 1
6835 2.54884e-15 5.87577e-17 1
6836.5 2.56765e-15 5.87577e-17 1
6838 2.47952e-15 5.87577e-17 1
6839.5 2.47578e-15 5.87577e-17 1
6841 2.52202e-15 5.87577e-17 1
6842.5 2.53429e-15 5.87577e-17 1
6844 2.48607e-15 5.87577e-17 1
6845.5 2.40329e-15 5.87577e-17 1
6847 2.53521e-15 5.87577e-17 1
6848.5 2.56022e-15 5.87577e-17 1
6850 2.50999e-15 5.87577e-17 1
6851.5 2.49315e-15 5.87577e-17 1
6853 2.45697e-15 5.87577e-17 1
6854.5 2.47778e-15 5.87577e-17 1
6856 2.44916e-15 5.87577e-17 1
6857.5 2.44924e-15 5.87577e-17 1
6859 2.42778e-15 5.87577e-17 1
6860.5 2.42937e-15 5.87577e-17 1
6862 2.43089e-15 5.87577e-17 1
6863.5 2.42905e-15 5.87577e-17 1
6865 2.42153e-15 5.87577e-17 1
6866.5 2.38402e-15 5.87577e-17 1
6868 2.35984e-15 5.87577e-17 1
6869.5 2.34463e-15 5.87577e-17 1
6871 2.32374e-15 5.87577e-17 1
6872.5 2.29394e-15 5.87577e-17 1
6874 2.30595e-15 5.87577e-17 1
6875.5 2.34327e-15 5.87577e-17 1
6877 2.29046e-15 5.87577e-17 1
6878.5 2.31414e-15 5.87577e-17 1
6880 2.32429e-15 5.87577e-17 1
6881.5 2.31168e-15 5.87577e-17 1
6883 2.27702e-15 5.87577e-17 1
6884.5 2.31788e-15 5.87577e-17 1
6886 2.39146e-15 5.87577e-17 1
6887.5 2.37789e-15 5.87577e-17 1
6889 2.34284e-15 5.87577e-17 1
6890.5 2.32348e-15 5.87577e-17 1
6892 2.32012e-15 5.87577e-17 1
6893.5 2.32951e-15 5.87577e-17 1
6895 2.33596e-15 5.87577e-17 1
6896.5 2.3591e-15 5.87577e-17 1
6898 2.37145e-15 5.87577e-17 1
6899.5 2.39638e-15 5.87577e-17 1
6901 2.36405e-15 5.87577e-17 1
6902.5 2.37464e-15 5.87577e-17 1
6904 2.42548e-15 5.87577e-17 1
6905.5 2.26618e-15 5.87577e-17 1
6907 2.30819e-15 5.87577e-17 1
6908.5 2.38481e-15 5.87577e-17 1
6910 2.40211e-15 5.87577e-17 1
6911.5 2.34267e-15 5.87577e-17 1
6913 2.35443e-15 5.87577e-17 1
6914.5 2.38413e-15 5.87577e-17 1
6916 2.32714e-15 5.87577e-17 1
6917.5 2.30734e-15 5.87577e-17 1
6919 2.31316e-15 5.87577e-17 1
6920.5 2.43353e-15 5.87577e-17 1
6922 2.47278e-15 5.87577e-17 1
6923.5 2.34785e-15 5.87577e-17 1
6925 2.29525e-15 5.87577e-17 1
6926.5 2.30278e-15 5.87577e-17 1
6928 2.32043e-15 5.87577e-17 1
6929.5 2.26709e-15 5.87577e-17 1
6931 2.25152e-15 5.87577e-17 1
6932.5 2.3145e-15 5.87577e-17 1
6934 2.33585e-15 5.87577e-17 1
6935.5 2.37382e-15 5.87577e-17 1
6937 2.38939e-15 5.87577e-17 1
6938.5 2.39064e-15 5.87577e-17 1
6940 2.35077e-15 5.87577e-17 1
6941.5 2.32415e-15 5.87577e-17 1
6943 2.32072e-15 5.87577e-17 1
6944.5 2.29416e-15 5.87577e-17 1
6946 2.32313e-15 5.87577e-17 1
6947.5 2.32655e-15 5.87577e-17 1
6949 2.25824e-15 5.87577e-17 1
6950.5 2.20996e-15 5.87577e-17 1
6952 2.2193e-15 5.87577e-17 1
6953.5 2.22746e-15 5.87577e-17 1
6955 2.23881e-15 5.87577e-17 1
6956.5 2.23771e-15 5.87577e-17 1
6958 2.21012e-15 5.87577e-17 1
6959.5 2.18171e-15 5.87577e-17 1
6961 2.12379e-15 5.87577e-17 1
6962.5 2.2201e-15 5.87577e-17 1
6964 2.25152e-15 5.87577e-17 1
6965.5 2.2607e-15 5.87577e-17 1
6967 2.30379e-15 5.87577e-17 1
6968.5 2.24163e-15 5.87577e-17 1
6970 2.2393e-15 5.87577e-17 1
6971.5 2.22215e-15 5.87577e-17 1
6973 2.16975e-15 5.87577e-17 1
6974.5 2.21795e-15 5.87577e-17 1
6976 2.27856e-15 5.87577e-17 1
6977.5 2.30642e-15 5.87577e-17 1
6979 2.2641e-15 5.87577e-17 1
6980.5 2.24689e-15 5.87577e-17 1
6982 2.22153e-15 5.87577e-17 1
6983.5 2.17272e-15 5.87577e-17 1
6985 2.20997e-15 5.87577e-17 1
6986.5 2.22589e-15 5.87577e-17 1
6988 2.22931e-15 5.87577e-17 1
6989.5 2.20979e-15 5.87577e-17 1
6991 2.27754e-15 5.87577e-17 1
6992.5 2.24717e-15 5.87577e-17 1
6994 2.20729e-15 5.87577e-17 1
6995.5 2.24968e-15 5.87577e-17 1
6997 2.24848e-15 5.87577e-17 1
6998.5 2.2449e-15 5.87577e-17 1
7000 2.23143e-15 5.87577e-17 1
7001.5 2.19974e-15 5.87577e-17 1
7003 2.18343e-15 5.87577e-17 1
7004.5 2.15317e-15 5.87577e-17 1
7006 2.133e-15 5.87577e-17 1
7007.5 2.12253e-15 5.87577e-17 1
7009 2.17634e-15 5.87577e-17 1
7010.5 2.25104e-15 5.87577e-17 1
7012 2.26152e-15 5.87577e-17 1
7013.5 2.22951e-15 5.87577e-17 1
7015 2.20894e-15 5.87577e-17 1
7016.5 2.16381e-15 5.87577e-17 1
7018 2.13809e-15 5.87577e-17 1
7019.5 2.11719e-15 5.87577e-17 1
7021 2.12084e-15 5.87577e-17 1
7022.5 2.20387e-15 5.87577e-17 1
7024 2.23038e-15 5.87577e-17 1
7025.5 2.2033e-15 5.87577e-17 1
7027 2.21348e-15 5.87577e-17 1
7028.5 2.22634e-15 5.87577e-17 1
7030 2.25049e-15 5.87577e-17 1
7031.5 2.22227e-15 5.87577e-17 1
7033 2.19408e-15 5.87577e-17 1
7034.5 2.20112e-15 5.87577e-17 1
7036 2.15018e-15 5.87577e-17 1
7037.5 2.14203e-15 5.87577e-17 1
7039 2.11016e-15 5.87577e-17 1
7040.5 2.08083e-15 5.87577e-17 1
7042 2.09995e-15 5.87577e-17 1
7043.5 2.16417e-15 5.87577e-17 1
7045 2.15591e-15 5.87577e-17 1
7046.5 2.08157e-15 5.87577e-17 1
7048 2.15965e-15 5.87577e-17 1
7049.5 2.13939e-15 5.87577e-17 1
7051 2.08406e-15 5.87577e-17 1
7052.5 2.14992e-15 5.87577e-17 1
7054 2.14329e-15 5.87577e-17 1
7055.5 2.08743e-15 5.87577e-17 1
7057 2.06195e-15 5.87577e-17 1
7058.5 2.08687e-15 5.87577e-17 1
7060 2.1442e-15 5.87577e-17 1
7061.5 2.17946e-15 5.87577e-17 1
7063 2.12818e-15 5.87577e-17 1
7064.5 1.99857e-15 5.87577e-17 1
7066 2.04559e-15 5.87577e-17 1
7067.5 2.0849e-15 5.87577e-17 1
7069 2.08996e-15 5.87577e-17 1
7070.5 2.14719e-15 5.87577e-17 1
7072 2.13798e-15 5.87577e-17 1
7073.5 2.14596e-15 5.87577e-17 1
7075 2.11817e-15 5.87577e-17 1
7076.5 2.1269e-15 5.87577e-17 1
7078 2.16421e-15 5.87577e-17 1
7079.5 2.10902e-15 5.87577e-17 1
7081 2.02145e-15 5.87577e-17 1
7082.5 2.00188e-15 5.87577e-17 1
7084 2.06051e-15 5.87577e-17 1
7085.5 2.09837e-15 5.87577e-17 1
7087 2.11774e-15 5.87577e-17 1
7088.5 2.15677e-15 5.87577e-17 1
7090 2.17018e-15 5.87577e-17 1
7091.5 2.1417e-15 5.87577e-17 1
7093 2.08971e-15 5.87577e-17 1
7094.5 2.05544e-15 5.87577e-17 1
7096 2.05239e-15 5.87577e-17 1
7097.5 2.11319e-15 5.87577e-17 1
7099 2.07222e-15 5.87577e-17 1
7100.5 2.00688e-15 5.87577e-17 1
7102 2.0913e-15 5.87577e-17 1
7103.5 2.17074e-15 5.87577e-17 1
7105 2.14187e-15 5.87577e-17 1
7106.5 2.02522e-15 5.87577e-17 1
7108 2.05854e-15 5.87577e-17 1
7109.5 2.11585e-15 5.87577e-17 1
7111 2.09269e-15 5.87577e-17 1
7112.5 2.05019e-15 5.87577e-17 1
7114 1.98448e-15 5.87577e-17 1
7115.5 2.03427e-15 5.87577e-17 1
7117 1.9578e-15 5.87577e-17 1
7118.5 1.97655e-15 5.87577e-17 1
7120 1.97185e-15 5.87577e-17 1
7121.5 1.9928e-15 5.87577e-17 1
7123 2.00584e-15 5.87577e-17 1
7124.5 2.07888e-15 5.87577e-17 1
7126 2.08016e-15 5.87577e-17 1
7127.5 2.08289e-15 5.87577e-17 1
7129 2.05263e-15 5.87577e-17 1
7130.5 2.06905e-15 5.87577e-17 1
7132 2.07026e-15 5.87577e-17 1
7133.5 2.04889e-15 5.87577e-17 1
7135 2.06981e-15 5.87577e-17 1
7136.5 2.02581e-15 5.87577e-17 1
7138 2.02068e-15 5.87577e-17 1
7139.5 2.03589e-15 5.87577e-17 1
7141 2.02182e-15 5.87577e-17 1
7142.5 2.01649e-15 5.87577e-17 1
7144 1.99302e-15 5.87577e-17 1
7145.5 1.99897e-15 5.87577e-17 1
7147 2.03052e-15 5.87577e-17 1
7148.5 2.02357e-15 5.87577e-17 1
7150 2.02982e-15 5.87577e-17 1
7151.5 2.015e-15 5.87577e-17 1
7153 1.9759e-15 5.87577e-17 1
7154.5 2.02444e-15 5.87577e-17 1
7156 2.05867e-15 5.87577e-17 1
7157.5 2.02156e-15 5.87577e-17 1
7159 2.03745e-15 5.87577e-17 1
7160.5 2.02761e-15 5.87577e-17 1
7162 1.99211e-15 5.87577e-17 1
7163.5 1.98731e-15 5.87577e-17 1
7165 1.98754e-15 5.87577e-17 1
7166.5 2.09058e-15 5.87577e-17 1
7168 2.09802e-15 5.87577e-17 1
7169.5 2.04886e-15 5.87577e-17 1
7171 2.06116e-15 5.87577e-17 1
7172.5 2.05577e-15 5.87577e-17 1
7174 1.98385e-15 5.87577e-17 1
7175.5 1.96751e-15 5.87577e-17 1
7177 2.02343e-15 5.87577e-17 1
7178.5 2.03953e-15 5.87577e-17 1
7180 2.0608e-15 5.87577e-17 1
7181.5 2.05373e-15 5.87577e-17 1
7183 2.09845e-15 5.87577e-17 1
7184.5 2.08763e-15 5.87577e-17 1
7186 2.02492e-15 5.87577e-17 1
7187.5 1.98496e-15 5.87577e-17 1
7189 1.97436e-15 5.87577e-17 1
7190.5 1.94559e-15 5.87577e-17 1
7192 1.91802e-15 5.87577e-17 1
7193.5 1.99798e-15 5.87577e-17 1
7195 1.90874e-15 5.87577e-17 1
7196.5 1.9462e-15 5.87577e-17 1
7198 1.98132e-15 5.87577e-17 1
7199.5 1.95374e-15 5.87577e-17 1
7201 1.95654e-15 5.87577e-17 1
7202.5 1.90449e-15 5.87577e-17 1
7204 1.87969e-15 5.87577e-17 1
7205.5 1.88363e-15 5.87577e-17 1
7207 1.86808e-15 5.87577e-17 1
7208.5 1.85324e-15 5.87577e-17 1
7210 1.84035e-15 5.87577e-17 1
7211.5 1.87257e-15 5.87577e-17 1
7213 1.86189e-15 5.87577e-17 1
7214.5 1.89897e-15 5.87577e-17 1
7216 1.97184e-15 5.87577e-17 1
7217.5 1.9576e-15 5.87577e-17 1
7219 1.93475e-15 5.87577e-17 1
7220.5 1.96868e-15 5.87577e-17 1
7222 1.97504e-15 5.87577e-17 1
7223.5 1.88006e-15 5.87577e-17 1
7225 1.86452e-15 5.87577e-17 1
7226.5 1.88391e-15 5.87577e-17 1
7228 1.82918e-15 5.87577e-17 1
7229.5 1.87353e-15 5.87577e-17 1
7231 2.02378e-15 5.87577e-17 1
7232.5 2.01767e-15 5.87577e-17 1
7234 1.95837e-15 5.87577e-17 1
7235.5 1.96173e-15 5.87577e-17 1
7237 1.95992e-15 5.87577e-17 1
7238.5 1.99977e-15 5.87577e-17 1
7240 1.92646e-15 5.87577e-17 1
7241.5 1.83733e-15 5.87577e-17 1
7243 1.7968e-15 5.87577e-17 1
7244.5 1.80437e-15 5.87577e-17 1
7246 1.87318e-15 5.87577e-17 1
7247.5 1.78287e-15 5.87577e-17 1
7249 1.77938e-15 5.87577e-17 1
7250.5 1.85384e-15 5.87577e-17 1
7252 1.94245e-15 5.87577e-17 1
7253.5 1.88432e-15 5.87577e-17 1
7255 1.87799e-15 5.87577e-17 1
7256.5 1.89858e-15 5.87577e-17 1
7258 1.84752e-15 5.87577e-17 1
7259.5 1.85514e-15 5.87577e-17 1
7261 1.7594e-15 5.87577e-17 1
7262.5 1.80161e-15 5.87577e-17 1
7264 1.83977e-15 5.87577e-17 1
7265.5 1.79631e-15 5.87577e-17 1
7267 1.92902e-15 5.87577e-17 1
7268.5 1.87775e-15 5.87577e-17 1
7270 1.91034e-15 5.87577e-17 1
7271.5 1.90073e-15 5.87577e-17 1
7273 1.87787e-15 5.87577e-17 1
7274.5 1.92763e-15 5.87577e-17 1
7276 1.83393e-15 5.87577e-17 1
7277.5 1.846e-15 5.87577e-17 1
7279 1.83805e-15 5.87577e-17 1
7280.5 1.84982e-15 5.87577e-17 1
7282 1.85981e-15 5.87577e-17 1
7283.5 1.86119e-15 5.87577e-17 1
7285 1.88574e-15 5.87577e-17 1
7286.5 1.91838e-15 5.87577e-17 1
7288 1.91395e-15 5.87577e-17 1
7289.5 1.86989e-15 5.87577e-17 1
7291 1.86728e-15 5.87577e-17 1
7292.5 1.96072e-15 5.87577e-17 1
7294 1.97889e-15 5.87577e-17 1
7295.5 1.93035e-15 5.87577e-17 1
7297 1.88527e-15 5.87577e-17 1
7298.5 1.89002e-15 5.87577e-17 1
7300 1.86081e-15 5.87577e-17 1
7301.5 1.81315e-15 5.87577e-17 1
7303 1.88141e-15 5.87577e-17 1
7304.5 1.91829e-15 5.87577e-17 1
7306 1.84708e-15 5.87577e-17 1
7307.5 1.83803e-15 5.87577e-17 1
7309 1.81475e-15 5.87577e-17 1
7310.5 1.77275e-15 5.87577e-17 1
7312 1.85205e-15 5.87577e-17 1
7313.5 1.89796e-15 5.87577e-17 1
7315 1.8709e-15 5.87577e-17 1
7316.5 1.84172e-15 5.87577e-17 1
7318 1.78803e-15 5.87577e-17 1
7319.5 1.75297e-15 5.87577e-17 1
