# converted by J. Guy, 2010-10-18
# from  Howell et al. 2005ApJ...634.1190H
@Redshift 0.679
@FORMAT STD
@Date 52947
@EXTRACT_TYPE G
@GALAXY_MODEL E8
@SELECTED_FOR_SNLS3_TRAINING 1
@SN 03D1co
@SURVEY SNLS_GEMINI_SPEC
@Source GEMINI
#WAVE : wavelength, observer frame, in A
#FLUX : erg/s/cm2/A
#ERR  : statistical uncertainty on flux
#VALID : 1=ok 0=ignore
#end
5203.19 7.33e-19 8.68e-19 0
5208.19 -1.82e-19 8.64e-19 0
5213.19 1.154e-18 8.6e-19 0
5218.19 9.14e-19 9.89e-19 0
5223.19 1.455e-18 8.53e-19 0
5228.19 1.525e-18 8.49e-19 0
5233.19 2.9e-19 8.45e-19 0
5238.19 2.677e-18 9.72e-19 0
5243.19 1.135e-18 8.38e-19 0
5248.19 2.84e-19 8.34e-19 0
5253.19 -7.6e-20 9.6e-19 0
5258.19 1.377e-18 8.27e-19 0
5263.19 1.026e-18 8.23e-19 0
5268.19 -4.14e-19 8.19e-19 0
5273.19 -1.5e-20 9.42e-19 0
5278.19 5.79e-19 8.13e-19 0
5283.19 9.06e-19 8.09e-19 0
5288.19 1.432e-18 9.3e-19 0
5293.19 9.48e-19 8.02e-19 0
5298.19 2.016e-18 7.98e-19 0
5303.19 1.574e-18 7.94e-19 1
5308.19 1.69e-19 9.13e-19 1
5313.19 1.51e-19 7.87e-19 1
5318.19 1.414e-18 7.84e-19 1
5323.19 -8e-21 7.8e-19 1
5328.19 1.16e-18 8.97e-19 1
5333.19 2.16e-19 7.73e-19 1
5338.19 6.59e-19 7.69e-19 1
5343.19 1.023e-18 8.84e-19 1
5348.19 1.751e-18 7.63e-19 1
5353.19 -9.6e-20 7.59e-19 1
5358.19 8.18e-19 7.55e-19 1
5363.19 -6.3e-20 8.68e-19 1
5368.19 6.55e-19 7.49e-19 1
5373.19 -1.1e-19 7.45e-19 1
5378.19 -1.78e-19 7.41e-19 1
5383.19 5.41e-19 8.52e-19 1
5388.19 3.43e-19 7.35e-19 1
5393.19 2.47e-19 7.31e-19 1
5398.19 1.71e-19 8.4e-19 1
5403.19 -0 7.24e-19 1
5408.19 1.405e-18 7.21e-19 1
5413.19 2.5e-19 7.17e-19 1
5418.19 1.072e-18 8.24e-19 1
5423.19 -2.71e-19 7.11e-19 1
5428.19 4.8e-19 7.07e-19 1
5433.19 9.82e-19 8.13e-19 1
5438.19 1.16e-19 7.01e-19 1
5443.19 6.31e-19 6.97e-19 1
5448.19 -9.8e-20 6.93e-19 1
5453.19 -1.44e-19 7.97e-19 1
5458.19 3.56e-19 6.87e-19 1
5463.19 2.58e-19 6.83e-19 1
5468.19 -1.91e-19 6.8e-19 1
5473.19 2.1e-20 7.82e-19 1
5478.19 1.01e-19 6.74e-19 1
5483.19 9.1e-20 6.7e-19 1
5488.19 -3.31e-19 7.7e-19 1
5493.19 6.19e-19 6.64e-19 1
5498.19 9.51e-19 6.6e-19 1
5503.19 3.05e-19 6.57e-19 1
5508.19 6.93e-19 7.55e-19 1
5513.19 5.8e-19 6.51e-19 1
5518.19 7.51e-19 6.47e-19 1
5523.19 3.49e-19 7.44e-19 1
5528.19 3.8e-19 6.41e-19 1
5533.19 3.59e-19 6.38e-19 1
5538.19 6.16e-19 6.34e-19 1
5543.19 6.66e-19 7.29e-19 1
5548.19 7.06e-19 6.28e-19 1
5553.19 1.403e-18 6.25e-19 1
5558.19 4.8e-19 6.21e-19 1
5563.19 7.67e-19 7.14e-19 1
5568.19 -3.33e-19 6.15e-19 1
5573.19 -8e-20 6.12e-19 1
5578.19 -1.83e-19 7.03e-19 1
5583.19 6.19e-19 6.06e-19 1
5588.19 -3.8e-19 6.02e-19 1
5593.19 -4.6e-20 5.99e-19 1
5598.19 8.69e-19 6.88e-19 1
5603.19 6.37e-19 5.93e-19 1
5608.19 7.16e-19 5.9e-19 1
5613.19 6.08e-19 6.78e-19 1
5618.19 4.99e-19 5.84e-19 1
5623.19 4e-19 5.81e-19 1
5628.19 5.45e-19 5.77e-19 1
5633.19 -4.82e-19 6.63e-19 1
5638.19 3.08e-19 5.72e-19 1
5643.19 3.56e-19 5.68e-19 1
5648.19 1.01e-19 5.65e-19 1
5653.19 1.02e-19 6.49e-19 1
5658.19 1.338e-18 5.59e-19 1
5663.19 7.4e-20 5.56e-19 1
5668.19 7.25e-19 6.39e-19 1
5673.19 2.18e-19 5.5e-19 1
5678.19 3.31e-19 5.47e-19 1
5683.19 5.9e-20 5.44e-19 1
5688.19 8.56e-19 6.25e-19 1
5693.19 6.05e-19 5.38e-19 1
5698.19 9.35e-19 5.35e-19 1
5703.19 1.17e-19 6.14e-19 1
5708.19 2.24e-19 5.29e-19 1
5713.19 4.2e-20 5.26e-19 1
5718.19 7.44e-19 5.23e-19 1
5723.19 4.33e-19 6.01e-19 1
5728.19 -3.9e-20 5.17e-19 1
5733.19 6.11e-19 5.14e-19 1
5738.19 7.02e-19 5.11e-19 1
5743.19 3.42e-19 5.87e-19 1
5748.19 1.08e-19 5.06e-19 1
5753.19 8.69e-19 5.03e-19 1
5758.19 7.06e-19 5.77e-19 1
5763.19 3.77e-19 4.97e-19 1
5768.19 7.91e-19 4.94e-19 1
5773.19 5.21e-19 4.91e-19 1
5778.19 4.36e-19 5.64e-19 1
5783.19 9.17e-19 4.86e-19 1
5788.19 3.24e-19 4.82e-19 1
5793.19 1.56e-19 5.54e-19 1
5798.19 9.27e-19 4.77e-19 1
5803.19 6.3e-19 4.74e-19 1
5808.19 9.2e-20 4.71e-19 1
5813.19 1e-19 5.41e-19 1
5818.19 4.79e-19 4.66e-19 1
5823.19 8.49e-19 4.63e-19 1
5828.19 7.17e-19 4.6e-19 1
5833.19 7.11e-19 5.28e-19 1
5838.19 4.01e-19 4.55e-19 1
5843.19 5.8e-19 4.52e-19 1
5848.19 4.36e-19 5.19e-19 1
5853.19 5.38e-19 4.46e-19 1
5858.19 1.56e-19 4.44e-19 1
5863.19 5.48e-19 4.41e-19 1
5868.19 5.08e-19 5.06e-19 1
5873.19 5.35e-19 4.36e-19 1
5878.19 5.59e-19 4.33e-19 1
5883.19 9.02e-19 4.97e-19 1
5888.19 2.11e-19 4.28e-19 1
5893.19 6.3e-20 4.25e-19 1
5898.19 7.12e-19 4.22e-19 1
5903.19 5.99e-19 4.84e-19 1
5908.19 8.45e-19 4.17e-19 1
5913.19 9.04e-19 4.14e-19 1
5918.19 6.73e-19 4.11e-19 1
5923.19 9.48e-19 4.72e-19 1
5928.19 3.88e-19 4.06e-19 1
5933.19 4.34e-19 4.03e-19 1
5938.19 7.81e-19 4.63e-19 1
5943.19 -9.2e-20 3.98e-19 1
5948.19 7.66e-19 3.96e-19 1
5953.19 3.85e-19 3.93e-19 1
5958.19 6.56e-19 4.51e-19 1
5963.19 7.92e-19 3.88e-19 1
5968.19 9.14e-19 3.85e-19 1
5973.19 5.83e-19 4.42e-19 1
5978.19 4.18e-19 3.8e-19 1
5983.19 7.71e-19 3.78e-19 1
5988.19 6.39e-19 3.75e-19 1
5993.19 1.084e-18 4.3e-19 1
5998.19 4.64e-19 3.7e-19 1
6003.19 3.55e-19 3.68e-19 1
6008.19 5.28e-19 3.65e-19 1
6013.19 7.78e-19 4.19e-19 1
6018.19 3.55e-19 3.6e-19 1
6023.19 3.64e-19 3.58e-19 1
6028.19 5.99e-19 4.1e-19 1
6033.19 8.19e-19 3.53e-19 1
6038.19 7.71e-19 3.5e-19 1
6043.19 8.19e-19 3.48e-19 1
6048.19 5.7e-19 3.99e-19 1
6053.19 5.23e-19 3.43e-19 1
6058.19 4.79e-19 3.4e-19 1
6063.19 4.43e-19 3.9e-19 1
6068.19 7.12e-19 3.36e-19 1
6073.19 6.6e-19 3.33e-19 1
6078.19 5.33e-19 3.31e-19 1
6083.19 8e-19 3.79e-19 1
6088.19 5.61e-19 3.26e-19 1
6093.19 2.74e-19 3.24e-19 1
6098.19 6.57e-19 3.21e-19 1
6103.19 9.38e-19 3.68e-19 1
6108.19 6.25e-19 3.17e-19 1
6113.19 6.5e-19 3.14e-19 1
6118.19 4.47e-19 3.6e-19 1
6123.19 3.17e-19 3.1e-19 1
6128.19 1.69e-19 3.07e-19 1
6133.19 5.99e-19 3.05e-19 1
6138.19 5.89e-19 3.49e-19 1
6143.19 9.03e-19 3.01e-19 1
6148.19 7.49e-19 2.98e-19 1
6153.19 6.76e-19 3.42e-19 1
6158.19 2.54e-19 2.94e-19 1
6163.19 5.76e-19 2.91e-19 1
6168.19 2.28e-19 2.89e-19 1
6173.19 4.23e-19 3.31e-19 1
6178.19 5.51e-19 2.85e-19 1
6183.19 7.06e-19 2.82e-19 1
6188.19 4.06e-19 2.8e-19 1
6193.19 1.96e-19 3.21e-19 1
6198.19 4.5e-19 2.76e-19 1
6203.19 5.13e-19 2.73e-19 1
6208.19 5.83e-19 3.14e-19 1
6213.19 6.05e-19 2.69e-19 1
6218.19 4.08e-19 2.67e-19 1
6223.19 3.77e-19 2.65e-19 1
6228.19 5.22e-19 3.03e-19 1
6233.19 3.87e-19 2.61e-19 1
6238.19 5.13e-19 2.58e-19 1
6243.19 4.1e-19 2.96e-19 1
6248.19 5.04e-19 2.54e-19 1
6253.19 5.22e-19 2.52e-19 1
6258.19 1.002e-18 2.5e-19 1
6263.19 6.43e-19 2.86e-19 1
6268.19 4.16e-19 2.46e-19 1
6273.19 4.78e-19 2.43e-19 1
6278.19 7.02e-19 2.41e-19 1
6283.19 6.22e-19 2.76e-19 1
6288.19 2.19e-19 2.37e-19 1
6293.19 4.21e-19 2.35e-19 1
6298.19 1.028e-18 2.69e-19 1
6303.19 9.07e-19 2.31e-19 1
6308.19 7.86e-19 2.29e-19 1
6313.19 5.43e-19 2.27e-19 1
6318.19 6.62e-19 2.6e-19 1
6323.19 5.55e-19 2.23e-19 1
6328.19 1.9e-19 2.21e-19 1
6333.19 6.32e-19 2.53e-19 1
6338.19 1.011e-18 2.17e-19 1
6343.19 4.06e-19 2.15e-19 1
6348.19 6.28e-19 2.13e-19 1
6353.19 6.95e-19 2.44e-19 1
6358.19 5.97e-19 2.09e-19 1
6363.19 -1.05e-19 2.07e-19 1
6368.19 3.93e-19 2.05e-19 1
6373.19 3.48e-19 2.34e-19 1
6378.19 3.09e-19 2.01e-19 1
6383.19 2.82e-19 1.99e-19 1
6388.19 4.85e-19 2.28e-19 1
6393.19 4.93e-19 1.96e-19 1
6398.19 7.03e-19 1.94e-19 1
6403.19 6.79e-19 1.92e-19 1
6408.19 5.74e-19 2.19e-19 1
6413.19 5.95e-19 1.88e-19 1
6418.19 4.48e-19 1.86e-19 1
6423.19 6.15e-19 2.13e-19 1
6428.19 5.64e-19 1.83e-19 1
6433.19 3.9e-19 1.81e-19 1
6438.19 6.33e-19 1.79e-19 1
6443.19 5.62e-19 2.04e-19 1
6448.19 5.04e-19 1.75e-19 1
6453.19 5.23e-19 1.73e-19 1
6458.19 5.68e-19 1.71e-19 1
6463.19 5.72e-19 1.96e-19 1
6468.19 5.75e-19 1.68e-19 1
6473.19 5.76e-19 1.66e-19 1
6478.19 5.76e-19 1.9e-19 1
6483.19 5.76e-19 1.63e-19 1
6488.19 5.75e-19 1.61e-19 1
6493.19 5.01e-19 1.59e-19 1
6498.19 8.01e-19 1.81e-19 1
6503.19 7.31e-19 1.56e-19 1
6508.19 6.87e-19 1.54e-19 1
6513.19 7.9e-19 1.76e-19 1
6518.19 8.13e-19 1.5e-19 1
6523.19 7.08e-19 1.49e-19 1
6528.19 7.24e-19 1.47e-19 1
6533.19 2.01e-19 1.67e-19 1
6538.19 6.55e-19 1.44e-19 1
6543.19 6.97e-19 1.42e-19 1
6548.19 6.9e-19 1.4e-19 1
6553.19 5.2e-19 1.6e-19 1
6558.19 7.58e-19 1.37e-19 1
6563.19 1.211e-18 1.35e-19 1
6568.19 7.2e-19 1.54e-19 1
6573.19 6.55e-19 1.32e-19 1
6578.19 6.94e-19 1.3e-19 1
6583.19 6.86e-19 1.29e-19 1
6588.19 5.48e-19 1.47e-19 1
6593.19 5.21e-19 1.26e-19 1
6598.19 5.71e-19 1.24e-19 1
6603.19 4.76e-19 1.41e-19 1
6608.19 6.75e-19 1.21e-19 1
6613.19 8.46e-19 1.19e-19 1
6618.19 7.98e-19 1.17e-19 1
6623.19 8.84e-19 1.34e-19 1
6628.19 7.34e-19 1.15e-19 1
6633.19 7.05e-19 1.13e-19 1
6638.19 7.11e-19 1.11e-19 1
6643.19 6.37e-19 1.27e-19 1
6648.19 6.53e-19 1.08e-19 1
6653.19 4.7e-19 1.07e-19 1
6658.19 7.1e-19 1.22e-19 1
6663.19 5.14e-19 1.04e-19 1
6668.19 5.2e-19 1.02e-19 1
6673.19 5.99e-19 1.01e-19 1
6678.19 5.27e-19 1.15e-19 1
6683.19 6.11e-19 9.8e-20 1
6688.19 6.22e-19 9.6e-20 1
6693.19 7.44e-19 1.1e-19 1
6698.19 6.41e-19 9.4e-20 1
6703.19 7.78e-19 9.2e-20 1
6708.19 6.65e-19 9.1e-20 1
6713.19 7.28e-19 1.03e-19 1
6718.19 8.26e-19 8.8e-20 1
6723.19 7.03e-19 8.6e-20 1
6728.19 8.19e-19 8.5e-20 1
6733.19 7.63e-19 9.7e-20 1
6738.19 8.83e-19 8.2e-20 1
6743.19 6.32e-19 8.1e-20 1
6748.19 4.89e-19 9.2e-20 1
6753.19 8.78e-19 7.8e-20 1
6758.19 8.8e-19 7.7e-20 1
6763.19 6.98e-19 7.5e-20 1
6768.19 9.24e-19 8.6e-20 1
6773.19 9.2e-19 7.3e-20 1
6778.19 6.1e-19 7.2e-20 1
6783.19 8.34e-19 8.1e-20 1
6788.19 9.12e-19 6.9e-20 1
6793.19 6.89e-19 6.8e-20 1
6798.19 8.29e-19 6.6e-20 1
6803.19 7.15e-19 7.5e-20 1
6808.19 7.46e-19 6.4e-20 1
6813.19 7e-19 6.3e-20 1
6818.19 7.86e-19 6.1e-20 1
6823.19 8.8e-19 6.9e-20 1
6828.19 7.59e-19 5.9e-20 1
6833.19 7.24e-19 5.8e-20 1
6838.19 7.2e-19 6.5e-20 1
6843.19 6.45e-19 5.5e-20 1
6848.19 6.89e-19 5.4e-20 1
6853.19 5.66e-19 5.3e-20 1
6858.19 4.66e-19 6e-20 1
6863.19 9.42e-19 5e-20 1
6868.19 7.62e-19 4.9e-20 1
6873.19 7.92e-19 5.6e-20 1
6878.19 4.99e-19 4.7e-20 1
6883.19 9.17e-19 4.6e-20 1
6888.19 7.44e-19 4.5e-20 1
6893.19 5.72e-19 5e-20 1
6898.19 7.17e-19 4.2e-20 1
6903.19 7.44e-19 4.1e-20 1
6908.19 4.83e-19 4e-20 1
6913.19 6.05e-19 4.5e-20 1
6918.19 4.76e-19 3.8e-20 1
6923.19 5.89e-19 3.7e-20 1
6928.19 5.09e-19 4.1e-20 1
6933.19 7.34e-19 3.5e-20 1
6938.19 7.12e-19 3.4e-20 1
6943.19 6.93e-19 3.2e-20 1
6948.19 7.02e-19 3.7e-20 1
6953.19 7.89e-19 3e-20 1
6958.19 5.89e-19 2.9e-20 1
6963.19 1.044e-18 3.3e-20 1
6968.19 7.72e-19 2.7e-20 1
6973.19 6.39e-19 2.6e-20 1
6978.19 7.14e-19 2.5e-20 1
6983.19 9.84e-19 2.8e-20 1
6988.19 6.31e-19 2.3e-20 1
6993.19 6.16e-19 2.2e-20 1
6998.19 6.39e-19 2.1e-20 1
7003.19 5.67e-19 2.3e-20 1
7008.19 5.67e-19 1.9e-20 1
7013.19 6.81e-19 1.8e-20 1
7018.19 6.72e-19 2e-20 1
7023.19 6.62e-19 1.7e-20 1
7028.19 4.64e-19 1.6e-20 1
7033.19 6.06e-19 1.5e-20 1
7038.19 6.36e-19 1.6e-20 1
7043.19 6e-19 1.3e-20 1
7048.19 5.7e-19 1.2e-20 1
7053.19 5.97e-19 1.3e-20 1
7058.19 4.88e-19 1e-20 1
7063.19 5.55e-19 9e-21 1
7068.19 5.57e-19 8e-21 1
7073.19 4.73e-19 9e-21 1
7078.19 6.42e-19 7e-21 1
7083.19 7.37e-19 6e-21 1
7088.19 7.08e-19 5e-21 1
7093.19 6.09e-19 5e-21 1
7098.19 7.98e-19 4e-21 1
7103.19 6.05e-19 3e-21 1
7108.19 4.48e-19 2e-21 1
7113.19 5.9e-19 1e-21 1
7118.19 7.19e-19 1e-21 1
7123.19 4.53e-19 1e-21 1
7128.19 5.47e-19 1e-21 1
7133.19 4.81e-19 2e-21 1
7138.19 6.43e-19 3e-21 1
7143.19 4.59e-19 4e-21 1
7148.19 3.71e-19 4e-21 1
7153.19 5.54e-19 5e-21 1
7158.19 6.48e-19 6e-21 1
7163.19 5.66e-19 7e-21 1
7168.19 5.77e-19 7e-21 1
7173.19 8.72e-19 8e-21 1
7178.19 7.22e-19 9e-21 1
7183.19 6.61e-19 1.1e-20 1
7188.19 6.67e-19 1e-20 1
7193.19 6.78e-19 1.1e-20 1
7198.19 7.42e-19 1.3e-20 1
7203.19 5.44e-19 1.2e-20 1
7208.19 5.7e-19 1.2e-20 1
7213.19 4.19e-19 1.3e-20 1
7218.19 4.61e-19 1.6e-20 1
7223.19 6.57e-19 1.4e-20 1
7228.19 3.63e-19 1.5e-20 1
7233.19 7.12e-19 1.8e-20 1
7238.19 5.65e-19 1.6e-20 1
7243.19 4.98e-19 1.7e-20 1
7248.19 3.34e-19 1.7e-20 1
7253.19 5.96e-19 2.1e-20 1
7258.19 3.99e-19 1.9e-20 1
7263.19 5.36e-19 1.9e-20 1
7268.19 7.35e-19 2e-20 1
7273.19 5.62e-19 2.3e-20 1
7278.19 6.83e-19 2.1e-20 1
7283.19 4.44e-19 2.1e-20 1
7288.19 7.87e-19 2.5e-20 1
7293.19 5.76e-19 2.2e-20 1
7298.19 6.17e-19 2.3e-20 1
7303.19 8.13e-19 2.3e-20 1
7308.19 6.87e-19 2.8e-20 1
7313.19 5.05e-19 2.4e-20 1
7318.19 7.2e-19 2.5e-20 1
7323.19 7.03e-19 2.9e-20 1
7328.19 6.99e-19 2.6e-20 1
7333.19 8.64e-19 2.6e-20 1
7338.19 5.71e-19 2.7e-20 1
7343.19 8.37e-19 3.1e-20 1
7348.19 6.19e-19 2.7e-20 1
7353.19 5.38e-19 2.8e-20 1
7358.19 4.19e-19 2.9e-20 1
7363.19 6.59e-19 3.3e-20 1
7368.19 3.59e-19 2.9e-20 1
7373.19 5.13e-19 3e-20 1
7378.19 9.28e-19 3.5e-20 1
7383.19 8.5e-19 3e-20 1
7388.19 6.06e-19 3.1e-20 1
7393.19 5.3e-19 3.1e-20 1
7398.19 5.6e-19 3.6e-20 1
7403.19 7.22e-19 3.2e-20 1
7408.19 5.73e-19 3.2e-20 1
7413.19 8.2e-19 3.8e-20 1
7418.19 7.33e-19 3.3e-20 1
7423.19 7.01e-19 3.3e-20 1
7428.19 7.8e-19 3.4e-20 1
7433.19 6.19e-19 3.9e-20 1
7438.19 5.98e-19 3.4e-20 1
7443.19 6.26e-19 3.4e-20 1
7448.19 5.85e-19 3.5e-20 1
7453.19 7.73e-19 4e-20 1
7458.19 8.53e-19 3.5e-20 1
7463.19 8.02e-19 3.6e-20 1
7468.19 8.11e-19 4.1e-20 1
7473.19 7.46e-19 3.6e-20 1
7478.19 8.3e-19 3.6e-20 1
7483.19 7.01e-19 3.7e-20 1
7488.19 6.87e-19 4.2e-20 1
7493.19 8e-19 3.7e-20 1
7498.19 7.9e-19 3.7e-20 1
7503.19 7.63e-19 4.3e-20 1
7508.19 7.73e-19 3.8e-20 1
7513.19 7.3e-19 3.8e-20 1
7518.19 5.79e-19 3.8e-20 1
7523.19 6.74e-19 4.4e-20 1
7528.19 4.35e-19 3.8e-20 1
7533.19 6.32e-19 3.8e-20 1
7538.19 5.66e-19 3.9e-20 1
7543.19 7.24e-19 4.4e-20 1
7548.19 8.15e-19 3.9e-20 1
7553.19 7.2e-19 3.9e-20 1
7558.19 6.87e-19 4.5e-20 1
7563.19 7.5e-19 3.9e-20 1
7568.19 6.62e-19 3.9e-20 1
7573.19 1.037e-18 3.9e-20 1
7578.19 8.73e-19 4.5e-20 1
7583.19 4.86e-19 3.9e-20 1
7588.19 9.45e-19 4e-20 1
7593.19 1.162e-18 4.6e-20 1
7598.19 8.72e-19 4e-20 1
7603.19 6.6e-19 4e-20 1
7608.19 6.56e-19 4e-20 1
7613.19 3.39e-19 4.6e-20 1
7618.19 5.96e-19 4e-20 1
7623.19 5.23e-19 4e-20 1
7628.19 3.87e-19 4e-20 1
7633.19 6.5e-19 4.6e-20 1
7638.19 6.49e-19 4e-20 1
7643.19 7.62e-19 4e-20 1
7648.19 8.85e-19 4.6e-20 1
7653.19 7.26e-19 4e-20 1
7658.19 5.4e-19 4e-20 1
7663.19 6.86e-19 4e-20 1
7668.19 8.16e-19 4.6e-20 1
7673.19 9.47e-19 3.9e-20 1
7678.19 8.14e-19 3.9e-20 1
7683.19 7.42e-19 4.5e-20 1
7688.19 8.71e-19 3.9e-20 1
7693.19 7.48e-19 3.9e-20 1
7698.19 8.29e-19 3.9e-20 1
7703.19 7.39e-19 4.4e-20 1
7708.19 7.6e-19 3.9e-20 1
7713.19 9.27e-19 3.9e-20 1
7718.19 7.84e-19 3.8e-20 1
7723.19 6.57e-19 4.4e-20 1
7728.19 8.91e-19 3.8e-20 1
7733.19 9.7e-19 3.8e-20 1
7738.19 6.69e-19 4.3e-20 1
7743.19 8.48e-19 3.8e-20 1
7748.19 8.28e-19 3.7e-20 1
7753.19 6.41e-19 3.7e-20 1
7758.19 8.74e-19 4.3e-20 1
7763.19 7.65e-19 3.7e-20 1
7768.19 8.23e-19 3.7e-20 1
7773.19 7.8e-19 4.2e-20 1
7778.19 7.23e-19 3.6e-20 1
7783.19 5.75e-19 3.6e-20 1
7788.19 4.72e-19 3.6e-20 1
7793.19 6.97e-19 4.1e-20 1
7798.19 4.81e-19 3.5e-20 1
7803.19 9.85e-19 3.5e-20 1
7808.19 5.38e-19 3.5e-20 1
7813.19 6.59e-19 3.9e-20 1
7818.19 8.56e-19 3.4e-20 1
7823.19 6.77e-19 3.4e-20 1
7828.19 7.41e-19 3.8e-20 1
7833.19 7.51e-19 3.3e-20 1
7838.19 9.14e-19 3.3e-20 1
7843.19 5.05e-19 3.2e-20 1
7848.19 1.64e-19 3.7e-20 1
7853.19 8.32e-19 3.2e-20 1
7858.19 8.28e-19 3.1e-20 1
7863.19 9.89e-19 3.6e-20 1
7868.19 8.56e-19 3.1e-20 1
7873.19 6.9e-19 3e-20 1
7878.19 6.6e-19 3e-20 1
7883.19 8.39e-19 3.4e-20 1
7888.19 6.91e-19 2.9e-20 1
7893.19 7.06e-19 2.9e-20 1
7898.19 7.21e-19 2.8e-20 1
7903.19 7.33e-19 3.2e-20 1
7908.19 7.45e-19 2.7e-20 1
7913.19 7.57e-19 2.7e-20 1
7918.19 1.059e-18 3.1e-20 1
7923.19 7.59e-19 2.6e-20 1
7928.19 6.35e-19 2.6e-20 1
7933.19 9.05e-19 2.5e-20 1
7938.19 6.27e-19 2.8e-20 1
7943.19 7.4e-19 2.4e-20 1
7948.19 6.34e-19 2.4e-20 1
7953.19 8.96e-19 2.7e-20 1
7958.19 7.75e-19 2.3e-20 1
7963.19 4.64e-19 2.2e-20 1
7968.19 7.45e-19 2.2e-20 1
7973.19 4.98e-19 2.4e-20 1
7978.19 4.43e-19 2e-20 1
7983.19 7.7e-19 2e-20 1
7988.19 7.48e-19 1.9e-20 1
7993.19 4.93e-19 2.2e-20 1
7998.19 6.59e-19 1.8e-20 1
8003.19 8.46e-19 1.8e-20 1
8008.19 7.96e-19 2e-20 1
8013.19 6.04e-19 1.7e-20 1
8018.19 7.62e-19 1.6e-20 1
8023.19 7.93e-19 1.5e-20 1
8028.19 4.11e-19 1.7e-20 1
8033.19 7.6e-19 1.4e-20 1
8038.19 7.15e-19 1.3e-20 1
8043.19 7.79e-19 1.5e-20 1
8048.19 7.09e-19 1.2e-20 1
8053.19 6.41e-19 1.1e-20 1
8058.19 5.23e-19 1.1e-20 1
8063.19 6.51e-19 1.2e-20 1
8068.19 7.26e-19 9e-21 1
8073.19 4.76e-19 9e-21 1
8078.19 6.33e-19 8e-21 1
8083.19 5.14e-19 8e-21 1
8088.19 6.43e-19 7e-21 1
8093.19 5.45e-19 6e-21 1
8098.19 6.14e-19 6e-21 1
8103.19 6.79e-19 4e-21 1
8108.19 6.98e-19 4e-21 1
8113.19 5.7e-19 3e-21 1
8118.19 7.08e-19 2e-21 1
8123.19 6.36e-19 1e-21 1
8128.19 7.13e-19 1e-21 1
8133.19 6.87e-19 1e-21 1
8138.19 6.01e-19 1e-21 1
8143.19 3.29e-19 2e-21 1
8148.19 4.62e-19 2e-21 1
8153.19 4.93e-19 4e-21 1
8158.19 7.95e-19 4e-21 1
8163.19 4.73e-19 5e-21 1
8168.19 6.39e-19 6e-21 1
8173.19 4.79e-19 8e-21 1
8178.19 5.21e-19 7e-21 1
8183.19 5.58e-19 8e-21 1
8188.19 4.47e-19 1.1e-20 1
8193.19 7.28e-19 1e-20 1
8198.19 5.97e-19 1.1e-20 1
8203.19 5.84e-19 1.2e-20 1
8208.19 6.71e-19 1.5e-20 1
8213.19 6.16e-19 1.3e-20 1
8218.19 6.65e-19 1.4e-20 1
8223.19 8.29e-19 1.8e-20 1
8228.19 5.4e-19 1.6e-20 1
8233.19 5.54e-19 1.7e-20 1
8238.19 5.65e-19 1.8e-20 1
8243.19 5.83e-19 2.2e-20 1
8248.19 5.25e-19 2e-20 1
8253.19 5.96e-19 2.1e-20 1
8258.19 7.55e-19 2.2e-20 1
8263.19 7.3e-19 2.7e-20 1
8268.19 6.59e-19 2.4e-20 1
8273.19 6.55e-19 2.5e-20 1
8278.19 4.36e-19 3e-20 1
8283.19 6.12e-19 2.7e-20 1
8288.19 7.59e-19 2.8e-20 1
8293.19 7.6e-19 2.9e-20 1
8298.19 8.54e-19 3.5e-20 1
8303.19 7.28e-19 3.1e-20 1
8308.19 5.84e-19 3.2e-20 1
8313.19 3.45e-19 3.8e-20 1
8318.19 5.5e-19 3.4e-20 1
8323.19 6.83e-19 3.5e-20 1
8328.19 5.46e-19 3.6e-20 1
8333.19 4.68e-19 4.3e-20 1
8338.19 2.99e-19 3.8e-20 1
8343.19 5.48e-19 4e-20 1
8348.19 6.75e-19 4.1e-20 1
8353.19 5.63e-19 4.8e-20 1
8358.19 6.49e-19 4.3e-20 1
8363.19 7.73e-19 4.4e-20 1
8368.19 7.07e-19 5.2e-20 1
8373.19 7.43e-19 4.6e-20 1
8378.19 6.7e-19 4.8e-20 1
8383.19 7.69e-19 4.9e-20 1
8388.19 4.63e-19 5.8e-20 1
8393.19 5.88e-19 5.1e-20 1
8398.19 2.65e-19 5.2e-20 1
8403.19 1.193e-18 6.2e-20 1
8408.19 6.53e-19 5.5e-20 1
8413.19 5.61e-19 5.6e-20 1
8418.19 5.37e-19 5.7e-20 1
8423.19 8.09e-19 6.8e-20 1
8428.19 7.42e-19 6e-20 1
8433.19 3.83e-19 6.1e-20 1
8438.19 5.92e-19 6.2e-20 1
8443.19 8.41e-19 7.3e-20 1
8448.19 6.57e-19 6.5e-20 1
8453.19 5.91e-19 6.6e-20 1
8458.19 6.29e-19 7.8e-20 1
8463.19 1.59e-19 6.8e-20 1
8468.19 8.33e-19 7e-20 1
8473.19 6.62e-19 7.1e-20 1
8478.19 3.57e-19 8.4e-20 1
8483.19 5.46e-19 7.4e-20 1
8488.19 7.85e-19 7.5e-20 1
8493.19 5.26e-19 8.8e-20 1
8498.19 4.85e-19 7.8e-20 1
8503.19 6.55e-19 7.9e-20 1
8508.19 4.07e-19 8.1e-20 1
8513.19 6.38e-19 9.4e-20 1
8518.19 8.63e-19 8.3e-20 1
8523.19 7.47e-19 8.5e-20 1
8528.19 7.34e-19 8.6e-20 1
8533.19 8.6e-19 1.01e-19 1
8538.19 8.5e-19 8.9e-20 1
8543.19 6.65e-19 9e-20 1
8548.19 5.47e-19 1.06e-19 1
8553.19 4.98e-19 9.3e-20 1
8558.19 6.57e-19 9.4e-20 1
8563.19 7.02e-19 9.6e-20 1
8568.19 4.6e-19 1.13e-19 1
8573.19 3.71e-19 9.9e-20 1
8578.19 3.76e-19 1e-19 1
8583.19 6.69e-19 1.18e-19 1
8588.19 2.66e-19 1.03e-19 1
8593.19 7.72e-19 1.05e-19 1
8598.19 7.59e-19 1.06e-19 1
8603.19 7.28e-19 1.25e-19 1
8608.19 6.72e-19 1.09e-19 1
8613.19 7.55e-19 1.11e-19 1
8618.19 3.77e-19 1.12e-19 1
8623.19 8.85e-19 1.32e-19 1
8628.19 3.71e-19 1.15e-19 1
8633.19 4.95e-19 1.17e-19 1
8638.19 8.64e-19 1.37e-19 1
8643.19 5.31e-19 1.2e-19 1
8648.19 5.99e-19 1.22e-19 1
8653.19 5.94e-19 1.23e-19 1
8658.19 5.72e-19 1.44e-19 1
8663.19 2.29e-19 1.26e-19 1
8668.19 6.5e-19 1.28e-19 1
8673.19 7.7e-19 1.5e-19 1
8678.19 5.77e-19 1.31e-19 1
8683.19 4.93e-19 1.33e-19 1
8688.19 7.12e-19 1.35e-19 1
8693.19 1.051e-18 1.57e-19 1
8698.19 7.46e-19 1.38e-19 1
8703.19 5.27e-19 1.39e-19 1
8708.19 7.22e-19 1.41e-19 1
8713.19 6.72e-19 1.65e-19 1
8718.19 5.75e-19 1.44e-19 1
8723.19 4.43e-19 1.46e-19 1
8728.19 6.2e-19 1.71e-19 1
8733.19 5.25e-19 1.49e-19 1
8738.19 8.06e-19 1.51e-19 1
8743.19 6.18e-19 1.53e-19 1
8748.19 8.2e-19 1.79e-19 1
8753.19 5.15e-19 1.56e-19 1
8758.19 4.26e-19 1.58e-19 1
8763.19 7.01e-19 1.85e-19 1
8768.19 9.59e-19 1.62e-19 1
8773.19 5.21e-19 1.63e-19 1
8778.19 8.48e-19 1.65e-19 1
8783.19 7.7e-19 1.93e-19 1
8788.19 6.57e-19 1.69e-19 1
8793.19 6.15e-19 1.71e-19 1
8798.19 8.26e-19 1.73e-19 1
8803.19 7.14e-19 2.01e-19 1
8808.19 6.78e-19 1.76e-19 1
8813.19 6.72e-19 1.78e-19 1
8818.19 8.7e-19 2.08e-19 1
8823.19 3.26e-19 1.81e-19 1
8828.19 7.22e-19 1.83e-19 1
8833.19 5.98e-19 1.85e-19 1
8838.19 8.63e-19 2.16e-19 1
8843.19 6.37e-19 1.89e-19 1
8848.19 5.23e-19 1.91e-19 1
8853.19 5.33e-19 2.23e-19 1
8858.19 7.9e-19 1.95e-19 1
8863.19 8.56e-19 1.97e-19 1
8868.19 1.126e-18 1.99e-19 1
8873.19 8.38e-19 2.32e-19 1
8878.19 5.43e-19 2.02e-19 1
8883.19 4e-19 2.04e-19 1
8888.19 4.12e-19 2.06e-19 1
8893.19 6.03e-19 2.41e-19 1
8898.19 4.14e-19 2.1e-19 1
8903.19 5.17e-19 2.12e-19 1
8908.19 6.84e-19 2.47e-19 1
8913.19 5.25e-19 2.16e-19 1
8918.19 1.271e-18 2.18e-19 1
8923.19 7.07e-19 2.2e-19 1
8928.19 6.35e-19 2.56e-19 1
8933.19 5.66e-19 2.24e-19 1
8938.19 5.64e-19 2.26e-19 1
8943.19 1.172e-18 2.63e-19 1
8948.19 6.66e-19 2.3e-19 1
8953.19 4.16e-19 2.32e-19 1
8958.19 2.7e-20 2.34e-19 1
8963.19 7.14e-19 2.73e-19 1
8968.19 3.95e-19 2.38e-19 1
8973.19 4.68e-19 2.41e-19 1
8978.19 4.72e-19 2.43e-19 1
8983.19 2.75e-19 2.83e-19 1
8988.19 5.81e-19 2.47e-19 1
8993.19 5.02e-19 2.49e-19 1
8998.19 7.92e-19 2.9e-19 1
9003.19 7.48e-19 2.53e-19 1
9008.19 6.49e-19 2.55e-19 1
9013.19 5e-19 2.58e-19 1
9018.19 4.88e-19 3e-19 1
9023.19 7.13e-19 2.62e-19 1
9028.19 8.12e-19 2.64e-19 1
9033.19 6.19e-19 3.07e-19 1
9038.19 6.54e-19 2.68e-19 1
9043.19 6.56e-19 2.7e-19 1
9048.19 3.75e-19 2.73e-19 1
9053.19 3.48e-19 3.17e-19 1
9058.19 5.83e-19 2.77e-19 1
9063.19 2.65e-19 2.79e-19 1
9068.19 3.9e-19 2.82e-19 1
9073.19 5.21e-19 3.28e-19 1
9078.19 5.46e-19 2.86e-19 1
9083.19 6.07e-19 2.88e-19 1
9088.19 6.55e-19 3.35e-19 1
9093.19 6.8e-19 2.92e-19 1
9098.19 6.13e-19 2.95e-19 1
9103.19 9.5e-19 2.97e-19 1
9108.19 5.65e-19 3.46e-19 1
9113.19 6.96e-19 3.02e-19 1
9118.19 6.91e-19 3.04e-19 1
9123.19 7.58e-19 3.54e-19 1
9128.19 7.79e-19 3.08e-19 1
9133.19 7.55e-19 3.11e-19 1
9138.19 4.63e-19 3.13e-19 1
9143.19 6.43e-19 3.65e-19 1
9148.19 3.69e-19 3.18e-19 1
9153.19 4.53e-19 3.2e-19 1
9158.19 5.78e-19 3.23e-19 1
9163.19 4.57e-19 3.76e-19 1
9168.19 9.28e-19 3.27e-19 1
9173.19 8.7e-19 3.3e-19 1
9178.19 6.56e-19 3.84e-19 1
9183.19 5.25e-19 3.34e-19 1
9188.19 7.84e-19 3.37e-19 1
9193.19 1.098e-18 3.4e-19 1
9198.19 9.08e-19 3.95e-19 1
9203.19 8.86e-19 3.44e-19 1
9208.19 5.67e-19 3.47e-19 1
9213.19 6.15e-19 4.03e-19 1
9218.19 5.41e-19 3.51e-19 1
9223.19 3.51e-19 3.54e-19 1
9228.19 5.37e-19 3.57e-19 1
9233.19 6.82e-19 4.15e-19 1
9238.19 4.9e-19 3.61e-19 1
9243.19 8.54e-19 3.64e-19 1
9248.19 7.4e-19 3.67e-19 1
9253.19 6.63e-19 4.26e-19 1
9258.19 3.1e-19 3.72e-19 1
9263.19 6.17e-19 3.74e-19 1
9268.19 8.25e-19 4.35e-19 1
9273.19 6.11e-19 3.79e-19 1
9278.19 6.61e-19 3.82e-19 1
9283.19 6.95e-19 3.84e-19 1
9288.19 7.15e-19 4.47e-19 1
9293.19 6.35e-19 3.89e-19 1
9298.19 4.31e-19 3.92e-19 1
9303.19 -3.16e-19 4.56e-19 1
9308.19 3.61e-19 3.97e-19 1
9313.19 9.29e-19 4e-19 1
9318.19 5.5e-20 4.03e-19 1
9323.19 1.203e-18 4.68e-19 1
