# converted by J. Guy, 2010-10-18
# from  Ellis et al. 2008ApJ...674...51E
@Redshift 0.2478
@FORMAT STD
@Date 53704
@SELECTED_FOR_SNLS3_TRAINING 1
@SN 05D1iy
@SURVEY SNLS_KECK_SPEC
@Source KECK
#WAVE : wavelength, observer frame, in A
#FLUX : erg/s/cm2/A
#ERR  : statistical uncertainty on flux
#VALID : 1=ok 0=ignore
#end
3740.599 7.2971e-17 1.0489e-17 1
3745.6 7.8542e-17 8.876e-18 1
3750.601 7.4116e-17 9.135e-18 1
3755.602 7.7999e-17 8.72e-18 1
3760.603 8.0917e-17 8.241e-18 1
3765.604 7.4209e-17 7.89e-18 1
3770.604 9.2566e-17 8.303e-18 1
3775.605 9.7546e-17 8.037e-18 1
3780.606 9.3133e-17 8.257e-18 1
3785.607 7.7217e-17 7.753e-18 1
3790.607 7.9657e-17 8.114e-18 1
3795.608 8.5947e-17 7.546e-18 1
3800.609 8.2278e-17 7.15e-18 1
3805.61 9.1678e-17 7.536e-18 1
3810.611 9.3296e-17 7.846e-18 1
3815.611 9.4811e-17 7.925e-18 1
3820.612 7.4717e-17 7.46e-18 1
3825.613 7.7318e-17 7.569e-18 1
3830.614 7.5845e-17 8.107e-18 1
3835.615 8.0796e-17 7.739e-18 1
3840.616 7.0893e-17 7.623e-18 1
3845.616 9.5724e-17 7.622e-18 1
3850.617 8.7178e-17 7.224e-18 1
3855.618 8.2022e-17 6.778e-18 1
3860.619 8.2386e-17 6.389e-18 1
3865.619 1.08747e-16 6.796e-18 1
3870.62 9.1893e-17 6.332e-18 1
3875.621 1.04652e-16 6.663e-18 1
3880.622 9.3099e-17 6.281e-18 1
3885.623 8.4023e-17 5.765e-18 1
3890.624 9.4327e-17 6.425e-18 1
3895.624 8.9303e-17 6.585e-18 1
3900.625 9.2495e-17 6.847e-18 1
3905.626 1.1362e-16 7.614e-18 1
3910.627 9.752e-17 7.497e-18 1
3915.627 9.2377e-17 6.56e-18 1
3920.628 9.3659e-17 6.389e-18 1
3925.629 9.0096e-17 6.049e-18 1
3930.63 1.04586e-16 5.773e-18 1
3935.631 9.996e-17 5.904e-18 1
3940.632 1.02569e-16 6.686e-18 1
3945.632 7.7566e-17 6.131e-18 1
3950.633 8.077e-17 6.388e-18 1
3955.634 9.9626e-17 6.222e-18 1
3960.635 9.7591e-17 5.805e-18 1
3965.636 1.05552e-16 5.326e-18 1
3970.636 9.1203e-17 5.282e-18 1
3975.637 9.6241e-17 6.291e-18 1
3980.638 8.172e-17 6.25e-18 1
3985.639 7.0844e-17 5.976e-18 1
3990.639 8.5635e-17 6.002e-18 1
3995.64 8.8768e-17 5.87e-18 1
4000.641 9.471e-17 5.745e-18 1
4005.642 8.51e-17 6.24e-18 1
4010.643 8.3957e-17 6.407e-18 1
4015.644 7.1635e-17 6.084e-18 1
4020.644 8.1e-17 6.062e-18 1
4025.645 8.0852e-17 6.025e-18 1
4030.646 8.1475e-17 5.509e-18 1
4035.647 8.6184e-17 5.995e-18 1
4040.647 7.8582e-17 6.397e-18 1
4045.648 9.5863e-17 6.417e-18 1
4050.649 9.2983e-17 6.164e-18 1
4055.65 8.9085e-17 5.58e-18 1
4060.651 9.9375e-17 6.43e-18 1
4065.652 7.7864e-17 6.392e-18 1
4070.652 9.3734e-17 6.087e-18 1
4075.653 8.2274e-17 6.131e-18 1
4080.654 9.9557e-17 6.136e-18 1
4085.655 7.2729e-17 5.489e-18 1
4090.656 9.5488e-17 5.805e-18 1
4095.656 9.4496e-17 5.771e-18 1
4100.657 9.3209e-17 5.407e-18 1
4105.658 1.03782e-16 5.632e-18 1
4110.659 9.598e-17 5.556e-18 1
4115.66 1.11644e-16 5.354e-18 1
4120.66 1.10956e-16 5.79e-18 1
4125.661 1.06501e-16 5.789e-18 1
4130.662 1.22534e-16 5.759e-18 1
4135.663 1.08708e-16 5.913e-18 1
4140.664 1.05364e-16 5.243e-18 1
4145.664 1.20793e-16 5.618e-18 1
4150.665 1.05662e-16 5.515e-18 1
4155.666 1.02429e-16 5.847e-18 1
4160.667 1.04271e-16 5.973e-18 1
4165.668 1.12648e-16 6.252e-18 1
4170.668 1.12622e-16 5.684e-18 1
4175.669 1.21763e-16 5.865e-18 1
4180.67 1.21026e-16 5.654e-18 1
4185.671 1.2007e-16 5.494e-18 1
4190.672 1.09692e-16 5.488e-18 1
4195.672 1.16676e-16 4.981e-18 1
4200.673 1.15887e-16 5.209e-18 1
4205.674 1.10405e-16 5.372e-18 1
4210.675 1.23017e-16 5.264e-18 1
4215.676 1.17875e-16 5.233e-18 1
4220.676 1.16665e-16 5.212e-18 1
4225.677 1.17711e-16 4.731e-18 1
4230.678 1.21083e-16 5.163e-18 1
4235.679 1.20612e-16 5.044e-18 1
4240.68 1.29105e-16 5.188e-18 1
4245.68 1.32257e-16 5.417e-18 1
4250.681 1.26862e-16 5.342e-18 1
4255.682 1.19629e-16 5.02e-18 1
4260.683 1.2331e-16 5.229e-18 1
4265.684 1.27977e-16 5.341e-18 1
4270.684 1.35897e-16 5.157e-18 1
4275.685 1.31753e-16 5.236e-18 1
4280.686 1.38181e-16 4.952e-18 1
4285.687 1.40037e-16 5.109e-18 1
4290.688 1.17546e-16 5.1e-18 1
4295.688 1.26927e-16 5.045e-18 1
4300.689 1.19895e-16 4.818e-18 1
4305.69 1.14636e-16 4.855e-18 1
4310.691 1.26225e-16 4.832e-18 1
4315.692 1.23363e-16 5.321e-18 1
4320.692 1.22197e-16 5.023e-18 1
4325.693 1.22747e-16 4.953e-18 1
4330.694 1.19356e-16 5.076e-18 1
4335.695 1.1491e-16 4.823e-18 1
4340.696 1.24203e-16 4.588e-18 1
4345.696 1.17037e-16 5.054e-18 1
4350.697 1.21209e-16 4.95e-18 1
4355.698 1.10529e-16 5.045e-18 1
4360.699 1.19686e-16 5.089e-18 1
4365.7 1.08576e-16 4.66e-18 1
4370.7 1.16584e-16 4.937e-18 1
4375.701 1.14677e-16 5.026e-18 1
4380.702 1.04415e-16 4.859e-18 1
4385.703 1.15246e-16 4.874e-18 1
4390.704 1.1959e-16 4.915e-18 1
4395.704 1.05249e-16 4.577e-18 1
4400.705 1.24451e-16 5.188e-18 1
4405.706 1.21616e-16 5.405e-18 1
4410.707 1.08598e-16 5.36e-18 1
4415.708 1.13563e-16 5.33e-18 1
4420.708 1.15057e-16 5.365e-18 1
4425.709 1.17075e-16 4.982e-18 1
4430.71 1.05935e-16 5.091e-18 1
4435.711 9.9943e-17 5.095e-18 1
4440.712 1.10191e-16 5.112e-18 1
4445.712 1.04784e-16 5.05e-18 1
4450.713 1.03033e-16 4.596e-18 1
4455.714 9.733e-17 4.701e-18 1
4460.715 9.7337e-17 4.742e-18 1
4465.716 1.0061e-16 4.781e-18 1
4470.717 9.3276e-17 4.7e-18 1
4475.717 8.3132e-17 4.714e-18 1
4480.718 8.125e-17 4.419e-18 1
4485.719 7.9765e-17 4.662e-18 1
4490.72 7.9428e-17 4.705e-18 1
4495.72 7.8137e-17 4.735e-18 1
4500.721 7.7728e-17 4.701e-18 1
4505.722 6.3023e-17 4.688e-18 1
4510.723 6.4837e-17 4.336e-18 1
4515.724 6.3927e-17 4.614e-18 1
4520.724 7.155e-17 4.693e-18 1
4525.725 6.0981e-17 4.652e-18 1
4530.726 4.9544e-17 4.736e-18 1
4535.727 5.8375e-17 4.537e-18 1
4540.728 6.2389e-17 4.852e-18 1
4545.728 5.8231e-17 4.72e-18 1
4550.729 5.1392e-17 4.654e-18 1
4555.73 4.1654e-17 4.551e-18 1
4560.731 4.9575e-17 4.54e-18 1
4565.732 6.2213e-17 4.336e-18 1
4570.732 5.8553e-17 4.569e-18 1
4575.733 5.3947e-17 4.647e-18 1
4580.734 5.2942e-17 4.621e-18 1
4585.735 5.2555e-17 4.575e-18 1
4590.736 4.8771e-17 4.439e-18 1
4595.737 5.0509e-17 4.171e-18 1
4600.737 5.7026e-17 4.432e-18 1
4605.738 5.061e-17 4.477e-18 1
4610.739 5.8775e-17 4.492e-18 1
4615.74 6.1618e-17 4.486e-18 1
4620.74 5.1945e-17 4.15e-18 1
4625.741 5.5903e-17 4.373e-18 1
4630.742 4.9821e-17 4.413e-18 1
4635.743 5.6163e-17 4.338e-18 1
4640.744 5.1652e-17 8.721e-18 1
4645.745 6.4437e-17 8.0128205e-14 0
4650.745 6.8695e-17 8.0128205e-14 0
4655.746 7.1286e-17 8.0128205e-14 0
4660.747 7.2944e-17 8.0128205e-14 0
4665.748 7.9472e-17 4.449e-18 1
4670.749 8.2099e-17 4.576e-18 1
4675.749 5.0119e-17 4.106e-18 1
4680.75 6.0083e-17 4.448e-18 1
4685.751 7.5431e-17 4.45e-18 1
4690.752 8.2504e-17 4.462e-18 1
4695.753 6.9523e-17 4.353e-18 1
4700.753 5.8841e-17 4.253e-18 1
4705.754 6.2394e-17 4.142e-18 1
4710.755 7.0383e-17 4.363e-18 1
4715.756 8.7258e-17 4.515e-18 1
4720.757 9.4567e-17 4.514e-18 1
4725.757 7.7704e-17 4.339e-18 1
4730.758 7.0864e-17 4.283e-18 1
4735.759 5.0434e-17 3.968e-18 1
4740.76 5.7856e-17 4.257e-18 1
4745.76 8.5484e-17 4.388e-18 1
4750.761 8.3558e-17 4.352e-18 1
4755.762 9.2885e-17 4.394e-18 1
4760.763 9.1745e-17 4.097e-18 1
4765.764 1.05665e-16 4.398e-18 1
4770.765 9.6975e-17 4.376e-18 1
4775.765 1.04058e-16 4.381e-18 1
4780.766 9.0065e-17 4.219e-18 1
4785.767 7.957e-17 4.213e-18 1
4790.768 9.3455e-17 4.128e-18 1
4795.769 1.20609e-16 4.512e-18 1
4800.769 1.21475e-16 4.514e-18 1
4805.77 1.20317e-16 4.547e-18 1
4810.771 1.24577e-16 4.623e-18 1
4815.772 1.28922e-16 4.803e-18 1
4820.773 1.2054e-16 4.457e-18 1
4825.773 1.28652e-16 4.791e-18 1
4830.774 1.20288e-16 4.713e-18 1
4835.775 1.22221e-16 4.706e-18 1
4840.776 1.31253e-16 4.665e-18 1
4845.777 1.22276e-16 4.254e-18 1
4850.777 1.18086e-16 4.433e-18 1
4855.778 1.25066e-16 4.325e-18 1
4860.779 1.35698e-16 4.401e-18 1
4865.78 1.33362e-16 4.516e-18 1
4870.781 1.40265e-16 4.461e-18 1
4875.781 1.45129e-16 4.359e-18 1
4880.782 1.41245e-16 4.67e-18 1
4885.783 1.39387e-16 4.549e-18 1
4890.784 1.54572e-16 4.606e-18 1
4895.785 1.48798e-16 4.547e-18 1
4900.785 1.35548e-16 4.44e-18 1
4905.786 9.9587e-17 3.953e-18 1
4910.787 1.31147e-16 4.38e-18 1
4915.788 1.45355e-16 4.389e-18 1
4920.789 1.35719e-16 4.428e-18 1
4925.789 1.26308e-16 4.443e-18 1
4930.79 1.18812e-16 4.163e-18 1
4935.791 1.20699e-16 4.404e-18 1
4940.792 1.24379e-16 4.367e-18 1
4945.793 1.01121e-16 4.25e-18 1
4950.793 9.3769e-17 4.222e-18 1
4955.794 1.01554e-16 4.135e-18 1
4960.795 1.24171e-16 4.124e-18 1
4965.796 1.32775e-16 4.507e-18 1
4970.797 1.179e-16 4.504e-18 1
4975.797 1.10573e-16 4.438e-18 1
4980.798 1.07899e-16 4.364e-18 1
4985.799 9.973e-17 4.451e-18 1
4990.8 1.06895e-16 4.237e-18 1
4995.801 1.01707e-16 4.417e-18 1
5000.801 1.04413e-16 4.392e-18 1
5005.802 1.1408e-16 4.462e-18 1
5010.803 1.18459e-16 4.368e-18 1
5015.804 1.11515e-16 4.088e-18 1
5020.805 1.07773e-16 4.289e-18 1
5025.805 1.06168e-16 4.285e-18 1
5030.806 1.07335e-16 4.314e-18 1
5035.807 1.16577e-16 4.324e-18 1
5040.808 1.16634e-16 4.326e-18 1
5045.809 1.16474e-16 4.059e-18 1
5050.809 1.19266e-16 4.319e-18 1
5055.81 1.11784e-16 4.34e-18 1
5060.811 1.15552e-16 4.304e-18 1
5065.812 1.16322e-16 4.29e-18 1
5070.813 1.2003e-16 4.285e-18 1
5075.813 1.16493e-16 3.983e-18 1
5080.814 1.20449e-16 4.25e-18 1
5085.815 1.12406e-16 4.272e-18 1
5090.816 1.1547e-16 4.295e-18 1
5095.817 1.01669e-16 4.192e-18 1
5100.817 1.02657e-16 4.004e-18 1
5105.818 1.08319e-16 4.235e-18 1
5110.819 8.7075e-17 4.152e-18 1
5115.82 8.529e-17 4.171e-18 1
5120.821 8.8259e-17 4.104e-18 1
5125.821 1.00414e-16 4.184e-18 1
5130.822 1.10327e-16 4.099e-18 1
5135.823 1.1001e-16 4.334e-18 1
5140.824 1.01863e-16 4.321e-18 1
5145.825 1.08994e-16 4.324e-18 1
5150.825 9.8967e-17 4.31e-18 1
5155.826 1.0282e-16 4.063e-18 1
5160.827 1.05603e-16 4.248e-18 1
5165.828 1.07571e-16 4.17e-18 1
5170.829 1.0413e-16 4.134e-18 1
5175.829 1.03457e-16 4.234e-18 1
5180.83 9.8999e-17 4.066e-18 1
5185.831 1.04854e-16 4.191e-18 1
5190.832 1.0709e-16 4.351e-18 1
5195.833 1.02717e-16 4.751e-18 1
5200.833 1.02024e-16 4.492e-18 1
5205.834 9.4458e-17 4.207e-18 1
5210.835 9.3345e-17 4.257e-18 1
5215.836 9.225e-17 4.064e-18 1
5220.837 9.9345e-17 4.482e-18 1
5225.838 1.04472e-16 4.287e-18 1
5230.838 1.00061e-16 4.285e-18 1
5235.839 9.5153e-17 4.506e-18 1
5240.84 9.0656e-17 4.042e-18 1
5245.841 9.3493e-17 4.29e-18 1
5250.841 8.6907e-17 4.417e-18 1
5255.842 9.359e-17 4.397e-18 1
5260.843 9.2659e-17 4.179e-18 1
5265.844 9.1444e-17 4.14e-18 1
5270.845 8.0131e-17 3.977e-18 1
5275.845 1.00271e-16 4.376e-18 1
5280.846 9.526e-17 4.195e-18 1
5285.847 8.5431e-17 4.249e-18 1
5290.848 1.00695e-16 4.38e-18 1
5295.849 8.9227e-17 4.339e-18 1
5300.85 7.979e-17 4.068e-18 1
5305.85 7.3845e-17 4.335e-18 1
5310.851 8.285e-17 4.394e-18 1
5315.852 8.3655e-17 4.344e-18 1
5320.853 8.8212e-17 4.424e-18 1
5325.853 7.9046e-17 4.028e-18 1
5330.854 7.7605e-17 4.331e-18 1
5335.855 8.6845e-17 4.337e-18 1
5340.856 8.3683e-17 4.31e-18 1
5345.857 7.9854e-17 4.289e-18 1
5350.858 7.9524e-17 4.252e-18 1
5355.858 8.6865e-17 4.1e-18 1
5360.859 7.1974e-17 4.22e-18 1
5365.86 7.673e-17 4.235e-18 1
5370.861 7.3521e-17 4.246e-18 1
5375.861 7.3806e-17 4.274e-18 1
5380.862 7.5771e-17 4.245e-18 1
5385.863 9.8001e-17 4.108e-18 1
5390.864 8.8747e-17 4.282e-18 1
5395.865 7.3849e-17 4.219e-18 1
5400.866 7.3099e-17 4.222e-18 1
5405.866 7.4986e-17 4.224e-18 1
5410.867 6.4586e-17 3.991e-18 1
5415.868 7.57e-17 4.34e-18 1
5420.869 6.875e-17 4.304e-18 1
5425.87 8.4641e-17 4.363e-18 1
5430.87 8.2437e-17 4.331e-18 1
5435.871 8.7602e-17 4.415e-18 1
5440.872 8.4029e-17 4.163e-18 1
5445.873 7.9708e-17 4.398e-18 1
5450.874 6.5845e-17 4.344e-18 1
5455.874 7.1647e-17 4.433e-18 1
5460.875 7.3281e-17 4.529e-18 1
5465.876 6.6263e-17 4.422e-18 1
5470.877 6.3298e-17 4.126e-18 1
5475.878 6.9874e-17 4.399e-18 1
5480.878 8.0966e-17 4.472e-18 1
5485.879 8.4009e-17 4.51e-18 1
5490.88 7.6595e-17 4.513e-18 1
5495.881 6.0553e-17 4.245e-18 1
5500.882 8.0511e-17 4.646e-18 1
5505.882 6.9074e-17 4.571e-18 1
5510.883 8.2994e-17 4.695e-18 1
5515.884 7.6819e-17 4.769e-18 1
5520.885 7.5451e-17 4.739e-18 1
5525.886 7.8014e-17 4.496e-18 1
5530.886 7.4519e-17 4.81e-18 1
5535.887 7.2196e-17 4.844e-18 1
5540.888 8.9471e-17 5.184e-18 1
5545.889 8.352e-17 5.212e-18 1
5550.89 9.1357e-17 5.101e-18 1
5555.89 7.8697e-17 4.747e-18 1
5560.891 7.9504e-17 5.272e-18 1
5565.892 6.4925e-17 5.704e-18 1
5570.893 7.0062e-17 8.0128205e-14 0
5575.894 6.9466e-17 8.0128205e-14 0
5580.894 6.9885e-17 8.0128205e-14 0
5585.895 1.10139e-16 1.6442e-17 1
5590.896 6.3912e-17 5.552e-18 1
5595.897 6.3644e-17 4.992e-18 1
5600.898 7.4362e-17 5.111e-18 1
5605.898 6.0662e-17 5.103e-18 1
5610.899 5.9085e-17 5.672e-18 1
5615.9 7.2299e-17 1.1334e-17 1
5620.901 5.6242e-17 9.049e-18 1
5625.902 7.2509e-17 8.78e-18 1
5630.902 7.8895e-17 9.37e-18 1
5635.903 7.6397e-17 8.649e-18 1
5640.904 6.1477e-17 7.842e-18 1
5645.905 6.0003e-17 7.874e-18 1
5650.906 5.8653e-17 8.576e-18 1
5655.906 7.1855e-17 7.091e-18 1
5660.907 7.8437e-17 6.973e-18 1
5665.908 7.706e-17 8.449e-18 1
5670.909 6.8818e-17 6.761e-18 1
5675.91 7.8523e-17 6.624e-18 1
5680.91 7.7479e-17 7.977e-18 1
5685.911 6.6868e-17 6.357e-18 1
5690.912 6.98e-17 6.312e-18 1
5695.913 7.2318e-17 7.677e-18 1
5700.914 7.194e-17 6.139e-18 1
5705.914 6.5233e-17 5.99e-18 1
5710.915 8.0188e-17 6.39e-18 1
5715.916 6.5189e-17 6.456e-18 1
5720.917 6.6343e-17 5.751e-18 1
5725.918 6.9128e-17 5.631e-18 1
5730.918 7.04e-17 6.771e-18 1
5735.919 7.7075e-17 5.479e-18 1
5740.92 7.1715e-17 5.369e-18 1
5745.921 6.8149e-17 6.522e-18 1
5750.922 6.7102e-17 5.224e-18 1
5755.922 6.7637e-17 5.196e-18 1
5760.923 7.9465e-17 6.317e-18 1
5765.924 6.4332e-17 5.081e-18 1
5770.925 6.33e-17 5.045e-18 1
5775.926 6.2551e-17 6.089e-18 1
5780.926 6.2156e-17 4.916e-18 1
5785.927 7.288e-17 4.886e-18 1
5790.928 6.8548e-17 5.052e-18 1
5795.929 5.7573e-17 5.601e-18 1
5800.93 5.728e-17 4.783e-18 1
5805.93 5.4093e-17 4.761e-18 1
5810.931 6.3575e-17 5.845e-18 1
5815.932 6.5073e-17 4.762e-18 1
5820.933 5.8722e-17 4.716e-18 1
5825.934 5.1126e-17 5.704e-18 1
5830.934 5.9257e-17 4.667e-18 1
5835.935 5.7514e-17 4.629e-18 1
5840.936 6.1129e-17 5.608e-18 1
5845.937 6.0311e-17 4.573e-18 1
5850.938 6.583e-17 4.638e-18 1
5855.938 6.2576e-17 4.889e-18 1
5860.939 6.3578e-17 5.115e-18 1
5865.94 6.3447e-17 5.135e-18 1
5870.941 6.6225e-17 5.084e-18 1
5875.942 5.4482e-17 5.757e-18 1
5880.942 5.9684e-17 4.658e-18 1
5885.943 6.4031e-17 8.0128205e-14 0
5890.944 6.3151e-17 8.0128205e-14 0
5895.945 6.2164e-17 8.0128205e-14 0
5900.946 4.7116e-17 8.155e-18 1
5905.946 5.4326e-17 5.877e-18 1
5910.947 5.3066e-17 4.798e-18 1
5915.948 5.1132e-17 5.12e-18 1
5920.949 5.9017e-17 5.884e-18 1
5925.95 5.8194e-17 4.843e-18 1
5930.951 6.3723e-17 5.066e-18 1
5935.951 5.8758e-17 5.182e-18 1
5940.952 5.036e-17 5.323e-18 1
5945.953 6.257e-17 4.785e-18 1
5950.954 6.2677e-17 4.973e-18 1
5955.954 5.5303e-17 6.167e-18 1
5960.955 6.6621e-17 4.618e-18 1
5965.956 5.8208e-17 4.597e-18 1
5970.957 5.7902e-17 5.805e-18 1
5975.958 5.7688e-17 4.823e-18 1
5980.959 5.4112e-17 4.711e-18 1
5985.959 5.9397e-17 5.521e-18 1
5990.96 6.4692e-17 4.498e-18 1
5995.961 5.3185e-17 4.511e-18 1
6000.962 5.512e-17 5.167e-18 1
6005.962 4.4539e-17 4.854e-18 1
6010.963 6.1736e-17 4.402e-18 1
6015.964 4.5604e-17 4.322e-18 1
6020.965 4.2875e-17 5.228e-18 1
6025.966 3.8261e-17 4.287e-18 1
6030.966 3.1276e-17 4.334e-18 1
6035.967 3.8374e-17 5.286e-18 1
6040.968 3.1486e-17 4.191e-18 1
6045.969 3.5127e-17 4.165e-18 1
6050.97 3.5149e-17 5.057e-18 1
6055.971 3.6646e-17 7.116e-18 1
6060.971 5.9649e-17 8.0128205e-14 0
6065.972 6.2151e-17 8.0128205e-14 0
6070.973 6.4219e-17 8.0128205e-14 0
6075.974 6.4862e-17 8.0128205e-14 0
6080.974 5.1704e-17 4.349e-18 1
6085.975 4.4235e-17 4.483e-18 1
6090.976 4.4248e-17 4.045e-18 1
6095.977 4.6415e-17 4.134e-18 1
6100.978 4.6732e-17 5.044e-18 1
6105.979 4.0335e-17 4.097e-18 1
6110.979 5.0881e-17 4.107e-18 1
6115.98 5.0783e-17 4.98e-18 1
6120.981 5.6149e-17 4.049e-18 1
6125.982 5.5264e-17 4.057e-18 1
6130.983 5.5008e-17 4.964e-18 1
6135.983 5.4601e-17 4.115e-18 1
6140.984 4.8918e-17 4.273e-18 1
6145.985 5.151e-17 4.784e-18 1
6150.986 6.0386e-17 4.372e-18 1
6155.987 5.0121e-17 3.989e-18 1
6160.987 4.923e-17 3.959e-18 1
6165.988 5.7189e-17 4.906e-18 1
6170.989 5.7667e-17 4.313e-18 1
6175.99 4.8843e-17 5.096e-18 1
6180.991 4.8469e-17 8.0128205e-14 0
6185.991 4.8332e-17 8.0128205e-14 0
6190.992 4.8818e-17 8.0128205e-14 0
6195.993 4.9969e-17 8.0128205e-14 0
6200.994 4.7524e-17 7.193e-18 1
6205.994 4.7244e-17 4.088e-18 1
6210.995 5.6843e-17 4.84e-18 1
6215.996 5.8058e-17 3.981e-18 1
6220.997 5.4994e-17 4.112e-18 1
6225.998 5.5684e-17 4.296e-18 1
6230.999 5.6675e-17 4.451e-18 1
6235.999 6.4881e-17 6.125e-18 1
6241 6.529e-17 8.0128205e-14 0
6246.001 6.6541e-17 8.0128205e-14 0
6251.002 6.6943e-17 8.0128205e-14 0
6256.003 6.6431e-17 8.0128205e-14 0
6261.003 5.8916e-17 8.115e-18 1
6266.004 6.3347e-17 4.347e-18 1
6271.005 5.8014e-17 4.04e-18 1
6276.006 6.0808e-17 4.912e-18 1
6281.007 4.9688e-17 3.905e-18 1
6286.007 6.1788e-17 4.354e-18 1
6291.008 6.2697e-17 8.122e-18 1
6296.009 6.2945e-17 8.0128205e-14 0
6301.01 6.3089e-17 8.0128205e-14 0
6306.011 6.2532e-17 8.0128205e-14 0
6311.011 7.2605e-17 7.091e-18 1
6316.012 6.9925e-17 3.754e-18 1
6321.013 6.7606e-17 4.053e-18 1
6326.014 6.7899e-17 4.966e-18 1
6331.015 7.0707e-17 4.597e-18 1
6336.015 6.4437e-17 3.834e-18 1
6341.016 6.1273e-17 4.497e-18 1
6346.017 6.5736e-17 3.774e-18 1
6351.018 6.8552e-17 3.919e-18 1
6356.019 7.9922e-17 5.159e-18 1
6361.019 6.6758e-17 4.584e-18 1
6366.02 7.2452e-17 5.464e-18 1
6371.021 6.2458e-17 3.934e-18 1
6376.022 6.5488e-17 4.051e-18 1
6381.023 6.1214e-17 3.769e-18 1
6386.023 6.8779e-17 3.922e-18 1
6391.024 6.7334e-17 4.524e-18 1
6396.025 6.3978e-17 3.512e-18 1
6401.026 6.434e-17 3.526e-18 1
6406.027 6.1495e-17 4.277e-18 1
6411.027 7.1722e-17 3.492e-18 1
6416.028 6.5182e-17 3.538e-18 1
6421.029 6.0473e-17 4.369e-18 1
6426.03 6.5339e-17 3.482e-18 1
6431.031 6.3461e-17 3.397e-18 1
6436.031 7.5754e-17 4.189e-18 1
6441.032 7.7428e-17 3.407e-18 1
6446.033 7.3983e-17 3.396e-18 1
6451.034 6.1921e-17 3.423e-18 1
6456.035 6.3417e-17 4.221e-18 1
6461.035 7.3139e-17 3.611e-18 1
6466.036 7.2413e-17 4.207e-18 1
6471.037 6.4312e-17 5.046e-18 1
6476.038 6.6812e-17 3.708e-18 1
6481.039 6.4e-17 3.471e-18 1
6486.039 7.2276e-17 4.103e-18 1
6491.04 7.0521e-17 3.35e-18 1
6496.041 5.8338e-17 3.778e-18 1
6501.042 6.6695e-17 5.513e-18 1
6506.043 6.2781e-17 3.865e-18 1
6511.043 5.276e-17 3.439e-18 1
6516.044 5.7751e-17 3.643e-18 1
6521.045 4.7391e-17 3.843e-18 1
6526.046 5.152e-17 3.504e-18 1
6531.047 5.439e-17 3.853e-18 1
6536.047 5.8909e-17 4.999e-18 1
6541.048 4.8971e-17 3.497e-18 1
6546.049 4.8499e-17 3.693e-18 1
6551.05 4.0683e-17 4.55e-18 1
6556.051 4.3536e-17 4.221e-18 1
6561.051 5.8781e-17 3.42e-18 1
6566.052 5.7479e-17 4.271e-18 1
6571.053 4.1174e-17 3.54e-18 1
6576.054 5.1799e-17 3.852e-18 1
6581.055 5.6305e-17 4.734e-18 1
6586.055 5.1534e-17 3.267e-18 1
6591.056 5.0137e-17 3.246e-18 1
6596.057 5.3701e-17 3.468e-18 1
6601.058 5.5253e-17 4.355e-18 1
6606.059 5.0161e-17 3.721e-18 1
6611.059 4.818e-17 3.264e-18 1
6616.06 4.4663e-17 3.922e-18 1
6621.061 4.2897e-17 3.21e-18 1
6626.062 4.7456e-17 3.308e-18 1
6631.063 5.324e-17 4.165e-18 1
6636.064 5.653e-17 3.441e-18 1
6641.064 5.7716e-17 3.247e-18 1
6646.065 5.2932e-17 3.863e-18 1
6651.066 5.8551e-17 3.174e-18 1
6656.067 5.6418e-17 3.179e-18 1
6661.067 5.6862e-17 3.644e-18 1
6666.068 5.2301e-17 3.468e-18 1
6671.069 5.5683e-17 3.244e-18 1
6676.07 5.1719e-17 3.185e-18 1
6681.071 5.069e-17 3.925e-18 1
6686.072 4.5493e-17 3.186e-18 1
6691.072 5.6271e-17 3.314e-18 1
6696.073 5.5795e-17 4.595e-18 1
6701.074 4.9846e-17 3.536e-18 1
6706.075 4.9444e-17 3.221e-18 1
6711.075 4.9408e-17 3.86e-18 1
6716.076 5.1674e-17 3.445e-18 1
6721.077 4.8053e-17 3.449e-18 1
6726.078 4.9174e-17 3.8e-18 1
6731.079 5.0457e-17 3.097e-18 1
6736.08 4.945e-17 3.093e-18 1
6741.08 4.5003e-17 3.109e-18 1
6746.081 4.0877e-17 3.792e-18 1
6751.082 4.4275e-17 3.049e-18 1
6756.083 4.7354e-17 3.035e-18 1
6761.084 4.8361e-17 3.715e-18 1
6766.084 4.6187e-17 3.024e-18 1
6771.085 4.6402e-17 3.007e-18 1
6776.086 4.0194e-17 3.648e-18 1
6781.087 4.3016e-17 2.976e-18 1
6786.087 4.8539e-17 3.041e-18 1
6791.088 5.5323e-17 3.731e-18 1
6796.089 4.1476e-17 2.955e-18 1
6801.09 4.8083e-17 2.981e-18 1
6806.091 4.7112e-17 3.637e-18 1
6811.092 4.6339e-17 2.959e-18 1
6816.092 4.5084e-17 2.969e-18 1
6821.093 4.5578e-17 2.979e-18 1
6826.094 5.2371e-17 4.517e-18 1
6831.095 4.3462e-17 4.896e-18 1
6836.095 5.0069e-17 4.342e-18 1
6841.096 4.8503e-17 4.245e-18 1
6846.097 5.0611e-17 3.231e-18 1
6851.098 5.2442e-17 3.047e-18 1
6856.099 4.9583e-17 3.689e-18 1
6861.1 5.4703e-17 3.602e-18 1
6866.1 6.0281e-17 6.052e-18 1
6871.101 4.8239e-17 8.357e-18 1
6876.102 5.1562e-17 5.544e-18 1
6881.103 4.9506e-17 4.4e-18 1
6886.104 5.3397e-17 4.398e-18 1
6891.104 5.7242e-17 6.249e-18 1
6896.105 5.3588e-17 4.353e-18 1
6901.106 4.8065e-17 4.768e-18 1
6906.107 4.9037e-17 4.77e-18 1
6911.108 5.0385e-17 4.129e-18 1
6916.108 4.8033e-17 3.873e-18 1
6921.109 5.4754e-17 5.126e-18 1
6926.11 4.8096e-17 4.267e-18 1
6931.111 5.1479e-17 3.025e-18 1
6936.112 5.4465e-17 3.772e-18 1
6941.112 4.9024e-17 3.637e-18 1
6946.113 4.4093e-17 3.585e-18 1
6951.114 5.1693e-17 5.543e-18 1
6956.115 5.5488e-17 3.235e-18 1
6961.116 5.3652e-17 2.972e-18 1
6966.116 6.1139e-17 3.161e-18 1
6971.117 5.8987e-17 4.272e-18 1
6976.118 4.6116e-17 3.525e-18 1
6981.119 5.7218e-17 3.723e-18 1
6986.12 5.4446e-17 3.705e-18 1
6991.12 5.1639e-17 2.953e-18 1
6996.121 5.2273e-17 2.964e-18 1
7001.122 5.9771e-17 3.793e-18 1
7006.123 5.0934e-17 3.201e-18 1
7011.124 5.1767e-17 3.402e-18 1
7016.124 5.0008e-17 3.841e-18 1
7021.125 4.8385e-17 2.854e-18 1
7026.126 5.5855e-17 2.9e-18 1
7031.127 5.9246e-17 3.059e-18 1
7036.128 5.1874e-17 3.705e-18 1
7041.128 5.3262e-17 3.034e-18 1
7046.129 4.9583e-17 3.299e-18 1
7051.13 4.9798e-17 4.168e-18 1
7056.131 5.1451e-17 3.056e-18 1
7061.132 4.8064e-17 2.983e-18 1
7066.132 4.8539e-17 3.758e-18 1
7071.133 5.3897e-17 3.082e-18 1
7076.134 5.785e-17 3.055e-18 1
7081.135 5.4648e-17 3.799e-18 1
7086.136 5.2615e-17 3.116e-18 1
7091.136 5.3267e-17 3.139e-18 1
7096.137 5.1512e-17 3.598e-18 1
7101.138 5.4484e-17 2.922e-18 1
7106.139 5.5731e-17 2.925e-18 1
7111.14 5.1365e-17 2.917e-18 1
7116.14 4.8266e-17 3.531e-18 1
7121.141 4.9315e-17 2.864e-18 1
7126.142 4.6072e-17 2.944e-18 1
7131.143 5.1795e-17 3.715e-18 1
7136.144 5.154e-17 2.984e-18 1
7141.144 4.9344e-17 3.042e-18 1
7146.145 4.4657e-17 3.932e-18 1
7151.146 4.066e-17 3.042e-18 1
7156.147 4.1114e-17 2.968e-18 1
7161.148 4.0848e-17 3.712e-18 1
7166.148 4.5629e-17 3.067e-18 1
7171.149 4.0595e-17 3.014e-18 1
7176.15 4.7433e-17 3.351e-18 1
7181.151 4.5415e-17 4.167e-18 1
7186.152 4.774e-17 3.627e-18 1
7191.152 4.4336e-17 3.189e-18 1
7196.153 3.894e-17 3.737e-18 1
7201.154 4.7692e-17 3.249e-18 1
7206.155 4.088e-17 3.001e-18 1
7211.156 4.1828e-17 3.512e-18 1
7216.156 4.2774e-17 2.872e-18 1
7221.157 5.0504e-17 2.983e-18 1
7226.158 4.9649e-17 3.733e-18 1
7231.159 5.078e-17 3.057e-18 1
7236.16 4.6805e-17 3.934e-18 1
7241.16 5.3535e-17 8.141e-18 1
7246.161 5.1955e-17 6.672e-18 1
7251.162 4.7178e-17 4.311e-18 1
7256.163 4.7974e-17 3.742e-18 1
7261.164 4.294e-17 3.869e-18 1
7266.165 3.8713e-17 3.171e-18 1
7271.165 3.8781e-17 3.686e-18 1
7276.166 4.759e-17 8.475e-18 1
7281.167 4.9719e-17 5.521e-18 1
7286.168 4.8266e-17 4.677e-18 1
7291.168 4.2304e-17 4.235e-18 1
7296.169 4.4279e-17 3.601e-18 1
7301.17 5.7353e-17 3.812e-18 1
7306.171 3.8235e-17 5.028e-18 1
7311.172 4.8685e-17 3.537e-18 1
7316.172 5.2699e-17 5.705e-18 1
7321.173 5.3192e-17 4.699e-18 1
7326.174 5.3879e-17 3.839e-18 1
7331.175 6.2209e-17 4.461e-18 1
7336.176 5.568e-17 3.853e-18 1
7341.176 5.4036e-17 7.809e-18 1
7346.177 5.084e-17 4.399e-18 1
7351.178 3.5601e-17 3.121e-18 1
7356.179 3.3074e-17 4.566e-18 1
7361.18 3.7908e-17 4.24e-18 1
7366.18 4.9181e-17 4.238e-18 1
7371.181 4.5747e-17 7.102e-18 1
7376.182 5.1078e-17 3.73e-18 1
7381.183 3.9515e-17 3.013e-18 1
7386.184 4.4442e-17 3.684e-18 1
7391.185 3.855e-17 3.673e-18 1
7396.185 3.6615e-17 3.753e-18 1
7401.186 5.1185e-17 4.719e-18 1
7406.187 5.4585e-17 4.888e-18 1
7411.188 4.2034e-17 3.063e-18 1
7416.188 4.5028e-17 3.041e-18 1
7421.189 4.3756e-17 3.641e-18 1
7426.19 3.9919e-17 3.084e-18 1
7431.191 3.9601e-17 3.513e-18 1
7436.192 3.7356e-17 4.506e-18 1
7441.193 4.3183e-17 3.953e-18 1
7446.193 3.6618e-17 3.024e-18 1
7451.194 4.3197e-17 3.567e-18 1
7456.195 3.9623e-17 2.925e-18 1
7461.196 3.4009e-17 3.161e-18 1
7466.197 3.5713e-17 3.956e-18 1
7471.197 2.685e-17 4.186e-18 1
7476.198 3.5791e-17 4.05e-18 1
7481.199 3.7439e-17 4.285e-18 1
7486.2 3.0541e-17 4.739e-18 1
7491.2 3.4052e-17 3.247e-18 1
7496.201 2.8115e-17 3.166e-18 1
7501.202 3.2402e-17 3.624e-18 1
7506.203 3.9041e-17 2.913e-18 1
7511.204 2.7386e-17 2.864e-18 1
7516.205 2.6987e-17 3.732e-18 1
7521.205 2.8624e-17 3.88e-18 1
7526.206 2.8311e-17 5.126e-18 1
7531.207 2.6577e-17 5.025e-18 1
7536.208 1.7807e-17 3.337e-18 1
7541.208 2.7828e-17 3.175e-18 1
7546.209 2.2647e-17 2.971e-18 1
7551.21 2.8337e-17 3.625e-18 1
7556.211 2.2301e-17 3.344e-18 1
7561.212 2.5084e-17 3.316e-18 1
7566.213 1.4325e-17 3.825e-18 1
7571.213 1.6678e-17 4.363e-18 1
7576.214 3.0844e-17 4.139e-18 1
7581.215 2.0771e-17 3.726e-18 1
7586.216 2.6421e-17 3.802e-18 1
7591.217 3.8848e-17 3.463e-18 1
7596.217 4.7774e-17 8.941e-18 1
7601.218 3.9911e-17 1.3505e-17 1
7606.219 1.9776e-17 1.2085e-17 1
7611.22 0 1.1571e-17 1
7616.221 1.2e-20 8.712e-18 1
7621.221 3.1551e-17 6.035e-18 1
7626.222 1.1363e-17 9.762e-18 1
7631.223 1.1767e-17 1.2843e-17 1
7636.224 2.0989e-17 7.977e-18 1
7641.225 1.4087e-17 6.766e-18 1
7646.225 2.2507e-17 7.721e-18 1
7651.226 3.2246e-17 6.004e-18 1
7656.227 2.3024e-17 5.329e-18 1
7661.228 1.8484e-17 6.565e-18 1
7666.229 2.2485e-17 4.626e-18 1
7671.229 2.4913e-17 3.731e-18 1
7676.23 2.2947e-17 3.87e-18 1
7681.231 2.8507e-17 3.25e-18 1
7686.232 2.6224e-17 3.244e-18 1
7691.233 2.372e-17 3.361e-18 1
7696.233 2.8566e-17 4.208e-18 1
7701.234 2.3958e-17 3.534e-18 1
7706.235 3.1062e-17 3.4e-18 1
7711.236 3.7217e-17 6.809e-18 1
7716.237 3.7266e-17 7.571e-18 1
7721.237 3.0627e-17 5.76e-18 1
7726.238 2.4093e-17 5.698e-18 1
7731.239 2.4099e-17 3.879e-18 1
7736.24 3.0744e-17 3.565e-18 1
7741.241 3.5687e-17 4.21e-18 1
7746.241 3.3136e-17 3.886e-18 1
7751.242 3.0118e-17 7.107e-18 1
7756.243 3.1739e-17 6.656e-18 1
7761.244 2.7514e-17 5.292e-18 1
7766.245 3.953e-17 3.885e-18 1
7771.245 3.6115e-17 3.78e-18 1
7776.246 3.5988e-17 5.081e-18 1
7781.247 3.5364e-17 4.472e-18 1
7786.248 3.3037e-17 3.851e-18 1
7791.249 2.6492e-17 6.046e-18 1
7796.249 2.9085e-17 6.208e-18 1
7801.25 3.3424e-17 4.024e-18 1
7806.251 3.644e-17 5.107e-18 1
7811.252 3.5564e-17 4.75e-18 1
7816.253 3.2666e-17 4.242e-18 1
7821.253 2.3027e-17 8.037e-18 1
7826.254 4.1788e-17 5.743e-18 1
7831.255 3.0042e-17 3.67e-18 1
7836.256 3.7337e-17 3.787e-18 1
7841.257 4.9201e-17 5.184e-18 1
7846.257 3.0676e-17 4.33e-18 1
7851.258 3.9263e-17 6.195e-18 1
7856.259 3.0612e-17 9.144e-18 1
7861.26 5.0089e-17 5.973e-18 1
7866.261 3.0432e-17 5.254e-18 1
7871.261 2.9118e-17 7.897e-18 1
7876.262 3.6206e-17 5.185e-18 1
7881.263 3.6785e-17 5.434e-18 1
7886.264 2.3901e-17 5.963e-18 1
7891.265 3.1238e-17 5.833e-18 1
7896.265 3.298e-17 4.606e-18 1
7901.266 3.4245e-17 4.224e-18 1
7906.267 3.0458e-17 3.616e-18 1
7911.268 2.3395e-17 5.949e-18 1
7916.269 3.7363e-17 7.578e-18 1
7921.269 4.3315e-17 8.309e-18 1
7926.27 3.482e-17 4.933e-18 1
7931.271 3.4296e-17 5.584e-18 1
7936.272 3.1334e-17 5.242e-18 1
7941.273 3.6225e-17 3.63e-18 1
7946.273 3.3003e-17 4.344e-18 1
7951.274 4.1992e-17 5.553e-18 1
7956.275 3.9161e-17 3.661e-18 1
7961.276 3.2742e-17 4.322e-18 1
7966.277 2.8523e-17 8.12e-18 1
7971.277 2.8386e-17 4.998e-18 1
7976.278 3.6411e-17 4.384e-18 1
7981.279 3.6163e-17 5.624e-18 1
7986.28 2.9274e-17 4.331e-18 1
7991.281 2.3166e-17 5.329e-18 1
7996.281 3.1478e-17 6.257e-18 1
8001.282 2.8482e-17 5.319e-18 1
8006.283 3.4786e-17 3.404e-18 1
8011.284 3.2352e-17 3.918e-18 1
8016.285 3.2061e-17 5.652e-18 1
8021.286 3.194e-17 4.395e-18 1
8026.286 2.4243e-17 6.058e-18 1
8031.287 3.151e-17 6.329e-18 1
8036.288 3.5783e-17 3.755e-18 1
8041.289 3.0934e-17 3.249e-18 1
8046.289 3.5746e-17 3.809e-18 1
8051.29 3.6326e-17 4.046e-18 1
8056.291 3.977e-17 3.966e-18 1
8061.292 3.8318e-17 4.756e-18 1
8066.293 2.7309e-17 5.389e-18 1
8071.293 3.1233e-17 3.531e-18 1
8076.294 3.2213e-17 3.29e-18 1
8081.295 3.1633e-17 4.036e-18 1
8086.296 3.7851e-17 3.361e-18 1
8091.297 3.5807e-17 3.476e-18 1
8096.298 3.89e-17 4.45e-18 1
8101.298 3.2188e-17 3.891e-18 1
8106.299 2.8415e-17 3.852e-18 1
8111.3 3.3833e-17 4.176e-18 1
8116.301 2.7943e-17 3.301e-18 1
8121.301 3.3569e-17 3.284e-18 1
8126.302 3.8899e-17 3.584e-18 1
8131.303 3.0729e-17 3.646e-18 1
8136.304 3.4341e-17 3.674e-18 1
8141.305 2.6769e-17 3.508e-18 1
8146.306 2.8931e-17 4.443e-18 1
8151.306 3.4589e-17 3.592e-18 1
8156.307 4.527e-17 3.77e-18 1
8161.308 3.7432e-17 4.388e-18 1
8166.309 3.7713e-17 3.91e-18 1
8171.309 6.7446e-17 3.774e-18 1
8176.31 5.8862e-17 3.902e-18 1
8181.311 3.8806e-17 8.0128205e-14 0
8186.312 4.0767e-17 8.0128205e-14 0
8191.313 4.2264e-17 8.0128205e-14 0
8196.314 4.3188e-17 8.0128205e-14 0
8201.314 4.3329e-17 5.62e-18 1
8206.315 4.1807e-17 8.0128205e-14 0
8211.316 4.013e-17 8.0128205e-14 0
8216.317 3.7871e-17 8.0128205e-14 0
8221.318 3.5754e-17 8.0128205e-14 0
8226.318 3.3853e-17 8.0128205e-14 0
8231.319 2.6156e-17 4.182e-18 1
8236.32 2.8703e-17 3.633e-18 1
8241.321 3.255e-17 4.286e-18 1
8246.321 2.4531e-17 3.384e-18 1
8251.322 3.4298e-17 3.417e-18 1
8256.323 3.0935e-17 4.12e-18 1
8261.324 3.5783e-17 3.336e-18 1
8266.325 3.3227e-17 3.336e-18 1
8271.326 3.5616e-17 3.766e-18 1
8276.326 3.267e-17 4.421e-18 1
8281.327 2.9248e-17 6.237e-18 1
8286.328 1.7012e-17 7.163e-18 1
8291.329 4.1074e-17 8.528e-18 1
8296.33 2.5939e-17 6.905e-18 1
8301.33 3.9814e-17 7.059e-18 1
8306.331 4.777e-17 6.628e-18 1
8311.332 3.1674e-17 5.173e-18 1
8316.333 1.9928e-17 4.362e-18 1
8321.334 2.4325e-17 5.367e-18 1
8326.334 3.9497e-17 3.608e-18 1
8331.335 4.0528e-17 3.55e-18 1
8336.336 3.545e-17 4.291e-18 1
8341.337 3.1373e-17 5.579e-18 1
8346.338 4.0647e-17 9.92e-18 1
8351.338 4.4677e-17 8.988e-18 1
8356.339 4.5446e-17 7.701e-18 1
8361.34 3.1004e-17 5.282e-18 1
8366.341 3.4387e-17 5.082e-18 1
8371.342 3.4728e-17 8.0128205e-14 0
8376.342 3.4833e-17 8.0128205e-14 0
8381.343 3.4424e-17 8.0128205e-14 0
8386.344 3.3797e-17 8.0128205e-14 0
8391.345 3.3082e-17 8.0128205e-14 0
8396.346 3.2125e-17 8.0128205e-14 0
8401.346 3.1896e-17 8.0128205e-14 0
8406.347 3.155e-17 8.0128205e-14 0
8411.348 3.0875e-17 9.666e-18 1
8416.349 3.328e-17 6.92e-18 1
8421.35 2.3239e-17 5.571e-18 1
8426.35 3.4109e-17 5.571e-18 1
8431.351 1.9942e-17 9.143e-18 1
8436.352 3.0249e-17 8.443e-18 1
8441.353 3.0605e-17 4.903e-18 1
8446.354 3.4538e-17 4.027e-18 1
8451.354 3.1247e-17 6.742e-18 1
8456.355 3.045e-17 5.518e-18 1
8461.356 3.5909e-17 5.433e-18 1
8466.357 3.4775e-17 1.0032e-17 1
8471.358 3.3713e-17 6.508e-18 1
8476.358 2.8184e-17 4.669e-18 1
8481.359 2.4103e-17 4.423e-18 1
8486.36 3.3501e-17 3.737e-18 1
8491.361 2.8294e-17 4.444e-18 1
8496.362 3.1357e-17 5.448e-18 1
8501.362 2.6986e-17 5.795e-18 1
8506.363 2.8018e-17 6.551e-18 1
8511.364 3.0761e-17 5.017e-18 1
8516.365 3.1589e-17 5.043e-18 1
8521.366 3.2353e-17 3.872e-18 1
8526.366 3.7775e-17 3.971e-18 1
8531.367 3.0665e-17 4.324e-18 1
8536.368 3.9449e-17 4.224e-18 1
8541.369 3.1011e-17 4.532e-18 1
8546.37 3.4232e-17 5.688e-18 1
8551.37 2.9879e-17 5.384e-18 1
8556.371 3.42e-17 4.243e-18 1
8561.372 3.1306e-17 4.673e-18 1
8566.373 3.1324e-17 4.108e-18 1
8571.374 3.8497e-17 3.824e-18 1
8576.374 2.7677e-17 3.776e-18 1
8581.375 3.166e-17 4.494e-18 1
8586.376 3.0332e-17 3.878e-18 1
8591.377 2.1364e-17 4.095e-18 1
8596.378 2.3982e-17 5.314e-18 1
8601.378 2.3487e-17 4.263e-18 1
8606.379 2.0581e-17 4.137e-18 1
8611.38 2.4002e-17 5.122e-18 1
8616.381 2.6652e-17 4.915e-18 1
8621.382 3.2568e-17 6.145e-18 1
8626.382 2.7332e-17 8.291e-18 1
8631.383 3.0663e-17 7.897e-18 1
8636.384 3.9435e-17 7.307e-18 1
8641.385 2.7435e-17 7.027e-18 1
8646.386 2.1793e-17 6.188e-18 1
8651.386 2.3632e-17 6.608e-18 1
8656.387 2.4956e-17 7.442e-18 1
8661.388 3.7075e-17 9.42e-18 1
8666.389 2.4451e-17 7.547e-18 1
8671.39 2.3355e-17 7.037e-18 1
8676.39 2.5608e-17 7.912e-18 1
8681.391 2.5831e-17 5.912e-18 1
8686.392 2.7593e-17 5.284e-18 1
8691.393 2.8605e-17 5.974e-18 1
8696.394 2.4692e-17 4.605e-18 1
8701.394 2.9371e-17 4.516e-18 1
8706.395 2.9783e-17 5.018e-18 1
8711.396 2.3953e-17 4.696e-18 1
8716.397 2.5674e-17 4.288e-18 1
8721.398 2.5861e-17 4.067e-18 1
8726.399 2.2203e-17 5.041e-18 1
8731.399 2.5696e-17 4.116e-18 1
8736.4 3.0835e-17 4.197e-18 1
8741.401 2.9451e-17 5.272e-18 1
8746.402 3.8541e-17 4.333e-18 1
8751.402 2.6811e-17 4.67e-18 1
8756.403 2.0887e-17 6.64e-18 1
8761.404 2.6616e-17 8.74e-18 1
8766.405 1.1305e-17 1.0632e-17 1
8771.406 1.0881e-17 1.1251e-17 1
8776.406 3.4015e-17 1.0115e-17 1
8781.407 2.2545e-17 9.513e-18 1
8786.408 2.7642e-17 7.947e-18 1
8791.409 1.5185e-17 7.702e-18 1
8796.41 1.8815e-17 6.074e-18 1
8801.41 1.8982e-17 5.039e-18 1
8806.411 2.9822e-17 5.899e-18 1
8811.412 2.377e-17 4.846e-18 1
8816.413 1.6358e-17 5.07e-18 1
8821.414 2.9258e-17 6.747e-18 1
8826.414 2.0623e-17 1.0893e-17 1
8831.415 2.5137e-17 1.1912e-17 1
8836.416 2.0651e-17 1.3527e-17 1
8841.417 2.9688e-17 8.989e-18 1
8846.418 2.1034e-17 6.942e-18 1
8851.419 2.8542e-17 7.787e-18 1
8856.419 2.5115e-17 6.346e-18 1
8861.42 1.8287e-17 5.456e-18 1
8866.421 2.2479e-17 7.849e-18 1
8871.422 2.7517e-17 8.437e-18 1
8876.422 4.2178e-17 6.087e-18 1
8881.423 3.9304e-17 6.67e-18 1
8886.424 1.8396e-17 1.4169e-17 1
8891.425 3.4282e-17 9.714e-18 1
8896.426 2.8613e-17 7.337e-18 1
8901.427 1.972e-17 9.925e-18 1
8906.427 2.9884e-17 8.511e-18 1
8911.428 3.3363e-17 6.716e-18 1
8916.429 2.3285e-17 9.535e-18 1
8921.43 2.4646e-17 1.3027e-17 1
8926.431 2.4284e-17 9.527e-18 1
8931.431 2.6502e-17 8.37e-18 1
8936.432 2.864e-17 6.67e-18 1
8941.433 1.7846e-17 7.045e-18 1
8946.434 3.3044e-17 7.953e-18 1
8951.435 3.9553e-17 8.009e-18 1
8956.435 2.0134e-17 9.121e-18 1
