# converted by J. Guy, 2010-10-18
# from Matheson et al. 2008AJ....135.1598M
@Redshift 0.008933
@FORMAT STD
@Date 51075
@SELECTED_FOR_SNLS3_TRAINING 1
@SN sn1998dh
@SURVEY CFA_LOWZ_SPEC
@Source Matheson
#WAVE : wavelength, observer frame, in A
#FLUX : erg/s/cm2/A
#ERR  : statistical uncertainty on flux
#VALID : 1=ok 0=ignore
#end
3720 7.29119e-16 7.72701e-17 1
3721.5 8.5372e-16 7.72701e-17 1
3723 9.52184e-16 7.72701e-17 1
3724.5 8.71587e-16 7.72701e-17 1
3726 8.97165e-16 7.72701e-17 1
3727.5 8.08583e-16 7.72701e-17 1
3729 6.89136e-16 7.72701e-17 1
3730.5 8.34877e-16 7.72701e-17 1
3732 8.2469e-16 7.72701e-17 1
3733.5 8.20513e-16 7.72701e-17 1
3735 9.44374e-16 7.72701e-17 1
3736.5 9.01706e-16 7.72701e-17 1
3738 8.51467e-16 7.72701e-17 1
3739.5 8.65563e-16 7.72701e-17 1
3741 5.87328e-16 7.72701e-17 1
3742.5 6.76711e-16 7.72701e-17 1
3744 8.01442e-16 7.72701e-17 1
3745.5 5.65113e-16 7.72701e-17 1
3747 7.4025e-16 7.72701e-17 1
3748.5 6.81857e-16 7.72701e-17 1
3750 6.96194e-16 7.72701e-17 1
3751.5 8.17566e-16 7.72701e-17 1
3753 6.25881e-16 7.72701e-17 1
3754.5 6.6255e-16 7.72701e-17 1
3756 6.55379e-16 7.72701e-17 1
3757.5 6.0748e-16 7.72701e-17 1
3759 6.24987e-16 7.72701e-17 1
3760.5 5.93855e-16 7.72701e-17 1
3762 7.14439e-16 7.72701e-17 1
3763.5 6.55246e-16 7.72701e-17 1
3765 5.43194e-16 7.72701e-17 1
3766.5 4.0457e-16 7.72701e-17 1
3768 4.21039e-16 7.72701e-17 1
3769.5 6.36802e-16 7.72701e-17 1
3771 6.80308e-16 7.72701e-17 1
3772.5 5.68002e-16 7.72701e-17 1
3774 4.69448e-16 7.72701e-17 1
3775.5 5.3905e-16 7.72701e-17 1
3777 5.43999e-16 7.72701e-17 1
3778.5 4.39893e-16 7.72701e-17 1
3780 4.05788e-16 7.72701e-17 1
3781.5 3.92299e-16 7.72701e-17 1
3783 4.32427e-16 7.72701e-17 1
3784.5 3.99494e-16 7.72701e-17 1
3786 3.83515e-16 7.72701e-17 1
3787.5 4.09167e-16 7.72701e-17 1
3789 3.20214e-16 7.72701e-17 1
3790.5 3.32241e-16 7.72701e-17 1
3792 4.31279e-16 7.72701e-17 1
3793.5 3.51661e-16 7.72701e-17 1
3795 3.60803e-16 7.72701e-17 1
3796.5 3.76188e-16 7.72701e-17 1
3798 2.99625e-16 7.72701e-17 1
3799.5 1.6952e-16 7.72701e-17 1
3801 1.31221e-16 7.72701e-17 1
3802.5 2.62027e-16 7.72701e-17 1
3804 2.66193e-16 7.72701e-17 1
3805.5 2.62039e-16 7.72701e-17 1
3807 3.5799e-16 7.72701e-17 1
3808.5 2.90524e-16 7.72701e-17 1
3810 1.81742e-16 7.72701e-17 1
3811.5 3.11205e-16 7.72701e-17 1
3813 2.6645e-16 7.72701e-17 1
3814.5 1.83416e-16 7.72701e-17 1
3816 3.19118e-16 7.72701e-17 1
3817.5 2.99154e-16 7.72701e-17 1
3819 2.66787e-16 7.72701e-17 1
3820.5 3.19364e-16 7.84568e-17 1
3822 2.46038e-16 7.84568e-17 1
3823.5 2.15206e-16 7.84568e-17 1
3825 3.33728e-16 7.84568e-17 1
3826.5 3.13381e-16 7.84568e-17 1
3828 1.51675e-16 7.84568e-17 1
3829.5 2.46427e-16 7.84568e-17 1
3831 3.97464e-16 7.84568e-17 1
3832.5 3.54139e-16 7.84568e-17 1
3834 2.97796e-16 7.84568e-17 1
3835.5 2.12823e-16 7.84568e-17 1
3837 1.43636e-16 7.84568e-17 1
3838.5 7.53835e-17 7.84568e-17 1
3840 7.84115e-17 7.84568e-17 1
3841.5 2.372e-16 7.84568e-17 1
3843 3.10416e-16 7.84568e-17 1
3844.5 3.26957e-16 7.84568e-17 1
3846 2.12027e-16 7.84568e-17 1
3847.5 2.64791e-16 7.84568e-17 1
3849 3.7214e-16 7.84568e-17 1
3850.5 1.98032e-16 7.84568e-17 1
3852 1.87508e-16 7.84568e-17 1
3853.5 2.48234e-16 7.84568e-17 1
3855 2.55863e-16 7.84568e-17 1
3856.5 2.86409e-16 7.84568e-17 1
3858 3.32533e-16 7.84568e-17 1
3859.5 3.68428e-16 7.84568e-17 1
3861 3.6029e-16 7.84568e-17 1
3862.5 3.32541e-16 7.84568e-17 1
3864 3.01886e-16 7.84568e-17 1
3865.5 3.34456e-16 7.84568e-17 1
3867 3.19974e-16 7.84568e-17 1
3868.5 3.08398e-16 7.84568e-17 1
3870 4.54236e-16 7.84568e-17 1
3871.5 4.66353e-16 7.84568e-17 1
3873 3.67e-16 7.84568e-17 1
3874.5 2.89499e-16 7.84568e-17 1
3876 3.30699e-16 7.84568e-17 1
3877.5 3.75747e-16 7.84568e-17 1
3879 3.88175e-16 7.84568e-17 1
3880.5 4.80638e-16 7.84568e-17 1
3882 4.2209e-16 7.84568e-17 1
3883.5 4.46285e-16 7.84568e-17 1
3885 5.54753e-16 7.84568e-17 1
3886.5 5.65008e-16 7.84568e-17 1
3888 5.77034e-16 7.84568e-17 1
3889.5 6.40705e-16 7.84568e-17 1
3891 6.12513e-16 7.84568e-17 1
3892.5 5.56777e-16 7.84568e-17 1
3894 4.3516e-16 7.84568e-17 1
3895.5 6.58402e-16 7.84568e-17 1
3897 7.37285e-16 7.84568e-17 1
3898.5 5.16972e-16 7.84568e-17 1
3900 5.87117e-16 7.84568e-17 1
3901.5 7.34871e-16 7.84568e-17 1
3903 5.75496e-16 7.84568e-17 1
3904.5 5.64514e-16 7.84568e-17 1
3906 7.48223e-16 7.84568e-17 1
3907.5 8.37886e-16 7.84568e-17 1
3909 8.18935e-16 7.84568e-17 1
3910.5 6.56487e-16 7.84568e-17 1
3912 6.83458e-16 7.84568e-17 1
3913.5 7.94205e-16 7.84568e-17 1
3915 8.5332e-16 7.84568e-17 1
3916.5 8.20266e-16 7.84568e-17 1
3918 7.82649e-16 7.84568e-17 1
3919.5 8.62264e-16 7.84568e-17 1
3921 7.40146e-16 7.9278e-17 1
3922.5 7.2654e-16 7.9278e-17 1
3924 7.6483e-16 7.9278e-17 1
3925.5 6.70043e-16 7.9278e-17 1
3927 7.06311e-16 7.9278e-17 1
3928.5 8.48209e-16 7.9278e-17 1
3930 9.43345e-16 7.9278e-17 1
3931.5 9.66614e-16 7.9278e-17 1
3933 9.6027e-16 7.9278e-17 1
3934.5 9.33463e-16 7.9278e-17 1
3936 9.0934e-16 7.9278e-17 1
3937.5 8.79217e-16 7.9278e-17 1
3939 9.23694e-16 7.9278e-17 1
3940.5 9.18376e-16 7.9278e-17 1
3942 8.77514e-16 7.9278e-17 1
3943.5 1.01421e-15 7.9278e-17 1
3945 1.15455e-15 7.9278e-17 1
3946.5 1.13904e-15 7.9278e-17 1
3948 1.18703e-15 7.9278e-17 1
3949.5 1.11679e-15 7.9278e-17 1
3951 1.00433e-15 7.9278e-17 1
3952.5 9.94148e-16 7.9278e-17 1
3954 9.61617e-16 7.9278e-17 1
3955.5 9.70573e-16 7.9278e-17 1
3957 1.04884e-15 7.9278e-17 1
3958.5 9.4882e-16 7.9278e-17 1
3960 9.05164e-16 7.9278e-17 1
3961.5 1.06121e-15 7.9278e-17 1
3963 1.00138e-15 7.9278e-17 1
3964.5 1.01197e-15 7.9278e-17 1
3966 9.59079e-16 7.9278e-17 1
3967.5 9.85804e-16 7.9278e-17 1
3969 1.06342e-15 7.9278e-17 1
3970.5 1.11358e-15 7.9278e-17 1
3972 1.05554e-15 7.9278e-17 1
3973.5 1.16062e-15 7.9278e-17 1
3975 1.15406e-15 7.9278e-17 1
3976.5 1.21537e-15 7.9278e-17 1
3978 1.1913e-15 7.9278e-17 1
3979.5 1.17413e-15 7.9278e-17 1
3981 1.26912e-15 7.9278e-17 1
3982.5 1.25965e-15 7.9278e-17 1
3984 1.18146e-15 7.9278e-17 1
3985.5 1.18678e-15 7.9278e-17 1
3987 1.18325e-15 7.9278e-17 1
3988.5 1.31308e-15 7.9278e-17 1
3990 1.29248e-15 7.9278e-17 1
3991.5 1.20941e-15 7.9278e-17 1
3993 1.24246e-15 7.9278e-17 1
3994.5 1.26413e-15 7.9278e-17 1
3996 1.26535e-15 7.9278e-17 1
3997.5 1.33872e-15 7.9278e-17 1
3999 1.36928e-15 7.9278e-17 1
4000.5 1.29461e-15 7.9278e-17 1
4002 1.1975e-15 7.9278e-17 1
4003.5 1.33588e-15 7.9278e-17 1
4005 1.33256e-15 7.9278e-17 1
4006.5 1.32925e-15 7.9278e-17 1
4008 1.32593e-15 7.9278e-17 1
4009.5 1.32262e-15 7.9278e-17 1
4011 1.3193e-15 7.9278e-17 1
4012.5 1.31599e-15 7.9278e-17 1
4014 1.31267e-15 7.9278e-17 1
4015.5 1.31267e-15 7.9278e-17 1
4017 1.11948e-15 7.9278e-17 1
4018.5 1.16474e-15 7.9278e-17 1
4020 1.29017e-15 5.32984e-17 1
4021.5 1.22976e-15 5.32984e-17 1
4023 1.15503e-15 5.32984e-17 1
4024.5 1.1642e-15 5.32984e-17 1
4026 1.18049e-15 5.32984e-17 1
4027.5 1.18801e-15 5.32984e-17 1
4029 1.12222e-15 5.32984e-17 1
4030.5 1.17444e-15 5.32984e-17 1
4032 1.1423e-15 5.32984e-17 1
4033.5 1.04008e-15 5.32984e-17 1
4035 1.02932e-15 5.32984e-17 1
4036.5 1.23392e-15 5.32984e-17 1
4038 1.10376e-15 5.32984e-17 1
4039.5 1.00576e-15 5.32984e-17 1
4041 9.86005e-16 5.32984e-17 1
4042.5 1.03982e-15 5.32984e-17 1
4044 1.07549e-15 5.32984e-17 1
4045.5 1.11486e-15 5.32984e-17 1
4047 1.07794e-15 5.32984e-17 1
4048.5 9.98876e-16 5.32984e-17 1
4050 1.04287e-15 5.32984e-17 1
4051.5 1.00493e-15 5.32984e-17 1
4053 1.03259e-15 5.32984e-17 1
4054.5 8.7624e-16 5.32984e-17 1
4056 9.35924e-16 5.32984e-17 1
4057.5 8.9194e-16 5.32984e-17 1
4059 9.28086e-16 5.32984e-17 1
4060.5 7.87535e-16 5.32984e-17 1
4062 8.53984e-16 5.32984e-17 1
4063.5 9.32503e-16 5.32984e-17 1
4065 9.19556e-16 5.32984e-17 1
4066.5 9.40752e-16 5.32984e-17 1
4068 9.3739e-16 5.32984e-17 1
4069.5 8.12451e-16 5.32984e-17 1
4071 7.97088e-16 5.32984e-17 1
4072.5 9.28691e-16 5.32984e-17 1
4074 9.16336e-16 5.32984e-17 1
4075.5 8.19543e-16 5.32984e-17 1
4077 8.4576e-16 5.32984e-17 1
4078.5 8.68798e-16 5.32984e-17 1
4080 7.97059e-16 5.32984e-17 1
4081.5 7.68615e-16 5.32984e-17 1
4083 8.08712e-16 5.32984e-17 1
4084.5 7.76176e-16 5.32984e-17 1
4086 7.76398e-16 5.32984e-17 1
4087.5 7.96914e-16 5.32984e-17 1
4089 7.24917e-16 5.32984e-17 1
4090.5 7.6564e-16 5.32984e-17 1
4092 7.74518e-16 5.32984e-17 1
4093.5 7.88065e-16 5.32984e-17 1
4095 7.88971e-16 5.32984e-17 1
4096.5 8.01926e-16 5.32984e-17 1
4098 7.10884e-16 5.32984e-17 1
4099.5 6.37603e-16 5.32984e-17 1
4101 7.2459e-16 5.32984e-17 1
4102.5 7.56954e-16 5.32984e-17 1
4104 7.65963e-16 5.32984e-17 1
4105.5 6.95301e-16 5.32984e-17 1
4107 6.27751e-16 5.32984e-17 1
4108.5 7.02412e-16 5.32984e-17 1
4110 7.24842e-16 5.32984e-17 1
4111.5 6.37571e-16 5.32984e-17 1
4113 5.96663e-16 5.32984e-17 1
4114.5 6.55391e-16 5.32984e-17 1
4116 7.07508e-16 5.32984e-17 1
4117.5 6.55848e-16 5.32984e-17 1
4119 7.62818e-16 5.32984e-17 1
4120.5 8.61824e-16 4.46477e-17 1
4122 7.35547e-16 4.46477e-17 1
4123.5 6.95416e-16 4.46477e-17 1
4125 6.87778e-16 4.46477e-17 1
4126.5 6.49316e-16 4.46477e-17 1
4128 6.04844e-16 4.46477e-17 1
4129.5 6.38301e-16 4.46477e-17 1
4131 7.14956e-16 4.46477e-17 1
4132.5 7.02125e-16 4.46477e-17 1
4134 6.81366e-16 4.46477e-17 1
4135.5 7.10918e-16 4.46477e-17 1
4137 6.99741e-16 4.46477e-17 1
4138.5 7.29486e-16 4.46477e-17 1
4140 6.93899e-16 4.46477e-17 1
4141.5 7.15617e-16 4.46477e-17 1
4143 7.31774e-16 4.46477e-17 1
4144.5 6.9899e-16 4.46477e-17 1
4146 6.81005e-16 4.46477e-17 1
4147.5 7.23278e-16 4.46477e-17 1
4149 7.06318e-16 4.46477e-17 1
4150.5 6.15699e-16 4.46477e-17 1
4152 6.72795e-16 4.46477e-17 1
4153.5 7.38009e-16 4.46477e-17 1
4155 6.89078e-16 4.46477e-17 1
4156.5 6.98632e-16 4.46477e-17 1
4158 7.16576e-16 4.46477e-17 1
4159.5 6.67461e-16 4.46477e-17 1
4161 6.82051e-16 4.46477e-17 1
4162.5 6.6482e-16 4.46477e-17 1
4164 6.64453e-16 4.46477e-17 1
4165.5 6.94147e-16 4.46477e-17 1
4167 6.8947e-16 4.46477e-17 1
4168.5 6.59501e-16 4.46477e-17 1
4170 7.03296e-16 4.46477e-17 1
4171.5 7.10903e-16 4.46477e-17 1
4173 7.28128e-16 4.46477e-17 1
4174.5 6.75539e-16 4.46477e-17 1
4176 6.55121e-16 4.46477e-17 1
4177.5 7.32818e-16 4.46477e-17 1
4179 5.6854e-16 4.46477e-17 1
4180.5 6.08427e-16 4.46477e-17 1
4182 7.17417e-16 4.46477e-17 1
4183.5 7.38034e-16 4.46477e-17 1
4185 6.17926e-16 4.46477e-17 1
4186.5 7.06023e-16 4.46477e-17 1
4188 6.62296e-16 4.46477e-17 1
4189.5 7.20992e-16 4.46477e-17 1
4191 7.09817e-16 4.46477e-17 1
4192.5 6.9007e-16 4.46477e-17 1
4194 6.67016e-16 4.46477e-17 1
4195.5 7.0048e-16 4.46477e-17 1
4197 7.12122e-16 4.46477e-17 1
4198.5 7.13922e-16 4.46477e-17 1
4200 6.92632e-16 4.46477e-17 1
4201.5 6.98437e-16 4.46477e-17 1
4203 6.53804e-16 4.46477e-17 1
4204.5 5.4441e-16 4.46477e-17 1
4206 6.56459e-16 4.46477e-17 1
4207.5 6.89789e-16 4.46477e-17 1
4209 5.98256e-16 4.46477e-17 1
4210.5 6.41105e-16 4.46477e-17 1
4212 6.97283e-16 4.46477e-17 1
4213.5 7.11902e-16 4.46477e-17 1
4215 7.27334e-16 4.46477e-17 1
4216.5 7.10925e-16 4.46477e-17 1
4218 6.98054e-16 4.46477e-17 1
4219.5 7.21334e-16 4.46477e-17 1
4221 6.91888e-16 4.87139e-17 1
4222.5 6.88944e-16 4.87139e-17 1
4224 6.68895e-16 4.87139e-17 1
4225.5 6.79255e-16 4.87139e-17 1
4227 7.38868e-16 4.87139e-17 1
4228.5 7.5485e-16 4.87139e-17 1
4230 7.72468e-16 4.87139e-17 1
4231.5 7.7689e-16 4.87139e-17 1
4233 7.82276e-16 4.87139e-17 1
4234.5 7.54522e-16 4.87139e-17 1
4236 7.38902e-16 4.87139e-17 1
4237.5 7.0985e-16 4.87139e-17 1
4239 7.253e-16 4.87139e-17 1
4240.5 7.40749e-16 4.87139e-17 1
4242 7.56198e-16 4.87139e-17 1
4243.5 7.71647e-16 4.87139e-17 1
4245 7.87096e-16 4.87139e-17 1
4246.5 7.87096e-16 4.87139e-17 1
4248 7.84064e-16 4.87139e-17 1
4249.5 7.8177e-16 4.87139e-17 1
4251 8.17901e-16 4.87139e-17 1
4252.5 8.76129e-16 4.87139e-17 1
4254 8.15482e-16 4.87139e-17 1
4255.5 9.01864e-16 4.87139e-17 1
4257 8.72972e-16 4.87139e-17 1
4258.5 8.82987e-16 4.87139e-17 1
4260 8.58856e-16 4.87139e-17 1
4261.5 8.99487e-16 4.87139e-17 1
4263 8.57824e-16 4.87139e-17 1
4264.5 8.20941e-16 4.87139e-17 1
4266 7.51921e-16 4.87139e-17 1
4267.5 8.00614e-16 4.87139e-17 1
4269 8.19875e-16 4.87139e-17 1
4270.5 8.05962e-16 4.87139e-17 1
4272 7.62495e-16 4.87139e-17 1
4273.5 7.20977e-16 4.87139e-17 1
4275 8.16237e-16 4.87139e-17 1
4276.5 8.19037e-16 4.87139e-17 1
4278 7.28521e-16 4.87139e-17 1
4279.5 7.96235e-16 4.87139e-17 1
4281 8.72995e-16 4.87139e-17 1
4282.5 8.91761e-16 4.87139e-17 1
4284 8.67725e-16 4.87139e-17 1
4285.5 8.33674e-16 4.87139e-17 1
4287 7.73726e-16 4.87139e-17 1
4288.5 8.28228e-16 4.87139e-17 1
4290 8.84007e-16 4.87139e-17 1
4291.5 8.61244e-16 4.87139e-17 1
4293 8.28396e-16 4.87139e-17 1
4294.5 8.47648e-16 4.87139e-17 1
4296 8.57677e-16 4.87139e-17 1
4297.5 7.86386e-16 4.87139e-17 1
4299 8.70378e-16 4.87139e-17 1
4300.5 9.67538e-16 4.87139e-17 1
4302 8.95177e-16 4.87139e-17 1
4303.5 7.86472e-16 4.87139e-17 1
4305 8.46422e-16 4.87139e-17 1
4306.5 8.24297e-16 4.87139e-17 1
4308 7.51457e-16 4.87139e-17 1
4309.5 7.90948e-16 4.87139e-17 1
4311 8.16614e-16 4.87139e-17 1
4312.5 8.63712e-16 4.87139e-17 1
4314 8.62681e-16 4.87139e-17 1
4315.5 8.59079e-16 4.87139e-17 1
4317 9.06908e-16 4.87139e-17 1
4318.5 8.97704e-16 4.87139e-17 1
4320 8.99962e-16 4.59162e-17 1
4321.5 9.5149e-16 4.59162e-17 1
4323 9.35556e-16 4.59162e-17 1
4324.5 9.43496e-16 4.59162e-17 1
4326 9.10903e-16 4.59162e-17 1
4327.5 8.58316e-16 4.59162e-17 1
4329 9.04208e-16 4.59162e-17 1
4330.5 9.55781e-16 4.59162e-17 1
4332 8.96615e-16 4.59162e-17 1
4333.5 9.20247e-16 4.59162e-17 1
4335 1.02789e-15 4.59162e-17 1
4336.5 9.27205e-16 4.59162e-17 1
4338 9.38669e-16 4.59162e-17 1
4339.5 9.52344e-16 4.59162e-17 1
4341 1.01091e-15 4.59162e-17 1
4342.5 1.03939e-15 4.59162e-17 1
4344 9.12775e-16 4.59162e-17 1
4345.5 8.55259e-16 4.59162e-17 1
4347 9.08832e-16 4.59162e-17 1
4348.5 9.59276e-16 4.59162e-17 1
4350 9.45225e-16 4.59162e-17 1
4351.5 9.12159e-16 4.59162e-17 1
4353 8.93427e-16 4.59162e-17 1
4354.5 9.08713e-16 4.59162e-17 1
4356 8.94384e-16 4.59162e-17 1
4357.5 9.00312e-16 4.59162e-17 1
4359 8.47711e-16 4.59162e-17 1
4360.5 9.02054e-16 4.59162e-17 1
4362 9.68389e-16 4.59162e-17 1
4363.5 9.2015e-16 4.59162e-17 1
4365 9.12899e-16 4.59162e-17 1
4366.5 9.10872e-16 4.59162e-17 1
4368 8.91213e-16 4.59162e-17 1
4369.5 9.02079e-16 4.59162e-17 1
4371 8.26877e-16 4.59162e-17 1
4372.5 8.28214e-16 4.59162e-17 1
4374 8.36936e-16 4.59162e-17 1
4375.5 7.9968e-16 4.59162e-17 1
4377 8.2652e-16 4.59162e-17 1
4378.5 8.26424e-16 4.59162e-17 1
4380 8.32927e-16 4.59162e-17 1
4381.5 8.49008e-16 4.59162e-17 1
4383 8.31497e-16 4.59162e-17 1
4384.5 7.93317e-16 4.59162e-17 1
4386 8.03917e-16 4.59162e-17 1
4387.5 7.84e-16 4.59162e-17 1
4389 6.67058e-16 4.59162e-17 1
4390.5 6.81884e-16 4.59162e-17 1
4392 6.92829e-16 4.59162e-17 1
4393.5 6.89848e-16 4.59162e-17 1
4395 6.86867e-16 4.59162e-17 1
4396.5 6.83886e-16 4.59162e-17 1
4398 6.80906e-16 4.59162e-17 1
4399.5 6.80906e-16 4.59162e-17 1
4401 6.85271e-16 4.59162e-17 1
4402.5 6.63352e-16 4.59162e-17 1
4404 6.04399e-16 4.59162e-17 1
4405.5 6.32217e-16 4.59162e-17 1
4407 6.4948e-16 4.59162e-17 1
4408.5 6.84981e-16 4.59162e-17 1
4410 6.62191e-16 4.59162e-17 1
4411.5 6.84372e-16 4.59162e-17 1
4413 6.98519e-16 4.59162e-17 1
4414.5 7.03819e-16 4.59162e-17 1
4416 5.96664e-16 4.59162e-17 1
4417.5 5.83116e-16 4.59162e-17 1
4419 5.96138e-16 4.59162e-17 1
4420.5 5.48721e-16 4.28567e-17 1
4422 4.982e-16 4.28567e-17 1
4423.5 5.04245e-16 4.28567e-17 1
4425 5.95847e-16 4.28567e-17 1
4426.5 5.5359e-16 4.28567e-17 1
4428 4.9965e-16 4.28567e-17 1
4429.5 4.52443e-16 4.28567e-17 1
4431 4.32958e-16 4.28567e-17 1
4432.5 4.93851e-16 4.28567e-17 1
4434 5.54326e-16 4.28567e-17 1
4435.5 5.51001e-16 4.28567e-17 1
4437 5.57693e-16 4.28567e-17 1
4438.5 5.47704e-16 4.28567e-17 1
4440 4.75326e-16 4.28567e-17 1
4441.5 4.59921e-16 4.28567e-17 1
4443 5.18207e-16 4.28567e-17 1
4444.5 5.70443e-16 4.28567e-17 1
4446 4.74382e-16 4.28567e-17 1
4447.5 3.84921e-16 4.28567e-17 1
4449 4.38605e-16 4.28567e-17 1
4450.5 4.83633e-16 4.28567e-17 1
4452 4.8022e-16 4.28567e-17 1
4453.5 4.69437e-16 4.28567e-17 1
4455 4.62838e-16 4.28567e-17 1
4456.5 4.96262e-16 4.28567e-17 1
4458 5.64348e-16 4.28567e-17 1
4459.5 5.36786e-16 4.28567e-17 1
4461 4.22883e-16 4.28567e-17 1
4462.5 4.02633e-16 4.28567e-17 1
4464 4.68663e-16 4.28567e-17 1
4465.5 4.6361e-16 4.28567e-17 1
4467 4.903e-16 4.28567e-17 1
4468.5 5.18953e-16 4.28567e-17 1
4470 4.76744e-16 4.28567e-17 1
4471.5 4.89675e-16 4.28567e-17 1
4473 4.40381e-16 4.28567e-17 1
4474.5 4.77178e-16 4.28567e-17 1
4476 5.73556e-16 4.28567e-17 1
4477.5 5.46544e-16 4.28567e-17 1
4479 5.6515e-16 4.28567e-17 1
4480.5 5.16911e-16 4.28567e-17 1
4482 4.71148e-16 4.28567e-17 1
4483.5 4.95371e-16 4.28567e-17 1
4485 4.94364e-16 4.28567e-17 1
4486.5 4.70155e-16 4.28567e-17 1
4488 4.73599e-16 4.28567e-17 1
4489.5 5.19513e-16 4.28567e-17 1
4491 4.84455e-16 4.28567e-17 1
4492.5 4.91872e-16 4.28567e-17 1
4494 5.30186e-16 4.28567e-17 1
4495.5 5.45817e-16 4.28567e-17 1
4497 5.50401e-16 4.28567e-17 1
4498.5 5.80979e-16 4.28567e-17 1
4500 5.78512e-16 4.28567e-17 1
4501.5 5.59671e-16 4.28567e-17 1
4503 6.72392e-16 4.28567e-17 1
4504.5 6.43161e-16 4.28567e-17 1
4506 5.69994e-16 4.28567e-17 1
4507.5 5.53607e-16 4.28567e-17 1
4509 6.02579e-16 4.28567e-17 1
4510.5 6.14392e-16 4.28567e-17 1
4512 6.30822e-16 4.28567e-17 1
4513.5 6.23105e-16 4.28567e-17 1
4515 6.15933e-16 4.28567e-17 1
4516.5 6.4391e-16 4.28567e-17 1
4518 7.07706e-16 4.28567e-17 1
4519.5 6.71327e-16 4.28567e-17 1
4521 6.43374e-16 4.41246e-17 1
4522.5 6.62795e-16 4.41246e-17 1
4524 6.83361e-16 4.41246e-17 1
4525.5 6.58408e-16 4.41246e-17 1
4527 7.57054e-16 4.41246e-17 1
4528.5 7.70022e-16 4.41246e-17 1
4530 6.48455e-16 4.41246e-17 1
4531.5 6.63822e-16 4.41246e-17 1
4533 7.00292e-16 4.41246e-17 1
4534.5 7.60297e-16 4.41246e-17 1
4536 7.7349e-16 4.41246e-17 1
4537.5 7.52082e-16 4.41246e-17 1
4539 7.75619e-16 4.41246e-17 1
4540.5 7.22276e-16 4.41246e-17 1
4542 7.54754e-16 4.41246e-17 1
4543.5 7.05644e-16 4.41246e-17 1
4545 7.60795e-16 4.41246e-17 1
4546.5 8.4717e-16 4.41246e-17 1
4548 7.50602e-16 4.41246e-17 1
4549.5 8.53926e-16 4.41246e-17 1
4551 9.77665e-16 4.41246e-17 1
4552.5 9.29586e-16 4.41246e-17 1
4554 8.4137e-16 4.41246e-17 1
4555.5 9.01582e-16 4.41246e-17 1
4557 9.62519e-16 4.41246e-17 1
4558.5 9.24583e-16 4.41246e-17 1
4560 8.97428e-16 4.41246e-17 1
4561.5 9.63692e-16 4.41246e-17 1
4563 9.3347e-16 4.41246e-17 1
4564.5 9.05204e-16 4.41246e-17 1
4566 9.55929e-16 4.41246e-17 1
4567.5 1.04515e-15 4.41246e-17 1
4569 1.00691e-15 4.41246e-17 1
4570.5 9.83112e-16 4.41246e-17 1
4572 1.01263e-15 4.41246e-17 1
4573.5 1.05166e-15 4.41246e-17 1
4575 1.13115e-15 4.41246e-17 1
4576.5 1.11823e-15 4.41246e-17 1
4578 1.12561e-15 4.41246e-17 1
4579.5 1.13256e-15 4.41246e-17 1
4581 1.15032e-15 4.41246e-17 1
4582.5 1.13276e-15 4.41246e-17 1
4584 1.21821e-15 4.41246e-17 1
4585.5 1.23619e-15 4.41246e-17 1
4587 1.1828e-15 4.41246e-17 1
4588.5 1.18283e-15 4.41246e-17 1
4590 1.2216e-15 4.41246e-17 1
4591.5 1.31696e-15 4.41246e-17 1
4593 1.32118e-15 4.41246e-17 1
4594.5 1.2679e-15 4.41246e-17 1
4596 1.28945e-15 4.41246e-17 1
4597.5 1.38084e-15 4.41246e-17 1
4599 1.41192e-15 4.41246e-17 1
4600.5 1.42931e-15 4.41246e-17 1
4602 1.43865e-15 4.41246e-17 1
4603.5 1.47394e-15 4.41246e-17 1
4605 1.52052e-15 4.41246e-17 1
4606.5 1.53979e-15 4.41246e-17 1
4608 1.61814e-15 4.41246e-17 1
4609.5 1.55592e-15 4.41246e-17 1
4611 1.55905e-15 4.41246e-17 1
4612.5 1.599e-15 4.41246e-17 1
4614 1.59977e-15 4.41246e-17 1
4615.5 1.62613e-15 4.41246e-17 1
4617 1.66287e-15 4.41246e-17 1
4618.5 1.65925e-15 4.41246e-17 1
4620 1.64316e-15 5.40689e-17 1
4621.5 1.58114e-15 5.40689e-17 1
4623 1.6512e-15 5.40689e-17 1
4624.5 1.62741e-15 5.40689e-17 1
4626 1.66501e-15 5.40689e-17 1
4627.5 1.75772e-15 5.40689e-17 1
4629 1.69838e-15 5.40689e-17 1
4630.5 1.65283e-15 5.40689e-17 1
4632 1.70929e-15 5.40689e-17 1
4633.5 1.79971e-15 5.40689e-17 1
4635 1.79875e-15 5.40689e-17 1
4636.5 1.73227e-15 5.40689e-17 1
4638 1.73878e-15 5.40689e-17 1
4639.5 1.76741e-15 5.40689e-17 1
4641 1.83222e-15 5.40689e-17 1
4642.5 1.87072e-15 5.40689e-17 1
4644 1.91097e-15 5.40689e-17 1
4645.5 1.87754e-15 5.40689e-17 1
4647 1.80765e-15 5.40689e-17 1
4648.5 1.83761e-15 5.40689e-17 1
4650 1.83688e-15 5.40689e-17 1
4651.5 1.77278e-15 5.40689e-17 1
4653 1.79379e-15 5.40689e-17 1
4654.5 1.85821e-15 5.40689e-17 1
4656 1.87699e-15 5.40689e-17 1
4657.5 1.87812e-15 5.40689e-17 1
4659 1.83838e-15 5.40689e-17 1
4660.5 1.85358e-15 5.40689e-17 1
4662 1.91696e-15 5.40689e-17 1
4663.5 1.90303e-15 5.40689e-17 1
4665 1.87508e-15 5.40689e-17 1
4666.5 1.87834e-15 5.40689e-17 1
4668 1.88103e-15 5.40689e-17 1
4669.5 1.8566e-15 5.40689e-17 1
4671 1.83298e-15 5.40689e-17 1
4672.5 1.80982e-15 5.40689e-17 1
4674 1.8069e-15 5.40689e-17 1
4675.5 1.76212e-15 5.40689e-17 1
4677 1.73307e-15 5.40689e-17 1
4678.5 1.75102e-15 5.40689e-17 1
4680 1.80176e-15 5.40689e-17 1
4681.5 1.81586e-15 5.40689e-17 1
4683 1.75905e-15 5.40689e-17 1
4684.5 1.68853e-15 5.40689e-17 1
4686 1.7073e-15 5.40689e-17 1
4687.5 1.75529e-15 5.40689e-17 1
4689 1.81784e-15 5.40689e-17 1
4690.5 1.84624e-15 5.40689e-17 1
4692 1.80294e-15 5.40689e-17 1
4693.5 1.74331e-15 5.40689e-17 1
4695 1.61311e-15 5.40689e-17 1
4696.5 1.55678e-15 5.40689e-17 1
4698 1.53106e-15 5.40689e-17 1
4699.5 1.51453e-15 5.40689e-17 1
4701 1.49514e-15 5.40689e-17 1
4702.5 1.497e-15 5.40689e-17 1
4704 1.45701e-15 5.40689e-17 1
4705.5 1.41719e-15 5.40689e-17 1
4707 1.38943e-15 5.40689e-17 1
4708.5 1.32857e-15 5.40689e-17 1
4710 1.30778e-15 5.40689e-17 1
4711.5 1.30508e-15 5.40689e-17 1
4713 1.21491e-15 5.40689e-17 1
4714.5 1.24117e-15 5.40689e-17 1
4716 1.21872e-15 5.40689e-17 1
4717.5 1.11511e-15 5.40689e-17 1
4719 1.15725e-15 5.40689e-17 1
4720.5 1.16905e-15 4.99086e-17 1
4722 1.0807e-15 4.99086e-17 1
4723.5 1.04555e-15 4.99086e-17 1
4725 1.06413e-15 4.99086e-17 1
4726.5 1.01382e-15 4.99086e-17 1
4728 1.02133e-15 4.99086e-17 1
4729.5 1.04335e-15 4.99086e-17 1
4731 9.59987e-16 4.99086e-17 1
4732.5 9.23778e-16 4.99086e-17 1
4734 9.19124e-16 4.99086e-17 1
4735.5 8.99664e-16 4.99086e-17 1
4737 9.11208e-16 4.99086e-17 1
4738.5 9.78532e-16 4.99086e-17 1
4740 9.9095e-16 4.99086e-17 1
4741.5 8.69729e-16 4.99086e-17 1
4743 8.22575e-16 4.99086e-17 1
4744.5 8.59943e-16 4.99086e-17 1
4746 8.46254e-16 4.99086e-17 1
4747.5 8.16717e-16 4.99086e-17 1
4749 8.96755e-16 4.99086e-17 1
4750.5 9.34723e-16 4.99086e-17 1
4752 8.38019e-16 4.99086e-17 1
4753.5 7.77741e-16 4.99086e-17 1
4755 7.91337e-16 4.99086e-17 1
4756.5 8.019e-16 4.99086e-17 1
4758 7.77935e-16 4.99086e-17 1
4759.5 7.16624e-16 4.99086e-17 1
4761 7.31887e-16 4.99086e-17 1
4762.5 7.72975e-16 4.99086e-17 1
4764 7.53574e-16 4.99086e-17 1
4765.5 7.19088e-16 4.99086e-17 1
4767 6.37064e-16 4.99086e-17 1
4768.5 6.28891e-16 4.99086e-17 1
4770 6.93621e-16 4.99086e-17 1
4771.5 7.07686e-16 4.99086e-17 1
4773 6.58829e-16 4.99086e-17 1
4774.5 6.84787e-16 4.99086e-17 1
4776 6.3275e-16 4.99086e-17 1
4777.5 5.64704e-16 4.99086e-17 1
4779 6.245e-16 4.99086e-17 1
4780.5 6.86016e-16 4.99086e-17 1
4782 6.72512e-16 4.99086e-17 1
4783.5 5.90993e-16 4.99086e-17 1
4785 6.1371e-16 4.99086e-17 1
4786.5 6.55321e-16 4.99086e-17 1
4788 6.17506e-16 4.99086e-17 1
4789.5 6.09458e-16 4.99086e-17 1
4791 6.13315e-16 4.99086e-17 1
4792.5 6.26969e-16 4.99086e-17 1
4794 6.16906e-16 4.99086e-17 1
4795.5 5.89364e-16 4.99086e-17 1
4797 5.92259e-16 4.99086e-17 1
4798.5 6.46671e-16 4.99086e-17 1
4800 6.6486e-16 4.99086e-17 1
4801.5 6.24338e-16 4.99086e-17 1
4803 6.36133e-16 4.99086e-17 1
4804.5 6.27614e-16 4.99086e-17 1
4806 6.11588e-16 4.99086e-17 1
4807.5 6.28156e-16 4.99086e-17 1
4809 6.75368e-16 4.99086e-17 1
4810.5 6.90563e-16 4.99086e-17 1
4812 6.57714e-16 4.99086e-17 1
4813.5 6.54906e-16 4.99086e-17 1
4815 6.63218e-16 4.99086e-17 1
4816.5 7.00935e-16 4.99086e-17 1
4818 7.53655e-16 4.99086e-17 1
4819.5 7.83611e-16 4.99086e-17 1
4821 7.74231e-16 5.32785e-17 1
4822.5 7.39135e-16 5.32785e-17 1
4824 7.44201e-16 5.32785e-17 1
4825.5 7.29111e-16 5.32785e-17 1
4827 7.40516e-16 5.32785e-17 1
4828.5 7.87512e-16 5.32785e-17 1
4830 7.79626e-16 5.32785e-17 1
4831.5 7.64677e-16 5.32785e-17 1
4833 8.17741e-16 5.32785e-17 1
4834.5 7.73731e-16 5.32785e-17 1
4836 8.18295e-16 5.32785e-17 1
4837.5 7.98076e-16 5.32785e-17 1
4839 7.5174e-16 5.32785e-17 1
4840.5 8.19318e-16 5.32785e-17 1
4842 8.87156e-16 5.32785e-17 1
4843.5 8.58224e-16 5.32785e-17 1
4845 8.41064e-16 5.32785e-17 1
4846.5 8.21645e-16 5.32785e-17 1
4848 7.99029e-16 5.32785e-17 1
4849.5 8.29304e-16 5.32785e-17 1
4851 7.92077e-16 5.32785e-17 1
4852.5 8.37867e-16 5.32785e-17 1
4854 8.24178e-16 5.32785e-17 1
4855.5 8.30047e-16 5.32785e-17 1
4857 8.79656e-16 5.32785e-17 1
4858.5 8.85126e-16 5.32785e-17 1
4860 8.50091e-16 5.32785e-17 1
4861.5 8.84287e-16 5.32785e-17 1
4863 8.5157e-16 5.32785e-17 1
4864.5 7.85007e-16 5.32785e-17 1
4866 8.34221e-16 5.32785e-17 1
4867.5 8.75902e-16 5.32785e-17 1
4869 8.08323e-16 5.32785e-17 1
4870.5 7.80396e-16 5.32785e-17 1
4872 7.55389e-16 5.32785e-17 1
4873.5 7.54779e-16 5.32785e-17 1
4875 8.15535e-16 5.32785e-17 1
4876.5 8.43564e-16 5.32785e-17 1
4878 8.02566e-16 5.32785e-17 1
4879.5 7.45489e-16 5.32785e-17 1
4881 8.25648e-16 5.32785e-17 1
4882.5 8.41237e-16 5.32785e-17 1
4884 7.40045e-16 5.32785e-17 1
4885.5 7.58922e-16 5.32785e-17 1
4887 7.60248e-16 5.32785e-17 1
4888.5 7.27345e-16 5.32785e-17 1
4890 7.38078e-16 5.32785e-17 1
4891.5 7.54831e-16 5.32785e-17 1
4893 7.57448e-16 5.32785e-17 1
4894.5 7.23797e-16 5.32785e-17 1
4896 7.36139e-16 5.32785e-17 1
4897.5 7.18591e-16 5.32785e-17 1
4899 7.52263e-16 5.32785e-17 1
4900.5 7.71276e-16 5.32785e-17 1
4902 7.05889e-16 5.32785e-17 1
4903.5 6.57259e-16 5.32785e-17 1
4905 7.65268e-16 5.32785e-17 1
4906.5 8.11834e-16 5.32785e-17 1
4908 8.26101e-16 5.32785e-17 1
4909.5 7.81301e-16 5.32785e-17 1
4911 7.70741e-16 5.32785e-17 1
4912.5 8.34874e-16 5.32785e-17 1
4914 8.52547e-16 5.32785e-17 1
4915.5 8.72583e-16 5.32785e-17 1
4917 8.55359e-16 5.32785e-17 1
4918.5 8.90227e-16 5.32785e-17 1
4920 9.65889e-16 4.57925e-17 1
4921.5 9.02454e-16 4.57925e-17 1
4923 9.75748e-16 4.57925e-17 1
4924.5 9.78636e-16 4.57925e-17 1
4926 8.95457e-16 4.57925e-17 1
4927.5 9.19345e-16 4.57925e-17 1
4929 9.85752e-16 4.57925e-17 1
4930.5 9.54416e-16 4.57925e-17 1
4932 9.90811e-16 4.57925e-17 1
4933.5 1.05032e-15 4.57925e-17 1
4935 1.02246e-15 4.57925e-17 1
4936.5 1.03043e-15 4.57925e-17 1
4938 1.05462e-15 4.57925e-17 1
4939.5 1.08482e-15 4.57925e-17 1
4941 1.09799e-15 4.57925e-17 1
4942.5 1.07122e-15 4.57925e-17 1
4944 1.12469e-15 4.57925e-17 1
4945.5 1.1485e-15 4.57925e-17 1
4947 1.13847e-15 4.57925e-17 1
4948.5 1.15267e-15 4.57925e-17 1
4950 1.14371e-15 4.57925e-17 1
4951.5 1.16064e-15 4.57925e-17 1
4953 1.22283e-15 4.57925e-17 1
4954.5 1.24372e-15 4.57925e-17 1
4956 1.25662e-15 4.57925e-17 1
4957.5 1.28684e-15 4.57925e-17 1
4959 1.3306e-15 4.57925e-17 1
4960.5 1.31528e-15 4.57925e-17 1
4962 1.29228e-15 4.57925e-17 1
4963.5 1.34635e-15 4.57925e-17 1
4965 1.36235e-15 4.57925e-17 1
4966.5 1.3605e-15 4.57925e-17 1
4968 1.37553e-15 4.57925e-17 1
4969.5 1.36938e-15 4.57925e-17 1
4971 1.41572e-15 4.57925e-17 1
4972.5 1.36672e-15 4.57925e-17 1
4974 1.35628e-15 4.57925e-17 1
4975.5 1.40449e-15 4.57925e-17 1
4977 1.47122e-15 4.57925e-17 1
4978.5 1.4409e-15 4.57925e-17 1
4980 1.41853e-15 4.57925e-17 1
4981.5 1.45351e-15 4.57925e-17 1
4983 1.48266e-15 4.57925e-17 1
4984.5 1.44643e-15 4.57925e-17 1
4986 1.4832e-15 4.57925e-17 1
4987.5 1.53488e-15 4.57925e-17 1
4989 1.49677e-15 4.57925e-17 1
4990.5 1.46168e-15 4.57925e-17 1
4992 1.44126e-15 4.57925e-17 1
4993.5 1.44741e-15 4.57925e-17 1
4995 1.32563e-15 4.57925e-17 1
4996.5 1.29612e-15 4.57925e-17 1
4998 1.29147e-15 4.57925e-17 1
4999.5 1.21181e-15 4.57925e-17 1
5001 1.20921e-15 4.57925e-17 1
5002.5 1.20306e-15 4.57925e-17 1
5004 1.23552e-15 4.57925e-17 1
5005.5 1.21708e-15 4.57925e-17 1
5007 1.22839e-15 4.57925e-17 1
5008.5 1.18733e-15 4.57925e-17 1
5010 1.12857e-15 4.57925e-17 1
5011.5 1.12335e-15 4.57925e-17 1
5013 1.13687e-15 4.57925e-17 1
5014.5 1.155e-15 4.57925e-17 1
5016 1.09608e-15 4.57925e-17 1
5017.5 1.05851e-15 4.57925e-17 1
5019 1.03051e-15 4.57925e-17 1
5020.5 1.00306e-15 2.82319e-17 1
5022 1.00038e-15 2.82319e-17 1
5023.5 9.81502e-16 2.82319e-17 1
5025 9.72962e-16 2.82319e-17 1
5026.5 9.98422e-16 2.82319e-17 1
5028 9.32123e-16 2.82319e-17 1
5029.5 8.88923e-16 2.82319e-17 1
5031 8.81865e-16 2.82319e-17 1
5032.5 9.20932e-16 2.82319e-17 1
5034 9.23166e-16 2.82319e-17 1
5035.5 8.69179e-16 2.82319e-17 1
5037 8.75715e-16 2.82319e-17 1
5038.5 9.06448e-16 2.82319e-17 1
5040 9.14321e-16 2.82319e-17 1
5041.5 8.69063e-16 2.82319e-17 1
5043 8.1864e-16 2.82319e-17 1
5044.5 7.90238e-16 2.82319e-17 1
5046 7.85517e-16 2.82319e-17 1
5047.5 7.64283e-16 2.82319e-17 1
5049 7.79326e-16 2.82319e-17 1
5050.5 7.83101e-16 2.82319e-17 1
5052 7.82109e-16 2.82319e-17 1
5053.5 8.03642e-16 2.82319e-17 1
5055 8.23698e-16 2.82319e-17 1
5056.5 8.14372e-16 2.82319e-17 1
5058 8.09285e-16 2.82319e-17 1
5059.5 7.39794e-16 2.82319e-17 1
5061 7.46892e-16 2.82319e-17 1
5062.5 7.96675e-16 2.82319e-17 1
5064 8.18528e-16 2.82319e-17 1
5065.5 7.87253e-16 2.82319e-17 1
5067 7.73314e-16 2.82319e-17 1
5068.5 7.39202e-16 2.82319e-17 1
5070 8.00383e-16 2.82319e-17 1
5071.5 7.90435e-16 2.82319e-17 1
5073 7.32031e-16 2.82319e-17 1
5074.5 7.98981e-16 2.82319e-17 1
5076 8.20783e-16 2.82319e-17 1
5077.5 8.10083e-16 2.82319e-17 1
5079 7.48578e-16 2.82319e-17 1
5080.5 7.6213e-16 2.82319e-17 1
5082 7.79201e-16 2.82319e-17 1
5083.5 7.62228e-16 2.82319e-17 1
5085 7.56458e-16 2.82319e-17 1
5086.5 7.72727e-16 2.82319e-17 1
5088 7.53783e-16 2.82319e-17 1
5089.5 7.56021e-16 2.82319e-17 1
5091 7.8679e-16 2.82319e-17 1
5092.5 7.95357e-16 2.82319e-17 1
5094 7.88618e-16 2.82319e-17 1
5095.5 8.1066e-16 2.82319e-17 1
5097 7.91192e-16 2.82319e-17 1
5098.5 7.99989e-16 2.82319e-17 1
5100 8.08268e-16 2.82319e-17 1
5101.5 7.50319e-16 2.82319e-17 1
5103 7.6273e-16 2.82319e-17 1
5104.5 8.03437e-16 2.82319e-17 1
5106 7.90173e-16 2.82319e-17 1
5107.5 7.54055e-16 2.82319e-17 1
5109 7.3853e-16 2.82319e-17 1
5110.5 7.55635e-16 2.82319e-17 1
5112 7.98783e-16 2.82319e-17 1
5113.5 7.94876e-16 2.82319e-17 1
5115 7.8135e-16 2.82319e-17 1
5116.5 7.78831e-16 2.82319e-17 1
5118 7.88097e-16 2.82319e-17 1
5119.5 7.59032e-16 2.82319e-17 1
5121 7.23657e-16 2.99244e-17 1
5122.5 7.20705e-16 2.99244e-17 1
5124 7.79827e-16 2.99244e-17 1
5125.5 8.48541e-16 2.99244e-17 1
5127 8.46537e-16 2.99244e-17 1
5128.5 7.98072e-16 2.99244e-17 1
5130 7.57714e-16 2.99244e-17 1
5131.5 7.49291e-16 2.99244e-17 1
5133 7.65048e-16 2.99244e-17 1
5134.5 7.70935e-16 2.99244e-17 1
5136 7.40127e-16 2.99244e-17 1
5137.5 7.72791e-16 2.99244e-17 1
5139 7.45118e-16 2.99244e-17 1
5140.5 7.47973e-16 2.99244e-17 1
5142 7.62631e-16 2.99244e-17 1
5143.5 7.99929e-16 2.99244e-17 1
5145 7.84593e-16 2.99244e-17 1
5146.5 7.38318e-16 2.99244e-17 1
5148 7.62945e-16 2.99244e-17 1
5149.5 8.3792e-16 2.99244e-17 1
5151 7.5081e-16 2.99244e-17 1
5152.5 7.16722e-16 2.99244e-17 1
5154 7.1753e-16 2.99244e-17 1
5155.5 7.86134e-16 2.99244e-17 1
5157 7.9068e-16 2.99244e-17 1
5158.5 7.54321e-16 2.99244e-17 1
5160 7.58635e-16 2.99244e-17 1
5161.5 7.30068e-16 2.99244e-17 1
5163 7.6727e-16 2.99244e-17 1
5164.5 7.88309e-16 2.99244e-17 1
5166 7.47346e-16 2.99244e-17 1
5167.5 7.23055e-16 2.99244e-17 1
5169 7.30447e-16 2.99244e-17 1
5170.5 7.48033e-16 2.99244e-17 1
5172 7.14512e-16 2.99244e-17 1
5173.5 7.40483e-16 2.99244e-17 1
5175 7.95469e-16 2.99244e-17 1
5176.5 7.68493e-16 2.99244e-17 1
5178 7.7153e-16 2.99244e-17 1
5179.5 7.77475e-16 2.99244e-17 1
5181 7.5154e-16 2.99244e-17 1
5182.5 7.23145e-16 2.99244e-17 1
5184 7.00928e-16 2.99244e-17 1
5185.5 7.28003e-16 2.99244e-17 1
5187 7.71719e-16 2.99244e-17 1
5188.5 7.63814e-16 2.99244e-17 1
5190 7.63723e-16 2.99244e-17 1
5191.5 7.61799e-16 2.99244e-17 1
5193 7.8236e-16 2.99244e-17 1
5194.5 7.87424e-16 2.99244e-17 1
5196 7.97817e-16 2.99244e-17 1
5197.5 7.90419e-16 2.99244e-17 1
5199 7.82834e-16 2.99244e-17 1
5200.5 8.14226e-16 2.99244e-17 1
5202 7.99925e-16 2.99244e-17 1
5203.5 7.62211e-16 2.99244e-17 1
5205 7.71224e-16 2.99244e-17 1
5206.5 7.90608e-16 2.99244e-17 1
5208 7.76717e-16 2.99244e-17 1
5209.5 8.21725e-16 2.99244e-17 1
5211 8.58045e-16 2.99244e-17 1
5212.5 7.75252e-16 2.99244e-17 1
5214 7.84341e-16 2.99244e-17 1
5215.5 8.70818e-16 2.99244e-17 1
5217 8.55136e-16 2.99244e-17 1
5218.5 8.31312e-16 2.99244e-17 1
5220 8.71281e-16 3.19844e-17 1
5221.5 8.56256e-16 3.19844e-17 1
5223 8.84898e-16 3.19844e-17 1
5224.5 8.61025e-16 3.19844e-17 1
5226 9.0006e-16 3.19844e-17 1
5227.5 9.20635e-16 3.19844e-17 1
5229 8.77313e-16 3.19844e-17 1
5230.5 8.67643e-16 3.19844e-17 1
5232 9.00816e-16 3.19844e-17 1
5233.5 8.95429e-16 3.19844e-17 1
5235 8.93229e-16 3.19844e-17 1
5236.5 9.18374e-16 3.19844e-17 1
5238 9.0305e-16 3.19844e-17 1
5239.5 9.15465e-16 3.19844e-17 1
5241 9.12225e-16 3.19844e-17 1
5242.5 8.98411e-16 3.19844e-17 1
5244 9.33187e-16 3.19844e-17 1
5245.5 9.74212e-16 3.19844e-17 1
5247 9.80624e-16 3.19844e-17 1
5248.5 9.90331e-16 3.19844e-17 1
5250 1.00945e-15 3.19844e-17 1
5251.5 1.01094e-15 3.19844e-17 1
5253 1.00365e-15 3.19844e-17 1
5254.5 9.80831e-16 3.19844e-17 1
5256 9.77069e-16 3.19844e-17 1
5257.5 1.00447e-15 3.19844e-17 1
5259 1.03557e-15 3.19844e-17 1
5260.5 1.05056e-15 3.19844e-17 1
5262 1.04913e-15 3.19844e-17 1
5263.5 1.09676e-15 3.19844e-17 1
5265 1.14689e-15 3.19844e-17 1
5266.5 1.11e-15 3.19844e-17 1
5268 1.11553e-15 3.19844e-17 1
5269.5 1.12814e-15 3.19844e-17 1
5271 1.08426e-15 3.19844e-17 1
5272.5 1.13678e-15 3.19844e-17 1
5274 1.17223e-15 3.19844e-17 1
5275.5 1.16308e-15 3.19844e-17 1
5277 1.16155e-15 3.19844e-17 1
5278.5 1.17568e-15 3.19844e-17 1
5280 1.17044e-15 3.19844e-17 1
5281.5 1.17366e-15 3.19844e-17 1
5283 1.21533e-15 3.19844e-17 1
5284.5 1.18121e-15 3.19844e-17 1
5286 1.2278e-15 3.19844e-17 1
5287.5 1.25573e-15 3.19844e-17 1
5289 1.20242e-15 3.19844e-17 1
5290.5 1.19756e-15 3.19844e-17 1
5292 1.25183e-15 3.19844e-17 1
5293.5 1.29906e-15 3.19844e-17 1
5295 1.28982e-15 3.19844e-17 1
5296.5 1.2386e-15 3.19844e-17 1
5298 1.29111e-15 3.19844e-17 1
5299.5 1.28411e-15 3.19844e-17 1
5301 1.23696e-15 3.19844e-17 1
5302.5 1.28435e-15 3.19844e-17 1
5304 1.26611e-15 3.19844e-17 1
5305.5 1.27732e-15 3.19844e-17 1
5307 1.3062e-15 3.19844e-17 1
5308.5 1.32988e-15 3.19844e-17 1
5310 1.34288e-15 3.19844e-17 1
5311.5 1.33363e-15 3.19844e-17 1
5313 1.28282e-15 3.19844e-17 1
5314.5 1.31073e-15 3.19844e-17 1
5316 1.40748e-15 3.19844e-17 1
5317.5 1.36703e-15 3.19844e-17 1
5319 1.34807e-15 3.19844e-17 1
5320.5 1.42265e-15 3.26402e-17 1
5322 1.39011e-15 3.26402e-17 1
5323.5 1.38481e-15 3.26402e-17 1
5325 1.44778e-15 3.26402e-17 1
5326.5 1.4315e-15 3.26402e-17 1
5328 1.42977e-15 3.26402e-17 1
5329.5 1.45561e-15 3.26402e-17 1
5331 1.47958e-15 3.26402e-17 1
5332.5 1.50983e-15 3.26402e-17 1
5334 1.51142e-15 3.26402e-17 1
5335.5 1.50933e-15 3.26402e-17 1
5337 1.48906e-15 3.26402e-17 1
5338.5 1.46826e-15 3.26402e-17 1
5340 1.52129e-15 3.26402e-17 1
5341.5 1.59226e-15 3.26402e-17 1
5343 1.57692e-15 3.26402e-17 1
5344.5 1.55081e-15 3.26402e-17 1
5346 1.52301e-15 3.26402e-17 1
5347.5 1.52523e-15 3.26402e-17 1
5349 1.56894e-15 3.26402e-17 1
5350.5 1.56169e-15 3.26402e-17 1
5352 1.53679e-15 3.26402e-17 1
5353.5 1.5308e-15 3.26402e-17 1
5355 1.54275e-15 3.26402e-17 1
5356.5 1.59753e-15 3.26402e-17 1
5358 1.60661e-15 3.26402e-17 1
5359.5 1.55657e-15 3.26402e-17 1
5361 1.52709e-15 3.26402e-17 1
5362.5 1.53557e-15 3.26402e-17 1
5364 1.57141e-15 3.26402e-17 1
5365.5 1.59042e-15 3.26402e-17 1
5367 1.56158e-15 3.26402e-17 1
5368.5 1.52016e-15 3.26402e-17 1
5370 1.47558e-15 3.26402e-17 1
5371.5 1.53307e-15 3.26402e-17 1
5373 1.56421e-15 3.26402e-17 1
5374.5 1.56287e-15 3.26402e-17 1
5376 1.54942e-15 3.26402e-17 1
5377.5 1.57145e-15 3.26402e-17 1
5379 1.57612e-15 3.26402e-17 1
5380.5 1.56281e-15 3.26402e-17 1
5382 1.54836e-15 3.26402e-17 1
5383.5 1.56199e-15 3.26402e-17 1
5385 1.60687e-15 3.26402e-17 1
5386.5 1.52001e-15 3.26402e-17 1
5388 1.49576e-15 3.26402e-17 1
5389.5 1.53788e-15 3.26402e-17 1
5391 1.4827e-15 3.26402e-17 1
5392.5 1.48898e-15 3.26402e-17 1
5394 1.54189e-15 3.26402e-17 1
5395.5 1.53168e-15 3.26402e-17 1
5397 1.48596e-15 3.26402e-17 1
5398.5 1.47485e-15 3.26402e-17 1
5400 1.51729e-15 3.26402e-17 1
5401.5 1.51113e-15 3.26402e-17 1
5403 1.48423e-15 3.26402e-17 1
5404.5 1.48931e-15 3.26402e-17 1
5406 1.51163e-15 3.26402e-17 1
5407.5 1.48725e-15 3.26402e-17 1
5409 1.4797e-15 3.26402e-17 1
5410.5 1.48532e-15 3.26402e-17 1
5412 1.46051e-15 3.26402e-17 1
5413.5 1.45156e-15 3.26402e-17 1
5415 1.5149e-15 3.26402e-17 1
5416.5 1.51966e-15 3.26402e-17 1
5418 1.51678e-15 3.26402e-17 1
5419.5 1.48605e-15 3.26402e-17 1
5421 1.47803e-15 3.59748e-17 1
5422.5 1.46967e-15 3.59748e-17 1
5424 1.54249e-15 3.59748e-17 1
5425.5 1.56523e-15 3.59748e-17 1
5427 1.53368e-15 3.59748e-17 1
5428.5 1.51551e-15 3.59748e-17 1
5430 1.53695e-15 3.59748e-17 1
5431.5 1.49875e-15 3.59748e-17 1
5433 1.56612e-15 3.59748e-17 1
5434.5 1.58137e-15 3.59748e-17 1
5436 1.49818e-15 3.59748e-17 1
5437.5 1.54722e-15 3.59748e-17 1
5439 1.633e-15 3.59748e-17 1
5440.5 1.65862e-15 3.59748e-17 1
5442 1.68076e-15 3.59748e-17 1
5443.5 1.7331e-15 3.59748e-17 1
5445 1.64271e-15 3.59748e-17 1
5446.5 1.56139e-15 3.59748e-17 1
5448 1.63e-15 3.59748e-17 1
5449.5 1.64183e-15 3.59748e-17 1
5451 1.63896e-15 3.59748e-17 1
5452.5 1.65569e-15 3.59748e-17 1
5454 1.63197e-15 3.59748e-17 1
5455.5 1.69245e-15 3.59748e-17 1
5457 1.68014e-15 3.59748e-17 1
5458.5 1.67125e-15 3.59748e-17 1
5460 1.69116e-15 3.59748e-17 1
5461.5 1.68433e-15 3.59748e-17 1
5463 1.68399e-15 3.59748e-17 1
5464.5 1.73157e-15 3.59748e-17 1
5466 1.71923e-15 3.59748e-17 1
5467.5 1.68968e-15 3.59748e-17 1
5469 1.71908e-15 3.59748e-17 1
5470.5 1.74208e-15 3.59748e-17 1
5472 1.76015e-15 3.59748e-17 1
5473.5 1.81253e-15 3.59748e-17 1
5475 1.79229e-15 3.59748e-17 1
5476.5 1.72885e-15 3.59748e-17 1
5478 1.73796e-15 3.59748e-17 1
5479.5 1.78097e-15 3.59748e-17 1
5481 1.8035e-15 3.59748e-17 1
5482.5 1.80673e-15 3.59748e-17 1
5484 1.83184e-15 3.59748e-17 1
5485.5 1.8313e-15 3.59748e-17 1
5487 1.89613e-15 3.59748e-17 1
5488.5 1.8827e-15 3.59748e-17 1
5490 1.83596e-15 3.59748e-17 1
5491.5 1.86031e-15 3.59748e-17 1
5493 1.91041e-15 3.59748e-17 1
5494.5 1.90191e-15 3.59748e-17 1
5496 1.8911e-15 3.59748e-17 1
5497.5 1.93109e-15 3.59748e-17 1
5499 1.96864e-15 3.59748e-17 1
5500.5 1.97332e-15 3.59748e-17 1
5502 1.91849e-15 3.59748e-17 1
5503.5 1.96644e-15 3.59748e-17 1
5505 2.0026e-15 3.59748e-17 1
5506.5 2.00917e-15 3.59748e-17 1
5508 2.00137e-15 3.59748e-17 1
5509.5 2.01358e-15 3.59748e-17 1
5511 2.03722e-15 3.59748e-17 1
5512.5 1.99355e-15 3.59748e-17 1
5514 2.03713e-15 3.59748e-17 1
5515.5 2.12609e-15 3.59748e-17 1
5517 2.0782e-15 3.59748e-17 1
5518.5 2.0847e-15 3.59748e-17 1
5520 2.12896e-15 3.81516e-17 1
5521.5 2.1411e-15 3.81516e-17 1
5523 2.16761e-15 3.81516e-17 1
5524.5 2.16873e-15 3.81516e-17 1
5526 2.15327e-15 3.81516e-17 1
5527.5 2.27476e-15 3.81516e-17 1
5529 2.2441e-15 3.81516e-17 1
5530.5 2.23399e-15 3.81516e-17 1
5532 2.31439e-15 3.81516e-17 1
5533.5 2.30148e-15 3.81516e-17 1
5535 2.26004e-15 3.81516e-17 1
5536.5 2.25679e-15 3.81516e-17 1
5538 2.26204e-15 3.81516e-17 1
5539.5 2.30957e-15 3.81516e-17 1
5541 2.34725e-15 3.81516e-17 1
5542.5 2.32619e-15 3.81516e-17 1
5544 2.30459e-15 3.81516e-17 1
5545.5 2.30958e-15 3.81516e-17 1
5547 2.3283e-15 3.81516e-17 1
5548.5 2.36534e-15 3.81516e-17 1
5550 2.40848e-15 3.81516e-17 1
5551.5 2.39115e-15 3.81516e-17 1
5553 2.40877e-15 3.81516e-17 1
5554.5 2.47095e-15 3.81516e-17 1
5556 2.46065e-15 3.81516e-17 1
5557.5 2.43313e-15 3.81516e-17 1
5559 2.4473e-15 3.81516e-17 1
5560.5 2.47415e-15 3.81516e-17 1
5562 2.48804e-15 3.81516e-17 1
5563.5 2.48294e-15 3.81516e-17 1
5565 2.47488e-15 3.81516e-17 1
5566.5 2.4754e-15 3.81516e-17 1
5568 2.41293e-15 3.81516e-17 1
5569.5 2.44712e-15 3.81516e-17 1
5571 2.45121e-15 3.81516e-17 1
5572.5 2.55549e-15 3.81516e-17 1
5574 2.54548e-15 3.81516e-17 1
5575.5 2.41091e-15 3.81516e-17 1
5577 2.56853e-15 3.81516e-17 1
5578.5 2.63735e-15 3.81516e-17 1
5580 2.52671e-15 3.81516e-17 1
5581.5 2.48612e-15 3.81516e-17 1
5583 2.49922e-15 3.81516e-17 1
5584.5 2.51501e-15 3.81516e-17 1
5586 2.49609e-15 3.81516e-17 1
5587.5 2.56236e-15 3.81516e-17 1
5589 2.51271e-15 3.81516e-17 1
5590.5 2.46208e-15 3.81516e-17 1
5592 2.49578e-15 3.81516e-17 1
5593.5 2.50749e-15 3.81516e-17 1
5595 2.56976e-15 3.81516e-17 1
5596.5 2.53825e-15 3.81516e-17 1
5598 2.44039e-15 3.81516e-17 1
5599.5 2.48268e-15 3.81516e-17 1
5601 2.53017e-15 3.81516e-17 1
5602.5 2.50861e-15 3.81516e-17 1
5604 2.48202e-15 3.81516e-17 1
5605.5 2.47681e-15 3.81516e-17 1
5607 2.45216e-15 3.81516e-17 1
5608.5 2.44188e-15 3.81516e-17 1
5610 2.45026e-15 3.81516e-17 1
5611.5 2.4707e-15 3.81516e-17 1
5613 2.39613e-15 3.81516e-17 1
5614.5 2.34703e-15 3.81516e-17 1
5616 2.39914e-15 3.81516e-17 1
5617.5 2.39517e-15 3.81516e-17 1
5619 2.38049e-15 3.81516e-17 1
5620.5 2.36401e-15 3.94858e-17 1
5622 2.3406e-15 3.94858e-17 1
5623.5 2.36027e-15 3.94858e-17 1
5625 2.36148e-15 3.94858e-17 1
5626.5 2.33714e-15 3.94858e-17 1
5628 2.34992e-15 3.94858e-17 1
5629.5 2.32593e-15 3.94858e-17 1
5631 2.23456e-15 3.94858e-17 1
5632.5 2.27932e-15 3.94858e-17 1
5634 2.28831e-15 3.94858e-17 1
5635.5 2.12506e-15 3.94858e-17 1
5637 2.10874e-15 3.94858e-17 1
5638.5 2.16663e-15 3.94858e-17 1
5640 2.14134e-15 3.94858e-17 1
5641.5 2.10505e-15 3.94858e-17 1
5643 2.08443e-15 3.94858e-17 1
5644.5 2.07023e-15 3.94858e-17 1
5646 2.08172e-15 3.94858e-17 1
5647.5 2.05488e-15 3.94858e-17 1
5649 1.97258e-15 3.94858e-17 1
5650.5 2.01267e-15 3.94858e-17 1
5652 2.05161e-15 3.94858e-17 1
5653.5 1.96363e-15 3.94858e-17 1
5655 1.97398e-15 3.94858e-17 1
5656.5 1.95235e-15 3.94858e-17 1
5658 1.89302e-15 3.94858e-17 1
5659.5 1.92034e-15 3.94858e-17 1
5661 1.8997e-15 3.94858e-17 1
5662.5 1.84302e-15 3.94858e-17 1
5664 1.82284e-15 3.94858e-17 1
5665.5 1.80877e-15 3.94858e-17 1
5667 1.788e-15 3.94858e-17 1
5668.5 1.77387e-15 3.94858e-17 1
5670 1.72298e-15 3.94858e-17 1
5671.5 1.71933e-15 3.94858e-17 1
5673 1.69146e-15 3.94858e-17 1
5674.5 1.68161e-15 3.94858e-17 1
5676 1.62128e-15 3.94858e-17 1
5677.5 1.64017e-15 3.94858e-17 1
5679 1.6299e-15 3.94858e-17 1
5680.5 1.59217e-15 3.94858e-17 1
5682 1.53803e-15 3.94858e-17 1
5683.5 1.50413e-15 3.94858e-17 1
5685 1.46399e-15 3.94858e-17 1
5686.5 1.46092e-15 3.94858e-17 1
5688 1.42443e-15 3.94858e-17 1
5689.5 1.38542e-15 3.94858e-17 1
5691 1.37407e-15 3.94858e-17 1
5692.5 1.35661e-15 3.94858e-17 1
5694 1.34461e-15 3.94858e-17 1
5695.5 1.32665e-15 3.94858e-17 1
5697 1.3349e-15 3.94858e-17 1
5698.5 1.38644e-15 3.94858e-17 1
5700 1.39192e-15 3.94858e-17 1
5701.5 1.35739e-15 3.94858e-17 1
5703 1.32601e-15 3.94858e-17 1
5704.5 1.27848e-15 3.94858e-17 1
5706 1.23487e-15 3.94858e-17 1
5707.5 1.27524e-15 3.94858e-17 1
5709 1.30695e-15 3.94858e-17 1
5710.5 1.31893e-15 3.94858e-17 1
5712 1.29682e-15 3.94858e-17 1
5713.5 1.23274e-15 3.94858e-17 1
5715 1.25053e-15 3.94858e-17 1
5716.5 1.24899e-15 3.94858e-17 1
5718 1.23041e-15 3.94858e-17 1
5719.5 1.21608e-15 3.94858e-17 1
5721 1.20603e-15 4.24127e-17 1
5722.5 1.14435e-15 4.24127e-17 1
5724 1.19585e-15 4.24127e-17 1
5725.5 1.26253e-15 4.24127e-17 1
5727 1.21157e-15 4.24127e-17 1
5728.5 1.16594e-15 4.24127e-17 1
5730 1.23491e-15 4.24127e-17 1
5731.5 1.24992e-15 4.24127e-17 1
5733 1.22291e-15 4.24127e-17 1
5734.5 1.15285e-15 4.24127e-17 1
5736 1.14813e-15 4.24127e-17 1
5737.5 1.18888e-15 4.24127e-17 1
5739 1.17594e-15 4.24127e-17 1
5740.5 1.14791e-15 4.24127e-17 1
5742 1.14253e-15 4.24127e-17 1
5743.5 1.16426e-15 4.24127e-17 1
5745 1.17836e-15 4.24127e-17 1
5746.5 1.2252e-15 4.24127e-17 1
5748 1.20753e-15 4.24127e-17 1
5749.5 1.08633e-15 4.24127e-17 1
5751 1.1017e-15 4.24127e-17 1
5752.5 1.12597e-15 4.24127e-17 1
5754 1.0942e-15 4.24127e-17 1
5755.5 1.08376e-15 4.24127e-17 1
5757 1.0895e-15 4.24127e-17 1
5758.5 1.09197e-15 4.24127e-17 1
5760 1.13624e-15 4.24127e-17 1
5761.5 1.17361e-15 4.24127e-17 1
5763 1.16549e-15 4.24127e-17 1
5764.5 1.14433e-15 4.24127e-17 1
5766 1.12667e-15 4.24127e-17 1
5767.5 1.13457e-15 4.24127e-17 1
5769 1.16877e-15 4.24127e-17 1
5770.5 1.13271e-15 4.24127e-17 1
5772 1.10445e-15 4.24127e-17 1
5773.5 1.20898e-15 4.24127e-17 1
5775 1.21518e-15 4.24127e-17 1
5776.5 1.14559e-15 4.24127e-17 1
5778 1.14357e-15 4.24127e-17 1
5779.5 1.20173e-15 4.24127e-17 1
5781 1.19831e-15 4.24127e-17 1
5782.5 1.1957e-15 4.24127e-17 1
5784 1.21414e-15 4.24127e-17 1
5785.5 1.22894e-15 4.24127e-17 1
5787 1.25794e-15 4.24127e-17 1
5788.5 1.28231e-15 4.24127e-17 1
5790 1.26227e-15 4.24127e-17 1
5791.5 1.29337e-15 4.24127e-17 1
5793 1.30151e-15 4.24127e-17 1
5794.5 1.2336e-15 4.24127e-17 1
5796 1.27391e-15 4.24127e-17 1
5797.5 1.26268e-15 4.24127e-17 1
5799 1.24661e-15 4.24127e-17 1
5800.5 1.25912e-15 4.24127e-17 1
5802 1.20846e-15 4.24127e-17 1
5803.5 1.28308e-15 4.24127e-17 1
5805 1.33541e-15 4.24127e-17 1
5806.5 1.38293e-15 4.24127e-17 1
5808 1.42993e-15 4.24127e-17 1
5809.5 1.40646e-15 4.24127e-17 1
5811 1.40197e-15 4.24127e-17 1
5812.5 1.44489e-15 4.24127e-17 1
5814 1.41606e-15 4.24127e-17 1
5815.5 1.46824e-15 4.24127e-17 1
5817 1.48803e-15 4.24127e-17 1
5818.5 1.51544e-15 4.24127e-17 1
5820 1.52776e-15 5.43775e-17 1
5821.5 1.53075e-15 5.43775e-17 1
5823 1.55364e-15 5.43775e-17 1
5824.5 1.62195e-15 5.43775e-17 1
5826 1.60841e-15 5.43775e-17 1
5827.5 1.63168e-15 5.43775e-17 1
5829 1.70431e-15 5.43775e-17 1
5830.5 1.69529e-15 5.43775e-17 1
5832 1.65375e-15 5.43775e-17 1
5833.5 1.63178e-15 5.43775e-17 1
5835 1.64444e-15 5.43775e-17 1
5836.5 1.69811e-15 5.43775e-17 1
5838 1.71994e-15 5.43775e-17 1
5839.5 1.71666e-15 5.43775e-17 1
5841 1.78497e-15 5.43775e-17 1
5842.5 1.85658e-15 5.43775e-17 1
5844 1.83935e-15 5.43775e-17 1
5845.5 1.80707e-15 5.43775e-17 1
5847 1.79894e-15 5.43775e-17 1
5848.5 1.83976e-15 5.43775e-17 1
5850 1.86749e-15 5.43775e-17 1
5851.5 1.89097e-15 5.43775e-17 1
5853 1.95219e-15 5.43775e-17 1
5854.5 1.9442e-15 5.43775e-17 1
5856 1.96103e-15 5.43775e-17 1
5857.5 1.99438e-15 5.43775e-17 1
5859 1.95453e-15 5.43775e-17 1
5860.5 1.95319e-15 5.43775e-17 1
5862 1.97471e-15 5.43775e-17 1
5863.5 1.94363e-15 5.43775e-17 1
5865 2.00724e-15 5.43775e-17 1
5866.5 2.04322e-15 5.43775e-17 1
5868 2.05494e-15 5.43775e-17 1
5869.5 2.06319e-15 5.43775e-17 1
5871 2.05338e-15 5.43775e-17 1
5872.5 2.11613e-15 5.43775e-17 1
5874 2.05876e-15 5.43775e-17 1
5875.5 2.02398e-15 5.43775e-17 1
5877 2.04284e-15 5.43775e-17 1
5878.5 2.06953e-15 5.43775e-17 1
5880 2.08513e-15 5.43775e-17 1
5881.5 2.04998e-15 5.43775e-17 1
5883 2.10849e-15 5.43775e-17 1
5884.5 2.13691e-15 5.43775e-17 1
5886 2.03752e-15 5.43775e-17 1
5887.5 1.99327e-15 5.43775e-17 1
5889 1.93116e-15 5.43775e-17 1
5890.5 1.89639e-15 5.43775e-17 1
5892 2.03149e-15 5.43775e-17 1
5893.5 2.03664e-15 5.43775e-17 1
5895 1.9727e-15 5.43775e-17 1
5896.5 1.98651e-15 5.43775e-17 1
5898 1.99994e-15 5.43775e-17 1
5899.5 2.03285e-15 5.43775e-17 1
5901 2.1158e-15 5.43775e-17 1
5902.5 2.13301e-15 5.43775e-17 1
5904 2.12194e-15 5.43775e-17 1
5905.5 2.10498e-15 5.43775e-17 1
5907 2.10443e-15 5.43775e-17 1
5908.5 2.16501e-15 5.43775e-17 1
5910 2.14184e-15 5.43775e-17 1
5911.5 2.10745e-15 5.43775e-17 1
5913 2.12146e-15 5.43775e-17 1
5914.5 2.0506e-15 5.43775e-17 1
5916 1.99471e-15 5.43775e-17 1
5917.5 2.03797e-15 5.43775e-17 1
5919 2.00297e-15 5.43775e-17 1
5920.5 2.03193e-15 4.40958e-17 1
5922 2.07161e-15 4.40958e-17 1
5923.5 2.01759e-15 4.40958e-17 1
5925 1.98653e-15 4.40958e-17 1
5926.5 2.04018e-15 4.40958e-17 1
5928 2.0034e-15 4.40958e-17 1
5929.5 1.98208e-15 4.40958e-17 1
5931 1.97412e-15 4.40958e-17 1
5932.5 2.01111e-15 4.40958e-17 1
5934 2.0463e-15 4.40958e-17 1
5935.5 1.92682e-15 4.40958e-17 1
5937 1.95619e-15 4.40958e-17 1
5938.5 1.91769e-15 4.40958e-17 1
5940 1.88614e-15 4.40958e-17 1
5941.5 1.86089e-15 4.40958e-17 1
5943 1.76823e-15 4.40958e-17 1
5944.5 1.84282e-15 4.40958e-17 1
5946 1.87486e-15 4.40958e-17 1
5947.5 1.82142e-15 4.40958e-17 1
5949 1.81491e-15 4.40958e-17 1
5950.5 1.87724e-15 4.40958e-17 1
5952 1.85539e-15 4.40958e-17 1
5953.5 1.79438e-15 4.40958e-17 1
5955 1.80132e-15 4.40958e-17 1
5956.5 1.80655e-15 4.40958e-17 1
5958 1.82683e-15 4.40958e-17 1
5959.5 1.76174e-15 4.40958e-17 1
5961 1.75474e-15 4.40958e-17 1
5962.5 1.78057e-15 4.40958e-17 1
5964 1.76599e-15 4.40958e-17 1
5965.5 1.7815e-15 4.40958e-17 1
5967 1.77312e-15 4.40958e-17 1
5968.5 1.80801e-15 4.40958e-17 1
5970 1.72101e-15 4.40958e-17 1
5971.5 1.68134e-15 4.40958e-17 1
5973 1.68766e-15 4.40958e-17 1
5974.5 1.63157e-15 4.40958e-17 1
5976 1.58724e-15 4.40958e-17 1
5977.5 1.67057e-15 4.40958e-17 1
5979 1.7126e-15 4.40958e-17 1
5980.5 1.6587e-15 4.40958e-17 1
5982 1.60773e-15 4.40958e-17 1
5983.5 1.63852e-15 4.40958e-17 1
5985 1.65044e-15 4.40958e-17 1
5986.5 1.59047e-15 4.40958e-17 1
5988 1.55447e-15 4.40958e-17 1
5989.5 1.5464e-15 4.40958e-17 1
5991 1.55803e-15 4.40958e-17 1
5992.5 1.5947e-15 4.40958e-17 1
5994 1.55232e-15 4.40958e-17 1
5995.5 1.471e-15 4.40958e-17 1
5997 1.47629e-15 4.40958e-17 1
5998.5 1.49239e-15 4.40958e-17 1
6000 1.53741e-15 4.40958e-17 1
6001.5 1.53676e-15 4.40958e-17 1
6003 1.50485e-15 4.40958e-17 1
6004.5 1.48435e-15 4.40958e-17 1
6006 1.44966e-15 4.40958e-17 1
6007.5 1.42028e-15 4.40958e-17 1
6009 1.34214e-15 4.40958e-17 1
6010.5 1.3058e-15 4.40958e-17 1
6012 1.37653e-15 4.40958e-17 1
6013.5 1.34138e-15 4.40958e-17 1
6015 1.3108e-15 4.40958e-17 1
6016.5 1.31206e-15 4.40958e-17 1
6018 1.31151e-15 4.40958e-17 1
6019.5 1.29817e-15 4.40958e-17 1
6021 1.30989e-15 3.9668e-17 1
6022.5 1.27999e-15 3.9668e-17 1
6024 1.15919e-15 3.9668e-17 1
6025.5 1.26122e-15 3.9668e-17 1
6027 1.24938e-15 3.9668e-17 1
6028.5 1.18109e-15 3.9668e-17 1
6030 1.13534e-15 3.9668e-17 1
6031.5 1.18166e-15 3.9668e-17 1
6033 1.18736e-15 3.9668e-17 1
6034.5 1.15284e-15 3.9668e-17 1
6036 1.12067e-15 3.9668e-17 1
6037.5 1.14176e-15 3.9668e-17 1
6039 1.17583e-15 3.9668e-17 1
6040.5 1.16093e-15 3.9668e-17 1
6042 1.13253e-15 3.9668e-17 1
6043.5 1.13975e-15 3.9668e-17 1
6045 1.1517e-15 3.9668e-17 1
6046.5 1.13197e-15 3.9668e-17 1
6048 1.11224e-15 3.9668e-17 1
6049.5 1.0925e-15 3.9668e-17 1
6051 1.07277e-15 3.9668e-17 1
6052.5 1.05304e-15 3.9668e-17 1
6054 1.05304e-15 3.9668e-17 1
6055.5 1.06577e-15 3.9668e-17 1
6057 1.07258e-15 3.9668e-17 1
6058.5 1.04728e-15 3.9668e-17 1
6060 1.06984e-15 3.9668e-17 1
6061.5 1.07621e-15 3.9668e-17 1
6063 1.0349e-15 3.9668e-17 1
6064.5 1.02548e-15 3.9668e-17 1
6066 1.04609e-15 3.9668e-17 1
6067.5 9.72588e-16 3.9668e-17 1
6069 9.29389e-16 3.9668e-17 1
6070.5 9.93855e-16 3.9668e-17 1
6072 1.01927e-15 3.9668e-17 1
6073.5 1.0004e-15 3.9668e-17 1
6075 1.00312e-15 3.9668e-17 1
6076.5 1.03755e-15 3.9668e-17 1
6078 1.0602e-15 3.9668e-17 1
6079.5 1.04253e-15 3.9668e-17 1
6081 1.00235e-15 3.9668e-17 1
6082.5 1.006e-15 3.9668e-17 1
6084 1.04595e-15 3.9668e-17 1
6085.5 1.06937e-15 3.9668e-17 1
6087 1.08974e-15 3.9668e-17 1
6088.5 1.07641e-15 3.9668e-17 1
6090 1.08132e-15 3.9668e-17 1
6091.5 1.06202e-15 3.9668e-17 1
6093 1.02017e-15 3.9668e-17 1
6094.5 1.08365e-15 3.9668e-17 1
6096 1.05434e-15 3.9668e-17 1
6097.5 1.02549e-15 3.9668e-17 1
6099 1.02636e-15 3.9668e-17 1
6100.5 1.03447e-15 3.9668e-17 1
6102 1.0683e-15 3.9668e-17 1
6103.5 1.03098e-15 3.9668e-17 1
6105 9.9874e-16 3.9668e-17 1
6106.5 9.92102e-16 3.9668e-17 1
6108 9.95892e-16 3.9668e-17 1
6109.5 9.88742e-16 3.9668e-17 1
6111 1.01987e-15 3.9668e-17 1
6112.5 1.03616e-15 3.9668e-17 1
6114 1.0411e-15 3.9668e-17 1
6115.5 9.84728e-16 3.9668e-17 1
6117 9.60104e-16 3.9668e-17 1
6118.5 9.76857e-16 3.9668e-17 1
6120 1.00116e-15 3.40014e-17 1
6121.5 1.04374e-15 3.40014e-17 1
6123 1.04102e-15 3.40014e-17 1
6124.5 1.02287e-15 3.40014e-17 1
6126 1.02223e-15 3.40014e-17 1
6127.5 1.03709e-15 3.40014e-17 1
6129 1.02089e-15 3.40014e-17 1
6130.5 1.03659e-15 3.40014e-17 1
6132 1.05916e-15 3.40014e-17 1
6133.5 1.03894e-15 3.40014e-17 1
6135 1.06131e-15 3.40014e-17 1
6136.5 1.05676e-15 3.40014e-17 1
6138 1.03105e-15 3.40014e-17 1
6139.5 1.04471e-15 3.40014e-17 1
6141 1.0713e-15 3.40014e-17 1
6142.5 1.09283e-15 3.40014e-17 1
6144 1.00907e-15 3.40014e-17 1
6145.5 9.89441e-16 3.40014e-17 1
6147 1.01277e-15 3.40014e-17 1
6148.5 1.04055e-15 3.40014e-17 1
6150 1.0913e-15 3.40014e-17 1
6151.5 1.08816e-15 3.40014e-17 1
6153 1.02559e-15 3.40014e-17 1
6154.5 9.83136e-16 3.40014e-17 1
6156 1.00547e-15 3.40014e-17 1
6157.5 1.10264e-15 3.40014e-17 1
6159 1.05939e-15 3.40014e-17 1
6160.5 1.11994e-15 3.40014e-17 1
6162 1.07719e-15 3.40014e-17 1
6163.5 1.02245e-15 3.40014e-17 1
6165 1.0749e-15 3.40014e-17 1
6166.5 1.06672e-15 3.40014e-17 1
6168 1.02201e-15 3.40014e-17 1
6169.5 1.09458e-15 3.40014e-17 1
6171 1.0699e-15 3.40014e-17 1
6172.5 1.03272e-15 3.40014e-17 1
6174 1.06364e-15 3.40014e-17 1
6175.5 1.04535e-15 3.40014e-17 1
6177 1.05159e-15 3.40014e-17 1
6178.5 1.11242e-15 3.40014e-17 1
6180 1.16412e-15 3.40014e-17 1
6181.5 1.13449e-15 3.40014e-17 1
6183 1.13052e-15 3.40014e-17 1
6184.5 1.09718e-15 3.40014e-17 1
6186 1.03451e-15 3.40014e-17 1
6187.5 1.02361e-15 3.40014e-17 1
6189 1.03831e-15 3.40014e-17 1
6190.5 1.10306e-15 3.40014e-17 1
6192 1.09442e-15 3.40014e-17 1
6193.5 1.09511e-15 3.40014e-17 1
6195 1.09095e-15 3.40014e-17 1
6196.5 1.08558e-15 3.40014e-17 1
6198 1.04071e-15 3.40014e-17 1
6199.5 1.03353e-15 3.40014e-17 1
6201 1.04742e-15 3.40014e-17 1
6202.5 1.03926e-15 3.40014e-17 1
6204 1.0561e-15 3.40014e-17 1
6205.5 1.06082e-15 3.40014e-17 1
6207 1.01741e-15 3.40014e-17 1
6208.5 1.01682e-15 3.40014e-17 1
6210 1.01061e-15 3.40014e-17 1
6211.5 9.88671e-16 3.40014e-17 1
6213 1.03922e-15 3.40014e-17 1
6214.5 1.06296e-15 3.40014e-17 1
6216 1.0258e-15 3.40014e-17 1
6217.5 1.06259e-15 3.40014e-17 1
6219 1.05868e-15 3.40014e-17 1
6220.5 1.03329e-15 3.64611e-17 1
6222 1.02189e-15 3.64611e-17 1
6223.5 1.01866e-15 3.64611e-17 1
6225 1.03011e-15 3.64611e-17 1
6226.5 1.05094e-15 3.64611e-17 1
6228 1.04041e-15 3.64611e-17 1
6229.5 1.04099e-15 3.64611e-17 1
6231 1.1007e-15 3.64611e-17 1
6232.5 1.09153e-15 3.64611e-17 1
6234 1.0949e-15 3.64611e-17 1
6235.5 1.08033e-15 3.64611e-17 1
6237 1.05998e-15 3.64611e-17 1
6238.5 1.06388e-15 3.64611e-17 1
6240 1.06684e-15 3.64611e-17 1
6241.5 1.10362e-15 3.64611e-17 1
6243 1.08834e-15 3.64611e-17 1
6244.5 1.09066e-15 3.64611e-17 1
6246 1.13502e-15 3.64611e-17 1
6247.5 1.12806e-15 3.64611e-17 1
6249 1.11142e-15 3.64611e-17 1
6250.5 1.09692e-15 3.64611e-17 1
6252 1.13181e-15 3.64611e-17 1
6253.5 1.20448e-15 3.64611e-17 1
6255 1.26574e-15 3.64611e-17 1
6256.5 1.2365e-15 3.64611e-17 1
6258 1.19656e-15 3.64611e-17 1
6259.5 1.1659e-15 3.64611e-17 1
6261 1.19216e-15 3.64611e-17 1
6262.5 1.22107e-15 3.64611e-17 1
6264 1.2116e-15 3.64611e-17 1
6265.5 1.19528e-15 3.64611e-17 1
6267 1.2067e-15 3.64611e-17 1
6268.5 1.18451e-15 3.64611e-17 1
6270 1.13835e-15 3.64611e-17 1
6271.5 1.14908e-15 3.64611e-17 1
6273 1.20822e-15 3.64611e-17 1
6274.5 1.22683e-15 3.64611e-17 1
6276 1.2413e-15 3.64611e-17 1
6277.5 1.22693e-15 3.64611e-17 1
6279 1.18125e-15 3.64611e-17 1
6280.5 1.16359e-15 3.64611e-17 1
6282 1.19795e-15 3.64611e-17 1
6283.5 1.2291e-15 3.64611e-17 1
6285 1.20802e-15 3.64611e-17 1
6286.5 1.25555e-15 3.64611e-17 1
6288 1.26701e-15 3.64611e-17 1
6289.5 1.17858e-15 3.64611e-17 1
6291 1.16124e-15 3.64611e-17 1
6292.5 1.1952e-15 3.64611e-17 1
6294 1.18991e-15 3.64611e-17 1
6295.5 1.15659e-15 3.64611e-17 1
6297 1.1978e-15 3.64611e-17 1
6298.5 1.21112e-15 3.64611e-17 1
6300 1.06958e-15 3.64611e-17 1
6301.5 1.06485e-15 3.64611e-17 1
6303 1.20125e-15 3.64611e-17 1
6304.5 1.15405e-15 3.64611e-17 1
6306 1.12689e-15 3.64611e-17 1
6307.5 1.13462e-15 3.64611e-17 1
6309 1.03743e-15 3.64611e-17 1
6310.5 1.09613e-15 3.64611e-17 1
6312 1.10204e-15 3.64611e-17 1
6313.5 1.02419e-15 3.64611e-17 1
6315 1.03078e-15 3.64611e-17 1
6316.5 1.07969e-15 3.64611e-17 1
6318 1.12799e-15 3.64611e-17 1
6319.5 1.06015e-15 3.64611e-17 1
6321 1.01132e-15 3.61164e-17 1
6322.5 1.04384e-15 3.61164e-17 1
6324 1.06345e-15 3.61164e-17 1
6325.5 1.06913e-15 3.61164e-17 1
6327 1.09087e-15 3.61164e-17 1
6328.5 1.07451e-15 3.61164e-17 1
6330 9.93733e-16 3.61164e-17 1
6331.5 1.016e-15 3.61164e-17 1
6333 1.00736e-15 3.61164e-17 1
6334.5 1.02996e-15 3.61164e-17 1
6336 1.0266e-15 3.61164e-17 1
6337.5 9.58055e-16 3.61164e-17 1
6339 9.66452e-16 3.61164e-17 1
6340.5 9.51201e-16 3.61164e-17 1
6342 9.62405e-16 3.61164e-17 1
6343.5 9.93164e-16 3.61164e-17 1
6345 9.56074e-16 3.61164e-17 1
6346.5 9.74171e-16 3.61164e-17 1
6348 1.00859e-15 3.61164e-17 1
6349.5 1.01102e-15 3.61164e-17 1
6351 9.70201e-16 3.61164e-17 1
6352.5 9.2137e-16 3.61164e-17 1
6354 9.30077e-16 3.61164e-17 1
6355.5 9.19649e-16 3.61164e-17 1
6357 9.62922e-16 3.61164e-17 1
6358.5 9.82945e-16 3.61164e-17 1
6360 9.30875e-16 3.61164e-17 1
6361.5 9.44351e-16 3.61164e-17 1
6363 9.36811e-16 3.61164e-17 1
6364.5 9.16039e-16 3.61164e-17 1
6366 9.28647e-16 3.61164e-17 1
6367.5 9.58752e-16 3.61164e-17 1
6369 9.88666e-16 3.61164e-17 1
6370.5 9.59647e-16 3.61164e-17 1
6372 9.36193e-16 3.61164e-17 1
6373.5 9.67865e-16 3.61164e-17 1
6375 9.61032e-16 3.61164e-17 1
6376.5 9.17252e-16 3.61164e-17 1
6378 9.33821e-16 3.61164e-17 1
6379.5 9.4746e-16 3.61164e-17 1
6381 9.49573e-16 3.61164e-17 1
6382.5 1.02431e-15 3.61164e-17 1
6384 1.08726e-15 3.61164e-17 1
6385.5 1.08162e-15 3.61164e-17 1
6387 1.03174e-15 3.61164e-17 1
6388.5 1.04667e-15 3.61164e-17 1
6390 1.09309e-15 3.61164e-17 1
6391.5 1.06862e-15 3.61164e-17 1
6393 1.03968e-15 3.61164e-17 1
6394.5 1.09853e-15 3.61164e-17 1
6396 1.02938e-15 3.61164e-17 1
6397.5 1.07701e-15 3.61164e-17 1
6399 1.09304e-15 3.61164e-17 1
6400.5 1.11269e-15 3.61164e-17 1
6402 1.09484e-15 3.61164e-17 1
6403.5 1.07702e-15 3.61164e-17 1
6405 1.12145e-15 3.61164e-17 1
6406.5 1.14321e-15 3.61164e-17 1
6408 1.14175e-15 3.61164e-17 1
6409.5 1.0894e-15 3.61164e-17 1
6411 1.09207e-15 3.61164e-17 1
6412.5 1.14684e-15 3.61164e-17 1
6414 1.13392e-15 3.61164e-17 1
6415.5 1.10857e-15 3.61164e-17 1
6417 1.15131e-15 3.61164e-17 1
6418.5 1.13927e-15 3.61164e-17 1
6420 1.17087e-15 3.20387e-17 1
6421.5 1.19706e-15 3.20387e-17 1
6423 1.20374e-15 3.20387e-17 1
6424.5 1.21336e-15 3.20387e-17 1
6426 1.20199e-15 3.20387e-17 1
6427.5 1.21641e-15 3.20387e-17 1
6429 1.22616e-15 3.20387e-17 1
6430.5 1.21218e-15 3.20387e-17 1
6432 1.23203e-15 3.20387e-17 1
6433.5 1.26137e-15 3.20387e-17 1
6435 1.25344e-15 3.20387e-17 1
6436.5 1.23643e-15 3.20387e-17 1
6438 1.2395e-15 3.20387e-17 1
6439.5 1.29639e-15 3.20387e-17 1
6441 1.33096e-15 3.20387e-17 1
6442.5 1.32806e-15 3.20387e-17 1
6444 1.36616e-15 3.20387e-17 1
6445.5 1.3275e-15 3.20387e-17 1
6447 1.30451e-15 3.20387e-17 1
6448.5 1.36497e-15 3.20387e-17 1
6450 1.34616e-15 3.20387e-17 1
6451.5 1.39069e-15 3.20387e-17 1
6453 1.39964e-15 3.20387e-17 1
6454.5 1.34343e-15 3.20387e-17 1
6456 1.36334e-15 3.20387e-17 1
6457.5 1.39418e-15 3.20387e-17 1
6459 1.4041e-15 3.20387e-17 1
6460.5 1.36463e-15 3.20387e-17 1
6462 1.36864e-15 3.20387e-17 1
6463.5 1.47239e-15 3.20387e-17 1
6465 1.53757e-15 3.20387e-17 1
6466.5 1.4436e-15 3.20387e-17 1
6468 1.4534e-15 3.20387e-17 1
6469.5 1.51206e-15 3.20387e-17 1
6471 1.4878e-15 3.20387e-17 1
6472.5 1.54954e-15 3.20387e-17 1
6474 1.52022e-15 3.20387e-17 1
6475.5 1.48727e-15 3.20387e-17 1
6477 1.49222e-15 3.20387e-17 1
6478.5 1.49571e-15 3.20387e-17 1
6480 1.51686e-15 3.20387e-17 1
6481.5 1.55194e-15 3.20387e-17 1
6483 1.53813e-15 3.20387e-17 1
6484.5 1.56386e-15 3.20387e-17 1
6486 1.62911e-15 3.20387e-17 1
6487.5 1.64232e-15 3.20387e-17 1
6489 1.62856e-15 3.20387e-17 1
6490.5 1.63906e-15 3.20387e-17 1
6492 1.66205e-15 3.20387e-17 1
6493.5 1.66963e-15 3.20387e-17 1
6495 1.64328e-15 3.20387e-17 1
6496.5 1.63207e-15 3.20387e-17 1
6498 1.69056e-15 3.20387e-17 1
6499.5 1.7513e-15 3.20387e-17 1
6501 1.75232e-15 3.20387e-17 1
6502.5 1.74402e-15 3.20387e-17 1
6504 1.73063e-15 3.20387e-17 1
6505.5 1.73056e-15 3.20387e-17 1
6507 1.75552e-15 3.20387e-17 1
6508.5 1.77421e-15 3.20387e-17 1
6510 1.74657e-15 3.20387e-17 1
6511.5 1.73588e-15 3.20387e-17 1
6513 1.78411e-15 3.20387e-17 1
6514.5 1.79445e-15 3.20387e-17 1
6516 1.73808e-15 3.20387e-17 1
6517.5 1.73047e-15 3.20387e-17 1
6519 1.80966e-15 3.20387e-17 1
6520.5 1.85737e-15 3.92732e-17 1
6522 1.87088e-15 3.92732e-17 1
6523.5 1.88024e-15 3.92732e-17 1
6525 1.895e-15 3.92732e-17 1
6526.5 1.83788e-15 3.92732e-17 1
6528 1.78266e-15 3.92732e-17 1
6529.5 1.76968e-15 3.92732e-17 1
6531 1.87012e-15 3.92732e-17 1
6532.5 1.92753e-15 3.92732e-17 1
6534 1.82122e-15 3.92732e-17 1
6535.5 1.87109e-15 3.92732e-17 1
6537 1.93801e-15 3.92732e-17 1
6538.5 1.97181e-15 3.92732e-17 1
6540 1.89305e-15 3.92732e-17 1
6541.5 1.93502e-15 3.92732e-17 1
6543 1.97541e-15 3.92732e-17 1
6544.5 1.8838e-15 3.92732e-17 1
6546 1.91121e-15 3.92732e-17 1
6547.5 1.93458e-15 3.92732e-17 1
6549 1.84815e-15 3.92732e-17 1
6550.5 1.8706e-15 3.92732e-17 1
6552 1.91319e-15 3.92732e-17 1
6553.5 1.92176e-15 3.92732e-17 1
6555 1.87567e-15 3.92732e-17 1
6556.5 1.92663e-15 3.92732e-17 1
6558 1.93408e-15 3.92732e-17 1
6559.5 1.94955e-15 3.92732e-17 1
6561 1.93596e-15 3.92732e-17 1
6562.5 1.90045e-15 3.92732e-17 1
6564 1.94831e-15 3.92732e-17 1
6565.5 1.97398e-15 3.92732e-17 1
6567 1.91461e-15 3.92732e-17 1
6568.5 1.94765e-15 3.92732e-17 1
6570 2.01033e-15 3.92732e-17 1
6571.5 2.00573e-15 3.92732e-17 1
6573 1.99835e-15 3.92732e-17 1
6574.5 1.97565e-15 3.92732e-17 1
6576 2.00887e-15 3.92732e-17 1
6577.5 2.01493e-15 3.92732e-17 1
6579 2.00116e-15 3.92732e-17 1
6580.5 1.99609e-15 3.92732e-17 1
6582 1.978e-15 3.92732e-17 1
6583.5 1.98713e-15 3.92732e-17 1
6585 2.007e-15 3.92732e-17 1
6586.5 1.98394e-15 3.92732e-17 1
6588 1.92566e-15 3.92732e-17 1
6589.5 1.93401e-15 3.92732e-17 1
6591 1.95651e-15 3.92732e-17 1
6592.5 1.90921e-15 3.92732e-17 1
6594 1.90438e-15 3.92732e-17 1
6595.5 1.97927e-15 3.92732e-17 1
6597 2.00133e-15 3.92732e-17 1
6598.5 1.90859e-15 3.92732e-17 1
6600 1.89739e-15 3.92732e-17 1
6601.5 1.9514e-15 3.92732e-17 1
6603 1.95279e-15 3.92732e-17 1
6604.5 1.88472e-15 3.92732e-17 1
6606 1.86641e-15 3.92732e-17 1
6607.5 1.91803e-15 3.92732e-17 1
6609 1.89492e-15 3.92732e-17 1
6610.5 1.92982e-15 3.92732e-17 1
6612 1.91906e-15 3.92732e-17 1
6613.5 1.90364e-15 3.92732e-17 1
6615 1.88821e-15 3.92732e-17 1
6616.5 1.87279e-15 3.92732e-17 1
6618 1.85737e-15 3.92732e-17 1
6619.5 1.84194e-15 3.92732e-17 1
6621 1.82652e-15 2.8527e-17 1
6622.5 1.82652e-15 2.8527e-17 1
6624 1.84685e-15 2.8527e-17 1
6625.5 1.78998e-15 2.8527e-17 1
6627 1.79462e-15 2.8527e-17 1
6628.5 1.76786e-15 2.8527e-17 1
6630 1.76321e-15 2.8527e-17 1
6631.5 1.79024e-15 2.8527e-17 1
6633 1.74125e-15 2.8527e-17 1
6634.5 1.69827e-15 2.8527e-17 1
6636 1.7443e-15 2.8527e-17 1
6637.5 1.76165e-15 2.8527e-17 1
6639 1.70563e-15 2.8527e-17 1
6640.5 1.68962e-15 2.8527e-17 1
6642 1.66497e-15 2.8527e-17 1
6643.5 1.63907e-15 2.8527e-17 1
6645 1.61666e-15 2.8527e-17 1
6646.5 1.62641e-15 2.8527e-17 1
6648 1.62293e-15 2.8527e-17 1
6649.5 1.64219e-15 2.8527e-17 1
6651 1.65024e-15 2.8527e-17 1
6652.5 1.6227e-15 2.8527e-17 1
6654 1.6162e-15 2.8527e-17 1
6655.5 1.57271e-15 2.8527e-17 1
6657 1.56508e-15 2.8527e-17 1
6658.5 1.54694e-15 2.8527e-17 1
6660 1.52969e-15 2.8527e-17 1
6661.5 1.54058e-15 2.8527e-17 1
6663 1.54101e-15 2.8527e-17 1
6664.5 1.52075e-15 2.8527e-17 1
6666 1.51403e-15 2.8527e-17 1
6667.5 1.48855e-15 2.8527e-17 1
6669 1.47573e-15 2.8527e-17 1
6670.5 1.49522e-15 2.8527e-17 1
6672 1.38545e-15 2.8527e-17 1
6673.5 1.31306e-15 2.8527e-17 1
6675 1.44626e-15 2.8527e-17 1
6676.5 1.40026e-15 2.8527e-17 1
6678 1.39094e-15 2.8527e-17 1
6679.5 1.38137e-15 2.8527e-17 1
6681 1.29565e-15 2.8527e-17 1
6682.5 1.2958e-15 2.8527e-17 1
6684 1.35885e-15 2.8527e-17 1
6685.5 1.31265e-15 2.8527e-17 1
6687 1.25862e-15 2.8527e-17 1
6688.5 1.26039e-15 2.8527e-17 1
6690 1.25724e-15 2.8527e-17 1
6691.5 1.28917e-15 2.8527e-17 1
6693 1.24642e-15 2.8527e-17 1
6694.5 1.26429e-15 2.8527e-17 1
6696 1.21951e-15 2.8527e-17 1
6697.5 1.2064e-15 2.8527e-17 1
6699 1.20448e-15 2.8527e-17 1
6700.5 1.19526e-15 2.8527e-17 1
6702 1.14876e-15 2.8527e-17 1
6703.5 1.16975e-15 2.8527e-17 1
6705 1.20239e-15 2.8527e-17 1
6706.5 1.13281e-15 2.8527e-17 1
6708 1.07788e-15 2.8527e-17 1
6709.5 1.09985e-15 2.8527e-17 1
6711 1.10335e-15 2.8527e-17 1
6712.5 1.08703e-15 2.8527e-17 1
6714 1.08003e-15 2.8527e-17 1
6715.5 1.07462e-15 2.8527e-17 1
6717 1.05974e-15 2.8527e-17 1
6718.5 1.0218e-15 2.8527e-17 1
6720 9.91865e-16 2.63461e-17 1
6721.5 9.67282e-16 2.63461e-17 1
6723 9.72802e-16 2.63461e-17 1
6724.5 9.75975e-16 2.63461e-17 1
6726 9.4635e-16 2.63461e-17 1
6727.5 9.4167e-16 2.63461e-17 1
6729 9.18214e-16 2.63461e-17 1
6730.5 8.92218e-16 2.63461e-17 1
6732 9.20303e-16 2.63461e-17 1
6733.5 9.41566e-16 2.63461e-17 1
6735 9.35189e-16 2.63461e-17 1
6736.5 8.91599e-16 2.63461e-17 1
6738 8.55324e-16 2.63461e-17 1
6739.5 9.15145e-16 2.63461e-17 1
6741 9.02308e-16 2.63461e-17 1
6742.5 8.31962e-16 2.63461e-17 1
6744 8.42503e-16 2.63461e-17 1
6745.5 8.01231e-16 2.63461e-17 1
6747 8.24701e-16 2.63461e-17 1
6748.5 8.41753e-16 2.63461e-17 1
6750 8.26635e-16 2.63461e-17 1
6751.5 7.90934e-16 2.63461e-17 1
6753 7.87369e-16 2.63461e-17 1
6754.5 7.68439e-16 2.63461e-17 1
6756 7.73669e-16 2.63461e-17 1
6757.5 7.96068e-16 2.63461e-17 1
6759 7.31423e-16 2.63461e-17 1
6760.5 6.91051e-16 2.63461e-17 1
6762 7.32132e-16 2.63461e-17 1
6763.5 7.4662e-16 2.63461e-17 1
6765 7.00615e-16 2.63461e-17 1
6766.5 7.02684e-16 2.63461e-17 1
6768 6.75866e-16 2.63461e-17 1
6769.5 7.11985e-16 2.63461e-17 1
6771 7.26814e-16 2.63461e-17 1
6772.5 7.09839e-16 2.63461e-17 1
6774 6.72183e-16 2.63461e-17 1
6775.5 7.00853e-16 2.63461e-17 1
6777 7.03031e-16 2.63461e-17 1
6778.5 6.35935e-16 2.63461e-17 1
6780 6.31697e-16 2.63461e-17 1
6781.5 6.38414e-16 2.63461e-17 1
6783 6.31689e-16 2.63461e-17 1
6784.5 6.49357e-16 2.63461e-17 1
6786 6.3104e-16 2.63461e-17 1
6787.5 5.90168e-16 2.63461e-17 1
6789 5.91587e-16 2.63461e-17 1
6790.5 6.36455e-16 2.63461e-17 1
6792 6.63843e-16 2.63461e-17 1
6793.5 6.35119e-16 2.63461e-17 1
6795 6.34107e-16 2.63461e-17 1
6796.5 6.31589e-16 2.63461e-17 1
6798 5.71696e-16 2.63461e-17 1
6799.5 5.94766e-16 2.63461e-17 1
6801 6.55828e-16 2.63461e-17 1
6802.5 6.2601e-16 2.63461e-17 1
6804 6.07079e-16 2.63461e-17 1
6805.5 6.09512e-16 2.63461e-17 1
6807 5.8709e-16 2.63461e-17 1
6808.5 6.07361e-16 2.63461e-17 1
6810 5.97203e-16 2.63461e-17 1
6811.5 5.67872e-16 2.63461e-17 1
6813 5.32181e-16 2.63461e-17 1
6814.5 5.39157e-16 2.63461e-17 1
6816 5.67274e-16 2.63461e-17 1
6817.5 5.42809e-16 2.63461e-17 1
6819 5.08905e-16 2.63461e-17 1
6820.5 5.1471e-16 3.12154e-17 1
6822 5.02249e-16 3.12154e-17 1
6823.5 5.66059e-16 3.12154e-17 1
6825 5.4902e-16 3.12154e-17 1
6826.5 5.04755e-16 3.12154e-17 1
6828 4.98073e-16 3.12154e-17 1
6829.5 5.30254e-16 3.12154e-17 1
6831 5.25861e-16 3.12154e-17 1
6832.5 5.26871e-16 3.12154e-17 1
6834 5.54316e-16 3.12154e-17 1
6835.5 5.04665e-16 3.12154e-17 1
6837 5.15862e-16 3.12154e-17 1
6838.5 5.49218e-16 3.12154e-17 1
6840 5.66362e-16 3.12154e-17 1
6841.5 5.41254e-16 3.12154e-17 1
6843 5.1167e-16 3.12154e-17 1
6844.5 5.12678e-16 3.12154e-17 1
6846 5.59608e-16 3.12154e-17 1
6847.5 5.74163e-16 3.12154e-17 1
6849 5.70757e-16 3.12154e-17 1
6850.5 5.46546e-16 3.12154e-17 1
6852 5.49087e-16 3.12154e-17 1
6853.5 5.5734e-16 3.12154e-17 1
6855 5.49382e-16 3.12154e-17 1
6856.5 5.10619e-16 3.12154e-17 1
6858 5.39052e-16 3.12154e-17 1
6859.5 5.1448e-16 3.12154e-17 1
6861 5.17177e-16 3.12154e-17 1
6862.5 5.13663e-16 3.12154e-17 1
6864 5.25714e-16 3.12154e-17 1
6865.5 5.55047e-16 3.12154e-17 1
6867 5.28549e-16 3.12154e-17 1
6868.5 4.7781e-16 3.12154e-17 1
6870 4.92047e-16 3.12154e-17 1
6871.5 5.41087e-16 3.12154e-17 1
6873 5.30214e-16 3.12154e-17 1
6874.5 5.3356e-16 3.12154e-17 1
6876 5.32731e-16 3.12154e-17 1
6877.5 5.22264e-16 3.12154e-17 1
6879 5.44843e-16 3.12154e-17 1
6880.5 5.24181e-16 3.12154e-17 1
6882 5.17181e-16 3.12154e-17 1
6883.5 5.52116e-16 3.12154e-17 1
6885 6.26185e-16 3.12154e-17 1
6886.5 6.15357e-16 3.12154e-17 1
6888 5.48814e-16 3.12154e-17 1
6889.5 5.72492e-16 3.12154e-17 1
6891 5.64383e-16 3.12154e-17 1
6892.5 5.58256e-16 3.12154e-17 1
6894 6.05257e-16 3.12154e-17 1
6895.5 6.52256e-16 3.12154e-17 1
6897 5.90985e-16 3.12154e-17 1
6898.5 5.65224e-16 3.12154e-17 1
6900 5.99176e-16 3.12154e-17 1
6901.5 6.20824e-16 3.12154e-17 1
6903 6.47448e-16 3.12154e-17 1
6904.5 6.37988e-16 3.12154e-17 1
6906 6.08747e-16 3.12154e-17 1
6907.5 6.1681e-16 3.12154e-17 1
6909 5.90408e-16 3.12154e-17 1
6910.5 5.67227e-16 3.12154e-17 1
6912 5.1098e-16 3.12154e-17 1
6913.5 5.95029e-16 3.12154e-17 1
6915 6.23569e-16 3.12154e-17 1
6916.5 5.88084e-16 3.12154e-17 1
6918 6.22662e-16 3.12154e-17 1
6919.5 6.39939e-16 3.12154e-17 1
6921 5.98817e-16 2.8857e-17 1
6922.5 5.86483e-16 2.8857e-17 1
6924 6.24143e-16 2.8857e-17 1
6925.5 6.182e-16 2.8857e-17 1
6927 5.64914e-16 2.8857e-17 1
6928.5 5.87206e-16 2.8857e-17 1
6930 6.20852e-16 2.8857e-17 1
6931.5 6.16102e-16 2.8857e-17 1
6933 6.39114e-16 2.8857e-17 1
6934.5 6.44302e-16 2.8857e-17 1
6936 6.46681e-16 2.8857e-17 1
6937.5 6.14428e-16 2.8857e-17 1
6939 5.97993e-16 2.8857e-17 1
6940.5 6.25265e-16 2.8857e-17 1
6942 5.89126e-16 2.8857e-17 1
6943.5 5.74247e-16 2.8857e-17 1
6945 5.88714e-16 2.8857e-17 1
6946.5 6.14131e-16 2.8857e-17 1
6948 6.4294e-16 2.8857e-17 1
6949.5 6.10315e-16 2.8857e-17 1
6951 5.88935e-16 2.8857e-17 1
6952.5 6.05395e-16 2.8857e-17 1
6954 6.35733e-16 2.8857e-17 1
6955.5 6.55167e-16 2.8857e-17 1
6957 6.63838e-16 2.8857e-17 1
6958.5 6.44198e-16 2.8857e-17 1
6960 6.07216e-16 2.8857e-17 1
6961.5 6.11731e-16 2.8857e-17 1
6963 6.29044e-16 2.8857e-17 1
6964.5 6.14957e-16 2.8857e-17 1
6966 5.98285e-16 2.8857e-17 1
6967.5 6.19162e-16 2.8857e-17 1
6969 6.25245e-16 2.8857e-17 1
6970.5 5.87565e-16 2.8857e-17 1
6972 5.75702e-16 2.8857e-17 1
6973.5 6.35235e-16 2.8857e-17 1
6975 6.78958e-16 2.8857e-17 1
6976.5 6.084e-16 2.8857e-17 1
6978 6.43459e-16 2.8857e-17 1
6979.5 6.75028e-16 2.8857e-17 1
6981 5.97851e-16 2.8857e-17 1
6982.5 5.94148e-16 2.8857e-17 1
6984 6.336e-16 2.8857e-17 1
6985.5 5.98821e-16 2.8857e-17 1
6987 5.79417e-16 2.8857e-17 1
6988.5 6.5729e-16 2.8857e-17 1
6990 6.91843e-16 2.8857e-17 1
6991.5 6.82925e-16 2.8857e-17 1
6993 6.29723e-16 2.8857e-17 1
6994.5 6.17845e-16 2.8857e-17 1
6996 6.24113e-16 2.8857e-17 1
6997.5 6.54794e-16 2.8857e-17 1
6999 6.48112e-16 2.8857e-17 1
7000.5 6.3614e-16 2.8857e-17 1
7002 6.12643e-16 2.8857e-17 1
7003.5 6.01005e-16 2.8857e-17 1
7005 6.44925e-16 2.8857e-17 1
7006.5 6.41152e-16 2.8857e-17 1
7008 6.42754e-16 2.8857e-17 1
7009.5 6.48112e-16 2.8857e-17 1
7011 6.18309e-16 2.8857e-17 1
7012.5 6.16935e-16 2.8857e-17 1
7014 6.52497e-16 2.8857e-17 1
7015.5 6.86133e-16 2.8857e-17 1
7017 7.20239e-16 2.8857e-17 1
7018.5 6.97824e-16 2.8857e-17 1
7020 6.4204e-16 2.97655e-17 1
7021.5 6.36219e-16 2.97655e-17 1
7023 6.79072e-16 2.97655e-17 1
7024.5 6.66552e-16 2.97655e-17 1
7026 6.157e-16 2.97655e-17 1
7027.5 6.00647e-16 2.97655e-17 1
7029 5.92287e-16 2.97655e-17 1
7030.5 6.26016e-16 2.97655e-17 1
7032 6.67402e-16 2.97655e-17 1
7033.5 6.81375e-16 2.97655e-17 1
7035 6.53899e-16 2.97655e-17 1
7036.5 6.37028e-16 2.97655e-17 1
7038 6.25156e-16 2.97655e-17 1
7039.5 5.87278e-16 2.97655e-17 1
7041 6.02263e-16 2.97655e-17 1
7042.5 6.60041e-16 2.97655e-17 1
7044 6.10824e-16 2.97655e-17 1
7045.5 6.28786e-16 2.97655e-17 1
7047 6.15367e-16 2.97655e-17 1
7048.5 5.89742e-16 2.97655e-17 1
7050 6.4235e-16 2.97655e-17 1
7051.5 6.21427e-16 2.97655e-17 1
7053 5.92375e-16 2.97655e-17 1
7054.5 6.58252e-16 2.97655e-17 1
7056 6.49836e-16 2.97655e-17 1
7057.5 6.10948e-16 2.97655e-17 1
7059 6.08405e-16 2.97655e-17 1
7060.5 6.71762e-16 2.97655e-17 1
7062 6.6513e-16 2.97655e-17 1
7063.5 6.96603e-16 2.97655e-17 1
7065 6.98077e-16 2.97655e-17 1
7066.5 7.02515e-16 2.97655e-17 1
7068 6.68085e-16 2.97655e-17 1
7069.5 6.88183e-16 2.97655e-17 1
7071 6.62663e-16 2.97655e-17 1
7072.5 6.46839e-16 2.97655e-17 1
7074 5.75229e-16 2.97655e-17 1
7075.5 5.89486e-16 2.97655e-17 1
7077 6.52761e-16 2.97655e-17 1
7078.5 6.8543e-16 2.97655e-17 1
7080 6.68386e-16 2.97655e-17 1
7081.5 6.6513e-16 2.97655e-17 1
7083 6.65437e-16 2.97655e-17 1
7084.5 6.582e-16 2.97655e-17 1
7086 6.6616e-16 2.97655e-17 1
7087.5 6.5678e-16 2.97655e-17 1
7089 6.63002e-16 2.97655e-17 1
7090.5 6.46546e-16 2.97655e-17 1
7092 6.56221e-16 2.97655e-17 1
7093.5 6.80259e-16 2.97655e-17 1
7095 6.65869e-16 2.97655e-17 1
7096.5 6.36603e-16 2.97655e-17 1
7098 6.65485e-16 2.97655e-17 1
7099.5 6.79012e-16 2.97655e-17 1
7101 6.77611e-16 2.97655e-17 1
7102.5 6.42154e-16 2.97655e-17 1
7104 6.53089e-16 2.97655e-17 1
7105.5 6.75954e-16 2.97655e-17 1
7107 6.25716e-16 2.97655e-17 1
7108.5 5.99534e-16 2.97655e-17 1
7110 6.19548e-16 2.97655e-17 1
7111.5 6.12293e-16 2.97655e-17 1
7113 6.50136e-16 2.97655e-17 1
7114.5 6.81906e-16 2.97655e-17 1
7116 6.47357e-16 2.97655e-17 1
7117.5 6.35007e-16 2.97655e-17 1
7119 6.51624e-16 2.97655e-17 1
7120.5 6.19733e-16 3.66111e-17 1
7122 6.34488e-16 3.66111e-17 1
7123.5 6.44702e-16 3.66111e-17 1
7125 5.74501e-16 3.66111e-17 1
7126.5 6.26173e-16 3.66111e-17 1
7128 6.45426e-16 3.66111e-17 1
7129.5 5.90967e-16 3.66111e-17 1
7131 6.39517e-16 3.66111e-17 1
7132.5 6.30339e-16 3.66111e-17 1
7134 6.2058e-16 3.66111e-17 1
7135.5 6.05548e-16 3.66111e-17 1
7137 5.83858e-16 3.66111e-17 1
7138.5 6.25981e-16 3.66111e-17 1
7140 6.23855e-16 3.66111e-17 1
7141.5 6.38076e-16 3.66111e-17 1
7143 6.68567e-16 3.66111e-17 1
7144.5 6.7433e-16 3.66111e-17 1
7146 6.46867e-16 3.66111e-17 1
7147.5 6.57019e-16 3.66111e-17 1
7149 6.24592e-16 3.66111e-17 1
7150.5 5.81688e-16 3.66111e-17 1
7152 6.32547e-16 3.66111e-17 1
7153.5 6.93377e-16 3.66111e-17 1
7155 6.64871e-16 3.66111e-17 1
7156.5 6.38403e-16 3.66111e-17 1
7158 6.6402e-16 3.66111e-17 1
7159.5 6.76535e-16 3.66111e-17 1
7161 6.77236e-16 3.66111e-17 1
7162.5 6.72124e-16 3.66111e-17 1
7164 7.03671e-16 3.66111e-17 1
7165.5 7.02009e-16 3.66111e-17 1
7167 6.52978e-16 3.66111e-17 1
7168.5 6.27929e-16 3.66111e-17 1
7170 6.3271e-16 3.66111e-17 1
7171.5 6.40562e-16 3.66111e-17 1
7173 6.8003e-16 3.66111e-17 1
7174.5 7.09834e-16 3.66111e-17 1
7176 6.91782e-16 3.66111e-17 1
7177.5 7.58654e-16 3.66111e-17 1
7179 7.38887e-16 3.66111e-17 1
7180.5 6.93376e-16 3.66111e-17 1
7182 6.68892e-16 3.66111e-17 1
7183.5 6.28072e-16 3.66111e-17 1
7185 6.60298e-16 3.66111e-17 1
7186.5 6.4478e-16 3.66111e-17 1
7188 6.22873e-16 3.66111e-17 1
7189.5 6.85581e-16 3.66111e-17 1
7191 7.31049e-16 3.66111e-17 1
7192.5 6.82784e-16 3.66111e-17 1
7194 6.59978e-16 3.66111e-17 1
7195.5 6.46242e-16 3.66111e-17 1
7197 6.58848e-16 3.66111e-17 1
7198.5 7.39484e-16 3.66111e-17 1
7200 7.78799e-16 3.66111e-17 1
7201.5 7.49581e-16 3.66111e-17 1
7203 7.02086e-16 3.66111e-17 1
7204.5 6.81243e-16 3.66111e-17 1
7206 6.75485e-16 3.66111e-17 1
7207.5 6.94912e-16 3.66111e-17 1
7209 6.66968e-16 3.66111e-17 1
7210.5 7.00455e-16 3.66111e-17 1
7212 6.80979e-16 3.66111e-17 1
7213.5 7.01489e-16 3.66111e-17 1
7215 7.8756e-16 3.66111e-17 1
7216.5 7.97239e-16 3.66111e-17 1
7218 7.4411e-16 3.66111e-17 1
7219.5 7.4877e-16 3.66111e-17 1
7221 7.70889e-16 3.5528e-17 1
7222.5 7.4365e-16 3.5528e-17 1
7224 7.43452e-16 3.5528e-17 1
7225.5 7.867e-16 3.5528e-17 1
7227 7.71709e-16 3.5528e-17 1
7228.5 7.51484e-16 3.5528e-17 1
7230 8.20422e-16 3.5528e-17 1
7231.5 8.59726e-16 3.5528e-17 1
7233 8.03856e-16 3.5528e-17 1
7234.5 6.95172e-16 3.5528e-17 1
7236 6.66993e-16 3.5528e-17 1
7237.5 7.47336e-16 3.5528e-17 1
7239 7.5388e-16 3.5528e-17 1
7240.5 7.08958e-16 3.5528e-17 1
7242 7.09627e-16 3.5528e-17 1
7243.5 7.24096e-16 3.5528e-17 1
7245 7.70417e-16 3.5528e-17 1
7246.5 7.97197e-16 3.5528e-17 1
7248 8.01984e-16 3.5528e-17 1
7249.5 8.20303e-16 3.5528e-17 1
7251 8.42442e-16 3.5528e-17 1
7252.5 7.79779e-16 3.5528e-17 1
7254 7.2516e-16 3.5528e-17 1
7255.5 7.72647e-16 3.5528e-17 1
7257 8.2736e-16 3.5528e-17 1
7258.5 8.01085e-16 3.5528e-17 1
7260 7.39892e-16 3.5528e-17 1
7261.5 7.74145e-16 3.5528e-17 1
7263 7.9933e-16 3.5528e-17 1
7264.5 8.02281e-16 3.5528e-17 1
7266 7.70116e-16 3.5528e-17 1
7267.5 8.07023e-16 3.5528e-17 1
7269 8.47179e-16 3.5528e-17 1
7270.5 8.02636e-16 3.5528e-17 1
7272 7.90312e-16 3.5528e-17 1
7273.5 7.46206e-16 3.5528e-17 1
7275 8.16899e-16 3.5528e-17 1
7276.5 8.41451e-16 3.5528e-17 1
7278 7.7394e-16 3.5528e-17 1
7279.5 7.73202e-16 3.5528e-17 1
7281 7.81734e-16 3.5528e-17 1
7282.5 7.84813e-16 3.5528e-17 1
7284 7.82153e-16 3.5528e-17 1
7285.5 8.17553e-16 3.5528e-17 1
7287 8.44563e-16 3.5528e-17 1
7288.5 8.24512e-16 3.5528e-17 1
7290 8.2263e-16 3.5528e-17 1
7291.5 7.87351e-16 3.5528e-17 1
7293 7.72078e-16 3.5528e-17 1
7294.5 8.04081e-16 3.5528e-17 1
7296 8.12232e-16 3.5528e-17 1
7297.5 8.45364e-16 3.5528e-17 1
7299 8.53295e-16 3.5528e-17 1
7300.5 8.17782e-16 3.5528e-17 1
7302 8.32328e-16 3.5528e-17 1
7303.5 8.56166e-16 3.5528e-17 1
7305 8.37795e-16 3.5528e-17 1
7306.5 8.22671e-16 3.5528e-17 1
7308 8.17437e-16 3.5528e-17 1
7309.5 8.15299e-16 3.5528e-17 1
7311 8.12679e-16 3.5528e-17 1
7312.5 8.22154e-16 3.5528e-17 1
7314 8.70211e-16 3.5528e-17 1
7315.5 8.39126e-16 3.5528e-17 1
7317 7.7957e-16 3.5528e-17 1
7318.5 8.04203e-16 3.5528e-17 1
7320 8.25832e-16 3.29214e-17 1
7321.5 8.54748e-16 3.29214e-17 1
7323 8.07278e-16 3.29214e-17 1
7324.5 8.16178e-16 3.29214e-17 1
7326 8.70589e-16 3.29214e-17 1
7327.5 8.37951e-16 3.29214e-17 1
7329 8.54182e-16 3.29214e-17 1
7330.5 9.00413e-16 3.29214e-17 1
7332 8.98032e-16 3.29214e-17 1
7333.5 8.68386e-16 3.29214e-17 1
7335 7.7958e-16 3.29214e-17 1
7336.5 8.20506e-16 3.29214e-17 1
7338 8.36499e-16 3.29214e-17 1
7339.5 8.49885e-16 3.29214e-17 1
7341 8.85522e-16 3.29214e-17 1
7342.5 8.24597e-16 3.29214e-17 1
7344 8.71469e-16 3.29214e-17 1
7345.5 8.3476e-16 3.29214e-17 1
7347 7.93283e-16 3.29214e-17 1
7348.5 8.38492e-16 3.29214e-17 1
7350 8.02982e-16 3.29214e-17 1
7351.5 8.38719e-16 3.29214e-17 1
7353 8.36148e-16 3.29214e-17 1
7354.5 7.97662e-16 3.29214e-17 1
7356 8.25734e-16 3.29214e-17 1
7357.5 7.93989e-16 3.29214e-17 1
7359 8.32122e-16 3.29214e-17 1
7360.5 8.75017e-16 3.29214e-17 1
7362 8.53606e-16 3.29214e-17 1
7363.5 8.22562e-16 3.29214e-17 1
7365 7.93429e-16 3.29214e-17 1
7366.5 8.10501e-16 3.29214e-17 1
7368 8.46533e-16 3.29214e-17 1
7369.5 8.10725e-16 3.29214e-17 1
7371 7.7255e-16 3.29214e-17 1
7372.5 7.84239e-16 3.29214e-17 1
7374 7.85241e-16 3.29214e-17 1
7375.5 7.77756e-16 3.29214e-17 1
7377 8.32309e-16 3.29214e-17 1
7378.5 8.60575e-16 3.29214e-17 1
7380 8.54276e-16 3.29214e-17 1
7381.5 8.74333e-16 3.29214e-17 1
7383 8.23855e-16 3.29214e-17 1
7384.5 7.83386e-16 3.29214e-17 1
7386 7.73787e-16 3.29214e-17 1
7387.5 7.8301e-16 3.29214e-17 1
7389 8.5658e-16 3.29214e-17 1
7390.5 8.77358e-16 3.29214e-17 1
7392 8.30218e-16 3.29214e-17 1
7393.5 8.0601e-16 3.29214e-17 1
7395 7.90507e-16 3.29214e-17 1
7396.5 7.54379e-16 3.29214e-17 1
7398 8.11168e-16 3.29214e-17 1
7399.5 8.40543e-16 3.29214e-17 1
7401 8.23247e-16 3.29214e-17 1
7402.5 8.12195e-16 3.29214e-17 1
7404 7.50597e-16 3.29214e-17 1
7405.5 7.42642e-16 3.29214e-17 1
7407 7.67427e-16 3.29214e-17 1
7408.5 7.87397e-16 3.29214e-17 1
7410 8.0685e-16 3.29214e-17 1
7411.5 8.098e-16 3.29214e-17 1
7413 8.47034e-16 3.29214e-17 1
7414.5 8.53601e-16 3.29214e-17 1
7416 7.91199e-16 3.29214e-17 1
7417.5 8.09569e-16 3.29214e-17 1
7419 8.41413e-16 3.29214e-17 1
7420.5 8.69399e-16 3.30436e-17 1
7422 8.06226e-16 3.30436e-17 1
7423.5 8.56629e-16 3.30436e-17 1
7425 8.84162e-16 3.30436e-17 1
7426.5 8.34378e-16 3.30436e-17 1
7428 8.3528e-16 3.30436e-17 1
7429.5 8.23524e-16 3.30436e-17 1
7431 7.93096e-16 3.30436e-17 1
7432.5 7.80768e-16 3.30436e-17 1
7434 7.84683e-16 3.30436e-17 1
7435.5 8.09899e-16 3.30436e-17 1
7437 8.24493e-16 3.30436e-17 1
7438.5 8.185e-16 3.30436e-17 1
7440 8.49663e-16 3.30436e-17 1
7441.5 8.30953e-16 3.30436e-17 1
7443 8.52147e-16 3.30436e-17 1
7444.5 8.95489e-16 3.30436e-17 1
7446 8.57106e-16 3.30436e-17 1
7447.5 8.31017e-16 3.30436e-17 1
7449 8.81529e-16 3.30436e-17 1
7450.5 9.00301e-16 3.30436e-17 1
7452 8.80913e-16 3.30436e-17 1
7453.5 8.75062e-16 3.30436e-17 1
7455 8.92906e-16 3.30436e-17 1
7456.5 8.95831e-16 3.30436e-17 1
7458 8.69465e-16 3.30436e-17 1
7459.5 8.5018e-16 3.30436e-17 1
7461 8.64785e-16 3.30436e-17 1
7462.5 8.63811e-16 3.30436e-17 1
7464 8.74793e-16 3.30436e-17 1
7465.5 8.8365e-16 3.30436e-17 1
7467 8.6424e-16 3.30436e-17 1
7468.5 8.57862e-16 3.30436e-17 1
7470 8.18544e-16 3.30436e-17 1
7471.5 8.39346e-16 3.30436e-17 1
7473 8.17451e-16 3.30436e-17 1
7474.5 8.8087e-16 3.30436e-17 1
7476 8.9715e-16 3.30436e-17 1
7477.5 9.16522e-16 3.30436e-17 1
7479 9.60098e-16 3.30436e-17 1
7480.5 9.4492e-16 3.30436e-17 1
7482 9.01478e-16 3.30436e-17 1
7483.5 8.97622e-16 3.30436e-17 1
7485 9.29485e-16 3.30436e-17 1
7486.5 9.21554e-16 3.30436e-17 1
7488 8.81923e-16 3.30436e-17 1
7489.5 8.6407e-16 3.30436e-17 1
7491 9.0267e-16 3.30436e-17 1
7492.5 8.77855e-16 3.30436e-17 1
7494 8.83819e-16 3.30436e-17 1
7495.5 8.51505e-16 3.30436e-17 1
7497 9.04799e-16 3.30436e-17 1
7498.5 8.52625e-16 3.30436e-17 1
7500 8.66323e-16 3.30436e-17 1
7501.5 9.37635e-16 3.30436e-17 1
7503 8.71889e-16 3.30436e-17 1
7504.5 8.90909e-16 3.30436e-17 1
7506 8.80557e-16 3.30436e-17 1
7507.5 8.46099e-16 3.30436e-17 1
7509 8.34385e-16 3.30436e-17 1
7510.5 9.03901e-16 3.30436e-17 1
7512 9.2477e-16 3.30436e-17 1
7513.5 9.30692e-16 3.30436e-17 1
7515 9.01289e-16 3.30436e-17 1
7516.5 8.47936e-16 3.30436e-17 1
7518 8.68424e-16 3.30436e-17 1
7519.5 8.65177e-16 3.30436e-17 1
7521 8.29778e-16 3.30436e-17 1
7522.5 8.74179e-16 3.30436e-17 1
7524 9.05963e-16 3.30436e-17 1
7525.5 9.04936e-16 3.30436e-17 1
7527 9.27421e-16 3.30436e-17 1
7528.5 9.41519e-16 3.30436e-17 1
7530 9.59766e-16 3.30436e-17 1
7531.5 8.74644e-16 3.30436e-17 1
7533 8.12339e-16 3.30436e-17 1
7534.5 8.45748e-16 3.30436e-17 1
7536 8.84746e-16 3.30436e-17 1
7537.5 8.83143e-16 3.30436e-17 1
7539 8.63586e-16 3.30436e-17 1
7540.5 8.41055e-16 3.30436e-17 1
