# converted by J. Guy, 2010-10-18
# from  Howell et al. 2005ApJ...634.1190H
@Redshift 0.337
@FORMAT STD
@Date 53172
@EXTRACT_TYPE G
@GALAXY_MODEL E1
@SELECTED_FOR_SNLS3_TRAINING 1
@SN 04D3kr
@SURVEY SNLS_GEMINI_SPEC
@Source GEMINI
#WAVE : wavelength, observer frame, in A
#FLUX : erg/s/cm2/A
#ERR  : statistical uncertainty on flux
#VALID : 1=ok 0=ignore
#end
4803.66 6.481e-18 2.194e-18 0
4808.66 1.856e-18 2.077e-18 0
4813.66 7.531e-18 2.089e-18 0
4818.66 1.407e-18 2.29e-18 0
4823.66 -9.43e-19 1.91e-18 0
4828.66 3.046e-18 1.918e-18 0
4833.66 5.733e-18 1.878e-18 0
4838.66 -2.59e-19 2.071e-18 0
4843.66 7.103e-18 1.852e-18 0
4848.66 6.212e-18 1.782e-18 0
4853.66 6.528e-18 1.751e-18 0
4858.66 7.608e-18 1.987e-18 0
4863.66 7.198e-18 1.685e-18 0
4868.66 7.578e-18 1.692e-18 0
4873.66 3.857e-18 1.798e-18 0
4878.66 7.228e-18 1.638e-18 0
4883.66 1.312e-18 1.53e-18 0
4888.66 6.85e-18 1.576e-18 0
4893.66 5.091e-18 1.757e-18 0
4898.66 5.06e-18 1.488e-18 0
4903.66 3.877e-18 1.476e-18 0
4908.66 5.122e-18 1.46e-18 0
4913.66 3.898e-18 1.629e-18 0
4918.66 3.127e-18 1.368e-18 0
4923.66 3.489e-18 1.361e-18 0
4928.66 5.011e-18 1.581e-18 0
4933.66 3.928e-18 1.383e-18 0
4938.66 3.728e-18 1.36e-18 0
4943.66 3.399e-18 1.333e-18 0
4948.66 2.305e-18 1.449e-18 0
4953.66 3.591e-18 1.304e-18 0
4958.66 4.238e-18 1.288e-18 0
4963.66 3.17e-18 1.257e-18 0
4968.66 1.994e-18 1.42e-18 0
4973.66 2.002e-18 1.219e-18 0
4978.66 3.847e-18 1.215e-18 0
4983.66 8.231e-18 1.464e-18 0
4988.66 6.407e-18 1.201e-18 0
4993.66 1.919e-18 1.13e-18 0
4998.66 1.971e-18 1.106e-18 0
5003.66 4.307e-18 1.297e-18 0
5008.66 2.932e-18 1.084e-18 0
5013.66 2.693e-18 1.07e-18 0
5018.66 9.92e-19 1.004e-18 0
5023.66 2.128e-18 1.172e-18 0
5028.66 3.879e-18 1.028e-18 0
5033.66 2.811e-18 9.99e-19 0
5038.66 3.367e-18 9.87e-19 0
5043.66 1.748e-18 1.082e-18 0
5048.66 1.513e-18 9.11e-19 0
5053.66 2.637e-18 9.27e-19 0
5058.66 2.846e-18 1.078e-18 0
5063.66 4.096e-18 9.24e-19 0
5068.66 4.519e-18 9.15e-19 0
5073.66 2.295e-18 8.39e-19 0
5078.66 5.25e-19 9.33e-19 0
5083.66 1.383e-18 8.07e-19 0
5088.66 2.138e-18 8.11e-19 0
5093.66 2.748e-18 7.99e-19 0
5098.66 1.484e-18 8.91e-19 0
5103.66 3.714e-18 7.95e-19 0
5108.66 4.029e-18 7.8e-19 0
5113.66 5.776e-18 9.24e-19 0
5118.66 2.512e-18 7.32e-19 0
5123.66 4.001e-18 7.47e-19 0
5128.66 3.949e-18 7.38e-19 0
5133.66 3.899e-18 8.52e-19 0
5138.66 2.987e-18 7.18e-19 0
5143.66 3.941e-18 7.23e-19 0
5148.66 3.726e-18 7.15e-19 0
5153.66 3.328e-18 7.94e-19 0
5158.66 4.163e-18 6.92e-19 0
5163.66 3.675e-18 6.8e-19 0
5168.66 6.186e-18 8.08e-19 0
5173.66 5.426e-18 6.79e-19 0
5178.66 5.536e-18 6.85e-19 0
5183.66 7.214e-18 6.93e-19 0
5188.66 6.638e-18 8.08e-19 0
5193.66 6.229e-18 6.81e-19 0
5198.66 6.41e-18 6.92e-19 0
5203.66 5.117e-18 6.64e-19 0
5208.66 5.135e-18 7.43e-19 0
5213.66 5.556e-18 6.45e-19 0
5218.66 5.679e-18 6.42e-19 0
5223.66 6.116e-18 7.56e-19 0
5228.66 6.666e-18 6.56e-19 0
5233.66 7.049e-18 6.52e-19 0
5238.66 5.804e-18 6.45e-19 0
5243.66 6.119e-18 7.27e-19 0
5248.66 5.199e-18 6.07e-19 0
5253.66 5.455e-18 6.2e-19 0
5258.66 5.501e-18 6.15e-19 0
5263.66 6.294e-18 6.97e-19 0
5268.66 7.346e-18 6.14e-19 0
5273.66 6.635e-18 6.19e-19 0
5278.66 6.328e-18 6.08e-19 0
5283.66 6.661e-18 6.99e-19 0
5288.66 5.811e-18 5.95e-19 0
5293.66 5.379e-18 6.04e-19 0
5298.66 5.563e-18 7e-19 0
5303.66 5.293e-18 5.96e-19 1
5308.66 5.57e-18 5.92e-19 1
5313.66 4.778e-18 5.85e-19 1
5318.66 4.797e-18 6.72e-19 1
5323.66 6.755e-18 6.08e-19 1
5328.66 5.129e-18 5.81e-19 1
5333.66 5.908e-18 5.93e-19 1
5338.66 5.823e-18 6.68e-19 1
5343.66 5.059e-18 5.63e-19 1
5348.66 5.645e-18 5.69e-19 1
5353.66 6.188e-18 6.63e-19 1
5358.66 5.182e-18 5.54e-19 1
5363.66 3.996e-18 5.26e-19 1
5368.66 4.88e-18 5.33e-19 1
5373.66 3.679e-18 5.97e-19 1
5378.66 6.419e-18 5.49e-19 1
5383.66 5.148e-18 5.25e-19 1
5388.66 4.982e-18 5.21e-19 1
5393.66 5.157e-18 5.95e-19 1
5398.66 6.159e-18 5.24e-19 1
5403.66 4.528e-18 4.96e-19 1
5408.66 5.044e-18 5.77e-19 1
5413.66 4.926e-18 4.98e-19 1
5418.66 4.501e-18 4.86e-19 1
5423.66 4.935e-18 4.91e-19 1
5428.66 6.19e-18 5.74e-19 1
5433.66 4.827e-18 4.81e-19 1
5438.66 5.772e-18 4.82e-19 1
5443.66 5.64e-18 4.65e-19 1
5448.66 5.032e-18 5.21e-19 1
5453.66 5.943e-18 4.59e-19 1
5458.66 5.773e-18 4.6e-19 1
5463.66 5.611e-18 5.24e-19 1
5468.66 6.283e-18 4.54e-19 1
5473.66 5.154e-18 4.35e-19 1
5478.66 6.649e-18 4.5e-19 1
5483.66 6.647e-18 5.22e-19 1
5488.66 4.452e-18 4.22e-19 1
5493.66 6.354e-18 4.41e-19 1
5498.66 5.723e-18 4.33e-19 1
5503.66 5.808e-18 4.98e-19 1
5508.66 5.09e-18 4.22e-19 1
5513.66 4.92e-18 4.17e-19 1
5518.66 5.538e-18 4.26e-19 1
5523.66 5.786e-18 4.91e-19 1
5528.66 4.651e-18 4.11e-19 1
5533.66 5.399e-18 4.16e-19 1
5538.66 6.031e-18 4.87e-19 1
5543.66 4.933e-18 4.27e-19 1
5548.66 4.809e-18 4.16e-19 1
5553.66 5.156e-18 4.09e-19 1
5558.66 5.425e-18 4.77e-19 1
5563.66 4.46e-18 4.22e-19 1
5568.66 4.407e-18 4.13e-19 1
5573.66 3.19e-18 6.48e-19 1
5578.66 5.873e-18 1.762e-18 1
5583.66 5.862e-18 4.69e-19 1
5588.66 5.749e-18 4.19e-19 1
5593.66 5.073e-18 4.61e-19 1
5598.66 5.476e-18 4.01e-19 1
5603.66 4.797e-18 4.04e-19 1
5608.66 5.516e-18 4e-19 1
5613.66 5.904e-18 4.53e-19 1
5618.66 5.149e-18 3.86e-19 1
5623.66 5.028e-18 3.96e-19 1
5628.66 4.482e-18 3.72e-19 1
5633.66 4.594e-18 4.27e-19 1
5638.66 3.965e-18 3.64e-19 1
5643.66 4.615e-18 3.77e-19 1
5648.66 4.917e-18 4.32e-19 1
5653.66 3.448e-18 3.45e-19 1
5658.66 4.574e-18 3.6e-19 1
5663.66 4.129e-18 3.59e-19 1
5668.66 2.482e-18 3.98e-19 1
5673.66 4.269e-18 3.69e-19 1
5678.66 4.259e-18 3.72e-19 1
5683.66 4.113e-18 3.73e-19 1
5688.66 4.116e-18 4.37e-19 1
5693.66 3.635e-18 3.68e-19 1
5698.66 3.689e-18 3.64e-19 1
5703.66 4.282e-18 4.27e-19 1
5708.66 3.622e-18 3.59e-19 1
5713.66 3.37e-18 3.54e-19 1
5718.66 3.135e-18 3.5e-19 1
5723.66 3.406e-18 4.11e-19 1
5728.66 2.811e-18 3.44e-19 1
5733.66 3.488e-18 3.51e-19 1
5738.66 3.073e-18 3.43e-19 1
5743.66 2.716e-18 3.91e-19 1
5748.66 3.826e-18 3.51e-19 1
5753.66 3.255e-18 3.42e-19 1
5758.66 3.52e-18 3.46e-19 1
5763.66 2.674e-18 3.83e-19 1
5768.66 2.518e-18 3.31e-19 1
5773.66 3.323e-18 3.4e-19 1
5778.66 2.973e-18 3.84e-19 1
5783.66 2.536e-18 3.24e-19 1
5788.66 2.96e-18 3.3e-19 1
5793.66 2.282e-18 3.19e-19 1
5798.66 3.594e-18 3.86e-19 1
5803.66 4.224e-18 3.39e-19 1
5808.66 3.158e-18 3.25e-19 1
5813.66 3.182e-18 3.22e-19 1
5818.66 3.149e-18 3.71e-19 1
5823.66 3.852e-18 3.28e-19 1
5828.66 4.043e-18 3.29e-19 1
5833.66 4.105e-18 3.76e-19 1
5838.66 3.695e-18 3.11e-19 1
5843.66 3.733e-18 3.1e-19 1
5848.66 3.991e-18 3.1e-19 1
5853.66 3.328e-18 3.47e-19 1
5858.66 3.217e-18 2.98e-19 1
5863.66 3.734e-18 3.39e-19 1
5868.66 3.803e-18 3.65e-19 1
5873.66 3.731e-18 3.67e-19 1
5878.66 3.774e-18 3.05e-19 1
5883.66 3.76e-18 3.24e-19 1
5888.66 2.864e-18 6.61e-19 1
5893.66 3.514e-18 6.02e-19 1
5898.66 3.838e-18 4.39e-19 1
5903.66 3.783e-18 3.07e-19 1
5908.66 4.097e-18 3.57e-19 1
5913.66 3.858e-18 3.28e-19 1
5918.66 3.761e-18 3.15e-19 1
5923.66 4.054e-18 3.08e-19 1
5928.66 3.187e-18 3.48e-19 1
5933.66 4.061e-18 3.46e-19 1
5938.66 3.417e-18 2.79e-19 1
5943.66 4.079e-18 3.39e-19 1
5948.66 3.7e-18 3e-19 1
5953.66 4.299e-18 3.33e-19 1
5958.66 5.002e-18 2.93e-19 1
5963.66 4.019e-18 3.19e-19 1
5968.66 4.353e-18 2.89e-19 1
5973.66 3.797e-18 2.93e-19 1
5978.66 4.504e-18 3.04e-19 1
5983.66 4.269e-18 3.16e-19 1
5988.66 4.403e-18 2.74e-19 1
5993.66 4.437e-18 2.74e-19 1
5998.66 4.473e-18 2.83e-19 1
6003.66 4.583e-18 3.36e-19 1
6008.66 5.076e-18 2.8e-19 1
6013.66 4.809e-18 2.72e-19 1
6018.66 5.09e-18 3.16e-19 1
6023.66 5.018e-18 2.74e-19 1
6028.66 4.807e-18 2.76e-19 1
6033.66 4.884e-18 2.8e-19 1
6038.66 4.688e-18 3.13e-19 1
6043.66 5.392e-18 2.73e-19 1
6048.66 4.319e-18 2.63e-19 1
6053.66 5.012e-18 2.69e-19 1
6058.66 5.218e-18 3.13e-19 1
6063.66 4.888e-18 2.7e-19 1
6068.66 4.714e-18 2.67e-19 1
6073.66 5.059e-18 3.08e-19 1
6078.66 5.076e-18 2.53e-19 1
6083.66 5.056e-18 4.68e-19 1
6088.66 4.912e-18 3.147e-18 1
6093.66 4.815e-18 3.634e-18 1
6098.66 4.718e-18 3.147e-18 1
6103.66 4.609e-18 3.147e-18 1
6108.66 4.526e-18 2.83e-19 1
6113.66 4.391e-18 2.84e-19 1
6118.66 4.634e-18 2.46e-19 1
6123.66 4.125e-18 2.4e-19 1
6128.66 4.315e-18 2.8e-19 1
6133.66 5.157e-18 2.53e-19 1
6138.66 4.261e-18 2.6e-19 1
6143.66 4.793e-18 2.69e-19 1
6148.66 5.04e-18 2.97e-19 1
6153.66 4.638e-18 2.49e-19 1
6158.66 5.168e-18 2.53e-19 1
6163.66 5.207e-18 2.5e-19 1
6168.66 4.561e-18 3.05e-19 1
6173.66 5.043e-18 2.7e-19 1
6178.66 4.696e-18 2.48e-19 1
6183.66 5.218e-18 2.88e-19 1
6188.66 4.542e-18 2.44e-19 1
6193.66 4.796e-18 2.49e-19 1
6198.66 4.363e-18 2.44e-19 1
6203.66 4.499e-18 3.05e-19 1
6208.66 4.331e-18 2.42e-19 1
6213.66 4.669e-18 2.48e-19 1
6218.66 4.514e-18 2.52e-19 1
6223.66 4.423e-18 2.98e-19 1
6228.66 5.146e-18 2.44e-19 1
6233.66 3.956e-18 3.17e-19 1
6238.66 4.066e-18 3.12e-19 1
6243.66 3.827e-18 3.11e-19 1
6248.66 3.638e-18 2.35e-19 1
6253.66 3.23e-18 2.51e-19 1
6258.66 2.183e-18 3.68e-19 1
6263.66 3.706e-18 2.72e-19 1
6268.66 4.047e-18 2.54e-19 1
6273.66 3.169e-18 2.35e-19 1
6278.66 3.493e-18 2.74e-19 1
6283.66 2.989e-18 2.41e-19 1
6288.66 3.321e-18 2.91e-19 1
6293.66 2.807e-18 2.36e-19 1
6298.66 3.087e-18 5.24e-19 1
6303.66 3.045e-18 3.65e-19 1
6308.66 3.373e-18 2.82e-19 1
6313.66 3.22e-18 2.48e-19 1
6318.66 3.379e-18 2.31e-19 1
6323.66 3.204e-18 2.39e-19 1
6328.66 3.575e-18 2.95e-19 1
6333.66 3.398e-18 2.72e-19 1
6338.66 3.171e-18 2.13e-19 1
6343.66 3.01e-18 2.18e-19 1
6348.66 3.194e-18 2.35e-19 1
6353.66 3.063e-18 2.87e-19 1
6358.66 3.329e-18 2.64e-19 1
6363.66 3.151e-18 3.08e-19 1
6368.66 2.818e-18 2.5e-19 1
6373.66 2.56e-18 2.03e-19 1
6378.66 2.824e-18 2.19e-19 1
6383.66 2.75e-18 2.28e-19 1
6388.66 2.328e-18 2.54e-19 1
6393.66 2.476e-18 2e-19 1
6398.66 2.493e-18 1.99e-19 1
6403.66 2.953e-18 2.02e-19 1
6408.66 3.105e-18 2.34e-19 1
6413.66 2.703e-18 2.13e-19 1
6418.66 3.13e-18 2.24e-19 1
6423.66 3.039e-18 2.5e-19 1
6428.66 2.999e-18 2.08e-19 1
6433.66 3.531e-18 2.13e-19 1
6438.66 3.523e-18 2.12e-19 1
6443.66 3.119e-18 2.4e-19 1
6448.66 3.33e-18 2.15e-19 1
6453.66 3.586e-18 2.21e-19 1
6458.66 3.961e-18 2.31e-19 1
6463.66 3.385e-18 3.16e-19 1
6468.66 3.12e-18 2.78e-19 1
6473.66 3.047e-18 2.39e-19 1
6478.66 3.144e-18 2.19e-19 1
6483.66 3.284e-18 2.35e-19 1
6488.66 2.933e-18 2e-19 1
6493.66 3.159e-18 2.24e-19 1
6498.66 4.718e-18 3.71e-19 1
6503.66 3.861e-18 2.58e-19 1
6508.66 2.8e-18 2.12e-19 1
6513.66 2.863e-18 2.06e-19 1
6518.66 2.603e-18 2.37e-19 1
6523.66 2.76e-18 2.21e-19 1
6528.66 2.723e-18 2.21e-19 1
6533.66 2.441e-18 2.61e-19 1
6538.66 2.062e-18 2.28e-19 1
6543.66 2.54e-18 2.34e-19 1
6548.66 2.687e-18 2.23e-19 1
6553.66 1.864e-18 3.31e-19 1
6558.66 2.779e-18 2.24e-19 1
6563.66 2.623e-18 2.38e-19 1
6568.66 2.483e-18 2.22e-19 1
6573.66 2.638e-18 2.61e-19 1
6578.66 2.603e-18 2.53e-19 1
6583.66 2.591e-18 1.93e-19 1
6588.66 2.763e-18 1.92e-19 1
6593.66 3.119e-18 2.38e-19 1
6598.66 2.583e-18 2.06e-19 1
6603.66 2.418e-18 2.27e-19 1
6608.66 2.919e-18 2.27e-19 1
6613.66 3.031e-18 1.9e-19 1
6618.66 2.597e-18 1.85e-19 1
6623.66 2.582e-18 1.89e-19 1
6628.66 3.874e-18 2.38e-19 1
6633.66 3.844e-18 2.13e-19 1
6638.66 2.704e-18 1.88e-19 1
6643.66 2.649e-18 1.83e-19 1
6648.66 3.184e-18 2.17e-19 1
6653.66 2.812e-18 1.84e-19 1
6658.66 2.621e-18 1.84e-19 1
6663.66 2.582e-18 2.16e-19 1
6668.66 3.045e-18 1.93e-19 1
6673.66 2.994e-18 1.83e-19 1
6678.66 2.328e-18 1.76e-19 1
6683.66 2.709e-18 2.08e-19 1
6688.66 2.91e-18 1.82e-19 1
6693.66 8.065e-18 2.24e-19 1
6698.66 3.541e-18 1.93e-19 1
6703.66 2.939e-18 2.16e-19 1
6708.66 2.832e-18 1.82e-19 1
6713.66 2.351e-18 1.78e-19 1
6718.66 2.784e-18 1.8e-19 1
6723.66 3.09e-18 2.09e-19 1
6728.66 2.836e-18 1.8e-19 1
6733.66 2.709e-18 1.78e-19 1
6738.66 3.455e-18 2.15e-19 1
6743.66 3.025e-18 1.84e-19 1
6748.66 3.259e-18 1.82e-19 1
6753.66 3.007e-18 1.78e-19 1
6758.66 2.748e-18 2.03e-19 1
6763.66 2.705e-18 1.75e-19 1
6768.66 3.1e-18 1.76e-19 1
6773.66 3.169e-18 1.71e-19 1
6778.66 3.093e-18 1.97e-19 1
6783.66 3.187e-18 1.74e-19 1
6788.66 3.116e-18 1.73e-19 1
6793.66 3.295e-18 1.98e-19 1
6798.66 3.426e-18 1.72e-19 1
6803.66 3.328e-18 1.72e-19 1
6808.66 3.401e-18 1.72e-19 1
6813.66 3.648e-18 2.01e-19 1
6818.66 3.945e-18 1.77e-19 1
6823.66 3.771e-18 1.97e-19 1
6828.66 3.834e-18 3.25e-19 1
6833.66 3.731e-18 3.55e-19 1
6838.66 3.462e-18 2.23e-19 1
6843.66 3.581e-18 1.98e-19 1
6848.66 3.593e-18 2.06e-19 1
6853.66 4.104e-18 1.79e-19 1
6858.66 4.086e-18 1.99e-19 1
6863.66 3.429e-18 3.53e-19 1
6868.66 3.207e-18 2.34e-19 1
6873.66 3.579e-18 1.78e-19 1
6878.66 4.469e-18 1.91e-19 1
6883.66 3.262e-18 1.93e-19 1
6888.66 3.74e-18 2.55e-19 1
6893.66 3.495e-18 1.82e-19 1
6898.66 4.238e-18 2.13e-19 1
6903.66 3.27e-18 2.25e-19 1
6908.66 3.271e-18 1.82e-19 1
6913.66 3.415e-18 2.27e-19 1
6918.66 3.445e-18 1.99e-19 1
6923.66 3.297e-18 3.32e-19 1
6928.66 4.383e-18 1.82e-19 1
6933.66 3.553e-18 1.68e-19 1
6938.66 4.968e-18 2.34e-19 1
6943.66 5.296e-18 2.23e-19 1
6948.66 3.815e-18 2.95e-19 1
6953.66 3.667e-18 1.91e-19 1
6958.66 3.476e-18 1.72e-19 1
6963.66 3.513e-18 2.01e-19 1
6968.66 3.454e-18 2.08e-19 1
6973.66 3.616e-18 2.05e-19 1
6978.66 3.487e-18 2.94e-19 1
6983.66 3.325e-18 1.82e-19 1
6988.66 3.414e-18 1.69e-19 1
6993.66 3.778e-18 1.71e-19 1
6998.66 3.483e-18 1.99e-19 1
7003.66 3.872e-18 1.92e-19 1
7008.66 3.258e-18 1.93e-19 1
7013.66 2.832e-18 1.8e-19 1
7018.66 3.319e-18 1.86e-19 1
7023.66 3.398e-18 1.61e-19 1
7028.66 3.362e-18 1.63e-19 1
7033.66 3.557e-18 1.87e-19 1
7038.66 3.053e-18 1.63e-19 1
7043.66 3.138e-18 1.81e-19 1
7048.66 3.122e-18 2.02e-19 1
7053.66 2.895e-18 2.01e-19 1
7058.66 2.808e-18 1.63e-19 1
7063.66 2.857e-18 1.71e-19 1
7068.66 2.651e-18 1.72e-19 1
7073.66 2.523e-18 1.93e-19 1
7078.66 2.722e-18 1.69e-19 1
7083.66 2.671e-18 1.71e-19 1
7088.66 2.612e-18 2.03e-19 1
7093.66 2.291e-18 1.58e-19 1
7098.66 2.236e-18 1.5e-19 1
7103.66 2.774e-18 1.56e-19 1
7108.66 2.619e-18 1.78e-19 1
7113.66 2.803e-18 1.55e-19 1
7118.66 2.33e-18 1.49e-19 1
7123.66 2.464e-18 1.54e-19 1
7128.66 2.611e-18 1.89e-19 1
7133.66 2.314e-18 1.59e-19 1
7138.66 2.604e-18 1.58e-19 1
7143.66 2.395e-18 2.05e-19 1
7148.66 2.6e-18 1.73e-19 1
7153.66 2.525e-18 1.57e-19 1
7158.66 2.867e-18 1.66e-19 1
7163.66 2.673e-18 1.93e-19 1
7168.66 2.953e-18 1.66e-19 1
7173.66 3.158e-18 1.67e-19 1
7178.66 3.155e-18 1.68e-19 1
7183.66 3.111e-18 1.85e-19 1
7188.66 2.953e-18 1.51e-19 1
7193.66 2.93e-18 1.5e-19 1
7198.66 3.141e-18 1.55e-19 1
7203.66 3.357e-18 1.78e-19 1
7208.66 3.174e-18 1.54e-19 1
7213.66 2.881e-18 1.51e-19 1
7218.66 2.88e-18 1.78e-19 1
7223.66 2.731e-18 1.62e-19 1
7228.66 2.838e-18 1.64e-19 1
7233.66 2.85e-18 1.81e-19 1
7238.66 2.921e-18 4.5e-19 1
7243.66 2.8e-18 4.28e-19 1
7248.66 2.654e-18 2.59e-19 1
7253.66 2.434e-18 2.29e-19 1
7258.66 2.57e-18 2.01e-19 1
7263.66 2.49e-18 1.67e-19 1
7268.66 2.789e-18 1.8e-19 1
7273.66 2.55e-18 3.97e-19 1
7278.66 2.098e-18 3.53e-19 1
7283.66 2.596e-18 3.02e-19 1
7288.66 2.416e-18 1.93e-19 1
7293.66 2.297e-18 2.36e-19 1
7298.66 2.125e-18 2.02e-19 1
7303.66 2.184e-18 2.54e-19 1
7308.66 2.029e-18 1.78e-19 1
7313.66 2.252e-18 3.74e-19 1
7318.66 2.02e-18 2.71e-19 1
7323.66 1.831e-18 1.62e-19 1
7328.66 1.67e-18 3.35e-19 1
7333.66 1.996e-18 1.85e-19 1
7338.66 2.016e-18 3.01e-19 1
7343.66 2.498e-18 2.55e-19 1
7348.66 2.158e-18 1.96e-19 1
7353.66 2.28e-18 1.78e-19 1
7358.66 3.048e-18 2.83e-19 1
7363.66 1.836e-18 1.94e-19 1
7368.66 2.158e-18 4.56e-19 1
7373.66 1.988e-18 2.13e-19 1
7378.66 2.449e-18 1.6e-19 1
7383.66 2.784e-18 1.58e-19 1
7388.66 2.349e-18 2.22e-19 1
7393.66 2.037e-18 2.32e-19 1
7398.66 2.671e-18 2.23e-19 1
7403.66 3.256e-18 3.47e-19 1
7408.66 2.354e-18 1.59e-19 1
7413.66 2.636e-18 1.63e-19 1
7418.66 2.876e-18 1.6e-19 1
7423.66 3.345e-18 1.85e-19 1
7428.66 2.718e-18 1.97e-19 1
7433.66 3.284e-18 1.98e-19 1
7438.66 3.35e-18 2.55e-19 1
7443.66 2.679e-18 1.9e-19 1
7448.66 2.896e-18 1.54e-19 1
7453.66 3.232e-18 1.62e-19 1
7458.66 3.362e-18 2e-19 1
7463.66 3.028e-18 1.99e-19 1
7468.66 3.331e-18 2.27e-19 1
7473.66 3.015e-18 2.55e-19 1
7478.66 4.176e-18 2.97e-19 1
7483.66 2.828e-18 2.69e-19 1
7488.66 2.907e-18 1.88e-19 1
7493.66 2.847e-18 1.92e-19 1
7498.66 3.325e-18 2.04e-19 1
7503.66 3.176e-18 1.67e-19 1
7508.66 3.259e-18 1.92e-19 1
7513.66 3.192e-18 3.634e-18 1
7518.66 3.125e-18 3.147e-18 1
7523.66 3.049e-18 3.147e-18 1
7528.66 3.03e-18 2.47e-19 1
7533.66 3.12e-18 2.05e-19 1
7538.66 2.702e-18 1.68e-19 1
7543.66 2.729e-18 1.6e-19 1
7548.66 2.67e-18 1.53e-19 1
7553.66 2.777e-18 2.02e-19 1
7558.66 2.918e-18 1.98e-19 1
7563.66 2.581e-18 1.6e-19 1
7568.66 2.109e-18 2.65e-19 1
7573.66 2.485e-18 2.7e-19 1
7578.66 2.986e-18 1.57e-19 1
7583.66 2.733e-18 1.94e-19 1
7588.66 2.819e-18 2.17e-19 1
7593.66 2.324e-18 1.53e-19 1
7598.66 1.956e-18 2.04e-19 1
7603.66 2.286e-18 1.17e-19 1
7608.66 2.88e-18 1.39e-19 1
7613.66 2.965e-18 1.41e-19 1
7618.66 2.835e-18 1.98e-19 1
7623.66 2.567e-18 1.69e-19 1
7628.66 2.86e-18 2.49e-19 1
7633.66 2.545e-18 1.44e-19 1
7638.66 2.396e-18 1.36e-19 1
7643.66 2.905e-18 1.65e-19 1
7648.66 2.621e-18 1.47e-19 1
7653.66 2.8e-18 1.74e-19 1
7658.66 2.626e-18 1.73e-19 1
7663.66 3.067e-18 2.39e-19 1
7668.66 2.617e-18 1.5e-19 1
7673.66 2.601e-18 1.5e-19 1
7678.66 2.926e-18 1.58e-19 1
7683.66 2.521e-18 1.93e-19 1
7688.66 2.514e-18 1.75e-19 1
7693.66 2.296e-18 1.72e-19 1
7698.66 2.491e-18 2.19e-19 1
7703.66 2.335e-18 1.65e-19 1
7708.66 2.376e-18 2.02e-19 1
7713.66 1.957e-18 4.9e-19 1
7718.66 2.614e-18 4.62e-19 1
7723.66 2.817e-18 2.6e-19 1
7728.66 2.54e-18 2.08e-19 1
7733.66 2.175e-18 1.9e-19 1
7738.66 2.449e-18 2.12e-19 1
7743.66 2.486e-18 1.73e-19 1
7748.66 2.495e-18 4.19e-19 1
7753.66 2.71e-18 3.75e-19 1
7758.66 2.805e-18 2.94e-19 1
7763.66 2.743e-18 2.13e-19 1
7768.66 2.514e-18 1.89e-19 1
7773.66 2.148e-18 2.96e-19 1
7778.66 2.207e-18 2.63e-19 1
7783.66 2.569e-18 2.2e-19 1
7788.66 2.79e-18 2.23e-19 1
7793.66 2.434e-18 5.43e-19 1
7798.66 2.831e-18 2.11e-19 1
7803.66 2.625e-18 1.88e-19 1
7808.66 2.349e-18 3.8e-19 1
7813.66 2.909e-18 2.12e-19 1
7818.66 2.607e-18 2.89e-19 1
7823.66 2.432e-18 3.2e-19 1
7828.66 2.782e-18 2.07e-19 1
7833.66 2.66e-18 1.71e-19 1
7838.66 3.091e-18 2.28e-19 1
7843.66 2.877e-18 2.36e-19 1
7848.66 2.538e-18 2.85e-19 1
7853.66 3.481e-18 5.07e-19 1
7858.66 2.886e-18 3.54e-19 1
7863.66 2.507e-18 2.63e-19 1
7868.66 2.681e-18 4.13e-19 1
7873.66 2.419e-18 2.72e-19 1
7878.66 2.888e-18 3.06e-19 1
7883.66 2.184e-18 2.95e-19 1
7888.66 2.628e-18 3.3e-19 1
7893.66 2.517e-18 2.39e-19 1
7898.66 2.762e-18 1.77e-19 1
7903.66 2.64e-18 2.02e-19 1
7908.66 2.784e-18 2.11e-19 1
7913.66 2.387e-18 5.47e-19 1
7918.66 2.437e-18 3.81e-19 1
7923.66 2.918e-18 3.28e-19 1
7928.66 2.179e-18 2.46e-19 1
7933.66 2.53e-18 2.53e-19 1
7938.66 2.405e-18 1.91e-19 1
7943.66 2.84e-18 1.87e-19 1
7948.66 2.483e-18 2.92e-19 1
7953.66 2.47e-18 1.82e-19 1
7958.66 2.613e-18 1.88e-19 1
7963.66 1.631e-18 4.18e-19 1
7968.66 2.424e-18 2.55e-19 1
7973.66 2.605e-18 2.02e-19 1
7978.66 2.88e-18 4.1e-19 1
7983.66 2.66e-18 2.11e-19 1
7988.66 2.354e-18 2.19e-19 1
7993.66 3.161e-18 6.02e-19 1
7998.66 2.632e-18 2.23e-19 1
8003.66 2.716e-18 1.77e-19 1
8008.66 2.27e-18 1.79e-19 1
8013.66 1.791e-18 3.51e-19 1
8018.66 1.938e-18 2.2e-19 1
8023.66 2.095e-18 3.39e-19 1
8028.66 1.871e-18 2.88e-19 1
8033.66 2.341e-18 2.11e-19 1
8038.66 2.44e-18 1.68e-19 1
8043.66 2.462e-18 1.65e-19 1
8048.66 2.317e-18 2.31e-19 1
8053.66 2.501e-18 2.46e-19 1
8058.66 2.484e-18 2.11e-19 1
8063.66 2.043e-18 2.84e-19 1
8068.66 1.574e-18 1.81e-19 1
8073.66 2.238e-18 1.67e-19 1
8078.66 2.16e-18 1.72e-19 1
8083.66 2.276e-18 1.79e-19 1
8088.66 1.837e-18 1.93e-19 1
8093.66 2.314e-18 2.08e-19 1
8098.66 2.121e-18 1.99e-19 1
8103.66 2.091e-18 2.36e-19 1
8108.66 1.849e-18 1.94e-19 1
8113.66 2.21e-18 1.63e-19 1
8118.66 1.966e-18 1.57e-19 1
8123.66 2.17e-18 1.89e-19 1
8128.66 1.791e-18 1.64e-19 1
8133.66 2.198e-18 1.71e-19 1
8138.66 2.003e-18 1.94e-19 1
8143.66 1.655e-18 2.13e-19 1
8148.66 1.558e-18 1.92e-19 1
8153.66 1.729e-18 1.54e-19 1
8158.66 1.555e-18 1.52e-19 1
8163.66 1.5e-18 1.74e-19 1
8168.66 1.614e-18 1.51e-19 1
8173.66 1.726e-18 1.55e-19 1
8178.66 1.854e-18 1.81e-19 1
8183.66 1.541e-18 1.72e-19 1
8188.66 1.665e-18 1.75e-19 1
8193.66 1.368e-18 1.99e-19 1
8198.66 1.834e-18 2.03e-19 1
8203.66 1.974e-18 1.64e-19 1
8208.66 1.048e-18 1.6e-19 1
8213.66 1.19e-18 1.57e-19 1
8218.66 1.507e-18 1.82e-19 1
8223.66 1.014e-18 1.54e-19 1
8228.66 1.217e-18 1.48e-19 1
8233.66 1.298e-18 1.73e-19 1
8238.66 1.139e-18 1.56e-19 1
8243.66 1.199e-18 1.68e-19 1
8248.66 1.541e-18 1.73e-19 1
8253.66 1.057e-18 1.84e-19 1
8258.66 9.52e-19 1.55e-19 1
8263.66 9.7e-19 1.53e-19 1
8268.66 1.197e-18 1.59e-19 1
8273.66 1.111e-18 2.01e-19 1
8278.66 9.89e-19 3.64e-19 1
8283.66 7.73e-19 4.39e-19 1
8288.66 2.551e-18 5.91e-19 1
8293.66 8.43e-19 3.38e-19 1
8298.66 2.928e-18 5.51e-19 1
8303.66 1.498e-18 2.31e-19 1
8308.66 2.015e-18 3.32e-19 1
8313.66 1.853e-18 2.56e-19 1
8318.66 2.018e-18 1.9e-19 1
8323.66 1.689e-18 1.68e-19 1
8328.66 1.574e-18 1.87e-19 1
8333.66 1.695e-18 1.68e-19 1
8338.66 1.929e-18 2.23e-19 1
8343.66 -1.707e-18 7.86e-19 1
8348.66 -2.96e-19 4.91e-19 1
8353.66 -1.65e-19 4.56e-19 1
8358.66 1.402e-18 2.19e-19 1
8363.66 1.475e-18 3.77e-19 1
8368.66 1.994e-18 2.27e-19 1
8373.66 1.957e-18 1.74e-19 1
8378.66 1.885e-18 2.63e-19 1
8383.66 2.107e-18 4.51e-19 1
8388.66 1.921e-18 1.95e-19 1
8393.66 1.844e-18 2.11e-19 1
8398.66 4.14e-19 6.84e-19 1
8403.66 1.635e-18 2.53e-19 1
8408.66 1.818e-18 1.72e-19 1
8413.66 9.82e-19 3.88e-19 1
8418.66 1.917e-18 3.18e-19 1
8423.66 2.681e-18 2.04e-19 1
8428.66 3.853e-18 6.18e-19 1
8433.66 2.339e-18 2.95e-19 1
8438.66 2.116e-18 2.09e-19 1
8443.66 1.851e-18 1.73e-19 1
8448.66 1.353e-18 2.4e-19 1
8453.66 1.089e-18 3.4e-19 1
8458.66 1.63e-18 2.04e-19 1
8463.66 1.853e-18 4.66e-19 1
8468.66 2.393e-18 2.8e-19 1
8473.66 2.477e-18 2.29e-19 1
8478.66 2.045e-18 1.81e-19 1
8483.66 2.437e-18 1.73e-19 1
8488.66 2.217e-18 1.99e-19 1
8493.66 2.245e-18 4.18e-19 1
8498.66 2.162e-18 2.26e-19 1
8503.66 -8.9e-19 4.36e-19 1
8508.66 1.633e-18 2.24e-19 1
8513.66 2.07e-18 1.97e-19 1
8518.66 1.858e-18 1.75e-19 1
8523.66 1.842e-18 1.74e-19 1
8528.66 1.527e-18 1.9e-19 1
8533.66 2.09e-18 1.75e-19 1
8538.66 2.087e-18 2.66e-19 1
8543.66 2.431e-18 2.25e-19 1
8548.66 2.524e-18 4.05e-19 1
8553.66 1.476e-18 2.08e-19 1
8558.66 1.554e-18 1.66e-19 1
8563.66 1.954e-18 1.7e-19 1
8568.66 1.597e-18 1.94e-19 1
8573.66 1.882e-18 1.86e-19 1
8578.66 1.937e-18 1.82e-19 1
8583.66 1.86e-18 1.84e-19 1
8588.66 1.782e-18 2.69e-19 1
8593.66 1.966e-18 2.16e-19 1
8598.66 1.931e-18 2.4e-19 1
8603.66 1.736e-18 2.09e-19 1
8608.66 2.002e-18 1.9e-19 1
8613.66 2.128e-18 2.44e-19 1
8618.66 2.255e-18 3.32e-19 1
8623.66 2.559e-18 4.71e-19 1
8628.66 3.191e-18 4.49e-19 1
8633.66 3.357e-18 4.42e-19 1
8638.66 2.874e-18 3.57e-19 1
8643.66 2.489e-18 3.26e-19 1
8648.66 2.733e-18 3.68e-19 1
8653.66 3.393e-18 4.56e-19 1
8658.66 2.395e-18 5.31e-19 1
8663.66 2.99e-19 4.32e-19 1
8668.66 1.291e-18 4e-19 1
8673.66 1.94e-19 3.45e-19 1
8678.66 1.017e-18 3.57e-19 1
8683.66 7.25e-19 2.66e-19 1
8688.66 8.7e-19 2.31e-19 1
8693.66 1.503e-18 2.17e-19 1
8698.66 1.13e-18 2.55e-19 1
8703.66 1.816e-18 2.26e-19 1
8708.66 2.016e-18 2.27e-19 1
8713.66 1.414e-18 2.2e-19 1
8718.66 1.405e-18 1.87e-19 1
8723.66 1.439e-18 1.92e-19 1
8728.66 1.718e-18 1.98e-19 1
8733.66 1.23e-18 2.14e-19 1
8738.66 1.702e-18 2.06e-19 1
8743.66 2e-18 2.08e-19 1
8748.66 1.598e-18 2.02e-19 1
8753.66 2.137e-18 2.53e-19 1
8758.66 1.322e-18 5.05e-19 1
8763.66 -1.965e-18 6.84e-19 1
8768.66 -1.862e-18 8.15e-19 1
8773.66 4.316e-18 4.79e-19 1
8778.66 1.546e-18 7.27e-19 1
8783.66 1.529e-18 2.42e-19 1
8788.66 3.798e-18 4.32e-19 1
8793.66 4.217e-18 3.77e-19 1
8798.66 2.186e-18 2.06e-19 1
8803.66 2.371e-18 2.06e-19 1
8808.66 1.921e-18 2.74e-19 1
8813.66 1.893e-18 2.19e-19 1
8818.66 1.151e-18 1.94e-19 1
8823.66 -4.325e-18 6.11e-19 1
8828.66 -2.135e-17 1.063e-18 1
8833.66 -2.585e-18 5.79e-19 1
8838.66 1.412e-18 4.56e-19 1
8843.66 1.313e-18 2.69e-19 1
8848.66 3.308e-18 3.93e-19 1
8853.66 1.532e-18 2.75e-19 1
8858.66 1.829e-18 2.24e-19 1
8863.66 8.81e-19 3.92e-19 1
8868.66 -2.029e-18 5.19e-19 1
8873.66 1.095e-18 2.24e-19 1
8878.66 1.849e-18 2.18e-19 1
8883.66 1.496e-18 9.07e-19 1
8888.66 2.831e-18 5.9e-19 1
8893.66 1.371e-18 2.32e-19 1
8898.66 1.671e-18 3.4e-19 1
8903.66 -5.63e-19 5.94e-19 1
8908.66 1.211e-18 2.89e-19 1
8913.66 1.087e-18 2.74e-19 1
8918.66 7.19e-18 1.107e-18 1
8923.66 4.838e-18 4.85e-19 1
8928.66 1.748e-18 2.54e-19 1
8933.66 1.709e-18 2.34e-19 1
8938.66 1.06e-18 3.34e-19 1
