# converted by J. Guy, 2010-10-18
# from Matheson et al. 2008AJ....135.1598M
@Redshift 0.008933
@FORMAT STD
@Date 51026
@SELECTED_FOR_SNLS3_TRAINING 1
@SN sn1998dh
@SURVEY CFA_LOWZ_SPEC
@Source Matheson
#WAVE : wavelength, observer frame, in A
#FLUX : erg/s/cm2/A
#ERR  : statistical uncertainty on flux
#VALID : 1=ok 0=ignore
#end
3720 1.04947e-14 3.65083e-16 1
3721.5 1.07924e-14 3.65083e-16 1
3723 1.02553e-14 3.65083e-16 1
3724.5 1.02475e-14 3.65083e-16 1
3726 1.03267e-14 3.65083e-16 1
3727.5 9.93664e-15 3.65083e-16 1
3729 1.01855e-14 3.65083e-16 1
3730.5 1.01955e-14 3.65083e-16 1
3732 1.02257e-14 3.65083e-16 1
3733.5 9.67595e-15 3.65083e-16 1
3735 8.50307e-15 3.65083e-16 1
3736.5 7.9967e-15 3.65083e-16 1
3738 8.41107e-15 3.65083e-16 1
3739.5 9.006e-15 3.65083e-16 1
3741 8.98591e-15 3.65083e-16 1
3742.5 8.24894e-15 3.65083e-16 1
3744 8.06649e-15 3.65083e-16 1
3745.5 8.08321e-15 3.65083e-16 1
3747 8.35831e-15 3.65083e-16 1
3748.5 8.30842e-15 3.65083e-16 1
3750 8.31258e-15 3.65083e-16 1
3751.5 8.35311e-15 3.65083e-16 1
3753 8.3899e-15 3.65083e-16 1
3754.5 8.34638e-15 3.65083e-16 1
3756 8.35786e-15 3.65083e-16 1
3757.5 8.19711e-15 3.65083e-16 1
3759 8.1416e-15 3.65083e-16 1
3760.5 8.01509e-15 3.65083e-16 1
3762 7.61742e-15 3.65083e-16 1
3763.5 7.58928e-15 3.65083e-16 1
3765 8.0942e-15 3.65083e-16 1
3766.5 7.99439e-15 3.65083e-16 1
3768 7.48901e-15 3.65083e-16 1
3769.5 7.41898e-15 3.65083e-16 1
3771 7.95649e-15 3.65083e-16 1
3772.5 7.68887e-15 3.65083e-16 1
3774 8.1963e-15 3.65083e-16 1
3775.5 8.25991e-15 3.65083e-16 1
3777 8.10764e-15 3.65083e-16 1
3778.5 8.5552e-15 3.65083e-16 1
3780 8.82101e-15 3.65083e-16 1
3781.5 9.30421e-15 3.65083e-16 1
3783 8.77714e-15 3.65083e-16 1
3784.5 8.57741e-15 3.65083e-16 1
3786 9.12495e-15 3.65083e-16 1
3787.5 9.09737e-15 3.65083e-16 1
3789 8.79911e-15 3.65083e-16 1
3790.5 9.13196e-15 3.65083e-16 1
3792 9.26307e-15 3.65083e-16 1
3793.5 9.23467e-15 3.65083e-16 1
3795 9.37329e-15 3.65083e-16 1
3796.5 9.99746e-15 3.65083e-16 1
3798 9.36356e-15 3.65083e-16 1
3799.5 8.92268e-15 3.65083e-16 1
3801 9.47065e-15 3.65083e-16 1
3802.5 9.7466e-15 3.65083e-16 1
3804 1.00515e-14 3.65083e-16 1
3805.5 1.01322e-14 3.65083e-16 1
3807 1.01234e-14 3.65083e-16 1
3808.5 1.01766e-14 3.65083e-16 1
3810 1.02109e-14 3.65083e-16 1
3811.5 1.03141e-14 3.65083e-16 1
3813 1.12076e-14 3.65083e-16 1
3814.5 1.12308e-14 3.65083e-16 1
3816 1.08746e-14 3.65083e-16 1
3817.5 1.14432e-14 3.65083e-16 1
3819 1.17415e-14 3.65083e-16 1
3820.5 1.2029e-14 5.44667e-16 1
3822 1.22788e-14 5.44667e-16 1
3823.5 1.21215e-14 5.44667e-16 1
3825 1.17996e-14 5.44667e-16 1
3826.5 1.18852e-14 5.44667e-16 1
3828 1.27361e-14 5.44667e-16 1
3829.5 1.35523e-14 5.44667e-16 1
3831 1.39746e-14 5.44667e-16 1
3832.5 1.37291e-14 5.44667e-16 1
3834 1.40136e-14 5.44667e-16 1
3835.5 1.44113e-14 5.44667e-16 1
3837 1.39188e-14 5.44667e-16 1
3838.5 1.39865e-14 5.44667e-16 1
3840 1.47118e-14 5.44667e-16 1
3841.5 1.50293e-14 5.44667e-16 1
3843 1.56739e-14 5.44667e-16 1
3844.5 1.6641e-14 5.44667e-16 1
3846 1.69085e-14 5.44667e-16 1
3847.5 1.72388e-14 5.44667e-16 1
3849 1.66159e-14 5.44667e-16 1
3850.5 1.70712e-14 5.44667e-16 1
3852 1.87064e-14 5.44667e-16 1
3853.5 1.86509e-14 5.44667e-16 1
3855 1.85831e-14 5.44667e-16 1
3856.5 1.89439e-14 5.44667e-16 1
3858 1.93047e-14 5.44667e-16 1
3859.5 1.96656e-14 5.44667e-16 1
3861 2.00264e-14 5.44667e-16 1
3862.5 2.00264e-14 5.44667e-16 1
3864 2.1048e-14 5.44667e-16 1
3865.5 2.19557e-14 5.44667e-16 1
3867 2.23115e-14 5.44667e-16 1
3868.5 2.26826e-14 5.44667e-16 1
3870 2.35468e-14 5.44667e-16 1
3871.5 2.41727e-14 5.44667e-16 1
3873 2.41956e-14 5.44667e-16 1
3874.5 2.47141e-14 5.44667e-16 1
3876 2.53842e-14 5.44667e-16 1
3877.5 2.56017e-14 5.44667e-16 1
3879 2.59656e-14 5.44667e-16 1
3880.5 2.66419e-14 5.44667e-16 1
3882 2.78437e-14 5.44667e-16 1
3883.5 2.70845e-14 5.44667e-16 1
3885 2.71877e-14 5.44667e-16 1
3886.5 2.91299e-14 5.44667e-16 1
3888 3.02631e-14 5.44667e-16 1
3889.5 3.0342e-14 5.44667e-16 1
3891 3.00467e-14 5.44667e-16 1
3892.5 3.03174e-14 5.44667e-16 1
3894 3.09464e-14 5.44667e-16 1
3895.5 3.10998e-14 5.44667e-16 1
3897 3.06448e-14 5.44667e-16 1
3898.5 3.11028e-14 5.44667e-16 1
3900 3.17853e-14 5.44667e-16 1
3901.5 3.22183e-14 5.44667e-16 1
3903 3.26417e-14 5.44667e-16 1
3904.5 3.24181e-14 5.44667e-16 1
3906 3.20371e-14 5.44667e-16 1
3907.5 3.36211e-14 5.44667e-16 1
3909 3.47279e-14 5.44667e-16 1
3910.5 3.37045e-14 5.44667e-16 1
3912 3.27271e-14 5.44667e-16 1
3913.5 3.33678e-14 5.44667e-16 1
3915 3.38139e-14 5.44667e-16 1
3916.5 3.41388e-14 5.44667e-16 1
3918 3.48141e-14 5.44667e-16 1
3919.5 3.51671e-14 5.44667e-16 1
3921 3.47053e-14 1.00279e-15 1
3922.5 3.5769e-14 1.00279e-15 1
3924 3.57589e-14 1.00279e-15 1
3925.5 3.5041e-14 1.00279e-15 1
3927 3.50189e-14 1.00279e-15 1
3928.5 3.60953e-14 1.00279e-15 1
3930 3.49244e-14 1.00279e-15 1
3931.5 3.48666e-14 1.00279e-15 1
3933 3.45122e-14 1.00279e-15 1
3934.5 3.4559e-14 1.00279e-15 1
3936 3.52443e-14 1.00279e-15 1
3937.5 3.50295e-14 1.00279e-15 1
3939 3.7382e-14 1.00279e-15 1
3940.5 3.75824e-14 1.00279e-15 1
3942 3.83785e-14 1.00279e-15 1
3943.5 3.74056e-14 1.00279e-15 1
3945 3.64277e-14 1.00279e-15 1
3946.5 3.61843e-14 1.00279e-15 1
3948 3.6401e-14 1.00279e-15 1
3949.5 3.63656e-14 1.00279e-15 1
3951 3.61553e-14 1.00279e-15 1
3952.5 3.74247e-14 1.00279e-15 1
3954 3.76409e-14 1.00279e-15 1
3955.5 3.62715e-14 1.00279e-15 1
3957 3.58146e-14 1.00279e-15 1
3958.5 3.60374e-14 1.00279e-15 1
3960 3.62862e-14 1.00279e-15 1
3961.5 3.67285e-14 1.00279e-15 1
3963 3.60303e-14 1.00279e-15 1
3964.5 3.38874e-14 1.00279e-15 1
3966 3.24406e-14 1.00279e-15 1
3967.5 3.19665e-14 1.00279e-15 1
3969 3.16178e-14 1.00279e-15 1
3970.5 3.20277e-14 1.00279e-15 1
3972 3.29289e-14 1.00279e-15 1
3973.5 3.38691e-14 1.00279e-15 1
3975 3.35512e-14 1.00279e-15 1
3976.5 3.29974e-14 1.00279e-15 1
3978 3.27576e-14 1.00279e-15 1
3979.5 3.20702e-14 1.00279e-15 1
3981 3.14546e-14 1.00279e-15 1
3982.5 3.20988e-14 1.00279e-15 1
3984 3.27117e-14 1.00279e-15 1
3985.5 3.15838e-14 1.00279e-15 1
3987 3.05877e-14 1.00279e-15 1
3988.5 3.06096e-14 1.00279e-15 1
3990 3.02125e-14 1.00279e-15 1
3991.5 2.91968e-14 1.00279e-15 1
3993 2.91931e-14 1.00279e-15 1
3994.5 2.94299e-14 1.00279e-15 1
3996 2.88251e-14 1.00279e-15 1
3997.5 2.83953e-14 1.00279e-15 1
3999 2.77672e-14 1.00279e-15 1
4000.5 2.73606e-14 1.00279e-15 1
4002 2.73065e-14 1.00279e-15 1
4003.5 2.67656e-14 1.00279e-15 1
4005 2.68573e-14 1.00279e-15 1
4006.5 2.6854e-14 1.00279e-15 1
4008 2.73499e-14 1.00279e-15 1
4009.5 2.79853e-14 1.00279e-15 1
4011 2.83013e-14 1.00279e-15 1
4012.5 2.64619e-14 1.00279e-15 1
4014 2.65061e-14 1.00279e-15 1
4015.5 2.75279e-14 1.00279e-15 1
4017 2.70429e-14 1.00279e-15 1
4018.5 2.69973e-14 1.00279e-15 1
4020 2.72523e-14 4.63091e-16 1
4021.5 2.7468e-14 4.63091e-16 1
4023 2.66598e-14 4.63091e-16 1
4024.5 2.63327e-14 4.63091e-16 1
4026 2.72329e-14 4.63091e-16 1
4027.5 2.77503e-14 4.63091e-16 1
4029 2.75524e-14 4.63091e-16 1
4030.5 2.75345e-14 4.63091e-16 1
4032 2.78012e-14 4.63091e-16 1
4033.5 2.80258e-14 4.63091e-16 1
4035 2.81378e-14 4.63091e-16 1
4036.5 2.78329e-14 4.63091e-16 1
4038 2.71536e-14 4.63091e-16 1
4039.5 2.72606e-14 4.63091e-16 1
4041 2.81885e-14 4.63091e-16 1
4042.5 2.83558e-14 4.63091e-16 1
4044 2.83659e-14 4.63091e-16 1
4045.5 2.86113e-14 4.63091e-16 1
4047 2.86909e-14 4.63091e-16 1
4048.5 2.85863e-14 4.63091e-16 1
4050 2.91397e-14 4.63091e-16 1
4051.5 2.96953e-14 4.63091e-16 1
4053 3.00392e-14 4.63091e-16 1
4054.5 3.0286e-14 4.63091e-16 1
4056 3.02385e-14 4.63091e-16 1
4057.5 3.0638e-14 4.63091e-16 1
4059 3.08721e-14 4.63091e-16 1
4060.5 3.05508e-14 4.63091e-16 1
4062 3.06302e-14 4.63091e-16 1
4063.5 3.11721e-14 4.63091e-16 1
4065 3.14744e-14 4.63091e-16 1
4066.5 3.19073e-14 4.63091e-16 1
4068 3.12168e-14 4.63091e-16 1
4069.5 3.18237e-14 4.63091e-16 1
4071 3.25105e-14 4.63091e-16 1
4072.5 3.25299e-14 4.63091e-16 1
4074 3.27975e-14 4.63091e-16 1
4075.5 3.31915e-14 4.63091e-16 1
4077 3.39799e-14 4.63091e-16 1
4078.5 3.39477e-14 4.63091e-16 1
4080 3.29472e-14 4.63091e-16 1
4081.5 3.32245e-14 4.63091e-16 1
4083 3.35693e-14 4.63091e-16 1
4084.5 3.40655e-14 4.63091e-16 1
4086 3.34462e-14 4.63091e-16 1
4087.5 3.41251e-14 4.63091e-16 1
4089 3.45421e-14 4.63091e-16 1
4090.5 3.47883e-14 4.63091e-16 1
4092 3.43875e-14 4.63091e-16 1
4093.5 3.4928e-14 4.63091e-16 1
4095 3.51802e-14 4.63091e-16 1
4096.5 3.5083e-14 4.63091e-16 1
4098 3.51068e-14 4.63091e-16 1
4099.5 3.52508e-14 4.63091e-16 1
4101 3.52388e-14 4.63091e-16 1
4102.5 3.51966e-14 4.63091e-16 1
4104 3.5021e-14 4.63091e-16 1
4105.5 3.47669e-14 4.63091e-16 1
4107 3.56145e-14 4.63091e-16 1
4108.5 3.6153e-14 4.63091e-16 1
4110 3.61882e-14 4.63091e-16 1
4111.5 3.64329e-14 4.63091e-16 1
4113 3.66252e-14 4.63091e-16 1
4114.5 3.63168e-14 4.63091e-16 1
4116 3.5842e-14 4.63091e-16 1
4117.5 3.6086e-14 4.63091e-16 1
4119 3.628e-14 4.63091e-16 1
4120.5 3.57527e-14 4.03366e-16 1
4122 3.61209e-14 4.03366e-16 1
4123.5 3.66802e-14 4.03366e-16 1
4125 3.68324e-14 4.03366e-16 1
4126.5 3.62844e-14 4.03366e-16 1
4128 3.59549e-14 4.03366e-16 1
4129.5 3.5852e-14 4.03366e-16 1
4131 3.59374e-14 4.03366e-16 1
4132.5 3.62026e-14 4.03366e-16 1
4134 3.58062e-14 4.03366e-16 1
4135.5 3.55482e-14 4.03366e-16 1
4137 3.59532e-14 4.03366e-16 1
4138.5 3.59937e-14 4.03366e-16 1
4140 3.49747e-14 4.03366e-16 1
4141.5 3.4674e-14 4.03366e-16 1
4143 3.45684e-14 4.03366e-16 1
4144.5 3.48505e-14 4.03366e-16 1
4146 3.46702e-14 4.03366e-16 1
4147.5 3.38875e-14 4.03366e-16 1
4149 3.43444e-14 4.03366e-16 1
4150.5 3.40725e-14 4.03366e-16 1
4152 3.39952e-14 4.03366e-16 1
4153.5 3.39301e-14 4.03366e-16 1
4155 3.33091e-14 4.03366e-16 1
4156.5 3.30864e-14 4.03366e-16 1
4158 3.2911e-14 4.03366e-16 1
4159.5 3.23996e-14 4.03366e-16 1
4161 3.29802e-14 4.03366e-16 1
4162.5 3.33705e-14 4.03366e-16 1
4164 3.26231e-14 4.03366e-16 1
4165.5 3.24192e-14 4.03366e-16 1
4167 3.23202e-14 4.03366e-16 1
4168.5 3.24509e-14 4.03366e-16 1
4170 3.30114e-14 4.03366e-16 1
4171.5 3.24315e-14 4.03366e-16 1
4173 3.26412e-14 4.03366e-16 1
4174.5 3.19499e-14 4.03366e-16 1
4176 3.19923e-14 4.03366e-16 1
4177.5 3.19435e-14 4.03366e-16 1
4179 3.18389e-14 4.03366e-16 1
4180.5 3.14453e-14 4.03366e-16 1
4182 3.18168e-14 4.03366e-16 1
4183.5 3.1521e-14 4.03366e-16 1
4185 3.13204e-14 4.03366e-16 1
4186.5 3.14323e-14 4.03366e-16 1
4188 3.12399e-14 4.03366e-16 1
4189.5 3.11147e-14 4.03366e-16 1
4191 3.09674e-14 4.03366e-16 1
4192.5 3.08247e-14 4.03366e-16 1
4194 3.07431e-14 4.03366e-16 1
4195.5 3.036e-14 4.03366e-16 1
4197 2.99362e-14 4.03366e-16 1
4198.5 3.02508e-14 4.03366e-16 1
4200 3.06375e-14 4.03366e-16 1
4201.5 3.04827e-14 4.03366e-16 1
4203 3.01687e-14 4.03366e-16 1
4204.5 2.99004e-14 4.03366e-16 1
4206 3.03076e-14 4.03366e-16 1
4207.5 3.04809e-14 4.03366e-16 1
4209 2.99995e-14 4.03366e-16 1
4210.5 2.99385e-14 4.03366e-16 1
4212 2.96495e-14 4.03366e-16 1
4213.5 2.93169e-14 4.03366e-16 1
4215 2.90854e-14 4.03366e-16 1
4216.5 2.86275e-14 4.03366e-16 1
4218 2.89119e-14 4.03366e-16 1
4219.5 2.86985e-14 4.03366e-16 1
4221 2.82753e-14 5.14603e-16 1
4222.5 2.84909e-14 5.14603e-16 1
4224 2.77831e-14 5.14603e-16 1
4225.5 2.78395e-14 5.14603e-16 1
4227 2.80566e-14 5.14603e-16 1
4228.5 2.72837e-14 5.14603e-16 1
4230 2.75594e-14 5.14603e-16 1
4231.5 2.72221e-14 5.14603e-16 1
4233 2.71174e-14 5.14603e-16 1
4234.5 2.71873e-14 5.14603e-16 1
4236 2.63519e-14 5.14603e-16 1
4237.5 2.57023e-14 5.14603e-16 1
4239 2.6132e-14 5.14603e-16 1
4240.5 2.59312e-14 5.14603e-16 1
4242 2.58046e-14 5.14603e-16 1
4243.5 2.57213e-14 5.14603e-16 1
4245 2.51033e-14 5.14603e-16 1
4246.5 2.53016e-14 5.14603e-16 1
4248 2.56511e-14 5.14603e-16 1
4249.5 2.58144e-14 5.14603e-16 1
4251 2.52242e-14 5.14603e-16 1
4252.5 2.49018e-14 5.14603e-16 1
4254 2.47528e-14 5.14603e-16 1
4255.5 2.43396e-14 5.14603e-16 1
4257 2.43575e-14 5.14603e-16 1
4258.5 2.44049e-14 5.14603e-16 1
4260 2.46146e-14 5.14603e-16 1
4261.5 2.43931e-14 5.14603e-16 1
4263 2.45138e-14 5.14603e-16 1
4264.5 2.48032e-14 5.14603e-16 1
4266 2.45703e-14 5.14603e-16 1
4267.5 2.38734e-14 5.14603e-16 1
4269 2.36292e-14 5.14603e-16 1
4270.5 2.35444e-14 5.14603e-16 1
4272 2.31399e-14 5.14603e-16 1
4273.5 2.27976e-14 5.14603e-16 1
4275 2.29355e-14 5.14603e-16 1
4276.5 2.30191e-14 5.14603e-16 1
4278 2.27936e-14 5.14603e-16 1
4279.5 2.22137e-14 5.14603e-16 1
4281 2.19191e-14 5.14603e-16 1
4282.5 2.19222e-14 5.14603e-16 1
4284 2.18688e-14 5.14603e-16 1
4285.5 2.19546e-14 5.14603e-16 1
4287 2.11886e-14 5.14603e-16 1
4288.5 2.09511e-14 5.14603e-16 1
4290 2.06745e-14 5.14603e-16 1
4291.5 2.06912e-14 5.14603e-16 1
4293 2.07178e-14 5.14603e-16 1
4294.5 2.03532e-14 5.14603e-16 1
4296 2.0031e-14 5.14603e-16 1
4297.5 2.01294e-14 5.14603e-16 1
4299 1.98766e-14 5.14603e-16 1
4300.5 1.93362e-14 5.14603e-16 1
4302 1.90004e-14 5.14603e-16 1
4303.5 1.90219e-14 5.14603e-16 1
4305 1.89046e-14 5.14603e-16 1
4306.5 1.83826e-14 5.14603e-16 1
4308 1.81472e-14 5.14603e-16 1
4309.5 1.757e-14 5.14603e-16 1
4311 1.75582e-14 5.14603e-16 1
4312.5 1.72681e-14 5.14603e-16 1
4314 1.76743e-14 5.14603e-16 1
4315.5 1.77974e-14 5.14603e-16 1
4317 1.72893e-14 5.14603e-16 1
4318.5 1.72867e-14 5.14603e-16 1
4320 1.69946e-14 3.47112e-16 1
4321.5 1.73332e-14 3.47112e-16 1
4323 1.7194e-14 3.47112e-16 1
4324.5 1.67943e-14 3.47112e-16 1
4326 1.70156e-14 3.47112e-16 1
4327.5 1.69677e-14 3.47112e-16 1
4329 1.68367e-14 3.47112e-16 1
4330.5 1.67044e-14 3.47112e-16 1
4332 1.67148e-14 3.47112e-16 1
4333.5 1.69335e-14 3.47112e-16 1
4335 1.69087e-14 3.47112e-16 1
4336.5 1.71135e-14 3.47112e-16 1
4338 1.68948e-14 3.47112e-16 1
4339.5 1.67921e-14 3.47112e-16 1
4341 1.70894e-14 3.47112e-16 1
4342.5 1.74612e-14 3.47112e-16 1
4344 1.74858e-14 3.47112e-16 1
4345.5 1.71888e-14 3.47112e-16 1
4347 1.74022e-14 3.47112e-16 1
4348.5 1.792e-14 3.47112e-16 1
4350 1.80032e-14 3.47112e-16 1
4351.5 1.78982e-14 3.47112e-16 1
4353 1.81475e-14 3.47112e-16 1
4354.5 1.8593e-14 3.47112e-16 1
4356 1.89454e-14 3.47112e-16 1
4357.5 1.86524e-14 3.47112e-16 1
4359 1.87431e-14 3.47112e-16 1
4360.5 1.89283e-14 3.47112e-16 1
4362 1.85167e-14 3.47112e-16 1
4363.5 1.87737e-14 3.47112e-16 1
4365 1.91225e-14 3.47112e-16 1
4366.5 1.90429e-14 3.47112e-16 1
4368 1.92474e-14 3.47112e-16 1
4369.5 1.97223e-14 3.47112e-16 1
4371 1.99222e-14 3.47112e-16 1
4372.5 1.99229e-14 3.47112e-16 1
4374 1.94991e-14 3.47112e-16 1
4375.5 1.9587e-14 3.47112e-16 1
4377 1.98768e-14 3.47112e-16 1
4378.5 1.97912e-14 3.47112e-16 1
4380 1.98624e-14 3.47112e-16 1
4381.5 1.99908e-14 3.47112e-16 1
4383 2.04608e-14 3.47112e-16 1
4384.5 2.0342e-14 3.47112e-16 1
4386 2.0116e-14 3.47112e-16 1
4387.5 2.01706e-14 3.47112e-16 1
4389 2.05762e-14 3.47112e-16 1
4390.5 2.05957e-14 3.47112e-16 1
4392 2.03356e-14 3.47112e-16 1
4393.5 2.04357e-14 3.47112e-16 1
4395 2.05524e-14 3.47112e-16 1
4396.5 2.08243e-14 3.47112e-16 1
4398 2.10354e-14 3.47112e-16 1
4399.5 2.07635e-14 3.47112e-16 1
4401 2.10361e-14 3.47112e-16 1
4402.5 2.12776e-14 3.47112e-16 1
4404 2.11587e-14 3.47112e-16 1
4405.5 2.12565e-14 3.47112e-16 1
4407 2.1121e-14 3.47112e-16 1
4408.5 2.10032e-14 3.47112e-16 1
4410 2.12777e-14 3.47112e-16 1
4411.5 2.16235e-14 3.47112e-16 1
4413 2.15509e-14 3.47112e-16 1
4414.5 2.1406e-14 3.47112e-16 1
4416 2.158e-14 3.47112e-16 1
4417.5 2.16271e-14 3.47112e-16 1
4419 2.15676e-14 3.47112e-16 1
4420.5 2.15917e-14 2.53583e-16 1
4422 2.14168e-14 2.53583e-16 1
4423.5 2.15404e-14 2.53583e-16 1
4425 2.17344e-14 2.53583e-16 1
4426.5 2.1541e-14 2.53583e-16 1
4428 2.14909e-14 2.53583e-16 1
4429.5 2.15739e-14 2.53583e-16 1
4431 2.16016e-14 2.53583e-16 1
4432.5 2.16023e-14 2.53583e-16 1
4434 2.14031e-14 2.53583e-16 1
4435.5 2.15455e-14 2.53583e-16 1
4437 2.16269e-14 2.53583e-16 1
4438.5 2.15299e-14 2.53583e-16 1
4440 2.14298e-14 2.53583e-16 1
4441.5 2.0859e-14 2.53583e-16 1
4443 2.11657e-14 2.53583e-16 1
4444.5 2.12365e-14 2.53583e-16 1
4446 2.10027e-14 2.53583e-16 1
4447.5 2.12355e-14 2.53583e-16 1
4449 2.13128e-14 2.53583e-16 1
4450.5 2.14935e-14 2.53583e-16 1
4452 2.12081e-14 2.53583e-16 1
4453.5 2.10354e-14 2.53583e-16 1
4455 2.08578e-14 2.53583e-16 1
4456.5 2.07241e-14 2.53583e-16 1
4458 2.08043e-14 2.53583e-16 1
4459.5 2.09571e-14 2.53583e-16 1
4461 2.09693e-14 2.53583e-16 1
4462.5 2.1113e-14 2.53583e-16 1
4464 2.07215e-14 2.53583e-16 1
4465.5 2.09122e-14 2.53583e-16 1
4467 2.14681e-14 2.53583e-16 1
4468.5 2.13106e-14 2.53583e-16 1
4470 2.12146e-14 2.53583e-16 1
4471.5 2.15659e-14 2.53583e-16 1
4473 2.19911e-14 2.53583e-16 1
4474.5 2.22474e-14 2.53583e-16 1
4476 2.23166e-14 2.53583e-16 1
4477.5 2.18081e-14 2.53583e-16 1
4479 2.1877e-14 2.53583e-16 1
4480.5 2.2179e-14 2.53583e-16 1
4482 2.26545e-14 2.53583e-16 1
4483.5 2.28333e-14 2.53583e-16 1
4485 2.29744e-14 2.53583e-16 1
4486.5 2.33636e-14 2.53583e-16 1
4488 2.36965e-14 2.53583e-16 1
4489.5 2.41045e-14 2.53583e-16 1
4491 2.42829e-14 2.53583e-16 1
4492.5 2.42304e-14 2.53583e-16 1
4494 2.42901e-14 2.53583e-16 1
4495.5 2.45967e-14 2.53583e-16 1
4497 2.45679e-14 2.53583e-16 1
4498.5 2.49217e-14 2.53583e-16 1
4500 2.54183e-14 2.53583e-16 1
4501.5 2.55662e-14 2.53583e-16 1
4503 2.57926e-14 2.53583e-16 1
4504.5 2.55405e-14 2.53583e-16 1
4506 2.61308e-14 2.53583e-16 1
4507.5 2.6547e-14 2.53583e-16 1
4509 2.57849e-14 2.53583e-16 1
4510.5 2.61446e-14 2.53583e-16 1
4512 2.64934e-14 2.53583e-16 1
4513.5 2.68856e-14 2.53583e-16 1
4515 2.69254e-14 2.53583e-16 1
4516.5 2.72716e-14 2.53583e-16 1
4518 2.69384e-14 2.53583e-16 1
4519.5 2.70079e-14 2.53583e-16 1
4521 2.73772e-14 4.9189e-16 1
4522.5 2.77734e-14 4.9189e-16 1
4524 2.76344e-14 4.9189e-16 1
4525.5 2.76102e-14 4.9189e-16 1
4527 2.75836e-14 4.9189e-16 1
4528.5 2.7233e-14 4.9189e-16 1
4530 2.72019e-14 4.9189e-16 1
4531.5 2.79227e-14 4.9189e-16 1
4533 2.79728e-14 4.9189e-16 1
4534.5 2.79195e-14 4.9189e-16 1
4536 2.82003e-14 4.9189e-16 1
4537.5 2.82403e-14 4.9189e-16 1
4539 2.80911e-14 4.9189e-16 1
4540.5 2.84311e-14 4.9189e-16 1
4542 2.85037e-14 4.9189e-16 1
4543.5 2.86084e-14 4.9189e-16 1
4545 2.85876e-14 4.9189e-16 1
4546.5 2.87425e-14 4.9189e-16 1
4548 2.89031e-14 4.9189e-16 1
4549.5 2.88899e-14 4.9189e-16 1
4551 2.88835e-14 4.9189e-16 1
4552.5 2.91709e-14 4.9189e-16 1
4554 2.88873e-14 4.9189e-16 1
4555.5 2.8777e-14 4.9189e-16 1
4557 2.88031e-14 4.9189e-16 1
4558.5 2.84708e-14 4.9189e-16 1
4560 2.82611e-14 4.9189e-16 1
4561.5 2.81806e-14 4.9189e-16 1
4563 2.81908e-14 4.9189e-16 1
4564.5 2.84343e-14 4.9189e-16 1
4566 2.80535e-14 4.9189e-16 1
4567.5 2.79335e-14 4.9189e-16 1
4569 2.80135e-14 4.9189e-16 1
4570.5 2.77546e-14 4.9189e-16 1
4572 2.74761e-14 4.9189e-16 1
4573.5 2.6941e-14 4.9189e-16 1
4575 2.72402e-14 4.9189e-16 1
4576.5 2.75741e-14 4.9189e-16 1
4578 2.73715e-14 4.9189e-16 1
4579.5 2.74499e-14 4.9189e-16 1
4581 2.72526e-14 4.9189e-16 1
4582.5 2.69953e-14 4.9189e-16 1
4584 2.68737e-14 4.9189e-16 1
4585.5 2.70024e-14 4.9189e-16 1
4587 2.76501e-14 4.9189e-16 1
4588.5 2.74523e-14 4.9189e-16 1
4590 2.69904e-14 4.9189e-16 1
4591.5 2.74087e-14 4.9189e-16 1
4593 2.69992e-14 4.9189e-16 1
4594.5 2.69136e-14 4.9189e-16 1
4596 2.71248e-14 4.9189e-16 1
4597.5 2.75424e-14 4.9189e-16 1
4599 2.76905e-14 4.9189e-16 1
4600.5 2.6991e-14 4.9189e-16 1
4602 2.72151e-14 4.9189e-16 1
4603.5 2.72248e-14 4.9189e-16 1
4605 2.74674e-14 4.9189e-16 1
4606.5 2.74675e-14 4.9189e-16 1
4608 2.72752e-14 4.9189e-16 1
4609.5 2.71751e-14 4.9189e-16 1
4611 2.72998e-14 4.9189e-16 1
4612.5 2.7204e-14 4.9189e-16 1
4614 2.7334e-14 4.9189e-16 1
4615.5 2.74577e-14 4.9189e-16 1
4617 2.70896e-14 4.9189e-16 1
4618.5 2.69676e-14 4.9189e-16 1
4620 2.70433e-14 3.89736e-16 1
4621.5 2.69134e-14 3.89736e-16 1
4623 2.68264e-14 3.89736e-16 1
4624.5 2.69673e-14 3.89736e-16 1
4626 2.69039e-14 3.89736e-16 1
4627.5 2.6823e-14 3.89736e-16 1
4629 2.67331e-14 3.89736e-16 1
4630.5 2.66026e-14 3.89736e-16 1
4632 2.65924e-14 3.89736e-16 1
4633.5 2.66155e-14 3.89736e-16 1
4635 2.65921e-14 3.89736e-16 1
4636.5 2.63131e-14 3.89736e-16 1
4638 2.63144e-14 3.89736e-16 1
4639.5 2.62564e-14 3.89736e-16 1
4641 2.59949e-14 3.89736e-16 1
4642.5 2.56009e-14 3.89736e-16 1
4644 2.54406e-14 3.89736e-16 1
4645.5 2.55174e-14 3.89736e-16 1
4647 2.5631e-14 3.89736e-16 1
4648.5 2.53798e-14 3.89736e-16 1
4650 2.51626e-14 3.89736e-16 1
4651.5 2.5043e-14 3.89736e-16 1
4653 2.45723e-14 3.89736e-16 1
4654.5 2.43182e-14 3.89736e-16 1
4656 2.43128e-14 3.89736e-16 1
4657.5 2.44989e-14 3.89736e-16 1
4659 2.4067e-14 3.89736e-16 1
4660.5 2.34957e-14 3.89736e-16 1
4662 2.34375e-14 3.89736e-16 1
4663.5 2.33426e-14 3.89736e-16 1
4665 2.27969e-14 3.89736e-16 1
4666.5 2.27274e-14 3.89736e-16 1
4668 2.2061e-14 3.89736e-16 1
4669.5 2.24963e-14 3.89736e-16 1
4671 2.23625e-14 3.89736e-16 1
4672.5 2.20683e-14 3.89736e-16 1
4674 2.19109e-14 3.89736e-16 1
4675.5 2.14511e-14 3.89736e-16 1
4677 2.16221e-14 3.89736e-16 1
4678.5 2.13116e-14 3.89736e-16 1
4680 2.11343e-14 3.89736e-16 1
4681.5 2.10011e-14 3.89736e-16 1
4683 2.07253e-14 3.89736e-16 1
4684.5 2.02987e-14 3.89736e-16 1
4686 2.02264e-14 3.89736e-16 1
4687.5 2.05672e-14 3.89736e-16 1
4689 2.06582e-14 3.89736e-16 1
4690.5 2.0528e-14 3.89736e-16 1
4692 2.04279e-14 3.89736e-16 1
4693.5 2.05441e-14 3.89736e-16 1
4695 2.02876e-14 3.89736e-16 1
4696.5 2.01092e-14 3.89736e-16 1
4698 2.00199e-14 3.89736e-16 1
4699.5 1.99608e-14 3.89736e-16 1
4701 2.01898e-14 3.89736e-16 1
4702.5 2.01856e-14 3.89736e-16 1
4704 1.98523e-14 3.89736e-16 1
4705.5 1.97925e-14 3.89736e-16 1
4707 1.98041e-14 3.89736e-16 1
4708.5 1.96768e-14 3.89736e-16 1
4710 1.97281e-14 3.89736e-16 1
4711.5 1.94184e-14 3.89736e-16 1
4713 1.95627e-14 3.89736e-16 1
4714.5 2.00048e-14 3.89736e-16 1
4716 1.9747e-14 3.89736e-16 1
4717.5 1.91094e-14 3.89736e-16 1
4719 1.9243e-14 3.89736e-16 1
4720.5 1.96994e-14 2.79363e-16 1
4722 1.95635e-14 2.79363e-16 1
4723.5 1.94082e-14 2.79363e-16 1
4725 1.96557e-14 2.79363e-16 1
4726.5 1.97299e-14 2.79363e-16 1
4728 1.90346e-14 2.79363e-16 1
4729.5 1.90688e-14 2.79363e-16 1
4731 1.91566e-14 2.79363e-16 1
4732.5 1.93397e-14 2.79363e-16 1
4734 1.96227e-14 2.79363e-16 1
4735.5 1.97075e-14 2.79363e-16 1
4737 1.91229e-14 2.79363e-16 1
4738.5 1.90706e-14 2.79363e-16 1
4740 1.90518e-14 2.79363e-16 1
4741.5 1.90361e-14 2.79363e-16 1
4743 1.92348e-14 2.79363e-16 1
4744.5 1.92568e-14 2.79363e-16 1
4746 1.87328e-14 2.79363e-16 1
4747.5 1.87798e-14 2.79363e-16 1
4749 1.87008e-14 2.79363e-16 1
4750.5 1.89123e-14 2.79363e-16 1
4752 1.86566e-14 2.79363e-16 1
4753.5 1.82144e-14 2.79363e-16 1
4755 1.80517e-14 2.79363e-16 1
4756.5 1.82077e-14 2.79363e-16 1
4758 1.82047e-14 2.79363e-16 1
4759.5 1.79438e-14 2.79363e-16 1
4761 1.78188e-14 2.79363e-16 1
4762.5 1.78003e-14 2.79363e-16 1
4764 1.78042e-14 2.79363e-16 1
4765.5 1.77026e-14 2.79363e-16 1
4767 1.76283e-14 2.79363e-16 1
4768.5 1.75107e-14 2.79363e-16 1
4770 1.73538e-14 2.79363e-16 1
4771.5 1.74711e-14 2.79363e-16 1
4773 1.7522e-14 2.79363e-16 1
4774.5 1.7608e-14 2.79363e-16 1
4776 1.76953e-14 2.79363e-16 1
4777.5 1.74567e-14 2.79363e-16 1
4779 1.74892e-14 2.79363e-16 1
4780.5 1.76149e-14 2.79363e-16 1
4782 1.72623e-14 2.79363e-16 1
4783.5 1.69254e-14 2.79363e-16 1
4785 1.71255e-14 2.79363e-16 1
4786.5 1.71816e-14 2.79363e-16 1
4788 1.70315e-14 2.79363e-16 1
4789.5 1.722e-14 2.79363e-16 1
4791 1.7323e-14 2.79363e-16 1
4792.5 1.70986e-14 2.79363e-16 1
4794 1.71234e-14 2.79363e-16 1
4795.5 1.74264e-14 2.79363e-16 1
4797 1.78124e-14 2.79363e-16 1
4798.5 1.75684e-14 2.79363e-16 1
4800 1.77417e-14 2.79363e-16 1
4801.5 1.71714e-14 2.79363e-16 1
4803 1.73001e-14 2.79363e-16 1
4804.5 1.73166e-14 2.79363e-16 1
4806 1.71589e-14 2.79363e-16 1
4807.5 1.71896e-14 2.79363e-16 1
4809 1.74498e-14 2.79363e-16 1
4810.5 1.78292e-14 2.79363e-16 1
4812 1.75058e-14 2.79363e-16 1
4813.5 1.75248e-14 2.79363e-16 1
4815 1.71911e-14 2.79363e-16 1
4816.5 1.72647e-14 2.79363e-16 1
4818 1.74453e-14 2.79363e-16 1
4819.5 1.71738e-14 2.79363e-16 1
4821 1.73577e-14 2.81933e-16 1
4822.5 1.78068e-14 2.81933e-16 1
4824 1.75355e-14 2.81933e-16 1
4825.5 1.72089e-14 2.81933e-16 1
4827 1.70695e-14 2.81933e-16 1
4828.5 1.70836e-14 2.81933e-16 1
4830 1.66582e-14 2.81933e-16 1
4831.5 1.64209e-14 2.81933e-16 1
4833 1.67133e-14 2.81933e-16 1
4834.5 1.68649e-14 2.81933e-16 1
4836 1.66208e-14 2.81933e-16 1
4837.5 1.62293e-14 2.81933e-16 1
4839 1.60327e-14 2.81933e-16 1
4840.5 1.56529e-14 2.81933e-16 1
4842 1.53212e-14 2.81933e-16 1
4843.5 1.52037e-14 2.81933e-16 1
4845 1.50713e-14 2.81933e-16 1
4846.5 1.47194e-14 2.81933e-16 1
4848 1.45543e-14 2.81933e-16 1
4849.5 1.45418e-14 2.81933e-16 1
4851 1.432e-14 2.81933e-16 1
4852.5 1.4034e-14 2.81933e-16 1
4854 1.37711e-14 2.81933e-16 1
4855.5 1.39279e-14 2.81933e-16 1
4857 1.3992e-14 2.81933e-16 1
4858.5 1.36439e-14 2.81933e-16 1
4860 1.34077e-14 2.81933e-16 1
4861.5 1.33038e-14 2.81933e-16 1
4863 1.32591e-14 2.81933e-16 1
4864.5 1.3213e-14 2.81933e-16 1
4866 1.30445e-14 2.81933e-16 1
4867.5 1.31061e-14 2.81933e-16 1
4869 1.29914e-14 2.81933e-16 1
4870.5 1.28117e-14 2.81933e-16 1
4872 1.27029e-14 2.81933e-16 1
4873.5 1.25763e-14 2.81933e-16 1
4875 1.28546e-14 2.81933e-16 1
4876.5 1.26061e-14 2.81933e-16 1
4878 1.21372e-14 2.81933e-16 1
4879.5 1.23834e-14 2.81933e-16 1
4881 1.21059e-14 2.81933e-16 1
4882.5 1.20104e-14 2.81933e-16 1
4884 1.22928e-14 2.81933e-16 1
4885.5 1.20311e-14 2.81933e-16 1
4887 1.23341e-14 2.81933e-16 1
4888.5 1.22581e-14 2.81933e-16 1
4890 1.23173e-14 2.81933e-16 1
4891.5 1.24815e-14 2.81933e-16 1
4893 1.23811e-14 2.81933e-16 1
4894.5 1.2574e-14 2.81933e-16 1
4896 1.25387e-14 2.81933e-16 1
4897.5 1.25693e-14 2.81933e-16 1
4899 1.25228e-14 2.81933e-16 1
4900.5 1.27088e-14 2.81933e-16 1
4902 1.28677e-14 2.81933e-16 1
4903.5 1.28761e-14 2.81933e-16 1
4905 1.3329e-14 2.81933e-16 1
4906.5 1.33696e-14 2.81933e-16 1
4908 1.32247e-14 2.81933e-16 1
4909.5 1.3224e-14 2.81933e-16 1
4911 1.3504e-14 2.81933e-16 1
4912.5 1.35591e-14 2.81933e-16 1
4914 1.38121e-14 2.81933e-16 1
4915.5 1.39235e-14 2.81933e-16 1
4917 1.37185e-14 2.81933e-16 1
4918.5 1.38592e-14 2.81933e-16 1
4920 1.40043e-14 2.08052e-16 1
4921.5 1.40641e-14 2.08052e-16 1
4923 1.40786e-14 2.08052e-16 1
4924.5 1.40897e-14 2.08052e-16 1
4926 1.42186e-14 2.08052e-16 1
4927.5 1.44672e-14 2.08052e-16 1
4929 1.451e-14 2.08052e-16 1
4930.5 1.44328e-14 2.08052e-16 1
4932 1.4518e-14 2.08052e-16 1
4933.5 1.45961e-14 2.08052e-16 1
4935 1.46682e-14 2.08052e-16 1
4936.5 1.50241e-14 2.08052e-16 1
4938 1.49373e-14 2.08052e-16 1
4939.5 1.46043e-14 2.08052e-16 1
4941 1.46857e-14 2.08052e-16 1
4942.5 1.48714e-14 2.08052e-16 1
4944 1.43998e-14 2.08052e-16 1
4945.5 1.46628e-14 2.08052e-16 1
4947 1.47234e-14 2.08052e-16 1
4948.5 1.45354e-14 2.08052e-16 1
4950 1.43082e-14 2.08052e-16 1
4951.5 1.4426e-14 2.08052e-16 1
4953 1.45633e-14 2.08052e-16 1
4954.5 1.45874e-14 2.08052e-16 1
4956 1.47223e-14 2.08052e-16 1
4957.5 1.46261e-14 2.08052e-16 1
4959 1.47929e-14 2.08052e-16 1
4960.5 1.45729e-14 2.08052e-16 1
4962 1.44938e-14 2.08052e-16 1
4963.5 1.44544e-14 2.08052e-16 1
4965 1.49433e-14 2.08052e-16 1
4966.5 1.46322e-14 2.08052e-16 1
4968 1.44933e-14 2.08052e-16 1
4969.5 1.4256e-14 2.08052e-16 1
4971 1.44178e-14 2.08052e-16 1
4972.5 1.46155e-14 2.08052e-16 1
4974 1.44955e-14 2.08052e-16 1
4975.5 1.44429e-14 2.08052e-16 1
4977 1.45912e-14 2.08052e-16 1
4978.5 1.43602e-14 2.08052e-16 1
4980 1.44659e-14 2.08052e-16 1
4981.5 1.45181e-14 2.08052e-16 1
4983 1.4259e-14 2.08052e-16 1
4984.5 1.41436e-14 2.08052e-16 1
4986 1.43347e-14 2.08052e-16 1
4987.5 1.42373e-14 2.08052e-16 1
4989 1.41923e-14 2.08052e-16 1
4990.5 1.42816e-14 2.08052e-16 1
4992 1.43137e-14 2.08052e-16 1
4993.5 1.41578e-14 2.08052e-16 1
4995 1.40271e-14 2.08052e-16 1
4996.5 1.38993e-14 2.08052e-16 1
4998 1.3994e-14 2.08052e-16 1
4999.5 1.38818e-14 2.08052e-16 1
5001 1.38018e-14 2.08052e-16 1
5002.5 1.39987e-14 2.08052e-16 1
5004 1.41442e-14 2.08052e-16 1
5005.5 1.42156e-14 2.08052e-16 1
5007 1.42999e-14 2.08052e-16 1
5008.5 1.43995e-14 2.08052e-16 1
5010 1.44719e-14 2.08052e-16 1
5011.5 1.47185e-14 2.08052e-16 1
5013 1.47979e-14 2.08052e-16 1
5014.5 1.47157e-14 2.08052e-16 1
5016 1.47135e-14 2.08052e-16 1
5017.5 1.49744e-14 2.08052e-16 1
5019 1.49979e-14 2.08052e-16 1
5020.5 1.49379e-14 1.79988e-16 1
5022 1.49361e-14 1.79988e-16 1
5023.5 1.49541e-14 1.79988e-16 1
5025 1.50642e-14 1.79988e-16 1
5026.5 1.48445e-14 1.79988e-16 1
5028 1.50138e-14 1.79988e-16 1
5029.5 1.52148e-14 1.79988e-16 1
5031 1.52529e-14 1.79988e-16 1
5032.5 1.45921e-14 1.79988e-16 1
5034 1.45798e-14 1.79988e-16 1
5035.5 1.50348e-14 1.79988e-16 1
5037 1.51954e-14 1.79988e-16 1
5038.5 1.52149e-14 1.79988e-16 1
5040 1.53961e-14 1.79988e-16 1
5041.5 1.56443e-14 1.79988e-16 1
5043 1.51352e-14 1.79988e-16 1
5044.5 1.53436e-14 1.79988e-16 1
5046 1.55414e-14 1.79988e-16 1
5047.5 1.56172e-14 1.79988e-16 1
5049 1.56187e-14 1.79988e-16 1
5050.5 1.57666e-14 1.79988e-16 1
5052 1.59305e-14 1.79988e-16 1
5053.5 1.59471e-14 1.79988e-16 1
5055 1.58871e-14 1.79988e-16 1
5056.5 1.60706e-14 1.79988e-16 1
5058 1.62589e-14 1.79988e-16 1
5059.5 1.62432e-14 1.79988e-16 1
5061 1.61264e-14 1.79988e-16 1
5062.5 1.65664e-14 1.79988e-16 1
5064 1.67827e-14 1.79988e-16 1
5065.5 1.66067e-14 1.79988e-16 1
5067 1.659e-14 1.79988e-16 1
5068.5 1.64628e-14 1.79988e-16 1
5070 1.64672e-14 1.79988e-16 1
5071.5 1.6806e-14 1.79988e-16 1
5073 1.70487e-14 1.79988e-16 1
5074.5 1.70226e-14 1.79988e-16 1
5076 1.71575e-14 1.79988e-16 1
5077.5 1.72176e-14 1.79988e-16 1
5079 1.71504e-14 1.79988e-16 1
5080.5 1.73689e-14 1.79988e-16 1
5082 1.75726e-14 1.79988e-16 1
5083.5 1.7535e-14 1.79988e-16 1
5085 1.74874e-14 1.79988e-16 1
5086.5 1.75905e-14 1.79988e-16 1
5088 1.76782e-14 1.79988e-16 1
5089.5 1.78142e-14 1.79988e-16 1
5091 1.75341e-14 1.79988e-16 1
5092.5 1.75382e-14 1.79988e-16 1
5094 1.79934e-14 1.79988e-16 1
5095.5 1.78627e-14 1.79988e-16 1
5097 1.8067e-14 1.79988e-16 1
5098.5 1.85655e-14 1.79988e-16 1
5100 1.84656e-14 1.79988e-16 1
5101.5 1.82935e-14 1.79988e-16 1
5103 1.84822e-14 1.79988e-16 1
5104.5 1.85376e-14 1.79988e-16 1
5106 1.87673e-14 1.79988e-16 1
5107.5 1.89371e-14 1.79988e-16 1
5109 1.8785e-14 1.79988e-16 1
5110.5 1.89203e-14 1.79988e-16 1
5112 1.88699e-14 1.79988e-16 1
5113.5 1.91225e-14 1.79988e-16 1
5115 1.93314e-14 1.79988e-16 1
5116.5 1.92884e-14 1.79988e-16 1
5118 1.92481e-14 1.79988e-16 1
5119.5 1.951e-14 1.79988e-16 1
5121 1.95138e-14 2.21942e-16 1
5122.5 1.95989e-14 2.21942e-16 1
5124 1.95504e-14 2.21942e-16 1
5125.5 1.94554e-14 2.21942e-16 1
5127 1.9692e-14 2.21942e-16 1
5128.5 1.97386e-14 2.21942e-16 1
5130 1.96994e-14 2.21942e-16 1
5131.5 1.97443e-14 2.21942e-16 1
5133 1.98874e-14 2.21942e-16 1
5134.5 1.98848e-14 2.21942e-16 1
5136 1.987e-14 2.21942e-16 1
5137.5 1.97642e-14 2.21942e-16 1
5139 1.99459e-14 2.21942e-16 1
5140.5 1.98474e-14 2.21942e-16 1
5142 1.99061e-14 2.21942e-16 1
5143.5 2.01655e-14 2.21942e-16 1
5145 2.01836e-14 2.21942e-16 1
5146.5 2.01659e-14 2.21942e-16 1
5148 2.00243e-14 2.21942e-16 1
5149.5 1.99773e-14 2.21942e-16 1
5151 2.01135e-14 2.21942e-16 1
5152.5 2.00491e-14 2.21942e-16 1
5154 1.97269e-14 2.21942e-16 1
5155.5 1.96872e-14 2.21942e-16 1
5157 1.96354e-14 2.21942e-16 1
5158.5 1.96604e-14 2.21942e-16 1
5160 1.97315e-14 2.21942e-16 1
5161.5 1.96475e-14 2.21942e-16 1
5163 1.92809e-14 2.21942e-16 1
5164.5 1.93594e-14 2.21942e-16 1
5166 1.94965e-14 2.21942e-16 1
5167.5 1.9738e-14 2.21942e-16 1
5169 1.94793e-14 2.21942e-16 1
5170.5 1.92701e-14 2.21942e-16 1
5172 1.94485e-14 2.21942e-16 1
5173.5 1.9275e-14 2.21942e-16 1
5175 1.93098e-14 2.21942e-16 1
5176.5 1.91536e-14 2.21942e-16 1
5178 1.93716e-14 2.21942e-16 1
5179.5 1.93938e-14 2.21942e-16 1
5181 1.893e-14 2.21942e-16 1
5182.5 1.92192e-14 2.21942e-16 1
5184 1.96465e-14 2.21942e-16 1
5185.5 1.93266e-14 2.21942e-16 1
5187 1.94891e-14 2.21942e-16 1
5188.5 1.89429e-14 2.21942e-16 1
5190 1.89441e-14 2.21942e-16 1
5191.5 1.91307e-14 2.21942e-16 1
5193 1.91958e-14 2.21942e-16 1
5194.5 1.93625e-14 2.21942e-16 1
5196 1.93216e-14 2.21942e-16 1
5197.5 1.94155e-14 2.21942e-16 1
5199 1.91842e-14 2.21942e-16 1
5200.5 1.91568e-14 2.21942e-16 1
5202 1.92632e-14 2.21942e-16 1
5203.5 1.92844e-14 2.21942e-16 1
5205 1.94705e-14 2.21942e-16 1
5206.5 1.92685e-14 2.21942e-16 1
5208 1.93087e-14 2.21942e-16 1
5209.5 1.93814e-14 2.21942e-16 1
5211 1.92806e-14 2.21942e-16 1
5212.5 1.95855e-14 2.21942e-16 1
5214 2.00158e-14 2.21942e-16 1
5215.5 2.01277e-14 2.21942e-16 1
5217 2.00476e-14 2.21942e-16 1
5218.5 1.97113e-14 2.21942e-16 1
5220 1.93281e-14 3.31954e-16 1
5221.5 1.96261e-14 3.31954e-16 1
5223 2.00072e-14 3.31954e-16 1
5224.5 2.00212e-14 3.31954e-16 1
5226 1.9744e-14 3.31954e-16 1
5227.5 1.95884e-14 3.31954e-16 1
5229 1.9844e-14 3.31954e-16 1
5230.5 1.97224e-14 3.31954e-16 1
5232 1.96255e-14 3.31954e-16 1
5233.5 1.97319e-14 3.31954e-16 1
5235 2.00381e-14 3.31954e-16 1
5236.5 1.98616e-14 3.31954e-16 1
5238 1.94836e-14 3.31954e-16 1
5239.5 1.93839e-14 3.31954e-16 1
5241 1.91385e-14 3.31954e-16 1
5242.5 1.87059e-14 3.31954e-16 1
5244 1.86731e-14 3.31954e-16 1
5245.5 1.84465e-14 3.31954e-16 1
5247 1.82538e-14 3.31954e-16 1
5248.5 1.82606e-14 3.31954e-16 1
5250 1.83261e-14 3.31954e-16 1
5251.5 1.77278e-14 3.31954e-16 1
5253 1.77603e-14 3.31954e-16 1
5254.5 1.74805e-14 3.31954e-16 1
5256 1.73826e-14 3.31954e-16 1
5257.5 1.70081e-14 3.31954e-16 1
5259 1.66344e-14 3.31954e-16 1
5260.5 1.65849e-14 3.31954e-16 1
5262 1.61793e-14 3.31954e-16 1
5263.5 1.61825e-14 3.31954e-16 1
5265 1.58224e-14 3.31954e-16 1
5266.5 1.58217e-14 3.31954e-16 1
5268 1.56011e-14 3.31954e-16 1
5269.5 1.51771e-14 3.31954e-16 1
5271 1.50336e-14 3.31954e-16 1
5272.5 1.50158e-14 3.31954e-16 1
5274 1.47406e-14 3.31954e-16 1
5275.5 1.47739e-14 3.31954e-16 1
5277 1.48172e-14 3.31954e-16 1
5278.5 1.43481e-14 3.31954e-16 1
5280 1.41245e-14 3.31954e-16 1
5281.5 1.38152e-14 3.31954e-16 1
5283 1.37002e-14 3.31954e-16 1
5284.5 1.3793e-14 3.31954e-16 1
5286 1.38311e-14 3.31954e-16 1
5287.5 1.38159e-14 3.31954e-16 1
5289 1.33782e-14 3.31954e-16 1
5290.5 1.30438e-14 3.31954e-16 1
5292 1.30259e-14 3.31954e-16 1
5293.5 1.31909e-14 3.31954e-16 1
5295 1.3153e-14 3.31954e-16 1
5296.5 1.28794e-14 3.31954e-16 1
5298 1.2811e-14 3.31954e-16 1
5299.5 1.29051e-14 3.31954e-16 1
5301 1.29479e-14 3.31954e-16 1
5302.5 1.26747e-14 3.31954e-16 1
5304 1.24942e-14 3.31954e-16 1
5305.5 1.24841e-14 3.31954e-16 1
5307 1.24107e-14 3.31954e-16 1
5308.5 1.24692e-14 3.31954e-16 1
5310 1.25894e-14 3.31954e-16 1
5311.5 1.2472e-14 3.31954e-16 1
5313 1.25437e-14 3.31954e-16 1
5314.5 1.29025e-14 3.31954e-16 1
5316 1.25334e-14 3.31954e-16 1
5317.5 1.21903e-14 3.31954e-16 1
5319 1.2573e-14 3.31954e-16 1
5320.5 1.23445e-14 1.86944e-16 1
5322 1.21942e-14 1.86944e-16 1
5323.5 1.26229e-14 1.86944e-16 1
5325 1.26392e-14 1.86944e-16 1
5326.5 1.24727e-14 1.86944e-16 1
5328 1.26168e-14 1.86944e-16 1
5329.5 1.27572e-14 1.86944e-16 1
5331 1.25844e-14 1.86944e-16 1
5332.5 1.24678e-14 1.86944e-16 1
5334 1.27719e-14 1.86944e-16 1
5335.5 1.28693e-14 1.86944e-16 1
5337 1.28333e-14 1.86944e-16 1
5338.5 1.29295e-14 1.86944e-16 1
5340 1.27547e-14 1.86944e-16 1
5341.5 1.30588e-14 1.86944e-16 1
5343 1.30524e-14 1.86944e-16 1
5344.5 1.25625e-14 1.86944e-16 1
5346 1.25799e-14 1.86944e-16 1
5347.5 1.28091e-14 1.86944e-16 1
5349 1.31281e-14 1.86944e-16 1
5350.5 1.32247e-14 1.86944e-16 1
5352 1.32462e-14 1.86944e-16 1
5353.5 1.32525e-14 1.86944e-16 1
5355 1.3287e-14 1.86944e-16 1
5356.5 1.32159e-14 1.86944e-16 1
5358 1.31262e-14 1.86944e-16 1
5359.5 1.31897e-14 1.86944e-16 1
5361 1.33356e-14 1.86944e-16 1
5362.5 1.3426e-14 1.86944e-16 1
5364 1.34793e-14 1.86944e-16 1
5365.5 1.34853e-14 1.86944e-16 1
5367 1.34701e-14 1.86944e-16 1
5368.5 1.36883e-14 1.86944e-16 1
5370 1.374e-14 1.86944e-16 1
5371.5 1.3703e-14 1.86944e-16 1
5373 1.37684e-14 1.86944e-16 1
5374.5 1.38341e-14 1.86944e-16 1
5376 1.40076e-14 1.86944e-16 1
5377.5 1.42509e-14 1.86944e-16 1
5379 1.42012e-14 1.86944e-16 1
5380.5 1.40653e-14 1.86944e-16 1
5382 1.41968e-14 1.86944e-16 1
5383.5 1.43258e-14 1.86944e-16 1
5385 1.41465e-14 1.86944e-16 1
5386.5 1.43833e-14 1.86944e-16 1
5388 1.43148e-14 1.86944e-16 1
5389.5 1.41809e-14 1.86944e-16 1
5391 1.42256e-14 1.86944e-16 1
5392.5 1.41848e-14 1.86944e-16 1
5394 1.42991e-14 1.86944e-16 1
5395.5 1.45453e-14 1.86944e-16 1
5397 1.49132e-14 1.86944e-16 1
5398.5 1.4762e-14 1.86944e-16 1
5400 1.44847e-14 1.86944e-16 1
5401.5 1.44392e-14 1.86944e-16 1
5403 1.47213e-14 1.86944e-16 1
5404.5 1.47026e-14 1.86944e-16 1
5406 1.45756e-14 1.86944e-16 1
5407.5 1.48666e-14 1.86944e-16 1
5409 1.44381e-14 1.86944e-16 1
5410.5 1.41319e-14 1.86944e-16 1
5412 1.41133e-14 1.86944e-16 1
5413.5 1.42387e-14 1.86944e-16 1
5415 1.42965e-14 1.86944e-16 1
5416.5 1.4273e-14 1.86944e-16 1
5418 1.39807e-14 1.86944e-16 1
5419.5 1.39541e-14 1.86944e-16 1
5421 1.40158e-14 1.77621e-16 1
5422.5 1.40271e-14 1.77621e-16 1
5424 1.41305e-14 1.77621e-16 1
5425.5 1.38812e-14 1.77621e-16 1
5427 1.41125e-14 1.77621e-16 1
5428.5 1.42533e-14 1.77621e-16 1
5430 1.38319e-14 1.77621e-16 1
5431.5 1.36165e-14 1.77621e-16 1
5433 1.36516e-14 1.77621e-16 1
5434.5 1.37214e-14 1.77621e-16 1
5436 1.38404e-14 1.77621e-16 1
5437.5 1.34647e-14 1.77621e-16 1
5439 1.31644e-14 1.77621e-16 1
5440.5 1.31623e-14 1.77621e-16 1
5442 1.30801e-14 1.77621e-16 1
5443.5 1.30197e-14 1.77621e-16 1
5445 1.31605e-14 1.77621e-16 1
5446.5 1.31758e-14 1.77621e-16 1
5448 1.29189e-14 1.77621e-16 1
5449.5 1.26437e-14 1.77621e-16 1
5451 1.2644e-14 1.77621e-16 1
5452.5 1.26317e-14 1.77621e-16 1
5454 1.24238e-14 1.77621e-16 1
5455.5 1.23409e-14 1.77621e-16 1
5457 1.2296e-14 1.77621e-16 1
5458.5 1.21639e-14 1.77621e-16 1
5460 1.19165e-14 1.77621e-16 1
5461.5 1.2007e-14 1.77621e-16 1
5463 1.18722e-14 1.77621e-16 1
5464.5 1.20554e-14 1.77621e-16 1
5466 1.17866e-14 1.77621e-16 1
5467.5 1.16617e-14 1.77621e-16 1
5469 1.16018e-14 1.77621e-16 1
5470.5 1.13282e-14 1.77621e-16 1
5472 1.16638e-14 1.77621e-16 1
5473.5 1.15491e-14 1.77621e-16 1
5475 1.10862e-14 1.77621e-16 1
5476.5 1.10917e-14 1.77621e-16 1
5478 1.1092e-14 1.77621e-16 1
5479.5 1.11124e-14 1.77621e-16 1
5481 1.11167e-14 1.77621e-16 1
5482.5 1.09097e-14 1.77621e-16 1
5484 1.11215e-14 1.77621e-16 1
5485.5 1.11048e-14 1.77621e-16 1
5487 1.10918e-14 1.77621e-16 1
5488.5 1.10009e-14 1.77621e-16 1
5490 1.08485e-14 1.77621e-16 1
5491.5 1.08242e-14 1.77621e-16 1
5493 1.09369e-14 1.77621e-16 1
5494.5 1.08606e-14 1.77621e-16 1
5496 1.10241e-14 1.77621e-16 1
5497.5 1.11243e-14 1.77621e-16 1
5499 1.11346e-14 1.77621e-16 1
5500.5 1.11957e-14 1.77621e-16 1
5502 1.1144e-14 1.77621e-16 1
5503.5 1.12932e-14 1.77621e-16 1
5505 1.12849e-14 1.77621e-16 1
5506.5 1.11899e-14 1.77621e-16 1
5508 1.12823e-14 1.77621e-16 1
5509.5 1.16991e-14 1.77621e-16 1
5511 1.19749e-14 1.77621e-16 1
5512.5 1.19064e-14 1.77621e-16 1
5514 1.1936e-14 1.77621e-16 1
5515.5 1.20061e-14 1.77621e-16 1
5517 1.21294e-14 1.77621e-16 1
5518.5 1.19936e-14 1.77621e-16 1
5520 1.23787e-14 2.87223e-16 1
5521.5 1.2763e-14 2.87223e-16 1
5523 1.2883e-14 2.87223e-16 1
5524.5 1.28581e-14 2.87223e-16 1
5526 1.29338e-14 2.87223e-16 1
5527.5 1.30874e-14 2.87223e-16 1
5529 1.30925e-14 2.87223e-16 1
5530.5 1.32841e-14 2.87223e-16 1
5532 1.31121e-14 2.87223e-16 1
5533.5 1.36682e-14 2.87223e-16 1
5535 1.41768e-14 2.87223e-16 1
5536.5 1.36648e-14 2.87223e-16 1
5538 1.3746e-14 2.87223e-16 1
5539.5 1.43314e-14 2.87223e-16 1
5541 1.45458e-14 2.87223e-16 1
5542.5 1.44754e-14 2.87223e-16 1
5544 1.45427e-14 2.87223e-16 1
5545.5 1.42614e-14 2.87223e-16 1
5547 1.50571e-14 2.87223e-16 1
5548.5 1.47783e-14 2.87223e-16 1
5550 1.48031e-14 2.87223e-16 1
5551.5 1.52655e-14 2.87223e-16 1
5553 1.52898e-14 2.87223e-16 1
5554.5 1.54633e-14 2.87223e-16 1
5556 1.56497e-14 2.87223e-16 1
5557.5 1.56686e-14 2.87223e-16 1
5559 1.57467e-14 2.87223e-16 1
5560.5 1.60048e-14 2.87223e-16 1
5562 1.60115e-14 2.87223e-16 1
5563.5 1.60735e-14 2.87223e-16 1
5565 1.60165e-14 2.87223e-16 1
5566.5 1.62356e-14 2.87223e-16 1
5568 1.63315e-14 2.87223e-16 1
5569.5 1.63157e-14 2.87223e-16 1
5571 1.6396e-14 2.87223e-16 1
5572.5 1.68097e-14 2.87223e-16 1
5574 1.67661e-14 2.87223e-16 1
5575.5 1.66491e-14 2.87223e-16 1
5577 1.68436e-14 2.87223e-16 1
5578.5 1.69413e-14 2.87223e-16 1
5580 1.69439e-14 2.87223e-16 1
5581.5 1.69742e-14 2.87223e-16 1
5583 1.68825e-14 2.87223e-16 1
5584.5 1.6864e-14 2.87223e-16 1
5586 1.70078e-14 2.87223e-16 1
5587.5 1.7053e-14 2.87223e-16 1
5589 1.70298e-14 2.87223e-16 1
5590.5 1.69304e-14 2.87223e-16 1
5592 1.70796e-14 2.87223e-16 1
5593.5 1.70432e-14 2.87223e-16 1
5595 1.66659e-14 2.87223e-16 1
5596.5 1.65938e-14 2.87223e-16 1
5598 1.66272e-14 2.87223e-16 1
5599.5 1.67217e-14 2.87223e-16 1
5601 1.66971e-14 2.87223e-16 1
5602.5 1.6371e-14 2.87223e-16 1
5604 1.64918e-14 2.87223e-16 1
5605.5 1.65676e-14 2.87223e-16 1
5607 1.63593e-14 2.87223e-16 1
5608.5 1.64915e-14 2.87223e-16 1
5610 1.66388e-14 2.87223e-16 1
5611.5 1.64789e-14 2.87223e-16 1
5613 1.62369e-14 2.87223e-16 1
5614.5 1.60855e-14 2.87223e-16 1
5616 1.62592e-14 2.87223e-16 1
5617.5 1.65914e-14 2.87223e-16 1
5619 1.65486e-14 2.87223e-16 1
5620.5 1.62931e-14 1.9635e-16 1
5622 1.62875e-14 1.9635e-16 1
5623.5 1.63485e-14 1.9635e-16 1
5625 1.6279e-14 1.9635e-16 1
5626.5 1.63733e-14 1.9635e-16 1
5628 1.63228e-14 1.9635e-16 1
5629.5 1.62465e-14 1.9635e-16 1
5631 1.65938e-14 1.9635e-16 1
5632.5 1.66432e-14 1.9635e-16 1
5634 1.64468e-14 1.9635e-16 1
5635.5 1.65002e-14 1.9635e-16 1
5637 1.63368e-14 1.9635e-16 1
5638.5 1.64038e-14 1.9635e-16 1
5640 1.66748e-14 1.9635e-16 1
5641.5 1.65056e-14 1.9635e-16 1
5643 1.63749e-14 1.9635e-16 1
5644.5 1.65722e-14 1.9635e-16 1
5646 1.67389e-14 1.9635e-16 1
5647.5 1.64994e-14 1.9635e-16 1
5649 1.64721e-14 1.9635e-16 1
5650.5 1.67913e-14 1.9635e-16 1
5652 1.67929e-14 1.9635e-16 1
5653.5 1.66772e-14 1.9635e-16 1
5655 1.66986e-14 1.9635e-16 1
5656.5 1.67327e-14 1.9635e-16 1
5658 1.67036e-14 1.9635e-16 1
5659.5 1.65165e-14 1.9635e-16 1
5661 1.64553e-14 1.9635e-16 1
5662.5 1.67676e-14 1.9635e-16 1
5664 1.67669e-14 1.9635e-16 1
5665.5 1.6628e-14 1.9635e-16 1
5667 1.65949e-14 1.9635e-16 1
5668.5 1.67394e-14 1.9635e-16 1
5670 1.69808e-14 1.9635e-16 1
5671.5 1.6719e-14 1.9635e-16 1
5673 1.65349e-14 1.9635e-16 1
5674.5 1.67013e-14 1.9635e-16 1
5676 1.6618e-14 1.9635e-16 1
5677.5 1.65206e-14 1.9635e-16 1
5679 1.63656e-14 1.9635e-16 1
5680.5 1.6499e-14 1.9635e-16 1
5682 1.66785e-14 1.9635e-16 1
5683.5 1.66499e-14 1.9635e-16 1
5685 1.67055e-14 1.9635e-16 1
5686.5 1.65811e-14 1.9635e-16 1
5688 1.65137e-14 1.9635e-16 1
5689.5 1.66545e-14 1.9635e-16 1
5691 1.68279e-14 1.9635e-16 1
5692.5 1.67195e-14 1.9635e-16 1
5694 1.65854e-14 1.9635e-16 1
5695.5 1.66187e-14 1.9635e-16 1
5697 1.64116e-14 1.9635e-16 1
5698.5 1.69421e-14 1.9635e-16 1
5700 1.69146e-14 1.9635e-16 1
5701.5 1.68577e-14 1.9635e-16 1
5703 1.65671e-14 1.9635e-16 1
5704.5 1.64346e-14 1.9635e-16 1
5706 1.63291e-14 1.9635e-16 1
5707.5 1.62533e-14 1.9635e-16 1
5709 1.62542e-14 1.9635e-16 1
5710.5 1.60961e-14 1.9635e-16 1
5712 1.61159e-14 1.9635e-16 1
5713.5 1.61508e-14 1.9635e-16 1
5715 1.6428e-14 1.9635e-16 1
5716.5 1.63659e-14 1.9635e-16 1
5718 1.61055e-14 1.9635e-16 1
5719.5 1.60802e-14 1.9635e-16 1
5721 1.59906e-14 1.95904e-16 1
5722.5 1.60433e-14 1.95904e-16 1
5724 1.61455e-14 1.95904e-16 1
5725.5 1.61186e-14 1.95904e-16 1
5727 1.57472e-14 1.95904e-16 1
5728.5 1.55179e-14 1.95904e-16 1
5730 1.56367e-14 1.95904e-16 1
5731.5 1.56719e-14 1.95904e-16 1
5733 1.55826e-14 1.95904e-16 1
5734.5 1.54025e-14 1.95904e-16 1
5736 1.52585e-14 1.95904e-16 1
5737.5 1.54863e-14 1.95904e-16 1
5739 1.55282e-14 1.95904e-16 1
5740.5 1.53949e-14 1.95904e-16 1
5742 1.51382e-14 1.95904e-16 1
5743.5 1.4822e-14 1.95904e-16 1
5745 1.47814e-14 1.95904e-16 1
5746.5 1.47808e-14 1.95904e-16 1
5748 1.46478e-14 1.95904e-16 1
5749.5 1.43099e-14 1.95904e-16 1
5751 1.47359e-14 1.95904e-16 1
5752.5 1.47732e-14 1.95904e-16 1
5754 1.45096e-14 1.95904e-16 1
5755.5 1.43822e-14 1.95904e-16 1
5757 1.44424e-14 1.95904e-16 1
5758.5 1.43941e-14 1.95904e-16 1
5760 1.45309e-14 1.95904e-16 1
5761.5 1.39733e-14 1.95904e-16 1
5763 1.41252e-14 1.95904e-16 1
5764.5 1.39464e-14 1.95904e-16 1
5766 1.40494e-14 1.95904e-16 1
5767.5 1.39107e-14 1.95904e-16 1
5769 1.39346e-14 1.95904e-16 1
5770.5 1.3722e-14 1.95904e-16 1
5772 1.36011e-14 1.95904e-16 1
5773.5 1.35012e-14 1.95904e-16 1
5775 1.33698e-14 1.95904e-16 1
5776.5 1.31016e-14 1.95904e-16 1
5778 1.31631e-14 1.95904e-16 1
5779.5 1.33054e-14 1.95904e-16 1
5781 1.32927e-14 1.95904e-16 1
5782.5 1.33946e-14 1.95904e-16 1
5784 1.32696e-14 1.95904e-16 1
5785.5 1.32892e-14 1.95904e-16 1
5787 1.33081e-14 1.95904e-16 1
5788.5 1.31552e-14 1.95904e-16 1
5790 1.30763e-14 1.95904e-16 1
5791.5 1.31865e-14 1.95904e-16 1
5793 1.30469e-14 1.95904e-16 1
5794.5 1.32486e-14 1.95904e-16 1
5796 1.33347e-14 1.95904e-16 1
5797.5 1.31858e-14 1.95904e-16 1
5799 1.31938e-14 1.95904e-16 1
5800.5 1.30761e-14 1.95904e-16 1
5802 1.31846e-14 1.95904e-16 1
5803.5 1.32254e-14 1.95904e-16 1
5805 1.30551e-14 1.95904e-16 1
5806.5 1.30781e-14 1.95904e-16 1
5808 1.32225e-14 1.95904e-16 1
5809.5 1.3256e-14 1.95904e-16 1
5811 1.32895e-14 1.95904e-16 1
5812.5 1.33229e-14 1.95904e-16 1
5814 1.33229e-14 1.95904e-16 1
5815.5 1.35966e-14 1.95904e-16 1
5817 1.34551e-14 1.95904e-16 1
5818.5 1.34398e-14 1.95904e-16 1
5820 1.34231e-14 3.56483e-16 1
5821.5 1.36719e-14 3.56483e-16 1
5823 1.39658e-14 3.56483e-16 1
5824.5 1.39232e-14 3.56483e-16 1
5826 1.39773e-14 3.56483e-16 1
5827.5 1.36673e-14 3.56483e-16 1
5829 1.38314e-14 3.56483e-16 1
5830.5 1.39741e-14 3.56483e-16 1
5832 1.40333e-14 3.56483e-16 1
5833.5 1.40264e-14 3.56483e-16 1
5835 1.40561e-14 3.56483e-16 1
5836.5 1.44017e-14 3.56483e-16 1
5838 1.44066e-14 3.56483e-16 1
5839.5 1.43186e-14 3.56483e-16 1
5841 1.43356e-14 3.56483e-16 1
5842.5 1.45897e-14 3.56483e-16 1
5844 1.47492e-14 3.56483e-16 1
5845.5 1.41138e-14 3.56483e-16 1
5847 1.40819e-14 3.56483e-16 1
5848.5 1.41668e-14 3.56483e-16 1
5850 1.43513e-14 3.56483e-16 1
5851.5 1.46439e-14 3.56483e-16 1
5853 1.45242e-14 3.56483e-16 1
5854.5 1.47452e-14 3.56483e-16 1
5856 1.46078e-14 3.56483e-16 1
5857.5 1.45646e-14 3.56483e-16 1
5859 1.49247e-14 3.56483e-16 1
5860.5 1.49489e-14 3.56483e-16 1
5862 1.48508e-14 3.56483e-16 1
5863.5 1.47185e-14 3.56483e-16 1
5865 1.47551e-14 3.56483e-16 1
5866.5 1.49951e-14 3.56483e-16 1
5868 1.48888e-14 3.56483e-16 1
5869.5 1.46576e-14 3.56483e-16 1
5871 1.46523e-14 3.56483e-16 1
5872.5 1.47968e-14 3.56483e-16 1
5874 1.47393e-14 3.56483e-16 1
5875.5 1.45782e-14 3.56483e-16 1
5877 1.45619e-14 3.56483e-16 1
5878.5 1.46784e-14 3.56483e-16 1
5880 1.45233e-14 3.56483e-16 1
5881.5 1.43378e-14 3.56483e-16 1
5883 1.43144e-14 3.56483e-16 1
5884.5 1.43098e-14 3.56483e-16 1
5886 1.41653e-14 3.56483e-16 1
5887.5 1.39294e-14 3.56483e-16 1
5889 1.3873e-14 3.56483e-16 1
5890.5 1.35636e-14 3.56483e-16 1
5892 1.3617e-14 3.56483e-16 1
5893.5 1.36815e-14 3.56483e-16 1
5895 1.36083e-14 3.56483e-16 1
5896.5 1.39459e-14 3.56483e-16 1
5898 1.39273e-14 3.56483e-16 1
5899.5 1.38764e-14 3.56483e-16 1
5901 1.39771e-14 3.56483e-16 1
5902.5 1.41449e-14 3.56483e-16 1
5904 1.45422e-14 3.56483e-16 1
5905.5 1.4625e-14 3.56483e-16 1
5907 1.44883e-14 3.56483e-16 1
5908.5 1.48565e-14 3.56483e-16 1
5910 1.48198e-14 3.56483e-16 1
5911.5 1.42098e-14 3.56483e-16 1
5913 1.43988e-14 3.56483e-16 1
5914.5 1.47705e-14 3.56483e-16 1
5916 1.47092e-14 3.56483e-16 1
5917.5 1.43695e-14 3.56483e-16 1
5919 1.44355e-14 3.56483e-16 1
5920.5 1.44566e-14 3.1597e-16 1
5922 1.44314e-14 3.1597e-16 1
5923.5 1.44223e-14 3.1597e-16 1
5925 1.45407e-14 3.1597e-16 1
5926.5 1.49136e-14 3.1597e-16 1
5928 1.49486e-14 3.1597e-16 1
5929.5 1.47235e-14 3.1597e-16 1
5931 1.49333e-14 3.1597e-16 1
5932.5 1.52757e-14 3.1597e-16 1
5934 1.51314e-14 3.1597e-16 1
5935.5 1.50935e-14 3.1597e-16 1
5937 1.51259e-14 3.1597e-16 1
5938.5 1.47935e-14 3.1597e-16 1
5940 1.46498e-14 3.1597e-16 1
5941.5 1.46234e-14 3.1597e-16 1
5943 1.43738e-14 3.1597e-16 1
5944.5 1.42617e-14 3.1597e-16 1
5946 1.43988e-14 3.1597e-16 1
5947.5 1.45889e-14 3.1597e-16 1
5949 1.45846e-14 3.1597e-16 1
5950.5 1.46723e-14 3.1597e-16 1
5952 1.49854e-14 3.1597e-16 1
5953.5 1.52349e-14 3.1597e-16 1
5955 1.50641e-14 3.1597e-16 1
5956.5 1.48527e-14 3.1597e-16 1
5958 1.47874e-14 3.1597e-16 1
5959.5 1.49113e-14 3.1597e-16 1
5961 1.50509e-14 3.1597e-16 1
5962.5 1.54492e-14 3.1597e-16 1
5964 1.54965e-14 3.1597e-16 1
5965.5 1.53433e-14 3.1597e-16 1
5967 1.51737e-14 3.1597e-16 1
5968.5 1.51018e-14 3.1597e-16 1
5970 1.5088e-14 3.1597e-16 1
5971.5 1.52841e-14 3.1597e-16 1
5973 1.50161e-14 3.1597e-16 1
5974.5 1.53337e-14 3.1597e-16 1
5976 1.49103e-14 3.1597e-16 1
5977.5 1.47176e-14 3.1597e-16 1
5979 1.52238e-14 3.1597e-16 1
5980.5 1.53433e-14 3.1597e-16 1
5982 1.56935e-14 3.1597e-16 1
5983.5 1.55953e-14 3.1597e-16 1
5985 1.52252e-14 3.1597e-16 1
5986.5 1.54816e-14 3.1597e-16 1
5988 1.52606e-14 3.1597e-16 1
5989.5 1.52205e-14 3.1597e-16 1
5991 1.52262e-14 3.1597e-16 1
5992.5 1.52409e-14 3.1597e-16 1
5994 1.52411e-14 3.1597e-16 1
5995.5 1.55002e-14 3.1597e-16 1
5997 1.55895e-14 3.1597e-16 1
5998.5 1.51791e-14 3.1597e-16 1
6000 1.5222e-14 3.1597e-16 1
6001.5 1.55105e-14 3.1597e-16 1
6003 1.54453e-14 3.1597e-16 1
6004.5 1.56248e-14 3.1597e-16 1
6006 1.54693e-14 3.1597e-16 1
6007.5 1.54435e-14 3.1597e-16 1
6009 1.54283e-14 3.1597e-16 1
6010.5 1.54476e-14 3.1597e-16 1
6012 1.52558e-14 3.1597e-16 1
6013.5 1.51114e-14 3.1597e-16 1
6015 1.50856e-14 3.1597e-16 1
6016.5 1.52734e-14 3.1597e-16 1
6018 1.53105e-14 3.1597e-16 1
6019.5 1.53512e-14 3.1597e-16 1
6021 1.53714e-14 3.48086e-16 1
6022.5 1.55648e-14 3.48086e-16 1
6024 1.56221e-14 3.48086e-16 1
6025.5 1.5501e-14 3.48086e-16 1
6027 1.52411e-14 3.48086e-16 1
6028.5 1.49961e-14 3.48086e-16 1
6030 1.49773e-14 3.48086e-16 1
6031.5 1.50957e-14 3.48086e-16 1
6033 1.51866e-14 3.48086e-16 1
6034.5 1.50353e-14 3.48086e-16 1
6036 1.48374e-14 3.48086e-16 1
6037.5 1.50816e-14 3.48086e-16 1
6039 1.49667e-14 3.48086e-16 1
6040.5 1.46933e-14 3.48086e-16 1
6042 1.46238e-14 3.48086e-16 1
6043.5 1.44518e-14 3.48086e-16 1
6045 1.40559e-14 3.48086e-16 1
6046.5 1.41223e-14 3.48086e-16 1
6048 1.39898e-14 3.48086e-16 1
6049.5 1.38574e-14 3.48086e-16 1
6051 1.37249e-14 3.48086e-16 1
6052.5 1.35924e-14 3.48086e-16 1
6054 1.35924e-14 3.48086e-16 1
6055.5 1.34045e-14 3.48086e-16 1
6057 1.34463e-14 3.48086e-16 1
6058.5 1.33225e-14 3.48086e-16 1
6060 1.29122e-14 3.48086e-16 1
6061.5 1.25179e-14 3.48086e-16 1
6063 1.22057e-14 3.48086e-16 1
6064.5 1.2364e-14 3.48086e-16 1
6066 1.21072e-14 3.48086e-16 1
6067.5 1.18588e-14 3.48086e-16 1
6069 1.16967e-14 3.48086e-16 1
6070.5 1.11096e-14 3.48086e-16 1
6072 1.09975e-14 3.48086e-16 1
6073.5 1.08022e-14 3.48086e-16 1
6075 1.05547e-14 3.48086e-16 1
6076.5 1.03727e-14 3.48086e-16 1
6078 1.02003e-14 3.48086e-16 1
6079.5 1.01193e-14 3.48086e-16 1
6081 9.85866e-15 3.48086e-16 1
6082.5 9.52727e-15 3.48086e-16 1
6084 9.18518e-15 3.48086e-16 1
6085.5 8.83695e-15 3.48086e-16 1
6087 8.56533e-15 3.48086e-16 1
6088.5 8.51034e-15 3.48086e-16 1
6090 8.27937e-15 3.48086e-16 1
6091.5 7.88666e-15 3.48086e-16 1
6093 7.71819e-15 3.48086e-16 1
6094.5 7.78739e-15 3.48086e-16 1
6096 7.65391e-15 3.48086e-16 1
6097.5 7.3733e-15 3.48086e-16 1
6099 7.37259e-15 3.48086e-16 1
6100.5 7.23927e-15 3.48086e-16 1
6102 6.86613e-15 3.48086e-16 1
6103.5 6.64078e-15 3.48086e-16 1
6105 6.63173e-15 3.48086e-16 1
6106.5 6.61354e-15 3.48086e-16 1
6108 6.39591e-15 3.48086e-16 1
6109.5 6.15762e-15 3.48086e-16 1
6111 6.01808e-15 3.48086e-16 1
6112.5 5.94496e-15 3.48086e-16 1
6114 5.91079e-15 3.48086e-16 1
6115.5 5.666e-15 3.48086e-16 1
6117 5.51291e-15 3.48086e-16 1
6118.5 5.56131e-15 3.48086e-16 1
6120 5.47597e-15 1.90854e-16 1
6121.5 5.48407e-15 1.90854e-16 1
6123 5.52376e-15 1.90854e-16 1
6124.5 5.38427e-15 1.90854e-16 1
6126 5.02433e-15 1.90854e-16 1
6127.5 5.0351e-15 1.90854e-16 1
6129 5.0982e-15 1.90854e-16 1
6130.5 4.94716e-15 1.90854e-16 1
6132 4.85151e-15 1.90854e-16 1
6133.5 4.50752e-15 1.90854e-16 1
6135 4.68985e-15 1.90854e-16 1
6136.5 4.62134e-15 1.90854e-16 1
6138 4.6818e-15 1.90854e-16 1
6139.5 4.60214e-15 1.90854e-16 1
6141 4.50672e-15 1.90854e-16 1
6142.5 4.53979e-15 1.90854e-16 1
6144 4.52647e-15 1.90854e-16 1
6145.5 4.68025e-15 1.90854e-16 1
6147 4.53724e-15 1.90854e-16 1
6148.5 4.48713e-15 1.90854e-16 1
6150 4.46521e-15 1.90854e-16 1
6151.5 4.46134e-15 1.90854e-16 1
6153 4.57368e-15 1.90854e-16 1
6154.5 4.57253e-15 1.90854e-16 1
6156 4.73639e-15 1.90854e-16 1
6157.5 4.65656e-15 1.90854e-16 1
6159 4.42136e-15 1.90854e-16 1
6160.5 4.4609e-15 1.90854e-16 1
6162 4.4334e-15 1.90854e-16 1
6163.5 4.51591e-15 1.90854e-16 1
6165 4.60234e-15 1.90854e-16 1
6166.5 4.61622e-15 1.90854e-16 1
6168 4.65345e-15 1.90854e-16 1
6169.5 4.70264e-15 1.90854e-16 1
6171 4.7187e-15 1.90854e-16 1
6172.5 4.74562e-15 1.90854e-16 1
6174 4.6156e-15 1.90854e-16 1
6175.5 4.72754e-15 1.90854e-16 1
6177 4.97768e-15 1.90854e-16 1
6178.5 4.92091e-15 1.90854e-16 1
6180 5.00105e-15 1.90854e-16 1
6181.5 5.07935e-15 1.90854e-16 1
6183 5.14848e-15 1.90854e-16 1
6184.5 5.2554e-15 1.90854e-16 1
6186 5.33303e-15 1.90854e-16 1
6187.5 5.25573e-15 1.90854e-16 1
6189 5.212e-15 1.90854e-16 1
6190.5 5.38428e-15 1.90854e-16 1
6192 5.60087e-15 1.90854e-16 1
6193.5 5.34814e-15 1.90854e-16 1
6195 5.66058e-15 1.90854e-16 1
6196.5 5.92572e-15 1.90854e-16 1
6198 5.78674e-15 1.90854e-16 1
6199.5 5.74666e-15 1.90854e-16 1
6201 6.01703e-15 1.90854e-16 1
6202.5 6.1331e-15 1.90854e-16 1
6204 6.38257e-15 1.90854e-16 1
6205.5 6.57101e-15 1.90854e-16 1
6207 6.43461e-15 1.90854e-16 1
6208.5 6.4192e-15 1.90854e-16 1
6210 6.63842e-15 1.90854e-16 1
6211.5 6.76703e-15 1.90854e-16 1
6213 6.86918e-15 1.90854e-16 1
6214.5 7.02422e-15 1.90854e-16 1
6216 7.09741e-15 1.90854e-16 1
6217.5 7.04672e-15 1.90854e-16 1
6219 7.21713e-15 1.90854e-16 1
6220.5 7.50465e-15 2.2579e-16 1
6222 7.63885e-15 2.2579e-16 1
6223.5 7.78646e-15 2.2579e-16 1
6225 7.71829e-15 2.2579e-16 1
6226.5 7.91991e-15 2.2579e-16 1
6228 8.04652e-15 2.2579e-16 1
6229.5 8.09597e-15 2.2579e-16 1
6231 8.15233e-15 2.2579e-16 1
6232.5 8.51701e-15 2.2579e-16 1
6234 8.81983e-15 2.2579e-16 1
6235.5 9.14797e-15 2.2579e-16 1
6237 9.31745e-15 2.2579e-16 1
6238.5 9.27427e-15 2.2579e-16 1
6240 9.24881e-15 2.2579e-16 1
6241.5 9.3772e-15 2.2579e-16 1
6243 9.54239e-15 2.2579e-16 1
6244.5 9.64649e-15 2.2579e-16 1
6246 9.86483e-15 2.2579e-16 1
6247.5 1.00313e-14 2.2579e-16 1
6249 1.0103e-14 2.2579e-16 1
6250.5 1.03869e-14 2.2579e-16 1
6252 1.03492e-14 2.2579e-16 1
6253.5 1.04825e-14 2.2579e-16 1
6255 1.03041e-14 2.2579e-16 1
6256.5 1.03373e-14 2.2579e-16 1
6258 1.05213e-14 2.2579e-16 1
6259.5 1.06942e-14 2.2579e-16 1
6261 1.08701e-14 2.2579e-16 1
6262.5 1.11654e-14 2.2579e-16 1
6264 1.12948e-14 2.2579e-16 1
6265.5 1.1179e-14 2.2579e-16 1
6267 1.14387e-14 2.2579e-16 1
6268.5 1.14982e-14 2.2579e-16 1
6270 1.14794e-14 2.2579e-16 1
6271.5 1.16683e-14 2.2579e-16 1
6273 1.16377e-14 2.2579e-16 1
6274.5 1.18662e-14 2.2579e-16 1
6276 1.18509e-14 2.2579e-16 1
6277.5 1.1724e-14 2.2579e-16 1
6279 1.19716e-14 2.2579e-16 1
6280.5 1.19734e-14 2.2579e-16 1
6282 1.22333e-14 2.2579e-16 1
6283.5 1.20756e-14 2.2579e-16 1
6285 1.16913e-14 2.2579e-16 1
6286.5 1.21737e-14 2.2579e-16 1
6288 1.26482e-14 2.2579e-16 1
6289.5 1.25743e-14 2.2579e-16 1
6291 1.24054e-14 2.2579e-16 1
6292.5 1.26249e-14 2.2579e-16 1
6294 1.28523e-14 2.2579e-16 1
6295.5 1.29623e-14 2.2579e-16 1
6297 1.27777e-14 2.2579e-16 1
6298.5 1.26629e-14 2.2579e-16 1
6300 1.31285e-14 2.2579e-16 1
6301.5 1.34076e-14 2.2579e-16 1
6303 1.32703e-14 2.2579e-16 1
6304.5 1.33756e-14 2.2579e-16 1
6306 1.35641e-14 2.2579e-16 1
6307.5 1.33938e-14 2.2579e-16 1
6309 1.31932e-14 2.2579e-16 1
6310.5 1.32458e-14 2.2579e-16 1
6312 1.35938e-14 2.2579e-16 1
6313.5 1.37528e-14 2.2579e-16 1
6315 1.35876e-14 2.2579e-16 1
6316.5 1.36978e-14 2.2579e-16 1
6318 1.38777e-14 2.2579e-16 1
6319.5 1.37034e-14 2.2579e-16 1
6321 1.37551e-14 1.81111e-16 1
6322.5 1.39977e-14 1.81111e-16 1
6324 1.4005e-14 1.81111e-16 1
6325.5 1.41883e-14 1.81111e-16 1
6327 1.43314e-14 1.81111e-16 1
6328.5 1.43572e-14 1.81111e-16 1
6330 1.44559e-14 1.81111e-16 1
6331.5 1.43629e-14 1.81111e-16 1
6333 1.41463e-14 1.81111e-16 1
6334.5 1.40278e-14 1.81111e-16 1
6336 1.43795e-14 1.81111e-16 1
6337.5 1.45196e-14 1.81111e-16 1
6339 1.43131e-14 1.81111e-16 1
6340.5 1.44634e-14 1.81111e-16 1
6342 1.4599e-14 1.81111e-16 1
6343.5 1.46962e-14 1.81111e-16 1
6345 1.44593e-14 1.81111e-16 1
6346.5 1.4358e-14 1.81111e-16 1
6348 1.47812e-14 1.81111e-16 1
6349.5 1.4682e-14 1.81111e-16 1
6351 1.4721e-14 1.81111e-16 1
6352.5 1.48113e-14 1.81111e-16 1
6354 1.47339e-14 1.81111e-16 1
6355.5 1.48783e-14 1.81111e-16 1
6357 1.47826e-14 1.81111e-16 1
6358.5 1.4439e-14 1.81111e-16 1
6360 1.44697e-14 1.81111e-16 1
6361.5 1.43194e-14 1.81111e-16 1
6363 1.45224e-14 1.81111e-16 1
6364.5 1.43475e-14 1.81111e-16 1
6366 1.43876e-14 1.81111e-16 1
6367.5 1.446e-14 1.81111e-16 1
6369 1.43741e-14 1.81111e-16 1
6370.5 1.44538e-14 1.81111e-16 1
6372 1.44657e-14 1.81111e-16 1
6373.5 1.45095e-14 1.81111e-16 1
6375 1.43583e-14 1.81111e-16 1
6376.5 1.4246e-14 1.81111e-16 1
6378 1.4425e-14 1.81111e-16 1
6379.5 1.45087e-14 1.81111e-16 1
6381 1.44826e-14 1.81111e-16 1
6382.5 1.44543e-14 1.81111e-16 1
6384 1.44075e-14 1.81111e-16 1
6385.5 1.44179e-14 1.81111e-16 1
6387 1.43235e-14 1.81111e-16 1
6388.5 1.41342e-14 1.81111e-16 1
6390 1.44056e-14 1.81111e-16 1
6391.5 1.45119e-14 1.81111e-16 1
6393 1.43862e-14 1.81111e-16 1
6394.5 1.41481e-14 1.81111e-16 1
6396 1.38955e-14 1.81111e-16 1
6397.5 1.38984e-14 1.81111e-16 1
6399 1.40837e-14 1.81111e-16 1
6400.5 1.4291e-14 1.81111e-16 1
6402 1.41265e-14 1.81111e-16 1
6403.5 1.39277e-14 1.81111e-16 1
6405 1.43575e-14 1.81111e-16 1
6406.5 1.44354e-14 1.81111e-16 1
6408 1.43187e-14 1.81111e-16 1
6409.5 1.42294e-14 1.81111e-16 1
6411 1.39719e-14 1.81111e-16 1
6412.5 1.40099e-14 1.81111e-16 1
6414 1.42121e-14 1.81111e-16 1
6415.5 1.40262e-14 1.81111e-16 1
6417 1.37951e-14 1.81111e-16 1
6418.5 1.38994e-14 1.81111e-16 1
6420 1.40593e-14 2.40223e-16 1
6421.5 1.40052e-14 2.40223e-16 1
6423 1.41657e-14 2.40223e-16 1
6424.5 1.39298e-14 2.40223e-16 1
6426 1.3623e-14 2.40223e-16 1
6427.5 1.39749e-14 2.40223e-16 1
6429 1.40406e-14 2.40223e-16 1
6430.5 1.42378e-14 2.40223e-16 1
6432 1.3978e-14 2.40223e-16 1
6433.5 1.33983e-14 2.40223e-16 1
6435 1.32688e-14 2.40223e-16 1
6436.5 1.33396e-14 2.40223e-16 1
6438 1.36002e-14 2.40223e-16 1
6439.5 1.35652e-14 2.40223e-16 1
6441 1.36242e-14 2.40223e-16 1
6442.5 1.37768e-14 2.40223e-16 1
6444 1.33603e-14 2.40223e-16 1
6445.5 1.33793e-14 2.40223e-16 1
6447 1.34156e-14 2.40223e-16 1
6448.5 1.34252e-14 2.40223e-16 1
6450 1.34684e-14 2.40223e-16 1
6451.5 1.32227e-14 2.40223e-16 1
6453 1.29836e-14 2.40223e-16 1
6454.5 1.3272e-14 2.40223e-16 1
6456 1.32622e-14 2.40223e-16 1
6457.5 1.30259e-14 2.40223e-16 1
6459 1.31673e-14 2.40223e-16 1
6460.5 1.33678e-14 2.40223e-16 1
6462 1.32e-14 2.40223e-16 1
6463.5 1.27919e-14 2.40223e-16 1
6465 1.26102e-14 2.40223e-16 1
6466.5 1.25837e-14 2.40223e-16 1
6468 1.26862e-14 2.40223e-16 1
6469.5 1.25921e-14 2.40223e-16 1
6471 1.22836e-14 2.40223e-16 1
6472.5 1.20187e-14 2.40223e-16 1
6474 1.20886e-14 2.40223e-16 1
6475.5 1.21312e-14 2.40223e-16 1
6477 1.19987e-14 2.40223e-16 1
6478.5 1.21655e-14 2.40223e-16 1
6480 1.19972e-14 2.40223e-16 1
6481.5 1.20663e-14 2.40223e-16 1
6483 1.23413e-14 2.40223e-16 1
6484.5 1.22686e-14 2.40223e-16 1
6486 1.2238e-14 2.40223e-16 1
6487.5 1.22627e-14 2.40223e-16 1
6489 1.22328e-14 2.40223e-16 1
6490.5 1.21281e-14 2.40223e-16 1
6492 1.21711e-14 2.40223e-16 1
6493.5 1.20703e-14 2.40223e-16 1
6495 1.21357e-14 2.40223e-16 1
6496.5 1.22429e-14 2.40223e-16 1
6498 1.23019e-14 2.40223e-16 1
6499.5 1.25401e-14 2.40223e-16 1
6501 1.24978e-14 2.40223e-16 1
6502.5 1.22075e-14 2.40223e-16 1
6504 1.20746e-14 2.40223e-16 1
6505.5 1.22166e-14 2.40223e-16 1
6507 1.2258e-14 2.40223e-16 1
6508.5 1.21267e-14 2.40223e-16 1
6510 1.22337e-14 2.40223e-16 1
6511.5 1.21907e-14 2.40223e-16 1
6513 1.1905e-14 2.40223e-16 1
6514.5 1.16715e-14 2.40223e-16 1
6516 1.15746e-14 2.40223e-16 1
6517.5 1.15946e-14 2.40223e-16 1
6519 1.16131e-14 2.40223e-16 1
6520.5 1.18353e-14 1.53239e-16 1
6522 1.21498e-14 1.53239e-16 1
6523.5 1.22067e-14 1.53239e-16 1
6525 1.19608e-14 1.53239e-16 1
6526.5 1.17864e-14 1.53239e-16 1
6528 1.18529e-14 1.53239e-16 1
6529.5 1.2062e-14 1.53239e-16 1
6531 1.21042e-14 1.53239e-16 1
6532.5 1.19557e-14 1.53239e-16 1
6534 1.17718e-14 1.53239e-16 1
6535.5 1.17392e-14 1.53239e-16 1
6537 1.1896e-14 1.53239e-16 1
6538.5 1.18146e-14 1.53239e-16 1
6540 1.18746e-14 1.53239e-16 1
6541.5 1.2099e-14 1.53239e-16 1
6543 1.1851e-14 1.53239e-16 1
6544.5 1.16551e-14 1.53239e-16 1
6546 1.14722e-14 1.53239e-16 1
6547.5 1.13835e-14 1.53239e-16 1
6549 1.14482e-14 1.53239e-16 1
6550.5 1.17007e-14 1.53239e-16 1
6552 1.1854e-14 1.53239e-16 1
6553.5 1.15695e-14 1.53239e-16 1
6555 1.15071e-14 1.53239e-16 1
6556.5 1.15816e-14 1.53239e-16 1
6558 1.15942e-14 1.53239e-16 1
6559.5 1.1455e-14 1.53239e-16 1
6561 1.16662e-14 1.53239e-16 1
6562.5 1.15693e-14 1.53239e-16 1
6564 1.14953e-14 1.53239e-16 1
6565.5 1.15263e-14 1.53239e-16 1
6567 1.12578e-14 1.53239e-16 1
6568.5 1.13734e-14 1.53239e-16 1
6570 1.16093e-14 1.53239e-16 1
6571.5 1.13352e-14 1.53239e-16 1
6573 1.1199e-14 1.53239e-16 1
6574.5 1.12138e-14 1.53239e-16 1
6576 1.12338e-14 1.53239e-16 1
6577.5 1.14522e-14 1.53239e-16 1
6579 1.1611e-14 1.53239e-16 1
6580.5 1.15025e-14 1.53239e-16 1
6582 1.12506e-14 1.53239e-16 1
6583.5 1.11455e-14 1.53239e-16 1
6585 1.12437e-14 1.53239e-16 1
6586.5 1.11898e-14 1.53239e-16 1
6588 1.09593e-14 1.53239e-16 1
6589.5 1.12482e-14 1.53239e-16 1
6591 1.13368e-14 1.53239e-16 1
6592.5 1.11087e-14 1.53239e-16 1
6594 1.11752e-14 1.53239e-16 1
6595.5 1.11006e-14 1.53239e-16 1
6597 1.11493e-14 1.53239e-16 1
6598.5 1.10141e-14 1.53239e-16 1
6600 1.09416e-14 1.53239e-16 1
6601.5 1.10299e-14 1.53239e-16 1
6603 1.12447e-14 1.53239e-16 1
6604.5 1.13883e-14 1.53239e-16 1
6606 1.12415e-14 1.53239e-16 1
6607.5 1.08774e-14 1.53239e-16 1
6609 1.09039e-14 1.53239e-16 1
6610.5 1.10243e-14 1.53239e-16 1
6612 1.10537e-14 1.53239e-16 1
6613.5 1.10503e-14 1.53239e-16 1
6615 1.0668e-14 1.53239e-16 1
6616.5 1.07474e-14 1.53239e-16 1
6618 1.08873e-14 1.53239e-16 1
6619.5 1.06959e-14 1.53239e-16 1
6621 1.05268e-14 1.5143e-16 1
6622.5 1.05778e-14 1.5143e-16 1
6624 1.06815e-14 1.5143e-16 1
6625.5 1.0743e-14 1.5143e-16 1
6627 1.06737e-14 1.5143e-16 1
6628.5 1.06414e-14 1.5143e-16 1
6630 1.05931e-14 1.5143e-16 1
6631.5 1.06658e-14 1.5143e-16 1
6633 1.06147e-14 1.5143e-16 1
6634.5 1.05356e-14 1.5143e-16 1
6636 1.05405e-14 1.5143e-16 1
6637.5 1.06288e-14 1.5143e-16 1
6639 1.08407e-14 1.5143e-16 1
6640.5 1.06473e-14 1.5143e-16 1
6642 1.08323e-14 1.5143e-16 1
6643.5 1.08017e-14 1.5143e-16 1
6645 1.04282e-14 1.5143e-16 1
6646.5 1.05681e-14 1.5143e-16 1
6648 1.05252e-14 1.5143e-16 1
6649.5 1.06703e-14 1.5143e-16 1
6651 1.07266e-14 1.5143e-16 1
6652.5 1.06049e-14 1.5143e-16 1
6654 1.04661e-14 1.5143e-16 1
6655.5 1.02756e-14 1.5143e-16 1
6657 1.03869e-14 1.5143e-16 1
6658.5 1.0213e-14 1.5143e-16 1
6660 1.02098e-14 1.5143e-16 1
6661.5 1.02784e-14 1.5143e-16 1
6663 1.02845e-14 1.5143e-16 1
6664.5 1.02987e-14 1.5143e-16 1
6666 1.0123e-14 1.5143e-16 1
6667.5 1.00451e-14 1.5143e-16 1
6669 1.00006e-14 1.5143e-16 1
6670.5 1.01389e-14 1.5143e-16 1
6672 1.0156e-14 1.5143e-16 1
6673.5 1.01283e-14 1.5143e-16 1
6675 1.01575e-14 1.5143e-16 1
6676.5 1.00157e-14 1.5143e-16 1
6678 1.00946e-14 1.5143e-16 1
6679.5 1.03244e-14 1.5143e-16 1
6681 1.03046e-14 1.5143e-16 1
6682.5 1.01918e-14 1.5143e-16 1
6684 1.00801e-14 1.5143e-16 1
6685.5 1.0074e-14 1.5143e-16 1
6687 1.00307e-14 1.5143e-16 1
6688.5 9.98227e-15 1.5143e-16 1
6690 9.79675e-15 1.5143e-16 1
6691.5 9.76159e-15 1.5143e-16 1
6693 9.88141e-15 1.5143e-16 1
6694.5 9.95662e-15 1.5143e-16 1
6696 9.95812e-15 1.5143e-16 1
6697.5 9.85865e-15 1.5143e-16 1
6699 9.74899e-15 1.5143e-16 1
6700.5 9.95275e-15 1.5143e-16 1
6702 1.00434e-14 1.5143e-16 1
6703.5 9.75825e-15 1.5143e-16 1
6705 9.95191e-15 1.5143e-16 1
6706.5 9.87304e-15 1.5143e-16 1
6708 9.99856e-15 1.5143e-16 1
6709.5 1.01812e-14 1.5143e-16 1
6711 9.74907e-15 1.5143e-16 1
6712.5 9.77556e-15 1.5143e-16 1
6714 9.96754e-15 1.5143e-16 1
6715.5 9.74707e-15 1.5143e-16 1
6717 9.78761e-15 1.5143e-16 1
6718.5 1.00481e-14 1.5143e-16 1
6720 9.8024e-15 1.58687e-16 1
6721.5 9.64959e-15 1.58687e-16 1
6723 9.7748e-15 1.58687e-16 1
6724.5 9.75867e-15 1.58687e-16 1
6726 9.49405e-15 1.58687e-16 1
6727.5 9.477e-15 1.58687e-16 1
6729 9.53198e-15 1.58687e-16 1
6730.5 9.6531e-15 1.58687e-16 1
6732 9.56038e-15 1.58687e-16 1
6733.5 9.26657e-15 1.58687e-16 1
6735 9.42064e-15 1.58687e-16 1
6736.5 9.49435e-15 1.58687e-16 1
6738 9.09166e-15 1.58687e-16 1
6739.5 8.87468e-15 1.58687e-16 1
6741 9.21214e-15 1.58687e-16 1
6742.5 9.34141e-15 1.58687e-16 1
6744 9.27383e-15 1.58687e-16 1
6745.5 9.25012e-15 1.58687e-16 1
6747 9.20532e-15 1.58687e-16 1
6748.5 9.20659e-15 1.58687e-16 1
6750 9.16775e-15 1.58687e-16 1
6751.5 9.15293e-15 1.58687e-16 1
6753 9.18938e-15 1.58687e-16 1
6754.5 9.07014e-15 1.58687e-16 1
6756 9.20286e-15 1.58687e-16 1
6757.5 9.24937e-15 1.58687e-16 1
6759 9.09821e-15 1.58687e-16 1
6760.5 8.91681e-15 1.58687e-16 1
6762 8.796e-15 1.58687e-16 1
6763.5 8.87154e-15 1.58687e-16 1
6765 9.11115e-15 1.58687e-16 1
6766.5 9.17758e-15 1.58687e-16 1
6768 9.11881e-15 1.58687e-16 1
6769.5 8.74889e-15 1.58687e-16 1
6771 8.60261e-15 1.58687e-16 1
6772.5 8.84829e-15 1.58687e-16 1
6774 9.11232e-15 1.58687e-16 1
6775.5 8.87049e-15 1.58687e-16 1
6777 8.65633e-15 1.58687e-16 1
6778.5 8.61669e-15 1.58687e-16 1
6780 8.7096e-15 1.58687e-16 1
6781.5 8.66745e-15 1.58687e-16 1
6783 8.66751e-15 1.58687e-16 1
6784.5 8.74863e-15 1.58687e-16 1
6786 8.54876e-15 1.58687e-16 1
6787.5 8.56907e-15 1.58687e-16 1
6789 8.3771e-15 1.58687e-16 1
6790.5 8.57111e-15 1.58687e-16 1
6792 8.5771e-15 1.58687e-16 1
6793.5 8.58746e-15 1.58687e-16 1
6795 8.43635e-15 1.58687e-16 1
6796.5 8.84208e-15 1.58687e-16 1
6798 8.77775e-15 1.58687e-16 1
6799.5 8.73472e-15 1.58687e-16 1
6801 8.56726e-15 1.58687e-16 1
6802.5 8.7007e-15 1.58687e-16 1
6804 8.65547e-15 1.58687e-16 1
6805.5 8.3459e-15 1.58687e-16 1
6807 8.418e-15 1.58687e-16 1
6808.5 8.68511e-15 1.58687e-16 1
6810 8.64453e-15 1.58687e-16 1
6811.5 8.40933e-15 1.58687e-16 1
6813 8.57182e-15 1.58687e-16 1
6814.5 8.38017e-15 1.58687e-16 1
6816 8.10139e-15 1.58687e-16 1
6817.5 8.08018e-15 1.58687e-16 1
6819 8.42364e-15 1.58687e-16 1
6820.5 8.4379e-15 1.50754e-16 1
6822 8.28167e-15 1.50754e-16 1
6823.5 8.47124e-15 1.50754e-16 1
6825 8.54491e-15 1.50754e-16 1
6826.5 8.51233e-15 1.50754e-16 1
6828 8.52989e-15 1.50754e-16 1
6829.5 8.34577e-15 1.50754e-16 1
6831 8.33507e-15 1.50754e-16 1
6832.5 8.38481e-15 1.50754e-16 1
6834 8.37237e-15 1.50754e-16 1
6835.5 8.4507e-15 1.50754e-16 1
6837 8.30067e-15 1.50754e-16 1
6838.5 8.1021e-15 1.50754e-16 1
6840 8.27982e-15 1.50754e-16 1
6841.5 8.48623e-15 1.50754e-16 1
6843 8.24703e-15 1.50754e-16 1
6844.5 8.14119e-15 1.50754e-16 1
6846 8.13825e-15 1.50754e-16 1
6847.5 8.21694e-15 1.50754e-16 1
6849 8.09466e-15 1.50754e-16 1
6850.5 8.3195e-15 1.50754e-16 1
6852 8.46984e-15 1.50754e-16 1
6853.5 8.1059e-15 1.50754e-16 1
6855 8.19265e-15 1.50754e-16 1
6856.5 8.08817e-15 1.50754e-16 1
6858 8.1569e-15 1.50754e-16 1
6859.5 8.14033e-15 1.50754e-16 1
6861 8.12865e-15 1.50754e-16 1
6862.5 8.10303e-15 1.50754e-16 1
6864 8.12477e-15 1.50754e-16 1
6865.5 7.72743e-15 1.50754e-16 1
6867 8.3627e-15 1.50754e-16 1
6868.5 8.34514e-15 1.50754e-16 1
6870 8.10407e-15 1.50754e-16 1
6871.5 7.94488e-15 1.50754e-16 1
6873 7.98586e-15 1.50754e-16 1
6874.5 8.18326e-15 1.50754e-16 1
6876 8.18628e-15 1.50754e-16 1
6877.5 7.96897e-15 1.50754e-16 1
6879 7.94436e-15 1.50754e-16 1
6880.5 8.01594e-15 1.50754e-16 1
6882 8.0654e-15 1.50754e-16 1
6883.5 7.99168e-15 1.50754e-16 1
6885 8.02969e-15 1.50754e-16 1
6886.5 8.17046e-15 1.50754e-16 1
6888 8.05442e-15 1.50754e-16 1
6889.5 7.89719e-15 1.50754e-16 1
6891 7.98741e-15 1.50754e-16 1
6892.5 7.96149e-15 1.50754e-16 1
6894 7.85566e-15 1.50754e-16 1
6895.5 8.06922e-15 1.50754e-16 1
6897 8.21304e-15 1.50754e-16 1
6898.5 7.98453e-15 1.50754e-16 1
6900 7.86548e-15 1.50754e-16 1
6901.5 7.97842e-15 1.50754e-16 1
6903 7.90013e-15 1.50754e-16 1
6904.5 7.66645e-15 1.50754e-16 1
6906 7.87222e-15 1.50754e-16 1
6907.5 8.14134e-15 1.50754e-16 1
6909 8.06173e-15 1.50754e-16 1
6910.5 7.98111e-15 1.50754e-16 1
6912 7.8356e-15 1.50754e-16 1
6913.5 7.7898e-15 1.50754e-16 1
6915 7.87557e-15 1.50754e-16 1
6916.5 8.06586e-15 1.50754e-16 1
6918 7.85561e-15 1.50754e-16 1
6919.5 7.58465e-15 1.50754e-16 1
6921 7.61686e-15 1.73757e-16 1
6922.5 7.78091e-15 1.73757e-16 1
6924 8.03192e-15 1.73757e-16 1
6925.5 8.10393e-15 1.73757e-16 1
6927 7.99134e-15 1.73757e-16 1
6928.5 7.92379e-15 1.73757e-16 1
6930 7.54664e-15 1.73757e-16 1
6931.5 7.31365e-15 1.73757e-16 1
6933 7.71974e-15 1.73757e-16 1
6934.5 7.51879e-15 1.73757e-16 1
6936 7.58808e-15 1.73757e-16 1
6937.5 7.60122e-15 1.73757e-16 1
6939 7.6706e-15 1.73757e-16 1
6940.5 7.39688e-15 1.73757e-16 1
6942 7.18266e-15 1.73757e-16 1
6943.5 7.33242e-15 1.73757e-16 1
6945 7.21516e-15 1.73757e-16 1
6946.5 7.34841e-15 1.73757e-16 1
6948 7.44679e-15 1.73757e-16 1
6949.5 7.52699e-15 1.73757e-16 1
6951 7.46402e-15 1.73757e-16 1
6952.5 7.32977e-15 1.73757e-16 1
6954 7.39862e-15 1.73757e-16 1
6955.5 7.54907e-15 1.73757e-16 1
6957 7.66967e-15 1.73757e-16 1
6958.5 7.56736e-15 1.73757e-16 1
6960 7.47481e-15 1.73757e-16 1
6961.5 7.43466e-15 1.73757e-16 1
6963 7.6119e-15 1.73757e-16 1
6964.5 7.68557e-15 1.73757e-16 1
6966 7.45684e-15 1.73757e-16 1
6967.5 7.36909e-15 1.73757e-16 1
6969 7.39344e-15 1.73757e-16 1
6970.5 7.28543e-15 1.73757e-16 1
6972 7.28026e-15 1.73757e-16 1
6973.5 7.52939e-15 1.73757e-16 1
6975 7.55747e-15 1.73757e-16 1
6976.5 7.31579e-15 1.73757e-16 1
6978 7.43383e-15 1.73757e-16 1
6979.5 7.54425e-15 1.73757e-16 1
6981 7.35599e-15 1.73757e-16 1
6982.5 7.45888e-15 1.73757e-16 1
6984 7.33864e-15 1.73757e-16 1
6985.5 7.33764e-15 1.73757e-16 1
6987 7.3421e-15 1.73757e-16 1
6988.5 7.08872e-15 1.73757e-16 1
6990 7.15017e-15 1.73757e-16 1
6991.5 7.18797e-15 1.73757e-16 1
6993 7.08782e-15 1.73757e-16 1
6994.5 6.8909e-15 1.73757e-16 1
6996 7.15032e-15 1.73757e-16 1
6997.5 7.17844e-15 1.73757e-16 1
6999 7.06583e-15 1.73757e-16 1
7000.5 7.01616e-15 1.73757e-16 1
7002 7.33605e-15 1.73757e-16 1
7003.5 7.49776e-15 1.73757e-16 1
7005 7.20453e-15 1.73757e-16 1
7006.5 7.20115e-15 1.73757e-16 1
7008 7.20041e-15 1.73757e-16 1
7009.5 7.00424e-15 1.73757e-16 1
7011 7.39002e-15 1.73757e-16 1
7012.5 7.23282e-15 1.73757e-16 1
7014 6.90123e-15 1.73757e-16 1
7015.5 6.87753e-15 1.73757e-16 1
7017 7.05331e-15 1.73757e-16 1
7018.5 7.12176e-15 1.73757e-16 1
7020 6.81022e-15 1.5537e-16 1
7021.5 6.63015e-15 1.5537e-16 1
7023 6.86343e-15 1.5537e-16 1
7024.5 6.96652e-15 1.5537e-16 1
7026 6.96303e-15 1.5537e-16 1
7027.5 6.91402e-15 1.5537e-16 1
7029 7.05608e-15 1.5537e-16 1
7030.5 7.10131e-15 1.5537e-16 1
7032 7.14388e-15 1.5537e-16 1
7033.5 7.27831e-15 1.5537e-16 1
7035 7.22423e-15 1.5537e-16 1
7036.5 7.17993e-15 1.5537e-16 1
7038 7.28035e-15 1.5537e-16 1
7039.5 7.15065e-15 1.5537e-16 1
7041 6.99377e-15 1.5537e-16 1
7042.5 6.9744e-15 1.5537e-16 1
7044 6.92973e-15 1.5537e-16 1
7045.5 6.98145e-15 1.5537e-16 1
7047 6.93056e-15 1.5537e-16 1
7048.5 6.95815e-15 1.5537e-16 1
7050 6.97507e-15 1.5537e-16 1
7051.5 7.00125e-15 1.5537e-16 1
7053 7.1255e-15 1.5537e-16 1
7054.5 7.04671e-15 1.5537e-16 1
7056 7.02616e-15 1.5537e-16 1
7057.5 7.07154e-15 1.5537e-16 1
7059 7.03285e-15 1.5537e-16 1
7060.5 6.88617e-15 1.5537e-16 1
7062 6.91106e-15 1.5537e-16 1
7063.5 6.91364e-15 1.5537e-16 1
7065 6.97574e-15 1.5537e-16 1
7066.5 7.01422e-15 1.5537e-16 1
7068 7.27808e-15 1.5537e-16 1
7069.5 7.13059e-15 1.5537e-16 1
7071 7.21381e-15 1.5537e-16 1
7072.5 7.22138e-15 1.5537e-16 1
7074 7.02063e-15 1.5537e-16 1
7075.5 6.90811e-15 1.5537e-16 1
7077 6.83507e-15 1.5537e-16 1
7078.5 6.80097e-15 1.5537e-16 1
7080 7.25179e-15 1.5537e-16 1
7081.5 7.42729e-15 1.5537e-16 1
7083 7.01627e-15 1.5537e-16 1
7084.5 7.01675e-15 1.5537e-16 1
7086 7.03586e-15 1.5537e-16 1
7087.5 7.21943e-15 1.5537e-16 1
7089 7.12865e-15 1.5537e-16 1
7090.5 7.15746e-15 1.5537e-16 1
7092 7.19749e-15 1.5537e-16 1
7093.5 7.02487e-15 1.5537e-16 1
7095 6.82273e-15 1.5537e-16 1
7096.5 6.94201e-15 1.5537e-16 1
7098 7.20435e-15 1.5537e-16 1
7099.5 7.06984e-15 1.5537e-16 1
7101 6.935e-15 1.5537e-16 1
7102.5 6.96453e-15 1.5537e-16 1
7104 6.79445e-15 1.5537e-16 1
7105.5 6.77637e-15 1.5537e-16 1
7107 6.86591e-15 1.5537e-16 1
7108.5 6.7182e-15 1.5537e-16 1
7110 6.8169e-15 1.5537e-16 1
7111.5 6.86059e-15 1.5537e-16 1
7113 6.79355e-15 1.5537e-16 1
7114.5 6.82622e-15 1.5537e-16 1
7116 6.85839e-15 1.5537e-16 1
7117.5 7.00064e-15 1.5537e-16 1
7119 6.91892e-15 1.5537e-16 1
7120.5 6.77271e-15 1.53214e-16 1
7122 7.02067e-15 1.53214e-16 1
7123.5 7.2112e-15 1.53214e-16 1
7125 7.23703e-15 1.53214e-16 1
7126.5 7.01e-15 1.53214e-16 1
7128 6.7827e-15 1.53214e-16 1
7129.5 6.66664e-15 1.53214e-16 1
7131 6.59841e-15 1.53214e-16 1
7132.5 6.90483e-15 1.53214e-16 1
7134 7.10485e-15 1.53214e-16 1
7135.5 6.97702e-15 1.53214e-16 1
7137 7.00679e-15 1.53214e-16 1
7138.5 7.106e-15 1.53214e-16 1
7140 7.01609e-15 1.53214e-16 1
7141.5 6.85679e-15 1.53214e-16 1
7143 6.90526e-15 1.53214e-16 1
7144.5 6.90005e-15 1.53214e-16 1
7146 7.03711e-15 1.53214e-16 1
7147.5 7.00469e-15 1.53214e-16 1
7149 6.84945e-15 1.53214e-16 1
7150.5 6.76018e-15 1.53214e-16 1
7152 6.90939e-15 1.53214e-16 1
7153.5 6.84408e-15 1.53214e-16 1
7155 6.73562e-15 1.53214e-16 1
7156.5 6.69213e-15 1.53214e-16 1
7158 6.7618e-15 1.53214e-16 1
7159.5 6.8574e-15 1.53214e-16 1
7161 6.91792e-15 1.53214e-16 1
7162.5 6.98414e-15 1.53214e-16 1
7164 6.83643e-15 1.53214e-16 1
7165.5 6.97094e-15 1.53214e-16 1
7167 6.95819e-15 1.53214e-16 1
7168.5 6.59658e-15 1.53214e-16 1
7170 6.62313e-15 1.53214e-16 1
7171.5 6.576e-15 1.53214e-16 1
7173 6.31763e-15 1.53214e-16 1
7174.5 6.21883e-15 1.53214e-16 1
7176 6.35745e-15 1.53214e-16 1
7177.5 6.40408e-15 1.53214e-16 1
7179 6.45071e-15 1.53214e-16 1
7180.5 6.49735e-15 1.53214e-16 1
7182 6.54398e-15 1.53214e-16 1
7183.5 6.54398e-15 1.53214e-16 1
7185 6.49992e-15 1.53214e-16 1
7186.5 6.28329e-15 1.53214e-16 1
7188 6.35936e-15 1.53214e-16 1
7189.5 6.6375e-15 1.53214e-16 1
7191 6.61101e-15 1.53214e-16 1
7192.5 6.50275e-15 1.53214e-16 1
7194 6.58864e-15 1.53214e-16 1
7195.5 6.40195e-15 1.53214e-16 1
7197 6.20444e-15 1.53214e-16 1
7198.5 6.16921e-15 1.53214e-16 1
7200 6.20419e-15 1.53214e-16 1
7201.5 6.23289e-15 1.53214e-16 1
7203 6.20383e-15 1.53214e-16 1
7204.5 6.27359e-15 1.53214e-16 1
7206 6.2942e-15 1.53214e-16 1
7207.5 6.24099e-15 1.53214e-16 1
7209 6.34988e-15 1.53214e-16 1
7210.5 6.26239e-15 1.53214e-16 1
7212 6.1443e-15 1.53214e-16 1
7213.5 6.42328e-15 1.53214e-16 1
7215 6.46675e-15 1.53214e-16 1
7216.5 6.29352e-15 1.53214e-16 1
7218 6.34454e-15 1.53214e-16 1
7219.5 6.29754e-15 1.53214e-16 1
7221 6.36755e-15 1.50754e-16 1
7222.5 6.51683e-15 1.50754e-16 1
7224 6.34555e-15 1.50754e-16 1
7225.5 6.22174e-15 1.50754e-16 1
7227 6.28386e-15 1.50754e-16 1
7228.5 6.3794e-15 1.50754e-16 1
7230 6.38864e-15 1.50754e-16 1
7231.5 6.38095e-15 1.50754e-16 1
7233 6.10978e-15 1.50754e-16 1
7234.5 6.19222e-15 1.50754e-16 1
7236 6.53184e-15 1.50754e-16 1
7237.5 6.43829e-15 1.50754e-16 1
7239 6.14475e-15 1.50754e-16 1
7240.5 6.44013e-15 1.50754e-16 1
7242 6.47113e-15 1.50754e-16 1
7243.5 6.12555e-15 1.50754e-16 1
7245 6.23872e-15 1.50754e-16 1
7246.5 6.32013e-15 1.50754e-16 1
7248 6.19432e-15 1.50754e-16 1
7249.5 6.11228e-15 1.50754e-16 1
7251 6.00223e-15 1.50754e-16 1
7252.5 6.23879e-15 1.50754e-16 1
7254 6.339e-15 1.50754e-16 1
7255.5 6.16033e-15 1.50754e-16 1
7257 6.1836e-15 1.50754e-16 1
7258.5 6.31816e-15 1.50754e-16 1
7260 6.42175e-15 1.50754e-16 1
7261.5 6.34406e-15 1.50754e-16 1
7263 6.30771e-15 1.50754e-16 1
7264.5 6.25508e-15 1.50754e-16 1
7266 6.17754e-15 1.50754e-16 1
7267.5 6.15711e-15 1.50754e-16 1
7269 6.17532e-15 1.50754e-16 1
7270.5 6.15762e-15 1.50754e-16 1
7272 6.09511e-15 1.50754e-16 1
7273.5 6.08404e-15 1.50754e-16 1
7275 5.86498e-15 1.50754e-16 1
7276.5 5.71353e-15 1.50754e-16 1
7278 5.90081e-15 1.50754e-16 1
7279.5 5.98459e-15 1.50754e-16 1
7281 5.6942e-15 1.50754e-16 1
7282.5 5.46941e-15 1.50754e-16 1
7284 5.72884e-15 1.50754e-16 1
7285.5 5.95954e-15 1.50754e-16 1
7287 6.01192e-15 1.50754e-16 1
7288.5 5.90566e-15 1.50754e-16 1
7290 5.73252e-15 1.50754e-16 1
7291.5 5.64443e-15 1.50754e-16 1
7293 5.47118e-15 1.50754e-16 1
7294.5 5.54511e-15 1.50754e-16 1
7296 5.75396e-15 1.50754e-16 1
7297.5 5.82807e-15 1.50754e-16 1
7299 5.67198e-15 1.50754e-16 1
7300.5 5.6417e-15 1.50754e-16 1
7302 5.57511e-15 1.50754e-16 1
7303.5 5.53917e-15 1.50754e-16 1
7305 5.62862e-15 1.50754e-16 1
7306.5 5.73456e-15 1.50754e-16 1
7308 5.83444e-15 1.50754e-16 1
7309.5 5.56736e-15 1.50754e-16 1
7311 5.58656e-15 1.50754e-16 1
7312.5 5.76254e-15 1.50754e-16 1
7314 5.81208e-15 1.50754e-16 1
7315.5 5.5416e-15 1.50754e-16 1
7317 5.33062e-15 1.50754e-16 1
7318.5 5.5741e-15 1.50754e-16 1
7320 5.80899e-15 1.50754e-16 1
7321.5 5.84693e-15 1.50754e-16 1
7323 5.78296e-15 1.50754e-16 1
7324.5 5.70758e-15 1.50754e-16 1
7326 5.64956e-15 1.50754e-16 1
7327.5 5.6485e-15 1.50754e-16 1
7329 5.68971e-15 1.50754e-16 1
7330.5 5.56641e-15 1.50754e-16 1
7332 5.51179e-15 1.50754e-16 1
7333.5 5.46962e-15 1.50754e-16 1
7335 5.40124e-15 1.50754e-16 1
7336.5 5.54689e-15 1.50754e-16 1
7338 5.65372e-15 1.50754e-16 1
7339.5 5.6893e-15 1.50754e-16 1
7341 5.64908e-15 1.50754e-16 1
7342.5 5.40962e-15 1.50754e-16 1
7344 5.42332e-15 1.50754e-16 1
7345.5 5.49404e-15 1.50754e-16 1
7347 5.37932e-15 1.50754e-16 1
7348.5 5.29383e-15 1.50754e-16 1
7350 5.35221e-15 1.50754e-16 1
7351.5 5.39671e-15 1.50754e-16 1
7353 5.36782e-15 1.50754e-16 1
7354.5 5.57126e-15 1.50754e-16 1
7356 5.65134e-15 1.50754e-16 1
7357.5 5.57446e-15 1.50754e-16 1
7359 5.41235e-15 1.50754e-16 1
7360.5 5.40841e-15 1.50754e-16 1
7362 5.37908e-15 1.50754e-16 1
7363.5 5.5069e-15 1.50754e-16 1
7365 5.57584e-15 1.50754e-16 1
7366.5 5.34648e-15 1.50754e-16 1
7368 5.46428e-15 1.50754e-16 1
7369.5 5.61944e-15 1.50754e-16 1
7371 5.33285e-15 1.50754e-16 1
7372.5 5.30937e-15 1.50754e-16 1
7374 5.45368e-15 1.50754e-16 1
7375.5 5.37026e-15 1.50754e-16 1
7377 5.70674e-15 1.50754e-16 1
7378.5 5.42825e-15 1.50754e-16 1
7380 5.3772e-15 1.50754e-16 1
7381.5 5.35941e-15 1.50754e-16 1
7383 5.3209e-15 1.50754e-16 1
7384.5 5.28834e-15 1.50754e-16 1
7386 5.1717e-15 1.50754e-16 1
7387.5 5.16103e-15 1.50754e-16 1
7389 5.32337e-15 1.50754e-16 1
7390.5 5.42872e-15 1.50754e-16 1
7392 5.36494e-15 1.50754e-16 1
7393.5 5.17862e-15 1.50754e-16 1
7395 5.02666e-15 1.50754e-16 1
7396.5 5.03719e-15 1.50754e-16 1
7398 5.28562e-15 1.50754e-16 1
7399.5 5.50687e-15 1.50754e-16 1
7401 5.34913e-15 1.50754e-16 1
7402.5 5.17399e-15 1.50754e-16 1
7404 5.28031e-15 1.50754e-16 1
7405.5 5.53007e-15 1.50754e-16 1
7407 5.49379e-15 1.50754e-16 1
7408.5 5.32266e-15 1.50754e-16 1
7410 5.27923e-15 1.50754e-16 1
7411.5 5.11539e-15 1.50754e-16 1
7413 5.09107e-15 1.50754e-16 1
7414.5 5.24071e-15 1.50754e-16 1
7416 5.33574e-15 1.50754e-16 1
7417.5 5.18967e-15 1.50754e-16 1
7419 5.09415e-15 1.50754e-16 1
7420.5 5.28383e-15 1.50754e-16 1
7422 5.3022e-15 1.50754e-16 1
7423.5 5.08078e-15 1.50754e-16 1
7425 5.01041e-15 1.50754e-16 1
7426.5 5.12439e-15 1.50754e-16 1
7428 4.983e-15 1.50754e-16 1
7429.5 4.80345e-15 1.50754e-16 1
7431 4.85682e-15 1.50754e-16 1
7432.5 4.94389e-15 1.50754e-16 1
7434 4.91746e-15 1.50754e-16 1
7435.5 4.8995e-15 1.50754e-16 1
7437 4.86723e-15 1.50754e-16 1
7438.5 4.73297e-15 1.50754e-16 1
7440 4.87792e-15 1.50754e-16 1
7441.5 4.8117e-15 1.50754e-16 1
7443 4.80696e-15 1.50754e-16 1
7444.5 4.99825e-15 1.50754e-16 1
7446 4.77005e-15 1.50754e-16 1
7447.5 4.69138e-15 1.50754e-16 1
7449 4.61743e-15 1.50754e-16 1
7450.5 4.54792e-15 1.50754e-16 1
7452 4.65808e-15 1.50754e-16 1
7453.5 4.70894e-15 1.50754e-16 1
7455 4.73576e-15 1.50754e-16 1
7456.5 4.63023e-15 1.50754e-16 1
7458 4.52406e-15 1.50754e-16 1
7459.5 4.37882e-15 1.50754e-16 1
7461 4.37781e-15 1.50754e-16 1
7462.5 4.20629e-15 1.50754e-16 1
7464 4.25675e-15 1.50754e-16 1
7465.5 4.27688e-15 1.50754e-16 1
7467 4.13262e-15 1.50754e-16 1
7468.5 4.0872e-15 1.50754e-16 1
7470 4.21359e-15 1.50754e-16 1
7471.5 4.149e-15 1.50754e-16 1
7473 4.08271e-15 1.50754e-16 1
7474.5 3.98876e-15 1.50754e-16 1
7476 4.01551e-15 1.50754e-16 1
7477.5 4.08889e-15 1.50754e-16 1
7479 4.03109e-15 1.50754e-16 1
7480.5 4.00825e-15 1.50754e-16 1
7482 4.06086e-15 1.50754e-16 1
7483.5 3.99782e-15 1.50754e-16 1
7485 4.00253e-15 1.50754e-16 1
7486.5 3.99522e-15 1.50754e-16 1
7488 3.76433e-15 1.50754e-16 1
7489.5 3.87648e-15 1.50754e-16 1
7491 4.00713e-15 1.50754e-16 1
7492.5 3.99752e-15 1.50754e-16 1
7494 3.73971e-15 1.50754e-16 1
7495.5 3.6845e-15 1.50754e-16 1
7497 3.64135e-15 1.50754e-16 1
7498.5 3.85115e-15 1.50754e-16 1
7500 3.83767e-15 1.50754e-16 1
7501.5 3.77108e-15 1.50754e-16 1
7503 3.67794e-15 1.50754e-16 1
7504.5 3.69521e-15 1.50754e-16 1
7506 3.53427e-15 1.50754e-16 1
7507.5 3.44051e-15 1.50754e-16 1
7509 3.53196e-15 1.50754e-16 1
7510.5 3.55313e-15 1.50754e-16 1
7512 3.55307e-15 1.50754e-16 1
7513.5 3.45853e-15 1.50754e-16 1
7515 3.36833e-15 1.50754e-16 1
7516.5 3.23588e-15 1.50754e-16 1
7518 3.50367e-15 1.50754e-16 1
7519.5 3.6016e-15 1.50754e-16 1
7521 3.82292e-15 1.50754e-16 1
7522.5 3.60883e-15 1.50754e-16 1
7524 3.30967e-15 1.50754e-16 1
7525.5 3.45173e-15 1.50754e-16 1
7527 3.54562e-15 1.50754e-16 1
7528.5 3.42794e-15 1.50754e-16 1
7530 3.45882e-15 1.50754e-16 1
7531.5 3.52208e-15 1.50754e-16 1
7533 3.47183e-15 1.50754e-16 1
7534.5 3.53456e-15 1.50754e-16 1
7536 3.6584e-15 1.50754e-16 1
7537.5 3.75477e-15 1.50754e-16 1
7539 3.82783e-15 1.50754e-16 1
7540.5 3.95373e-15 1.50754e-16 1
