# converted by J. Guy, 2010-10-18
# downloaded from bruford.nhn.ou.edu/~suspect/index1.html
# from  Valentini et al. 2003ApJ...595..779V
@Redshift 0.00475
@FORMAT STD
@Date 51584.8
@SELECTED_FOR_SNLS3_TRAINING 1
@SN sn2000e
@SURVEY OTHER_LOWZ_SPEC
@Source SUSPECT_DB
#WAVE : wavelength, observer frame, in A
#FLUX : erg/s/cm2/A
#ERR  : statistical uncertainty on flux
#VALID : 1=ok 0=ignore
#end
3772.19 2.1052e-15 1.39453e-16 1
3776.48 1.91603e-15 1.39453e-16 1
3780.78 1.89583e-15 1.39453e-16 1
3785.07 1.86021e-15 1.39453e-16 1
3789.36 1.45949e-15 1.39453e-16 1
3793.65 1.51784e-15 1.39453e-16 1
3797.95 1.85003e-15 1.39453e-16 1
3802.24 1.92475e-15 1.39453e-16 1
3806.53 1.85724e-15 1.39453e-16 1
3810.82 1.76728e-15 1.39453e-16 1
3815.12 1.73063e-15 1.39453e-16 1
3819.41 1.80122e-15 1.39453e-16 1
3823.7 1.86963e-15 1.39453e-16 1
3828 2.12681e-15 1.39453e-16 1
3832.29 2.09404e-15 1.39453e-16 1
3836.58 2.00111e-15 1.39453e-16 1
3840.87 2.23523e-15 1.39453e-16 1
3845.17 2.19338e-15 1.39453e-16 1
3849.46 2.33747e-15 1.39453e-16 1
3853.75 2.69197e-15 1.39453e-16 1
3858.04 2.7548e-15 1.39453e-16 1
3862.34 3.05185e-15 1.39453e-16 1
3866.63 3.41806e-15 1.39453e-16 1
3870.92 3.48956e-15 1.39453e-16 1
3875.21 3.59779e-15 1.06758e-16 1
3879.51 3.91091e-15 1.06758e-16 1
3883.8 4.01209e-15 1.06758e-16 1
3888.09 4.17679e-15 1.06758e-16 1
3892.39 4.31614e-15 1.06758e-16 1
3896.68 4.38824e-15 1.06758e-16 1
3900.97 4.46712e-15 1.06758e-16 1
3905.26 4.63315e-15 1.06758e-16 1
3909.56 4.87893e-15 1.06758e-16 1
3913.85 4.84868e-15 1.06758e-16 1
3918.14 4.97741e-15 1.06758e-16 1
3922.43 4.9314e-15 1.06758e-16 1
3926.73 4.84847e-15 1.06758e-16 1
3931.02 4.89294e-15 1.06758e-16 1
3935.31 5.05899e-15 1.06758e-16 1
3939.6 4.99722e-15 1.06758e-16 1
3943.9 5.05542e-15 1.06758e-16 1
3948.19 4.96572e-15 1.06758e-16 1
3952.48 5.00328e-15 1.06758e-16 1
3956.78 5.1206e-15 1.06758e-16 1
3961.07 5.00079e-15 1.06758e-16 1
3965.36 5.0867e-15 1.06758e-16 1
3969.65 4.98472e-15 1.06758e-16 1
3973.95 4.83484e-15 1.36371e-16 1
3978.24 4.79926e-15 1.36371e-16 1
3982.53 4.76049e-15 1.36371e-16 1
3986.82 4.59038e-15 1.36371e-16 1
3991.12 4.35048e-15 1.36371e-16 1
3995.41 4.34956e-15 1.36371e-16 1
3999.7 4.18452e-15 1.36371e-16 1
4003.99 4.13651e-15 1.36371e-16 1
4008.29 4.08041e-15 1.36371e-16 1
4012.58 3.96463e-15 1.36371e-16 1
4016.87 3.94781e-15 1.36371e-16 1
4021.16 3.92408e-15 1.36371e-16 1
4025.46 3.91489e-15 1.36371e-16 1
4029.75 3.8617e-15 1.36371e-16 1
4034.04 3.8241e-15 1.36371e-16 1
4038.34 3.8835e-15 1.36371e-16 1
4042.63 3.91436e-15 1.36371e-16 1
4046.92 4.07524e-15 1.36371e-16 1
4051.21 4.24201e-15 1.36371e-16 1
4055.51 4.25585e-15 1.36371e-16 1
4059.8 4.36108e-15 1.36371e-16 1
4064.09 4.52945e-15 1.36371e-16 1
4068.38 4.42182e-15 1.36371e-16 1
4072.68 4.51825e-15 8.34916e-17 1
4076.97 4.60709e-15 8.34916e-17 1
4081.26 4.46951e-15 8.34916e-17 1
4085.55 4.41365e-15 8.34916e-17 1
4089.85 4.44949e-15 8.34916e-17 1
4094.14 4.40792e-15 8.34916e-17 1
4098.43 4.43175e-15 8.34916e-17 1
4102.73 4.49473e-15 8.34916e-17 1
4107.02 4.4924e-15 8.34916e-17 1
4111.31 4.53195e-15 8.34916e-17 1
4115.6 4.58307e-15 8.34916e-17 1
4119.9 4.63787e-15 8.34916e-17 1
4124.19 4.66137e-15 8.34916e-17 1
4128.48 4.70786e-15 8.34916e-17 1
4132.77 4.55017e-15 8.34916e-17 1
4137.07 4.47625e-15 8.34916e-17 1
4141.36 4.60231e-15 8.34916e-17 1
4145.65 4.61358e-15 8.34916e-17 1
4149.94 4.55394e-15 8.34916e-17 1
4154.24 4.55189e-15 8.34916e-17 1
4158.53 4.57698e-15 8.34916e-17 1
4162.82 4.66661e-15 8.34916e-17 1
4167.11 4.7348e-15 8.34916e-17 1
4171.41 4.72246e-15 8.34916e-17 1
4175.7 4.73692e-15 4.39821e-17 1
4179.99 4.79983e-15 4.39821e-17 1
4184.29 4.81767e-15 4.39821e-17 1
4188.58 4.74946e-15 4.39821e-17 1
4192.87 4.78548e-15 4.39821e-17 1
4197.16 4.84722e-15 4.39821e-17 1
4201.46 4.83865e-15 4.39821e-17 1
4205.75 4.84944e-15 4.39821e-17 1
4210.04 4.87037e-15 4.39821e-17 1
4214.33 4.87511e-15 4.39821e-17 1
4218.63 4.93374e-15 4.39821e-17 1
4222.92 4.92242e-15 4.39821e-17 1
4227.21 4.87436e-15 4.39821e-17 1
4231.5 4.8029e-15 4.39821e-17 1
4235.8 4.75342e-15 4.39821e-17 1
4240.09 4.70048e-15 4.39821e-17 1
4244.38 4.63574e-15 4.39821e-17 1
4248.68 4.65607e-15 4.39821e-17 1
4252.97 4.56907e-15 4.39821e-17 1
4257.26 4.52252e-15 4.39821e-17 1
4261.55 4.53584e-15 4.39821e-17 1
4265.85 4.37293e-15 4.39821e-17 1
4270.14 4.25207e-15 4.39821e-17 1
4274.43 4.23703e-15 4.35249e-17 1
4278.72 4.26707e-15 4.35249e-17 1
4283.02 4.18771e-15 4.35249e-17 1
4287.31 4.11216e-15 4.35249e-17 1
4291.6 4.07947e-15 4.35249e-17 1
4295.89 3.99502e-15 4.35249e-17 1
4300.19 3.94511e-15 4.35249e-17 1
4304.48 3.85425e-15 4.35249e-17 1
4308.77 3.77475e-15 4.35249e-17 1
4313.06 3.74198e-15 4.35249e-17 1
4317.36 3.6823e-15 4.35249e-17 1
4321.65 3.61961e-15 4.35249e-17 1
4325.94 3.60535e-15 4.35249e-17 1
4330.24 3.57775e-15 4.35249e-17 1
4334.53 3.54397e-15 4.35249e-17 1
4338.82 3.51108e-15 4.35249e-17 1
4343.11 3.49585e-15 4.35249e-17 1
4347.41 3.50322e-15 4.35249e-17 1
4351.7 3.47032e-15 4.35249e-17 1
4355.99 3.45149e-15 4.35249e-17 1
4360.28 3.43936e-15 4.35249e-17 1
4364.58 3.4111e-15 4.35249e-17 1
4368.87 3.39584e-15 4.35249e-17 1
4373.16 3.40972e-15 4.94695e-17 1
4377.45 3.36595e-15 4.94695e-17 1
4381.75 3.39774e-15 4.94695e-17 1
4386.04 3.37739e-15 4.94695e-17 1
4390.33 3.35021e-15 4.94695e-17 1
4394.62 3.37957e-15 4.94695e-17 1
4398.92 3.41945e-15 4.94695e-17 1
4403.21 3.36166e-15 4.94695e-17 1
4407.5 3.30663e-15 4.94695e-17 1
4411.8 3.35709e-15 4.94695e-17 1
4416.09 3.3912e-15 4.94695e-17 1
4420.38 3.39969e-15 4.94695e-17 1
4424.67 3.41849e-15 4.94695e-17 1
4428.97 3.48806e-15 4.94695e-17 1
4433.26 3.58561e-15 4.94695e-17 1
4437.55 3.71752e-15 4.94695e-17 1
4441.84 3.81237e-15 4.94695e-17 1
4446.14 3.87398e-15 4.94695e-17 1
4450.43 3.98419e-15 4.94695e-17 1
4454.72 4.13062e-15 4.94695e-17 1
4459.01 4.29897e-15 4.94695e-17 1
4463.31 4.48345e-15 4.94695e-17 1
4467.6 4.62094e-15 4.94695e-17 1
4471.89 4.74148e-15 4.94695e-17 1
4476.19 4.80039e-15 8.01352e-17 1
4480.48 4.89276e-15 8.01352e-17 1
4484.77 5.03426e-15 8.01352e-17 1
4489.06 5.15373e-15 8.01352e-17 1
4493.36 5.2517e-15 8.01352e-17 1
4497.65 5.33107e-15 8.01352e-17 1
4501.94 5.44872e-15 8.01352e-17 1
4506.23 5.53489e-15 8.01352e-17 1
4510.53 5.59963e-15 8.01352e-17 1
4514.82 5.70554e-15 8.01352e-17 1
4519.11 5.83621e-15 8.01352e-17 1
4523.4 5.96222e-15 8.01352e-17 1
4527.7 6.03214e-15 8.01352e-17 1
4531.99 6.16333e-15 8.01352e-17 1
4536.28 6.32973e-15 8.01352e-17 1
4540.57 6.38945e-15 8.01352e-17 1
4544.87 6.43157e-15 8.01352e-17 1
4549.16 6.55532e-15 8.01352e-17 1
4553.45 6.63018e-15 8.01352e-17 1
4557.75 6.68328e-15 8.01352e-17 1
4562.04 6.67171e-15 8.01352e-17 1
4566.33 6.70268e-15 8.01352e-17 1
4570.62 6.68605e-15 8.01352e-17 1
4574.92 6.67456e-15 9.07956e-17 1
4579.21 6.66061e-15 9.07956e-17 1
4583.5 6.62893e-15 9.07956e-17 1
4587.79 6.66769e-15 9.07956e-17 1
4592.09 6.7227e-15 9.07956e-17 1
4596.38 6.73292e-15 9.07956e-17 1
4600.67 6.73895e-15 9.07956e-17 1
4604.96 6.77676e-15 9.07956e-17 1
4609.26 6.78486e-15 9.07956e-17 1
4613.55 6.82152e-15 9.07956e-17 1
4617.84 6.85966e-15 9.07956e-17 1
4622.14 6.83528e-15 9.07956e-17 1
4626.43 6.90091e-15 9.07956e-17 1
4630.72 6.93608e-15 9.07956e-17 1
4635.01 6.9617e-15 9.07956e-17 1
4639.31 6.92152e-15 9.07956e-17 1
4643.6 6.86137e-15 9.07956e-17 1
4647.89 6.87275e-15 9.07956e-17 1
4652.18 6.79658e-15 9.07956e-17 1
4656.48 6.77047e-15 9.07956e-17 1
4660.77 6.65467e-15 9.07956e-17 1
4665.06 6.48168e-15 9.07956e-17 1
4669.35 6.32029e-15 9.07956e-17 1
4673.65 6.24343e-15 2.84586e-16 1
4677.94 6.08903e-15 2.84586e-16 1
4682.23 5.99518e-15 2.84586e-16 1
4686.52 5.99415e-15 2.84586e-16 1
4690.82 5.94997e-15 2.84586e-16 1
4695.11 5.93321e-15 2.84586e-16 1
4699.4 5.91625e-15 2.84586e-16 1
4703.7 5.86088e-15 2.84586e-16 1
4707.99 5.84624e-15 2.84586e-16 1
4712.28 5.79874e-15 2.84586e-16 1
4716.57 5.70481e-15 2.84586e-16 1
4720.87 5.55155e-15 2.84586e-16 1
4725.16 5.38756e-15 2.84586e-16 1
4729.45 5.14428e-15 2.84586e-16 1
4733.74 4.90557e-15 2.84586e-16 1
4738.04 4.68954e-15 2.84586e-16 1
4742.33 4.4242e-15 2.84586e-16 1
4746.62 4.20503e-15 2.84586e-16 1
4750.91 3.98529e-15 2.84586e-16 1
4755.21 3.83668e-15 2.84586e-16 1
4759.5 3.6956e-15 2.84586e-16 1
4763.79 3.58807e-15 2.84586e-16 1
4768.09 3.56252e-15 2.84586e-16 1
4772.38 3.47379e-15 3.36803e-16 1
4776.67 3.47852e-15 3.36803e-16 1
4780.96 3.58594e-15 3.36803e-16 1
4785.26 3.68053e-15 3.36803e-16 1
4789.55 3.80055e-15 3.36803e-16 1
4793.84 3.98241e-15 3.36803e-16 1
4798.13 4.13169e-15 3.36803e-16 1
4802.43 4.27113e-15 3.36803e-16 1
4806.72 4.39108e-15 3.36803e-16 1
4811.01 4.42709e-15 3.36803e-16 1
4815.3 4.38766e-15 3.36803e-16 1
4819.6 4.29725e-15 3.36803e-16 1
4823.89 4.15722e-15 3.36803e-16 1
4828.18 4.02657e-15 3.36803e-16 1
4832.47 3.90658e-15 3.36803e-16 1
4836.77 3.78372e-15 3.36803e-16 1
4841.06 3.62456e-15 3.36803e-16 1
4845.35 3.4804e-15 3.36803e-16 1
4849.65 3.40093e-15 3.36803e-16 1
4853.94 3.34748e-15 3.36803e-16 1
4858.23 3.30218e-15 3.36803e-16 1
4862.52 3.25745e-15 3.36803e-16 1
4866.82 3.22105e-15 3.36803e-16 1
4871.11 3.24934e-15 3.36803e-16 1
4875.4 3.30068e-15 1.33119e-16 1
4879.69 3.35817e-15 1.33119e-16 1
4883.99 3.438e-15 1.33119e-16 1
4888.28 3.5449e-15 1.33119e-16 1
4892.57 3.66046e-15 1.33119e-16 1
4896.86 3.82725e-15 1.33119e-16 1
4901.16 4.06154e-15 1.33119e-16 1
4905.45 4.22737e-15 1.33119e-16 1
4909.74 4.4136e-15 1.33119e-16 1
4914.04 4.62697e-15 1.33119e-16 1
4918.33 4.77946e-15 1.33119e-16 1
4922.62 4.9532e-15 1.33119e-16 1
4926.91 5.10018e-15 1.33119e-16 1
4931.21 5.17219e-15 1.33119e-16 1
4935.5 5.2199e-15 1.33119e-16 1
4939.79 5.21271e-15 1.33119e-16 1
4944.08 5.16767e-15 1.33119e-16 1
4948.38 5.10624e-15 1.33119e-16 1
4952.67 5.01295e-15 1.33119e-16 1
4956.96 4.86597e-15 1.33119e-16 1
4961.25 4.71742e-15 1.33119e-16 1
4965.55 4.62872e-15 1.33119e-16 1
4969.84 4.37572e-15 1.33119e-16 1
4974.13 4.21133e-15 5.5908e-17 1
4978.42 4.06195e-15 5.5908e-17 1
4982.72 3.94687e-15 5.5908e-17 1
4987.01 3.85487e-15 5.5908e-17 1
4991.3 3.78278e-15 5.5908e-17 1
4995.6 3.77782e-15 5.5908e-17 1
4999.89 3.71758e-15 5.5908e-17 1
5004.18 3.64362e-15 5.5908e-17 1
5008.47 3.60717e-15 5.5908e-17 1
5012.77 3.64145e-15 5.5908e-17 1
5017.06 3.69093e-15 5.5908e-17 1
5021.35 3.63411e-15 5.5908e-17 1
5025.64 3.73232e-15 5.5908e-17 1
5029.94 3.84952e-15 5.5908e-17 1
5034.23 3.8439e-15 5.5908e-17 1
5038.52 3.89791e-15 5.5908e-17 1
5042.81 3.967e-15 5.5908e-17 1
5047.11 4.00207e-15 5.5908e-17 1
5051.4 4.09762e-15 5.5908e-17 1
5055.69 4.19301e-15 5.5908e-17 1
5059.99 4.27377e-15 5.5908e-17 1
5064.28 4.41966e-15 5.5908e-17 1
5068.57 4.50467e-15 5.5908e-17 1
5072.86 4.54838e-15 4.35249e-17 1
5077.16 4.65862e-15 4.35249e-17 1
5081.45 4.739e-15 4.35249e-17 1
5085.74 4.79872e-15 4.35249e-17 1
5090.03 4.94112e-15 4.35249e-17 1
5094.33 5.03953e-15 4.35249e-17 1
5098.62 5.14961e-15 4.35249e-17 1
5102.91 5.24197e-15 4.35249e-17 1
5107.2 5.31781e-15 4.35249e-17 1
5111.5 5.38431e-15 4.35249e-17 1
5115.79 5.44939e-15 4.35249e-17 1
5120.08 5.48178e-15 4.35249e-17 1
5124.37 5.56152e-15 4.35249e-17 1
5128.67 5.68733e-15 4.35249e-17 1
5132.96 5.85588e-15 4.35249e-17 1
5137.25 5.96392e-15 4.35249e-17 1
5141.55 6.09715e-15 4.35249e-17 1
5145.84 6.16849e-15 4.35249e-17 1
5150.13 6.14443e-15 4.35249e-17 1
5154.42 6.32061e-15 4.35249e-17 1
5158.72 6.45426e-15 4.35249e-17 1
5163.01 6.57516e-15 4.35249e-17 1
5167.3 6.72351e-15 4.35249e-17 1
5171.59 6.82301e-15 4.35249e-17 1
5175.89 6.93567e-15 5.71834e-17 1
5180.18 7.10479e-15 5.71834e-17 1
5184.47 7.24758e-15 5.71834e-17 1
5188.76 7.35268e-15 5.71834e-17 1
5193.06 7.40563e-15 5.71834e-17 1
5197.35 7.45901e-15 5.71834e-17 1
5201.64 7.557e-15 5.71834e-17 1
5205.94 7.60065e-15 5.71834e-17 1
5210.23 7.6676e-15 5.71834e-17 1
5214.52 7.75326e-15 5.71834e-17 1
5218.81 7.77988e-15 5.71834e-17 1
5223.11 7.82084e-15 5.71834e-17 1
5227.4 7.82029e-15 5.71834e-17 1
5231.69 7.82162e-15 5.71834e-17 1
5235.98 7.86891e-15 5.71834e-17 1
5240.28 7.85726e-15 5.71834e-17 1
5244.57 7.8412e-15 5.71834e-17 1
5248.86 7.79855e-15 5.71834e-17 1
5253.15 7.71417e-15 5.71834e-17 1
5257.45 7.62861e-15 5.71834e-17 1
5261.74 7.43813e-15 5.71834e-17 1
5266.03 7.30895e-15 5.71834e-17 1
5270.32 7.16486e-15 5.71834e-17 1
5274.62 7.03875e-15 1.12713e-16 1
5278.91 6.86394e-15 1.12713e-16 1
5283.2 6.73577e-15 1.12713e-16 1
5287.5 6.62312e-15 1.12713e-16 1
5291.79 6.52615e-15 1.12713e-16 1
5296.08 6.44495e-15 1.12713e-16 1
5300.37 6.4133e-15 1.12713e-16 1
5304.67 6.45195e-15 1.12713e-16 1
5308.96 6.47383e-15 1.12713e-16 1
5313.25 6.48925e-15 1.12713e-16 1
5317.54 6.53846e-15 1.12713e-16 1
5321.84 6.60081e-15 1.12713e-16 1
5326.13 6.60505e-15 1.12713e-16 1
5330.42 6.65789e-15 1.12713e-16 1
5334.71 6.67785e-15 1.12713e-16 1
5339.01 6.60328e-15 1.12713e-16 1
5343.3 6.60437e-15 1.12713e-16 1
5347.59 6.63355e-15 1.12713e-16 1
5351.89 6.61056e-15 1.12713e-16 1
5356.18 6.58591e-15 1.12713e-16 1
5360.47 6.58325e-15 1.12713e-16 1
5364.76 6.53538e-15 1.12713e-16 1
5369.06 6.49575e-15 1.12713e-16 1
5373.35 6.48926e-15 9.66946e-17 1
5377.64 6.4613e-15 9.66946e-17 1
5381.93 6.45426e-15 9.66946e-17 1
5386.23 6.41396e-15 9.66946e-17 1
5390.52 6.38706e-15 9.66946e-17 1
5394.81 6.398e-15 9.66946e-17 1
5399.1 6.3844e-15 9.66946e-17 1
5403.4 6.31912e-15 9.66946e-17 1
5407.69 6.30378e-15 9.66946e-17 1
5411.98 6.33595e-15 9.66946e-17 1
5416.27 6.35961e-15 9.66946e-17 1
5420.57 6.3341e-15 9.66946e-17 1
5424.86 6.28418e-15 9.66946e-17 1
5429.15 6.28786e-15 9.66946e-17 1
5433.45 6.27813e-15 9.66946e-17 1
5437.74 6.2212e-15 9.66946e-17 1
5442.03 6.19959e-15 9.66946e-17 1
5446.32 6.25498e-15 9.66946e-17 1
5450.62 6.29202e-15 9.66946e-17 1
5454.91 6.29313e-15 9.66946e-17 1
5459.2 6.26717e-15 9.66946e-17 1
5463.49 6.10436e-15 9.66946e-17 1
5467.79 6.0231e-15 9.66946e-17 1
5472.08 5.87478e-15 9.66946e-17 1
5476.37 5.73197e-15 1.7839e-16 1
5480.66 5.60895e-15 1.7839e-16 1
5484.96 5.53235e-15 1.7839e-16 1
5489.25 5.53432e-15 1.7839e-16 1
5493.54 5.57462e-15 1.7839e-16 1
5497.84 5.63782e-15 1.7839e-16 1
5502.13 5.77112e-15 1.7839e-16 1
5506.42 5.87185e-15 1.7839e-16 1
5510.71 5.97434e-15 1.7839e-16 1
5515.01 6.09064e-15 1.7839e-16 1
5519.3 6.19711e-15 1.7839e-16 1
5523.59 6.28567e-15 1.7839e-16 1
5527.88 6.36611e-15 1.7839e-16 1
5532.18 6.42854e-15 1.7839e-16 1
5536.47 6.50184e-15 1.7839e-16 1
5540.76 6.60106e-15 1.7839e-16 1
5545.05 6.6424e-15 1.7839e-16 1
5549.35 6.64566e-15 1.7839e-16 1
5553.64 6.66639e-15 1.7839e-16 1
5557.93 6.64437e-15 1.7839e-16 1
5562.22 6.65415e-15 1.7839e-16 1
5566.52 6.8368e-15 1.7839e-16 1
5570.81 6.9113e-15 1.7839e-16 1
5575.1 6.85819e-15 4.35249e-17 1
5579.4 6.82164e-15 4.35249e-17 1
5583.69 6.75085e-15 4.35249e-17 1
5587.98 6.70046e-15 4.35249e-17 1
5592.27 6.70906e-15 4.35249e-17 1
5596.57 6.6349e-15 4.35249e-17 1
5600.86 6.56203e-15 4.35249e-17 1
5605.15 6.52106e-15 4.35249e-17 1
5609.44 6.49936e-15 4.35249e-17 1
5613.74 6.45266e-15 4.35249e-17 1
5618.03 6.37632e-15 4.35249e-17 1
5622.32 6.36124e-15 4.35249e-17 1
5626.61 6.3448e-15 4.35249e-17 1
5630.91 6.29998e-15 4.35249e-17 1
5635.2 6.30052e-15 4.35249e-17 1
5639.49 6.28459e-15 4.35249e-17 1
5643.79 6.23509e-15 4.35249e-17 1
5648.08 6.24402e-15 4.35249e-17 1
5652.37 6.19275e-15 4.35249e-17 1
5656.66 6.17165e-15 4.35249e-17 1
5660.96 6.16115e-15 4.35249e-17 1
5665.25 6.18474e-15 4.35249e-17 1
5669.54 6.18863e-15 4.35249e-17 1
5673.83 6.19619e-15 4.89996e-17 1
5678.13 6.16415e-15 4.89996e-17 1
5682.42 6.13043e-15 4.89996e-17 1
5686.71 6.1192e-15 4.89996e-17 1
5691 6.09883e-15 4.89996e-17 1
5695.3 6.01375e-15 4.89996e-17 1
5699.59 5.92238e-15 4.89996e-17 1
5703.88 5.87778e-15 4.89996e-17 1
5708.17 5.79001e-15 4.89996e-17 1
5712.47 5.72017e-15 4.89996e-17 1
5716.76 5.67301e-15 4.89996e-17 1
5721.05 5.59863e-15 4.89996e-17 1
5725.35 5.54711e-15 4.89996e-17 1
5729.64 5.52523e-15 4.89996e-17 1
5733.93 5.47021e-15 4.89996e-17 1
5738.22 5.4027e-15 4.89996e-17 1
5742.52 5.3755e-15 4.89996e-17 1
5746.81 5.34897e-15 4.89996e-17 1
5751.1 5.34203e-15 4.89996e-17 1
5755.39 5.37383e-15 4.89996e-17 1
5759.69 5.40522e-15 4.89996e-17 1
5763.98 5.38452e-15 4.89996e-17 1
5768.27 5.36938e-15 4.89996e-17 1
5772.56 5.39507e-15 5.67431e-17 1
5776.86 5.46833e-15 5.67431e-17 1
5781.15 5.5555e-15 5.67431e-17 1
5785.44 5.56184e-15 5.67431e-17 1
5789.74 5.63829e-15 5.67431e-17 1
5794.03 5.77749e-15 5.67431e-17 1
5798.32 5.91572e-15 5.67431e-17 1
5802.61 5.95389e-15 5.67431e-17 1
5806.91 6.03375e-15 5.67431e-17 1
5811.2 6.20192e-15 5.67431e-17 1
5815.49 6.33318e-15 5.67431e-17 1
5819.78 6.49103e-15 5.67431e-17 1
5824.08 6.58043e-15 5.67431e-17 1
5828.37 6.63497e-15 5.67431e-17 1
5832.66 6.79086e-15 5.67431e-17 1
5836.95 6.89829e-15 5.67431e-17 1
5841.25 6.96447e-15 5.67431e-17 1
5845.54 7.04889e-15 5.67431e-17 1
5849.83 7.09411e-15 5.67431e-17 1
5854.12 7.20129e-15 5.67431e-17 1
5858.42 7.25187e-15 5.67431e-17 1
5862.71 7.29241e-15 5.67431e-17 1
5867 7.38075e-15 5.67431e-17 1
5871.3 7.34888e-15 5.67431e-17 1
5875.59 7.32573e-15 8.26088e-17 1
5879.88 7.26157e-15 8.26088e-17 1
5884.17 7.17273e-15 8.26088e-17 1
5888.47 7.13249e-15 8.26088e-17 1
5892.76 7.10798e-15 8.26088e-17 1
5897.05 7.14658e-15 8.26088e-17 1
5901.34 7.21319e-15 8.26088e-17 1
5905.64 7.24028e-15 8.26088e-17 1
5909.93 7.15883e-15 8.26088e-17 1
5914.22 6.99729e-15 8.26088e-17 1
5918.51 6.9263e-15 8.26088e-17 1
5922.81 6.91504e-15 8.26088e-17 1
5927.1 6.92537e-15 8.26088e-17 1
5931.39 6.97413e-15 8.26088e-17 1
5935.69 6.97161e-15 8.26088e-17 1
5939.98 6.97627e-15 8.26088e-17 1
5944.27 6.95052e-15 8.26088e-17 1
5948.56 6.86583e-15 8.26088e-17 1
5952.86 6.81203e-15 8.26088e-17 1
5957.15 6.80483e-15 8.26088e-17 1
5961.44 6.71824e-15 8.26088e-17 1
5965.73 6.62151e-15 8.26088e-17 1
5970.03 6.61403e-15 8.26088e-17 1
5974.32 6.59386e-15 4.35249e-17 1
5978.61 6.54284e-15 4.35249e-17 1
5982.9 6.51423e-15 4.35249e-17 1
5987.2 6.46498e-15 4.35249e-17 1
5991.49 6.43478e-15 4.35249e-17 1
5995.78 6.38783e-15 4.35249e-17 1
6000.07 6.28079e-15 4.35249e-17 1
6004.37 6.23901e-15 4.35249e-17 1
6008.66 6.18482e-15 4.35249e-17 1
6012.95 6.16092e-15 4.35249e-17 1
6017.25 6.06562e-15 4.35249e-17 1
6021.54 5.97815e-15 4.35249e-17 1
6025.83 5.90867e-15 4.35249e-17 1
6030.12 5.84641e-15 4.35249e-17 1
6034.42 5.82043e-15 4.35249e-17 1
6038.71 5.80366e-15 4.35249e-17 1
6043 5.79882e-15 4.35249e-17 1
6047.29 5.82074e-15 4.35249e-17 1
6051.59 5.81269e-15 4.35249e-17 1
6055.88 5.74635e-15 4.35249e-17 1
6060.17 5.68354e-15 4.35249e-17 1
6064.46 5.66315e-15 4.35249e-17 1
6068.76 5.65867e-15 4.35249e-17 1
6073.05 5.65469e-15 7.53444e-17 1
6077.34 5.58828e-15 7.53444e-17 1
6081.64 5.46915e-15 7.53444e-17 1
6085.93 5.27025e-15 7.53444e-17 1
6090.22 5.03503e-15 7.53444e-17 1
6094.51 4.7879e-15 7.53444e-17 1
6098.81 4.48908e-15 7.53444e-17 1
6103.1 4.19516e-15 7.53444e-17 1
6107.39 3.94163e-15 7.53444e-17 1
6111.68 3.64323e-15 7.53444e-17 1
6115.98 3.36343e-15 7.53444e-17 1
6120.27 3.17773e-15 7.53444e-17 1
6124.56 2.96514e-15 7.53444e-17 1
6128.85 2.79853e-15 7.53444e-17 1
6133.15 2.64742e-15 7.53444e-17 1
6137.44 2.54182e-15 7.53444e-17 1
6141.73 2.45323e-15 7.53444e-17 1
6146.02 2.40111e-15 7.53444e-17 1
6150.32 2.357e-15 7.53444e-17 1
6154.61 2.27825e-15 7.53444e-17 1
6158.9 2.24083e-15 7.53444e-17 1
6163.2 2.24099e-15 7.53444e-17 1
6167.49 2.21491e-15 7.53444e-17 1
6171.78 2.21497e-15 7.53444e-17 1
6176.07 2.24036e-15 6.00947e-17 1
6180.37 2.2881e-15 6.00947e-17 1
6184.66 2.36476e-15 6.00947e-17 1
6188.95 2.43919e-15 6.00947e-17 1
6193.24 2.5624e-15 6.00947e-17 1
6197.54 2.80352e-15 6.00947e-17 1
6201.83 2.99087e-15 6.00947e-17 1
6206.12 3.13228e-15 6.00947e-17 1
6210.41 3.29228e-15 6.00947e-17 1
6214.71 3.43195e-15 6.00947e-17 1
6219 3.5458e-15 6.00947e-17 1
6223.29 3.66285e-15 6.00947e-17 1
6227.59 3.78372e-15 6.00947e-17 1
6231.88 3.91608e-15 6.00947e-17 1
6236.17 4.05496e-15 6.00947e-17 1
6240.46 4.11893e-15 6.00947e-17 1
6244.76 4.18793e-15 6.00947e-17 1
6249.05 4.2818e-15 6.00947e-17 1
6253.34 4.3517e-15 6.00947e-17 1
6257.63 4.3985e-15 6.00947e-17 1
6261.93 4.46416e-15 6.00947e-17 1
6266.22 4.48679e-15 6.00947e-17 1
6270.51 4.41844e-15 6.00947e-17 1
6274.8 4.37154e-15 7.50538e-17 1
6279.1 4.40414e-15 7.50538e-17 1
6283.39 4.45112e-15 7.50538e-17 1
6287.68 4.53928e-15 7.50538e-17 1
6291.97 4.67848e-15 7.50538e-17 1
6296.27 4.74646e-15 7.50538e-17 1
6300.56 4.74858e-15 7.50538e-17 1
6304.85 4.80437e-15 7.50538e-17 1
6309.15 4.8036e-15 7.50538e-17 1
6313.44 4.7179e-15 7.50538e-17 1
6317.73 4.67524e-15 7.50538e-17 1
6322.02 4.70669e-15 7.50538e-17 1
6326.32 4.73187e-15 7.50538e-17 1
6330.61 4.73222e-15 7.50538e-17 1
6334.9 4.7563e-15 7.50538e-17 1
6339.19 4.76252e-15 7.50538e-17 1
6343.49 4.73172e-15 7.50538e-17 1
6347.78 4.75036e-15 7.50538e-17 1
6352.07 4.76189e-15 7.50538e-17 1
6356.36 4.78812e-15 7.50538e-17 1
6360.66 4.80553e-15 7.50538e-17 1
6364.95 4.80059e-15 7.50538e-17 1
6369.24 4.78697e-15 7.50538e-17 1
6373.54 4.72686e-15 4.35249e-17 1
6377.83 4.70602e-15 4.35249e-17 1
6382.12 4.68784e-15 4.35249e-17 1
6386.41 4.67772e-15 4.35249e-17 1
6390.71 4.67261e-15 4.35249e-17 1
6395 4.62307e-15 4.35249e-17 1
6399.29 4.61638e-15 4.35249e-17 1
6403.58 4.6127e-15 4.35249e-17 1
6407.88 4.5828e-15 4.35249e-17 1
6412.17 4.56723e-15 4.35249e-17 1
6416.46 4.5811e-15 4.35249e-17 1
6420.75 4.53997e-15 4.35249e-17 1
6425.05 4.506e-15 4.35249e-17 1
6429.34 4.51639e-15 4.35249e-17 1
6433.63 4.50979e-15 4.35249e-17 1
6437.92 4.46458e-15 4.35249e-17 1
6442.22 4.43287e-15 4.35249e-17 1
6446.51 4.42283e-15 4.35249e-17 1
6450.8 4.39933e-15 4.35249e-17 1
6455.1 4.40138e-15 4.35249e-17 1
6459.39 4.42746e-15 4.35249e-17 1
6463.68 4.38838e-15 4.35249e-17 1
6467.97 4.36732e-15 4.35249e-17 1
6472.27 4.35425e-15 4.35249e-17 1
6476.56 4.33692e-15 4.35249e-17 1
6480.85 4.3216e-15 4.35249e-17 1
6485.14 4.31464e-15 4.35249e-17 1
6489.44 4.32794e-15 4.35249e-17 1
6493.73 4.3464e-15 4.35249e-17 1
6498.02 4.36534e-15 4.35249e-17 1
6502.31 4.37215e-15 4.35249e-17 1
6506.61 4.34857e-15 4.35249e-17 1
6510.9 4.33169e-15 4.35249e-17 1
6515.19 4.3115e-15 4.35249e-17 1
6519.49 4.27241e-15 4.35249e-17 1
6523.78 4.27063e-15 4.35249e-17 1
6528.07 4.25757e-15 4.35249e-17 1
6532.36 4.24622e-15 4.35249e-17 1
6536.66 4.24202e-15 4.35249e-17 1
6540.95 4.22705e-15 4.35249e-17 1
6545.24 4.20515e-15 4.35249e-17 1
6549.53 4.19263e-15 4.35249e-17 1
6553.83 4.18502e-15 4.35249e-17 1
6558.12 4.16441e-15 4.35249e-17 1
6562.41 4.12927e-15 4.35249e-17 1
6566.7 4.09921e-15 4.35249e-17 1
6571 4.10895e-15 4.35249e-17 1
6575.29 4.1104e-15 4.35249e-17 1
6579.58 4.06817e-15 4.35249e-17 1
6583.87 4.09389e-15 4.35249e-17 1
6588.17 4.1416e-15 4.35249e-17 1
6592.46 4.09883e-15 4.35249e-17 1
6596.75 4.03856e-15 4.35249e-17 1
6601.05 4.01646e-15 4.35249e-17 1
6605.34 3.96217e-15 4.35249e-17 1
6609.63 3.89445e-15 4.35249e-17 1
6613.92 3.86682e-15 4.35249e-17 1
6618.22 3.81737e-15 4.35249e-17 1
6622.51 3.77296e-15 4.35249e-17 1
6626.8 3.74888e-15 4.35249e-17 1
6631.09 3.69768e-15 4.35249e-17 1
6635.39 3.63998e-15 4.35249e-17 1
6639.68 3.59573e-15 4.35249e-17 1
6643.97 3.56231e-15 4.35249e-17 1
6648.26 3.53219e-15 4.35249e-17 1
6652.56 3.52004e-15 4.35249e-17 1
6656.85 3.50399e-15 4.35249e-17 1
6661.14 3.47004e-15 4.35249e-17 1
6665.44 3.44871e-15 4.35249e-17 1
6669.73 3.42401e-15 4.35249e-17 1
6674.02 3.3836e-15 4.35249e-17 1
6678.31 3.34233e-15 4.35249e-17 1
6682.61 3.3077e-15 4.35249e-17 1
6686.9 3.2655e-15 4.35249e-17 1
6691.19 3.25045e-15 4.35249e-17 1
6695.48 3.24398e-15 4.35249e-17 1
6699.78 3.19932e-15 4.35249e-17 1
6704.07 3.17338e-15 4.35249e-17 1
6708.36 3.15699e-15 4.35249e-17 1
6712.65 3.12266e-15 4.35249e-17 1
6716.95 3.10202e-15 4.35249e-17 1
6721.24 3.07015e-15 4.35249e-17 1
6725.53 3.04914e-15 4.35249e-17 1
6729.82 3.0085e-15 4.35249e-17 1
6734.12 2.982e-15 4.35249e-17 1
6738.41 2.98259e-15 4.35249e-17 1
6742.7 2.98235e-15 4.35249e-17 1
6747 2.96271e-15 4.35249e-17 1
6751.29 2.97272e-15 4.35249e-17 1
6755.58 2.95976e-15 4.35249e-17 1
6759.87 2.91391e-15 4.35249e-17 1
6764.17 2.89841e-15 4.35249e-17 1
6768.46 2.88159e-15 4.35249e-17 1
6772.75 2.85054e-15 4.35249e-17 1
6777.04 2.83579e-15 4.35249e-17 1
6781.34 2.85138e-15 4.35249e-17 1
6785.63 2.83986e-15 4.35249e-17 1
6789.92 2.84539e-15 4.35249e-17 1
6794.21 2.84063e-15 4.35249e-17 1
6798.51 2.8339e-15 4.35249e-17 1
6802.8 2.82442e-15 4.35249e-17 1
6807.09 2.80574e-15 4.35249e-17 1
6811.39 2.80438e-15 4.35249e-17 1
6815.68 2.81821e-15 4.35249e-17 1
6819.97 2.82655e-15 4.35249e-17 1
6824.26 2.82858e-15 4.35249e-17 1
6828.56 2.81895e-15 4.35249e-17 1
6832.85 2.80335e-15 4.35249e-17 1
6837.14 2.7787e-15 4.35249e-17 1
6841.43 2.76905e-15 4.35249e-17 1
6845.73 2.75483e-15 4.35249e-17 1
6850.02 2.74061e-15 4.35249e-17 1
6854.31 2.72638e-15 4.35249e-17 1
6858.6 2.71216e-15 4.35249e-17 1
6862.9 2.69794e-15 4.35249e-17 1
6867.19 2.68372e-15 4.35249e-17 1
6871.48 2.66949e-15 4.35249e-17 1
6875.77 2.65527e-15 4.35249e-17 1
6880.07 2.64105e-15 4.35249e-17 1
6884.36 2.62683e-15 4.35249e-17 1
6888.65 2.61261e-15 4.35249e-17 1
6892.95 2.59838e-15 4.35249e-17 1
6897.24 2.58416e-15 4.35249e-17 1
6901.53 2.56994e-15 4.35249e-17 1
6905.82 2.55572e-15 4.35249e-17 1
6910.12 2.54149e-15 4.35249e-17 1
6914.41 2.52727e-15 4.35249e-17 1
6918.7 2.51305e-15 4.35249e-17 1
6922.99 2.49883e-15 4.35249e-17 1
6927.29 2.48461e-15 4.35249e-17 1
6931.58 2.47038e-15 4.35249e-17 1
6935.87 2.45616e-15 4.35249e-17 1
6940.16 2.44194e-15 4.35249e-17 1
6944.46 2.42772e-15 4.35249e-17 1
6948.75 2.41349e-15 4.35249e-17 1
6953.04 2.41349e-15 4.35249e-17 1
6957.34 2.40747e-15 4.35249e-17 1
6961.63 2.40321e-15 4.35249e-17 1
6965.92 2.39355e-15 4.35249e-17 1
6970.21 2.41568e-15 4.35249e-17 1
6974.51 2.42837e-15 4.35249e-17 1
6978.8 2.38514e-15 4.35249e-17 1
6983.09 2.36317e-15 4.35249e-17 1
6987.38 2.33185e-15 4.35249e-17 1
6991.68 2.30381e-15 4.35249e-17 1
6995.97 2.29319e-15 4.35249e-17 1
7000.26 2.29884e-15 4.35249e-17 1
7004.55 2.28026e-15 4.35249e-17 1
7008.85 2.25259e-15 4.35249e-17 1
7013.14 2.23717e-15 4.35249e-17 1
7017.43 2.23733e-15 4.35249e-17 1
7021.72 2.25218e-15 4.35249e-17 1
7026.02 2.21734e-15 4.35249e-17 1
7030.31 2.18602e-15 4.35249e-17 1
7034.6 2.17264e-15 4.35249e-17 1
7038.9 2.16504e-15 4.35249e-17 1
7043.19 2.16417e-15 4.35249e-17 1
7047.48 2.14641e-15 4.35249e-17 1
7051.77 2.1375e-15 4.35249e-17 1
7056.07 2.13754e-15 4.35249e-17 1
7060.36 2.11366e-15 4.35249e-17 1
7064.65 2.09948e-15 4.35249e-17 1
7068.94 2.1175e-15 4.35249e-17 1
7073.24 2.11589e-15 4.35249e-17 1
7077.53 2.09363e-15 4.35249e-17 1
7081.82 2.08427e-15 4.35249e-17 1
7086.11 2.08312e-15 4.35249e-17 1
7090.41 2.06352e-15 4.35249e-17 1
7094.7 2.06046e-15 4.35249e-17 1
7098.99 2.04809e-15 4.35249e-17 1
7103.29 2.03866e-15 4.35249e-17 1
7107.58 2.05479e-15 4.35249e-17 1
7111.87 2.07003e-15 4.35249e-17 1
7116.16 2.05385e-15 4.35249e-17 1
7120.46 2.02762e-15 4.35249e-17 1
7124.75 2.03462e-15 4.35249e-17 1
7129.04 2.02259e-15 4.35249e-17 1
7133.33 2.00685e-15 4.35249e-17 1
7137.63 1.99883e-15 4.35249e-17 1
7141.92 1.98789e-15 4.35249e-17 1
7146.21 2.01129e-15 4.35249e-17 1
7150.5 1.99909e-15 4.35249e-17 1
7154.8 1.99054e-15 4.35249e-17 1
7159.09 1.98655e-15 4.35249e-17 1
7163.38 1.95009e-15 4.35249e-17 1
7167.67 1.93164e-15 4.35249e-17 1
7171.97 1.88904e-15 4.35249e-17 1
7176.26 1.86223e-15 4.60294e-17 1
7180.55 1.80652e-15 4.60294e-17 1
7184.85 1.77897e-15 4.60294e-17 1
7189.14 1.77082e-15 4.60294e-17 1
7193.43 1.78496e-15 4.60294e-17 1
7197.72 1.8093e-15 4.60294e-17 1
7202.02 1.83165e-15 4.60294e-17 1
7206.31 1.86222e-15 4.60294e-17 1
7210.6 1.91646e-15 4.60294e-17 1
7214.89 1.97546e-15 4.60294e-17 1
7219.19 1.98431e-15 4.60294e-17 1
7223.48 1.95968e-15 4.60294e-17 1
7227.77 1.97002e-15 4.60294e-17 1
7232.06 1.97283e-15 4.60294e-17 1
7236.36 1.95928e-15 4.60294e-17 1
7240.65 1.93006e-15 4.60294e-17 1
7244.94 1.93355e-15 4.60294e-17 1
7249.24 1.94806e-15 4.60294e-17 1
7253.53 1.9263e-15 4.60294e-17 1
7257.82 1.9148e-15 4.60294e-17 1
7262.11 1.92699e-15 4.60294e-17 1
7266.41 1.913e-15 4.60294e-17 1
7270.7 1.90339e-15 4.60294e-17 1
7274.99 1.91707e-15 4.35249e-17 1
7279.28 1.94165e-15 4.35249e-17 1
7283.58 1.94251e-15 4.35249e-17 1
7287.87 1.94386e-15 4.35249e-17 1
7292.16 1.93586e-15 4.35249e-17 1
7296.45 1.91286e-15 4.35249e-17 1
7300.75 1.91204e-15 4.35249e-17 1
7305.04 1.91739e-15 4.35249e-17 1
7309.33 1.90892e-15 4.35249e-17 1
7313.62 1.90186e-15 4.35249e-17 1
7317.92 1.89614e-15 4.35249e-17 1
7322.21 1.91855e-15 4.35249e-17 1
7326.5 1.9245e-15 4.35249e-17 1
7330.8 1.90844e-15 4.35249e-17 1
7335.09 1.89285e-15 4.35249e-17 1
7339.38 1.88345e-15 4.35249e-17 1
7343.67 1.87025e-15 4.35249e-17 1
7347.97 1.83297e-15 4.35249e-17 1
7352.26 1.79671e-15 4.35249e-17 1
7356.55 1.79092e-15 4.35249e-17 1
7360.84 1.78855e-15 4.35249e-17 1
7365.14 1.76892e-15 4.35249e-17 1
7369.43 1.75098e-15 4.35249e-17 1
7373.72 1.73615e-15 4.35249e-17 1
7378.01 1.69459e-15 4.35249e-17 1
7382.31 1.68065e-15 4.35249e-17 1
7386.6 1.68283e-15 4.35249e-17 1
7390.89 1.66099e-15 4.35249e-17 1
7395.19 1.66011e-15 4.35249e-17 1
7399.48 1.65308e-15 4.35249e-17 1
7403.77 1.61967e-15 4.35249e-17 1
7408.06 1.60179e-15 4.35249e-17 1
7412.36 1.5854e-15 4.35249e-17 1
7416.65 1.57722e-15 4.35249e-17 1
7420.94 1.57529e-15 4.35249e-17 1
7425.23 1.55474e-15 4.35249e-17 1
7429.53 1.58682e-15 4.35249e-17 1
7433.82 1.59936e-15 4.35249e-17 1
7438.11 1.57038e-15 4.35249e-17 1
7442.4 1.54113e-15 4.35249e-17 1
7446.7 1.52669e-15 4.35249e-17 1
7450.99 1.50735e-15 4.35249e-17 1
7455.28 1.49198e-15 4.35249e-17 1
7459.57 1.49477e-15 4.35249e-17 1
7463.87 1.48261e-15 4.35249e-17 1
7468.16 1.45077e-15 4.35249e-17 1
7472.45 1.40346e-15 4.35249e-17 1
7476.75 1.38823e-15 4.35249e-17 1
7481.04 1.36219e-15 4.35249e-17 1
7485.33 1.32321e-15 4.35249e-17 1
7489.62 1.29641e-15 4.35249e-17 1
7493.92 1.29469e-15 4.35249e-17 1
7498.21 1.29005e-15 4.35249e-17 1
7502.5 1.2816e-15 4.35249e-17 1
7506.79 1.3139e-15 4.35249e-17 1
7511.09 1.35454e-15 4.35249e-17 1
7515.38 1.3558e-15 4.35249e-17 1
7519.67 1.36938e-15 4.35249e-17 1
7523.96 1.37159e-15 4.35249e-17 1
7528.26 1.3674e-15 4.35249e-17 1
7532.55 1.36377e-15 4.35249e-17 1
7536.84 1.36617e-15 4.35249e-17 1
7541.14 1.36568e-15 4.35249e-17 1
7545.43 1.35441e-15 4.35249e-17 1
7549.72 1.36246e-15 4.35249e-17 1
7554.01 1.37726e-15 4.35249e-17 1
7558.31 1.36303e-15 4.35249e-17 1
7562.6 1.35592e-15 4.35249e-17 1
