# converted by J. Guy, 2010-10-18
# from INES IUE Newly Extracted Spectra sdc.laeff.inta.es/ines/
@Redshift 0.003395
@FORMAT STD
@Date 48070.8
@Dec +13:31:49
@IUE_CAM LWP
@IUE_DISP LOW
@IUE_EXPTIME 23699.742
@IUE_IMAGE 18227
@RA 12:40:25.9
@SELECTED_FOR_SNLS3_TRAINING 1
@SN sn1990n
@SURVEY IUE_SPEC
@Source IUE
#WAVE : wavelength, observer frame, in A
#FLUX : erg/s/cm2/A
#ERR  : statistical uncertainty on flux
#VALID : 1=ok 0=ignore
#end
1851.433 4.8327045e-14 3.6273054e-14 1
1854.102 -3.4596424e-14 5.370197e-14 1
1856.772 -1.3894832e-14 3.4761538e-14 1
1859.441 4.5817384e-14 2.8092441e-14 1
1862.11 3.1800581e-16 3.1770986e-14 1
1864.78 -8.5944317e-15 2.1885375e-14 1
1867.449 -5.4136425e-15 2.8308627e-14 1
1870.118 -1.2666311e-14 1.4473782e-14 1
1872.787 1.1166182e-14 1.4780898e-14 1
1875.457 -9.6763519e-15 1.3440095e-14 1
1878.126 -9.1414887e-15 1.4231087e-14 1
1880.795 -6.4005104e-15 1.2351521e-14 1
1883.465 6.0958043e-15 1.0985764e-14 1
1886.134 5.4552437e-16 1.0175886e-14 1
1888.803 6.3111993e-15 1.0876306e-14 1
1891.473 -6.375207e-15 9.3560591e-15 1
1894.142 -9.1468157e-15 1.0148168e-14 1
1896.811 -1.260923e-14 9.5034335e-15 1
1899.48 1.5306034e-14 9.439652e-15 1
1902.15 -5.001936e-16 8.5680415e-15 1
1904.819 -5.5030934e-15 7.5864133e-15 1
1907.488 6.3052167e-15 9.3490626e-15 1
1910.158 -2.3379105e-15 8.9371802e-15 1
1912.827 4.2950898e-15 8.7097662e-15 1
1915.496 2.1566651e-14 8.4200344e-15 1
1918.166 -4.0267176e-15 5.9187494e-15 1
1920.835 -1.7333462e-15 6.9592134e-15 1
1923.504 1.2601518e-14 7.1689836e-15 1
1926.173 1.3534712e-14 7.4605129e-15 1
1928.843 -2.2129792e-15 8.6214664e-15 1
1931.512 -5.1310592e-15 5.0000329e-15 1
1934.181 2.809491e-15 5.7257428e-15 1
1936.851 1.0801467e-16 6.1572451e-15 1
1939.52 -3.9800308e-15 4.881763e-15 1
1942.189 7.2267273e-16 4.8476034e-15 1
1944.859 -3.5317922e-15 5.4428139e-15 1
1947.528 -5.4623058e-15 4.7668003e-15 1
1950.197 -3.8040252e-16 5.3183428e-15 1
1952.866 2.7575278e-15 6.9740441e-15 1
1955.536 -1.7520056e-15 5.0553078e-15 1
1958.205 -6.7883931e-16 5.7294444e-15 1
1960.874 7.3779492e-15 4.4832861e-15 1
1963.544 -1.3646379e-15 3.8347837e-15 1
1966.213 -5.2188072e-15 3.9473302e-15 1
1968.882 -5.6302771e-15 3.9652992e-15 1
1971.552 3.5350823e-15 4.0394637e-15 1
1974.221 2.3516669e-15 3.8677981e-15 1
1976.89 -6.1546375e-15 3.8115856e-15 1
1979.559 -5.0523991e-15 3.4247202e-15 1
1982.229 4.0930114e-17 3.2897783e-15 1
1984.898 -2.3388672e-15 3.4540418e-15 1
1987.567 -1.6259489e-15 2.6569562e-15 1
1990.237 3.9327089e-16 3.0978445e-15 1
1992.906 -4.8523818e-16 2.9977193e-15 1
1995.575 -1.048597e-15 2.851281e-15 1
1998.245 -5.6932308e-16 2.759963e-15 1
2000.914 -7.1186385e-16 2.6627489e-15 1
2003.583 4.2366144e-15 2.924798e-15 1
2006.252 2.7714223e-15 2.7942814e-15 1
2008.922 1.5611162e-15 2.7671906e-15 1
2011.591 3.7599589e-15 3.1883413e-15 1
2014.26 -6.1601286e-16 2.520809e-15 1
2016.93 -1.2709159e-15 2.6916244e-15 1
2019.599 9.2856855e-16 3.0022215e-15 1
2022.268 1.6142019e-15 2.6450942e-15 1
2024.938 2.036728e-15 2.7480648e-15 1
2027.607 9.4738433e-16 2.4413453e-15 1
2030.276 -8.6901234e-16 2.4322621e-15 1
2032.945 1.4152557e-15 2.7780519e-15 1
2035.615 3.8622094e-15 2.6640859e-15 1
2038.284 -1.0455708e-15 2.2912629e-15 1
2040.953 -2.9594762e-15 2.2347829e-15 1
2043.623 -1.6681595e-15 3.0301877e-15 1
2046.292 -1.6419564e-15 4.3428408e-15 1
2048.961 4.9126339e-16 3.7906804e-15 1
2051.63 2.7573659e-16 2.6567627e-15 1
2054.3 -4.9615445e-17 2.4814321e-15 1
2056.969 -9.2638384e-16 2.518306e-15 1
2059.638 -9.2802454e-16 2.3850819e-15 1
2062.308 -1.9356156e-15 2.2101025e-15 1
2064.977 -1.2002542e-15 2.7543716e-15 1
2067.646 -4.5489936e-16 3.2986349e-15 1
2070.316 2.0086959e-15 2.6233258e-15 1
2072.985 -1.6222246e-15 2.7052661e-15 1
2075.654 -2.5422226e-15 2.3334858e-15 1
2078.323 -7.8299842e-16 2.1812886e-15 1
2080.993 2.514369e-15 2.4172135e-15 1
2083.662 -3.5444067e-16 2.3092481e-15 1
2086.331 9.6807576e-16 2.4391326e-15 1
2089.001 -3.4094757e-16 2.7530998e-15 1
2091.67 7.1842727e-17 2.5290928e-15 1
2094.339 1.192749e-15 2.5781451e-15 1
2097.009 2.5388749e-16 2.9456225e-15 1
2099.678 -2.3011101e-15 2.3012541e-15 1
2102.347 -2.0288514e-15 2.8572818e-15 1
2105.017 -7.3715642e-16 2.3601879e-15 1
2107.686 -1.3635375e-15 1.9828952e-15 1
2110.355 2.4159597e-15 2.2600355e-15 1
2113.024 4.9611964e-16 2.1053809e-15 1
2115.694 3.2001966e-16 2.1366609e-15 1
2118.363 -5.8123724e-16 2.1347615e-15 1
2121.032 2.8240612e-15 2.3834838e-15 1
2123.702 1.4895665e-15 2.2677598e-15 1
2126.371 1.6519618e-15 2.3003407e-15 1
2129.04 1.9889994e-15 2.2265258e-15 1
2131.709 5.2439741e-16 2.1504466e-15 1
2134.379 5.7224439e-16 2.3121827e-15 1
2137.048 -1.2270242e-15 2.6630576e-15 1
2139.717 -2.4400894e-16 2.5258614e-15 1
2142.387 -6.9808226e-16 2.297496e-15 1
2145.056 -2.2768711e-15 2.3516887e-15 1
2147.725 1.2269785e-15 2.2990643e-15 1
2150.395 2.5704045e-15 2.567767e-15 1
2153.064 1.7439103e-15 2.1316562e-15 1
2155.733 1.4090809e-15 2.1416432e-15 1
2158.403 2.0149781e-16 2.0028196e-15 1
2161.072 -1.0159939e-15 1.9488932e-15 1
2163.741 -1.7266734e-16 1.9582766e-15 1
2166.41 5.7320268e-17 2.1576369e-15 1
2169.08 -1.5006814e-16 2.1687269e-15 1
2171.749 2.955262e-15 2.1696357e-15 1
2174.418 1.1262747e-15 2.2822036e-15 1
2177.088 -4.6265109e-16 2.3071314e-15 1
2179.757 1.493531e-16 1.9040092e-15 1
2182.426 3.5810107e-16 1.8933685e-15 1
2185.095 1.3288797e-15 2.1479568e-15 1
2187.765 1.1081114e-15 2.3546735e-15 1
2190.434 -9.3201047e-16 2.1661351e-15 1
2193.104 -7.4598017e-16 2.0763964e-15 1
2195.773 8.5820928e-16 2.119925e-15 1
2198.442 2.4879038e-16 1.9806347e-15 1
2201.111 3.4365159e-16 2.0244776e-15 1
2203.781 2.4838712e-16 2.0898298e-15 1
2206.45 9.0768474e-16 2.0963093e-15 1
2209.119 -3.7225626e-17 2.0989472e-15 1
2211.789 -1.3151579e-16 2.4150169e-15 1
2214.458 -6.8397738e-17 2.2320087e-15 1
2217.127 1.143294e-15 1.8184696e-15 1
2219.796 1.7638994e-15 1.8453873e-15 1
2222.466 -1.1187811e-15 1.7133276e-15 1
2225.135 -1.3398325e-15 2.0725187e-15 1
2227.804 -3.5289682e-16 2.1460403e-15 1
2230.474 6.4864629e-16 1.7710387e-15 1
2233.143 6.8111089e-16 1.7520688e-15 1
2235.812 -8.1098508e-16 1.7271582e-15 1
2238.481 -9.0528298e-16 1.8019722e-15 1
2241.151 -6.8766751e-16 2.1233915e-15 1
2243.82 -9.8093615e-16 2.2625878e-15 1
2246.489 7.7813587e-16 2.3678514e-15 1
2249.159 4.8700615e-16 2.2053786e-15 1
2251.828 -4.972752e-16 1.6951201e-15 1
2254.497 5.2083182e-16 1.8414911e-15 1
2257.167 1.6722031e-15 2.0084096e-15 1
2259.836 -9.2403576e-16 1.6460748e-15 1
2262.505 -2.4382652e-15 1.330137e-15 1
2265.175 -5.3722811e-16 1.4040465e-15 1
2267.844 -2.1015192e-16 1.417638e-15 1
2270.513 3.0940081e-16 1.4566443e-15 1
2273.182 1.6490102e-15 1.5830675e-15 1
2275.852 5.0307394e-16 1.4737912e-15 1
2278.521 -2.1481988e-17 1.361853e-15 1
2281.19 -1.088553e-16 1.3640048e-15 1
2283.86 -9.5750944e-16 1.3080705e-15 1
2286.529 -3.9147348e-16 1.3061893e-15 1
2289.198 4.0686209e-16 1.4473884e-15 1
2291.867 5.5141967e-16 1.5833035e-15 1
2294.537 2.0047285e-16 1.5660203e-15 1
2297.206 5.9463153e-16 1.5201792e-15 1
2299.875 7.3800033e-16 1.3611782e-15 1
2302.545 7.0762807e-17 1.3081685e-15 1
2305.214 1.4572679e-16 1.307283e-15 1
2307.883 1.9380688e-15 1.3179088e-15 1
2310.553 2.169676e-15 1.3062605e-15 1
2313.222 9.2710223e-16 1.4053222e-15 1
2315.891 1.7539055e-15 1.6422231e-15 1
2318.561 2.0373148e-15 1.528886e-15 1
2321.23 1.4166465e-15 1.2477574e-15 1
2323.899 1.1015951e-15 1.1680056e-15 1
2326.568 2.7057745e-16 1.1691804e-15 1
2329.238 -2.0061513e-16 1.0900176e-15 1
2331.907 -1.9613969e-16 1.0140006e-15 1
2334.576 -2.3878992e-16 9.875267e-16 1
2337.246 1.7313016e-16 1.0112086e-15 1
2339.915 1.3477431e-16 1.0083578e-15 1
2342.584 1.4142189e-16 9.9689933e-16 1
2345.253 4.2237555e-16 1.0095323e-15 1
2347.923 3.9000965e-16 1.0377223e-15 1
2350.592 1.2542337e-15 1.076457e-15 1
2353.261 1.750532e-15 1.0270684e-15 1
2355.931 4.7193806e-16 9.0416818e-16 1
2358.6 3.4435407e-16 8.8007041e-16 1
2361.269 9.4649956e-17 1.0892748e-15 1
2363.938 4.0327273e-16 1.1365578e-15 1
2366.608 1.9812e-16 9.6133655e-16 1
2369.277 6.0134045e-17 9.0105427e-16 1
2371.947 1.9503442e-16 8.4553243e-16 1
2374.616 3.1618533e-16 7.9337129e-16 1
2377.285 3.1063152e-16 9.5221962e-16 1
2379.954 3.9049534e-16 9.2498539e-16 1
2382.624 6.0701526e-16 9.0708917e-16 1
2385.293 4.0319912e-16 8.5047741e-16 1
2387.962 -3.4771113e-17 7.322747e-16 1
2390.632 1.9426203e-16 7.3798995e-16 1
2393.301 1.4856225e-16 7.1839988e-16 1
2395.97 1.4470458e-16 7.2821831e-16 1
2398.64 2.9753115e-16 7.3217004e-16 1
2401.309 -6.025844e-17 6.7949407e-16 1
2403.978 1.5800268e-16 6.8525378e-16 1
2406.647 7.4816943e-16 8.0137189e-16 1
2409.317 6.8060251e-16 7.5128265e-16 1
2411.986 1.3074816e-16 6.3539912e-16 1
2414.655 -3.2469092e-16 6.2610441e-16 1
2417.325 2.8282004e-16 6.7181349e-16 1
2419.994 1.2537097e-16 6.6283203e-16 1
2422.663 5.6911985e-16 6.585984e-16 1
2425.333 9.9858715e-16 6.6078517e-16 1
2428.002 2.3051978e-16 6.297285e-16 1
2430.671 -1.6351655e-16 6.0402888e-16 1
2433.34 1.784875e-16 8.0077505e-16 1
2436.01 9.2200203e-16 8.4476136e-16 1
2438.679 9.5583994e-16 6.8608043e-16 1
2441.348 4.6900887e-16 5.8235495e-16 1
2444.018 -1.9247167e-16 7.1171075e-16 1
2446.687 8.2551977e-17 6.6513437e-16 1
2449.356 6.0195349e-16 5.7840857e-16 1
2452.025 8.2419281e-16 5.8213419e-16 1
2454.695 6.5427107e-16 5.6510608e-16 1
2457.364 4.6254087e-16 5.4329916e-16 1
2460.033 7.2320742e-16 5.5115687e-16 1
2462.703 2.3772888e-16 5.1980289e-16 1
2465.372 1.7962306e-16 5.132756e-16 1
2468.041 5.118951e-16 5.2607025e-16 1
2470.71 1.4681209e-16 4.9712517e-16 1
2473.38 5.5930605e-17 5.2012016e-16 1
2476.049 4.7157892e-16 5.1029368e-16 1
2478.719 2.7674687e-16 4.7942869e-16 1
2481.388 4.3159849e-16 4.9579072e-16 1
2484.057 -1.5650629e-16 4.6216971e-16 1
2486.726 6.0738668e-16 4.9683639e-16 1
2489.396 7.4214396e-16 4.8267617e-16 1
2492.065 5.219155e-16 4.6362253e-16 1
2494.734 6.8973808e-16 5.5265162e-16 1
2497.404 3.1179293e-16 4.8845071e-16 1
2500.073 3.5169451e-16 4.5419304e-16 1
2502.742 4.6224933e-16 4.6449704e-16 1
2505.412 5.5684073e-16 8.5147241e-16 1
2508.081 1.3242651e-16 7.0514826e-16 1
2510.75 -1.7380833e-16 4.8149434e-16 1
2513.419 1.4065046e-16 4.4937184e-16 1
2516.089 5.1348879e-16 4.4526923e-16 1
2518.758 4.6693893e-16 4.288076e-16 1
2521.427 2.3029333e-16 6.7579364e-16 1
2524.097 1.8909886e-16 5.3675731e-16 1
2526.766 -3.1512699e-17 3.8399476e-16 1
2529.435 2.8500032e-17 3.8629136e-16 1
2532.104 3.4393993e-16 4.0128429e-16 1
2534.774 2.8014278e-16 4.4099712e-16 1
2537.443 1.0380072e-16 3.9588631e-16 1
2540.112 4.1035816e-16 3.8750159e-16 1
2542.782 9.2512324e-16 4.0033292e-16 1
2545.451 1.0237892e-15 4.0952386e-16 1
2548.12 3.4486176e-16 3.7482224e-16 1
2550.79 2.5284688e-16 3.5674974e-16 1
2553.459 4.6338086e-16 3.680373e-16 1
2556.128 2.5938896e-16 3.5175799e-16 1
2558.797 1.8315441e-16 3.5606806e-16 1
2561.467 1.7804139e-16 3.3777522e-16 1
2564.136 4.2066007e-16 3.3687654e-16 1
2566.805 5.599017e-16 3.4364598e-16 1
2569.475 2.3264819e-16 3.3103077e-16 1
2572.144 2.3262143e-16 3.3088093e-16 1
2574.813 2.8534422e-16 3.3343071e-16 1
2577.483 5.3810431e-16 3.3977731e-16 1
2580.152 4.0373902e-16 3.403102e-16 1
2582.821 4.7810208e-16 3.4317527e-16 1
2585.49 4.8479068e-16 3.2996936e-16 1
2588.16 5.9051934e-16 3.3583128e-16 1
2590.829 6.2893758e-16 3.3626403e-16 1
2593.499 3.2110315e-16 3.1712606e-16 1
2596.168 2.4990164e-16 3.0426728e-16 1
2598.837 3.595103e-16 3.0424166e-16 1
2601.506 -3.6055743e-19 2.8915217e-16 1
2604.176 -5.4582095e-17 2.8360082e-16 1
2606.845 5.0597206e-16 3.0263283e-16 1
2609.514 6.8065371e-16 3.1599379e-16 1
2612.184 6.7245729e-16 3.0894693e-16 1
2614.853 7.4330715e-16 3.0314393e-16 1
2617.522 7.2967034e-16 2.9820809e-16 1
2620.191 2.97098e-16 2.772495e-16 1
2622.861 3.7521328e-16 2.8641239e-16 1
2625.53 6.0074838e-16 2.91484e-16 1
2628.199 5.6718025e-16 2.8548134e-16 1
2630.869 3.3623081e-16 2.7147017e-16 1
2633.538 4.8966578e-16 2.8373791e-16 1
2636.207 9.9344132e-16 2.9953025e-16 1
2638.876 5.0840543e-16 2.785727e-16 1
2641.546 3.437485e-16 2.6518248e-16 1
2644.215 6.4142158e-16 2.7665046e-16 1
2646.884 4.6353084e-16 2.6135445e-16 1
2649.554 5.4654785e-16 2.6484497e-16 1
2652.223 5.7189261e-16 2.6687414e-16 1
2654.892 6.628711e-16 2.7520505e-16 1
2657.562 8.3773046e-16 2.7129692e-16 1
2660.231 1.0279773e-15 2.7890328e-16 1
2662.9 9.3416701e-16 2.7696895e-16 1
2665.57 5.9714986e-16 2.5909764e-16 1
2668.239 6.1596919e-16 2.6020627e-16 1
2670.908 6.4197485e-16 2.6256184e-16 1
2673.577 8.7221158e-16 2.6659258e-16 1
2676.247 1.1147848e-15 2.757417e-16 1
2678.916 1.277841e-15 2.6990358e-16 1
2681.585 1.2671705e-15 2.703438e-16 1
2684.255 9.8298512e-16 2.5943703e-16 1
2686.924 1.1148715e-15 2.6463485e-16 1
2689.593 9.2846818e-16 2.6137629e-16 1
2692.262 9.3377314e-16 2.565608e-16 1
2694.932 9.4747284e-16 2.5739743e-16 1
2697.601 1.0190318e-15 2.6118573e-16 1
2700.271 8.185701e-16 2.5068964e-16 1
2702.94 8.2428318e-16 2.4825869e-16 1
2705.609 9.8969606e-16 2.5441932e-16 1
2708.278 1.1057942e-15 2.5880046e-16 1
2710.948 1.2949678e-15 2.6996393e-16 1
2713.617 6.4089552e-16 2.4520489e-16 1
2716.286 6.4728823e-16 2.4199437e-16 1
2718.956 6.7270134e-16 2.4801196e-16 1
2721.625 6.5540392e-16 2.4700386e-16 1
2724.294 1.1838154e-15 2.5500078e-16 1
2726.963 1.2932988e-15 2.5442355e-16 1
2729.633 1.0579404e-15 2.4872458e-16 1
2732.302 1.2743093e-15 2.5736064e-16 1
2734.971 1.5976267e-15 2.6683896e-16 1
2737.641 1.2154929e-15 2.5685374e-16 1
2740.31 1.5215655e-15 2.6704908e-16 1
2742.979 1.4638426e-15 2.598552e-16 1
2745.648 9.5546513e-16 2.4286745e-16 1
2748.318 1.4620909e-15 2.5720412e-16 1
2750.987 1.4236175e-15 2.5414525e-16 1
2753.656 1.6396858e-15 2.620045e-16 1
2756.326 1.3931366e-15 2.514848e-16 1
2758.995 1.4631154e-15 2.5496848e-16 1
2761.664 8.9756376e-16 2.3463382e-16 1
2764.333 1.0500409e-15 2.3677604e-16 1
2767.003 1.0254081e-15 2.3863697e-16 1
2769.672 1.4810153e-15 2.523147e-16 1
2772.342 1.6200677e-15 2.5103627e-16 1
2775.011 2.120756e-15 2.6431488e-16 1
2777.68 2.378503e-15 2.7340916e-16 1
2780.349 2.0238213e-15 2.6688491e-16 1
2783.019 1.91505e-15 2.715829e-16 1
2785.688 2.2133517e-15 2.7374466e-16 1
2788.357 2.0694669e-15 2.6617187e-16 1
2791.027 2.0253138e-15 2.6546404e-16 1
2793.696 1.9910297e-15 2.6606094e-16 1
2796.365 2.0539693e-15 2.7017826e-16 1
2799.034 2.0340412e-15 2.6634067e-16 1
2801.704 2.281919e-15 2.7243833e-16 1
2804.373 2.0264846e-15 2.7131251e-16 1
2807.042 2.1394578e-15 2.8453443e-16 1
2809.712 2.1997871e-15 2.6546566e-16 1
2812.381 2.6706862e-15 2.755773e-16 1
2815.05 3.3283823e-15 2.9042997e-16 1
2817.72 3.1478929e-15 2.8585236e-16 1
2820.389 3.9659023e-15 3.058961e-16 1
2823.058 3.8393861e-15 2.9876062e-16 1
2825.728 3.510711e-15 2.8487108e-16 1
2828.397 3.7455801e-15 2.8503199e-16 1
2831.066 3.3636468e-15 2.7641809e-16 1
2833.735 3.7121418e-15 2.8437583e-16 1
2836.405 3.8618976e-15 2.9036827e-16 1
2839.074 3.653677e-15 2.8993083e-16 1
2841.743 4.1756818e-15 3.0672384e-16 1
2844.413 3.9845734e-15 2.9633826e-16 1
2847.082 4.2419639e-15 3.0672037e-16 1
2849.751 4.3522022e-15 3.1519197e-16 1
2852.42 3.7513188e-15 3.0000613e-16 1
2855.09 4.2716071e-15 3.1239046e-16 1
2857.759 4.3752204e-15 3.2315975e-16 1
2860.428 4.2432344e-15 3.259144e-16 1
2863.098 4.8579038e-15 3.4402349e-16 1
2865.767 5.3858281e-15 3.5664007e-16 1
2868.436 6.0846345e-15 3.7463711e-16 1
2871.105 6.2565127e-15 3.8033188e-16 1
2873.775 6.6024367e-15 3.8514969e-16 1
2876.444 6.9252342e-15 3.9687337e-16 1
2879.114 6.4849859e-15 3.744473e-16 1
2881.783 5.4725558e-15 3.5269946e-16 1
2884.452 4.4513449e-15 3.335148e-16 1
2887.122 4.2748271e-15 3.2850532e-16 1
2889.791 4.6918298e-15 3.2943131e-16 1
2892.46 4.7007271e-15 3.2664547e-16 1
2895.129 4.5264399e-15 3.192748e-16 1
2897.799 3.7097121e-15 2.9728546e-16 1
2900.468 3.4138685e-15 2.8548653e-16 1
2903.137 3.7448114e-15 2.9107533e-16 1
2905.807 3.7010677e-15 2.8541297e-16 1
2908.476 3.7697422e-15 2.8326516e-16 1
2911.145 3.6814729e-15 2.8338464e-16 1
2913.814 3.6802438e-15 2.8531831e-16 1
2916.484 3.7500347e-15 2.851574e-16 1
2919.153 4.3027491e-15 3.0412138e-16 1
2921.822 4.5717261e-15 3.1317794e-16 1
2924.492 4.0335883e-15 3.0406003e-16 1
2927.161 3.7117657e-15 2.9557956e-16 1
2929.83 3.9622566e-15 2.9714263e-16 1
2932.5 3.9447769e-15 2.9820213e-16 1
2935.169 3.8674961e-15 2.968455e-16 1
2937.838 3.3016444e-15 2.8782447e-16 1
2940.507 3.4448381e-15 2.8932425e-16 1
2943.177 3.7641555e-15 2.9920909e-16 1
2945.846 3.5381464e-15 2.9680778e-16 1
2948.515 4.1813532e-15 3.0946476e-16 1
2951.185 4.4213218e-15 3.1618729e-16 1
2953.854 3.6733435e-15 3.0017416e-16 1
2956.523 3.4511568e-15 2.968936e-16 1
2959.192 4.0474279e-15 3.1123728e-16 1
2961.862 3.7989538e-15 3.0638852e-16 1
2964.531 4.0980945e-15 3.1830903e-16 1
2967.2 4.2725795e-15 3.2359531e-16 1
2969.87 3.4687759e-15 3.057637e-16 1
2972.539 3.2953878e-15 3.0311267e-16 1
2975.208 3.6692862e-15 3.1726437e-16 1
2977.877 3.7765587e-15 3.2254035e-16 1
2980.547 3.9141003e-15 3.2742191e-16 1
2983.216 4.0043745e-15 3.3202463e-16 1
2985.885 3.5661294e-15 3.24293e-16 1
2988.555 3.5372977e-15 3.2732622e-16 1
2991.224 3.9268286e-15 3.530765e-16 1
2993.894 4.2538588e-15 3.4241505e-16 1
2996.563 4.1379626e-15 3.3891313e-16 1
2999.232 3.7304746e-15 3.2964624e-16 1
3001.901 3.9548324e-15 3.4113183e-16 1
3004.571 4.1782293e-15 3.5538236e-16 1
3007.24 4.9086055e-15 3.7819169e-16 1
3009.909 5.2485566e-15 3.9269154e-16 1
3012.579 5.6283497e-15 4.0841306e-16 1
3015.248 5.6637286e-15 4.1229517e-16 1
3017.917 5.7950454e-15 4.2003276e-16 1
3020.586 6.4036983e-15 4.374144e-16 1
3023.256 7.2954533e-15 4.5725009e-16 1
3025.925 7.6495681e-15 4.6702639e-16 1
3028.594 7.3697914e-15 4.6843124e-16 1
3031.264 7.6894015e-15 4.8709731e-16 1
3033.933 7.4325667e-15 4.8714109e-16 1
3036.602 8.3321818e-15 5.0194272e-16 1
3039.271 8.6312505e-15 5.0984771e-16 1
3041.941 8.3010576e-15 5.069399e-16 1
3044.61 8.4769914e-15 5.0497336e-16 1
3047.279 8.1150491e-15 5.0235809e-16 1
3049.949 5.8095614e-15 8.025968e-16 1
3052.618 7.0356026e-15 1.8059545e-15 1
3055.287 9.3195545e-15 2.4329567e-15 1
3057.957 9.9188405e-15 2.0844039e-15 1
3060.626 8.7070853e-15 2.0234095e-15 1
3063.295 8.6918388e-15 5.2564514e-16 1
3065.964 9.4376868e-15 5.3588731e-16 1
3068.634 9.2228039e-15 5.2574043e-16 1
3071.303 8.9814105e-15 5.2208909e-16 1
3073.972 8.7754121e-15 5.1876326e-16 1
3076.642 7.9962858e-15 5.069479e-16 1
3079.311 8.3182396e-15 5.1676654e-16 1
3081.98 7.8605284e-15 5.1770056e-16 1
3084.65 8.0096232e-15 5.3250209e-16 1
3087.319 8.2282813e-15 5.407443e-16 1
3089.988 8.5410847e-15 5.5515926e-16 1
3092.657 8.2456557e-15 5.6299178e-16 1
3095.327 7.6569864e-15 5.6393643e-16 1
3097.996 7.7246948e-15 5.7818289e-16 1
3100.666 7.8127846e-15 5.9592722e-16 1
3103.335 7.715242e-15 6.1191799e-16 1
3106.004 7.7980166e-15 6.2954734e-16 1
3108.673 7.3515531e-15 6.3915931e-16 1
3111.343 7.549603e-15 6.607416e-16 1
3114.012 7.8598101e-15 6.7679521e-16 1
3116.681 7.7255537e-15 6.8003887e-16 1
3119.351 7.2626883e-15 6.7584886e-16 1
3122.02 7.6056444e-15 7.0245406e-16 1
3124.689 8.2976813e-15 7.4709095e-16 1
3127.358 8.1056826e-15 7.1226651e-16 1
3130.028 6.7337662e-15 6.9245981e-16 1
3132.697 5.7670797e-15 6.8336728e-16 1
3135.366 5.9891099e-15 7.0679399e-16 1
3138.036 6.5444743e-15 7.5437622e-16 1
3140.705 6.8592809e-15 7.6044066e-16 1
3143.374 6.9542612e-15 7.8733242e-16 1
3146.043 5.5983389e-15 7.826747e-16 1
3148.713 5.2285129e-15 7.8234012e-16 1
3151.382 5.9359277e-15 8.0735522e-16 1
3154.051 5.7012513e-15 8.080337e-16 1
3156.721 5.4236498e-15 8.2435263e-16 1
3159.39 6.1944993e-15 8.5903636e-16 1
3162.059 6.6245062e-15 8.8607413e-16 1
3164.729 7.7827877e-15 9.2498666e-16 1
3167.398 8.1889053e-15 9.4620484e-16 1
3170.067 6.6332781e-15 9.4129024e-16 1
3172.737 5.0052541e-15 9.2769949e-16 1
3175.406 4.7241348e-15 9.287153e-16 1
3178.075 4.5729788e-15 9.4142683e-16 1
3180.744 4.9012414e-15 9.6030253e-16 1
3183.414 4.926095e-15 9.7232204e-16 1
3186.083 5.666686e-15 1.0049175e-15 1
3188.752 6.640967e-15 1.0527867e-15 1
3191.422 6.0126939e-15 1.0619758e-15 1
3194.091 6.1315677e-15 1.0723304e-15 1
3196.76 6.2400841e-15 1.0919303e-15 1
3199.43 5.1837146e-15 1.0901587e-15 1
3202.099 5.4053132e-15 1.1448434e-15 1
3204.768 6.9452611e-15 1.2490195e-15 1
3207.438 6.1950016e-15 1.2492e-15 1
3210.107 5.161571e-15 1.2223685e-15 1
3212.776 5.6470869e-15 1.266206e-15 1
3215.445 4.9146872e-15 1.3069298e-15 1
3218.115 2.8218727e-15 1.2936245e-15 1
3220.784 2.6853011e-15 1.2976332e-15 1
3223.453 5.4841055e-15 1.3847369e-15 1
3226.123 5.6516541e-15 1.416398e-15 1
3228.792 4.7865679e-15 1.4881674e-15 1
3231.461 5.002558e-15 1.5835689e-15 1
3234.13 5.5413844e-15 1.5389215e-15 1
3236.8 7.1638006e-15 1.5983377e-15 1
3239.469 7.7392384e-15 1.6411476e-15 1
3242.138 5.5527262e-15 1.6273933e-15 1
3244.808 4.1954215e-15 1.6213051e-15 1
3247.477 4.7722378e-15 1.6659037e-15 1
3250.146 6.1387688e-15 1.8928279e-15 1
3252.815 1.032416e-14 2.1157612e-15 1
3255.485 1.973036e-14 2.0493913e-15 1
3258.154 2.8407696e-14 2.1872462e-15 1
3260.823 2.5496009e-14 2.1710909e-15 1
3263.493 1.4636694e-14 2.0628727e-15 1
3266.162 5.4653518e-15 1.9535856e-15 1
3268.831 2.2178143e-15 1.9274557e-15 1
3271.5 5.283664e-15 2.0639171e-15 1
3274.17 9.5618017e-15 2.2454162e-15 1
3276.839 9.1948061e-15 2.2575067e-15 1
3279.509 6.5335713e-15 2.2057591e-15 1
3282.178 6.3593713e-15 2.2622556e-15 1
3284.847 5.7837167e-15 2.3255357e-15 1
3287.517 6.2419963e-15 2.4262613e-15 1
3290.186 8.9576656e-15 2.5633546e-15 1
3292.855 1.217389e-14 2.6066776e-15 1
3295.524 1.5666098e-14 2.6458592e-15 1
3298.194 1.543384e-14 2.6924996e-15 1
3300.863 1.2973783e-14 2.7140282e-15 1
3303.532 1.0401168e-14 2.7545266e-15 1
3306.202 9.0984688e-15 2.8256039e-15 1
3308.871 1.017062e-14 2.927727e-15 1
3311.54 7.9166952e-15 3.0952405e-15 1
3314.209 2.9927161e-15 3.3885606e-15 1
3316.879 3.1929553e-15 3.6010492e-15 1
3319.548 9.918511e-15 3.9501314e-15 1
3322.217 1.7194918e-14 4.2064173e-15 1
3324.887 1.9113486e-14 4.0548856e-15 1
3327.556 1.3409908e-14 4.059139e-15 1
3330.225 6.4348991e-15 4.0320805e-15 1
3332.895 1.9632475e-15 3.9199804e-15 1
3335.564 -5.2107951e-15 3.6953858e-15 1
3338.233 -9.8176269e-15 3.8554051e-15 1
3340.902 -1.0156603e-14 4.390879e-15 1
3343.572 -5.4930438e-15 5.2221711e-15 1
3346.241 -2.0700975e-15 5.6114688e-15 1
3348.91 -1.0469173e-15 4.028977e-15 1
