# converted by J. Guy, 2010-10-18
# from Matheson et al. 2008AJ....135.1598M
@Redshift 0.002992
@FORMAT STD
@Date 50995
@SELECTED_FOR_SNLS3_TRAINING 1
@SN sn1998bu
@SURVEY CFA_LOWZ_SPEC
@Source Matheson
#WAVE : wavelength, observer frame, in A
#FLUX : erg/s/cm2/A
#ERR  : statistical uncertainty on flux
#VALID : 1=ok 0=ignore
#end
3720 5.52543e-15 4.22025e-16 1
3721.5 5.96848e-15 4.22025e-16 1
3723 5.56637e-15 4.22025e-16 1
3724.5 5.69508e-15 4.22025e-16 1
3726 7.19982e-15 4.22025e-16 1
3727.5 7.39754e-15 4.22025e-16 1
3729 6.89436e-15 4.22025e-16 1
3730.5 6.92933e-15 4.22025e-16 1
3732 6.28969e-15 4.22025e-16 1
3733.5 6.31957e-15 4.22025e-16 1
3735 6.67543e-15 4.22025e-16 1
3736.5 6.57742e-15 4.22025e-16 1
3738 6.26691e-15 4.22025e-16 1
3739.5 5.50176e-15 4.22025e-16 1
3741 5.59792e-15 4.22025e-16 1
3742.5 6.70905e-15 4.22025e-16 1
3744 6.59274e-15 4.22025e-16 1
3745.5 6.27322e-15 4.22025e-16 1
3747 5.95793e-15 4.22025e-16 1
3748.5 5.73255e-15 4.22025e-16 1
3750 5.92861e-15 4.22025e-16 1
3751.5 5.98238e-15 4.22025e-16 1
3753 6.21091e-15 4.22025e-16 1
3754.5 5.83795e-15 4.22025e-16 1
3756 5.36545e-15 4.22025e-16 1
3757.5 6.39517e-15 4.22025e-16 1
3759 6.37942e-15 4.22025e-16 1
3760.5 5.6488e-15 4.22025e-16 1
3762 5.62286e-15 4.22025e-16 1
3763.5 5.72355e-15 4.22025e-16 1
3765 6.0387e-15 4.22025e-16 1
3766.5 5.51201e-15 4.22025e-16 1
3768 4.82629e-15 4.22025e-16 1
3769.5 5.11621e-15 4.22025e-16 1
3771 5.57489e-15 4.22025e-16 1
3772.5 5.90526e-15 4.22025e-16 1
3774 5.33823e-15 4.22025e-16 1
3775.5 4.90482e-15 4.22025e-16 1
3777 5.37044e-15 4.22025e-16 1
3778.5 4.69812e-15 4.22025e-16 1
3780 3.87604e-15 4.22025e-16 1
3781.5 3.90598e-15 4.22025e-16 1
3783 4.22117e-15 4.22025e-16 1
3784.5 4.25389e-15 4.22025e-16 1
3786 3.85098e-15 4.22025e-16 1
3787.5 3.73209e-15 4.22025e-16 1
3789 3.95363e-15 4.22025e-16 1
3790.5 3.99515e-15 4.22025e-16 1
3792 3.79167e-15 4.22025e-16 1
3793.5 3.73713e-15 4.22025e-16 1
3795 3.80519e-15 4.22025e-16 1
3796.5 3.48364e-15 4.22025e-16 1
3798 3.42735e-15 4.22025e-16 1
3799.5 3.4585e-15 4.22025e-16 1
3801 3.48771e-15 4.22025e-16 1
3802.5 3.35633e-15 4.22025e-16 1
3804 3.14539e-15 4.22025e-16 1
3805.5 3.03916e-15 4.22025e-16 1
3807 2.99349e-15 4.22025e-16 1
3808.5 2.78254e-15 4.22025e-16 1
3810 2.50589e-15 4.22025e-16 1
3811.5 3.31511e-15 4.22025e-16 1
3813 3.53223e-15 4.22025e-16 1
3814.5 3.23873e-15 4.22025e-16 1
3816 2.84245e-15 4.22025e-16 1
3817.5 2.66734e-15 4.22025e-16 1
3819 2.52101e-15 4.22025e-16 1
3820.5 2.96743e-15 4.48678e-16 1
3822 2.94365e-15 4.48678e-16 1
3823.5 2.72283e-15 4.48678e-16 1
3825 2.33994e-15 4.48678e-16 1
3826.5 2.67681e-15 4.48678e-16 1
3828 3.41375e-15 4.48678e-16 1
3829.5 2.95268e-15 4.48678e-16 1
3831 3.15454e-15 4.48678e-16 1
3832.5 3.56215e-15 4.48678e-16 1
3834 2.69904e-15 4.48678e-16 1
3835.5 3.1435e-15 4.48678e-16 1
3837 2.49731e-15 4.48678e-16 1
3838.5 2.28743e-15 4.48678e-16 1
3840 3.1425e-15 4.48678e-16 1
3841.5 3.55102e-15 4.48678e-16 1
3843 3.2105e-15 4.48678e-16 1
3844.5 3.28236e-15 4.48678e-16 1
3846 3.74648e-15 4.48678e-16 1
3847.5 3.97623e-15 4.48678e-16 1
3849 3.73764e-15 4.48678e-16 1
3850.5 4.25991e-15 4.48678e-16 1
3852 4.38933e-15 4.48678e-16 1
3853.5 4.48673e-15 4.48678e-16 1
3855 4.49776e-15 4.48678e-16 1
3856.5 4.58477e-15 4.48678e-16 1
3858 4.75768e-15 4.48678e-16 1
3859.5 5.06553e-15 4.48678e-16 1
3861 4.96101e-15 4.48678e-16 1
3862.5 4.66923e-15 4.48678e-16 1
3864 4.67971e-15 4.48678e-16 1
3865.5 5.08961e-15 4.48678e-16 1
3867 5.55372e-15 4.48678e-16 1
3868.5 6.40464e-15 4.48678e-16 1
3870 6.31084e-15 4.48678e-16 1
3871.5 6.29914e-15 4.48678e-16 1
3873 6.09637e-15 4.48678e-16 1
3874.5 5.93411e-15 4.48678e-16 1
3876 6.81355e-15 4.48678e-16 1
3877.5 6.63789e-15 4.48678e-16 1
3879 6.0268e-15 4.48678e-16 1
3880.5 5.82261e-15 4.48678e-16 1
3882 6.70358e-15 4.48678e-16 1
3883.5 7.09319e-15 4.48678e-16 1
3885 7.81014e-15 4.48678e-16 1
3886.5 7.43527e-15 4.48678e-16 1
3888 7.06112e-15 4.48678e-16 1
3889.5 7.54633e-15 4.48678e-16 1
3891 7.43596e-15 4.48678e-16 1
3892.5 8.00458e-15 4.48678e-16 1
3894 7.59298e-15 4.48678e-16 1
3895.5 7.50846e-15 4.48678e-16 1
3897 8.60963e-15 4.48678e-16 1
3898.5 7.4308e-15 4.48678e-16 1
3900 7.12895e-15 4.48678e-16 1
3901.5 9.23756e-15 4.48678e-16 1
3903 8.54509e-15 4.48678e-16 1
3904.5 8.2467e-15 4.48678e-16 1
3906 8.94607e-15 4.48678e-16 1
3907.5 8.44842e-15 4.48678e-16 1
3909 8.70401e-15 4.48678e-16 1
3910.5 9.27292e-15 4.48678e-16 1
3912 9.36887e-15 4.48678e-16 1
3913.5 9.40522e-15 4.48678e-16 1
3915 9.23748e-15 4.48678e-16 1
3916.5 9.32748e-15 4.48678e-16 1
3918 9.46326e-15 4.48678e-16 1
3919.5 1.00768e-14 4.48678e-16 1
3921 9.71181e-15 4.02669e-16 1
3922.5 9.56382e-15 4.02669e-16 1
3924 9.98453e-15 4.02669e-16 1
3925.5 9.61845e-15 4.02669e-16 1
3927 9.70157e-15 4.02669e-16 1
3928.5 1.00671e-14 4.02669e-16 1
3930 9.8417e-15 4.02669e-16 1
3931.5 9.58583e-15 4.02669e-16 1
3933 9.76268e-15 4.02669e-16 1
3934.5 9.92226e-15 4.02669e-16 1
3936 1.06173e-14 4.02669e-16 1
3937.5 1.06637e-14 4.02669e-16 1
3939 1.05512e-14 4.02669e-16 1
3940.5 1.04986e-14 4.02669e-16 1
3942 1.05094e-14 4.02669e-16 1
3943.5 1.07064e-14 4.02669e-16 1
3945 1.06531e-14 4.02669e-16 1
3946.5 1.07455e-14 4.02669e-16 1
3948 1.07799e-14 4.02669e-16 1
3949.5 1.14317e-14 4.02669e-16 1
3951 1.1628e-14 4.02669e-16 1
3952.5 1.16457e-14 4.02669e-16 1
3954 1.12116e-14 4.02669e-16 1
3955.5 1.20187e-14 4.02669e-16 1
3957 1.19414e-14 4.02669e-16 1
3958.5 1.17505e-14 4.02669e-16 1
3960 1.16402e-14 4.02669e-16 1
3961.5 1.12813e-14 4.02669e-16 1
3963 1.18238e-14 4.02669e-16 1
3964.5 1.17427e-14 4.02669e-16 1
3966 1.20158e-14 4.02669e-16 1
3967.5 1.19806e-14 4.02669e-16 1
3969 1.2157e-14 4.02669e-16 1
3970.5 1.213e-14 4.02669e-16 1
3972 1.24807e-14 4.02669e-16 1
3973.5 1.18133e-14 4.02669e-16 1
3975 1.24107e-14 4.02669e-16 1
3976.5 1.28398e-14 4.02669e-16 1
3978 1.25538e-14 4.02669e-16 1
3979.5 1.28228e-14 4.02669e-16 1
3981 1.24273e-14 4.02669e-16 1
3982.5 1.26043e-14 4.02669e-16 1
3984 1.30701e-14 4.02669e-16 1
3985.5 1.29216e-14 4.02669e-16 1
3987 1.29998e-14 4.02669e-16 1
3988.5 1.26173e-14 4.02669e-16 1
3990 1.23273e-14 4.02669e-16 1
3991.5 1.17277e-14 4.02669e-16 1
3993 1.18408e-14 4.02669e-16 1
3994.5 1.1911e-14 4.02669e-16 1
3996 1.17374e-14 4.02669e-16 1
3997.5 1.23942e-14 4.02669e-16 1
3999 1.22535e-14 4.02669e-16 1
4000.5 1.22364e-14 4.02669e-16 1
4002 1.2179e-14 4.02669e-16 1
4003.5 1.19358e-14 4.02669e-16 1
4005 1.19508e-14 4.02669e-16 1
4006.5 1.18092e-14 4.02669e-16 1
4008 1.14876e-14 4.02669e-16 1
4009.5 1.10889e-14 4.02669e-16 1
4011 1.14905e-14 4.02669e-16 1
4012.5 1.16789e-14 4.02669e-16 1
4014 1.14091e-14 4.02669e-16 1
4015.5 1.10322e-14 4.02669e-16 1
4017 1.06485e-14 4.02669e-16 1
4018.5 1.08096e-14 4.02669e-16 1
4020 1.07607e-14 4.05134e-16 1
4021.5 1.05014e-14 4.05134e-16 1
4023 1.06061e-14 4.05134e-16 1
4024.5 1.05225e-14 4.05134e-16 1
4026 1.00244e-14 4.05134e-16 1
4027.5 9.89391e-15 4.05134e-16 1
4029 1.00421e-14 4.05134e-16 1
4030.5 9.60066e-15 4.05134e-16 1
4032 9.36595e-15 4.05134e-16 1
4033.5 1.02064e-14 4.05134e-16 1
4035 9.694e-15 4.05134e-16 1
4036.5 8.8932e-15 4.05134e-16 1
4038 9.24505e-15 4.05134e-16 1
4039.5 9.04462e-15 4.05134e-16 1
4041 9.1803e-15 4.05134e-16 1
4042.5 9.33794e-15 4.05134e-16 1
4044 9.42477e-15 4.05134e-16 1
4045.5 8.66949e-15 4.05134e-16 1
4047 8.18799e-15 4.05134e-16 1
4048.5 8.49648e-15 4.05134e-16 1
4050 9.11105e-15 4.05134e-16 1
4051.5 9.1744e-15 4.05134e-16 1
4053 8.97976e-15 4.05134e-16 1
4054.5 9.27649e-15 4.05134e-16 1
4056 8.73903e-15 4.05134e-16 1
4057.5 8.68572e-15 4.05134e-16 1
4059 9.06096e-15 4.05134e-16 1
4060.5 8.62879e-15 4.05134e-16 1
4062 9.08879e-15 4.05134e-16 1
4063.5 8.17299e-15 4.05134e-16 1
4065 8.69311e-15 4.05134e-16 1
4066.5 8.73333e-15 4.05134e-16 1
4068 8.72615e-15 4.05134e-16 1
4069.5 8.93878e-15 4.05134e-16 1
4071 9.00416e-15 4.05134e-16 1
4072.5 8.98858e-15 4.05134e-16 1
4074 9.13997e-15 4.05134e-16 1
4075.5 8.92317e-15 4.05134e-16 1
4077 8.61681e-15 4.05134e-16 1
4078.5 8.69393e-15 4.05134e-16 1
4080 8.58158e-15 4.05134e-16 1
4081.5 8.33731e-15 4.05134e-16 1
4083 8.31095e-15 4.05134e-16 1
4084.5 8.20679e-15 4.05134e-16 1
4086 8.33594e-15 4.05134e-16 1
4087.5 8.17393e-15 4.05134e-16 1
4089 8.25182e-15 4.05134e-16 1
4090.5 8.81095e-15 4.05134e-16 1
4092 8.90494e-15 4.05134e-16 1
4093.5 8.612e-15 4.05134e-16 1
4095 8.26589e-15 4.05134e-16 1
4096.5 8.18544e-15 4.05134e-16 1
4098 8.09524e-15 4.05134e-16 1
4099.5 7.83221e-15 4.05134e-16 1
4101 7.98215e-15 4.05134e-16 1
4102.5 7.98981e-15 4.05134e-16 1
4104 7.99973e-15 4.05134e-16 1
4105.5 8.11431e-15 4.05134e-16 1
4107 8.28962e-15 4.05134e-16 1
4108.5 8.30571e-15 4.05134e-16 1
4110 8.06995e-15 4.05134e-16 1
4111.5 8.07855e-15 4.05134e-16 1
4113 7.95527e-15 4.05134e-16 1
4114.5 7.68843e-15 4.05134e-16 1
4116 8.03407e-15 4.05134e-16 1
4117.5 8.23836e-15 4.05134e-16 1
4119 8.0353e-15 4.05134e-16 1
4120.5 7.60108e-15 3.75358e-16 1
4122 7.48818e-15 3.75358e-16 1
4123.5 8.31237e-15 3.75358e-16 1
4125 7.51491e-15 3.75358e-16 1
4126.5 7.45833e-15 3.75358e-16 1
4128 7.58445e-15 3.75358e-16 1
4129.5 8.08925e-15 3.75358e-16 1
4131 7.99923e-15 3.75358e-16 1
4132.5 7.75941e-15 3.75358e-16 1
4134 7.77145e-15 3.75358e-16 1
4135.5 7.28111e-15 3.75358e-16 1
4137 7.11197e-15 3.75358e-16 1
4138.5 7.28169e-15 3.75358e-16 1
4140 7.40119e-15 3.75358e-16 1
4141.5 7.64737e-15 3.75358e-16 1
4143 8.37452e-15 3.75358e-16 1
4144.5 8.03662e-15 3.75358e-16 1
4146 8.0596e-15 3.75358e-16 1
4147.5 8.1982e-15 3.75358e-16 1
4149 7.89747e-15 3.75358e-16 1
4150.5 7.62486e-15 3.75358e-16 1
4152 7.66972e-15 3.75358e-16 1
4153.5 7.42806e-15 3.75358e-16 1
4155 7.26941e-15 3.75358e-16 1
4156.5 7.78322e-15 3.75358e-16 1
4158 8.25425e-15 3.75358e-16 1
4159.5 8.13661e-15 3.75358e-16 1
4161 8.028e-15 3.75358e-16 1
4162.5 7.84814e-15 3.75358e-16 1
4164 7.37152e-15 3.75358e-16 1
4165.5 7.4559e-15 3.75358e-16 1
4167 7.8919e-15 3.75358e-16 1
4168.5 7.95922e-15 3.75358e-16 1
4170 7.89783e-15 3.75358e-16 1
4171.5 8.35329e-15 3.75358e-16 1
4173 8.02226e-15 3.75358e-16 1
4174.5 7.77338e-15 3.75358e-16 1
4176 8.3906e-15 3.75358e-16 1
4177.5 8.39674e-15 3.75358e-16 1
4179 8.14894e-15 3.75358e-16 1
4180.5 8.2775e-15 3.75358e-16 1
4182 8.50405e-15 3.75358e-16 1
4183.5 8.47368e-15 3.75358e-16 1
4185 7.93193e-15 3.75358e-16 1
4186.5 8.73042e-15 3.75358e-16 1
4188 9.2354e-15 3.75358e-16 1
4189.5 9.2079e-15 3.75358e-16 1
4191 8.87371e-15 3.75358e-16 1
4192.5 8.40664e-15 3.75358e-16 1
4194 7.9447e-15 3.75358e-16 1
4195.5 8.7927e-15 3.75358e-16 1
4197 9.7547e-15 3.75358e-16 1
4198.5 9.35248e-15 3.75358e-16 1
4200 9.07364e-15 3.75358e-16 1
4201.5 9.47988e-15 3.75358e-16 1
4203 9.21701e-15 3.75358e-16 1
4204.5 8.74166e-15 3.75358e-16 1
4206 8.73567e-15 3.75358e-16 1
4207.5 8.72365e-15 3.75358e-16 1
4209 8.80644e-15 3.75358e-16 1
4210.5 9.16768e-15 3.75358e-16 1
4212 9.20744e-15 3.75358e-16 1
4213.5 9.0111e-15 3.75358e-16 1
4215 8.99515e-15 3.75358e-16 1
4216.5 8.84232e-15 3.75358e-16 1
4218 8.59502e-15 3.75358e-16 1
4219.5 8.88954e-15 3.75358e-16 1
4221 8.98771e-15 3.47324e-16 1
4222.5 8.77302e-15 3.47324e-16 1
4224 9.02737e-15 3.47324e-16 1
4225.5 9.0452e-15 3.47324e-16 1
4227 9.30723e-15 3.47324e-16 1
4228.5 9.77025e-15 3.47324e-16 1
4230 9.44931e-15 3.47324e-16 1
4231.5 9.2116e-15 3.47324e-16 1
4233 9.56656e-15 3.47324e-16 1
4234.5 9.26454e-15 3.47324e-16 1
4236 9.005e-15 3.47324e-16 1
4237.5 9.38822e-15 3.47324e-16 1
4239 9.73021e-15 3.47324e-16 1
4240.5 9.68555e-15 3.47324e-16 1
4242 9.19177e-15 3.47324e-16 1
4243.5 9.02441e-15 3.47324e-16 1
4245 9.48132e-15 3.47324e-16 1
4246.5 9.79852e-15 3.47324e-16 1
4248 9.60108e-15 3.47324e-16 1
4249.5 9.66685e-15 3.47324e-16 1
4251 9.6001e-15 3.47324e-16 1
4252.5 9.27861e-15 3.47324e-16 1
4254 9.39684e-15 3.47324e-16 1
4255.5 9.3995e-15 3.47324e-16 1
4257 9.38499e-15 3.47324e-16 1
4258.5 9.26382e-15 3.47324e-16 1
4260 8.9661e-15 3.47324e-16 1
4261.5 9.39091e-15 3.47324e-16 1
4263 9.71382e-15 3.47324e-16 1
4264.5 9.82427e-15 3.47324e-16 1
4266 1.02179e-14 3.47324e-16 1
4267.5 1.01269e-14 3.47324e-16 1
4269 9.78597e-15 3.47324e-16 1
4270.5 9.66649e-15 3.47324e-16 1
4272 1.0128e-14 3.47324e-16 1
4273.5 9.88456e-15 3.47324e-16 1
4275 9.70073e-15 3.47324e-16 1
4276.5 9.73923e-15 3.47324e-16 1
4278 9.82423e-15 3.47324e-16 1
4279.5 9.58202e-15 3.47324e-16 1
4281 9.65259e-15 3.47324e-16 1
4282.5 9.61727e-15 3.47324e-16 1
4284 1.00985e-14 3.47324e-16 1
4285.5 1.018e-14 3.47324e-16 1
4287 9.52395e-15 3.47324e-16 1
4288.5 1.02351e-14 3.47324e-16 1
4290 1.02198e-14 3.47324e-16 1
4291.5 1.04663e-14 3.47324e-16 1
4293 1.03916e-14 3.47324e-16 1
4294.5 1.01874e-14 3.47324e-16 1
4296 1.03664e-14 3.47324e-16 1
4297.5 1.05337e-14 3.47324e-16 1
4299 1.08027e-14 3.47324e-16 1
4300.5 1.10374e-14 3.47324e-16 1
4302 1.07923e-14 3.47324e-16 1
4303.5 1.07653e-14 3.47324e-16 1
4305 1.10548e-14 3.47324e-16 1
4306.5 1.10559e-14 3.47324e-16 1
4308 1.06814e-14 3.47324e-16 1
4309.5 1.07221e-14 3.47324e-16 1
4311 1.11262e-14 3.47324e-16 1
4312.5 1.14807e-14 3.47324e-16 1
4314 1.14671e-14 3.47324e-16 1
4315.5 1.12656e-14 3.47324e-16 1
4317 1.14194e-14 3.47324e-16 1
4318.5 1.15751e-14 3.47324e-16 1
4320 1.1391e-14 3.90749e-16 1
4321.5 1.16193e-14 3.90749e-16 1
4323 1.15837e-14 3.90749e-16 1
4324.5 1.17696e-14 3.90749e-16 1
4326 1.20132e-14 3.90749e-16 1
4327.5 1.18383e-14 3.90749e-16 1
4329 1.19808e-14 3.90749e-16 1
4330.5 1.17883e-14 3.90749e-16 1
4332 1.17326e-14 3.90749e-16 1
4333.5 1.24233e-14 3.90749e-16 1
4335 1.22363e-14 3.90749e-16 1
4336.5 1.18669e-14 3.90749e-16 1
4338 1.17496e-14 3.90749e-16 1
4339.5 1.19153e-14 3.90749e-16 1
4341 1.19699e-14 3.90749e-16 1
4342.5 1.15963e-14 3.90749e-16 1
4344 1.14766e-14 3.90749e-16 1
4345.5 1.17704e-14 3.90749e-16 1
4347 1.14913e-14 3.90749e-16 1
4348.5 1.12658e-14 3.90749e-16 1
4350 1.13188e-14 3.90749e-16 1
4351.5 1.10757e-14 3.90749e-16 1
4353 1.04664e-14 3.90749e-16 1
4354.5 1.02832e-14 3.90749e-16 1
4356 1.04882e-14 3.90749e-16 1
4357.5 1.06989e-14 3.90749e-16 1
4359 1.06771e-14 3.90749e-16 1
4360.5 1.08691e-14 3.90749e-16 1
4362 1.04835e-14 3.90749e-16 1
4363.5 1.01068e-14 3.90749e-16 1
4365 9.82024e-15 3.90749e-16 1
4366.5 9.57747e-15 3.90749e-16 1
4368 9.67086e-15 3.90749e-16 1
4369.5 9.53697e-15 3.90749e-16 1
4371 9.57122e-15 3.90749e-16 1
4372.5 9.71273e-15 3.90749e-16 1
4374 9.36348e-15 3.90749e-16 1
4375.5 8.98209e-15 3.90749e-16 1
4377 8.78249e-15 3.90749e-16 1
4378.5 8.91303e-15 3.90749e-16 1
4380 9.09652e-15 3.90749e-16 1
4381.5 8.79587e-15 3.90749e-16 1
4383 8.59884e-15 3.90749e-16 1
4384.5 8.51063e-15 3.90749e-16 1
4386 8.12637e-15 3.90749e-16 1
4387.5 7.59993e-15 3.90749e-16 1
4389 7.53568e-15 3.90749e-16 1
4390.5 7.63934e-15 3.90749e-16 1
4392 7.62122e-15 3.90749e-16 1
4393.5 7.73892e-15 3.90749e-16 1
4395 7.8531e-15 3.90749e-16 1
4396.5 7.59012e-15 3.90749e-16 1
4398 7.21777e-15 3.90749e-16 1
4399.5 6.99808e-15 3.90749e-16 1
4401 7.09526e-15 3.90749e-16 1
4402.5 6.98192e-15 3.90749e-16 1
4404 7.10601e-15 3.90749e-16 1
4405.5 7.35727e-15 3.90749e-16 1
4407 7.05458e-15 3.90749e-16 1
4408.5 7.05457e-15 3.90749e-16 1
4410 6.70429e-15 3.90749e-16 1
4411.5 6.17449e-15 3.90749e-16 1
4413 6.22376e-15 3.90749e-16 1
4414.5 6.50857e-15 3.90749e-16 1
4416 6.95385e-15 3.90749e-16 1
4417.5 6.92592e-15 3.90749e-16 1
4419 6.27601e-15 3.90749e-16 1
4420.5 6.41827e-15 2.7492e-16 1
4422 6.5038e-15 2.7492e-16 1
4423.5 6.40079e-15 2.7492e-16 1
4425 6.04846e-15 2.7492e-16 1
4426.5 6.1437e-15 2.7492e-16 1
4428 6.34441e-15 2.7492e-16 1
4429.5 6.28846e-15 2.7492e-16 1
4431 6.3961e-15 2.7492e-16 1
4432.5 6.14333e-15 2.7492e-16 1
4434 5.93673e-15 2.7492e-16 1
4435.5 5.85748e-15 2.7492e-16 1
4437 5.78106e-15 2.7492e-16 1
4438.5 6.09454e-15 2.7492e-16 1
4440 6.58519e-15 2.7492e-16 1
4441.5 6.61912e-15 2.7492e-16 1
4443 6.35383e-15 2.7492e-16 1
4444.5 6.3643e-15 2.7492e-16 1
4446 6.30961e-15 2.7492e-16 1
4447.5 6.40527e-15 2.7492e-16 1
4449 6.35158e-15 2.7492e-16 1
4450.5 6.23687e-15 2.7492e-16 1
4452 6.35149e-15 2.7492e-16 1
4453.5 6.58031e-15 2.7492e-16 1
4455 6.75994e-15 2.7492e-16 1
4456.5 6.55438e-15 2.7492e-16 1
4458 6.88562e-15 2.7492e-16 1
4459.5 7.4139e-15 2.7492e-16 1
4461 7.25062e-15 2.7492e-16 1
4462.5 7.48623e-15 2.7492e-16 1
4464 7.45376e-15 2.7492e-16 1
4465.5 6.75442e-15 2.7492e-16 1
4467 6.90269e-15 2.7492e-16 1
4468.5 7.36112e-15 2.7492e-16 1
4470 7.2937e-15 2.7492e-16 1
4471.5 7.01032e-15 2.7492e-16 1
4473 7.34986e-15 2.7492e-16 1
4474.5 7.4166e-15 2.7492e-16 1
4476 7.22806e-15 2.7492e-16 1
4477.5 7.56519e-15 2.7492e-16 1
4479 7.97787e-15 2.7492e-16 1
4480.5 7.59465e-15 2.7492e-16 1
4482 7.58174e-15 2.7492e-16 1
4483.5 7.28664e-15 2.7492e-16 1
4485 7.55296e-15 2.7492e-16 1
4486.5 7.8204e-15 2.7492e-16 1
4488 7.95591e-15 2.7492e-16 1
4489.5 7.8313e-15 2.7492e-16 1
4491 8.03683e-15 2.7492e-16 1
4492.5 8.17585e-15 2.7492e-16 1
4494 8.50115e-15 2.7492e-16 1
4495.5 8.83653e-15 2.7492e-16 1
4497 8.80621e-15 2.7492e-16 1
4498.5 8.83146e-15 2.7492e-16 1
4500 9.22128e-15 2.7492e-16 1
4501.5 9.05712e-15 2.7492e-16 1
4503 9.30124e-15 2.7492e-16 1
4504.5 9.15071e-15 2.7492e-16 1
4506 9.27317e-15 2.7492e-16 1
4507.5 9.61228e-15 2.7492e-16 1
4509 9.6111e-15 2.7492e-16 1
4510.5 9.80875e-15 2.7492e-16 1
4512 1.01533e-14 2.7492e-16 1
4513.5 1.02712e-14 2.7492e-16 1
4515 1.02161e-14 2.7492e-16 1
4516.5 1.0203e-14 2.7492e-16 1
4518 1.07531e-14 2.7492e-16 1
4519.5 1.11675e-14 2.7492e-16 1
4521 1.10255e-14 3.81122e-16 1
4522.5 1.10889e-14 3.81122e-16 1
4524 1.11073e-14 3.81122e-16 1
4525.5 1.12456e-14 3.81122e-16 1
4527 1.15914e-14 3.81122e-16 1
4528.5 1.15292e-14 3.81122e-16 1
4530 1.15018e-14 3.81122e-16 1
4531.5 1.16608e-14 3.81122e-16 1
4533 1.1774e-14 3.81122e-16 1
4534.5 1.22482e-14 3.81122e-16 1
4536 1.20403e-14 3.81122e-16 1
4537.5 1.23213e-14 3.81122e-16 1
4539 1.25287e-14 3.81122e-16 1
4540.5 1.25262e-14 3.81122e-16 1
4542 1.32354e-14 3.81122e-16 1
4543.5 1.38996e-14 3.81122e-16 1
4545 1.3759e-14 3.81122e-16 1
4546.5 1.3919e-14 3.81122e-16 1
4548 1.44465e-14 3.81122e-16 1
4549.5 1.51674e-14 3.81122e-16 1
4551 1.55276e-14 3.81122e-16 1
4552.5 1.55124e-14 3.81122e-16 1
4554 1.54942e-14 3.81122e-16 1
4555.5 1.59181e-14 3.81122e-16 1
4557 1.62948e-14 3.81122e-16 1
4558.5 1.64924e-14 3.81122e-16 1
4560 1.61398e-14 3.81122e-16 1
4561.5 1.66041e-14 3.81122e-16 1
4563 1.70145e-14 3.81122e-16 1
4564.5 1.73673e-14 3.81122e-16 1
4566 1.79393e-14 3.81122e-16 1
4567.5 1.83241e-14 3.81122e-16 1
4569 1.77244e-14 3.81122e-16 1
4570.5 1.79505e-14 3.81122e-16 1
4572 1.88933e-14 3.81122e-16 1
4573.5 1.90138e-14 3.81122e-16 1
4575 1.89346e-14 3.81122e-16 1
4576.5 1.91303e-14 3.81122e-16 1
4578 1.96343e-14 3.81122e-16 1
4579.5 2.01136e-14 3.81122e-16 1
4581 1.96955e-14 3.81122e-16 1
4582.5 2.02995e-14 3.81122e-16 1
4584 2.09432e-14 3.81122e-16 1
4585.5 2.09502e-14 3.81122e-16 1
4587 2.0651e-14 3.81122e-16 1
4588.5 2.12261e-14 3.81122e-16 1
4590 2.14418e-14 3.81122e-16 1
4591.5 2.12981e-14 3.81122e-16 1
4593 2.18098e-14 3.81122e-16 1
4594.5 2.22756e-14 3.81122e-16 1
4596 2.23588e-14 3.81122e-16 1
4597.5 2.22625e-14 3.81122e-16 1
4599 2.20807e-14 3.81122e-16 1
4600.5 2.2047e-14 3.81122e-16 1
4602 2.24847e-14 3.81122e-16 1
4603.5 2.27828e-14 3.81122e-16 1
4605 2.25038e-14 3.81122e-16 1
4606.5 2.24235e-14 3.81122e-16 1
4608 2.26763e-14 3.81122e-16 1
4609.5 2.3054e-14 3.81122e-16 1
4611 2.32074e-14 3.81122e-16 1
4612.5 2.32879e-14 3.81122e-16 1
4614 2.31993e-14 3.81122e-16 1
4615.5 2.31874e-14 3.81122e-16 1
4617 2.34033e-14 3.81122e-16 1
4618.5 2.36128e-14 3.81122e-16 1
4620 2.38983e-14 7.65955e-16 1
4621.5 2.37134e-14 7.65955e-16 1
4623 2.36888e-14 7.65955e-16 1
4624.5 2.39347e-14 7.65955e-16 1
4626 2.34288e-14 7.65955e-16 1
4627.5 2.37412e-14 7.65955e-16 1
4629 2.38979e-14 7.65955e-16 1
4630.5 2.41779e-14 7.65955e-16 1
4632 2.43782e-14 7.65955e-16 1
4633.5 2.35414e-14 7.65955e-16 1
4635 2.4031e-14 7.65955e-16 1
4636.5 2.43062e-14 7.65955e-16 1
4638 2.43808e-14 7.65955e-16 1
4639.5 2.46838e-14 7.65955e-16 1
4641 2.49891e-14 7.65955e-16 1
4642.5 2.49774e-14 7.65955e-16 1
4644 2.47772e-14 7.65955e-16 1
4645.5 2.48955e-14 7.65955e-16 1
4647 2.49599e-14 7.65955e-16 1
4648.5 2.53573e-14 7.65955e-16 1
4650 2.53661e-14 7.65955e-16 1
4651.5 2.48547e-14 7.65955e-16 1
4653 2.46266e-14 7.65955e-16 1
4654.5 2.49529e-14 7.65955e-16 1
4656 2.53313e-14 7.65955e-16 1
4657.5 2.50306e-14 7.65955e-16 1
4659 2.4374e-14 7.65955e-16 1
4660.5 2.44861e-14 7.65955e-16 1
4662 2.45735e-14 7.65955e-16 1
4663.5 2.41422e-14 7.65955e-16 1
4665 2.36584e-14 7.65955e-16 1
4666.5 2.31418e-14 7.65955e-16 1
4668 2.28928e-14 7.65955e-16 1
4669.5 2.2589e-14 7.65955e-16 1
4671 2.22829e-14 7.65955e-16 1
4672.5 2.19174e-14 7.65955e-16 1
4674 2.14467e-14 7.65955e-16 1
4675.5 2.11886e-14 7.65955e-16 1
4677 2.0878e-14 7.65955e-16 1
4678.5 2.06357e-14 7.65955e-16 1
4680 2.04022e-14 7.65955e-16 1
4681.5 1.99135e-14 7.65955e-16 1
4683 1.95019e-14 7.65955e-16 1
4684.5 1.92186e-14 7.65955e-16 1
4686 1.9074e-14 7.65955e-16 1
4687.5 1.89858e-14 7.65955e-16 1
4689 1.85683e-14 7.65955e-16 1
4690.5 1.80914e-14 7.65955e-16 1
4692 1.76882e-14 7.65955e-16 1
4693.5 1.72565e-14 7.65955e-16 1
4695 1.69794e-14 7.65955e-16 1
4696.5 1.65104e-14 7.65955e-16 1
4698 1.56471e-14 7.65955e-16 1
4699.5 1.53231e-14 7.65955e-16 1
4701 1.54471e-14 7.65955e-16 1
4702.5 1.51931e-14 7.65955e-16 1
4704 1.46275e-14 7.65955e-16 1
4705.5 1.43883e-14 7.65955e-16 1
4707 1.46048e-14 7.65955e-16 1
4708.5 1.41692e-14 7.65955e-16 1
4710 1.38317e-14 7.65955e-16 1
4711.5 1.36484e-14 7.65955e-16 1
4713 1.34744e-14 7.65955e-16 1
4714.5 1.31104e-14 7.65955e-16 1
4716 1.28445e-14 7.65955e-16 1
4717.5 1.28837e-14 7.65955e-16 1
4719 1.27085e-14 7.65955e-16 1
4720.5 1.27251e-14 4.22163e-16 1
4722 1.25153e-14 4.22163e-16 1
4723.5 1.21311e-14 4.22163e-16 1
4725 1.18171e-14 4.22163e-16 1
4726.5 1.19769e-14 4.22163e-16 1
4728 1.19402e-14 4.22163e-16 1
4729.5 1.18264e-14 4.22163e-16 1
4731 1.16233e-14 4.22163e-16 1
4732.5 1.13687e-14 4.22163e-16 1
4734 1.13327e-14 4.22163e-16 1
4735.5 1.11282e-14 4.22163e-16 1
4737 1.06599e-14 4.22163e-16 1
4738.5 1.04132e-14 4.22163e-16 1
4740 1.04445e-14 4.22163e-16 1
4741.5 1.06115e-14 4.22163e-16 1
4743 1.08322e-14 4.22163e-16 1
4744.5 1.07804e-14 4.22163e-16 1
4746 1.03711e-14 4.22163e-16 1
4747.5 1.0385e-14 4.22163e-16 1
4749 1.04693e-14 4.22163e-16 1
4750.5 1.02407e-14 4.22163e-16 1
4752 1.03128e-14 4.22163e-16 1
4753.5 1.02036e-14 4.22163e-16 1
4755 9.80806e-15 4.22163e-16 1
4756.5 9.78525e-15 4.22163e-16 1
4758 1.00157e-14 4.22163e-16 1
4759.5 9.89056e-15 4.22163e-16 1
4761 9.95903e-15 4.22163e-16 1
4762.5 1.01843e-14 4.22163e-16 1
4764 9.92505e-15 4.22163e-16 1
4765.5 9.74759e-15 4.22163e-16 1
4767 9.92359e-15 4.22163e-16 1
4768.5 9.94779e-15 4.22163e-16 1
4770 9.87648e-15 4.22163e-16 1
4771.5 9.63314e-15 4.22163e-16 1
4773 9.43693e-15 4.22163e-16 1
4774.5 9.87984e-15 4.22163e-16 1
4776 9.87045e-15 4.22163e-16 1
4777.5 9.80062e-15 4.22163e-16 1
4779 9.8504e-15 4.22163e-16 1
4780.5 1.00463e-14 4.22163e-16 1
4782 1.02343e-14 4.22163e-16 1
4783.5 9.81659e-15 4.22163e-16 1
4785 9.97275e-15 4.22163e-16 1
4786.5 1.03308e-14 4.22163e-16 1
4788 1.02359e-14 4.22163e-16 1
4789.5 1.06006e-14 4.22163e-16 1
4791 1.08442e-14 4.22163e-16 1
4792.5 1.06196e-14 4.22163e-16 1
4794 1.0633e-14 4.22163e-16 1
4795.5 1.11338e-14 4.22163e-16 1
4797 1.14741e-14 4.22163e-16 1
4798.5 1.18716e-14 4.22163e-16 1
4800 1.2046e-14 4.22163e-16 1
4801.5 1.21845e-14 4.22163e-16 1
4803 1.25969e-14 4.22163e-16 1
4804.5 1.2298e-14 4.22163e-16 1
4806 1.22739e-14 4.22163e-16 1
4807.5 1.27363e-14 4.22163e-16 1
4809 1.30255e-14 4.22163e-16 1
4810.5 1.31366e-14 4.22163e-16 1
4812 1.32343e-14 4.22163e-16 1
4813.5 1.34597e-14 4.22163e-16 1
4815 1.3747e-14 4.22163e-16 1
4816.5 1.4023e-14 4.22163e-16 1
4818 1.41749e-14 4.22163e-16 1
4819.5 1.43273e-14 4.22163e-16 1
4821 1.445e-14 5.16397e-16 1
4822.5 1.44841e-14 5.16397e-16 1
4824 1.45298e-14 5.16397e-16 1
4825.5 1.45689e-14 5.16397e-16 1
4827 1.48534e-14 5.16397e-16 1
4828.5 1.50045e-14 5.16397e-16 1
4830 1.47508e-14 5.16397e-16 1
4831.5 1.5018e-14 5.16397e-16 1
4833 1.47474e-14 5.16397e-16 1
4834.5 1.4735e-14 5.16397e-16 1
4836 1.46651e-14 5.16397e-16 1
4837.5 1.43781e-14 5.16397e-16 1
4839 1.41824e-14 5.16397e-16 1
4840.5 1.3938e-14 5.16397e-16 1
4842 1.40946e-14 5.16397e-16 1
4843.5 1.41394e-14 5.16397e-16 1
4845 1.40294e-14 5.16397e-16 1
4846.5 1.44658e-14 5.16397e-16 1
4848 1.40668e-14 5.16397e-16 1
4849.5 1.38623e-14 5.16397e-16 1
4851 1.37487e-14 5.16397e-16 1
4852.5 1.36708e-14 5.16397e-16 1
4854 1.35997e-14 5.16397e-16 1
4855.5 1.37971e-14 5.16397e-16 1
4857 1.3467e-14 5.16397e-16 1
4858.5 1.37733e-14 5.16397e-16 1
4860 1.33206e-14 5.16397e-16 1
4861.5 1.31092e-14 5.16397e-16 1
4863 1.29938e-14 5.16397e-16 1
4864.5 1.28345e-14 5.16397e-16 1
4866 1.27992e-14 5.16397e-16 1
4867.5 1.29747e-14 5.16397e-16 1
4869 1.27405e-14 5.16397e-16 1
4870.5 1.26272e-14 5.16397e-16 1
4872 1.27886e-14 5.16397e-16 1
4873.5 1.29379e-14 5.16397e-16 1
4875 1.25178e-14 5.16397e-16 1
4876.5 1.24868e-14 5.16397e-16 1
4878 1.26322e-14 5.16397e-16 1
4879.5 1.2594e-14 5.16397e-16 1
4881 1.28158e-14 5.16397e-16 1
4882.5 1.30828e-14 5.16397e-16 1
4884 1.32733e-14 5.16397e-16 1
4885.5 1.32594e-14 5.16397e-16 1
4887 1.34514e-14 5.16397e-16 1
4888.5 1.3952e-14 5.16397e-16 1
4890 1.41229e-14 5.16397e-16 1
4891.5 1.42494e-14 5.16397e-16 1
4893 1.4272e-14 5.16397e-16 1
4894.5 1.42728e-14 5.16397e-16 1
4896 1.46999e-14 5.16397e-16 1
4897.5 1.50049e-14 5.16397e-16 1
4899 1.52593e-14 5.16397e-16 1
4900.5 1.54828e-14 5.16397e-16 1
4902 1.55612e-14 5.16397e-16 1
4903.5 1.59932e-14 5.16397e-16 1
4905 1.61891e-14 5.16397e-16 1
4906.5 1.63222e-14 5.16397e-16 1
4908 1.67112e-14 5.16397e-16 1
4909.5 1.71672e-14 5.16397e-16 1
4911 1.74167e-14 5.16397e-16 1
4912.5 1.78981e-14 5.16397e-16 1
4914 1.81893e-14 5.16397e-16 1
4915.5 1.78702e-14 5.16397e-16 1
4917 1.79948e-14 5.16397e-16 1
4918.5 1.89729e-14 5.16397e-16 1
4920 1.94441e-14 1.00097e-15 1
4921.5 1.95839e-14 1.00097e-15 1
4923 2.03963e-14 1.00097e-15 1
4924.5 2.07716e-14 1.00097e-15 1
4926 2.05984e-14 1.00097e-15 1
4927.5 2.11153e-14 1.00097e-15 1
4929 2.11426e-14 1.00097e-15 1
4930.5 2.17109e-14 1.00097e-15 1
4932 2.19119e-14 1.00097e-15 1
4933.5 2.20284e-14 1.00097e-15 1
4935 2.25749e-14 1.00097e-15 1
4936.5 2.26361e-14 1.00097e-15 1
4938 2.27943e-14 1.00097e-15 1
4939.5 2.29747e-14 1.00097e-15 1
4941 2.34029e-14 1.00097e-15 1
4942.5 2.37749e-14 1.00097e-15 1
4944 2.42529e-14 1.00097e-15 1
4945.5 2.4212e-14 1.00097e-15 1
4947 2.41827e-14 1.00097e-15 1
4948.5 2.45248e-14 1.00097e-15 1
4950 2.48433e-14 1.00097e-15 1
4951.5 2.51351e-14 1.00097e-15 1
4953 2.49387e-14 1.00097e-15 1
4954.5 2.47572e-14 1.00097e-15 1
4956 2.49294e-14 1.00097e-15 1
4957.5 2.50203e-14 1.00097e-15 1
4959 2.49614e-14 1.00097e-15 1
4960.5 2.51533e-14 1.00097e-15 1
4962 2.52759e-14 1.00097e-15 1
4963.5 2.48243e-14 1.00097e-15 1
4965 2.48302e-14 1.00097e-15 1
4966.5 2.46529e-14 1.00097e-15 1
4968 2.45259e-14 1.00097e-15 1
4969.5 2.46079e-14 1.00097e-15 1
4971 2.42283e-14 1.00097e-15 1
4972.5 2.38863e-14 1.00097e-15 1
4974 2.41971e-14 1.00097e-15 1
4975.5 2.37549e-14 1.00097e-15 1
4977 2.30034e-14 1.00097e-15 1
4978.5 2.23981e-14 1.00097e-15 1
4980 2.19621e-14 1.00097e-15 1
4981.5 2.16039e-14 1.00097e-15 1
4983 2.14181e-14 1.00097e-15 1
4984.5 2.137e-14 1.00097e-15 1
4986 2.08146e-14 1.00097e-15 1
4987.5 2.06395e-14 1.00097e-15 1
4989 2.01291e-14 1.00097e-15 1
4990.5 1.9798e-14 1.00097e-15 1
4992 1.94657e-14 1.00097e-15 1
4993.5 1.93811e-14 1.00097e-15 1
4995 1.92101e-14 1.00097e-15 1
4996.5 1.83306e-14 1.00097e-15 1
4998 1.75871e-14 1.00097e-15 1
4999.5 1.77653e-14 1.00097e-15 1
5001 1.74937e-14 1.00097e-15 1
5002.5 1.69161e-14 1.00097e-15 1
5004 1.69959e-14 1.00097e-15 1
5005.5 1.64301e-14 1.00097e-15 1
5007 1.58868e-14 1.00097e-15 1
5008.5 1.59807e-14 1.00097e-15 1
5010 1.54742e-14 1.00097e-15 1
5011.5 1.50526e-14 1.00097e-15 1
5013 1.49829e-14 1.00097e-15 1
5014.5 1.48565e-14 1.00097e-15 1
5016 1.4659e-14 1.00097e-15 1
5017.5 1.4501e-14 1.00097e-15 1
5019 1.43513e-14 1.00097e-15 1
5020.5 1.40404e-14 5.00503e-16 1
5022 1.37321e-14 5.00503e-16 1
5023.5 1.35799e-14 5.00503e-16 1
5025 1.38451e-14 5.00503e-16 1
5026.5 1.39241e-14 5.00503e-16 1
5028 1.35896e-14 5.00503e-16 1
5029.5 1.32945e-14 5.00503e-16 1
5031 1.32048e-14 5.00503e-16 1
5032.5 1.28513e-14 5.00503e-16 1
5034 1.26479e-14 5.00503e-16 1
5035.5 1.25211e-14 5.00503e-16 1
5037 1.26444e-14 5.00503e-16 1
5038.5 1.28063e-14 5.00503e-16 1
5040 1.27495e-14 5.00503e-16 1
5041.5 1.28695e-14 5.00503e-16 1
5043 1.28716e-14 5.00503e-16 1
5044.5 1.26708e-14 5.00503e-16 1
5046 1.24247e-14 5.00503e-16 1
5047.5 1.24026e-14 5.00503e-16 1
5049 1.25862e-14 5.00503e-16 1
5050.5 1.28342e-14 5.00503e-16 1
5052 1.25148e-14 5.00503e-16 1
5053.5 1.21937e-14 5.00503e-16 1
5055 1.25911e-14 5.00503e-16 1
5056.5 1.27643e-14 5.00503e-16 1
5058 1.28198e-14 5.00503e-16 1
5059.5 1.26305e-14 5.00503e-16 1
5061 1.26234e-14 5.00503e-16 1
5062.5 1.21943e-14 5.00503e-16 1
5064 1.22464e-14 5.00503e-16 1
5065.5 1.26449e-14 5.00503e-16 1
5067 1.25085e-14 5.00503e-16 1
5068.5 1.254e-14 5.00503e-16 1
5070 1.24919e-14 5.00503e-16 1
5071.5 1.27322e-14 5.00503e-16 1
5073 1.27307e-14 5.00503e-16 1
5074.5 1.26886e-14 5.00503e-16 1
5076 1.22636e-14 5.00503e-16 1
5077.5 1.22241e-14 5.00503e-16 1
5079 1.2236e-14 5.00503e-16 1
5080.5 1.24747e-14 5.00503e-16 1
5082 1.239e-14 5.00503e-16 1
5083.5 1.24936e-14 5.00503e-16 1
5085 1.23856e-14 5.00503e-16 1
5086.5 1.23304e-14 5.00503e-16 1
5088 1.25285e-14 5.00503e-16 1
5089.5 1.25456e-14 5.00503e-16 1
5091 1.23692e-14 5.00503e-16 1
5092.5 1.24983e-14 5.00503e-16 1
5094 1.25951e-14 5.00503e-16 1
5095.5 1.24473e-14 5.00503e-16 1
5097 1.24563e-14 5.00503e-16 1
5098.5 1.23287e-14 5.00503e-16 1
5100 1.24322e-14 5.00503e-16 1
5101.5 1.25019e-14 5.00503e-16 1
5103 1.21861e-14 5.00503e-16 1
5104.5 1.18693e-14 5.00503e-16 1
5106 1.1867e-14 5.00503e-16 1
5107.5 1.21828e-14 5.00503e-16 1
5109 1.23106e-14 5.00503e-16 1
5110.5 1.24561e-14 5.00503e-16 1
5112 1.27661e-14 5.00503e-16 1
5113.5 1.25273e-14 5.00503e-16 1
5115 1.23264e-14 5.00503e-16 1
5116.5 1.25129e-14 5.00503e-16 1
5118 1.26732e-14 5.00503e-16 1
5119.5 1.2374e-14 5.00503e-16 1
5121 1.21878e-14 1.8839e-16 1
5122.5 1.21704e-14 1.8839e-16 1
5124 1.19484e-14 1.8839e-16 1
5125.5 1.18381e-14 1.8839e-16 1
5127 1.22204e-14 1.8839e-16 1
5128.5 1.22357e-14 1.8839e-16 1
5130 1.21055e-14 1.8839e-16 1
5131.5 1.21575e-14 1.8839e-16 1
5133 1.23223e-14 1.8839e-16 1
5134.5 1.20592e-14 1.8839e-16 1
5136 1.21036e-14 1.8839e-16 1
5137.5 1.21488e-14 1.8839e-16 1
5139 1.20497e-14 1.8839e-16 1
5140.5 1.2103e-14 1.8839e-16 1
5142 1.19845e-14 1.8839e-16 1
5143.5 1.2061e-14 1.8839e-16 1
5145 1.19656e-14 1.8839e-16 1
5146.5 1.19259e-14 1.8839e-16 1
5148 1.24993e-14 1.8839e-16 1
5149.5 1.21073e-14 1.8839e-16 1
5151 1.18709e-14 1.8839e-16 1
5152.5 1.19469e-14 1.8839e-16 1
5154 1.22135e-14 1.8839e-16 1
5155.5 1.23538e-14 1.8839e-16 1
5157 1.23874e-14 1.8839e-16 1
5158.5 1.21759e-14 1.8839e-16 1
5160 1.22207e-14 1.8839e-16 1
5161.5 1.23997e-14 1.8839e-16 1
5163 1.24477e-14 1.8839e-16 1
5164.5 1.27644e-14 1.8839e-16 1
5166 1.30362e-14 1.8839e-16 1
5167.5 1.28395e-14 1.8839e-16 1
5169 1.28662e-14 1.8839e-16 1
5170.5 1.29984e-14 1.8839e-16 1
5172 1.29337e-14 1.8839e-16 1
5173.5 1.27283e-14 1.8839e-16 1
5175 1.28262e-14 1.8839e-16 1
5176.5 1.31901e-14 1.8839e-16 1
5178 1.34566e-14 1.8839e-16 1
5179.5 1.35196e-14 1.8839e-16 1
5181 1.33984e-14 1.8839e-16 1
5182.5 1.34039e-14 1.8839e-16 1
5184 1.35392e-14 1.8839e-16 1
5185.5 1.36331e-14 1.8839e-16 1
5187 1.38362e-14 1.8839e-16 1
5188.5 1.41186e-14 1.8839e-16 1
5190 1.4279e-14 1.8839e-16 1
5191.5 1.42908e-14 1.8839e-16 1
5193 1.43436e-14 1.8839e-16 1
5194.5 1.43383e-14 1.8839e-16 1
5196 1.4311e-14 1.8839e-16 1
5197.5 1.43904e-14 1.8839e-16 1
5199 1.46222e-14 1.8839e-16 1
5200.5 1.48538e-14 1.8839e-16 1
5202 1.48523e-14 1.8839e-16 1
5203.5 1.50468e-14 1.8839e-16 1
5205 1.53757e-14 1.8839e-16 1
5206.5 1.5317e-14 1.8839e-16 1
5208 1.5533e-14 1.8839e-16 1
5209.5 1.57291e-14 1.8839e-16 1
5211 1.58074e-14 1.8839e-16 1
5212.5 1.56855e-14 1.8839e-16 1
5214 1.59938e-14 1.8839e-16 1
5215.5 1.62732e-14 1.8839e-16 1
5217 1.60722e-14 1.8839e-16 1
5218.5 1.61335e-14 1.8839e-16 1
5220 1.66509e-14 4.75903e-16 1
5221.5 1.68217e-14 4.75903e-16 1
5223 1.73044e-14 4.75903e-16 1
5224.5 1.79019e-14 4.75903e-16 1
5226 1.76784e-14 4.75903e-16 1
5227.5 1.75958e-14 4.75903e-16 1
5229 1.79494e-14 4.75903e-16 1
5230.5 1.79764e-14 4.75903e-16 1
5232 1.7831e-14 4.75903e-16 1
5233.5 1.83152e-14 4.75903e-16 1
5235 1.91123e-14 4.75903e-16 1
5236.5 1.90413e-14 4.75903e-16 1
5238 1.8911e-14 4.75903e-16 1
5239.5 1.91735e-14 4.75903e-16 1
5241 1.93365e-14 4.75903e-16 1
5242.5 1.91682e-14 4.75903e-16 1
5244 1.91016e-14 4.75903e-16 1
5245.5 1.92345e-14 4.75903e-16 1
5247 1.94796e-14 4.75903e-16 1
5248.5 1.96763e-14 4.75903e-16 1
5250 1.97896e-14 4.75903e-16 1
5251.5 2.00054e-14 4.75903e-16 1
5253 2.01062e-14 4.75903e-16 1
5254.5 2.00562e-14 4.75903e-16 1
5256 2.00662e-14 4.75903e-16 1
5257.5 2.01801e-14 4.75903e-16 1
5259 2.02771e-14 4.75903e-16 1
5260.5 2.02142e-14 4.75903e-16 1
5262 2.03393e-14 4.75903e-16 1
5263.5 2.0881e-14 4.75903e-16 1
5265 2.12883e-14 4.75903e-16 1
5266.5 2.15184e-14 4.75903e-16 1
5268 2.15393e-14 4.75903e-16 1
5269.5 2.1777e-14 4.75903e-16 1
5271 2.19251e-14 4.75903e-16 1
5272.5 2.17498e-14 4.75903e-16 1
5274 2.16872e-14 4.75903e-16 1
5275.5 2.18058e-14 4.75903e-16 1
5277 2.20037e-14 4.75903e-16 1
5278.5 2.24241e-14 4.75903e-16 1
5280 2.28408e-14 4.75903e-16 1
5281.5 2.31479e-14 4.75903e-16 1
5283 2.31315e-14 4.75903e-16 1
5284.5 2.27101e-14 4.75903e-16 1
5286 2.31295e-14 4.75903e-16 1
5287.5 2.37691e-14 4.75903e-16 1
5289 2.38173e-14 4.75903e-16 1
5290.5 2.38906e-14 4.75903e-16 1
5292 2.40807e-14 4.75903e-16 1
5293.5 2.41526e-14 4.75903e-16 1
5295 2.45013e-14 4.75903e-16 1
5296.5 2.49578e-14 4.75903e-16 1
5298 2.53651e-14 4.75903e-16 1
5299.5 2.52933e-14 4.75903e-16 1
5301 2.50732e-14 4.75903e-16 1
5302.5 2.54446e-14 4.75903e-16 1
5304 2.58181e-14 4.75903e-16 1
5305.5 2.5839e-14 4.75903e-16 1
5307 2.56457e-14 4.75903e-16 1
5308.5 2.56994e-14 4.75903e-16 1
5310 2.54793e-14 4.75903e-16 1
5311.5 2.56311e-14 4.75903e-16 1
5313 2.57974e-14 4.75903e-16 1
5314.5 2.58262e-14 4.75903e-16 1
5316 2.60473e-14 4.75903e-16 1
5317.5 2.64445e-14 4.75903e-16 1
5319 2.6367e-14 4.75903e-16 1
5320.5 2.59536e-14 4.2548e-16 1
5322 2.59397e-14 4.2548e-16 1
5323.5 2.61766e-14 4.2548e-16 1
5325 2.61962e-14 4.2548e-16 1
5326.5 2.61004e-14 4.2548e-16 1
5328 2.62468e-14 4.2548e-16 1
5329.5 2.62525e-14 4.2548e-16 1
5331 2.61574e-14 4.2548e-16 1
5332.5 2.62842e-14 4.2548e-16 1
5334 2.63264e-14 4.2548e-16 1
5335.5 2.61963e-14 4.2548e-16 1
5337 2.61734e-14 4.2548e-16 1
5338.5 2.60861e-14 4.2548e-16 1
5340 2.60615e-14 4.2548e-16 1
5341.5 2.62184e-14 4.2548e-16 1
5343 2.65342e-14 4.2548e-16 1
5344.5 2.63504e-14 4.2548e-16 1
5346 2.59249e-14 4.2548e-16 1
5347.5 2.60591e-14 4.2548e-16 1
5349 2.61022e-14 4.2548e-16 1
5350.5 2.60473e-14 4.2548e-16 1
5352 2.60461e-14 4.2548e-16 1
5353.5 2.62252e-14 4.2548e-16 1
5355 2.59076e-14 4.2548e-16 1
5356.5 2.58362e-14 4.2548e-16 1
5358 2.58757e-14 4.2548e-16 1
5359.5 2.57703e-14 4.2548e-16 1
5361 2.58804e-14 4.2548e-16 1
5362.5 2.5867e-14 4.2548e-16 1
5364 2.59263e-14 4.2548e-16 1
5365.5 2.61209e-14 4.2548e-16 1
5367 2.592e-14 4.2548e-16 1
5368.5 2.57182e-14 4.2548e-16 1
5370 2.58118e-14 4.2548e-16 1
5371.5 2.59745e-14 4.2548e-16 1
5373 2.65052e-14 4.2548e-16 1
5374.5 2.62267e-14 4.2548e-16 1
5376 2.62801e-14 4.2548e-16 1
5377.5 2.62828e-14 4.2548e-16 1
5379 2.65296e-14 4.2548e-16 1
5380.5 2.65059e-14 4.2548e-16 1
5382 2.68464e-14 4.2548e-16 1
5383.5 2.7156e-14 4.2548e-16 1
5385 2.72459e-14 4.2548e-16 1
5386.5 2.69613e-14 4.2548e-16 1
5388 2.70027e-14 4.2548e-16 1
5389.5 2.70891e-14 4.2548e-16 1
5391 2.76411e-14 4.2548e-16 1
5392.5 2.78967e-14 4.2548e-16 1
5394 2.77182e-14 4.2548e-16 1
5395.5 2.77282e-14 4.2548e-16 1
5397 2.78741e-14 4.2548e-16 1
5398.5 2.78156e-14 4.2548e-16 1
5400 2.77306e-14 4.2548e-16 1
5401.5 2.77959e-14 4.2548e-16 1
5403 2.806e-14 4.2548e-16 1
5404.5 2.81274e-14 4.2548e-16 1
5406 2.80367e-14 4.2548e-16 1
5407.5 2.85165e-14 4.2548e-16 1
5409 2.84136e-14 4.2548e-16 1
5410.5 2.78158e-14 4.2548e-16 1
5412 2.76432e-14 4.2548e-16 1
5413.5 2.77119e-14 4.2548e-16 1
5415 2.78865e-14 4.2548e-16 1
5416.5 2.80516e-14 4.2548e-16 1
5418 2.78726e-14 4.2548e-16 1
5419.5 2.80678e-14 4.2548e-16 1
5421 2.81134e-14 3.22869e-16 1
5422.5 2.82286e-14 3.22869e-16 1
5424 2.85363e-14 3.22869e-16 1
5425.5 2.8706e-14 3.22869e-16 1
5427 2.87533e-14 3.22869e-16 1
5428.5 2.88298e-14 3.22869e-16 1
5430 2.908e-14 3.22869e-16 1
5431.5 2.94103e-14 3.22869e-16 1
5433 2.90264e-14 3.22869e-16 1
5434.5 2.96065e-14 3.22869e-16 1
5436 2.97034e-14 3.22869e-16 1
5437.5 2.97754e-14 3.22869e-16 1
5439 3.05965e-14 3.22869e-16 1
5440.5 3.0385e-14 3.22869e-16 1
5442 3.08027e-14 3.22869e-16 1
5443.5 3.10667e-14 3.22869e-16 1
5445 3.1215e-14 3.22869e-16 1
5446.5 3.1428e-14 3.22869e-16 1
5448 3.1679e-14 3.22869e-16 1
5449.5 3.21802e-14 3.22869e-16 1
5451 3.24113e-14 3.22869e-16 1
5452.5 3.26085e-14 3.22869e-16 1
5454 3.3308e-14 3.22869e-16 1
5455.5 3.32445e-14 3.22869e-16 1
5457 3.29981e-14 3.22869e-16 1
5458.5 3.34039e-14 3.22869e-16 1
5460 3.38779e-14 3.22869e-16 1
5461.5 3.39944e-14 3.22869e-16 1
5463 3.40971e-14 3.22869e-16 1
5464.5 3.45521e-14 3.22869e-16 1
5466 3.52842e-14 3.22869e-16 1
5467.5 3.5668e-14 3.22869e-16 1
5469 3.56159e-14 3.22869e-16 1
5470.5 3.55293e-14 3.22869e-16 1
5472 3.58956e-14 3.22869e-16 1
5473.5 3.63601e-14 3.22869e-16 1
5475 3.6631e-14 3.22869e-16 1
5476.5 3.67776e-14 3.22869e-16 1
5478 3.75182e-14 3.22869e-16 1
5479.5 3.80392e-14 3.22869e-16 1
5481 3.79494e-14 3.22869e-16 1
5482.5 3.80044e-14 3.22869e-16 1
5484 3.85656e-14 3.22869e-16 1
5485.5 3.83329e-14 3.22869e-16 1
5487 3.84221e-14 3.22869e-16 1
5488.5 3.90387e-14 3.22869e-16 1
5490 3.93161e-14 3.22869e-16 1
5491.5 3.93811e-14 3.22869e-16 1
5493 3.95857e-14 3.22869e-16 1
5494.5 3.98878e-14 3.22869e-16 1
5496 3.96916e-14 3.22869e-16 1
5497.5 3.98597e-14 3.22869e-16 1
5499 4.04558e-14 3.22869e-16 1
5500.5 4.05961e-14 3.22869e-16 1
5502 4.04056e-14 3.22869e-16 1
5503.5 4.08165e-14 3.22869e-16 1
5505 4.12741e-14 3.22869e-16 1
5506.5 4.12935e-14 3.22869e-16 1
5508 4.13818e-14 3.22869e-16 1
5509.5 4.17668e-14 3.22869e-16 1
5511 4.16987e-14 3.22869e-16 1
5512.5 4.16994e-14 3.22869e-16 1
5514 4.17673e-14 3.22869e-16 1
5515.5 4.25316e-14 3.22869e-16 1
5517 4.19989e-14 3.22869e-16 1
5518.5 4.17431e-14 3.22869e-16 1
5520 4.18269e-14 2.88605e-16 1
5521.5 4.15983e-14 2.88605e-16 1
5523 4.17754e-14 2.88605e-16 1
5524.5 4.21232e-14 2.88605e-16 1
5526 4.24502e-14 2.88605e-16 1
5527.5 4.23182e-14 2.88605e-16 1
5529 4.20965e-14 2.88605e-16 1
5530.5 4.17404e-14 2.88605e-16 1
5532 4.17445e-14 2.88605e-16 1
5533.5 4.20636e-14 2.88605e-16 1
5535 4.19016e-14 2.88605e-16 1
5536.5 4.19246e-14 2.88605e-16 1
5538 4.18789e-14 2.88605e-16 1
5539.5 4.16326e-14 2.88605e-16 1
5541 4.15762e-14 2.88605e-16 1
5542.5 4.16484e-14 2.88605e-16 1
5544 4.15155e-14 2.88605e-16 1
5545.5 4.14716e-14 2.88605e-16 1
5547 4.15996e-14 2.88605e-16 1
5548.5 4.18039e-14 2.88605e-16 1
5550 4.16486e-14 2.88605e-16 1
5551.5 4.13654e-14 2.88605e-16 1
5553 4.12451e-14 2.88605e-16 1
5554.5 4.08556e-14 2.88605e-16 1
5556 4.07511e-14 2.88605e-16 1
5557.5 4.0714e-14 2.88605e-16 1
5559 4.08685e-14 2.88605e-16 1
5560.5 4.12157e-14 2.88605e-16 1
5562 4.06715e-14 2.88605e-16 1
5563.5 3.99915e-14 2.88605e-16 1
5565 4.01229e-14 2.88605e-16 1
5566.5 4.01374e-14 2.88605e-16 1
5568 4.00454e-14 2.88605e-16 1
5569.5 3.96591e-14 2.88605e-16 1
5571 3.92285e-14 2.88605e-16 1
5572.5 3.8561e-14 2.88605e-16 1
5574 3.88754e-14 2.88605e-16 1
5575.5 3.94276e-14 2.88605e-16 1
5577 3.89038e-14 2.88605e-16 1
5578.5 3.83734e-14 2.88605e-16 1
5580 3.82591e-14 2.88605e-16 1
5581.5 3.79337e-14 2.88605e-16 1
5583 3.75529e-14 2.88605e-16 1
5584.5 3.76125e-14 2.88605e-16 1
5586 3.78904e-14 2.88605e-16 1
5587.5 3.74928e-14 2.88605e-16 1
5589 3.72894e-14 2.88605e-16 1
5590.5 3.70146e-14 2.88605e-16 1
5592 3.65691e-14 2.88605e-16 1
5593.5 3.62317e-14 2.88605e-16 1
5595 3.60553e-14 2.88605e-16 1
5596.5 3.62623e-14 2.88605e-16 1
5598 3.60045e-14 2.88605e-16 1
5599.5 3.54135e-14 2.88605e-16 1
5601 3.53471e-14 2.88605e-16 1
5602.5 3.52574e-14 2.88605e-16 1
5604 3.47187e-14 2.88605e-16 1
5605.5 3.43821e-14 2.88605e-16 1
5607 3.41689e-14 2.88605e-16 1
5608.5 3.41267e-14 2.88605e-16 1
5610 3.40945e-14 2.88605e-16 1
5611.5 3.3867e-14 2.88605e-16 1
5613 3.35255e-14 2.88605e-16 1
5614.5 3.35335e-14 2.88605e-16 1
5616 3.34578e-14 2.88605e-16 1
5617.5 3.2854e-14 2.88605e-16 1
5619 3.24063e-14 2.88605e-16 1
5620.5 3.22458e-14 3.92728e-16 1
5622 3.2048e-14 3.92728e-16 1
5623.5 3.16177e-14 3.92728e-16 1
5625 3.12877e-14 3.92728e-16 1
5626.5 3.13352e-14 3.92728e-16 1
5628 3.10335e-14 3.92728e-16 1
5629.5 3.06961e-14 3.92728e-16 1
5631 3.07098e-14 3.92728e-16 1
5632.5 3.02841e-14 3.92728e-16 1
5634 2.97003e-14 3.92728e-16 1
5635.5 2.92475e-14 3.92728e-16 1
5637 2.89268e-14 3.92728e-16 1
5638.5 2.89199e-14 3.92728e-16 1
5640 2.86239e-14 3.92728e-16 1
5641.5 2.8193e-14 3.92728e-16 1
5643 2.79301e-14 3.92728e-16 1
5644.5 2.76648e-14 3.92728e-16 1
5646 2.71278e-14 3.92728e-16 1
5647.5 2.67582e-14 3.92728e-16 1
5649 2.6198e-14 3.92728e-16 1
5650.5 2.60044e-14 3.92728e-16 1
5652 2.55093e-14 3.92728e-16 1
5653.5 2.48714e-14 3.92728e-16 1
5655 2.4614e-14 3.92728e-16 1
5656.5 2.45965e-14 3.92728e-16 1
5658 2.41748e-14 3.92728e-16 1
5659.5 2.35114e-14 3.92728e-16 1
5661 2.31135e-14 3.92728e-16 1
5662.5 2.2912e-14 3.92728e-16 1
5664 2.26807e-14 3.92728e-16 1
5665.5 2.25509e-14 3.92728e-16 1
5667 2.24019e-14 3.92728e-16 1
5668.5 2.19308e-14 3.92728e-16 1
5670 2.19953e-14 3.92728e-16 1
5671.5 2.16737e-14 3.92728e-16 1
5673 2.13962e-14 3.92728e-16 1
5674.5 2.12882e-14 3.92728e-16 1
5676 2.11733e-14 3.92728e-16 1
5677.5 2.1156e-14 3.92728e-16 1
5679 2.07714e-14 3.92728e-16 1
5680.5 2.07345e-14 3.92728e-16 1
5682 2.05352e-14 3.92728e-16 1
5683.5 2.03312e-14 3.92728e-16 1
5685 1.99279e-14 3.92728e-16 1
5686.5 1.97537e-14 3.92728e-16 1
5688 1.98197e-14 3.92728e-16 1
5689.5 1.96707e-14 3.92728e-16 1
5691 1.95757e-14 3.92728e-16 1
5692.5 1.92871e-14 3.92728e-16 1
5694 1.92382e-14 3.92728e-16 1
5695.5 1.91343e-14 3.92728e-16 1
5697 1.88397e-14 3.92728e-16 1
5698.5 1.86934e-14 3.92728e-16 1
5700 1.86278e-14 3.92728e-16 1
5701.5 1.84743e-14 3.92728e-16 1
5703 1.84111e-14 3.92728e-16 1
5704.5 1.80516e-14 3.92728e-16 1
5706 1.81569e-14 3.92728e-16 1
5707.5 1.81265e-14 3.92728e-16 1
5709 1.78242e-14 3.92728e-16 1
5710.5 1.77363e-14 3.92728e-16 1
5712 1.77992e-14 3.92728e-16 1
5713.5 1.81634e-14 3.92728e-16 1
5715 1.83123e-14 3.92728e-16 1
5716.5 1.8435e-14 3.92728e-16 1
5718 1.82615e-14 3.92728e-16 1
5719.5 1.8166e-14 3.92728e-16 1
5721 1.84604e-14 2.90429e-16 1
5722.5 1.87544e-14 2.90429e-16 1
5724 1.86992e-14 2.90429e-16 1
5725.5 1.84897e-14 2.90429e-16 1
5727 1.8668e-14 2.90429e-16 1
5728.5 1.885e-14 2.90429e-16 1
5730 1.91252e-14 2.90429e-16 1
5731.5 1.91373e-14 2.90429e-16 1
5733 1.94357e-14 2.90429e-16 1
5734.5 1.96037e-14 2.90429e-16 1
5736 1.97873e-14 2.90429e-16 1
5737.5 1.99674e-14 2.90429e-16 1
5739 2.0347e-14 2.90429e-16 1
5740.5 2.05225e-14 2.90429e-16 1
5742 2.0805e-14 2.90429e-16 1
5743.5 2.10339e-14 2.90429e-16 1
5745 2.14297e-14 2.90429e-16 1
5746.5 2.16025e-14 2.90429e-16 1
5748 2.17844e-14 2.90429e-16 1
5749.5 2.21861e-14 2.90429e-16 1
5751 2.23474e-14 2.90429e-16 1
5752.5 2.26021e-14 2.90429e-16 1
5754 2.31213e-14 2.90429e-16 1
5755.5 2.3368e-14 2.90429e-16 1
5757 2.35879e-14 2.90429e-16 1
5758.5 2.42882e-14 2.90429e-16 1
5760 2.45245e-14 2.90429e-16 1
5761.5 2.48286e-14 2.90429e-16 1
5763 2.52161e-14 2.90429e-16 1
5764.5 2.53382e-14 2.90429e-16 1
5766 2.57053e-14 2.90429e-16 1
5767.5 2.60593e-14 2.90429e-16 1
5769 2.62917e-14 2.90429e-16 1
5770.5 2.67245e-14 2.90429e-16 1
5772 2.71009e-14 2.90429e-16 1
5773.5 2.74705e-14 2.90429e-16 1
5775 2.80315e-14 2.90429e-16 1
5776.5 2.83381e-14 2.90429e-16 1
5778 2.83377e-14 2.90429e-16 1
5779.5 2.87646e-14 2.90429e-16 1
5781 2.92656e-14 2.90429e-16 1
5782.5 2.95559e-14 2.90429e-16 1
5784 2.99869e-14 2.90429e-16 1
5785.5 3.02e-14 2.90429e-16 1
5787 3.04325e-14 2.90429e-16 1
5788.5 3.10977e-14 2.90429e-16 1
5790 3.13634e-14 2.90429e-16 1
5791.5 3.11673e-14 2.90429e-16 1
5793 3.16379e-14 2.90429e-16 1
5794.5 3.20343e-14 2.90429e-16 1
5796 3.21075e-14 2.90429e-16 1
5797.5 3.2434e-14 2.90429e-16 1
5799 3.23587e-14 2.90429e-16 1
5800.5 3.31756e-14 2.90429e-16 1
5802 3.32863e-14 2.90429e-16 1
5803.5 3.39977e-14 2.90429e-16 1
5805 3.43142e-14 2.90429e-16 1
5806.5 3.40313e-14 2.90429e-16 1
5808 3.48303e-14 2.90429e-16 1
5809.5 3.51089e-14 2.90429e-16 1
5811 3.53566e-14 2.90429e-16 1
5812.5 3.52694e-14 2.90429e-16 1
5814 3.49749e-14 2.90429e-16 1
5815.5 3.54275e-14 2.90429e-16 1
5817 3.57014e-14 2.90429e-16 1
5818.5 3.59756e-14 2.90429e-16 1
5820 3.62306e-14 7.90376e-16 1
5821.5 3.61547e-14 7.90376e-16 1
5823 3.63388e-14 7.90376e-16 1
5824.5 3.60088e-14 7.90376e-16 1
5826 3.60088e-14 7.90376e-16 1
5827.5 3.632e-14 7.90376e-16 1
5829 3.63954e-14 7.90376e-16 1
5830.5 3.6282e-14 7.90376e-16 1
5832 3.65007e-14 7.90376e-16 1
5833.5 3.69017e-14 7.90376e-16 1
5835 3.70393e-14 7.90376e-16 1
5836.5 3.68214e-14 7.90376e-16 1
5838 3.67774e-14 7.90376e-16 1
5839.5 3.69064e-14 7.90376e-16 1
5841 3.68502e-14 7.90376e-16 1
5842.5 3.68993e-14 7.90376e-16 1
5844 3.67715e-14 7.90376e-16 1
5845.5 3.67462e-14 7.90376e-16 1
5847 3.72469e-14 7.90376e-16 1
5848.5 3.69385e-14 7.90376e-16 1
5850 3.64184e-14 7.90376e-16 1
5851.5 3.66661e-14 7.90376e-16 1
5853 3.66767e-14 7.90376e-16 1
5854.5 3.61706e-14 7.90376e-16 1
5856 3.59908e-14 7.90376e-16 1
5857.5 3.62114e-14 7.90376e-16 1
5859 3.61409e-14 7.90376e-16 1
5860.5 3.61802e-14 7.90376e-16 1
5862 3.63632e-14 7.90376e-16 1
5863.5 3.58594e-14 7.90376e-16 1
5865 3.51779e-14 7.90376e-16 1
5866.5 3.53585e-14 7.90376e-16 1
5868 3.52498e-14 7.90376e-16 1
5869.5 3.51602e-14 7.90376e-16 1
5871 3.52265e-14 7.90376e-16 1
5872.5 3.48577e-14 7.90376e-16 1
5874 3.47904e-14 7.90376e-16 1
5875.5 3.42879e-14 7.90376e-16 1
5877 3.40586e-14 7.90376e-16 1
5878.5 3.3774e-14 7.90376e-16 1
5880 3.36309e-14 7.90376e-16 1
5881.5 3.34955e-14 7.90376e-16 1
5883 3.32617e-14 7.90376e-16 1
5884.5 3.29455e-14 7.90376e-16 1
5886 3.25129e-14 7.90376e-16 1
5887.5 3.21939e-14 7.90376e-16 1
5889 3.11467e-14 7.90376e-16 1
5890.5 3.08414e-14 7.90376e-16 1
5892 3.12047e-14 7.90376e-16 1
5893.5 3.12612e-14 7.90376e-16 1
5895 3.12256e-14 7.90376e-16 1
5896.5 3.0946e-14 7.90376e-16 1
5898 3.08071e-14 7.90376e-16 1
5899.5 3.07689e-14 7.90376e-16 1
5901 3.0605e-14 7.90376e-16 1
5902.5 3.01326e-14 7.90376e-16 1
5904 2.93723e-14 7.90376e-16 1
5905.5 2.96179e-14 7.90376e-16 1
5907 3.0128e-14 7.90376e-16 1
5908.5 2.9783e-14 7.90376e-16 1
5910 2.94989e-14 7.90376e-16 1
5911.5 2.98618e-14 7.90376e-16 1
5913 3.04194e-14 7.90376e-16 1
5914.5 3.06553e-14 7.90376e-16 1
5916 3.08152e-14 7.90376e-16 1
5917.5 3.06188e-14 7.90376e-16 1
5919 3.00532e-14 7.90376e-16 1
5920.5 2.98858e-14 8.17874e-16 1
5922 3.01654e-14 8.17874e-16 1
5923.5 3.03266e-14 8.17874e-16 1
5925 3.03458e-14 8.17874e-16 1
5926.5 3.04337e-14 8.17874e-16 1
5928 3.07471e-14 8.17874e-16 1
5929.5 3.06361e-14 8.17874e-16 1
5931 3.03777e-14 8.17874e-16 1
5932.5 3.00618e-14 8.17874e-16 1
5934 3.01814e-14 8.17874e-16 1
5935.5 3.03292e-14 8.17874e-16 1
5937 2.98245e-14 8.17874e-16 1
5938.5 2.89278e-14 8.17874e-16 1
5940 2.90046e-14 8.17874e-16 1
5941.5 2.85243e-14 8.17874e-16 1
5943 2.82165e-14 8.17874e-16 1
5944.5 2.79836e-14 8.17874e-16 1
5946 2.79777e-14 8.17874e-16 1
5947.5 2.81033e-14 8.17874e-16 1
5949 2.80096e-14 8.17874e-16 1
5950.5 2.79937e-14 8.17874e-16 1
5952 2.76076e-14 8.17874e-16 1
5953.5 2.74404e-14 8.17874e-16 1
5955 2.68471e-14 8.17874e-16 1
5956.5 2.67055e-14 8.17874e-16 1
5958 2.63445e-14 8.17874e-16 1
5959.5 2.63982e-14 8.17874e-16 1
5961 2.6178e-14 8.17874e-16 1
5962.5 2.51846e-14 8.17874e-16 1
5964 2.53059e-14 8.17874e-16 1
5965.5 2.49904e-14 8.17874e-16 1
5967 2.45233e-14 8.17874e-16 1
5968.5 2.4087e-14 8.17874e-16 1
5970 2.41673e-14 8.17874e-16 1
5971.5 2.39377e-14 8.17874e-16 1
5973 2.38572e-14 8.17874e-16 1
5974.5 2.34971e-14 8.17874e-16 1
5976 2.32878e-14 8.17874e-16 1
5977.5 2.30323e-14 8.17874e-16 1
5979 2.2933e-14 8.17874e-16 1
5980.5 2.29459e-14 8.17874e-16 1
5982 2.25496e-14 8.17874e-16 1
5983.5 2.22492e-14 8.17874e-16 1
5985 2.21322e-14 8.17874e-16 1
5986.5 2.22743e-14 8.17874e-16 1
5988 2.1912e-14 8.17874e-16 1
5989.5 2.15523e-14 8.17874e-16 1
5991 2.14927e-14 8.17874e-16 1
5992.5 2.13518e-14 8.17874e-16 1
5994 2.12109e-14 8.17874e-16 1
5995.5 2.10699e-14 8.17874e-16 1
5997 2.10699e-14 8.17874e-16 1
5998.5 2.06661e-14 8.17874e-16 1
6000 2.11013e-14 8.17874e-16 1
6001.5 2.11144e-14 8.17874e-16 1
6003 2.07092e-14 8.17874e-16 1
6004.5 2.03357e-14 8.17874e-16 1
6006 1.98137e-14 8.17874e-16 1
6007.5 1.98322e-14 8.17874e-16 1
6009 2.00337e-14 8.17874e-16 1
6010.5 1.98138e-14 8.17874e-16 1
6012 1.93791e-14 8.17874e-16 1
6013.5 1.93747e-14 8.17874e-16 1
6015 1.95626e-14 8.17874e-16 1
6016.5 1.94225e-14 8.17874e-16 1
6018 1.93816e-14 8.17874e-16 1
6019.5 1.93763e-14 8.17874e-16 1
6021 1.91588e-14 4.6961e-16 1
6022.5 1.93052e-14 4.6961e-16 1
6024 1.93327e-14 4.6961e-16 1
6025.5 1.90822e-14 4.6961e-16 1
6027 1.92502e-14 4.6961e-16 1
6028.5 1.9423e-14 4.6961e-16 1
6030 1.92982e-14 4.6961e-16 1
6031.5 1.95591e-14 4.6961e-16 1
6033 1.96157e-14 4.6961e-16 1
6034.5 1.90963e-14 4.6961e-16 1
6036 1.95581e-14 4.6961e-16 1
6037.5 1.96618e-14 4.6961e-16 1
6039 1.95766e-14 4.6961e-16 1
6040.5 1.96074e-14 4.6961e-16 1
6042 1.95432e-14 4.6961e-16 1
6043.5 1.9701e-14 4.6961e-16 1
6045 1.9616e-14 4.6961e-16 1
6046.5 1.9531e-14 4.6961e-16 1
6048 1.94459e-14 4.6961e-16 1
6049.5 1.93609e-14 4.6961e-16 1
6051 1.93609e-14 4.6961e-16 1
6052.5 1.93835e-14 4.6961e-16 1
6054 1.95358e-14 4.6961e-16 1
6055.5 1.95594e-14 4.6961e-16 1
6057 1.93703e-14 4.6961e-16 1
6058.5 1.9387e-14 4.6961e-16 1
6060 1.9161e-14 4.6961e-16 1
6061.5 1.90485e-14 4.6961e-16 1
6063 1.92284e-14 4.6961e-16 1
6064.5 1.93308e-14 4.6961e-16 1
6066 1.93211e-14 4.6961e-16 1
6067.5 1.92087e-14 4.6961e-16 1
6069 1.92133e-14 4.6961e-16 1
6070.5 1.9379e-14 4.6961e-16 1
6072 1.93361e-14 4.6961e-16 1
6073.5 1.89854e-14 4.6961e-16 1
6075 1.8916e-14 4.6961e-16 1
6076.5 1.90828e-14 4.6961e-16 1
6078 1.91927e-14 4.6961e-16 1
6079.5 1.92737e-14 4.6961e-16 1
6081 1.95157e-14 4.6961e-16 1
6082.5 1.93275e-14 4.6961e-16 1
6084 1.91278e-14 4.6961e-16 1
6085.5 1.94157e-14 4.6961e-16 1
6087 1.94513e-14 4.6961e-16 1
6088.5 1.96014e-14 4.6961e-16 1
6090 1.9826e-14 4.6961e-16 1
6091.5 1.97069e-14 4.6961e-16 1
6093 1.9635e-14 4.6961e-16 1
6094.5 1.98808e-14 4.6961e-16 1
6096 1.96087e-14 4.6961e-16 1
6097.5 1.96398e-14 4.6961e-16 1
6099 1.98023e-14 4.6961e-16 1
6100.5 1.95468e-14 4.6961e-16 1
6102 1.95123e-14 4.6961e-16 1
6103.5 1.95969e-14 4.6961e-16 1
6105 1.97122e-14 4.6961e-16 1
6106.5 2.00801e-14 4.6961e-16 1
6108 2.02402e-14 4.6961e-16 1
6109.5 2.0126e-14 4.6961e-16 1
6111 2.02819e-14 4.6961e-16 1
6112.5 2.00331e-14 4.6961e-16 1
6114 1.98262e-14 4.6961e-16 1
6115.5 1.99472e-14 4.6961e-16 1
6117 2.01836e-14 4.6961e-16 1
6118.5 2.0254e-14 4.6961e-16 1
6120 2.03859e-14 4.41254e-16 1
6121.5 2.05516e-14 4.41254e-16 1
6123 2.07052e-14 4.41254e-16 1
6124.5 2.07581e-14 4.41254e-16 1
6126 2.08681e-14 4.41254e-16 1
6127.5 2.09127e-14 4.41254e-16 1
6129 2.06181e-14 4.41254e-16 1
6130.5 2.05507e-14 4.41254e-16 1
6132 2.09222e-14 4.41254e-16 1
6133.5 2.14075e-14 4.41254e-16 1
6135 2.14973e-14 4.41254e-16 1
6136.5 2.11517e-14 4.41254e-16 1
6138 2.10263e-14 4.41254e-16 1
6139.5 2.10439e-14 4.41254e-16 1
6141 2.09273e-14 4.41254e-16 1
6142.5 2.09558e-14 4.41254e-16 1
6144 2.10434e-14 4.41254e-16 1
6145.5 2.1108e-14 4.41254e-16 1
6147 2.11622e-14 4.41254e-16 1
6148.5 2.09386e-14 4.41254e-16 1
6150 2.09104e-14 4.41254e-16 1
6151.5 2.09444e-14 4.41254e-16 1
6153 2.04758e-14 4.41254e-16 1
6154.5 2.04261e-14 4.41254e-16 1
6156 2.0436e-14 4.41254e-16 1
6157.5 2.03016e-14 4.41254e-16 1
6159 2.07046e-14 4.41254e-16 1
6160.5 2.06648e-14 4.41254e-16 1
6162 2.04121e-14 4.41254e-16 1
6163.5 2.07955e-14 4.41254e-16 1
6165 2.06377e-14 4.41254e-16 1
6166.5 2.02242e-14 4.41254e-16 1
6168 2.03118e-14 4.41254e-16 1
6169.5 2.04189e-14 4.41254e-16 1
6171 2.05113e-14 4.41254e-16 1
6172.5 2.08061e-14 4.41254e-16 1
6174 2.06236e-14 4.41254e-16 1
6175.5 2.0302e-14 4.41254e-16 1
6177 2.02736e-14 4.41254e-16 1
6178.5 2.06485e-14 4.41254e-16 1
6180 2.10465e-14 4.41254e-16 1
6181.5 2.12358e-14 4.41254e-16 1
6183 2.12276e-14 4.41254e-16 1
6184.5 2.11198e-14 4.41254e-16 1
6186 2.11884e-14 4.41254e-16 1
6187.5 2.14826e-14 4.41254e-16 1
6189 2.17963e-14 4.41254e-16 1
6190.5 2.19271e-14 4.41254e-16 1
6192 2.21778e-14 4.41254e-16 1
6193.5 2.22917e-14 4.41254e-16 1
6195 2.2394e-14 4.41254e-16 1
6196.5 2.28963e-14 4.41254e-16 1
6198 2.30248e-14 4.41254e-16 1
6199.5 2.31653e-14 4.41254e-16 1
6201 2.33365e-14 4.41254e-16 1
6202.5 2.36155e-14 4.41254e-16 1
6204 2.4114e-14 4.41254e-16 1
6205.5 2.41881e-14 4.41254e-16 1
6207 2.42181e-14 4.41254e-16 1
6208.5 2.44591e-14 4.41254e-16 1
6210 2.46099e-14 4.41254e-16 1
6211.5 2.48161e-14 4.41254e-16 1
6213 2.49442e-14 4.41254e-16 1
6214.5 2.52672e-14 4.41254e-16 1
6216 2.51489e-14 4.41254e-16 1
6217.5 2.5362e-14 4.41254e-16 1
6219 2.54552e-14 4.41254e-16 1
6220.5 2.54842e-14 3.1465e-16 1
6222 2.56774e-14 3.1465e-16 1
6223.5 2.57871e-14 3.1465e-16 1
6225 2.55843e-14 3.1465e-16 1
6226.5 2.53033e-14 3.1465e-16 1
6228 2.51868e-14 3.1465e-16 1
6229.5 2.5772e-14 3.1465e-16 1
6231 2.56035e-14 3.1465e-16 1
6232.5 2.50517e-14 3.1465e-16 1
6234 2.48623e-14 3.1465e-16 1
6235.5 2.5005e-14 3.1465e-16 1
6237 2.46328e-14 3.1465e-16 1
6238.5 2.4524e-14 3.1465e-16 1
6240 2.46822e-14 3.1465e-16 1
6241.5 2.45067e-14 3.1465e-16 1
6243 2.42096e-14 3.1465e-16 1
6244.5 2.43703e-14 3.1465e-16 1
6246 2.41087e-14 3.1465e-16 1
6247.5 2.37717e-14 3.1465e-16 1
6249 2.38673e-14 3.1465e-16 1
6250.5 2.37484e-14 3.1465e-16 1
6252 2.34092e-14 3.1465e-16 1
6253.5 2.30241e-14 3.1465e-16 1
6255 2.33508e-14 3.1465e-16 1
6256.5 2.31461e-14 3.1465e-16 1
6258 2.24759e-14 3.1465e-16 1
6259.5 2.21058e-14 3.1465e-16 1
6261 2.21682e-14 3.1465e-16 1
6262.5 2.20325e-14 3.1465e-16 1
6264 2.18227e-14 3.1465e-16 1
6265.5 2.18613e-14 3.1465e-16 1
6267 2.158e-14 3.1465e-16 1
6268.5 2.12085e-14 3.1465e-16 1
6270 2.16389e-14 3.1465e-16 1
6271.5 2.1497e-14 3.1465e-16 1
6273 2.08395e-14 3.1465e-16 1
6274.5 2.07241e-14 3.1465e-16 1
6276 2.03862e-14 3.1465e-16 1
6277.5 1.97046e-14 3.1465e-16 1
6279 1.94563e-14 3.1465e-16 1
6280.5 2.00466e-14 3.1465e-16 1
6282 2.03203e-14 3.1465e-16 1
6283.5 1.99512e-14 3.1465e-16 1
6285 1.97646e-14 3.1465e-16 1
6286.5 1.96443e-14 3.1465e-16 1
6288 1.95871e-14 3.1465e-16 1
6289.5 1.96166e-14 3.1465e-16 1
6291 1.93976e-14 3.1465e-16 1
6292.5 1.9271e-14 3.1465e-16 1
6294 1.913e-14 3.1465e-16 1
6295.5 1.91159e-14 3.1465e-16 1
6297 1.94417e-14 3.1465e-16 1
6298.5 1.91615e-14 3.1465e-16 1
6300 1.87835e-14 3.1465e-16 1
6301.5 1.90375e-14 3.1465e-16 1
6303 1.92576e-14 3.1465e-16 1
6304.5 1.91291e-14 3.1465e-16 1
6306 1.90702e-14 3.1465e-16 1
6307.5 1.87993e-14 3.1465e-16 1
6309 1.81588e-14 3.1465e-16 1
6310.5 1.83373e-14 3.1465e-16 1
6312 1.88996e-14 3.1465e-16 1
6313.5 1.90003e-14 3.1465e-16 1
6315 1.8973e-14 3.1465e-16 1
6316.5 1.91347e-14 3.1465e-16 1
6318 1.88675e-14 3.1465e-16 1
6319.5 1.88992e-14 3.1465e-16 1
6321 1.88401e-14 2.64844e-16 1
6322.5 1.89446e-14 2.64844e-16 1
6324 1.89084e-14 2.64844e-16 1
6325.5 1.9035e-14 2.64844e-16 1
6327 1.96158e-14 2.64844e-16 1
6328.5 1.98212e-14 2.64844e-16 1
6330 1.98378e-14 2.64844e-16 1
6331.5 1.95829e-14 2.64844e-16 1
6333 1.9489e-14 2.64844e-16 1
6334.5 1.98846e-14 2.64844e-16 1
6336 2.01864e-14 2.64844e-16 1
6337.5 2.02565e-14 2.64844e-16 1
6339 2.05345e-14 2.64844e-16 1
6340.5 2.05737e-14 2.64844e-16 1
6342 2.06354e-14 2.64844e-16 1
6343.5 2.07984e-14 2.64844e-16 1
6345 2.09837e-14 2.64844e-16 1
6346.5 2.13596e-14 2.64844e-16 1
6348 2.14274e-14 2.64844e-16 1
6349.5 2.10611e-14 2.64844e-16 1
6351 2.1243e-14 2.64844e-16 1
6352.5 2.1428e-14 2.64844e-16 1
6354 2.14684e-14 2.64844e-16 1
6355.5 2.1866e-14 2.64844e-16 1
6357 2.21204e-14 2.64844e-16 1
6358.5 2.20153e-14 2.64844e-16 1
6360 2.23345e-14 2.64844e-16 1
6361.5 2.26439e-14 2.64844e-16 1
6363 2.27577e-14 2.64844e-16 1
6364.5 2.28087e-14 2.64844e-16 1
6366 2.29177e-14 2.64844e-16 1
6367.5 2.30111e-14 2.64844e-16 1
6369 2.3205e-14 2.64844e-16 1
6370.5 2.34499e-14 2.64844e-16 1
6372 2.3561e-14 2.64844e-16 1
6373.5 2.34991e-14 2.64844e-16 1
6375 2.36626e-14 2.64844e-16 1
6376.5 2.44435e-14 2.64844e-16 1
6378 2.44477e-14 2.64844e-16 1
6379.5 2.46596e-14 2.64844e-16 1
6381 2.48915e-14 2.64844e-16 1
6382.5 2.51816e-14 2.64844e-16 1
6384 2.54187e-14 2.64844e-16 1
6385.5 2.5482e-14 2.64844e-16 1
6387 2.57758e-14 2.64844e-16 1
6388.5 2.58102e-14 2.64844e-16 1
6390 2.62769e-14 2.64844e-16 1
6391.5 2.61588e-14 2.64844e-16 1
6393 2.63679e-14 2.64844e-16 1
6394.5 2.66129e-14 2.64844e-16 1
6396 2.6746e-14 2.64844e-16 1
6397.5 2.70996e-14 2.64844e-16 1
6399 2.75103e-14 2.64844e-16 1
6400.5 2.77912e-14 2.64844e-16 1
6402 2.80128e-14 2.64844e-16 1
6403.5 2.85084e-14 2.64844e-16 1
6405 2.83725e-14 2.64844e-16 1
6406.5 2.8441e-14 2.64844e-16 1
6408 2.87662e-14 2.64844e-16 1
6409.5 2.91036e-14 2.64844e-16 1
6411 2.94772e-14 2.64844e-16 1
6412.5 2.98503e-14 2.64844e-16 1
6414 3.00739e-14 2.64844e-16 1
6415.5 3.02719e-14 2.64844e-16 1
6417 3.06379e-14 2.64844e-16 1
6418.5 3.08334e-14 2.64844e-16 1
6420 3.09687e-14 3.70582e-16 1
6421.5 3.13646e-14 3.70582e-16 1
6423 3.17871e-14 3.70582e-16 1
6424.5 3.18498e-14 3.70582e-16 1
6426 3.19233e-14 3.70582e-16 1
6427.5 3.24108e-14 3.70582e-16 1
6429 3.2603e-14 3.70582e-16 1
6430.5 3.27737e-14 3.70582e-16 1
6432 3.33078e-14 3.70582e-16 1
6433.5 3.33418e-14 3.70582e-16 1
6435 3.34165e-14 3.70582e-16 1
6436.5 3.35434e-14 3.70582e-16 1
6438 3.39251e-14 3.70582e-16 1
6439.5 3.43383e-14 3.70582e-16 1
6441 3.43591e-14 3.70582e-16 1
6442.5 3.4607e-14 3.70582e-16 1
6444 3.51108e-14 3.70582e-16 1
6445.5 3.51841e-14 3.70582e-16 1
6447 3.51581e-14 3.70582e-16 1
6448.5 3.57499e-14 3.70582e-16 1
6450 3.59606e-14 3.70582e-16 1
6451.5 3.59742e-14 3.70582e-16 1
6453 3.64361e-14 3.70582e-16 1
6454.5 3.63269e-14 3.70582e-16 1
6456 3.62063e-14 3.70582e-16 1
6457.5 3.65577e-14 3.70582e-16 1
6459 3.67638e-14 3.70582e-16 1
6460.5 3.70889e-14 3.70582e-16 1
6462 3.73789e-14 3.70582e-16 1
6463.5 3.71031e-14 3.70582e-16 1
6465 3.70465e-14 3.70582e-16 1
6466.5 3.74443e-14 3.70582e-16 1
6468 3.76375e-14 3.70582e-16 1
6469.5 3.77598e-14 3.70582e-16 1
6471 3.80005e-14 3.70582e-16 1
6472.5 3.78388e-14 3.70582e-16 1
6474 3.73819e-14 3.70582e-16 1
6475.5 3.74056e-14 3.70582e-16 1
6477 3.77231e-14 3.70582e-16 1
6478.5 3.78362e-14 3.70582e-16 1
6480 3.7891e-14 3.70582e-16 1
6481.5 3.79537e-14 3.70582e-16 1
6483 3.80023e-14 3.70582e-16 1
6484.5 3.84693e-14 3.70582e-16 1
6486 3.90147e-14 3.70582e-16 1
6487.5 3.92364e-14 3.70582e-16 1
6489 3.91866e-14 3.70582e-16 1
6490.5 3.9105e-14 3.70582e-16 1
6492 3.877e-14 3.70582e-16 1
6493.5 3.87767e-14 3.70582e-16 1
6495 3.95513e-14 3.70582e-16 1
6496.5 3.98033e-14 3.70582e-16 1
6498 3.95991e-14 3.70582e-16 1
6499.5 3.95085e-14 3.70582e-16 1
6501 3.95913e-14 3.70582e-16 1
6502.5 3.99194e-14 3.70582e-16 1
6504 3.99247e-14 3.70582e-16 1
6505.5 3.98899e-14 3.70582e-16 1
6507 3.99563e-14 3.70582e-16 1
6508.5 3.97611e-14 3.70582e-16 1
6510 3.97703e-14 3.70582e-16 1
6511.5 3.98157e-14 3.70582e-16 1
6513 3.92292e-14 3.70582e-16 1
6514.5 3.85549e-14 3.70582e-16 1
6516 3.86201e-14 3.70582e-16 1
6517.5 3.89609e-14 3.70582e-16 1
6519 3.88694e-14 3.70582e-16 1
6520.5 3.94714e-14 2.58009e-16 1
6522 3.95015e-14 2.58009e-16 1
6523.5 3.92172e-14 2.58009e-16 1
6525 3.97359e-14 2.58009e-16 1
6526.5 3.98004e-14 2.58009e-16 1
6528 3.96885e-14 2.58009e-16 1
6529.5 3.89979e-14 2.58009e-16 1
6531 3.93213e-14 2.58009e-16 1
6532.5 3.90307e-14 2.58009e-16 1
6534 3.84618e-14 2.58009e-16 1
6535.5 3.84365e-14 2.58009e-16 1
6537 3.90497e-14 2.58009e-16 1
6538.5 3.92336e-14 2.58009e-16 1
6540 3.89025e-14 2.58009e-16 1
6541.5 3.85897e-14 2.58009e-16 1
6543 3.8014e-14 2.58009e-16 1
6544.5 3.82145e-14 2.58009e-16 1
6546 3.82902e-14 2.58009e-16 1
6547.5 3.81209e-14 2.58009e-16 1
6549 3.80056e-14 2.58009e-16 1
6550.5 3.81571e-14 2.58009e-16 1
6552 3.75791e-14 2.58009e-16 1
6553.5 3.70227e-14 2.58009e-16 1
6555 3.7074e-14 2.58009e-16 1
6556.5 3.72262e-14 2.58009e-16 1
6558 3.71047e-14 2.58009e-16 1
6559.5 3.70254e-14 2.58009e-16 1
6561 3.71115e-14 2.58009e-16 1
6562.5 3.65613e-14 2.58009e-16 1
6564 3.6109e-14 2.58009e-16 1
6565.5 3.63125e-14 2.58009e-16 1
6567 3.61324e-14 2.58009e-16 1
6568.5 3.57823e-14 2.58009e-16 1
6570 3.59218e-14 2.58009e-16 1
6571.5 3.59319e-14 2.58009e-16 1
6573 3.55888e-14 2.58009e-16 1
6574.5 3.52709e-14 2.58009e-16 1
6576 3.51521e-14 2.58009e-16 1
6577.5 3.5092e-14 2.58009e-16 1
6579 3.50561e-14 2.58009e-16 1
6580.5 3.50464e-14 2.58009e-16 1
6582 3.47543e-14 2.58009e-16 1
6583.5 3.44788e-14 2.58009e-16 1
6585 3.4309e-14 2.58009e-16 1
6586.5 3.37382e-14 2.58009e-16 1
6588 3.33518e-14 2.58009e-16 1
6589.5 3.35284e-14 2.58009e-16 1
6591 3.32634e-14 2.58009e-16 1
6592.5 3.31152e-14 2.58009e-16 1
6594 3.29375e-14 2.58009e-16 1
6595.5 3.27401e-14 2.58009e-16 1
6597 3.24899e-14 2.58009e-16 1
6598.5 3.20171e-14 2.58009e-16 1
6600 3.17441e-14 2.58009e-16 1
6601.5 3.18902e-14 2.58009e-16 1
6603 3.14298e-14 2.58009e-16 1
6604.5 3.08947e-14 2.58009e-16 1
6606 3.1405e-14 2.58009e-16 1
6607.5 3.09717e-14 2.58009e-16 1
6609 3.11508e-14 2.58009e-16 1
6610.5 3.02462e-14 2.58009e-16 1
6612 3.00489e-14 2.58009e-16 1
6613.5 2.99515e-14 2.58009e-16 1
6615 2.96591e-14 2.58009e-16 1
6616.5 2.9415e-14 2.58009e-16 1
6618 2.89799e-14 2.58009e-16 1
6619.5 2.87835e-14 2.58009e-16 1
6621 2.86737e-14 2.00626e-16 1
6622.5 2.82736e-14 2.00626e-16 1
6624 2.76508e-14 2.00626e-16 1
6625.5 2.77194e-14 2.00626e-16 1
6627 2.77768e-14 2.00626e-16 1
6628.5 2.73902e-14 2.00626e-16 1
6630 2.69343e-14 2.00626e-16 1
6631.5 2.64721e-14 2.00626e-16 1
6633 2.6256e-14 2.00626e-16 1
6634.5 2.65129e-14 2.00626e-16 1
6636 2.64969e-14 2.00626e-16 1
6637.5 2.58762e-14 2.00626e-16 1
6639 2.5711e-14 2.00626e-16 1
6640.5 2.5899e-14 2.00626e-16 1
6642 2.54766e-14 2.00626e-16 1
6643.5 2.4736e-14 2.00626e-16 1
6645 2.43265e-14 2.00626e-16 1
6646.5 2.40461e-14 2.00626e-16 1
6648 2.3921e-14 2.00626e-16 1
6649.5 2.3483e-14 2.00626e-16 1
6651 2.33478e-14 2.00626e-16 1
6652.5 2.33135e-14 2.00626e-16 1
6654 2.29988e-14 2.00626e-16 1
6655.5 2.28143e-14 2.00626e-16 1
6657 2.25228e-14 2.00626e-16 1
6658.5 2.22965e-14 2.00626e-16 1
6660 2.21875e-14 2.00626e-16 1
6661.5 2.1861e-14 2.00626e-16 1
6663 2.15787e-14 2.00626e-16 1
6664.5 2.15002e-14 2.00626e-16 1
6666 2.12103e-14 2.00626e-16 1
6667.5 2.07969e-14 2.00626e-16 1
6669 2.06562e-14 2.00626e-16 1
6670.5 2.01563e-14 2.00626e-16 1
6672 2.0135e-14 2.00626e-16 1
6673.5 1.97843e-14 2.00626e-16 1
6675 1.97304e-14 2.00626e-16 1
6676.5 1.96379e-14 2.00626e-16 1
6678 1.95594e-14 2.00626e-16 1
6679.5 1.91408e-14 2.00626e-16 1
6681 1.88291e-14 2.00626e-16 1
6682.5 1.86737e-14 2.00626e-16 1
6684 1.84058e-14 2.00626e-16 1
6685.5 1.83331e-14 2.00626e-16 1
6687 1.83251e-14 2.00626e-16 1
6688.5 1.82181e-14 2.00626e-16 1
6690 1.79648e-14 2.00626e-16 1
6691.5 1.76487e-14 2.00626e-16 1
6693 1.7593e-14 2.00626e-16 1
6694.5 1.7522e-14 2.00626e-16 1
6696 1.73704e-14 2.00626e-16 1
6697.5 1.72099e-14 2.00626e-16 1
6699 1.69879e-14 2.00626e-16 1
6700.5 1.66734e-14 2.00626e-16 1
6702 1.63919e-14 2.00626e-16 1
6703.5 1.63796e-14 2.00626e-16 1
6705 1.62988e-14 2.00626e-16 1
6706.5 1.5829e-14 2.00626e-16 1
6708 1.55689e-14 2.00626e-16 1
6709.5 1.58155e-14 2.00626e-16 1
6711 1.577e-14 2.00626e-16 1
6712.5 1.5407e-14 2.00626e-16 1
6714 1.50783e-14 2.00626e-16 1
6715.5 1.49983e-14 2.00626e-16 1
6717 1.51405e-14 2.00626e-16 1
6718.5 1.51998e-14 2.00626e-16 1
6720 1.50373e-14 1.8839e-16 1
6721.5 1.47791e-14 1.8839e-16 1
6723 1.47141e-14 1.8839e-16 1
6724.5 1.48032e-14 1.8839e-16 1
6726 1.46032e-14 1.8839e-16 1
6727.5 1.4422e-14 1.8839e-16 1
6729 1.44129e-14 1.8839e-16 1
6730.5 1.41615e-14 1.8839e-16 1
6732 1.41421e-14 1.8839e-16 1
6733.5 1.43106e-14 1.8839e-16 1
6735 1.41916e-14 1.8839e-16 1
6736.5 1.41426e-14 1.8839e-16 1
6738 1.40243e-14 1.8839e-16 1
6739.5 1.38732e-14 1.8839e-16 1
6741 1.36939e-14 1.8839e-16 1
6742.5 1.35954e-14 1.8839e-16 1
6744 1.36072e-14 1.8839e-16 1
6745.5 1.33943e-14 1.8839e-16 1
6747 1.34671e-14 1.8839e-16 1
6748.5 1.3245e-14 1.8839e-16 1
6750 1.3212e-14 1.8839e-16 1
6751.5 1.32554e-14 1.8839e-16 1
6753 1.30826e-14 1.8839e-16 1
6754.5 1.29417e-14 1.8839e-16 1
6756 1.29546e-14 1.8839e-16 1
6757.5 1.31163e-14 1.8839e-16 1
6759 1.30768e-14 1.8839e-16 1
6760.5 1.30321e-14 1.8839e-16 1
6762 1.29282e-14 1.8839e-16 1
6763.5 1.28254e-14 1.8839e-16 1
6765 1.28555e-14 1.8839e-16 1
6766.5 1.28637e-14 1.8839e-16 1
6768 1.26802e-14 1.8839e-16 1
6769.5 1.26729e-14 1.8839e-16 1
6771 1.26823e-14 1.8839e-16 1
6772.5 1.25577e-14 1.8839e-16 1
6774 1.24846e-14 1.8839e-16 1
6775.5 1.26888e-14 1.8839e-16 1
6777 1.27847e-14 1.8839e-16 1
6778.5 1.25366e-14 1.8839e-16 1
6780 1.25494e-14 1.8839e-16 1
6781.5 1.26859e-14 1.8839e-16 1
6783 1.26386e-14 1.8839e-16 1
6784.5 1.24323e-14 1.8839e-16 1
6786 1.24871e-14 1.8839e-16 1
6787.5 1.25626e-14 1.8839e-16 1
6789 1.23751e-14 1.8839e-16 1
6790.5 1.21974e-14 1.8839e-16 1
6792 1.23689e-14 1.8839e-16 1
6793.5 1.25609e-14 1.8839e-16 1
6795 1.25591e-14 1.8839e-16 1
6796.5 1.24211e-14 1.8839e-16 1
6798 1.24311e-14 1.8839e-16 1
6799.5 1.26659e-14 1.8839e-16 1
6801 1.25247e-14 1.8839e-16 1
6802.5 1.23722e-14 1.8839e-16 1
6804 1.23762e-14 1.8839e-16 1
6805.5 1.2242e-14 1.8839e-16 1
6807 1.23416e-14 1.8839e-16 1
6808.5 1.22652e-14 1.8839e-16 1
6810 1.23802e-14 1.8839e-16 1
6811.5 1.21953e-14 1.8839e-16 1
6813 1.22998e-14 1.8839e-16 1
6814.5 1.25106e-14 1.8839e-16 1
6816 1.22968e-14 1.8839e-16 1
6817.5 1.22905e-14 1.8839e-16 1
6819 1.2313e-14 1.8839e-16 1
6820.5 1.2339e-14 2.01631e-16 1
6822 1.24188e-14 2.01631e-16 1
6823.5 1.24877e-14 2.01631e-16 1
6825 1.23128e-14 2.01631e-16 1
6826.5 1.23352e-14 2.01631e-16 1
6828 1.21722e-14 2.01631e-16 1
6829.5 1.21913e-14 2.01631e-16 1
6831 1.2025e-14 2.01631e-16 1
6832.5 1.20923e-14 2.01631e-16 1
6834 1.20439e-14 2.01631e-16 1
6835.5 1.20465e-14 2.01631e-16 1
6837 1.19916e-14 2.01631e-16 1
6838.5 1.22161e-14 2.01631e-16 1
6840 1.22521e-14 2.01631e-16 1
6841.5 1.24001e-14 2.01631e-16 1
6843 1.26181e-14 2.01631e-16 1
6844.5 1.25349e-14 2.01631e-16 1
6846 1.23692e-14 2.01631e-16 1
6847.5 1.24566e-14 2.01631e-16 1
6849 1.24982e-14 2.01631e-16 1
6850.5 1.22847e-14 2.01631e-16 1
6852 1.22365e-14 2.01631e-16 1
6853.5 1.24603e-14 2.01631e-16 1
6855 1.24429e-14 2.01631e-16 1
6856.5 1.23765e-14 2.01631e-16 1
6858 1.23597e-14 2.01631e-16 1
6859.5 1.2464e-14 2.01631e-16 1
6861 1.26032e-14 2.01631e-16 1
6862.5 1.26013e-14 2.01631e-16 1
6864 1.27632e-14 2.01631e-16 1
6865.5 1.30621e-14 2.01631e-16 1
6867 1.31323e-14 2.01631e-16 1
6868.5 1.28909e-14 2.01631e-16 1
6870 1.26048e-14 2.01631e-16 1
6871.5 1.26491e-14 2.01631e-16 1
6873 1.29928e-14 2.01631e-16 1
6874.5 1.2982e-14 2.01631e-16 1
6876 1.27402e-14 2.01631e-16 1
6877.5 1.26254e-14 2.01631e-16 1
6879 1.30041e-14 2.01631e-16 1
6880.5 1.30023e-14 2.01631e-16 1
6882 1.29085e-14 2.01631e-16 1
6883.5 1.24383e-14 2.01631e-16 1
6885 1.26141e-14 2.01631e-16 1
6886.5 1.3061e-14 2.01631e-16 1
6888 1.32306e-14 2.01631e-16 1
6889.5 1.33686e-14 2.01631e-16 1
6891 1.3067e-14 2.01631e-16 1
6892.5 1.31895e-14 2.01631e-16 1
6894 1.31302e-14 2.01631e-16 1
6895.5 1.31427e-14 2.01631e-16 1
6897 1.35183e-14 2.01631e-16 1
6898.5 1.35655e-14 2.01631e-16 1
6900 1.31331e-14 2.01631e-16 1
6901.5 1.29112e-14 2.01631e-16 1
6903 1.3429e-14 2.01631e-16 1
6904.5 1.35153e-14 2.01631e-16 1
6906 1.34893e-14 2.01631e-16 1
6907.5 1.36306e-14 2.01631e-16 1
6909 1.36264e-14 2.01631e-16 1
6910.5 1.34852e-14 2.01631e-16 1
6912 1.32187e-14 2.01631e-16 1
6913.5 1.33891e-14 2.01631e-16 1
6915 1.37896e-14 2.01631e-16 1
6916.5 1.36881e-14 2.01631e-16 1
6918 1.35398e-14 2.01631e-16 1
6919.5 1.38817e-14 2.01631e-16 1
6921 1.40157e-14 2.39353e-16 1
6922.5 1.3746e-14 2.39353e-16 1
6924 1.39436e-14 2.39353e-16 1
6925.5 1.44348e-14 2.39353e-16 1
6927 1.43063e-14 2.39353e-16 1
6928.5 1.39861e-14 2.39353e-16 1
6930 1.41541e-14 2.39353e-16 1
6931.5 1.44573e-14 2.39353e-16 1
6933 1.44938e-14 2.39353e-16 1
6934.5 1.43285e-14 2.39353e-16 1
6936 1.44966e-14 2.39353e-16 1
6937.5 1.45504e-14 2.39353e-16 1
6939 1.4148e-14 2.39353e-16 1
6940.5 1.40239e-14 2.39353e-16 1
6942 1.4253e-14 2.39353e-16 1
6943.5 1.45675e-14 2.39353e-16 1
6945 1.44782e-14 2.39353e-16 1
6946.5 1.40817e-14 2.39353e-16 1
6948 1.40685e-14 2.39353e-16 1
6949.5 1.40277e-14 2.39353e-16 1
6951 1.38679e-14 2.39353e-16 1
6952.5 1.39879e-14 2.39353e-16 1
6954 1.42864e-14 2.39353e-16 1
6955.5 1.42176e-14 2.39353e-16 1
6957 1.42879e-14 2.39353e-16 1
6958.5 1.43386e-14 2.39353e-16 1
6960 1.41203e-14 2.39353e-16 1
6961.5 1.39747e-14 2.39353e-16 1
6963 1.39028e-14 2.39353e-16 1
6964.5 1.40883e-14 2.39353e-16 1
6966 1.38927e-14 2.39353e-16 1
6967.5 1.34408e-14 2.39353e-16 1
6969 1.35031e-14 2.39353e-16 1
6970.5 1.37917e-14 2.39353e-16 1
6972 1.35626e-14 2.39353e-16 1
6973.5 1.38228e-14 2.39353e-16 1
6975 1.39565e-14 2.39353e-16 1
6976.5 1.337e-14 2.39353e-16 1
6978 1.30213e-14 2.39353e-16 1
6979.5 1.3653e-14 2.39353e-16 1
6981 1.38656e-14 2.39353e-16 1
6982.5 1.32153e-14 2.39353e-16 1
6984 1.37129e-14 2.39353e-16 1
6985.5 1.40304e-14 2.39353e-16 1
6987 1.34238e-14 2.39353e-16 1
6988.5 1.31536e-14 2.39353e-16 1
6990 1.32004e-14 2.39353e-16 1
6991.5 1.30233e-14 2.39353e-16 1
6993 1.31225e-14 2.39353e-16 1
6994.5 1.33559e-14 2.39353e-16 1
6996 1.32095e-14 2.39353e-16 1
6997.5 1.28543e-14 2.39353e-16 1
6999 1.28981e-14 2.39353e-16 1
7000.5 1.29399e-14 2.39353e-16 1
7002 1.27604e-14 2.39353e-16 1
7003.5 1.3085e-14 2.39353e-16 1
7005 1.30767e-14 2.39353e-16 1
7006.5 1.26378e-14 2.39353e-16 1
7008 1.26928e-14 2.39353e-16 1
7009.5 1.27145e-14 2.39353e-16 1
7011 1.27847e-14 2.39353e-16 1
7012.5 1.31226e-14 2.39353e-16 1
7014 1.31716e-14 2.39353e-16 1
7015.5 1.29379e-14 2.39353e-16 1
7017 1.26012e-14 2.39353e-16 1
7018.5 1.24233e-14 2.39353e-16 1
7020 1.26999e-14 2.36745e-16 1
7021.5 1.23377e-14 2.36745e-16 1
7023 1.20384e-14 2.36745e-16 1
7024.5 1.24353e-14 2.36745e-16 1
7026 1.26253e-14 2.36745e-16 1
7027.5 1.26518e-14 2.36745e-16 1
7029 1.25912e-14 2.36745e-16 1
7030.5 1.26585e-14 2.36745e-16 1
7032 1.2337e-14 2.36745e-16 1
7033.5 1.2292e-14 2.36745e-16 1
7035 1.26177e-14 2.36745e-16 1
7036.5 1.30516e-14 2.36745e-16 1
7038 1.32612e-14 2.36745e-16 1
7039.5 1.25939e-14 2.36745e-16 1
7041 1.26775e-14 2.36745e-16 1
7042.5 1.30586e-14 2.36745e-16 1
7044 1.28044e-14 2.36745e-16 1
7045.5 1.27589e-14 2.36745e-16 1
7047 1.28604e-14 2.36745e-16 1
7048.5 1.27813e-14 2.36745e-16 1
7050 1.25407e-14 2.36745e-16 1
7051.5 1.26157e-14 2.36745e-16 1
7053 1.28911e-14 2.36745e-16 1
7054.5 1.27952e-14 2.36745e-16 1
7056 1.2509e-14 2.36745e-16 1
7057.5 1.26496e-14 2.36745e-16 1
7059 1.29388e-14 2.36745e-16 1
7060.5 1.28907e-14 2.36745e-16 1
7062 1.26355e-14 2.36745e-16 1
7063.5 1.25102e-14 2.36745e-16 1
7065 1.26216e-14 2.36745e-16 1
7066.5 1.31609e-14 2.36745e-16 1
7068 1.33737e-14 2.36745e-16 1
7069.5 1.32566e-14 2.36745e-16 1
7071 1.29209e-14 2.36745e-16 1
7072.5 1.28785e-14 2.36745e-16 1
7074 1.32688e-14 2.36745e-16 1
7075.5 1.34407e-14 2.36745e-16 1
7077 1.32886e-14 2.36745e-16 1
7078.5 1.31901e-14 2.36745e-16 1
7080 1.32198e-14 2.36745e-16 1
7081.5 1.35314e-14 2.36745e-16 1
7083 1.35318e-14 2.36745e-16 1
7084.5 1.31288e-14 2.36745e-16 1
7086 1.31492e-14 2.36745e-16 1
7087.5 1.35212e-14 2.36745e-16 1
7089 1.38388e-14 2.36745e-16 1
7090.5 1.36475e-14 2.36745e-16 1
7092 1.34035e-14 2.36745e-16 1
7093.5 1.34513e-14 2.36745e-16 1
7095 1.34742e-14 2.36745e-16 1
7096.5 1.32337e-14 2.36745e-16 1
7098 1.35839e-14 2.36745e-16 1
7099.5 1.37969e-14 2.36745e-16 1
7101 1.34979e-14 2.36745e-16 1
7102.5 1.3511e-14 2.36745e-16 1
7104 1.37458e-14 2.36745e-16 1
7105.5 1.38133e-14 2.36745e-16 1
7107 1.3955e-14 2.36745e-16 1
7108.5 1.42207e-14 2.36745e-16 1
7110 1.38016e-14 2.36745e-16 1
7111.5 1.39205e-14 2.36745e-16 1
7113 1.40105e-14 2.36745e-16 1
7114.5 1.4021e-14 2.36745e-16 1
7116 1.43187e-14 2.36745e-16 1
7117.5 1.44725e-14 2.36745e-16 1
7119 1.47031e-14 2.36745e-16 1
7120.5 1.47463e-14 4.31776e-16 1
7122 1.46352e-14 4.31776e-16 1
7123.5 1.49506e-14 4.31776e-16 1
7125 1.45561e-14 4.31776e-16 1
7126.5 1.44152e-14 4.31776e-16 1
7128 1.43363e-14 4.31776e-16 1
7129.5 1.44143e-14 4.31776e-16 1
7131 1.50976e-14 4.31776e-16 1
7132.5 1.48889e-14 4.31776e-16 1
7134 1.51117e-14 4.31776e-16 1
7135.5 1.56499e-14 4.31776e-16 1
7137 1.5881e-14 4.31776e-16 1
7138.5 1.58352e-14 4.31776e-16 1
7140 1.57342e-14 4.31776e-16 1
7141.5 1.58913e-14 4.31776e-16 1
7143 1.5862e-14 4.31776e-16 1
7144.5 1.57926e-14 4.31776e-16 1
7146 1.57435e-14 4.31776e-16 1
7147.5 1.57088e-14 4.31776e-16 1
7149 1.58716e-14 4.31776e-16 1
7150.5 1.60337e-14 4.31776e-16 1
7152 1.58518e-14 4.31776e-16 1
7153.5 1.55481e-14 4.31776e-16 1
7155 1.56201e-14 4.31776e-16 1
7156.5 1.6079e-14 4.31776e-16 1
7158 1.64148e-14 4.31776e-16 1
7159.5 1.64586e-14 4.31776e-16 1
7161 1.62859e-14 4.31776e-16 1
7162.5 1.64346e-14 4.31776e-16 1
7164 1.67415e-14 4.31776e-16 1
7165.5 1.70288e-14 4.31776e-16 1
7167 1.7221e-14 4.31776e-16 1
7168.5 1.66673e-14 4.31776e-16 1
7170 1.60336e-14 4.31776e-16 1
7171.5 1.6605e-14 4.31776e-16 1
7173 1.7633e-14 4.31776e-16 1
7174.5 1.86908e-14 4.31776e-16 1
7176 1.83594e-14 4.31776e-16 1
7177.5 1.78894e-14 4.31776e-16 1
7179 1.84566e-14 4.31776e-16 1
7180.5 1.86473e-14 4.31776e-16 1
7182 1.84849e-14 4.31776e-16 1
7183.5 1.84321e-14 4.31776e-16 1
7185 1.83211e-14 4.31776e-16 1
7186.5 1.86696e-14 4.31776e-16 1
7188 1.85876e-14 4.31776e-16 1
7189.5 1.84952e-14 4.31776e-16 1
7191 1.87363e-14 4.31776e-16 1
7192.5 1.84811e-14 4.31776e-16 1
7194 1.83238e-14 4.31776e-16 1
7195.5 1.87675e-14 4.31776e-16 1
7197 1.8626e-14 4.31776e-16 1
7198.5 1.87945e-14 4.31776e-16 1
7200 1.89108e-14 4.31776e-16 1
7201.5 1.85045e-14 4.31776e-16 1
7203 1.83574e-14 4.31776e-16 1
7204.5 1.84269e-14 4.31776e-16 1
7206 1.86759e-14 4.31776e-16 1
7207.5 1.92086e-14 4.31776e-16 1
7209 1.94421e-14 4.31776e-16 1
7210.5 1.91899e-14 4.31776e-16 1
7212 1.86215e-14 4.31776e-16 1
7213.5 1.84855e-14 4.31776e-16 1
7215 1.87333e-14 4.31776e-16 1
7216.5 1.90501e-14 4.31776e-16 1
7218 1.92981e-14 4.31776e-16 1
7219.5 1.90565e-14 4.31776e-16 1
7221 1.89311e-14 3.30733e-16 1
7222.5 1.92217e-14 3.30733e-16 1
7224 1.94146e-14 3.30733e-16 1
7225.5 1.93065e-14 3.30733e-16 1
7227 1.92678e-14 3.30733e-16 1
7228.5 1.95275e-14 3.30733e-16 1
7230 1.97406e-14 3.30733e-16 1
7231.5 1.97491e-14 3.30733e-16 1
7233 1.99751e-14 3.30733e-16 1
7234.5 1.99951e-14 3.30733e-16 1
7236 1.97143e-14 3.30733e-16 1
7237.5 1.95844e-14 3.30733e-16 1
7239 1.96031e-14 3.30733e-16 1
7240.5 1.96815e-14 3.30733e-16 1
7242 1.97599e-14 3.30733e-16 1
7243.5 1.97599e-14 3.30733e-16 1
7245 1.89829e-14 3.30733e-16 1
7246.5 1.93484e-14 3.30733e-16 1
7248 1.98161e-14 3.30733e-16 1
7249.5 2.00589e-14 3.30733e-16 1
7251 1.97316e-14 3.30733e-16 1
7252.5 1.93615e-14 3.30733e-16 1
7254 1.8972e-14 3.30733e-16 1
7255.5 1.92575e-14 3.30733e-16 1
7257 1.92409e-14 3.30733e-16 1
7258.5 1.92414e-14 3.30733e-16 1
7260 1.92332e-14 3.30733e-16 1
7261.5 1.9225e-14 3.30733e-16 1
7263 1.92168e-14 3.30733e-16 1
7264.5 1.92086e-14 3.30733e-16 1
7266 1.92004e-14 3.30733e-16 1
7267.5 1.91922e-14 3.30733e-16 1
7269 1.9184e-14 3.30733e-16 1
7270.5 1.91758e-14 3.30733e-16 1
7272 1.91758e-14 3.30733e-16 1
7273.5 1.91904e-14 3.30733e-16 1
7275 1.91278e-14 3.30733e-16 1
7276.5 1.88965e-14 3.30733e-16 1
7278 1.89571e-14 3.30733e-16 1
7279.5 1.92895e-14 3.30733e-16 1
7281 1.93216e-14 3.30733e-16 1
7282.5 1.8862e-14 3.30733e-16 1
7284 1.88823e-14 3.30733e-16 1
7285.5 1.88481e-14 3.30733e-16 1
7287 1.86008e-14 3.30733e-16 1
7288.5 1.89503e-14 3.30733e-16 1
7290 1.92912e-14 3.30733e-16 1
7291.5 1.89263e-14 3.30733e-16 1
7293 1.86833e-14 3.30733e-16 1
7294.5 1.84463e-14 3.30733e-16 1
7296 1.78042e-14 3.30733e-16 1
7297.5 1.7771e-14 3.30733e-16 1
7299 1.81372e-14 3.30733e-16 1
7300.5 1.79627e-14 3.30733e-16 1
7302 1.74066e-14 3.30733e-16 1
7303.5 1.73819e-14 3.30733e-16 1
7305 1.75411e-14 3.30733e-16 1
7306.5 1.75925e-14 3.30733e-16 1
7308 1.79625e-14 3.30733e-16 1
7309.5 1.80626e-14 3.30733e-16 1
7311 1.79144e-14 3.30733e-16 1
7312.5 1.78551e-14 3.30733e-16 1
7314 1.74567e-14 3.30733e-16 1
7315.5 1.72108e-14 3.30733e-16 1
7317 1.72312e-14 3.30733e-16 1
7318.5 1.68945e-14 3.30733e-16 1
7320 1.7234e-14 4.06217e-16 1
7321.5 1.74514e-14 4.06217e-16 1
7323 1.73334e-14 4.06217e-16 1
7324.5 1.77026e-14 4.06217e-16 1
7326 1.72257e-14 4.06217e-16 1
7327.5 1.67877e-14 4.06217e-16 1
7329 1.71687e-14 4.06217e-16 1
7330.5 1.74457e-14 4.06217e-16 1
7332 1.82598e-14 4.06217e-16 1
7333.5 1.81561e-14 4.06217e-16 1
7335 1.78795e-14 4.06217e-16 1
7336.5 1.83104e-14 4.06217e-16 1
7338 1.87513e-14 4.06217e-16 1
7339.5 1.8112e-14 4.06217e-16 1
7341 1.74285e-14 4.06217e-16 1
7342.5 1.74728e-14 4.06217e-16 1
7344 1.84311e-14 4.06217e-16 1
7345.5 1.89227e-14 4.06217e-16 1
7347 1.78985e-14 4.06217e-16 1
7348.5 1.74217e-14 4.06217e-16 1
7350 1.77708e-14 4.06217e-16 1
7351.5 1.76653e-14 4.06217e-16 1
7353 1.77255e-14 4.06217e-16 1
7354.5 1.80155e-14 4.06217e-16 1
7356 1.79343e-14 4.06217e-16 1
7357.5 1.78948e-14 4.06217e-16 1
7359 1.81208e-14 4.06217e-16 1
7360.5 1.82309e-14 4.06217e-16 1
7362 1.81562e-14 4.06217e-16 1
7363.5 1.82032e-14 4.06217e-16 1
7365 1.83682e-14 4.06217e-16 1
7366.5 1.86706e-14 4.06217e-16 1
7368 1.89277e-14 4.06217e-16 1
7369.5 1.86096e-14 4.06217e-16 1
7371 1.88065e-14 4.06217e-16 1
7372.5 1.89209e-14 4.06217e-16 1
7374 1.87641e-14 4.06217e-16 1
7375.5 1.87392e-14 4.06217e-16 1
7377 1.88675e-14 4.06217e-16 1
7378.5 1.89526e-14 4.06217e-16 1
7380 1.87064e-14 4.06217e-16 1
7381.5 1.88288e-14 4.06217e-16 1
7383 1.91799e-14 4.06217e-16 1
7384.5 1.95094e-14 4.06217e-16 1
7386 1.97532e-14 4.06217e-16 1
7387.5 2.00462e-14 4.06217e-16 1
7389 2.00226e-14 4.06217e-16 1
7390.5 1.95722e-14 4.06217e-16 1
7392 1.96328e-14 4.06217e-16 1
7393.5 1.98066e-14 4.06217e-16 1
7395 2.07447e-14 4.06217e-16 1
7396.5 2.13668e-14 4.06217e-16 1
7398 2.03267e-14 4.06217e-16 1
7399.5 2.01511e-14 4.06217e-16 1
7401 2.00923e-14 4.06217e-16 1
7402.5 2.1221e-14 4.06217e-16 1
7404 2.11244e-14 4.06217e-16 1
7405.5 2.10278e-14 4.06217e-16 1
7407 2.09312e-14 4.06217e-16 1
7408.5 2.09312e-14 4.06217e-16 1
7410 2.07567e-14 4.06217e-16 1
7411.5 2.07982e-14 4.06217e-16 1
7413 2.05412e-14 4.06217e-16 1
7414.5 2.08561e-14 4.06217e-16 1
7416 2.10539e-14 4.06217e-16 1
7417.5 2.0758e-14 4.06217e-16 1
7419 2.06806e-14 4.06217e-16 1
7420.5 2.08283e-14 2.45282e-16 1
7422 2.09482e-14 2.45282e-16 1
7423.5 2.09032e-14 2.45282e-16 1
7425 2.09671e-14 2.45282e-16 1
7426.5 2.09051e-14 2.45282e-16 1
7428 2.10242e-14 2.45282e-16 1
7429.5 2.13877e-14 2.45282e-16 1
7431 2.14937e-14 2.45282e-16 1
7432.5 2.13877e-14 2.45282e-16 1
7434 2.13102e-14 2.45282e-16 1
7435.5 2.16395e-14 2.45282e-16 1
7437 2.16393e-14 2.45282e-16 1
7438.5 2.14344e-14 2.45282e-16 1
7440 2.14048e-14 2.45282e-16 1
7441.5 2.13554e-14 2.45282e-16 1
7443 2.12761e-14 2.45282e-16 1
7444.5 2.14313e-14 2.45282e-16 1
7446 2.1408e-14 2.45282e-16 1
7447.5 2.16053e-14 2.45282e-16 1
7449 2.19078e-14 2.45282e-16 1
7450.5 2.16767e-14 2.45282e-16 1
7452 2.16014e-14 2.45282e-16 1
7453.5 2.16219e-14 2.45282e-16 1
7455 2.14886e-14 2.45282e-16 1
7456.5 2.14868e-14 2.45282e-16 1
7458 2.16666e-14 2.45282e-16 1
7459.5 2.14513e-14 2.45282e-16 1
7461 2.11674e-14 2.45282e-16 1
7462.5 2.11161e-14 2.45282e-16 1
7464 2.12709e-14 2.45282e-16 1
7465.5 2.10169e-14 2.45282e-16 1
7467 2.11138e-14 2.45282e-16 1
7468.5 2.10461e-14 2.45282e-16 1
7470 2.10595e-14 2.45282e-16 1
7471.5 2.124e-14 2.45282e-16 1
7473 2.06876e-14 2.45282e-16 1
7474.5 2.05971e-14 2.45282e-16 1
7476 2.01983e-14 2.45282e-16 1
7477.5 2.0089e-14 2.45282e-16 1
7479 1.98351e-14 2.45282e-16 1
7480.5 1.97437e-14 2.45282e-16 1
7482 1.98632e-14 2.45282e-16 1
7483.5 1.91005e-14 2.45282e-16 1
7485 1.93097e-14 2.45282e-16 1
7486.5 1.90777e-14 2.45282e-16 1
7488 1.90684e-14 2.45282e-16 1
7489.5 1.89437e-14 2.45282e-16 1
7491 1.86372e-14 2.45282e-16 1
7492.5 1.86788e-14 2.45282e-16 1
7494 1.80574e-14 2.45282e-16 1
7495.5 1.77315e-14 2.45282e-16 1
7497 1.8176e-14 2.45282e-16 1
7498.5 1.81594e-14 2.45282e-16 1
7500 1.77679e-14 2.45282e-16 1
7501.5 1.73866e-14 2.45282e-16 1
7503 1.72362e-14 2.45282e-16 1
7504.5 1.74361e-14 2.45282e-16 1
7506 1.72731e-14 2.45282e-16 1
7507.5 1.70038e-14 2.45282e-16 1
7509 1.71415e-14 2.45282e-16 1
7510.5 1.71754e-14 2.45282e-16 1
7512 1.66269e-14 2.45282e-16 1
7513.5 1.65094e-14 2.45282e-16 1
7515 1.6742e-14 2.45282e-16 1
7516.5 1.65996e-14 2.45282e-16 1
7518 1.62966e-14 2.45282e-16 1
7519.5 1.62112e-14 2.45282e-16 1
7521 1.63783e-14 2.45282e-16 1
7522.5 1.63477e-14 2.45282e-16 1
7524 1.60932e-14 2.45282e-16 1
7525.5 1.60839e-14 2.45282e-16 1
7527 1.58925e-14 2.45282e-16 1
7528.5 1.56663e-14 2.45282e-16 1
7530 1.54149e-14 2.45282e-16 1
7531.5 1.53583e-14 2.45282e-16 1
7533 1.52831e-14 2.45282e-16 1
7534.5 1.51213e-14 2.45282e-16 1
7536 1.47934e-14 2.45282e-16 1
7537.5 1.49271e-14 2.45282e-16 1
7539 1.5126e-14 2.45282e-16 1
7540.5 1.40227e-14 2.45282e-16 1
