# converted by J. Guy, 2010-10-18
# from Matheson et al. 2008AJ....135.1598M
@Redshift 0.021275
@FORMAT STD
@Date 51906
@SELECTED_FOR_SNLS3_TRAINING 1
@SN sn2000fa
@SURVEY CFA_LOWZ_SPEC
@Source Matheson
#WAVE : wavelength, observer frame, in A
#FLUX : erg/s/cm2/A
#ERR  : statistical uncertainty on flux
#VALID : 1=ok 0=ignore
#end
3720 4.76516e-16 7.88826e-17 1
3721.5 4.88473e-16 7.88826e-17 1
3723 6.15952e-16 7.88826e-17 1
3724.5 7.26345e-16 7.88826e-17 1
3726 7.97433e-16 7.88826e-17 1
3727.5 7.1339e-16 7.88826e-17 1
3729 6.74727e-16 7.88826e-17 1
3730.5 8.29999e-16 7.88826e-17 1
3732 7.68264e-16 7.88826e-17 1
3733.5 6.99503e-16 7.88826e-17 1
3735 5.98903e-16 7.88826e-17 1
3736.5 5.84319e-16 7.88826e-17 1
3738 7.12643e-16 7.88826e-17 1
3739.5 6.51628e-16 7.88826e-17 1
3741 6.84563e-16 7.88826e-17 1
3742.5 7.75349e-16 7.88826e-17 1
3744 7.25222e-16 7.88826e-17 1
3745.5 7.25482e-16 7.88826e-17 1
3747 6.60283e-16 7.88826e-17 1
3748.5 7.809e-16 7.88826e-17 1
3750 6.83985e-16 7.88826e-17 1
3751.5 6.19138e-16 7.88826e-17 1
3753 6.30179e-16 7.88826e-17 1
3754.5 5.97915e-16 7.88826e-17 1
3756 6.31185e-16 7.88826e-17 1
3757.5 6.02963e-16 7.88826e-17 1
3759 5.18731e-16 7.88826e-17 1
3760.5 6.6055e-16 7.88826e-17 1
3762 6.52483e-16 7.88826e-17 1
3763.5 5.7973e-16 7.88826e-17 1
3765 4.65625e-16 7.88826e-17 1
3766.5 5.2244e-16 7.88826e-17 1
3768 3.69158e-16 7.88826e-17 1
3769.5 5.29639e-16 7.88826e-17 1
3771 5.13472e-16 7.88826e-17 1
3772.5 5.39567e-16 7.88826e-17 1
3774 3.99477e-16 7.88826e-17 1
3775.5 6.09943e-16 7.88826e-17 1
3777 6.55874e-16 7.88826e-17 1
3778.5 5.80133e-16 7.88826e-17 1
3780 5.6066e-16 7.88826e-17 1
3781.5 4.73855e-16 7.88826e-17 1
3783 5.06527e-16 7.88826e-17 1
3784.5 4.7764e-16 7.88826e-17 1
3786 4.92091e-16 7.88826e-17 1
3787.5 5.51892e-16 7.88826e-17 1
3789 5.35385e-16 7.88826e-17 1
3790.5 5.18821e-16 7.88826e-17 1
3792 5.27661e-16 7.88826e-17 1
3793.5 4.66802e-16 7.88826e-17 1
3795 4.36168e-16 7.88826e-17 1
3796.5 3.70511e-16 7.88826e-17 1
3798 3.75164e-16 7.88826e-17 1
3799.5 4.29795e-16 7.88826e-17 1
3801 4.29695e-16 7.88826e-17 1
3802.5 5.01813e-16 7.88826e-17 1
3804 5.41472e-16 7.88826e-17 1
3805.5 5.08327e-16 7.88826e-17 1
3807 4.54508e-16 7.88826e-17 1
3808.5 4.66575e-16 7.88826e-17 1
3810 4.39366e-16 7.88826e-17 1
3811.5 4.29311e-16 7.88826e-17 1
3813 3.51284e-16 7.88826e-17 1
3814.5 3.86923e-16 7.88826e-17 1
3816 5.23909e-16 7.88826e-17 1
3817.5 5.52092e-16 7.88826e-17 1
3819 4.85203e-16 7.88826e-17 1
3820.5 5.05599e-16 6.58212e-17 1
3822 4.3671e-16 6.58212e-17 1
3823.5 4.11676e-16 6.58212e-17 1
3825 5.46521e-16 6.58212e-17 1
3826.5 5.4112e-16 6.58212e-17 1
3828 4.35972e-16 6.58212e-17 1
3829.5 3.93565e-16 6.58212e-17 1
3831 3.53277e-16 6.58212e-17 1
3832.5 2.72486e-16 6.58212e-17 1
3834 4.69921e-16 6.58212e-17 1
3835.5 4.88265e-16 6.58212e-17 1
3837 3.51161e-16 6.58212e-17 1
3838.5 4.03696e-16 6.58212e-17 1
3840 3.05292e-16 6.58212e-17 1
3841.5 3.05623e-16 6.58212e-17 1
3843 4.24209e-16 6.58212e-17 1
3844.5 1.95846e-16 6.58212e-17 1
3846 2.22995e-16 6.58212e-17 1
3847.5 3.70609e-16 6.58212e-17 1
3849 3.76631e-16 6.58212e-17 1
3850.5 3.92769e-16 6.58212e-17 1
3852 3.77735e-16 6.58212e-17 1
3853.5 2.48598e-16 6.58212e-17 1
3855 3.71249e-16 6.58212e-17 1
3856.5 4.54617e-16 6.58212e-17 1
3858 3.79069e-16 6.58212e-17 1
3859.5 4.1776e-16 6.58212e-17 1
3861 4.05981e-16 6.58212e-17 1
3862.5 3.73562e-16 6.58212e-17 1
3864 4.13086e-16 6.58212e-17 1
3865.5 3.80248e-16 6.58212e-17 1
3867 3.28221e-16 6.58212e-17 1
3868.5 2.99473e-16 6.58212e-17 1
3870 3.34955e-16 6.58212e-17 1
3871.5 4.53861e-16 6.58212e-17 1
3873 4.20105e-16 6.58212e-17 1
3874.5 4.00441e-16 6.58212e-17 1
3876 4.84585e-16 6.58212e-17 1
3877.5 4.26053e-16 6.58212e-17 1
3879 3.73796e-16 6.58212e-17 1
3880.5 4.22347e-16 6.58212e-17 1
3882 4.28787e-16 6.58212e-17 1
3883.5 4.32002e-16 6.58212e-17 1
3885 4.95464e-16 6.58212e-17 1
3886.5 4.63419e-16 6.58212e-17 1
3888 3.92465e-16 6.58212e-17 1
3889.5 3.31146e-16 6.58212e-17 1
3891 3.41506e-16 6.58212e-17 1
3892.5 4.6138e-16 6.58212e-17 1
3894 5.98653e-16 6.58212e-17 1
3895.5 5.44102e-16 6.58212e-17 1
3897 5.29981e-16 6.58212e-17 1
3898.5 5.93242e-16 6.58212e-17 1
3900 5.68026e-16 6.58212e-17 1
3901.5 5.56708e-16 6.58212e-17 1
3903 5.35802e-16 6.58212e-17 1
3904.5 5.80034e-16 6.58212e-17 1
3906 5.64801e-16 6.58212e-17 1
3907.5 5.2862e-16 6.58212e-17 1
3909 5.25565e-16 6.58212e-17 1
3910.5 5.80356e-16 6.58212e-17 1
3912 5.82074e-16 6.58212e-17 1
3913.5 5.78636e-16 6.58212e-17 1
3915 6.33416e-16 6.58212e-17 1
3916.5 6.05053e-16 6.58212e-17 1
3918 6.0669e-16 6.58212e-17 1
3919.5 6.672e-16 6.58212e-17 1
3921 6.25638e-16 6.82142e-17 1
3922.5 6.39022e-16 6.82142e-17 1
3924 8.20186e-16 6.82142e-17 1
3925.5 7.31489e-16 6.82142e-17 1
3927 6.7093e-16 6.82142e-17 1
3928.5 7.45512e-16 6.82142e-17 1
3930 7.62372e-16 6.82142e-17 1
3931.5 8.09323e-16 6.82142e-17 1
3933 7.92462e-16 6.82142e-17 1
3934.5 8.22644e-16 6.82142e-17 1
3936 9.37663e-16 6.82142e-17 1
3937.5 9.46047e-16 6.82142e-17 1
3939 9.2788e-16 6.82142e-17 1
3940.5 8.87271e-16 6.82142e-17 1
3942 8.8393e-16 6.82142e-17 1
3943.5 9.19084e-16 6.82142e-17 1
3945 1.01904e-15 6.82142e-17 1
3946.5 1.02462e-15 6.82142e-17 1
3948 1.01067e-15 6.82142e-17 1
3949.5 1.03947e-15 6.82142e-17 1
3951 1.11221e-15 6.82142e-17 1
3952.5 1.13236e-15 6.82142e-17 1
3954 1.1099e-15 6.82142e-17 1
3955.5 1.09814e-15 6.82142e-17 1
3957 1.03388e-15 6.82142e-17 1
3958.5 1.01367e-15 6.82142e-17 1
3960 1.0186e-15 6.82142e-17 1
3961.5 1.05015e-15 6.82142e-17 1
3963 1.19602e-15 6.82142e-17 1
3964.5 1.11309e-15 6.82142e-17 1
3966 1.10017e-15 6.82142e-17 1
3967.5 1.05189e-15 6.82142e-17 1
3969 1.1859e-15 6.82142e-17 1
3970.5 1.08574e-15 6.82142e-17 1
3972 1.08546e-15 6.82142e-17 1
3973.5 1.15377e-15 6.82142e-17 1
3975 1.10125e-15 6.82142e-17 1
3976.5 1.20198e-15 6.82142e-17 1
3978 1.17541e-15 6.82142e-17 1
3979.5 1.19219e-15 6.82142e-17 1
3981 1.23347e-15 6.82142e-17 1
3982.5 1.21314e-15 6.82142e-17 1
3984 1.30319e-15 6.82142e-17 1
3985.5 1.35581e-15 6.82142e-17 1
3987 1.30477e-15 6.82142e-17 1
3988.5 1.22526e-15 6.82142e-17 1
3990 1.27117e-15 6.82142e-17 1
3991.5 1.26992e-15 6.82142e-17 1
3993 1.33379e-15 6.82142e-17 1
3994.5 1.31456e-15 6.82142e-17 1
3996 1.16484e-15 6.82142e-17 1
3997.5 1.17469e-15 6.82142e-17 1
3999 1.2824e-15 6.82142e-17 1
4000.5 1.24594e-15 6.82142e-17 1
4002 1.27565e-15 6.82142e-17 1
4003.5 1.37379e-15 6.82142e-17 1
4005 1.25317e-15 6.82142e-17 1
4006.5 1.17205e-15 6.82142e-17 1
4008 1.22872e-15 6.82142e-17 1
4009.5 1.31755e-15 6.82142e-17 1
4011 1.40102e-15 6.82142e-17 1
4012.5 1.4054e-15 6.82142e-17 1
4014 1.40406e-15 6.82142e-17 1
4015.5 1.36134e-15 6.82142e-17 1
4017 1.20097e-15 6.82142e-17 1
4018.5 1.16583e-15 6.82142e-17 1
4020 1.26445e-15 6.32928e-17 1
4021.5 1.31903e-15 6.32928e-17 1
4023 1.35746e-15 6.32928e-17 1
4024.5 1.34312e-15 6.32928e-17 1
4026 1.3106e-15 6.32928e-17 1
4027.5 1.37578e-15 6.32928e-17 1
4029 1.34663e-15 6.32928e-17 1
4030.5 1.32709e-15 6.32928e-17 1
4032 1.28813e-15 6.32928e-17 1
4033.5 1.2012e-15 6.32928e-17 1
4035 1.24835e-15 6.32928e-17 1
4036.5 1.1713e-15 6.32928e-17 1
4038 1.2294e-15 6.32928e-17 1
4039.5 1.21552e-15 6.32928e-17 1
4041 1.24446e-15 6.32928e-17 1
4042.5 1.22427e-15 6.32928e-17 1
4044 1.16122e-15 6.32928e-17 1
4045.5 1.17535e-15 6.32928e-17 1
4047 1.11549e-15 6.32928e-17 1
4048.5 1.06534e-15 6.32928e-17 1
4050 1.13102e-15 6.32928e-17 1
4051.5 1.17585e-15 6.32928e-17 1
4053 1.01223e-15 6.32928e-17 1
4054.5 1.0431e-15 6.32928e-17 1
4056 9.86077e-16 6.32928e-17 1
4057.5 9.15345e-16 6.32928e-17 1
4059 1.03548e-15 6.32928e-17 1
4060.5 1.05918e-15 6.32928e-17 1
4062 9.5085e-16 6.32928e-17 1
4063.5 9.90755e-16 6.32928e-17 1
4065 9.71301e-16 6.32928e-17 1
4066.5 9.38712e-16 6.32928e-17 1
4068 9.4131e-16 6.32928e-17 1
4069.5 9.57182e-16 6.32928e-17 1
4071 9.20203e-16 6.32928e-17 1
4072.5 9.16876e-16 6.32928e-17 1
4074 9.6358e-16 6.32928e-17 1
4075.5 8.5398e-16 6.32928e-17 1
4077 8.29595e-16 6.32928e-17 1
4078.5 8.7032e-16 6.32928e-17 1
4080 7.84547e-16 6.32928e-17 1
4081.5 8.24381e-16 6.32928e-17 1
4083 9.11053e-16 6.32928e-17 1
4084.5 8.34865e-16 6.32928e-17 1
4086 7.68869e-16 6.32928e-17 1
4087.5 7.52045e-16 6.32928e-17 1
4089 7.66263e-16 6.32928e-17 1
4090.5 8.43929e-16 6.32928e-17 1
4092 8.07173e-16 6.32928e-17 1
4093.5 7.74487e-16 6.32928e-17 1
4095 8.2391e-16 6.32928e-17 1
4096.5 8.1048e-16 6.32928e-17 1
4098 7.56388e-16 6.32928e-17 1
4099.5 7.83989e-16 6.32928e-17 1
4101 7.78944e-16 6.32928e-17 1
4102.5 8.42946e-16 6.32928e-17 1
4104 8.24977e-16 6.32928e-17 1
4105.5 6.92846e-16 6.32928e-17 1
4107 7.9393e-16 6.32928e-17 1
4108.5 8.24188e-16 6.32928e-17 1
4110 7.84542e-16 6.32928e-17 1
4111.5 7.8222e-16 6.32928e-17 1
4113 9.02622e-16 6.32928e-17 1
4114.5 8.3462e-16 6.32928e-17 1
4116 8.08783e-16 6.32928e-17 1
4117.5 7.93621e-16 6.32928e-17 1
4119 8.63384e-16 6.32928e-17 1
4120.5 7.94747e-16 4.38296e-17 1
4122 6.68797e-16 4.38296e-17 1
4123.5 7.76106e-16 4.38296e-17 1
4125 7.95326e-16 4.38296e-17 1
4126.5 7.62034e-16 4.38296e-17 1
4128 7.94972e-16 4.38296e-17 1
4129.5 8.22281e-16 4.38296e-17 1
4131 7.33633e-16 4.38296e-17 1
4132.5 7.23643e-16 4.38296e-17 1
4134 7.7754e-16 4.38296e-17 1
4135.5 8.03573e-16 4.38296e-17 1
4137 7.64347e-16 4.38296e-17 1
4138.5 7.81135e-16 4.38296e-17 1
4140 7.1924e-16 4.38296e-17 1
4141.5 7.03263e-16 4.38296e-17 1
4143 7.51204e-16 4.38296e-17 1
4144.5 7.64408e-16 4.38296e-17 1
4146 7.20444e-16 4.38296e-17 1
4147.5 7.53294e-16 4.38296e-17 1
4149 7.77894e-16 4.38296e-17 1
4150.5 7.61468e-16 4.38296e-17 1
4152 7.38894e-16 4.38296e-17 1
4153.5 7.08671e-16 4.38296e-17 1
4155 6.82014e-16 4.38296e-17 1
4156.5 6.95833e-16 4.38296e-17 1
4158 7.86715e-16 4.38296e-17 1
4159.5 8.17793e-16 4.38296e-17 1
4161 7.61342e-16 4.38296e-17 1
4162.5 7.42374e-16 4.38296e-17 1
4164 8.13842e-16 4.38296e-17 1
4165.5 8.14792e-16 4.38296e-17 1
4167 7.87173e-16 4.38296e-17 1
4168.5 8.02448e-16 4.38296e-17 1
4170 7.65865e-16 4.38296e-17 1
4171.5 7.56159e-16 4.38296e-17 1
4173 7.31415e-16 4.38296e-17 1
4174.5 6.60974e-16 4.38296e-17 1
4176 7.28322e-16 4.38296e-17 1
4177.5 8.55511e-16 4.38296e-17 1
4179 7.96258e-16 4.38296e-17 1
4180.5 7.56022e-16 4.38296e-17 1
4182 8.05223e-16 4.38296e-17 1
4183.5 8.00083e-16 4.38296e-17 1
4185 8.06037e-16 4.38296e-17 1
4186.5 7.67109e-16 4.38296e-17 1
4188 7.88265e-16 4.38296e-17 1
4189.5 8.34047e-16 4.38296e-17 1
4191 8.45848e-16 4.38296e-17 1
4192.5 8.30449e-16 4.38296e-17 1
4194 7.4554e-16 4.38296e-17 1
4195.5 7.52526e-16 4.38296e-17 1
4197 7.51826e-16 4.38296e-17 1
4198.5 7.09765e-16 4.38296e-17 1
4200 6.87481e-16 4.38296e-17 1
4201.5 7.46186e-16 4.38296e-17 1
4203 7.79428e-16 4.38296e-17 1
4204.5 7.85019e-16 4.38296e-17 1
4206 8.18403e-16 4.38296e-17 1
4207.5 8.26179e-16 4.38296e-17 1
4209 7.99291e-16 4.38296e-17 1
4210.5 8.09472e-16 4.38296e-17 1
4212 8.35418e-16 4.38296e-17 1
4213.5 7.99956e-16 4.38296e-17 1
4215 8.21827e-16 4.38296e-17 1
4216.5 9.01196e-16 4.38296e-17 1
4218 8.4406e-16 4.38296e-17 1
4219.5 8.08658e-16 4.38296e-17 1
4221 8.37708e-16 4.90822e-17 1
4222.5 9.11413e-16 4.90822e-17 1
4224 9.46873e-16 4.90822e-17 1
4225.5 8.793e-16 4.90822e-17 1
4227 9.48218e-16 4.90822e-17 1
4228.5 9.70698e-16 4.90822e-17 1
4230 9.0192e-16 4.90822e-17 1
4231.5 9.04934e-16 4.90822e-17 1
4233 8.88476e-16 4.90822e-17 1
4234.5 9.0748e-16 4.90822e-17 1
4236 9.28949e-16 4.90822e-17 1
4237.5 8.94288e-16 4.90822e-17 1
4239 9.02464e-16 4.90822e-17 1
4240.5 9.07291e-16 4.90822e-17 1
4242 9.47738e-16 4.90822e-17 1
4243.5 9.09024e-16 4.90822e-17 1
4245 9.04251e-16 4.90822e-17 1
4246.5 8.63229e-16 4.90822e-17 1
4248 9.24821e-16 4.90822e-17 1
4249.5 9.4385e-16 4.90822e-17 1
4251 8.98095e-16 4.90822e-17 1
4252.5 9.95322e-16 4.90822e-17 1
4254 9.21029e-16 4.90822e-17 1
4255.5 8.95829e-16 4.90822e-17 1
4257 9.19348e-16 4.90822e-17 1
4258.5 9.29455e-16 4.90822e-17 1
4260 8.47922e-16 4.90822e-17 1
4261.5 9.09671e-16 4.90822e-17 1
4263 1.00929e-15 4.90822e-17 1
4264.5 1.00095e-15 4.90822e-17 1
4266 9.18689e-16 4.90822e-17 1
4267.5 9.45984e-16 4.90822e-17 1
4269 9.65748e-16 4.90822e-17 1
4270.5 9.0982e-16 4.90822e-17 1
4272 9.22522e-16 4.90822e-17 1
4273.5 9.73976e-16 4.90822e-17 1
4275 1.0595e-15 4.90822e-17 1
4276.5 9.12426e-16 4.90822e-17 1
4278 8.15675e-16 4.90822e-17 1
4279.5 8.60638e-16 4.90822e-17 1
4281 8.57655e-16 4.90822e-17 1
4282.5 9.14891e-16 4.90822e-17 1
4284 9.6984e-16 4.90822e-17 1
4285.5 9.13074e-16 4.90822e-17 1
4287 8.45306e-16 4.90822e-17 1
4288.5 8.95927e-16 4.90822e-17 1
4290 9.29323e-16 4.90822e-17 1
4291.5 9.51865e-16 4.90822e-17 1
4293 9.59365e-16 4.90822e-17 1
4294.5 8.9878e-16 4.90822e-17 1
4296 8.91182e-16 4.90822e-17 1
4297.5 8.83911e-16 4.90822e-17 1
4299 8.78365e-16 4.90822e-17 1
4300.5 8.77173e-16 4.90822e-17 1
4302 9.31285e-16 4.90822e-17 1
4303.5 9.12527e-16 4.90822e-17 1
4305 8.69083e-16 4.90822e-17 1
4306.5 9.06704e-16 4.90822e-17 1
4308 9.11978e-16 4.90822e-17 1
4309.5 9.69616e-16 4.90822e-17 1
4311 9.69372e-16 4.90822e-17 1
4312.5 8.20403e-16 4.90822e-17 1
4314 8.4173e-16 4.90822e-17 1
4315.5 9.44208e-16 4.90822e-17 1
4317 9.72649e-16 4.90822e-17 1
4318.5 9.56801e-16 4.90822e-17 1
4320 8.78211e-16 4.21253e-17 1
4321.5 9.15538e-16 4.21253e-17 1
4323 9.65774e-16 4.21253e-17 1
4324.5 9.3235e-16 4.21253e-17 1
4326 9.12447e-16 4.21253e-17 1
4327.5 8.53609e-16 4.21253e-17 1
4329 8.84061e-16 4.21253e-17 1
4330.5 8.62923e-16 4.21253e-17 1
4332 8.58415e-16 4.21253e-17 1
4333.5 8.67615e-16 4.21253e-17 1
4335 8.76814e-16 4.21253e-17 1
4336.5 8.86014e-16 4.21253e-17 1
4338 8.95213e-16 4.21253e-17 1
4339.5 8.95213e-16 4.21253e-17 1
4341 9.21457e-16 4.21253e-17 1
4342.5 8.98125e-16 4.21253e-17 1
4344 8.5702e-16 4.21253e-17 1
4345.5 9.40767e-16 4.21253e-17 1
4347 8.89972e-16 4.21253e-17 1
4348.5 8.01322e-16 4.21253e-17 1
4350 8.64691e-16 4.21253e-17 1
4351.5 8.90476e-16 4.21253e-17 1
4353 8.78217e-16 4.21253e-17 1
4354.5 9.18122e-16 4.21253e-17 1
4356 9.59401e-16 4.21253e-17 1
4357.5 9.05729e-16 4.21253e-17 1
4359 8.52287e-16 4.21253e-17 1
4360.5 8.87416e-16 4.21253e-17 1
4362 9.28525e-16 4.21253e-17 1
4363.5 8.7976e-16 4.21253e-17 1
4365 8.53707e-16 4.21253e-17 1
4366.5 8.97148e-16 4.21253e-17 1
4368 9.07399e-16 4.21253e-17 1
4369.5 9.20871e-16 4.21253e-17 1
4371 8.98847e-16 4.21253e-17 1
4372.5 8.87301e-16 4.21253e-17 1
4374 9.02464e-16 4.21253e-17 1
4375.5 9.3974e-16 4.21253e-17 1
4377 9.21816e-16 4.21253e-17 1
4378.5 8.42898e-16 4.21253e-17 1
4380 9.08031e-16 4.21253e-17 1
4381.5 9.72475e-16 4.21253e-17 1
4383 9.03609e-16 4.21253e-17 1
4384.5 8.81461e-16 4.21253e-17 1
4386 8.37856e-16 4.21253e-17 1
4387.5 8.48385e-16 4.21253e-17 1
4389 8.8522e-16 4.21253e-17 1
4390.5 8.93274e-16 4.21253e-17 1
4392 8.42589e-16 4.21253e-17 1
4393.5 8.44649e-16 4.21253e-17 1
4395 8.09903e-16 4.21253e-17 1
4396.5 8.8047e-16 4.21253e-17 1
4398 8.58529e-16 4.21253e-17 1
4399.5 8.3116e-16 4.21253e-17 1
4401 8.60858e-16 4.21253e-17 1
4402.5 7.80666e-16 4.21253e-17 1
4404 7.11911e-16 4.21253e-17 1
4405.5 7.55806e-16 4.21253e-17 1
4407 7.07981e-16 4.21253e-17 1
4408.5 7.35066e-16 4.21253e-17 1
4410 7.73881e-16 4.21253e-17 1
4411.5 7.34014e-16 4.21253e-17 1
4413 6.09312e-16 4.21253e-17 1
4414.5 6.52502e-16 4.21253e-17 1
4416 7.67561e-16 4.21253e-17 1
4417.5 7.41063e-16 4.21253e-17 1
4419 7.28477e-16 4.21253e-17 1
4420.5 7.38834e-16 3.36647e-17 1
4422 6.93992e-16 3.36647e-17 1
4423.5 6.85559e-16 3.36647e-17 1
4425 6.76914e-16 3.36647e-17 1
4426.5 6.79207e-16 3.36647e-17 1
4428 6.43343e-16 3.36647e-17 1
4429.5 6.61812e-16 3.36647e-17 1
4431 6.45167e-16 3.36647e-17 1
4432.5 6.30232e-16 3.36647e-17 1
4434 6.40008e-16 3.36647e-17 1
4435.5 6.2803e-16 3.36647e-17 1
4437 5.97261e-16 3.36647e-17 1
4438.5 5.99846e-16 3.36647e-17 1
4440 6.34508e-16 3.36647e-17 1
4441.5 5.59557e-16 3.36647e-17 1
4443 5.3233e-16 3.36647e-17 1
4444.5 5.66583e-16 3.36647e-17 1
4446 5.73291e-16 3.36647e-17 1
4447.5 5.47297e-16 3.36647e-17 1
4449 5.29431e-16 3.36647e-17 1
4450.5 5.09318e-16 3.36647e-17 1
4452 4.73801e-16 3.36647e-17 1
4453.5 5.81705e-16 3.36647e-17 1
4455 6.3761e-16 3.36647e-17 1
4456.5 5.89393e-16 3.36647e-17 1
4458 5.30872e-16 3.36647e-17 1
4459.5 5.13647e-16 3.36647e-17 1
4461 5.19789e-16 3.36647e-17 1
4462.5 4.3574e-16 3.36647e-17 1
4464 4.24252e-16 3.36647e-17 1
4465.5 4.74158e-16 3.36647e-17 1
4467 4.83391e-16 3.36647e-17 1
4468.5 4.76492e-16 3.36647e-17 1
4470 5.22888e-16 3.36647e-17 1
4471.5 4.59389e-16 3.36647e-17 1
4473 4.80043e-16 3.36647e-17 1
4474.5 4.80726e-16 3.36647e-17 1
4476 4.48682e-16 3.36647e-17 1
4477.5 4.88863e-16 3.36647e-17 1
4479 4.47095e-16 3.36647e-17 1
4480.5 3.8528e-16 3.36647e-17 1
4482 4.96133e-16 3.36647e-17 1
4483.5 4.81498e-16 3.36647e-17 1
4485 4.34624e-16 3.36647e-17 1
4486.5 4.74914e-16 3.36647e-17 1
4488 4.0569e-16 3.36647e-17 1
4489.5 4.32943e-16 3.36647e-17 1
4491 4.53803e-16 3.36647e-17 1
4492.5 4.67829e-16 3.36647e-17 1
4494 4.64143e-16 3.36647e-17 1
4495.5 4.69071e-16 3.36647e-17 1
4497 4.89393e-16 3.36647e-17 1
4498.5 4.62948e-16 3.36647e-17 1
4500 4.56982e-16 3.36647e-17 1
4501.5 4.10919e-16 3.36647e-17 1
4503 4.01037e-16 3.36647e-17 1
4504.5 4.54339e-16 3.36647e-17 1
4506 4.84053e-16 3.36647e-17 1
4507.5 4.48349e-16 3.36647e-17 1
4509 4.25369e-16 3.36647e-17 1
4510.5 4.40755e-16 3.36647e-17 1
4512 5.01039e-16 3.36647e-17 1
4513.5 5.34767e-16 3.36647e-17 1
4515 4.97373e-16 3.36647e-17 1
4516.5 4.77408e-16 3.36647e-17 1
4518 4.67876e-16 3.36647e-17 1
4519.5 4.48509e-16 3.36647e-17 1
4521 4.57697e-16 3.30201e-17 1
4522.5 4.83037e-16 3.30201e-17 1
4524 4.91529e-16 3.30201e-17 1
4525.5 5.29068e-16 3.30201e-17 1
4527 5.42869e-16 3.30201e-17 1
4528.5 5.05489e-16 3.30201e-17 1
4530 5.03791e-16 3.30201e-17 1
4531.5 5.481e-16 3.30201e-17 1
4533 5.87651e-16 3.30201e-17 1
4534.5 5.83688e-16 3.30201e-17 1
4536 5.31855e-16 3.30201e-17 1
4537.5 4.94252e-16 3.30201e-17 1
4539 5.74103e-16 3.30201e-17 1
4540.5 5.92314e-16 3.30201e-17 1
4542 5.544e-16 3.30201e-17 1
4543.5 5.84783e-16 3.30201e-17 1
4545 6.14552e-16 3.30201e-17 1
4546.5 5.67748e-16 3.30201e-17 1
4548 5.66475e-16 3.30201e-17 1
4549.5 6.20133e-16 3.30201e-17 1
4551 6.13182e-16 3.30201e-17 1
4552.5 5.78528e-16 3.30201e-17 1
4554 6.40577e-16 3.30201e-17 1
4555.5 6.45252e-16 3.30201e-17 1
4557 6.34084e-16 3.30201e-17 1
4558.5 6.62497e-16 3.30201e-17 1
4560 6.54406e-16 3.30201e-17 1
4561.5 5.98562e-16 3.30201e-17 1
4563 6.27404e-16 3.30201e-17 1
4564.5 6.8668e-16 3.30201e-17 1
4566 7.30824e-16 3.30201e-17 1
4567.5 7.36178e-16 3.30201e-17 1
4569 7.15126e-16 3.30201e-17 1
4570.5 7.37335e-16 3.30201e-17 1
4572 7.22096e-16 3.30201e-17 1
4573.5 7.06473e-16 3.30201e-17 1
4575 7.90253e-16 3.30201e-17 1
4576.5 8.02077e-16 3.30201e-17 1
4578 7.91618e-16 3.30201e-17 1
4579.5 8.31098e-16 3.30201e-17 1
4581 8.16735e-16 3.30201e-17 1
4582.5 7.74747e-16 3.30201e-17 1
4584 7.68499e-16 3.30201e-17 1
4585.5 8.3319e-16 3.30201e-17 1
4587 9.05975e-16 3.30201e-17 1
4588.5 8.62084e-16 3.30201e-17 1
4590 8.19621e-16 3.30201e-17 1
4591.5 9.23731e-16 3.30201e-17 1
4593 9.34264e-16 3.30201e-17 1
4594.5 8.66401e-16 3.30201e-17 1
4596 8.80093e-16 3.30201e-17 1
4597.5 9.50511e-16 3.30201e-17 1
4599 9.76575e-16 3.30201e-17 1
4600.5 9.26512e-16 3.30201e-17 1
4602 9.41416e-16 3.30201e-17 1
4603.5 1.01329e-15 3.30201e-17 1
4605 1.03922e-15 3.30201e-17 1
4606.5 1.05668e-15 3.30201e-17 1
4608 1.05167e-15 3.30201e-17 1
4609.5 1.02685e-15 3.30201e-17 1
4611 1.03772e-15 3.30201e-17 1
4612.5 1.01785e-15 3.30201e-17 1
4614 1.09658e-15 3.30201e-17 1
4615.5 1.10909e-15 3.30201e-17 1
4617 1.0901e-15 3.30201e-17 1
4618.5 1.14744e-15 3.30201e-17 1
4620 1.182e-15 4.65799e-17 1
4621.5 1.23503e-15 4.65799e-17 1
4623 1.2148e-15 4.65799e-17 1
4624.5 1.22135e-15 4.65799e-17 1
4626 1.22275e-15 4.65799e-17 1
4627.5 1.25332e-15 4.65799e-17 1
4629 1.33411e-15 4.65799e-17 1
4630.5 1.29086e-15 4.65799e-17 1
4632 1.32072e-15 4.65799e-17 1
4633.5 1.25615e-15 4.65799e-17 1
4635 1.30796e-15 4.65799e-17 1
4636.5 1.35402e-15 4.65799e-17 1
4638 1.33029e-15 4.65799e-17 1
4639.5 1.3866e-15 4.65799e-17 1
4641 1.3964e-15 4.65799e-17 1
4642.5 1.33384e-15 4.65799e-17 1
4644 1.35497e-15 4.65799e-17 1
4645.5 1.36747e-15 4.65799e-17 1
4647 1.33965e-15 4.65799e-17 1
4648.5 1.34829e-15 4.65799e-17 1
4650 1.40614e-15 4.65799e-17 1
4651.5 1.37566e-15 4.65799e-17 1
4653 1.40004e-15 4.65799e-17 1
4654.5 1.47145e-15 4.65799e-17 1
4656 1.44362e-15 4.65799e-17 1
4657.5 1.42302e-15 4.65799e-17 1
4659 1.43312e-15 4.65799e-17 1
4660.5 1.46751e-15 4.65799e-17 1
4662 1.4177e-15 4.65799e-17 1
4663.5 1.37268e-15 4.65799e-17 1
4665 1.41089e-15 4.65799e-17 1
4666.5 1.45898e-15 4.65799e-17 1
4668 1.49825e-15 4.65799e-17 1
4669.5 1.52636e-15 4.65799e-17 1
4671 1.49208e-15 4.65799e-17 1
4672.5 1.46016e-15 4.65799e-17 1
4674 1.42135e-15 4.65799e-17 1
4675.5 1.45662e-15 4.65799e-17 1
4677 1.48757e-15 4.65799e-17 1
4678.5 1.53363e-15 4.65799e-17 1
4680 1.54469e-15 4.65799e-17 1
4681.5 1.4932e-15 4.65799e-17 1
4683 1.44606e-15 4.65799e-17 1
4684.5 1.50295e-15 4.65799e-17 1
4686 1.46287e-15 4.65799e-17 1
4687.5 1.5333e-15 4.65799e-17 1
4689 1.55928e-15 4.65799e-17 1
4690.5 1.53769e-15 4.65799e-17 1
4692 1.5888e-15 4.65799e-17 1
4693.5 1.49453e-15 4.65799e-17 1
4695 1.46871e-15 4.65799e-17 1
4696.5 1.46658e-15 4.65799e-17 1
4698 1.46844e-15 4.65799e-17 1
4699.5 1.54095e-15 4.65799e-17 1
4701 1.49297e-15 4.65799e-17 1
4702.5 1.55382e-15 4.65799e-17 1
4704 1.59698e-15 4.65799e-17 1
4705.5 1.50253e-15 4.65799e-17 1
4707 1.45575e-15 4.65799e-17 1
4708.5 1.47512e-15 4.65799e-17 1
4710 1.48807e-15 4.65799e-17 1
4711.5 1.47064e-15 4.65799e-17 1
4713 1.44667e-15 4.65799e-17 1
4714.5 1.46707e-15 4.65799e-17 1
4716 1.41784e-15 4.65799e-17 1
4717.5 1.38746e-15 4.65799e-17 1
4719 1.38295e-15 4.65799e-17 1
4720.5 1.335e-15 4.57756e-17 1
4722 1.34313e-15 4.57756e-17 1
4723.5 1.37575e-15 4.57756e-17 1
4725 1.40503e-15 4.57756e-17 1
4726.5 1.36847e-15 4.57756e-17 1
4728 1.28212e-15 4.57756e-17 1
4729.5 1.29932e-15 4.57756e-17 1
4731 1.32849e-15 4.57756e-17 1
4732.5 1.27091e-15 4.57756e-17 1
4734 1.23471e-15 4.57756e-17 1
4735.5 1.21206e-15 4.57756e-17 1
4737 1.24627e-15 4.57756e-17 1
4738.5 1.28296e-15 4.57756e-17 1
4740 1.29056e-15 4.57756e-17 1
4741.5 1.24441e-15 4.57756e-17 1
4743 1.16703e-15 4.57756e-17 1
4744.5 1.12105e-15 4.57756e-17 1
4746 1.06765e-15 4.57756e-17 1
4747.5 1.10132e-15 4.57756e-17 1
4749 1.07136e-15 4.57756e-17 1
4750.5 1.06787e-15 4.57756e-17 1
4752 1.0774e-15 4.57756e-17 1
4753.5 1.06588e-15 4.57756e-17 1
4755 1.04211e-15 4.57756e-17 1
4756.5 1.0511e-15 4.57756e-17 1
4758 1.07052e-15 4.57756e-17 1
4759.5 1.11649e-15 4.57756e-17 1
4761 1.03382e-15 4.57756e-17 1
4762.5 1.01603e-15 4.57756e-17 1
4764 1.0544e-15 4.57756e-17 1
4765.5 1.05866e-15 4.57756e-17 1
4767 1.06393e-15 4.57756e-17 1
4768.5 9.47628e-16 4.57756e-17 1
4770 9.53652e-16 4.57756e-17 1
4771.5 9.49323e-16 4.57756e-17 1
4773 1.03805e-15 4.57756e-17 1
4774.5 9.76883e-16 4.57756e-17 1
4776 9.59208e-16 4.57756e-17 1
4777.5 9.56538e-16 4.57756e-17 1
4779 8.75607e-16 4.57756e-17 1
4780.5 9.18616e-16 4.57756e-17 1
4782 8.7875e-16 4.57756e-17 1
4783.5 9.37172e-16 4.57756e-17 1
4785 9.23125e-16 4.57756e-17 1
4786.5 8.54397e-16 4.57756e-17 1
4788 8.64188e-16 4.57756e-17 1
4789.5 8.66412e-16 4.57756e-17 1
4791 8.29341e-16 4.57756e-17 1
4792.5 8.12598e-16 4.57756e-17 1
4794 8.40047e-16 4.57756e-17 1
4795.5 8.19744e-16 4.57756e-17 1
4797 7.33414e-16 4.57756e-17 1
4798.5 7.47834e-16 4.57756e-17 1
4800 7.82991e-16 4.57756e-17 1
4801.5 7.51333e-16 4.57756e-17 1
4803 8.03059e-16 4.57756e-17 1
4804.5 7.57839e-16 4.57756e-17 1
4806 6.88606e-16 4.57756e-17 1
4807.5 7.47028e-16 4.57756e-17 1
4809 7.2982e-16 4.57756e-17 1
4810.5 6.22457e-16 4.57756e-17 1
4812 6.63199e-16 4.57756e-17 1
4813.5 6.46182e-16 4.57756e-17 1
4815 6.35057e-16 4.57756e-17 1
4816.5 6.01284e-16 4.57756e-17 1
4818 6.74598e-16 4.57756e-17 1
4819.5 6.53252e-16 4.57756e-17 1
4821 6.33368e-16 3.14491e-17 1
4822.5 5.57175e-16 3.14491e-17 1
4824 5.45692e-16 3.14491e-17 1
4825.5 6.27049e-16 3.14491e-17 1
4827 5.54172e-16 3.14491e-17 1
4828.5 5.54151e-16 3.14491e-17 1
4830 5.48503e-16 3.14491e-17 1
4831.5 5.43505e-16 3.14491e-17 1
4833 5.64398e-16 3.14491e-17 1
4834.5 6.09189e-16 3.14491e-17 1
4836 5.12013e-16 3.14491e-17 1
4837.5 5.22656e-16 3.14491e-17 1
4839 5.22382e-16 3.14491e-17 1
4840.5 5.38742e-16 3.14491e-17 1
4842 5.63281e-16 3.14491e-17 1
4843.5 5.26916e-16 3.14491e-17 1
4845 5.01593e-16 3.14491e-17 1
4846.5 5.00291e-16 3.14491e-17 1
4848 5.19237e-16 3.14491e-17 1
4849.5 5.26516e-16 3.14491e-17 1
4851 5.03318e-16 3.14491e-17 1
4852.5 5.14581e-16 3.14491e-17 1
4854 5.53383e-16 3.14491e-17 1
4855.5 5.43054e-16 3.14491e-17 1
4857 5.55507e-16 3.14491e-17 1
4858.5 5.261e-16 3.14491e-17 1
4860 4.59232e-16 3.14491e-17 1
4861.5 5.08675e-16 3.14491e-17 1
4863 5.88929e-16 3.14491e-17 1
4864.5 5.87558e-16 3.14491e-17 1
4866 5.96399e-16 3.14491e-17 1
4867.5 6.063e-16 3.14491e-17 1
4869 5.37206e-16 3.14491e-17 1
4870.5 4.91036e-16 3.14491e-17 1
4872 5.25975e-16 3.14491e-17 1
4873.5 5.5472e-16 3.14491e-17 1
4875 5.6384e-16 3.14491e-17 1
4876.5 5.51564e-16 3.14491e-17 1
4878 5.70054e-16 3.14491e-17 1
4879.5 5.97637e-16 3.14491e-17 1
4881 5.52623e-16 3.14491e-17 1
4882.5 5.71714e-16 3.14491e-17 1
4884 5.56719e-16 3.14491e-17 1
4885.5 5.0211e-16 3.14491e-17 1
4887 4.76535e-16 3.14491e-17 1
4888.5 5.45313e-16 3.14491e-17 1
4890 5.53599e-16 3.14491e-17 1
4891.5 5.34005e-16 3.14491e-17 1
4893 5.34455e-16 3.14491e-17 1
4894.5 5.14194e-16 3.14491e-17 1
4896 5.13311e-16 3.14491e-17 1
4897.5 5.07607e-16 3.14491e-17 1
4899 4.71579e-16 3.14491e-17 1
4900.5 4.87228e-16 3.14491e-17 1
4902 5.05949e-16 3.14491e-17 1
4903.5 4.85455e-16 3.14491e-17 1
4905 5.07761e-16 3.14491e-17 1
4906.5 5.3231e-16 3.14491e-17 1
4908 5.01457e-16 3.14491e-17 1
4909.5 4.96068e-16 3.14491e-17 1
4911 5.12257e-16 3.14491e-17 1
4912.5 5.54756e-16 3.14491e-17 1
4914 5.04382e-16 3.14491e-17 1
4915.5 4.80704e-16 3.14491e-17 1
4917 4.82799e-16 3.14491e-17 1
4918.5 5.26194e-16 3.14491e-17 1
4920 5.00845e-16 4.35186e-17 1
4921.5 4.74509e-16 4.35186e-17 1
4923 4.65664e-16 4.35186e-17 1
4924.5 5.56411e-16 4.35186e-17 1
4926 5.65453e-16 4.35186e-17 1
4927.5 5.31285e-16 4.35186e-17 1
4929 4.93933e-16 4.35186e-17 1
4930.5 5.02296e-16 4.35186e-17 1
4932 5.17172e-16 4.35186e-17 1
4933.5 4.57439e-16 4.35186e-17 1
4935 4.60148e-16 4.35186e-17 1
4936.5 4.73025e-16 4.35186e-17 1
4938 5.15639e-16 4.35186e-17 1
4939.5 5.46548e-16 4.35186e-17 1
4941 5.02729e-16 4.35186e-17 1
4942.5 4.72707e-16 4.35186e-17 1
4944 5.08278e-16 4.35186e-17 1
4945.5 5.14875e-16 4.35186e-17 1
4947 4.92483e-16 4.35186e-17 1
4948.5 4.97485e-16 4.35186e-17 1
4950 5.32289e-16 4.35186e-17 1
4951.5 5.50053e-16 4.35186e-17 1
4953 5.68542e-16 4.35186e-17 1
4954.5 5.77777e-16 4.35186e-17 1
4956 5.92075e-16 4.35186e-17 1
4957.5 5.50042e-16 4.35186e-17 1
4959 5.41108e-16 4.35186e-17 1
4960.5 5.84449e-16 4.35186e-17 1
4962 5.7236e-16 4.35186e-17 1
4963.5 5.18255e-16 4.35186e-17 1
4965 5.29915e-16 4.35186e-17 1
4966.5 5.60323e-16 4.35186e-17 1
4968 5.5137e-16 4.35186e-17 1
4969.5 5.97081e-16 4.35186e-17 1
4971 5.69928e-16 4.35186e-17 1
4972.5 5.95239e-16 4.35186e-17 1
4974 6.40547e-16 4.35186e-17 1
4975.5 6.14022e-16 4.35186e-17 1
4977 6.61814e-16 4.35186e-17 1
4978.5 5.99351e-16 4.35186e-17 1
4980 6.63486e-16 4.35186e-17 1
4981.5 6.87448e-16 4.35186e-17 1
4983 6.77232e-16 4.35186e-17 1
4984.5 6.6726e-16 4.35186e-17 1
4986 6.59579e-16 4.35186e-17 1
4987.5 6.21872e-16 4.35186e-17 1
4989 6.75293e-16 4.35186e-17 1
4990.5 7.26555e-16 4.35186e-17 1
4992 7.41318e-16 4.35186e-17 1
4993.5 6.97574e-16 4.35186e-17 1
4995 7.2403e-16 4.35186e-17 1
4996.5 7.56687e-16 4.35186e-17 1
4998 7.46463e-16 4.35186e-17 1
4999.5 7.70932e-16 4.35186e-17 1
5001 7.75877e-16 4.35186e-17 1
5002.5 7.40772e-16 4.35186e-17 1
5004 7.22802e-16 4.35186e-17 1
5005.5 7.91401e-16 4.35186e-17 1
5007 8.19641e-16 4.35186e-17 1
5008.5 7.68604e-16 4.35186e-17 1
5010 7.87759e-16 4.35186e-17 1
5011.5 8.26658e-16 4.35186e-17 1
5013 8.05924e-16 4.35186e-17 1
5014.5 7.89082e-16 4.35186e-17 1
5016 7.69682e-16 4.35186e-17 1
5017.5 7.38949e-16 4.35186e-17 1
5019 7.35739e-16 4.35186e-17 1
5020.5 7.19476e-16 2.722e-17 1
5022 6.79405e-16 2.722e-17 1
5023.5 7.03467e-16 2.722e-17 1
5025 7.39499e-16 2.722e-17 1
5026.5 7.13793e-16 2.722e-17 1
5028 7.03465e-16 2.722e-17 1
5029.5 7.11336e-16 2.722e-17 1
5031 7.54352e-16 2.722e-17 1
5032.5 7.10573e-16 2.722e-17 1
5034 6.79482e-16 2.722e-17 1
5035.5 7.11741e-16 2.722e-17 1
5037 7.0801e-16 2.722e-17 1
5038.5 6.43043e-16 2.722e-17 1
5040 6.44039e-16 2.722e-17 1
5041.5 6.53176e-16 2.722e-17 1
5043 6.30659e-16 2.722e-17 1
5044.5 6.86941e-16 2.722e-17 1
5046 6.95588e-16 2.722e-17 1
5047.5 6.36487e-16 2.722e-17 1
5049 5.80109e-16 2.722e-17 1
5050.5 6.02834e-16 2.722e-17 1
5052 6.1741e-16 2.722e-17 1
5053.5 6.27092e-16 2.722e-17 1
5055 6.00238e-16 2.722e-17 1
5056.5 6.30014e-16 2.722e-17 1
5058 5.97557e-16 2.722e-17 1
5059.5 5.67471e-16 2.722e-17 1
5061 6.13932e-16 2.722e-17 1
5062.5 5.9101e-16 2.722e-17 1
5064 6.03235e-16 2.722e-17 1
5065.5 5.9035e-16 2.722e-17 1
5067 5.9216e-16 2.722e-17 1
5068.5 5.66462e-16 2.722e-17 1
5070 5.83466e-16 2.722e-17 1
5071.5 5.74383e-16 2.722e-17 1
5073 5.70016e-16 2.722e-17 1
5074.5 5.65907e-16 2.722e-17 1
5076 5.59646e-16 2.722e-17 1
5077.5 5.71298e-16 2.722e-17 1
5079 5.49642e-16 2.722e-17 1
5080.5 5.49427e-16 2.722e-17 1
5082 5.63074e-16 2.722e-17 1
5083.5 5.19286e-16 2.722e-17 1
5085 5.53119e-16 2.722e-17 1
5086.5 5.426e-16 2.722e-17 1
5088 5.2698e-16 2.722e-17 1
5089.5 5.29569e-16 2.722e-17 1
5091 5.12335e-16 2.722e-17 1
5092.5 5.10517e-16 2.722e-17 1
5094 5.17134e-16 2.722e-17 1
5095.5 5.77298e-16 2.722e-17 1
5097 5.32436e-16 2.722e-17 1
5098.5 5.2e-16 2.722e-17 1
5100 5.4524e-16 2.722e-17 1
5101.5 5.10819e-16 2.722e-17 1
5103 5.00553e-16 2.722e-17 1
5104.5 4.95352e-16 2.722e-17 1
5106 4.7847e-16 2.722e-17 1
5107.5 4.71235e-16 2.722e-17 1
5109 4.77687e-16 2.722e-17 1
5110.5 5.14603e-16 2.722e-17 1
5112 5.02884e-16 2.722e-17 1
5113.5 4.8622e-16 2.722e-17 1
5115 4.57843e-16 2.722e-17 1
5116.5 4.80568e-16 2.722e-17 1
5118 5.35343e-16 2.722e-17 1
5119.5 4.84812e-16 2.722e-17 1
5121 5.07645e-16 2.73022e-17 1
5122.5 4.92595e-16 2.73022e-17 1
5124 4.95417e-16 2.73022e-17 1
5125.5 4.99098e-16 2.73022e-17 1
5127 4.67066e-16 2.73022e-17 1
5128.5 4.54723e-16 2.73022e-17 1
5130 4.80319e-16 2.73022e-17 1
5131.5 5.38077e-16 2.73022e-17 1
5133 5.45085e-16 2.73022e-17 1
5134.5 4.87163e-16 2.73022e-17 1
5136 4.76335e-16 2.73022e-17 1
5137.5 4.78919e-16 2.73022e-17 1
5139 4.76194e-16 2.73022e-17 1
5140.5 4.68567e-16 2.73022e-17 1
5142 5.16433e-16 2.73022e-17 1
5143.5 5.4484e-16 2.73022e-17 1
5145 4.86995e-16 2.73022e-17 1
5146.5 4.53001e-16 2.73022e-17 1
5148 4.90217e-16 2.73022e-17 1
5149.5 4.9122e-16 2.73022e-17 1
5151 5.07673e-16 2.73022e-17 1
5152.5 5.23178e-16 2.73022e-17 1
5154 5.09363e-16 2.73022e-17 1
5155.5 5.11857e-16 2.73022e-17 1
5157 4.98875e-16 2.73022e-17 1
5158.5 4.84708e-16 2.73022e-17 1
5160 4.92921e-16 2.73022e-17 1
5161.5 4.86682e-16 2.73022e-17 1
5163 4.69026e-16 2.73022e-17 1
5164.5 4.72415e-16 2.73022e-17 1
5166 4.79335e-16 2.73022e-17 1
5167.5 4.54726e-16 2.73022e-17 1
5169 4.39193e-16 2.73022e-17 1
5170.5 4.89338e-16 2.73022e-17 1
5172 5.323e-16 2.73022e-17 1
5173.5 5.1315e-16 2.73022e-17 1
5175 4.85161e-16 2.73022e-17 1
5176.5 4.65139e-16 2.73022e-17 1
5178 5.05629e-16 2.73022e-17 1
5179.5 4.86535e-16 2.73022e-17 1
5181 5.35881e-16 2.73022e-17 1
5182.5 5.39758e-16 2.73022e-17 1
5184 5.18838e-16 2.73022e-17 1
5185.5 5.55741e-16 2.73022e-17 1
5187 5.74142e-16 2.73022e-17 1
5188.5 5.63107e-16 2.73022e-17 1
5190 4.83876e-16 2.73022e-17 1
5191.5 4.82373e-16 2.73022e-17 1
5193 5.46386e-16 2.73022e-17 1
5194.5 5.3569e-16 2.73022e-17 1
5196 5.04666e-16 2.73022e-17 1
5197.5 5.08508e-16 2.73022e-17 1
5199 5.10513e-16 2.73022e-17 1
5200.5 5.19102e-16 2.73022e-17 1
5202 5.33905e-16 2.73022e-17 1
5203.5 5.64935e-16 2.73022e-17 1
5205 5.6193e-16 2.73022e-17 1
5206.5 5.53095e-16 2.73022e-17 1
5208 5.48112e-16 2.73022e-17 1
5209.5 5.18162e-16 2.73022e-17 1
5211 5.32779e-16 2.73022e-17 1
5212.5 5.6751e-16 2.73022e-17 1
5214 5.68099e-16 2.73022e-17 1
5215.5 6.30385e-16 2.73022e-17 1
5217 5.75192e-16 2.73022e-17 1
5218.5 5.33831e-16 2.73022e-17 1
5220 5.81881e-16 2.37164e-17 1
5221.5 5.79133e-16 2.37164e-17 1
5223 5.748e-16 2.37164e-17 1
5224.5 6.12906e-16 2.37164e-17 1
5226 6.2351e-16 2.37164e-17 1
5227.5 6.0062e-16 2.37164e-17 1
5229 6.12088e-16 2.37164e-17 1
5230.5 6.27334e-16 2.37164e-17 1
5232 6.23477e-16 2.37164e-17 1
5233.5 6.34061e-16 2.37164e-17 1
5235 6.54612e-16 2.37164e-17 1
5236.5 6.88546e-16 2.37164e-17 1
5238 6.86366e-16 2.37164e-17 1
5239.5 6.59755e-16 2.37164e-17 1
5241 6.38786e-16 2.37164e-17 1
5242.5 6.14376e-16 2.37164e-17 1
5244 6.78826e-16 2.37164e-17 1
5245.5 6.92472e-16 2.37164e-17 1
5247 6.96556e-16 2.37164e-17 1
5248.5 7.39372e-16 2.37164e-17 1
5250 7.25652e-16 2.37164e-17 1
5251.5 6.99071e-16 2.37164e-17 1
5253 7.39765e-16 2.37164e-17 1
5254.5 7.38606e-16 2.37164e-17 1
5256 7.51111e-16 2.37164e-17 1
5257.5 7.5073e-16 2.37164e-17 1
5259 8.20139e-16 2.37164e-17 1
5260.5 8.57419e-16 2.37164e-17 1
5262 8.14746e-16 2.37164e-17 1
5263.5 8.11458e-16 2.37164e-17 1
5265 7.97939e-16 2.37164e-17 1
5266.5 8.0634e-16 2.37164e-17 1
5268 8.01625e-16 2.37164e-17 1
5269.5 8.23094e-16 2.37164e-17 1
5271 8.85537e-16 2.37164e-17 1
5272.5 9.24139e-16 2.37164e-17 1
5274 8.99066e-16 2.37164e-17 1
5275.5 9.05133e-16 2.37164e-17 1
5277 9.02832e-16 2.37164e-17 1
5278.5 8.7694e-16 2.37164e-17 1
5280 9.3206e-16 2.37164e-17 1
5281.5 9.86997e-16 2.37164e-17 1
5283 9.64847e-16 2.37164e-17 1
5284.5 9.5989e-16 2.37164e-17 1
5286 9.6695e-16 2.37164e-17 1
5287.5 9.53733e-16 2.37164e-17 1
5289 9.74506e-16 2.37164e-17 1
5290.5 9.88955e-16 2.37164e-17 1
5292 9.75902e-16 2.37164e-17 1
5293.5 9.81166e-16 2.37164e-17 1
5295 1.01567e-15 2.37164e-17 1
5296.5 9.90425e-16 2.37164e-17 1
5298 1.00041e-15 2.37164e-17 1
5299.5 1.06547e-15 2.37164e-17 1
5301 1.06293e-15 2.37164e-17 1
5302.5 1.0357e-15 2.37164e-17 1
5304 1.04005e-15 2.37164e-17 1
5305.5 1.06433e-15 2.37164e-17 1
5307 1.08349e-15 2.37164e-17 1
5308.5 1.08799e-15 2.37164e-17 1
5310 1.07802e-15 2.37164e-17 1
5311.5 1.05893e-15 2.37164e-17 1
5313 1.08069e-15 2.37164e-17 1
5314.5 1.09447e-15 2.37164e-17 1
5316 1.06125e-15 2.37164e-17 1
5317.5 1.06305e-15 2.37164e-17 1
5319 1.10322e-15 2.37164e-17 1
5320.5 1.13473e-15 2.74746e-17 1
5322 1.12183e-15 2.74746e-17 1
5323.5 1.075e-15 2.74746e-17 1
5325 1.09215e-15 2.74746e-17 1
5326.5 1.13391e-15 2.74746e-17 1
5328 1.08511e-15 2.74746e-17 1
5329.5 1.11996e-15 2.74746e-17 1
5331 1.14682e-15 2.74746e-17 1
5332.5 1.11649e-15 2.74746e-17 1
5334 1.12987e-15 2.74746e-17 1
5335.5 1.12721e-15 2.74746e-17 1
5337 1.16854e-15 2.74746e-17 1
5338.5 1.15315e-15 2.74746e-17 1
5340 1.1257e-15 2.74746e-17 1
5341.5 1.10565e-15 2.74746e-17 1
5343 1.1274e-15 2.74746e-17 1
5344.5 1.14951e-15 2.74746e-17 1
5346 1.15667e-15 2.74746e-17 1
5347.5 1.16492e-15 2.74746e-17 1
5349 1.13681e-15 2.74746e-17 1
5350.5 1.14146e-15 2.74746e-17 1
5352 1.14497e-15 2.74746e-17 1
5353.5 1.1435e-15 2.74746e-17 1
5355 1.16106e-15 2.74746e-17 1
5356.5 1.13988e-15 2.74746e-17 1
5358 1.15551e-15 2.74746e-17 1
5359.5 1.15097e-15 2.74746e-17 1
5361 1.12621e-15 2.74746e-17 1
5362.5 1.15104e-15 2.74746e-17 1
5364 1.17441e-15 2.74746e-17 1
5365.5 1.1658e-15 2.74746e-17 1
5367 1.11635e-15 2.74746e-17 1
5368.5 1.09812e-15 2.74746e-17 1
5370 1.11681e-15 2.74746e-17 1
5371.5 1.16312e-15 2.74746e-17 1
5373 1.22494e-15 2.74746e-17 1
5374.5 1.19219e-15 2.74746e-17 1
5376 1.11963e-15 2.74746e-17 1
5377.5 1.09731e-15 2.74746e-17 1
5379 1.13881e-15 2.74746e-17 1
5380.5 1.18779e-15 2.74746e-17 1
5382 1.15103e-15 2.74746e-17 1
5383.5 1.14141e-15 2.74746e-17 1
5385 1.12648e-15 2.74746e-17 1
5386.5 1.09897e-15 2.74746e-17 1
5388 1.14497e-15 2.74746e-17 1
5389.5 1.12765e-15 2.74746e-17 1
5391 1.06996e-15 2.74746e-17 1
5392.5 1.07674e-15 2.74746e-17 1
5394 1.12036e-15 2.74746e-17 1
5395.5 1.12935e-15 2.74746e-17 1
5397 1.12564e-15 2.74746e-17 1
5398.5 1.14333e-15 2.74746e-17 1
5400 1.08493e-15 2.74746e-17 1
5401.5 1.06132e-15 2.74746e-17 1
5403 1.09169e-15 2.74746e-17 1
5404.5 1.12202e-15 2.74746e-17 1
5406 1.11353e-15 2.74746e-17 1
5407.5 1.08337e-15 2.74746e-17 1
5409 1.12713e-15 2.74746e-17 1
5410.5 1.09242e-15 2.74746e-17 1
5412 1.07751e-15 2.74746e-17 1
5413.5 1.10002e-15 2.74746e-17 1
5415 1.12857e-15 2.74746e-17 1
5416.5 1.11967e-15 2.74746e-17 1
5418 1.05355e-15 2.74746e-17 1
5419.5 1.01055e-15 2.74746e-17 1
5421 1.0621e-15 2.07807e-17 1
5422.5 1.08634e-15 2.07807e-17 1
5424 1.07892e-15 2.07807e-17 1
5425.5 1.07346e-15 2.07807e-17 1
5427 1.05705e-15 2.07807e-17 1
5428.5 1.03585e-15 2.07807e-17 1
5430 1.07831e-15 2.07807e-17 1
5431.5 1.06486e-15 2.07807e-17 1
5433 1.01307e-15 2.07807e-17 1
5434.5 1.02121e-15 2.07807e-17 1
5436 1.04545e-15 2.07807e-17 1
5437.5 1.032e-15 2.07807e-17 1
5439 1.02943e-15 2.07807e-17 1
5440.5 1.01684e-15 2.07807e-17 1
5442 1.02283e-15 2.07807e-17 1
5443.5 1.05549e-15 2.07807e-17 1
5445 1.071e-15 2.07807e-17 1
5446.5 1.0359e-15 2.07807e-17 1
5448 9.91943e-16 2.07807e-17 1
5449.5 1.01645e-15 2.07807e-17 1
5451 1.0261e-15 2.07807e-17 1
5452.5 1.00513e-15 2.07807e-17 1
5454 1.01716e-15 2.07807e-17 1
5455.5 1.03064e-15 2.07807e-17 1
5457 1.02824e-15 2.07807e-17 1
5458.5 1.03125e-15 2.07807e-17 1
5460 1.00114e-15 2.07807e-17 1
5461.5 1.00084e-15 2.07807e-17 1
5463 9.97612e-16 2.07807e-17 1
5464.5 9.74811e-16 2.07807e-17 1
5466 9.96665e-16 2.07807e-17 1
5467.5 1.05877e-15 2.07807e-17 1
5469 9.83665e-16 2.07807e-17 1
5470.5 9.49247e-16 2.07807e-17 1
5472 9.8846e-16 2.07807e-17 1
5473.5 9.91236e-16 2.07807e-17 1
5475 9.75695e-16 2.07807e-17 1
5476.5 9.87433e-16 2.07807e-17 1
5478 9.59836e-16 2.07807e-17 1
5479.5 9.2362e-16 2.07807e-17 1
5481 9.74303e-16 2.07807e-17 1
5482.5 9.81448e-16 2.07807e-17 1
5484 9.74409e-16 2.07807e-17 1
5485.5 9.2476e-16 2.07807e-17 1
5487 9.47041e-16 2.07807e-17 1
5488.5 9.5584e-16 2.07807e-17 1
5490 9.60582e-16 2.07807e-17 1
5491.5 9.70744e-16 2.07807e-17 1
5493 9.52786e-16 2.07807e-17 1
5494.5 9.27926e-16 2.07807e-17 1
5496 9.2426e-16 2.07807e-17 1
5497.5 9.44037e-16 2.07807e-17 1
5499 9.48945e-16 2.07807e-17 1
5500.5 9.09343e-16 2.07807e-17 1
5502 8.88416e-16 2.07807e-17 1
5503.5 8.95026e-16 2.07807e-17 1
5505 9.00263e-16 2.07807e-17 1
5506.5 8.75158e-16 2.07807e-17 1
5508 8.81273e-16 2.07807e-17 1
5509.5 9.13957e-16 2.07807e-17 1
5511 9.07828e-16 2.07807e-17 1
5512.5 8.95909e-16 2.07807e-17 1
5514 9.1428e-16 2.07807e-17 1
5515.5 9.00549e-16 2.07807e-17 1
5517 8.78624e-16 2.07807e-17 1
5518.5 8.88186e-16 2.07807e-17 1
5520 9.05756e-16 2.70929e-17 1
5521.5 8.84084e-16 2.70929e-17 1
5523 8.60002e-16 2.70929e-17 1
5524.5 8.8399e-16 2.70929e-17 1
5526 8.47917e-16 2.70929e-17 1
5527.5 8.38898e-16 2.70929e-17 1
5529 8.30344e-16 2.70929e-17 1
5530.5 8.46807e-16 2.70929e-17 1
5532 8.48792e-16 2.70929e-17 1
5533.5 8.97259e-16 2.70929e-17 1
5535 8.80974e-16 2.70929e-17 1
5536.5 8.68339e-16 2.70929e-17 1
5538 8.81882e-16 2.70929e-17 1
5539.5 8.91788e-16 2.70929e-17 1
5541 8.40014e-16 2.70929e-17 1
5542.5 8.34429e-16 2.70929e-17 1
5544 8.79121e-16 2.70929e-17 1
5545.5 8.9022e-16 2.70929e-17 1
5547 8.42829e-16 2.70929e-17 1
5548.5 8.58979e-16 2.70929e-17 1
5550 8.34601e-16 2.70929e-17 1
5551.5 8.19849e-16 2.70929e-17 1
5553 8.63053e-16 2.70929e-17 1
5554.5 8.96525e-16 2.70929e-17 1
5556 8.20052e-16 2.70929e-17 1
5557.5 7.86772e-16 2.70929e-17 1
5559 8.80298e-16 2.70929e-17 1
5560.5 8.52823e-16 2.70929e-17 1
5562 8.01217e-16 2.70929e-17 1
5563.5 8.04053e-16 2.70929e-17 1
5565 8.48377e-16 2.70929e-17 1
5566.5 8.30206e-16 2.70929e-17 1
5568 8.73371e-16 2.70929e-17 1
5569.5 8.17573e-16 2.70929e-17 1
5571 7.89783e-16 2.70929e-17 1
5572.5 7.92587e-16 2.70929e-17 1
5574 8.38474e-16 2.70929e-17 1
5575.5 8.69246e-16 2.70929e-17 1
5577 8.62366e-16 2.70929e-17 1
5578.5 8.43945e-16 2.70929e-17 1
5580 8.19797e-16 2.70929e-17 1
5581.5 8.30296e-16 2.70929e-17 1
5583 8.48235e-16 2.70929e-17 1
5584.5 8.23755e-16 2.70929e-17 1
5586 8.1464e-16 2.70929e-17 1
5587.5 8.40189e-16 2.70929e-17 1
5589 8.27005e-16 2.70929e-17 1
5590.5 7.67179e-16 2.70929e-17 1
5592 7.6999e-16 2.70929e-17 1
5593.5 7.96651e-16 2.70929e-17 1
5595 7.915e-16 2.70929e-17 1
5596.5 7.92065e-16 2.70929e-17 1
5598 7.82495e-16 2.70929e-17 1
5599.5 7.6826e-16 2.70929e-17 1
5601 7.6806e-16 2.70929e-17 1
5602.5 7.84526e-16 2.70929e-17 1
5604 7.61904e-16 2.70929e-17 1
5605.5 7.77475e-16 2.70929e-17 1
5607 7.71329e-16 2.70929e-17 1
5608.5 7.69579e-16 2.70929e-17 1
5610 7.85105e-16 2.70929e-17 1
5611.5 7.59108e-16 2.70929e-17 1
5613 7.53326e-16 2.70929e-17 1
5614.5 7.36484e-16 2.70929e-17 1
5616 7.38215e-16 2.70929e-17 1
5617.5 7.97571e-16 2.70929e-17 1
5619 8.28498e-16 2.70929e-17 1
5620.5 7.34814e-16 2.85773e-17 1
5622 7.21172e-16 2.85773e-17 1
5623.5 7.14198e-16 2.85773e-17 1
5625 6.93829e-16 2.85773e-17 1
5626.5 6.88671e-16 2.85773e-17 1
5628 7.00664e-16 2.85773e-17 1
5629.5 7.15012e-16 2.85773e-17 1
5631 7.40065e-16 2.85773e-17 1
5632.5 7.35074e-16 2.85773e-17 1
5634 6.93471e-16 2.85773e-17 1
5635.5 6.73071e-16 2.85773e-17 1
5637 6.95055e-16 2.85773e-17 1
5638.5 7.18155e-16 2.85773e-17 1
5640 7.24933e-16 2.85773e-17 1
5641.5 7.26592e-16 2.85773e-17 1
5643 7.30704e-16 2.85773e-17 1
5644.5 6.79576e-16 2.85773e-17 1
5646 6.63599e-16 2.85773e-17 1
5647.5 7.02436e-16 2.85773e-17 1
5649 7.25504e-16 2.85773e-17 1
5650.5 7.22057e-16 2.85773e-17 1
5652 6.82696e-16 2.85773e-17 1
5653.5 6.60639e-16 2.85773e-17 1
5655 6.57355e-16 2.85773e-17 1
5656.5 6.39132e-16 2.85773e-17 1
5658 6.28079e-16 2.85773e-17 1
5659.5 6.49966e-16 2.85773e-17 1
5661 6.67962e-16 2.85773e-17 1
5662.5 6.53353e-16 2.85773e-17 1
5664 6.43612e-16 2.85773e-17 1
5665.5 6.51412e-16 2.85773e-17 1
5667 6.26701e-16 2.85773e-17 1
5668.5 6.10418e-16 2.85773e-17 1
5670 6.41264e-16 2.85773e-17 1
5671.5 6.41603e-16 2.85773e-17 1
5673 5.66607e-16 2.85773e-17 1
5674.5 5.77691e-16 2.85773e-17 1
5676 6.30917e-16 2.85773e-17 1
5677.5 6.02843e-16 2.85773e-17 1
5679 6.3674e-16 2.85773e-17 1
5680.5 6.28609e-16 2.85773e-17 1
5682 5.73329e-16 2.85773e-17 1
5683.5 5.41476e-16 2.85773e-17 1
5685 5.59192e-16 2.85773e-17 1
5686.5 6.02121e-16 2.85773e-17 1
5688 6.25893e-16 2.85773e-17 1
5689.5 6.05397e-16 2.85773e-17 1
5691 5.96297e-16 2.85773e-17 1
5692.5 6.02438e-16 2.85773e-17 1
5694 5.90063e-16 2.85773e-17 1
5695.5 6.26542e-16 2.85773e-17 1
5697 5.99025e-16 2.85773e-17 1
5698.5 5.32696e-16 2.85773e-17 1
5700 4.89698e-16 2.85773e-17 1
5701.5 5.58997e-16 2.85773e-17 1
5703 5.55556e-16 2.85773e-17 1
5704.5 5.34085e-16 2.85773e-17 1
5706 5.62471e-16 2.85773e-17 1
5707.5 6.06985e-16 2.85773e-17 1
5709 5.54829e-16 2.85773e-17 1
5710.5 4.99952e-16 2.85773e-17 1
5712 5.12073e-16 2.85773e-17 1
5713.5 5.10496e-16 2.85773e-17 1
5715 5.09809e-16 2.85773e-17 1
5716.5 5.48986e-16 2.85773e-17 1
5718 5.47192e-16 2.85773e-17 1
5719.5 4.98207e-16 2.85773e-17 1
5721 5.25629e-16 2.55506e-17 1
5722.5 5.45431e-16 2.55506e-17 1
5724 5.42169e-16 2.55506e-17 1
5725.5 5.51192e-16 2.55506e-17 1
5727 4.91939e-16 2.55506e-17 1
5728.5 4.46375e-16 2.55506e-17 1
5730 4.87835e-16 2.55506e-17 1
5731.5 5.20778e-16 2.55506e-17 1
5733 4.9691e-16 2.55506e-17 1
5734.5 4.75199e-16 2.55506e-17 1
5736 4.77362e-16 2.55506e-17 1
5737.5 4.87285e-16 2.55506e-17 1
5739 4.82179e-16 2.55506e-17 1
5740.5 4.96914e-16 2.55506e-17 1
5742 5.18686e-16 2.55506e-17 1
5743.5 5.02398e-16 2.55506e-17 1
5745 5.12107e-16 2.55506e-17 1
5746.5 4.69162e-16 2.55506e-17 1
5748 4.46124e-16 2.55506e-17 1
5749.5 4.72037e-16 2.55506e-17 1
5751 4.79907e-16 2.55506e-17 1
5752.5 4.71446e-16 2.55506e-17 1
5754 4.57946e-16 2.55506e-17 1
5755.5 4.45099e-16 2.55506e-17 1
5757 4.92542e-16 2.55506e-17 1
5758.5 5.02691e-16 2.55506e-17 1
5760 4.02182e-16 2.55506e-17 1
5761.5 3.92402e-16 2.55506e-17 1
5763 4.47981e-16 2.55506e-17 1
5764.5 4.48912e-16 2.55506e-17 1
5766 4.60605e-16 2.55506e-17 1
5767.5 4.34824e-16 2.55506e-17 1
5769 4.32413e-16 2.55506e-17 1
5770.5 4.35843e-16 2.55506e-17 1
5772 3.87647e-16 2.55506e-17 1
5773.5 4.01735e-16 2.55506e-17 1
5775 4.29653e-16 2.55506e-17 1
5776.5 4.29917e-16 2.55506e-17 1
5778 4.05344e-16 2.55506e-17 1
5779.5 4.16392e-16 2.55506e-17 1
5781 4.23404e-16 2.55506e-17 1
5782.5 3.54643e-16 2.55506e-17 1
5784 3.6882e-16 2.55506e-17 1
5785.5 3.75495e-16 2.55506e-17 1
5787 3.85029e-16 2.55506e-17 1
5788.5 3.77213e-16 2.55506e-17 1
5790 3.8984e-16 2.55506e-17 1
5791.5 4.05041e-16 2.55506e-17 1
5793 4.13648e-16 2.55506e-17 1
5794.5 4.15363e-16 2.55506e-17 1
5796 4.06553e-16 2.55506e-17 1
5797.5 4.0953e-16 2.55506e-17 1
5799 4.10144e-16 2.55506e-17 1
5800.5 3.74665e-16 2.55506e-17 1
5802 3.8467e-16 2.55506e-17 1
5803.5 3.92058e-16 2.55506e-17 1
5805 3.86513e-16 2.55506e-17 1
5806.5 3.47977e-16 2.55506e-17 1
5808 3.74571e-16 2.55506e-17 1
5809.5 4.30179e-16 2.55506e-17 1
5811 4.09489e-16 2.55506e-17 1
5812.5 4.2658e-16 2.55506e-17 1
5814 4.32542e-16 2.55506e-17 1
5815.5 4.06998e-16 2.55506e-17 1
5817 4.01878e-16 2.55506e-17 1
5818.5 4.15231e-16 2.55506e-17 1
5820 3.94403e-16 3.01527e-17 1
5821.5 4.21498e-16 3.01527e-17 1
5823 3.75878e-16 3.01527e-17 1
5824.5 3.66619e-16 3.01527e-17 1
5826 3.66031e-16 3.01527e-17 1
5827.5 3.75644e-16 3.01527e-17 1
5829 3.85258e-16 3.01527e-17 1
5830.5 3.94871e-16 3.01527e-17 1
5832 4.04484e-16 3.01527e-17 1
5833.5 4.04484e-16 3.01527e-17 1
5835 3.70232e-16 3.01527e-17 1
5836.5 3.81315e-16 3.01527e-17 1
5838 4.01489e-16 3.01527e-17 1
5839.5 4.19794e-16 3.01527e-17 1
5841 3.97391e-16 3.01527e-17 1
5842.5 4.12949e-16 3.01527e-17 1
5844 4.1459e-16 3.01527e-17 1
5845.5 4.13794e-16 3.01527e-17 1
5847 3.95413e-16 3.01527e-17 1
5848.5 4.29074e-16 3.01527e-17 1
5850 4.74508e-16 3.01527e-17 1
5851.5 4.74897e-16 3.01527e-17 1
5853 4.15566e-16 3.01527e-17 1
5854.5 4.30949e-16 3.01527e-17 1
5856 4.10531e-16 3.01527e-17 1
5857.5 4.00929e-16 3.01527e-17 1
5859 3.89914e-16 3.01527e-17 1
5860.5 3.89996e-16 3.01527e-17 1
5862 4.53751e-16 3.01527e-17 1
5863.5 4.55995e-16 3.01527e-17 1
5865 4.46872e-16 3.01527e-17 1
5866.5 4.65303e-16 3.01527e-17 1
5868 4.96688e-16 3.01527e-17 1
5869.5 5.2243e-16 3.01527e-17 1
5871 5.03455e-16 3.01527e-17 1
5872.5 4.7486e-16 3.01527e-17 1
5874 4.88064e-16 3.01527e-17 1
5875.5 4.73345e-16 3.01527e-17 1
5877 4.38262e-16 3.01527e-17 1
5878.5 4.87799e-16 3.01527e-17 1
5880 5.28696e-16 3.01527e-17 1
5881.5 5.28067e-16 3.01527e-17 1
5883 5.20008e-16 3.01527e-17 1
5884.5 4.51725e-16 3.01527e-17 1
5886 5.05061e-16 3.01527e-17 1
5887.5 5.60596e-16 3.01527e-17 1
5889 4.76936e-16 3.01527e-17 1
5890.5 4.6875e-16 3.01527e-17 1
5892 5.11748e-16 3.01527e-17 1
5893.5 5.10187e-16 3.01527e-17 1
5895 5.13696e-16 3.01527e-17 1
5896.5 6.11333e-16 3.01527e-17 1
5898 6.1679e-16 3.01527e-17 1
5899.5 5.67707e-16 3.01527e-17 1
5901 5.86515e-16 3.01527e-17 1
5902.5 6.00125e-16 3.01527e-17 1
5904 6.04396e-16 3.01527e-17 1
5905.5 6.34648e-16 3.01527e-17 1
5907 6.46321e-16 3.01527e-17 1
5908.5 6.25606e-16 3.01527e-17 1
5910 6.31661e-16 3.01527e-17 1
5911.5 6.90273e-16 3.01527e-17 1
5913 6.63514e-16 3.01527e-17 1
5914.5 6.26911e-16 3.01527e-17 1
5916 6.80165e-16 3.01527e-17 1
5917.5 6.41738e-16 3.01527e-17 1
5919 6.32785e-16 3.01527e-17 1
5920.5 6.97989e-16 2.85734e-17 1
5922 7.06455e-16 2.85734e-17 1
5923.5 7.08155e-16 2.85734e-17 1
5925 6.88796e-16 2.85734e-17 1
5926.5 6.91191e-16 2.85734e-17 1
5928 7.19047e-16 2.85734e-17 1
5929.5 6.80368e-16 2.85734e-17 1
5931 6.75678e-16 2.85734e-17 1
5932.5 7.03897e-16 2.85734e-17 1
5934 7.10642e-16 2.85734e-17 1
5935.5 6.84773e-16 2.85734e-17 1
5937 6.75873e-16 2.85734e-17 1
5938.5 7.30696e-16 2.85734e-17 1
5940 7.33047e-16 2.85734e-17 1
5941.5 7.18699e-16 2.85734e-17 1
5943 7.35226e-16 2.85734e-17 1
5944.5 7.70595e-16 2.85734e-17 1
5946 7.84695e-16 2.85734e-17 1
5947.5 7.52841e-16 2.85734e-17 1
5949 7.70101e-16 2.85734e-17 1
5950.5 7.93759e-16 2.85734e-17 1
5952 7.6217e-16 2.85734e-17 1
5953.5 7.82074e-16 2.85734e-17 1
5955 8.01854e-16 2.85734e-17 1
5956.5 7.86829e-16 2.85734e-17 1
5958 8.14248e-16 2.85734e-17 1
5959.5 8.36563e-16 2.85734e-17 1
5961 7.7123e-16 2.85734e-17 1
5962.5 7.78393e-16 2.85734e-17 1
5964 8.02683e-16 2.85734e-17 1
5965.5 8.05447e-16 2.85734e-17 1
5967 8.55266e-16 2.85734e-17 1
5968.5 8.54976e-16 2.85734e-17 1
5970 7.97182e-16 2.85734e-17 1
5971.5 8.19181e-16 2.85734e-17 1
5973 8.23631e-16 2.85734e-17 1
5974.5 7.97251e-16 2.85734e-17 1
5976 8.35962e-16 2.85734e-17 1
5977.5 8.52252e-16 2.85734e-17 1
5979 8.97191e-16 2.85734e-17 1
5980.5 8.39022e-16 2.85734e-17 1
5982 8.34664e-16 2.85734e-17 1
5983.5 8.57771e-16 2.85734e-17 1
5985 8.47825e-16 2.85734e-17 1
5986.5 8.35731e-16 2.85734e-17 1
5988 8.50247e-16 2.85734e-17 1
5989.5 8.47288e-16 2.85734e-17 1
5991 8.48354e-16 2.85734e-17 1
5992.5 8.31704e-16 2.85734e-17 1
5994 8.39809e-16 2.85734e-17 1
5995.5 8.09961e-16 2.85734e-17 1
5997 8.22343e-16 2.85734e-17 1
5998.5 8.32609e-16 2.85734e-17 1
6000 8.11575e-16 2.85734e-17 1
6001.5 8.02582e-16 2.85734e-17 1
6003 7.8668e-16 2.85734e-17 1
6004.5 8.2371e-16 2.85734e-17 1
6006 8.68202e-16 2.85734e-17 1
6007.5 8.62105e-16 2.85734e-17 1
6009 8.48683e-16 2.85734e-17 1
6010.5 7.81441e-16 2.85734e-17 1
6012 7.45034e-16 2.85734e-17 1
6013.5 7.44556e-16 2.85734e-17 1
6015 7.52971e-16 2.85734e-17 1
6016.5 7.33213e-16 2.85734e-17 1
6018 7.63977e-16 2.85734e-17 1
6019.5 7.88318e-16 2.85734e-17 1
6021 7.67818e-16 2.72976e-17 1
6022.5 7.4421e-16 2.72976e-17 1
6024 7.75077e-16 2.72976e-17 1
6025.5 8.22991e-16 2.72976e-17 1
6027 8.51635e-16 2.72976e-17 1
6028.5 8.51979e-16 2.72976e-17 1
6030 8.16323e-16 2.72976e-17 1
6031.5 7.46863e-16 2.72976e-17 1
6033 7.59384e-16 2.72976e-17 1
6034.5 7.83698e-16 2.72976e-17 1
6036 7.94489e-16 2.72976e-17 1
6037.5 7.84896e-16 2.72976e-17 1
6039 7.86577e-16 2.72976e-17 1
6040.5 7.61152e-16 2.72976e-17 1
6042 7.58079e-16 2.72976e-17 1
6043.5 7.33734e-16 2.72976e-17 1
6045 7.54225e-16 2.72976e-17 1
6046.5 7.52099e-16 2.72976e-17 1
6048 7.84208e-16 2.72976e-17 1
6049.5 7.8381e-16 2.72976e-17 1
6051 7.73605e-16 2.72976e-17 1
6052.5 7.80547e-16 2.72976e-17 1
6054 6.78859e-16 2.72976e-17 1
6055.5 7.41585e-16 2.72976e-17 1
6057 7.36186e-16 2.72976e-17 1
6058.5 7.63992e-16 2.72976e-17 1
6060 7.14091e-16 2.72976e-17 1
6061.5 7.96405e-16 2.72976e-17 1
6063 7.84159e-16 2.72976e-17 1
6064.5 7.71913e-16 2.72976e-17 1
6066 7.59667e-16 2.72976e-17 1
6067.5 7.59667e-16 2.72976e-17 1
6069 7.43356e-16 2.72976e-17 1
6070.5 7.34134e-16 2.72976e-17 1
6072 7.17527e-16 2.72976e-17 1
6073.5 7.13719e-16 2.72976e-17 1
6075 7.10103e-16 2.72976e-17 1
6076.5 7.19218e-16 2.72976e-17 1
6078 6.9262e-16 2.72976e-17 1
6079.5 6.89771e-16 2.72976e-17 1
6081 7.12167e-16 2.72976e-17 1
6082.5 7.18444e-16 2.72976e-17 1
6084 7.04746e-16 2.72976e-17 1
6085.5 6.61671e-16 2.72976e-17 1
6087 6.53085e-16 2.72976e-17 1
6088.5 6.51986e-16 2.72976e-17 1
6090 6.38273e-16 2.72976e-17 1
6091.5 6.71624e-16 2.72976e-17 1
6093 6.84628e-16 2.72976e-17 1
6094.5 6.34648e-16 2.72976e-17 1
6096 6.16261e-16 2.72976e-17 1
6097.5 6.49059e-16 2.72976e-17 1
6099 6.46394e-16 2.72976e-17 1
6100.5 6.57695e-16 2.72976e-17 1
6102 6.42561e-16 2.72976e-17 1
6103.5 6.41792e-16 2.72976e-17 1
6105 6.56471e-16 2.72976e-17 1
6106.5 6.07074e-16 2.72976e-17 1
6108 6.20323e-16 2.72976e-17 1
6109.5 5.92678e-16 2.72976e-17 1
6111 5.59532e-16 2.72976e-17 1
6112.5 5.94397e-16 2.72976e-17 1
6114 6.13372e-16 2.72976e-17 1
6115.5 6.02191e-16 2.72976e-17 1
6117 5.68969e-16 2.72976e-17 1
6118.5 5.96513e-16 2.72976e-17 1
6120 5.68159e-16 2.58896e-17 1
6121.5 5.67541e-16 2.58896e-17 1
6123 5.40897e-16 2.58896e-17 1
6124.5 5.39323e-16 2.58896e-17 1
6126 5.82734e-16 2.58896e-17 1
6127.5 5.9463e-16 2.58896e-17 1
6129 5.73051e-16 2.58896e-17 1
6130.5 5.53963e-16 2.58896e-17 1
6132 6.00883e-16 2.58896e-17 1
6133.5 6.05697e-16 2.58896e-17 1
6135 5.49377e-16 2.58896e-17 1
6136.5 5.62122e-16 2.58896e-17 1
6138 5.85781e-16 2.58896e-17 1
6139.5 5.75365e-16 2.58896e-17 1
6141 5.40896e-16 2.58896e-17 1
6142.5 5.22957e-16 2.58896e-17 1
6144 5.44506e-16 2.58896e-17 1
6145.5 5.0457e-16 2.58896e-17 1
6147 5.01286e-16 2.58896e-17 1
6148.5 5.38323e-16 2.58896e-17 1
6150 5.15732e-16 2.58896e-17 1
6151.5 5.31309e-16 2.58896e-17 1
6153 5.54148e-16 2.58896e-17 1
6154.5 5.10251e-16 2.58896e-17 1
6156 5.12459e-16 2.58896e-17 1
6157.5 5.1856e-16 2.58896e-17 1
6159 5.12608e-16 2.58896e-17 1
6160.5 5.21055e-16 2.58896e-17 1
6162 5.01749e-16 2.58896e-17 1
6163.5 4.8033e-16 2.58896e-17 1
6165 4.79338e-16 2.58896e-17 1
6166.5 4.84391e-16 2.58896e-17 1
6168 4.51584e-16 2.58896e-17 1
6169.5 4.3522e-16 2.58896e-17 1
6171 4.15169e-16 2.58896e-17 1
6172.5 4.45347e-16 2.58896e-17 1
6174 4.50382e-16 2.58896e-17 1
6175.5 4.37197e-16 2.58896e-17 1
6177 4.42025e-16 2.58896e-17 1
6178.5 4.02755e-16 2.58896e-17 1
6180 3.73553e-16 2.58896e-17 1
6181.5 3.68551e-16 2.58896e-17 1
6183 3.79168e-16 2.58896e-17 1
6184.5 4.2031e-16 2.58896e-17 1
6186 3.54878e-16 2.58896e-17 1
6187.5 3.30421e-16 2.58896e-17 1
6189 3.44578e-16 2.58896e-17 1
6190.5 3.60496e-16 2.58896e-17 1
6192 3.30039e-16 2.58896e-17 1
6193.5 3.21069e-16 2.58896e-17 1
6195 3.28324e-16 2.58896e-17 1
6196.5 2.67758e-16 2.58896e-17 1
6198 2.65998e-16 2.58896e-17 1
6199.5 2.86469e-16 2.58896e-17 1
6201 3.1712e-16 2.58896e-17 1
6202.5 2.97043e-16 2.58896e-17 1
6204 2.76537e-16 2.58896e-17 1
6205.5 2.38577e-16 2.58896e-17 1
6207 2.50403e-16 2.58896e-17 1
6208.5 2.51717e-16 2.58896e-17 1
6210 2.29009e-16 2.58896e-17 1
6211.5 2.29189e-16 2.58896e-17 1
6213 2.64745e-16 2.58896e-17 1
6214.5 2.54422e-16 2.58896e-17 1
6216 2.55982e-16 2.58896e-17 1
6217.5 2.68936e-16 2.58896e-17 1
6219 2.69289e-16 2.58896e-17 1
6220.5 2.38403e-16 2.37966e-17 1
6222 2.43018e-16 2.37966e-17 1
6223.5 2.67229e-16 2.37966e-17 1
6225 2.40938e-16 2.37966e-17 1
6226.5 2.08243e-16 2.37966e-17 1
6228 1.98504e-16 2.37966e-17 1
6229.5 1.99102e-16 2.37966e-17 1
6231 2.11667e-16 2.37966e-17 1
6232.5 2.17311e-16 2.37966e-17 1
6234 1.86649e-16 2.37966e-17 1
6235.5 1.9364e-16 2.37966e-17 1
6237 2.27427e-16 2.37966e-17 1
6238.5 2.05341e-16 2.37966e-17 1
6240 1.88905e-16 2.37966e-17 1
6241.5 1.74105e-16 2.37966e-17 1
6243 1.59745e-16 2.37966e-17 1
6244.5 1.44385e-16 2.37966e-17 1
6246 1.83213e-16 2.37966e-17 1
6247.5 2.10584e-16 2.37966e-17 1
6249 2.26483e-16 2.37966e-17 1
6250.5 2.21274e-16 2.37966e-17 1
6252 2.11577e-16 2.37966e-17 1
6253.5 1.82332e-16 2.37966e-17 1
6255 1.8351e-16 2.37966e-17 1
6256.5 1.95263e-16 2.37966e-17 1
6258 1.84974e-16 2.37966e-17 1
6259.5 2.10985e-16 2.37966e-17 1
6261 2.02805e-16 2.37966e-17 1
6262.5 1.52974e-16 2.37966e-17 1
6264 1.98534e-16 2.37966e-17 1
6265.5 1.77028e-16 2.37966e-17 1
6267 1.88299e-16 2.37966e-17 1
6268.5 1.89953e-16 2.37966e-17 1
6270 1.96929e-16 2.37966e-17 1
6271.5 1.79798e-16 2.37966e-17 1
6273 2.09252e-16 2.37966e-17 1
6274.5 2.43164e-16 2.37966e-17 1
6276 2.5392e-16 2.37966e-17 1
6277.5 2.19907e-16 2.37966e-17 1
6279 2.24833e-16 2.37966e-17 1
6280.5 2.52757e-16 2.37966e-17 1
6282 2.17868e-16 2.37966e-17 1
6283.5 2.16639e-16 2.37966e-17 1
6285 2.55908e-16 2.37966e-17 1
6286.5 2.77307e-16 2.37966e-17 1
6288 2.47968e-16 2.37966e-17 1
6289.5 2.36027e-16 2.37966e-17 1
6291 3.0049e-16 2.37966e-17 1
6292.5 3.11301e-16 2.37966e-17 1
6294 2.6496e-16 2.37966e-17 1
6295.5 2.69332e-16 2.37966e-17 1
6297 3.03852e-16 2.37966e-17 1
6298.5 3.08818e-16 2.37966e-17 1
6300 3.07204e-16 2.37966e-17 1
6301.5 3.36872e-16 2.37966e-17 1
6303 3.18171e-16 2.37966e-17 1
6304.5 3.06332e-16 2.37966e-17 1
6306 2.95995e-16 2.37966e-17 1
6307.5 2.83745e-16 2.37966e-17 1
6309 2.93155e-16 2.37966e-17 1
6310.5 3.32969e-16 2.37966e-17 1
6312 3.14545e-16 2.37966e-17 1
6313.5 2.94173e-16 2.37966e-17 1
6315 3.48641e-16 2.37966e-17 1
6316.5 3.49707e-16 2.37966e-17 1
6318 3.50242e-16 2.37966e-17 1
6319.5 3.42545e-16 2.37966e-17 1
6321 3.36595e-16 2.27735e-17 1
6322.5 3.4043e-16 2.27735e-17 1
6324 3.35685e-16 2.27735e-17 1
6325.5 3.31394e-16 2.27735e-17 1
6327 3.61502e-16 2.27735e-17 1
6328.5 3.7066e-16 2.27735e-17 1
6330 3.39169e-16 2.27735e-17 1
6331.5 3.66977e-16 2.27735e-17 1
6333 3.55045e-16 2.27735e-17 1
6334.5 3.27721e-16 2.27735e-17 1
6336 3.96125e-16 2.27735e-17 1
6337.5 4.01531e-16 2.27735e-17 1
6339 3.41933e-16 2.27735e-17 1
6340.5 3.56195e-16 2.27735e-17 1
6342 4.05547e-16 2.27735e-17 1
6343.5 3.9311e-16 2.27735e-17 1
6345 3.922e-16 2.27735e-17 1
6346.5 3.84304e-16 2.27735e-17 1
6348 3.84511e-16 2.27735e-17 1
6349.5 3.95163e-16 2.27735e-17 1
6351 3.93472e-16 2.27735e-17 1
6352.5 4.10109e-16 2.27735e-17 1
6354 4.26104e-16 2.27735e-17 1
6355.5 4.52417e-16 2.27735e-17 1
6357 4.5337e-16 2.27735e-17 1
6358.5 4.30826e-16 2.27735e-17 1
6360 3.96309e-16 2.27735e-17 1
6361.5 4.05464e-16 2.27735e-17 1
6363 4.37089e-16 2.27735e-17 1
6364.5 4.69838e-16 2.27735e-17 1
6366 4.65328e-16 2.27735e-17 1
6367.5 4.38978e-16 2.27735e-17 1
6369 4.51559e-16 2.27735e-17 1
6370.5 4.55008e-16 2.27735e-17 1
6372 4.40519e-16 2.27735e-17 1
6373.5 4.38378e-16 2.27735e-17 1
6375 4.67949e-16 2.27735e-17 1
6376.5 4.90127e-16 2.27735e-17 1
6378 4.93534e-16 2.27735e-17 1
6379.5 4.70731e-16 2.27735e-17 1
6381 4.36081e-16 2.27735e-17 1
6382.5 4.23809e-16 2.27735e-17 1
6384 4.50764e-16 2.27735e-17 1
6385.5 4.59868e-16 2.27735e-17 1
6387 4.79838e-16 2.27735e-17 1
6388.5 5.02436e-16 2.27735e-17 1
6390 4.7715e-16 2.27735e-17 1
6391.5 4.51976e-16 2.27735e-17 1
6393 4.8887e-16 2.27735e-17 1
6394.5 5.05798e-16 2.27735e-17 1
6396 5.01129e-16 2.27735e-17 1
6397.5 4.90726e-16 2.27735e-17 1
6399 4.75409e-16 2.27735e-17 1
6400.5 4.2054e-16 2.27735e-17 1
6402 4.18171e-16 2.27735e-17 1
6403.5 4.66373e-16 2.27735e-17 1
6405 4.96675e-16 2.27735e-17 1
6406.5 4.6204e-16 2.27735e-17 1
6408 4.47282e-16 2.27735e-17 1
6409.5 4.42238e-16 2.27735e-17 1
6411 4.92831e-16 2.27735e-17 1
6412.5 4.97466e-16 2.27735e-17 1
6414 4.98809e-16 2.27735e-17 1
6415.5 4.79237e-16 2.27735e-17 1
6417 4.85902e-16 2.27735e-17 1
6418.5 4.90842e-16 2.27735e-17 1
6420 4.52969e-16 1.6292e-17 1
6421.5 4.61363e-16 1.6292e-17 1
6423 4.48817e-16 1.6292e-17 1
6424.5 4.77384e-16 1.6292e-17 1
6426 4.74536e-16 1.6292e-17 1
6427.5 4.73405e-16 1.6292e-17 1
6429 4.94953e-16 1.6292e-17 1
6430.5 4.83239e-16 1.6292e-17 1
6432 4.49131e-16 1.6292e-17 1
6433.5 4.63426e-16 1.6292e-17 1
6435 4.66758e-16 1.6292e-17 1
6436.5 4.62276e-16 1.6292e-17 1
6438 4.67436e-16 1.6292e-17 1
6439.5 4.99037e-16 1.6292e-17 1
6441 4.68213e-16 1.6292e-17 1
6442.5 4.58665e-16 1.6292e-17 1
6444 4.70259e-16 1.6292e-17 1
6445.5 4.68782e-16 1.6292e-17 1
6447 4.9691e-16 1.6292e-17 1
6448.5 5.06813e-16 1.6292e-17 1
6450 4.78646e-16 1.6292e-17 1
6451.5 4.97765e-16 1.6292e-17 1
6453 4.95004e-16 1.6292e-17 1
6454.5 4.78966e-16 1.6292e-17 1
6456 4.68787e-16 1.6292e-17 1
6457.5 4.71058e-16 1.6292e-17 1
6459 4.88412e-16 1.6292e-17 1
6460.5 4.96824e-16 1.6292e-17 1
6462 4.69572e-16 1.6292e-17 1
6463.5 4.76723e-16 1.6292e-17 1
6465 4.80355e-16 1.6292e-17 1
6466.5 4.5718e-16 1.6292e-17 1
6468 4.77567e-16 1.6292e-17 1
6469.5 4.53392e-16 1.6292e-17 1
6471 4.52418e-16 1.6292e-17 1
6472.5 4.71348e-16 1.6292e-17 1
6474 4.47459e-16 1.6292e-17 1
6475.5 4.30449e-16 1.6292e-17 1
6477 4.52207e-16 1.6292e-17 1
6478.5 4.91052e-16 1.6292e-17 1
6480 4.82629e-16 1.6292e-17 1
6481.5 4.76798e-16 1.6292e-17 1
6483 4.9299e-16 1.6292e-17 1
6484.5 4.67349e-16 1.6292e-17 1
6486 4.86103e-16 1.6292e-17 1
6487.5 4.76819e-16 1.6292e-17 1
6489 4.62384e-16 1.6292e-17 1
6490.5 4.44351e-16 1.6292e-17 1
6492 4.66746e-16 1.6292e-17 1
6493.5 4.51583e-16 1.6292e-17 1
6495 4.46779e-16 1.6292e-17 1
6496.5 4.72702e-16 1.6292e-17 1
6498 4.89282e-16 1.6292e-17 1
6499.5 4.74586e-16 1.6292e-17 1
6501 4.78562e-16 1.6292e-17 1
6502.5 4.64075e-16 1.6292e-17 1
6504 4.58336e-16 1.6292e-17 1
6505.5 4.52208e-16 1.6292e-17 1
6507 4.70051e-16 1.6292e-17 1
6508.5 4.63138e-16 1.6292e-17 1
6510 4.33106e-16 1.6292e-17 1
6511.5 4.32083e-16 1.6292e-17 1
6513 4.54754e-16 1.6292e-17 1
6514.5 4.81126e-16 1.6292e-17 1
6516 4.66273e-16 1.6292e-17 1
6517.5 4.29905e-16 1.6292e-17 1
6519 4.46467e-16 1.6292e-17 1
6520.5 4.62652e-16 2.58787e-17 1
6522 4.57591e-16 2.58787e-17 1
6523.5 4.53423e-16 2.58787e-17 1
6525 4.78343e-16 2.58787e-17 1
6526.5 5.08204e-16 2.58787e-17 1
6528 4.72322e-16 2.58787e-17 1
6529.5 4.48532e-16 2.58787e-17 1
6531 4.0714e-16 2.58787e-17 1
6532.5 4.01949e-16 2.58787e-17 1
6534 4.65921e-16 2.58787e-17 1
6535.5 4.80434e-16 2.58787e-17 1
6537 4.42176e-16 2.58787e-17 1
6538.5 4.41022e-16 2.58787e-17 1
6540 4.49359e-16 2.58787e-17 1
6541.5 4.40792e-16 2.58787e-17 1
6543 4.07329e-16 2.58787e-17 1
6544.5 4.23994e-16 2.58787e-17 1
6546 4.57935e-16 2.58787e-17 1
6547.5 4.20906e-16 2.58787e-17 1
6549 4.41334e-16 2.58787e-17 1
6550.5 4.68585e-16 2.58787e-17 1
6552 4.85778e-16 2.58787e-17 1
6553.5 5.24705e-16 2.58787e-17 1
6555 4.88156e-16 2.58787e-17 1
6556.5 4.54695e-16 2.58787e-17 1
6558 4.28511e-16 2.58787e-17 1
6559.5 4.27492e-16 2.58787e-17 1
6561 4.83353e-16 2.58787e-17 1
6562.5 4.90916e-16 2.58787e-17 1
6564 4.63343e-16 2.58787e-17 1
6565.5 4.30725e-16 2.58787e-17 1
6567 4.40245e-16 2.58787e-17 1
6568.5 4.76468e-16 2.58787e-17 1
6570 4.94313e-16 2.58787e-17 1
6571.5 4.72433e-16 2.58787e-17 1
6573 4.5844e-16 2.58787e-17 1
6574.5 4.60348e-16 2.58787e-17 1
6576 4.3319e-16 2.58787e-17 1
6577.5 4.51967e-16 2.58787e-17 1
6579 4.61203e-16 2.58787e-17 1
6580.5 4.51388e-16 2.58787e-17 1
6582 4.6816e-16 2.58787e-17 1
6583.5 4.59006e-16 2.58787e-17 1
6585 4.38689e-16 2.58787e-17 1
6586.5 4.63338e-16 2.58787e-17 1
6588 5.00495e-16 2.58787e-17 1
6589.5 4.8398e-16 2.58787e-17 1
6591 4.76499e-16 2.58787e-17 1
6592.5 4.63005e-16 2.58787e-17 1
6594 4.33004e-16 2.58787e-17 1
6595.5 4.47655e-16 2.58787e-17 1
6597 4.64708e-16 2.58787e-17 1
6598.5 4.63634e-16 2.58787e-17 1
6600 4.55806e-16 2.58787e-17 1
6601.5 4.12508e-16 2.58787e-17 1
6603 4.24466e-16 2.58787e-17 1
6604.5 4.46967e-16 2.58787e-17 1
6606 4.63201e-16 2.58787e-17 1
6607.5 4.46196e-16 2.58787e-17 1
6609 4.39163e-16 2.58787e-17 1
6610.5 4.2537e-16 2.58787e-17 1
6612 4.48916e-16 2.58787e-17 1
6613.5 4.56735e-16 2.58787e-17 1
6615 4.40883e-16 2.58787e-17 1
6616.5 4.22523e-16 2.58787e-17 1
6618 4.25001e-16 2.58787e-17 1
6619.5 4.99911e-16 2.58787e-17 1
6621 4.98642e-16 1.8111e-17 1
6622.5 4.78919e-16 1.8111e-17 1
6624 4.94861e-16 1.8111e-17 1
6625.5 4.88456e-16 1.8111e-17 1
6627 4.56593e-16 1.8111e-17 1
6628.5 4.6655e-16 1.8111e-17 1
6630 4.39411e-16 1.8111e-17 1
6631.5 4.9148e-16 1.8111e-17 1
6633 5.00576e-16 1.8111e-17 1
6634.5 4.69714e-16 1.8111e-17 1
6636 4.50502e-16 1.8111e-17 1
6637.5 4.88045e-16 1.8111e-17 1
6639 4.55727e-16 1.8111e-17 1
6640.5 4.43742e-16 1.8111e-17 1
6642 4.47853e-16 1.8111e-17 1
6643.5 4.50867e-16 1.8111e-17 1
6645 4.74672e-16 1.8111e-17 1
6646.5 4.59941e-16 1.8111e-17 1
6648 4.56e-16 1.8111e-17 1
6649.5 4.6297e-16 1.8111e-17 1
6651 4.67374e-16 1.8111e-17 1
6652.5 4.84937e-16 1.8111e-17 1
6654 4.67952e-16 1.8111e-17 1
6655.5 4.681e-16 1.8111e-17 1
6657 4.53555e-16 1.8111e-17 1
6658.5 4.35814e-16 1.8111e-17 1
6660 4.52479e-16 1.8111e-17 1
6661.5 4.43614e-16 1.8111e-17 1
6663 4.2255e-16 1.8111e-17 1
6664.5 4.28072e-16 1.8111e-17 1
6666 4.3591e-16 1.8111e-17 1
6667.5 4.41655e-16 1.8111e-17 1
6669 4.3491e-16 1.8111e-17 1
6670.5 4.32166e-16 1.8111e-17 1
6672 3.97444e-16 1.8111e-17 1
6673.5 3.97471e-16 1.8111e-17 1
6675 4.29602e-16 1.8111e-17 1
6676.5 4.32891e-16 1.8111e-17 1
6678 4.30494e-16 1.8111e-17 1
6679.5 4.14957e-16 1.8111e-17 1
6681 4.21531e-16 1.8111e-17 1
6682.5 4.0939e-16 1.8111e-17 1
6684 4.06747e-16 1.8111e-17 1
6685.5 4.31423e-16 1.8111e-17 1
6687 4.34834e-16 1.8111e-17 1
6688.5 4.23542e-16 1.8111e-17 1
6690 4.34914e-16 1.8111e-17 1
6691.5 3.81332e-16 1.8111e-17 1
6693 3.91472e-16 1.8111e-17 1
6694.5 3.92059e-16 1.8111e-17 1
6696 3.9644e-16 1.8111e-17 1
6697.5 4.14219e-16 1.8111e-17 1
6699 3.93018e-16 1.8111e-17 1
6700.5 3.93456e-16 1.8111e-17 1
6702 3.83066e-16 1.8111e-17 1
6703.5 3.83266e-16 1.8111e-17 1
6705 4.14141e-16 1.8111e-17 1
6706.5 4.20398e-16 1.8111e-17 1
6708 4.34202e-16 1.8111e-17 1
6709.5 4.13122e-16 1.8111e-17 1
6711 3.65445e-16 1.8111e-17 1
6712.5 3.95293e-16 1.8111e-17 1
6714 4.24043e-16 1.8111e-17 1
6715.5 3.93763e-16 1.8111e-17 1
6717 3.65919e-16 1.8111e-17 1
6718.5 3.82521e-16 1.8111e-17 1
6720 4.09921e-16 1.96063e-17 1
6721.5 3.73784e-16 1.96063e-17 1
6723 3.89774e-16 1.96063e-17 1
6724.5 3.8894e-16 1.96063e-17 1
6726 3.64597e-16 1.96063e-17 1
6727.5 3.77069e-16 1.96063e-17 1
6729 3.6946e-16 1.96063e-17 1
6730.5 3.84338e-16 1.96063e-17 1
6732 4.22924e-16 1.96063e-17 1
6733.5 4.17621e-16 1.96063e-17 1
6735 3.81538e-16 1.96063e-17 1
6736.5 3.47794e-16 1.96063e-17 1
6738 3.22576e-16 1.96063e-17 1
6739.5 3.31325e-16 1.96063e-17 1
6741 3.56597e-16 1.96063e-17 1
6742.5 3.51979e-16 1.96063e-17 1
6744 3.19375e-16 1.96063e-17 1
6745.5 3.28862e-16 1.96063e-17 1
6747 3.58632e-16 1.96063e-17 1
6748.5 3.48864e-16 1.96063e-17 1
6750 3.3643e-16 1.96063e-17 1
6751.5 3.53705e-16 1.96063e-17 1
6753 3.45847e-16 1.96063e-17 1
6754.5 3.3437e-16 1.96063e-17 1
6756 3.33226e-16 1.96063e-17 1
6757.5 3.57945e-16 1.96063e-17 1
6759 3.56748e-16 1.96063e-17 1
6760.5 3.12295e-16 1.96063e-17 1
6762 2.72033e-16 1.96063e-17 1
6763.5 2.81215e-16 1.96063e-17 1
6765 3.11524e-16 1.96063e-17 1
6766.5 3.30367e-16 1.96063e-17 1
6768 3.24868e-16 1.96063e-17 1
6769.5 3.22886e-16 1.96063e-17 1
6771 3.22134e-16 1.96063e-17 1
6772.5 3.28859e-16 1.96063e-17 1
6774 3.10889e-16 1.96063e-17 1
6775.5 3.143e-16 1.96063e-17 1
6777 3.29649e-16 1.96063e-17 1
6778.5 3.24911e-16 1.96063e-17 1
6780 3.34319e-16 1.96063e-17 1
6781.5 3.07092e-16 1.96063e-17 1
6783 2.9959e-16 1.96063e-17 1
6784.5 3.13827e-16 1.96063e-17 1
6786 3.04518e-16 1.96063e-17 1
6787.5 2.94526e-16 1.96063e-17 1
6789 2.88489e-16 1.96063e-17 1
6790.5 2.94485e-16 1.96063e-17 1
6792 2.81111e-16 1.96063e-17 1
6793.5 2.66464e-16 1.96063e-17 1
6795 2.57188e-16 1.96063e-17 1
6796.5 2.64145e-16 1.96063e-17 1
6798 2.87982e-16 1.96063e-17 1
6799.5 3.01316e-16 1.96063e-17 1
6801 2.97557e-16 1.96063e-17 1
6802.5 2.62146e-16 1.96063e-17 1
6804 2.84594e-16 1.96063e-17 1
6805.5 3.0521e-16 1.96063e-17 1
6807 2.78106e-16 1.96063e-17 1
6808.5 2.79853e-16 1.96063e-17 1
6810 2.67008e-16 1.96063e-17 1
6811.5 2.64473e-16 1.96063e-17 1
6813 2.69977e-16 1.96063e-17 1
6814.5 2.76103e-16 1.96063e-17 1
6816 2.63937e-16 1.96063e-17 1
6817.5 2.46245e-16 1.96063e-17 1
6819 2.59756e-16 1.96063e-17 1
6820.5 2.59651e-16 1.94557e-17 1
6822 2.29859e-16 1.94557e-17 1
6823.5 2.26141e-16 1.94557e-17 1
6825 2.45799e-16 1.94557e-17 1
6826.5 2.7378e-16 1.94557e-17 1
6828 2.38305e-16 1.94557e-17 1
6829.5 2.13269e-16 1.94557e-17 1
6831 2.34685e-16 1.94557e-17 1
6832.5 2.3184e-16 1.94557e-17 1
6834 2.31873e-16 1.94557e-17 1
6835.5 2.44531e-16 1.94557e-17 1
6837 2.40048e-16 1.94557e-17 1
6838.5 2.26558e-16 1.94557e-17 1
6840 2.1627e-16 1.94557e-17 1
6841.5 2.50609e-16 1.94557e-17 1
6843 2.30752e-16 1.94557e-17 1
6844.5 2.41785e-16 1.94557e-17 1
6846 2.5221e-16 1.94557e-17 1
6847.5 2.11142e-16 1.94557e-17 1
6849 2.02576e-16 1.94557e-17 1
6850.5 2.21397e-16 1.94557e-17 1
6852 2.24267e-16 1.94557e-17 1
6853.5 2.18137e-16 1.94557e-17 1
6855 2.23994e-16 1.94557e-17 1
6856.5 2.11432e-16 1.94557e-17 1
6858 2.18127e-16 1.94557e-17 1
6859.5 2.31694e-16 1.94557e-17 1
6861 2.3011e-16 1.94557e-17 1
6862.5 2.1424e-16 1.94557e-17 1
6864 2.0352e-16 1.94557e-17 1
6865.5 1.91042e-16 1.94557e-17 1
6867 2.2818e-16 1.94557e-17 1
6868.5 2.55235e-16 1.94557e-17 1
6870 2.15131e-16 1.94557e-17 1
6871.5 1.94732e-16 1.94557e-17 1
6873 2.35115e-16 1.94557e-17 1
6874.5 2.13456e-16 1.94557e-17 1
6876 1.72001e-16 1.94557e-17 1
6877.5 1.84239e-16 1.94557e-17 1
6879 2.00429e-16 1.94557e-17 1
6880.5 2.45871e-16 1.94557e-17 1
6882 2.51902e-16 1.94557e-17 1
6883.5 2.12343e-16 1.94557e-17 1
6885 2.15559e-16 1.94557e-17 1
6886.5 2.12722e-16 1.94557e-17 1
6888 2.12838e-16 1.94557e-17 1
6889.5 2.28968e-16 1.94557e-17 1
6891 1.94449e-16 1.94557e-17 1
6892.5 2.23538e-16 1.94557e-17 1
6894 2.03363e-16 1.94557e-17 1
6895.5 1.84698e-16 1.94557e-17 1
6897 1.96437e-16 1.94557e-17 1
6898.5 2.2032e-16 1.94557e-17 1
6900 1.79792e-16 1.94557e-17 1
6901.5 1.6194e-16 1.94557e-17 1
6903 1.46764e-16 1.94557e-17 1
6904.5 1.75029e-16 1.94557e-17 1
6906 1.55652e-16 1.94557e-17 1
6907.5 1.82787e-16 1.94557e-17 1
6909 1.94292e-16 1.94557e-17 1
6910.5 1.96689e-16 1.94557e-17 1
6912 2.15866e-16 1.94557e-17 1
6913.5 2.12988e-16 1.94557e-17 1
6915 1.74789e-16 1.94557e-17 1
6916.5 1.84259e-16 1.94557e-17 1
6918 1.83942e-16 1.94557e-17 1
6919.5 2.0052e-16 1.94557e-17 1
6921 1.9105e-16 1.7453e-17 1
6922.5 1.76261e-16 1.7453e-17 1
6924 1.90554e-16 1.7453e-17 1
6925.5 1.97071e-16 1.7453e-17 1
6927 1.99075e-16 1.7453e-17 1
6928.5 1.95005e-16 1.7453e-17 1
6930 1.88547e-16 1.7453e-17 1
6931.5 2.17859e-16 1.7453e-17 1
6933 1.91749e-16 1.7453e-17 1
6934.5 1.57949e-16 1.7453e-17 1
6936 1.74229e-16 1.7453e-17 1
6937.5 1.75448e-16 1.7453e-17 1
6939 1.54299e-16 1.7453e-17 1
6940.5 1.61059e-16 1.7453e-17 1
6942 1.96043e-16 1.7453e-17 1
6943.5 2.02804e-16 1.7453e-17 1
6945 1.83447e-16 1.7453e-17 1
6946.5 1.88888e-16 1.7453e-17 1
6948 2.28521e-16 1.7453e-17 1
6949.5 2.22735e-16 1.7453e-17 1
6951 1.84496e-16 1.7453e-17 1
6952.5 1.87868e-16 1.7453e-17 1
6954 2.04802e-16 1.7453e-17 1
6955.5 1.96073e-16 1.7453e-17 1
6957 1.96968e-16 1.7453e-17 1
6958.5 1.93477e-16 1.7453e-17 1
6960 1.86265e-16 1.7453e-17 1
6961.5 1.77745e-16 1.7453e-17 1
6963 1.85171e-16 1.7453e-17 1
6964.5 1.8342e-16 1.7453e-17 1
6966 1.73893e-16 1.7453e-17 1
6967.5 1.95602e-16 1.7453e-17 1
6969 1.87128e-16 1.7453e-17 1
6970.5 1.57919e-16 1.7453e-17 1
6972 1.80985e-16 1.7453e-17 1
6973.5 1.69361e-16 1.7453e-17 1
6975 1.70938e-16 1.7453e-17 1
6976.5 1.67303e-16 1.7453e-17 1
6978 1.75551e-16 1.7453e-17 1
6979.5 1.69522e-16 1.7453e-17 1
6981 1.65183e-16 1.7453e-17 1
6982.5 1.72561e-16 1.7453e-17 1
6984 1.60738e-16 1.7453e-17 1
6985.5 1.56477e-16 1.7453e-17 1
6987 1.93993e-16 1.7453e-17 1
6988.5 1.84045e-16 1.7453e-17 1
6990 1.57133e-16 1.7453e-17 1
6991.5 1.65933e-16 1.7453e-17 1
6993 1.90987e-16 1.7453e-17 1
6994.5 2.00014e-16 1.7453e-17 1
6996 1.80929e-16 1.7453e-17 1
6997.5 1.42776e-16 1.7453e-17 1
6999 1.46033e-16 1.7453e-17 1
7000.5 1.58811e-16 1.7453e-17 1
7002 1.94568e-16 1.7453e-17 1
7003.5 1.94512e-16 1.7453e-17 1
7005 1.94554e-16 1.7453e-17 1
7006.5 1.59356e-16 1.7453e-17 1
7008 1.39032e-16 1.7453e-17 1
7009.5 1.8048e-16 1.7453e-17 1
7011 1.99319e-16 1.7453e-17 1
7012.5 1.86786e-16 1.7453e-17 1
7014 1.64558e-16 1.7453e-17 1
7015.5 1.64045e-16 1.7453e-17 1
7017 1.45038e-16 1.7453e-17 1
7018.5 1.31553e-16 1.7453e-17 1
7020 1.43649e-16 1.47512e-17 1
7021.5 1.66554e-16 1.47512e-17 1
7023 1.90852e-16 1.47512e-17 1
7024.5 1.87648e-16 1.47512e-17 1
7026 1.83918e-16 1.47512e-17 1
7027.5 1.69677e-16 1.47512e-17 1
7029 1.34811e-16 1.47512e-17 1
7030.5 1.4826e-16 1.47512e-17 1
7032 1.71912e-16 1.47512e-17 1
7033.5 1.67416e-16 1.47512e-17 1
7035 1.75291e-16 1.47512e-17 1
7036.5 1.72641e-16 1.47512e-17 1
7038 1.76218e-16 1.47512e-17 1
7039.5 1.59684e-16 1.47512e-17 1
7041 1.51061e-16 1.47512e-17 1
7042.5 1.65835e-16 1.47512e-17 1
7044 1.39941e-16 1.47512e-17 1
7045.5 1.50264e-16 1.47512e-17 1
7047 1.63605e-16 1.47512e-17 1
7048.5 1.65495e-16 1.47512e-17 1
7050 1.7045e-16 1.47512e-17 1
7051.5 1.525e-16 1.47512e-17 1
7053 1.90551e-16 1.47512e-17 1
7054.5 1.66539e-16 1.47512e-17 1
7056 1.13864e-16 1.47512e-17 1
7057.5 1.26742e-16 1.47512e-17 1
7059 1.7389e-16 1.47512e-17 1
7060.5 1.62565e-16 1.47512e-17 1
7062 1.31891e-16 1.47512e-17 1
7063.5 1.62189e-16 1.47512e-17 1
7065 1.83683e-16 1.47512e-17 1
7066.5 1.55729e-16 1.47512e-17 1
7068 1.67029e-16 1.47512e-17 1
7069.5 1.85752e-16 1.47512e-17 1
7071 1.6475e-16 1.47512e-17 1
7072.5 1.67e-16 1.47512e-17 1
7074 1.62265e-16 1.47512e-17 1
7075.5 1.49966e-16 1.47512e-17 1
7077 1.71145e-16 1.47512e-17 1
7078.5 1.72453e-16 1.47512e-17 1
7080 1.52887e-16 1.47512e-17 1
7081.5 1.72395e-16 1.47512e-17 1
7083 1.67717e-16 1.47512e-17 1
7084.5 1.54438e-16 1.47512e-17 1
7086 1.53139e-16 1.47512e-17 1
7087.5 1.74206e-16 1.47512e-17 1
7089 1.815e-16 1.47512e-17 1
7090.5 1.48863e-16 1.47512e-17 1
7092 1.49237e-16 1.47512e-17 1
7093.5 1.54367e-16 1.47512e-17 1
7095 1.6007e-16 1.47512e-17 1
7096.5 1.52018e-16 1.47512e-17 1
7098 1.44627e-16 1.47512e-17 1
7099.5 1.63534e-16 1.47512e-17 1
7101 1.73653e-16 1.47512e-17 1
7102.5 1.60297e-16 1.47512e-17 1
7104 1.46052e-16 1.47512e-17 1
7105.5 1.43465e-16 1.47512e-17 1
7107 1.65748e-16 1.47512e-17 1
7108.5 1.74555e-16 1.47512e-17 1
7110 1.43899e-16 1.47512e-17 1
7111.5 1.49104e-16 1.47512e-17 1
7113 1.45126e-16 1.47512e-17 1
7114.5 1.46032e-16 1.47512e-17 1
7116 1.57695e-16 1.47512e-17 1
7117.5 1.58318e-16 1.47512e-17 1
7119 1.61254e-16 1.47512e-17 1
7120.5 1.56077e-16 1.35229e-17 1
7122 1.72289e-16 1.35229e-17 1
7123.5 1.3912e-16 1.35229e-17 1
7125 1.62238e-16 1.35229e-17 1
7126.5 1.79229e-16 1.35229e-17 1
7128 1.59763e-16 1.35229e-17 1
7129.5 1.69391e-16 1.35229e-17 1
7131 1.75923e-16 1.35229e-17 1
7132.5 1.27544e-16 1.35229e-17 1
7134 1.33255e-16 1.35229e-17 1
7135.5 1.40958e-16 1.35229e-17 1
7137 1.51215e-16 1.35229e-17 1
7138.5 1.41505e-16 1.35229e-17 1
7140 1.42664e-16 1.35229e-17 1
7141.5 1.54467e-16 1.35229e-17 1
7143 1.28306e-16 1.35229e-17 1
7144.5 1.39725e-16 1.35229e-17 1
7146 1.41877e-16 1.35229e-17 1
7147.5 1.49287e-16 1.35229e-17 1
7149 1.32915e-16 1.35229e-17 1
7150.5 1.26202e-16 1.35229e-17 1
7152 1.55241e-16 1.35229e-17 1
7153.5 1.52199e-16 1.35229e-17 1
7155 1.36176e-16 1.35229e-17 1
7156.5 1.52163e-16 1.35229e-17 1
7158 1.44334e-16 1.35229e-17 1
7159.5 1.22557e-16 1.35229e-17 1
7161 1.49402e-16 1.35229e-17 1
7162.5 1.50785e-16 1.35229e-17 1
7164 1.34875e-16 1.35229e-17 1
7165.5 1.53967e-16 1.35229e-17 1
7167 1.56695e-16 1.35229e-17 1
7168.5 1.21229e-16 1.35229e-17 1
7170 1.04713e-16 1.35229e-17 1
7171.5 1.40861e-16 1.35229e-17 1
7173 1.65496e-16 1.35229e-17 1
7174.5 1.55342e-16 1.35229e-17 1
7176 1.55714e-16 1.35229e-17 1
7177.5 1.63083e-16 1.35229e-17 1
7179 1.47386e-16 1.35229e-17 1
7180.5 1.2829e-16 1.35229e-17 1
7182 1.28043e-16 1.35229e-17 1
7183.5 1.33287e-16 1.35229e-17 1
7185 1.46668e-16 1.35229e-17 1
7186.5 1.28221e-16 1.35229e-17 1
7188 1.36656e-16 1.35229e-17 1
7189.5 1.60531e-16 1.35229e-17 1
7191 1.57704e-16 1.35229e-17 1
7192.5 1.54877e-16 1.35229e-17 1
7194 1.52049e-16 1.35229e-17 1
7195.5 1.52049e-16 1.35229e-17 1
7197 1.32428e-16 1.35229e-17 1
7198.5 1.426e-16 1.35229e-17 1
7200 1.32016e-16 1.35229e-17 1
7201.5 1.23172e-16 1.35229e-17 1
7203 1.48314e-16 1.35229e-17 1
7204.5 1.42233e-16 1.35229e-17 1
7206 1.28738e-16 1.35229e-17 1
7207.5 1.21133e-16 1.35229e-17 1
7209 1.35945e-16 1.35229e-17 1
7210.5 1.30981e-16 1.35229e-17 1
7212 1.44481e-16 1.35229e-17 1
7213.5 1.45074e-16 1.35229e-17 1
7215 1.34353e-16 1.35229e-17 1
7216.5 1.54269e-16 1.35229e-17 1
7218 1.44763e-16 1.35229e-17 1
7219.5 1.2648e-16 1.35229e-17 1
7221 1.39401e-16 1.80027e-17 1
7222.5 1.31184e-16 1.80027e-17 1
7224 1.25728e-16 1.80027e-17 1
7225.5 1.33346e-16 1.80027e-17 1
7227 1.39828e-16 1.80027e-17 1
7228.5 1.48599e-16 1.80027e-17 1
7230 1.31831e-16 1.80027e-17 1
7231.5 1.20512e-16 1.80027e-17 1
7233 1.22362e-16 1.80027e-17 1
7234.5 1.44655e-16 1.80027e-17 1
7236 1.36071e-16 1.80027e-17 1
7237.5 1.33823e-16 1.80027e-17 1
7239 1.56669e-16 1.80027e-17 1
7240.5 1.54905e-16 1.80027e-17 1
7242 1.58215e-16 1.80027e-17 1
7243.5 1.9223e-16 1.80027e-17 1
7245 1.19557e-16 1.80027e-17 1
7246.5 1.30773e-16 1.80027e-17 1
7248 1.74972e-16 1.80027e-17 1
7249.5 1.5488e-16 1.80027e-17 1
7251 1.73911e-16 1.80027e-17 1
7252.5 1.71515e-16 1.80027e-17 1
7254 1.34277e-16 1.80027e-17 1
7255.5 1.63287e-16 1.80027e-17 1
7257 1.58882e-16 1.80027e-17 1
7258.5 1.49234e-16 1.80027e-17 1
7260 1.50861e-16 1.80027e-17 1
7261.5 1.44246e-16 1.80027e-17 1
7263 1.10155e-16 1.80027e-17 1
7264.5 1.37684e-16 1.80027e-17 1
7266 1.39594e-16 1.80027e-17 1
7267.5 1.40579e-16 1.80027e-17 1
7269 1.23574e-16 1.80027e-17 1
7270.5 1.3525e-16 1.80027e-17 1
7272 1.31635e-16 1.80027e-17 1
7273.5 1.58825e-16 1.80027e-17 1
7275 1.43141e-16 1.80027e-17 1
7276.5 1.07282e-16 1.80027e-17 1
7278 1.28732e-16 1.80027e-17 1
7279.5 1.67855e-16 1.80027e-17 1
7281 1.1012e-16 1.80027e-17 1
7282.5 8.19305e-17 1.80027e-17 1
7284 1.1617e-16 1.80027e-17 1
7285.5 1.65423e-16 1.80027e-17 1
7287 1.58444e-16 1.80027e-17 1
7288.5 1.25749e-16 1.80027e-17 1
7290 1.21634e-16 1.80027e-17 1
7291.5 1.29879e-16 1.80027e-17 1
7293 1.61908e-16 1.80027e-17 1
7294.5 1.58764e-16 1.80027e-17 1
7296 1.43864e-16 1.80027e-17 1
7297.5 1.45418e-16 1.80027e-17 1
7299 1.43842e-16 1.80027e-17 1
7300.5 1.262e-16 1.80027e-17 1
7302 1.3594e-16 1.80027e-17 1
7303.5 1.40566e-16 1.80027e-17 1
7305 1.22379e-16 1.80027e-17 1
7306.5 1.31199e-16 1.80027e-17 1
7308 1.20492e-16 1.80027e-17 1
7309.5 1.32836e-16 1.80027e-17 1
7311 1.43836e-16 1.80027e-17 1
7312.5 1.29731e-16 1.80027e-17 1
7314 1.4187e-16 1.80027e-17 1
7315.5 1.25885e-16 1.80027e-17 1
7317 1.172e-16 1.80027e-17 1
7318.5 1.21945e-16 1.80027e-17 1
7320 1.12539e-16 1.87064e-17 1
7321.5 1.27385e-16 1.87064e-17 1
7323 1.42845e-16 1.87064e-17 1
7324.5 1.46551e-16 1.87064e-17 1
7326 1.20639e-16 1.87064e-17 1
7327.5 1.03182e-16 1.87064e-17 1
7329 1.43805e-16 1.87064e-17 1
7330.5 1.60235e-16 1.87064e-17 1
7332 1.47987e-16 1.87064e-17 1
7333.5 1.39026e-16 1.87064e-17 1
7335 1.46092e-16 1.87064e-17 1
7336.5 1.37604e-16 1.87064e-17 1
7338 1.2945e-16 1.87064e-17 1
7339.5 1.61606e-16 1.87064e-17 1
7341 1.35388e-16 1.87064e-17 1
7342.5 1.42432e-16 1.87064e-17 1
7344 1.53886e-16 1.87064e-17 1
7345.5 1.05948e-16 1.87064e-17 1
7347 1.16986e-16 1.87064e-17 1
7348.5 1.2605e-16 1.87064e-17 1
7350 1.2983e-16 1.87064e-17 1
7351.5 1.28154e-16 1.87064e-17 1
7353 1.13379e-16 1.87064e-17 1
7354.5 1.37774e-16 1.87064e-17 1
7356 1.37794e-16 1.87064e-17 1
7357.5 1.0657e-16 1.87064e-17 1
7359 1.25615e-16 1.87064e-17 1
7360.5 1.38198e-16 1.87064e-17 1
7362 1.45707e-16 1.87064e-17 1
7363.5 1.39929e-16 1.87064e-17 1
7365 9.44907e-17 1.87064e-17 1
7366.5 1.27427e-16 1.87064e-17 1
7368 1.59202e-16 1.87064e-17 1
7369.5 1.45623e-16 1.87064e-17 1
7371 1.51895e-16 1.87064e-17 1
7372.5 1.4714e-16 1.87064e-17 1
7374 1.45837e-16 1.87064e-17 1
7375.5 1.56003e-16 1.87064e-17 1
7377 1.51907e-16 1.87064e-17 1
7378.5 1.28888e-16 1.87064e-17 1
7380 1.26904e-16 1.87064e-17 1
7381.5 1.32558e-16 1.87064e-17 1
7383 1.22701e-16 1.87064e-17 1
7384.5 1.39509e-16 1.87064e-17 1
7386 1.4489e-16 1.87064e-17 1
7387.5 1.05415e-16 1.87064e-17 1
7389 9.25751e-17 1.87064e-17 1
7390.5 1.50131e-16 1.87064e-17 1
7392 1.65146e-16 1.87064e-17 1
7393.5 1.14933e-16 1.87064e-17 1
7395 1.20886e-16 1.87064e-17 1
7396.5 1.2262e-16 1.87064e-17 1
7398 9.59976e-17 1.87064e-17 1
7399.5 1.16273e-16 1.87064e-17 1
7401 1.16812e-16 1.87064e-17 1
7402.5 1.15007e-16 1.87064e-17 1
7404 1.54759e-16 1.87064e-17 1
7405.5 1.13676e-16 1.87064e-17 1
7407 1.13069e-16 1.87064e-17 1
7408.5 1.24697e-16 1.87064e-17 1
7410 1.52617e-16 1.87064e-17 1
7411.5 1.41246e-16 1.87064e-17 1
7413 1.15743e-16 1.87064e-17 1
7414.5 1.21677e-16 1.87064e-17 1
7416 1.51606e-16 1.87064e-17 1
7417.5 1.56593e-16 1.87064e-17 1
7419 1.64165e-16 1.87064e-17 1
7420.5 1.71736e-16 1.95955e-17 1
7422 1.79308e-16 1.95955e-17 1
7423.5 1.86879e-16 1.95955e-17 1
7425 1.86879e-16 1.95955e-17 1
7426.5 1.79413e-16 1.95955e-17 1
7428 1.70003e-16 1.95955e-17 1
7429.5 1.43171e-16 1.95955e-17 1
7431 1.14809e-16 1.95955e-17 1
7432.5 1.20638e-16 1.95955e-17 1
7434 1.15864e-16 1.95955e-17 1
7435.5 1.06604e-16 1.95955e-17 1
7437 1.20761e-16 1.95955e-17 1
7438.5 1.38772e-16 1.95955e-17 1
7440 1.10801e-16 1.95955e-17 1
7441.5 1.22875e-16 1.95955e-17 1
7443 1.47453e-16 1.95955e-17 1
7444.5 1.38301e-16 1.95955e-17 1
7446 1.24987e-16 1.95955e-17 1
7447.5 1.16152e-16 1.95955e-17 1
7449 1.50822e-16 1.95955e-17 1
7450.5 1.38493e-16 1.95955e-17 1
7452 8.86298e-17 1.95955e-17 1
7453.5 9.67826e-17 1.95955e-17 1
7455 1.1529e-16 1.95955e-17 1
7456.5 1.07189e-16 1.95955e-17 1
7458 1.13534e-16 1.95955e-17 1
7459.5 1.56619e-16 1.95955e-17 1
7461 1.45285e-16 1.95955e-17 1
7462.5 1.06574e-16 1.95955e-17 1
7464 1.26473e-16 1.95955e-17 1
7465.5 1.06481e-16 1.95955e-17 1
7467 1.02188e-16 1.95955e-17 1
7468.5 1.09934e-16 1.95955e-17 1
7470 9.46221e-17 1.95955e-17 1
7471.5 8.55111e-17 1.95955e-17 1
7473 1.44715e-16 1.95955e-17 1
7474.5 1.44304e-16 1.95955e-17 1
7476 1.27244e-16 1.95955e-17 1
7477.5 1.18813e-16 1.95955e-17 1
7479 1.3907e-16 1.95955e-17 1
7480.5 1.46388e-16 1.95955e-17 1
7482 1.05219e-16 1.95955e-17 1
7483.5 1.09821e-16 1.95955e-17 1
7485 1.08223e-16 1.95955e-17 1
7486.5 9.93583e-17 1.95955e-17 1
7488 1.26108e-16 1.95955e-17 1
7489.5 1.12279e-16 1.95955e-17 1
7491 1.14595e-16 1.95955e-17 1
7492.5 1.35612e-16 1.95955e-17 1
7494 1.36638e-16 1.95955e-17 1
7495.5 1.01485e-16 1.95955e-17 1
7497 9.92998e-17 1.95955e-17 1
7498.5 1.05537e-16 1.95955e-17 1
7500 9.73895e-17 1.95955e-17 1
7501.5 1.32607e-16 1.95955e-17 1
7503 1.37613e-16 1.95955e-17 1
7504.5 1.11012e-16 1.95955e-17 1
7506 1.13456e-16 1.95955e-17 1
7507.5 1.19552e-16 1.95955e-17 1
7509 1.0574e-16 1.95955e-17 1
7510.5 8.90662e-17 1.95955e-17 1
7512 9.84757e-17 1.95955e-17 1
7513.5 8.20337e-17 1.95955e-17 1
7515 8.58346e-17 1.95955e-17 1
7516.5 8.96356e-17 1.95955e-17 1
7518 9.34365e-17 1.95955e-17 1
7519.5 9.72374e-17 1.95955e-17 1
7521 1.01038e-16 1.95955e-17 1
7522.5 1.01038e-16 1.95955e-17 1
7524 9.68212e-17 1.95955e-17 1
7525.5 9.34857e-17 1.95955e-17 1
7527 6.98761e-17 1.95955e-17 1
7528.5 8.82949e-17 1.95955e-17 1
7530 1.05242e-16 1.95955e-17 1
7531.5 1.08309e-16 1.95955e-17 1
7533 8.33529e-17 1.95955e-17 1
7534.5 6.67099e-17 1.95955e-17 1
7536 7.44798e-17 1.95955e-17 1
7537.5 7.60895e-17 1.95955e-17 1
7539 7.67464e-17 1.95955e-17 1
7540.5 8.52371e-17 1.95955e-17 1
