# converted by J. Guy, 2010-10-18
# from INES IUE Newly Extracted Spectra sdc.laeff.inta.es/ines/
@Redshift 0.003395
@FORMAT STD
@Date 48076.8
@Dec +13:31:49
@IUE_CAM LWP
@IUE_DISP LOW
@IUE_EXPTIME 1199.595
@IUE_IMAGE 18285
@RA 12:40:25.9
@SELECTED_FOR_SNLS3_TRAINING 1
@SN sn1990n
@SURVEY IUE_SPEC
@Source IUE
#WAVE : wavelength, observer frame, in A
#FLUX : erg/s/cm2/A
#ERR  : statistical uncertainty on flux
#VALID : 1=ok 0=ignore
#end
1851.433 6.8487635e-14 3.3590627e-13 1
1854.102 -1.690698e-13 4.9498204e-13 1
1856.772 -1.2111612e-13 4.3898091e-13 1
1859.441 1.8521644e-13 2.4757079e-13 1
1862.11 2.0233156e-13 2.3747795e-13 1
1864.78 -1.0948308e-13 2.6842455e-13 1
1867.449 1.7915702e-13 2.6295012e-13 1
1870.118 -1.7908779e-14 2.2057126e-13 1
1872.787 2.5809148e-13 1.6708855e-13 1
1875.457 -6.1580393e-14 1.5856607e-13 1
1878.126 -2.6076848e-13 1.2496277e-13 1
1880.795 -1.3283652e-13 1.228396e-13 1
1883.465 -3.0764149e-14 1.1215914e-13 1
1886.134 5.9251805e-14 1.0504663e-13 1
1888.803 8.8692644e-14 1.1590081e-13 1
1891.473 2.0133622e-14 1.0440357e-13 1
1894.142 1.7445584e-14 1.0268978e-13 1
1896.811 -1.3800027e-13 1.2350375e-13 1
1899.48 1.5270272e-13 9.8326525e-14 1
1902.15 3.370399e-14 1.0684196e-13 1
1904.819 -5.7737933e-14 9.7568126e-14 1
1907.488 1.2053119e-13 9.1973168e-14 1
1910.158 -2.6474054e-14 6.9241386e-14 1
1912.827 -1.4383827e-14 8.783733e-14 1
1915.496 5.9804233e-14 7.8168422e-14 1
1918.166 -2.5273864e-14 8.0888096e-14 1
1920.835 -9.028039e-14 8.492107e-14 1
1923.504 6.302205e-14 7.0354401e-14 1
1926.173 7.778374e-16 7.0212804e-14 1
1928.843 4.4983145e-14 5.9477413e-14 1
1931.512 -5.7868945e-14 6.2038848e-14 1
1934.181 -7.7796063e-15 7.5333586e-14 1
1936.851 -2.7594097e-14 6.6374396e-14 1
1939.52 8.7183299e-14 6.0618292e-14 1
1942.189 1.1721218e-13 5.6241853e-14 1
1944.859 -1.2322217e-14 5.2873785e-14 1
1947.528 -7.5319991e-15 3.9739686e-14 1
1950.197 -1.7402682e-14 4.7350958e-14 1
1952.866 -2.7125386e-14 6.2473003e-14 1
1955.536 -2.0781389e-14 5.1496825e-14 1
1958.205 -3.6049438e-15 5.0587149e-14 1
1960.874 5.449917e-14 4.5845757e-14 1
1963.544 5.3234043e-15 4.0336404e-14 1
1966.213 8.9419896e-15 3.5739054e-14 1
1968.882 4.6502541e-15 3.9238083e-14 1
1971.552 2.0983632e-14 3.9620583e-14 1
1974.221 -1.1534287e-15 4.0153394e-14 1
1976.89 -2.7706261e-14 3.7761203e-14 1
1979.559 7.5623462e-16 4.798423e-14 1
1982.229 1.188093e-14 3.0082629e-14 1
1984.898 -8.2511394e-15 2.386065e-14 1
1987.567 -8.2624752e-15 2.5421678e-14 1
1990.237 -5.9214231e-16 2.6860967e-14 1
1992.906 -8.3082506e-15 3.0958851e-14 1
1995.575 -3.7480005e-14 4.331178e-14 1
1998.245 3.4826021e-14 4.4729333e-14 1
2000.914 7.8659774e-15 2.379229e-14 1
2003.583 5.3849747e-14 2.7125856e-14 1
2006.252 4.1560973e-14 2.7025948e-14 1
2008.922 -1.2060056e-14 2.4250137e-14 1
2011.591 1.7502189e-14 2.406973e-14 1
2014.26 2.1261124e-15 1.9517301e-14 1
2016.93 6.550236e-16 2.0649969e-14 1
2019.599 -3.9156419e-15 2.538265e-14 1
2022.268 1.4020146e-14 2.8639787e-14 1
2024.938 1.9687638e-14 2.4145126e-14 1
2027.607 -1.6652989e-15 2.6279968e-14 1
2030.276 9.4484967e-15 2.3616686e-14 1
2032.945 7.1241087e-15 1.9740013e-14 1
2035.615 2.8867628e-14 2.059338e-14 1
2038.284 1.0240048e-14 2.1694011e-14 1
2040.953 -1.9005488e-14 2.3471012e-14 1
2043.623 -1.034892e-14 2.5450719e-14 1
2046.292 -2.3319578e-14 2.648508e-14 1
2048.961 -1.1177647e-14 2.7026287e-14 1
2051.63 -3.8524299e-15 2.215424e-14 1
2054.3 3.2011719e-15 1.8397649e-14 1
2056.969 -4.8753628e-15 2.1904579e-14 1
2059.638 1.0067893e-15 2.6552087e-14 1
2062.308 1.3698685e-14 2.2681967e-14 1
2064.977 -2.3076542e-15 1.8981029e-14 1
2067.646 6.5575042e-15 2.1001653e-14 1
2070.316 2.1096557e-14 1.8782756e-14 1
2072.985 -6.5062473e-15 1.570808e-14 1
2075.654 -4.537965e-15 1.6338995e-14 1
2078.323 1.3585456e-15 1.6024037e-14 1
2080.993 1.417103e-14 1.6170171e-14 1
2083.662 -1.6557857e-15 1.83367e-14 1
2086.331 -2.6615905e-14 2.0594696e-14 1
2089.001 -2.1595628e-15 1.6614707e-14 1
2091.67 7.4389296e-15 1.9925398e-14 1
2094.339 -5.5681765e-15 2.6119996e-14 1
2097.009 -4.7055831e-15 3.3022122e-14 1
2099.678 1.5191009e-14 2.3292346e-14 1
2102.347 -5.5945912e-15 2.4267629e-14 1
2105.017 1.1503646e-14 1.9565311e-14 1
2107.686 1.7129745e-14 1.7667435e-14 1
2110.355 2.9242335e-14 2.0171944e-14 1
2113.024 4.3913314e-15 1.8362778e-14 1
2115.694 -1.5948568e-14 1.4378211e-14 1
2118.363 -8.785856e-15 1.5821771e-14 1
2121.032 1.8139797e-14 1.7248206e-14 1
2123.702 1.6155717e-14 1.7385312e-14 1
2126.371 2.9406971e-14 1.7747949e-14 1
2129.04 1.2441445e-16 1.6095542e-14 1
2131.709 2.3164628e-14 1.7292051e-14 1
2134.379 3.2170823e-14 1.9475991e-14 1
2137.048 -7.8964138e-15 1.7623157e-14 1
2139.717 -1.5717201e-15 1.5967284e-14 1
2142.387 -8.7313046e-15 1.4804422e-14 1
2145.056 1.0587789e-15 1.6612296e-14 1
2147.725 1.181116e-14 2.067065e-14 1
2150.395 -8.8380646e-15 2.4369334e-14 1
2153.064 1.585151e-15 1.8477771e-14 1
2155.733 1.3493052e-14 1.8973333e-14 1
2158.403 5.1757228e-15 1.7865099e-14 1
2161.072 -3.0428913e-15 1.6042494e-14 1
2163.741 7.8553683e-15 1.4774909e-14 1
2166.41 -7.4812677e-15 1.8205008e-14 1
2169.08 3.9315314e-15 2.2581804e-14 1
2171.749 2.4604479e-14 1.9603661e-14 1
2174.418 -2.0219604e-16 2.0085748e-14 1
2177.088 -2.5094152e-15 2.3275747e-14 1
2179.757 6.8361323e-15 1.7944437e-14 1
2182.426 -4.6366261e-16 2.0473349e-14 1
2185.095 -1.8204808e-14 2.5679411e-14 1
2187.765 -2.998211e-14 2.6994539e-14 1
2190.434 -7.6183981e-15 2.1477267e-14 1
2193.104 9.0392741e-16 2.0115964e-14 1
2195.773 -1.5229078e-14 1.5767288e-14 1
2198.442 -1.8899531e-14 1.5247764e-14 1
2201.111 4.8035408e-15 2.0964184e-14 1
2203.781 1.4832462e-14 2.5508021e-14 1
2206.45 1.2749366e-14 2.0175793e-14 1
2209.119 -3.6222657e-15 1.6298876e-14 1
2211.789 -4.2348598e-15 1.7536723e-14 1
2214.458 3.12601e-16 1.8107364e-14 1
2217.127 1.9246527e-14 1.8805488e-14 1
2219.796 3.9378131e-14 1.9614545e-14 1
2222.466 1.8509372e-14 1.8893055e-14 1
2225.135 1.625566e-14 1.863661e-14 1
2227.804 3.5169692e-14 1.7852388e-14 1
2230.474 4.2422381e-14 1.9851264e-14 1
2233.143 2.0446318e-14 1.8733548e-14 1
2235.812 -1.5477711e-15 1.4241407e-14 1
2238.481 2.1924743e-15 1.5102543e-14 1
2241.151 -3.5231421e-15 1.7975806e-14 1
2243.82 -1.2293369e-14 1.8837472e-14 1
2246.489 1.4991313e-14 2.2417527e-14 1
2249.159 1.2936812e-14 2.2184415e-14 1
2251.828 -2.8202477e-15 1.545886e-14 1
2254.497 -4.5543315e-16 1.765545e-14 1
2257.167 -3.2316914e-15 1.7430295e-14 1
2259.836 -7.2788828e-15 1.5039104e-14 1
2262.505 -1.6357814e-14 1.587766e-14 1
2265.175 -1.2720669e-14 1.4712618e-14 1
2267.844 4.4051285e-16 1.8928095e-14 1
2270.513 -1.9107401e-15 2.037684e-14 1
2273.182 1.3040609e-15 1.2895858e-14 1
2275.852 6.3405693e-15 1.2691936e-14 1
2278.521 -4.2776888e-15 1.2948643e-14 1
2281.19 -3.7813114e-15 1.1640938e-14 1
2283.86 4.0668157e-15 1.1472202e-14 1
2286.529 2.7785391e-15 1.05583e-14 1
2289.198 4.7563716e-15 1.502546e-14 1
2291.867 1.0584809e-14 1.7016789e-14 1
2294.537 4.6631099e-15 1.2626066e-14 1
2297.206 3.1856308e-16 2.0704975e-14 1
2299.875 -3.2962599e-16 2.2730017e-14 1
2302.545 6.808915e-15 1.4129934e-14 1
2305.214 8.1092038e-15 1.033753e-14 1
2307.883 5.5672469e-15 1.0229791e-14 1
2310.553 -2.8822291e-15 9.7356358e-15 1
2313.222 -1.248418e-14 1.0131151e-14 1
2315.891 1.8923588e-15 1.0057867e-14 1
2318.561 7.5164679e-15 9.9415647e-15 1
2321.23 3.5648161e-15 9.5286362e-15 1
2323.899 -2.565933e-15 8.6249138e-15 1
2326.568 -1.7761038e-15 8.2591853e-15 1
2329.238 -3.6624358e-15 1.177762e-14 1
2331.907 -1.1714866e-14 1.1238845e-14 1
2334.576 6.2158888e-16 9.6542164e-15 1
2337.246 4.0841032e-15 9.7675994e-15 1
2339.915 -7.6652831e-15 7.2146768e-15 1
2342.584 -2.5324627e-15 7.7599636e-15 1
2345.253 1.1165023e-14 8.7572043e-15 1
2347.923 1.7059891e-14 9.487539e-15 1
2350.592 2.057471e-14 1.0236932e-14 1
2353.261 1.6345478e-14 8.8592574e-15 1
2355.931 4.1365015e-15 7.6655025e-15 1
2358.6 2.816785e-15 8.2247916e-15 1
2361.269 -9.79438e-15 9.7523994e-15 1
2363.938 -3.7497886e-15 8.8051972e-15 1
2366.608 1.8643905e-16 8.3767806e-15 1
2369.277 -5.9360522e-15 1.0010185e-14 1
2371.947 -3.8084147e-15 9.0558647e-15 1
2374.616 -7.1821584e-15 9.4369855e-15 1
2377.285 -8.0632243e-15 9.2287408e-15 1
2379.954 -9.6778639e-16 6.9071797e-15 1
2382.624 1.0823478e-16 6.1392783e-15 1
2385.293 8.7391221e-16 7.7420251e-15 1
2387.962 -9.9839423e-17 8.6599031e-15 1
2390.632 6.2180257e-15 7.2028539e-15 1
2393.301 2.296549e-15 6.8562218e-15 1
2395.97 2.9518372e-15 8.5175338e-15 1
2398.64 2.2825787e-15 7.1785356e-15 1
2401.309 2.4831736e-15 7.0661653e-15 1
2403.978 -1.5824986e-15 6.7708426e-15 1
2406.647 -4.5830822e-15 5.1694827e-15 1
2409.317 -1.6001929e-15 5.4748652e-15 1
2411.986 2.3736288e-15 6.6374772e-15 1
2414.655 -1.9527002e-15 7.0693755e-15 1
2417.325 -4.5294269e-15 5.7420444e-15 1
2419.994 1.7287237e-15 4.6645757e-15 1
2422.663 2.2814972e-15 4.5516192e-15 1
2425.333 4.62509e-15 5.3155057e-15 1
2428.002 6.7827976e-15 5.5430509e-15 1
2430.671 2.6715872e-16 4.7601028e-15 1
2433.34 9.9471589e-16 7.7456055e-15 1
2436.01 4.3918971e-16 7.2354486e-15 1
2438.679 1.9575001e-15 4.8377681e-15 1
2441.348 4.8070422e-16 5.007148e-15 1
2444.018 2.0511104e-16 4.6280063e-15 1
2446.687 -2.1226029e-15 3.8791826e-15 1
2449.356 -5.6729346e-15 4.6853018e-15 1
2452.025 8.7646406e-16 4.6304195e-15 1
2454.695 8.2432569e-16 3.970494e-15 1
2457.364 3.3944808e-16 4.0686677e-15 1
2460.033 2.2420647e-15 4.3259993e-15 1
2462.703 -1.2562551e-15 4.4490952e-15 1
2465.372 5.0510634e-16 4.7901187e-15 1
2468.041 5.8192104e-15 4.5478719e-15 1
2470.71 3.6282241e-15 4.2215351e-15 1
2473.38 3.2750243e-15 4.9598573e-15 1
2476.049 7.9528061e-16 4.0065412e-15 1
2478.719 9.8074737e-16 3.7867497e-15 1
2481.388 1.2668757e-15 4.1535955e-15 1
2484.057 -3.7953166e-15 3.6269692e-15 1
2486.726 -3.3008813e-15 3.5324994e-15 1
2489.396 -4.8997095e-15 3.1377325e-15 1
2492.065 -2.3309553e-16 3.1467028e-15 1
2494.734 4.3550106e-16 3.0926708e-15 1
2497.404 2.0773407e-15 3.1795821e-15 1
2500.073 5.5681528e-15 3.4335827e-15 1
2502.742 -4.5634625e-16 3.2536479e-15 1
2505.412 -1.216932e-15 3.0381573e-15 1
2508.081 -6.6130271e-16 2.9811331e-15 1
2510.75 -2.0678205e-15 3.3227341e-15 1
2513.419 -7.9442729e-15 3.2181031e-15 1
2516.089 -5.790958e-15 3.1105858e-15 1
2518.758 8.4291155e-16 3.0405217e-15 1
2521.427 4.4059617e-15 2.9793664e-15 1
2524.097 3.907122e-15 2.9152509e-15 1
2526.766 1.2106518e-15 2.8013385e-15 1
2529.435 -4.4282268e-16 2.8835034e-15 1
2532.104 -1.3427099e-15 2.7822421e-15 1
2534.774 -1.9344511e-15 3.1960893e-15 1
2537.443 7.777249e-16 4.1947418e-15 1
2540.112 3.3568773e-15 3.5255178e-15 1
2542.782 3.3656581e-15 2.711085e-15 1
2545.451 1.6658914e-15 2.4805813e-15 1
2548.12 4.8688669e-15 2.6721124e-15 1
2550.79 4.1260135e-15 2.6078508e-15 1
2553.459 1.0658655e-15 2.3196721e-15 1
2556.128 9.135694e-16 2.3883587e-15 1
2558.797 2.0431985e-15 2.3801478e-15 1
2561.467 1.335082e-15 2.244725e-15 1
2564.136 1.7632391e-15 2.5048846e-15 1
2566.805 5.8304375e-17 2.2284948e-15 1
2569.475 -1.3080858e-15 2.0395168e-15 1
2572.144 -8.6199764e-17 2.1357616e-15 1
2574.813 4.6113346e-15 2.3783247e-15 1
2577.483 1.7356555e-15 2.2531974e-15 1
2580.152 -1.2331343e-16 2.0850847e-15 1
2582.821 -1.5915263e-16 2.0250036e-15 1
2585.49 -3.6332898e-15 1.9403035e-15 1
2588.16 2.5241512e-15 2.3475306e-15 1
2590.829 2.237785e-15 2.1985742e-15 1
2593.499 1.0478309e-15 2.2677052e-15 1
2596.168 9.0275649e-16 2.0666475e-15 1
2598.837 1.3013068e-15 1.9859501e-15 1
2601.506 1.5061576e-15 1.9519087e-15 1
2604.176 1.5908658e-15 1.9526051e-15 1
2606.845 2.3492717e-15 2.0122443e-15 1
2609.514 2.8032094e-15 2.0055129e-15 1
2612.184 1.3748322e-15 1.9550251e-15 1
2614.853 3.2063246e-16 2.0511767e-15 1
2617.522 9.1705917e-16 1.8566568e-15 1
2620.191 8.8513821e-16 1.7664364e-15 1
2622.861 1.5772063e-15 1.8585493e-15 1
2625.53 1.5719109e-15 1.8311914e-15 1
2628.199 2.0389673e-15 1.7919958e-15 1
2630.869 1.3422607e-15 1.8656354e-15 1
2633.538 1.5890852e-16 2.0384445e-15 1
2636.207 2.3221086e-15 1.8849196e-15 1
2638.876 1.3215945e-15 1.7383103e-15 1
2641.546 5.8274332e-16 1.66962e-15 1
2644.215 1.5043807e-15 1.6852937e-15 1
2646.884 5.9132016e-16 1.6458034e-15 1
2649.554 3.4698448e-15 1.7795e-15 1
2652.223 2.0247395e-15 1.711182e-15 1
2654.892 1.4386849e-15 1.7780901e-15 1
2657.562 1.953601e-15 1.6957746e-15 1
2660.231 2.2839147e-15 1.6737058e-15 1
2662.9 1.2683246e-15 1.6235483e-15 1
2665.57 1.5376432e-15 2.0334021e-15 1
2668.239 3.9296302e-15 1.7686781e-15 1
2670.908 2.487805e-15 1.6102678e-15 1
2673.577 2.42721e-15 1.6029165e-15 1
2676.247 2.653657e-15 1.5911521e-15 1
2678.916 2.9457604e-15 1.5913499e-15 1
2681.585 2.9760079e-15 1.5816691e-15 1
2684.255 5.2159056e-15 1.6930942e-15 1
2686.924 4.0199214e-15 1.6026933e-15 1
2689.593 2.2040718e-15 1.5200537e-15 1
2692.262 3.0436956e-15 1.5431873e-15 1
2694.932 2.2847446e-16 1.4351892e-15 1
2697.601 2.3132419e-15 1.5145165e-15 1
2700.271 5.0632263e-15 1.6271772e-15 1
2702.94 1.4965353e-15 1.4678639e-15 1
2705.609 2.134688e-15 1.5012928e-15 1
2708.278 2.8765692e-15 1.5487388e-15 1
2710.948 2.6227645e-15 1.5368157e-15 1
2713.617 2.7417353e-15 1.5561912e-15 1
2716.286 3.6990661e-15 1.5575881e-15 1
2718.956 2.700247e-15 1.555689e-15 1
2721.625 2.1089386e-15 1.5155215e-15 1
2724.294 1.9666701e-15 1.4514689e-15 1
2726.963 2.5259528e-15 1.4478244e-15 1
2729.633 2.9397511e-15 1.4837227e-15 1
2732.302 3.4235545e-15 1.5087232e-15 1
2734.971 4.3153648e-15 1.5262411e-15 1
2737.641 5.8545117e-15 1.5931355e-15 1
2740.31 5.3656958e-15 1.5559818e-15 1
2742.979 1.3328084e-15 1.3640676e-15 1
2745.648 3.1700481e-15 1.4396011e-15 1
2748.318 3.4515282e-15 1.5685479e-15 1
2750.987 4.3577689e-15 1.4936632e-15 1
2753.656 4.743149e-15 1.5086507e-15 1
2756.326 5.9228986e-15 1.5655013e-15 1
2758.995 5.6539034e-15 1.5206089e-15 1
2761.664 4.7100627e-15 1.489117e-15 1
2764.333 6.3997659e-15 1.5253225e-15 1
2767.003 7.5060333e-15 1.5714894e-15 1
2769.672 6.662372e-15 1.5551645e-15 1
2772.342 6.263895e-15 1.5293458e-15 1
2775.011 4.3157616e-15 1.439034e-15 1
2777.68 2.198834e-15 1.3547853e-15 1
2780.349 5.9310124e-15 1.5031583e-15 1
2783.019 6.7420096e-15 1.5562805e-15 1
2785.688 6.1070923e-15 1.5307758e-15 1
2788.357 8.031054e-15 1.6013236e-15 1
2791.027 5.1425183e-15 1.499353e-15 1
2793.696 3.7884269e-15 1.4439774e-15 1
2796.365 9.1792571e-15 1.6542415e-15 1
2799.034 6.9282751e-15 1.5504995e-15 1
2801.704 5.0559206e-15 1.4736904e-15 1
2804.373 6.3180734e-15 1.5623112e-15 1
2807.042 5.7916996e-15 1.4980266e-15 1
2809.712 5.6134436e-15 1.4576296e-15 1
2812.381 6.5199002e-15 1.5218019e-15 1
2815.05 7.3888632e-15 1.5156647e-15 1
2817.72 7.1019058e-15 1.5152534e-15 1
2820.389 8.5814737e-15 1.5653241e-15 1
2823.058 7.3709637e-15 1.5270532e-15 1
2825.728 1.0558329e-14 1.6301863e-15 1
2828.397 1.2363003e-14 1.7151239e-15 1
2831.066 9.9658076e-15 1.5995284e-15 1
2833.735 9.1063563e-15 1.5664667e-15 1
2836.405 1.1105934e-14 1.6585536e-15 1
2839.074 1.2548538e-14 1.7097947e-15 1
2841.743 1.4802885e-14 1.809677e-15 1
2844.413 1.5288975e-14 1.7874517e-15 1
2847.082 1.5582135e-14 1.811985e-15 1
2849.751 1.8084657e-14 1.8837737e-15 1
2852.42 1.980774e-14 1.949192e-15 1
2855.09 1.8707536e-14 1.9127804e-15 1
2857.759 1.7666097e-14 1.8911548e-15 1
2860.428 1.7452118e-14 1.8614729e-15 1
2863.098 1.8059693e-14 1.9113364e-15 1
2865.767 1.8925166e-14 1.9091362e-15 1
2868.436 1.9929801e-14 1.9262783e-15 1
2871.105 2.1368895e-14 1.9784055e-15 1
2873.775 2.2093926e-14 2.0035408e-15 1
2876.444 2.4911164e-14 2.0977347e-15 1
2879.114 2.4865809e-14 2.0804194e-15 1
2881.783 2.2837723e-14 2.0148788e-15 1
2884.452 2.1931142e-14 1.9960033e-15 1
2887.122 2.5570949e-14 2.1180876e-15 1
2889.791 2.2090602e-14 1.980694e-15 1
2892.46 2.1217277e-14 1.9748971e-15 1
2895.129 1.9631457e-14 1.9266751e-15 1
2897.799 2.2483773e-14 2.0369192e-15 1
2900.468 2.4644285e-14 2.1038926e-15 1
2903.137 2.5641041e-14 2.1355136e-15 1
2905.807 2.2606771e-14 2.0204298e-15 1
2908.476 1.9586321e-14 1.9263886e-15 1
2911.145 2.029762e-14 1.9579421e-15 1
2913.814 1.988205e-14 1.9386918e-15 1
2916.484 1.8778304e-14 1.9233423e-15 1
2919.153 1.9757608e-14 1.9910217e-15 1
2921.822 1.801451e-14 1.950632e-15 1
2924.492 1.9253791e-14 1.9998948e-15 1
2927.161 2.0221741e-14 2.0696627e-15 1
2929.83 2.2963034e-14 2.1665955e-15 1
2932.5 2.2192641e-14 2.1463593e-15 1
2935.169 1.9113627e-14 2.0197333e-15 1
2937.838 1.8515549e-14 1.993667e-15 1
2940.507 1.8950372e-14 2.0121503e-15 1
2943.177 2.3467072e-14 2.1795377e-15 1
2945.846 2.2679988e-14 2.1665445e-15 1
2948.515 2.0688665e-14 2.0598168e-15 1
2951.185 2.1441277e-14 2.0746704e-15 1
2953.854 1.9945461e-14 1.9771034e-15 1
2956.523 2.0410404e-14 1.9700985e-15 1
2959.192 2.2954024e-14 2.0570777e-15 1
2961.862 2.5230918e-14 2.1385812e-15 1
2964.531 2.4650704e-14 2.1077689e-15 1
2967.2 2.8071441e-14 2.2689249e-15 1
2969.87 2.5898974e-14 2.1920912e-15 1
2972.539 2.2634621e-14 2.072865e-15 1
2975.208 2.1086917e-14 2.0355949e-15 1
2977.877 2.0053576e-14 2.0226122e-15 1
2980.547 2.3098399e-14 2.1460475e-15 1
2983.216 2.2283069e-14 2.1541661e-15 1
2985.885 1.7836528e-14 2.0876967e-15 1
2988.555 1.9682208e-14 2.1664672e-15 1
2991.224 2.2675252e-14 2.2198188e-15 1
2993.894 2.0549582e-14 2.2228518e-15 1
2996.563 1.7427215e-14 2.0782093e-15 1
2999.232 1.6294618e-14 2.0227094e-15 1
3001.901 1.94221e-14 2.1236183e-15 1
3004.571 2.082861e-14 2.233405e-15 1
3007.24 1.7934356e-14 2.1737644e-15 1
3009.909 1.8337574e-14 2.208343e-15 1
3012.579 1.8264461e-14 2.2259141e-15 1
3015.248 1.981538e-14 2.3063091e-15 1
3017.917 1.9414307e-14 2.3078615e-15 1
3020.586 2.1799863e-14 2.3679312e-15 1
3023.256 2.4444681e-14 2.4867553e-15 1
3025.925 2.4635972e-14 2.5022205e-15 1
3028.594 2.4782676e-14 2.4870704e-15 1
3031.264 2.8032454e-14 2.589029e-15 1
3033.933 3.1116023e-14 2.6970558e-15 1
3036.602 2.9628094e-14 2.6865784e-15 1
3039.271 3.1573156e-14 2.7785179e-15 1
3041.941 3.4745258e-14 2.8429077e-15 1
3044.61 3.6864703e-14 2.9575451e-15 1
3047.279 3.6521584e-14 2.8898272e-15 1
3049.949 3.4160446e-14 3.0442409e-15 1
3052.618 2.7734439e-14 4.7098695e-15 1
3055.287 3.1086167e-14 1.1385061e-14 1
3057.957 3.1665449e-14 1.863678e-14 1
3060.626 2.1674589e-14 6.9829727e-15 1
3063.295 2.7579432e-14 3.6971684e-15 1
3065.964 3.0783539e-14 2.9571081e-15 1
3068.634 3.3638287e-14 3.0267075e-15 1
3071.303 3.4479401e-14 3.0816494e-15 1
3073.972 3.4441678e-14 3.1465989e-15 1
3076.642 3.7225346e-14 3.2423572e-15 1
3079.311 4.0575501e-14 3.3790383e-15 1
3081.98 4.3928287e-14 3.5722488e-15 1
3084.65 4.3435534e-14 3.5225638e-15 1
3087.319 3.9497705e-14 3.4404117e-15 1
3089.988 4.5111453e-14 3.5537322e-15 1
3092.657 4.246929e-14 3.5494623e-15 1
3095.327 4.10761e-14 3.5691957e-15 1
3097.996 4.3784332e-14 3.6815131e-15 1
3100.666 4.0685632e-14 3.6168125e-15 1
3103.335 4.2023571e-14 3.6641116e-15 1
3106.004 4.5099317e-14 3.7468841e-15 1
3108.673 4.7808552e-14 3.767154e-15 1
3111.343 5.3673927e-14 3.9766689e-15 1
3114.012 4.6635147e-14 3.8043079e-15 1
3116.681 3.814067e-14 3.5808652e-15 1
3119.351 3.5203191e-14 3.4807286e-15 1
3122.02 3.2162969e-14 3.4265466e-15 1
3124.689 3.2137301e-14 3.4419186e-15 1
3127.358 3.1815249e-14 3.4787175e-15 1
3130.028 3.2884777e-14 3.5503513e-15 1
3132.697 3.1252087e-14 3.5719528e-15 1
3135.366 3.2077043e-14 3.6487414e-15 1
3138.036 3.339462e-14 3.7317396e-15 1
3140.705 2.7984441e-14 3.6799423e-15 1
3143.374 2.3991929e-14 3.5284057e-15 1
3146.043 2.6551445e-14 3.6856911e-15 1
3148.713 2.9390397e-14 3.7969692e-15 1
3151.382 2.8310338e-14 3.7802674e-15 1
3154.051 3.0605604e-14 3.87402e-15 1
3156.721 2.9638381e-14 3.9377723e-15 1
3159.39 2.4312036e-14 3.8276614e-15 1
3162.059 2.0687731e-14 3.7905029e-15 1
3164.729 2.257202e-14 3.9400504e-15 1
3167.398 3.1833145e-14 4.2947755e-15 1
3170.067 3.5330839e-14 4.3813846e-15 1
3172.737 3.49678e-14 4.4043316e-15 1
3175.406 2.946437e-14 4.2714559e-15 1
3178.075 1.6614004e-14 4.0049209e-15 1
3180.744 1.6086131e-14 4.1580064e-15 1
3183.414 1.914264e-14 4.3852844e-15 1
3186.083 1.8503201e-14 4.2801502e-15 1
3188.752 1.9889907e-14 4.373099e-15 1
3191.422 2.4969178e-14 4.5481959e-15 1
3194.091 2.3708671e-14 4.5716181e-15 1
3196.76 2.3921569e-14 4.6100272e-15 1
3199.43 1.858331e-14 4.6127652e-15 1
3202.099 8.4497305e-15 4.6426198e-15 1
3204.768 9.814924e-15 4.8270934e-15 1
3207.438 1.7811026e-14 5.0512314e-15 1
3210.107 2.2388907e-14 5.1442221e-15 1
3212.776 1.6689681e-14 5.1265623e-15 1
3215.445 1.8788023e-14 5.3544752e-15 1
3218.115 1.7042111e-14 5.361752e-15 1
3220.784 1.409666e-14 5.3888274e-15 1
3223.453 1.7309418e-14 6.0253629e-15 1
3226.123 1.8615345e-14 6.1560203e-15 1
3228.792 1.9322685e-14 5.7173682e-15 1
3231.461 2.0322529e-14 5.9191272e-15 1
3234.13 1.7264178e-14 6.0158969e-15 1
3236.8 1.3445367e-14 6.003064e-15 1
3239.469 1.0622057e-14 6.107548e-15 1
3242.138 1.0214642e-14 6.5852572e-15 1
3244.808 8.1742347e-15 7.4355246e-15 1
3247.477 1.1365855e-14 7.762104e-15 1
3250.146 1.0172951e-14 7.1256164e-15 1
3252.815 7.047287e-15 6.5204202e-15 1
3255.485 9.0873566e-15 6.537305e-15 1
3258.154 1.5050942e-14 6.5135351e-15 1
3260.823 1.3543795e-14 6.4623337e-15 1
3263.493 1.6767293e-14 6.757138e-15 1
3266.162 2.0637732e-14 6.9852876e-15 1
3268.831 2.0324379e-14 7.0686742e-15 1
3271.5 1.9338052e-14 7.2454749e-15 1
3274.17 1.9158854e-14 7.7514679e-15 1
3276.839 1.3694204e-14 7.7330093e-15 1
3279.509 1.0898908e-14 7.2821896e-15 1
3282.178 1.4117191e-14 7.8526104e-15 1
3284.847 1.8365729e-14 8.2121945e-15 1
3287.517 1.205809e-14 7.9465285e-15 1
3290.186 1.2900569e-14 8.2920739e-15 1
3292.855 1.4179552e-14 8.3206554e-15 1
3295.524 1.1992141e-14 9.8225185e-15 1
3298.194 1.2968888e-14 1.0685288e-14 1
3300.863 2.3506452e-14 9.0755633e-15 1
3303.532 1.657233e-14 9.4512665e-15 1
3306.202 1.0316554e-14 1.0195668e-14 1
3308.871 1.8773238e-14 1.1051595e-14 1
3311.54 1.4000556e-14 1.083614e-14 1
3314.209 6.1188957e-15 9.9602155e-15 1
3316.879 5.8312717e-15 1.1775774e-14 1
3319.548 6.4993592e-15 1.3568588e-14 1
3322.217 4.3964224e-15 1.371931e-14 1
3324.887 6.1150214e-15 1.2975391e-14 1
3327.556 1.0592371e-14 1.2376626e-14 1
3330.225 1.9596317e-14 1.3114166e-14 1
3332.895 2.4649247e-14 1.3654473e-14 1
3335.564 3.8039057e-14 1.3895751e-14 1
3338.233 5.5299427e-14 1.3181014e-14 1
3340.902 5.0827557e-14 1.6960905e-14 1
3343.572 4.4241845e-14 2.0084352e-14 1
3346.241 4.0178442e-14 1.8113042e-14 1
3348.91 2.619773e-14 1.1556509e-14 1
