# converted by J. Guy, 2010-10-18
# from Matheson et al. 2008AJ....135.1598M
@Redshift 0.014443
@FORMAT STD
@Date 51247
@SELECTED_FOR_SNLS3_TRAINING 1
@SN sn1999aa
@SURVEY CFA_LOWZ_SPEC
@Source Matheson
#WAVE : wavelength, observer frame, in A
#FLUX : erg/s/cm2/A
#ERR  : statistical uncertainty on flux
#VALID : 1=ok 0=ignore
#end
3720 3.12887e-15 1.84697e-16 1
3721.5 2.84196e-15 1.84697e-16 1
3723 2.99273e-15 1.84697e-16 1
3724.5 3.14533e-15 1.84697e-16 1
3726 2.97612e-15 1.84697e-16 1
3727.5 3.07378e-15 1.84697e-16 1
3729 2.94442e-15 1.84697e-16 1
3730.5 2.93146e-15 1.84697e-16 1
3732 3.20138e-15 1.84697e-16 1
3733.5 3.28353e-15 1.84697e-16 1
3735 3.27732e-15 1.84697e-16 1
3736.5 3.24836e-15 1.84697e-16 1
3738 3.22776e-15 1.84697e-16 1
3739.5 3.26143e-15 1.84697e-16 1
3741 3.11326e-15 1.84697e-16 1
3742.5 3.0523e-15 1.84697e-16 1
3744 3.05299e-15 1.84697e-16 1
3745.5 3.01112e-15 1.84697e-16 1
3747 3.0389e-15 1.84697e-16 1
3748.5 3.05839e-15 1.84697e-16 1
3750 3.09198e-15 1.84697e-16 1
3751.5 2.89996e-15 1.84697e-16 1
3753 2.74927e-15 1.84697e-16 1
3754.5 2.80067e-15 1.84697e-16 1
3756 2.92143e-15 1.84697e-16 1
3757.5 2.88636e-15 1.84697e-16 1
3759 2.8214e-15 1.84697e-16 1
3760.5 2.72957e-15 1.84697e-16 1
3762 2.73445e-15 1.84697e-16 1
3763.5 2.55828e-15 1.84697e-16 1
3765 2.47546e-15 1.84697e-16 1
3766.5 2.54957e-15 1.84697e-16 1
3768 2.45341e-15 1.84697e-16 1
3769.5 2.31354e-15 1.84697e-16 1
3771 2.30303e-15 1.84697e-16 1
3772.5 2.39092e-15 1.84697e-16 1
3774 2.39811e-15 1.84697e-16 1
3775.5 2.31662e-15 1.84697e-16 1
3777 2.18284e-15 1.84697e-16 1
3778.5 2.12452e-15 1.84697e-16 1
3780 2.12097e-15 1.84697e-16 1
3781.5 2.01484e-15 1.84697e-16 1
3783 2.00464e-15 1.84697e-16 1
3784.5 2.07978e-15 1.84697e-16 1
3786 2.14207e-15 1.84697e-16 1
3787.5 2.23722e-15 1.84697e-16 1
3789 2.21084e-15 1.84697e-16 1
3790.5 2.03914e-15 1.84697e-16 1
3792 2.18494e-15 1.84697e-16 1
3793.5 2.11257e-15 1.84697e-16 1
3795 2.11692e-15 1.84697e-16 1
3796.5 2.29759e-15 1.84697e-16 1
3798 2.19573e-15 1.84697e-16 1
3799.5 2.06152e-15 1.84697e-16 1
3801 2.17599e-15 1.84697e-16 1
3802.5 2.27536e-15 1.84697e-16 1
3804 2.35514e-15 1.84697e-16 1
3805.5 2.34493e-15 1.84697e-16 1
3807 2.28123e-15 1.84697e-16 1
3808.5 2.1017e-15 1.84697e-16 1
3810 2.07286e-15 1.84697e-16 1
3811.5 2.24872e-15 1.84697e-16 1
3813 2.19294e-15 1.84697e-16 1
3814.5 2.12521e-15 1.84697e-16 1
3816 2.1491e-15 1.84697e-16 1
3817.5 2.1008e-15 1.84697e-16 1
3819 2.08842e-15 1.84697e-16 1
3820.5 2.09784e-15 1.40087e-16 1
3822 2.04906e-15 1.40087e-16 1
3823.5 2.0491e-15 1.40087e-16 1
3825 2.01348e-15 1.40087e-16 1
3826.5 1.90767e-15 1.40087e-16 1
3828 1.81722e-15 1.40087e-16 1
3829.5 1.80938e-15 1.40087e-16 1
3831 1.87732e-15 1.40087e-16 1
3832.5 1.82255e-15 1.40087e-16 1
3834 1.75628e-15 1.40087e-16 1
3835.5 1.78295e-15 1.40087e-16 1
3837 1.91166e-15 1.40087e-16 1
3838.5 1.98211e-15 1.40087e-16 1
3840 1.88285e-15 1.40087e-16 1
3841.5 1.87769e-15 1.40087e-16 1
3843 1.69598e-15 1.40087e-16 1
3844.5 1.69059e-15 1.40087e-16 1
3846 1.78499e-15 1.40087e-16 1
3847.5 1.83325e-15 1.40087e-16 1
3849 1.84791e-15 1.40087e-16 1
3850.5 1.75396e-15 1.40087e-16 1
3852 1.75012e-15 1.40087e-16 1
3853.5 1.64843e-15 1.40087e-16 1
3855 1.74357e-15 1.40087e-16 1
3856.5 1.80868e-15 1.40087e-16 1
3858 1.68967e-15 1.40087e-16 1
3859.5 1.83151e-15 1.40087e-16 1
3861 1.83671e-15 1.40087e-16 1
3862.5 1.84841e-15 1.40087e-16 1
3864 1.83981e-15 1.40087e-16 1
3865.5 1.90906e-15 1.40087e-16 1
3867 1.87799e-15 1.40087e-16 1
3868.5 1.86277e-15 1.40087e-16 1
3870 2.00268e-15 1.40087e-16 1
3871.5 2.10165e-15 1.40087e-16 1
3873 2.09202e-15 1.40087e-16 1
3874.5 2.09859e-15 1.40087e-16 1
3876 2.1255e-15 1.40087e-16 1
3877.5 1.97107e-15 1.40087e-16 1
3879 1.97132e-15 1.40087e-16 1
3880.5 2.15641e-15 1.40087e-16 1
3882 2.12203e-15 1.40087e-16 1
3883.5 2.20928e-15 1.40087e-16 1
3885 2.26517e-15 1.40087e-16 1
3886.5 2.19913e-15 1.40087e-16 1
3888 2.28599e-15 1.40087e-16 1
3889.5 2.2137e-15 1.40087e-16 1
3891 2.16023e-15 1.40087e-16 1
3892.5 2.35168e-15 1.40087e-16 1
3894 2.44431e-15 1.40087e-16 1
3895.5 2.47958e-15 1.40087e-16 1
3897 2.46801e-15 1.40087e-16 1
3898.5 2.50341e-15 1.40087e-16 1
3900 2.64251e-15 1.40087e-16 1
3901.5 2.72195e-15 1.40087e-16 1
3903 2.79368e-15 1.40087e-16 1
3904.5 2.9316e-15 1.40087e-16 1
3906 3.11637e-15 1.40087e-16 1
3907.5 3.11001e-15 1.40087e-16 1
3909 2.96902e-15 1.40087e-16 1
3910.5 3.02093e-15 1.40087e-16 1
3912 3.21974e-15 1.40087e-16 1
3913.5 3.44429e-15 1.40087e-16 1
3915 3.49428e-15 1.40087e-16 1
3916.5 3.34758e-15 1.40087e-16 1
3918 3.36537e-15 1.40087e-16 1
3919.5 3.43554e-15 1.40087e-16 1
3921 3.53424e-15 1.77941e-16 1
3922.5 3.70306e-15 1.77941e-16 1
3924 3.67694e-15 1.77941e-16 1
3925.5 3.78047e-15 1.77941e-16 1
3927 3.89919e-15 1.77941e-16 1
3928.5 3.90253e-15 1.77941e-16 1
3930 3.80591e-15 1.77941e-16 1
3931.5 3.88247e-15 1.77941e-16 1
3933 3.81526e-15 1.77941e-16 1
3934.5 3.86276e-15 1.77941e-16 1
3936 3.67596e-15 1.77941e-16 1
3937.5 3.92658e-15 1.77941e-16 1
3939 4.17517e-15 1.77941e-16 1
3940.5 4.15567e-15 1.77941e-16 1
3942 4.12665e-15 1.77941e-16 1
3943.5 4.25166e-15 1.77941e-16 1
3945 4.28263e-15 1.77941e-16 1
3946.5 4.22164e-15 1.77941e-16 1
3948 4.2889e-15 1.77941e-16 1
3949.5 4.37654e-15 1.77941e-16 1
3951 4.25271e-15 1.77941e-16 1
3952.5 4.32134e-15 1.77941e-16 1
3954 4.33067e-15 1.77941e-16 1
3955.5 4.24222e-15 1.77941e-16 1
3957 4.3622e-15 1.77941e-16 1
3958.5 4.40209e-15 1.77941e-16 1
3960 4.35565e-15 1.77941e-16 1
3961.5 4.26957e-15 1.77941e-16 1
3963 4.32621e-15 1.77941e-16 1
3964.5 4.32538e-15 1.77941e-16 1
3966 4.27158e-15 1.77941e-16 1
3967.5 4.34566e-15 1.77941e-16 1
3969 4.3271e-15 1.77941e-16 1
3970.5 4.30756e-15 1.77941e-16 1
3972 4.39274e-15 1.77941e-16 1
3973.5 4.44081e-15 1.77941e-16 1
3975 4.4481e-15 1.77941e-16 1
3976.5 4.45369e-15 1.77941e-16 1
3978 4.43789e-15 1.77941e-16 1
3979.5 4.45357e-15 1.77941e-16 1
3981 4.50283e-15 1.77941e-16 1
3982.5 4.4894e-15 1.77941e-16 1
3984 4.4572e-15 1.77941e-16 1
3985.5 4.50006e-15 1.77941e-16 1
3987 4.56878e-15 1.77941e-16 1
3988.5 4.53947e-15 1.77941e-16 1
3990 4.58351e-15 1.77941e-16 1
3991.5 4.56768e-15 1.77941e-16 1
3993 4.55111e-15 1.77941e-16 1
3994.5 4.62754e-15 1.77941e-16 1
3996 4.61185e-15 1.77941e-16 1
3997.5 4.62446e-15 1.77941e-16 1
3999 4.78786e-15 1.77941e-16 1
4000.5 4.77656e-15 1.77941e-16 1
4002 4.66937e-15 1.77941e-16 1
4003.5 4.71168e-15 1.77941e-16 1
4005 4.81975e-15 1.77941e-16 1
4006.5 4.77612e-15 1.77941e-16 1
4008 4.77716e-15 1.77941e-16 1
4009.5 4.66109e-15 1.77941e-16 1
4011 4.59991e-15 1.77941e-16 1
4012.5 4.56774e-15 1.77941e-16 1
4014 4.46835e-15 1.77941e-16 1
4015.5 4.52611e-15 1.77941e-16 1
4017 4.57705e-15 1.77941e-16 1
4018.5 4.62621e-15 1.77941e-16 1
4020 4.58551e-15 1.45275e-16 1
4021.5 4.50811e-15 1.45275e-16 1
4023 4.51328e-15 1.45275e-16 1
4024.5 4.47104e-15 1.45275e-16 1
4026 4.37101e-15 1.45275e-16 1
4027.5 4.33147e-15 1.45275e-16 1
4029 4.27617e-15 1.45275e-16 1
4030.5 4.11596e-15 1.45275e-16 1
4032 4.00472e-15 1.45275e-16 1
4033.5 3.93893e-15 1.45275e-16 1
4035 3.9246e-15 1.45275e-16 1
4036.5 3.82911e-15 1.45275e-16 1
4038 3.86877e-15 1.45275e-16 1
4039.5 3.90902e-15 1.45275e-16 1
4041 3.77506e-15 1.45275e-16 1
4042.5 3.74287e-15 1.45275e-16 1
4044 3.61262e-15 1.45275e-16 1
4045.5 3.55373e-15 1.45275e-16 1
4047 3.56218e-15 1.45275e-16 1
4048.5 3.52499e-15 1.45275e-16 1
4050 3.42272e-15 1.45275e-16 1
4051.5 3.41249e-15 1.45275e-16 1
4053 3.42452e-15 1.45275e-16 1
4054.5 3.3141e-15 1.45275e-16 1
4056 3.16924e-15 1.45275e-16 1
4057.5 3.13056e-15 1.45275e-16 1
4059 3.16698e-15 1.45275e-16 1
4060.5 3.17286e-15 1.45275e-16 1
4062 3.24097e-15 1.45275e-16 1
4063.5 3.1984e-15 1.45275e-16 1
4065 3.07572e-15 1.45275e-16 1
4066.5 3.07368e-15 1.45275e-16 1
4068 3.01468e-15 1.45275e-16 1
4069.5 2.88867e-15 1.45275e-16 1
4071 2.9738e-15 1.45275e-16 1
4072.5 3.13186e-15 1.45275e-16 1
4074 3.02324e-15 1.45275e-16 1
4075.5 2.93986e-15 1.45275e-16 1
4077 2.819e-15 1.45275e-16 1
4078.5 2.77544e-15 1.45275e-16 1
4080 2.90339e-15 1.45275e-16 1
4081.5 3.05383e-15 1.45275e-16 1
4083 2.98428e-15 1.45275e-16 1
4084.5 2.9991e-15 1.45275e-16 1
4086 2.98774e-15 1.45275e-16 1
4087.5 2.9839e-15 1.45275e-16 1
4089 3.04224e-15 1.45275e-16 1
4090.5 3.03687e-15 1.45275e-16 1
4092 3.0686e-15 1.45275e-16 1
4093.5 3.06652e-15 1.45275e-16 1
4095 3.05027e-15 1.45275e-16 1
4096.5 3.12084e-15 1.45275e-16 1
4098 3.20492e-15 1.45275e-16 1
4099.5 3.27058e-15 1.45275e-16 1
4101 3.14868e-15 1.45275e-16 1
4102.5 3.0657e-15 1.45275e-16 1
4104 3.13198e-15 1.45275e-16 1
4105.5 3.23651e-15 1.45275e-16 1
4107 3.3303e-15 1.45275e-16 1
4108.5 3.24599e-15 1.45275e-16 1
4110 3.23259e-15 1.45275e-16 1
4111.5 3.27235e-15 1.45275e-16 1
4113 3.2667e-15 1.45275e-16 1
4114.5 3.21848e-15 1.45275e-16 1
4116 3.21886e-15 1.45275e-16 1
4117.5 3.25769e-15 1.45275e-16 1
4119 3.35991e-15 1.45275e-16 1
4120.5 3.47413e-15 1.07015e-16 1
4122 3.42841e-15 1.07015e-16 1
4123.5 3.32119e-15 1.07015e-16 1
4125 3.303e-15 1.07015e-16 1
4126.5 3.29483e-15 1.07015e-16 1
4128 3.36017e-15 1.07015e-16 1
4129.5 3.40687e-15 1.07015e-16 1
4131 3.34593e-15 1.07015e-16 1
4132.5 3.27538e-15 1.07015e-16 1
4134 3.29349e-15 1.07015e-16 1
4135.5 3.30689e-15 1.07015e-16 1
4137 3.32926e-15 1.07015e-16 1
4138.5 3.26285e-15 1.07015e-16 1
4140 3.16148e-15 1.07015e-16 1
4141.5 3.15153e-15 1.07015e-16 1
4143 3.18963e-15 1.07015e-16 1
4144.5 3.08103e-15 1.07015e-16 1
4146 3.16742e-15 1.07015e-16 1
4147.5 3.01185e-15 1.07015e-16 1
4149 3.00124e-15 1.07015e-16 1
4150.5 3.05955e-15 1.07015e-16 1
4152 3.09181e-15 1.07015e-16 1
4153.5 3.18626e-15 1.07015e-16 1
4155 3.21016e-15 1.07015e-16 1
4156.5 3.08052e-15 1.07015e-16 1
4158 3.18819e-15 1.07015e-16 1
4159.5 3.11194e-15 1.07015e-16 1
4161 3.07344e-15 1.07015e-16 1
4162.5 3.17123e-15 1.07015e-16 1
4164 3.21213e-15 1.07015e-16 1
4165.5 3.2312e-15 1.07015e-16 1
4167 3.21061e-15 1.07015e-16 1
4168.5 3.09126e-15 1.07015e-16 1
4170 3.08007e-15 1.07015e-16 1
4171.5 3.13641e-15 1.07015e-16 1
4173 3.16986e-15 1.07015e-16 1
4174.5 3.23074e-15 1.07015e-16 1
4176 3.19228e-15 1.07015e-16 1
4177.5 3.10115e-15 1.07015e-16 1
4179 3.07451e-15 1.07015e-16 1
4180.5 3.08961e-15 1.07015e-16 1
4182 3.11347e-15 1.07015e-16 1
4183.5 3.21021e-15 1.07015e-16 1
4185 3.16429e-15 1.07015e-16 1
4186.5 3.11005e-15 1.07015e-16 1
4188 3.24042e-15 1.07015e-16 1
4189.5 3.27169e-15 1.07015e-16 1
4191 3.20224e-15 1.07015e-16 1
4192.5 3.247e-15 1.07015e-16 1
4194 3.29453e-15 1.07015e-16 1
4195.5 3.32616e-15 1.07015e-16 1
4197 3.28715e-15 1.07015e-16 1
4198.5 3.24209e-15 1.07015e-16 1
4200 3.31684e-15 1.07015e-16 1
4201.5 3.34079e-15 1.07015e-16 1
4203 3.33694e-15 1.07015e-16 1
4204.5 3.36091e-15 1.07015e-16 1
4206 3.43439e-15 1.07015e-16 1
4207.5 3.50681e-15 1.07015e-16 1
4209 3.46062e-15 1.07015e-16 1
4210.5 3.40248e-15 1.07015e-16 1
4212 3.39256e-15 1.07015e-16 1
4213.5 3.52575e-15 1.07015e-16 1
4215 3.60522e-15 1.07015e-16 1
4216.5 3.55878e-15 1.07015e-16 1
4218 3.57692e-15 1.07015e-16 1
4219.5 3.58707e-15 1.07015e-16 1
4221 3.65709e-15 1.22629e-16 1
4222.5 3.71452e-15 1.22629e-16 1
4224 3.66584e-15 1.22629e-16 1
4225.5 3.64371e-15 1.22629e-16 1
4227 3.63003e-15 1.22629e-16 1
4228.5 3.72809e-15 1.22629e-16 1
4230 3.80705e-15 1.22629e-16 1
4231.5 3.71793e-15 1.22629e-16 1
4233 3.78117e-15 1.22629e-16 1
4234.5 3.72613e-15 1.22629e-16 1
4236 3.7916e-15 1.22629e-16 1
4237.5 3.91237e-15 1.22629e-16 1
4239 3.89144e-15 1.22629e-16 1
4240.5 3.80788e-15 1.22629e-16 1
4242 3.7941e-15 1.22629e-16 1
4243.5 3.81952e-15 1.22629e-16 1
4245 3.84292e-15 1.22629e-16 1
4246.5 3.79021e-15 1.22629e-16 1
4248 3.70985e-15 1.22629e-16 1
4249.5 3.74689e-15 1.22629e-16 1
4251 3.81656e-15 1.22629e-16 1
4252.5 3.7832e-15 1.22629e-16 1
4254 3.77173e-15 1.22629e-16 1
4255.5 3.65504e-15 1.22629e-16 1
4257 3.61413e-15 1.22629e-16 1
4258.5 3.58651e-15 1.22629e-16 1
4260 3.51536e-15 1.22629e-16 1
4261.5 3.48188e-15 1.22629e-16 1
4263 3.534e-15 1.22629e-16 1
4264.5 3.60585e-15 1.22629e-16 1
4266 3.64384e-15 1.22629e-16 1
4267.5 3.61838e-15 1.22629e-16 1
4269 3.56018e-15 1.22629e-16 1
4270.5 3.48448e-15 1.22629e-16 1
4272 3.4974e-15 1.22629e-16 1
4273.5 3.53397e-15 1.22629e-16 1
4275 3.49259e-15 1.22629e-16 1
4276.5 3.46665e-15 1.22629e-16 1
4278 3.50063e-15 1.22629e-16 1
4279.5 3.56417e-15 1.22629e-16 1
4281 3.56919e-15 1.22629e-16 1
4282.5 3.59705e-15 1.22629e-16 1
4284 3.52137e-15 1.22629e-16 1
4285.5 3.55959e-15 1.22629e-16 1
4287 3.51466e-15 1.22629e-16 1
4288.5 3.44326e-15 1.22629e-16 1
4290 3.41997e-15 1.22629e-16 1
4291.5 3.44485e-15 1.22629e-16 1
4293 3.62855e-15 1.22629e-16 1
4294.5 3.5456e-15 1.22629e-16 1
4296 3.58007e-15 1.22629e-16 1
4297.5 3.58978e-15 1.22629e-16 1
4299 3.52155e-15 1.22629e-16 1
4300.5 3.56574e-15 1.22629e-16 1
4302 3.5033e-15 1.22629e-16 1
4303.5 3.41644e-15 1.22629e-16 1
4305 3.37764e-15 1.22629e-16 1
4306.5 3.46875e-15 1.22629e-16 1
4308 3.42404e-15 1.22629e-16 1
4309.5 3.4664e-15 1.22629e-16 1
4311 3.52876e-15 1.22629e-16 1
4312.5 3.37297e-15 1.22629e-16 1
4314 3.38683e-15 1.22629e-16 1
4315.5 3.30522e-15 1.22629e-16 1
4317 3.17452e-15 1.22629e-16 1
4318.5 3.17517e-15 1.22629e-16 1
4320 3.17735e-15 6.20283e-17 1
4321.5 3.12737e-15 6.20283e-17 1
4323 3.13875e-15 6.20283e-17 1
4324.5 3.16261e-15 6.20283e-17 1
4326 3.18389e-15 6.20283e-17 1
4327.5 3.21805e-15 6.20283e-17 1
4329 3.16224e-15 6.20283e-17 1
4330.5 3.10668e-15 6.20283e-17 1
4332 3.08964e-15 6.20283e-17 1
4333.5 3.1456e-15 6.20283e-17 1
4335 3.21172e-15 6.20283e-17 1
4336.5 3.28252e-15 6.20283e-17 1
4338 3.27278e-15 6.20283e-17 1
4339.5 3.25092e-15 6.20283e-17 1
4341 3.31367e-15 6.20283e-17 1
4342.5 3.23581e-15 6.20283e-17 1
4344 3.12666e-15 6.20283e-17 1
4345.5 3.17717e-15 6.20283e-17 1
4347 3.22716e-15 6.20283e-17 1
4348.5 3.22084e-15 6.20283e-17 1
4350 3.17768e-15 6.20283e-17 1
4351.5 3.22397e-15 6.20283e-17 1
4353 3.34938e-15 6.20283e-17 1
4354.5 3.32692e-15 6.20283e-17 1
4356 3.24338e-15 6.20283e-17 1
4357.5 3.21313e-15 6.20283e-17 1
4359 3.16575e-15 6.20283e-17 1
4360.5 3.28803e-15 6.20283e-17 1
4362 3.28491e-15 6.20283e-17 1
4363.5 3.14684e-15 6.20283e-17 1
4365 3.2003e-15 6.20283e-17 1
4366.5 3.22677e-15 6.20283e-17 1
4368 3.18955e-15 6.20283e-17 1
4369.5 3.19344e-15 6.20283e-17 1
4371 3.14734e-15 6.20283e-17 1
4372.5 3.08786e-15 6.20283e-17 1
4374 3.10323e-15 6.20283e-17 1
4375.5 3.06589e-15 6.20283e-17 1
4377 3.06746e-15 6.20283e-17 1
4378.5 3.06604e-15 6.20283e-17 1
4380 3.03879e-15 6.20283e-17 1
4381.5 2.95323e-15 6.20283e-17 1
4383 2.98684e-15 6.20283e-17 1
4384.5 3.05537e-15 6.20283e-17 1
4386 2.94583e-15 6.20283e-17 1
4387.5 2.84603e-15 6.20283e-17 1
4389 2.83052e-15 6.20283e-17 1
4390.5 2.81905e-15 6.20283e-17 1
4392 2.83261e-15 6.20283e-17 1
4393.5 2.82718e-15 6.20283e-17 1
4395 2.78706e-15 6.20283e-17 1
4396.5 2.74583e-15 6.20283e-17 1
4398 2.72868e-15 6.20283e-17 1
4399.5 2.66497e-15 6.20283e-17 1
4401 2.57065e-15 6.20283e-17 1
4402.5 2.53988e-15 6.20283e-17 1
4404 2.56726e-15 6.20283e-17 1
4405.5 2.57494e-15 6.20283e-17 1
4407 2.53987e-15 6.20283e-17 1
4408.5 2.51031e-15 6.20283e-17 1
4410 2.43065e-15 6.20283e-17 1
4411.5 2.39209e-15 6.20283e-17 1
4413 2.42266e-15 6.20283e-17 1
4414.5 2.37737e-15 6.20283e-17 1
4416 2.35094e-15 6.20283e-17 1
4417.5 2.3047e-15 6.20283e-17 1
4419 2.23894e-15 6.20283e-17 1
4420.5 2.27596e-15 5.03883e-17 1
4422 2.28427e-15 5.03883e-17 1
4423.5 2.23108e-15 5.03883e-17 1
4425 2.22945e-15 5.03883e-17 1
4426.5 2.20207e-15 5.03883e-17 1
4428 2.18512e-15 5.03883e-17 1
4429.5 2.18244e-15 5.03883e-17 1
4431 2.21947e-15 5.03883e-17 1
4432.5 2.11622e-15 5.03883e-17 1
4434 2.12757e-15 5.03883e-17 1
4435.5 2.11514e-15 5.03883e-17 1
4437 2.09825e-15 5.03883e-17 1
4438.5 2.13145e-15 5.03883e-17 1
4440 2.0371e-15 5.03883e-17 1
4441.5 1.98072e-15 5.03883e-17 1
4443 1.93999e-15 5.03883e-17 1
4444.5 1.97478e-15 5.03883e-17 1
4446 2.12298e-15 5.03883e-17 1
4447.5 1.99099e-15 5.03883e-17 1
4449 1.97413e-15 5.03883e-17 1
4450.5 1.90211e-15 5.03883e-17 1
4452 1.89298e-15 5.03883e-17 1
4453.5 1.85425e-15 5.03883e-17 1
4455 1.93178e-15 5.03883e-17 1
4456.5 1.94323e-15 5.03883e-17 1
4458 1.85757e-15 5.03883e-17 1
4459.5 1.87567e-15 5.03883e-17 1
4461 1.83546e-15 5.03883e-17 1
4462.5 1.84059e-15 5.03883e-17 1
4464 1.77879e-15 5.03883e-17 1
4465.5 1.84708e-15 5.03883e-17 1
4467 1.87614e-15 5.03883e-17 1
4468.5 1.87214e-15 5.03883e-17 1
4470 1.82807e-15 5.03883e-17 1
4471.5 1.83748e-15 5.03883e-17 1
4473 1.87259e-15 5.03883e-17 1
4474.5 1.84145e-15 5.03883e-17 1
4476 1.79173e-15 5.03883e-17 1
4477.5 1.7835e-15 5.03883e-17 1
4479 1.86547e-15 5.03883e-17 1
4480.5 1.97098e-15 5.03883e-17 1
4482 1.98081e-15 5.03883e-17 1
4483.5 1.93537e-15 5.03883e-17 1
4485 1.91913e-15 5.03883e-17 1
4486.5 1.95768e-15 5.03883e-17 1
4488 1.96692e-15 5.03883e-17 1
4489.5 1.98709e-15 5.03883e-17 1
4491 2.0521e-15 5.03883e-17 1
4492.5 2.05609e-15 5.03883e-17 1
4494 1.97813e-15 5.03883e-17 1
4495.5 2.00336e-15 5.03883e-17 1
4497 2.05638e-15 5.03883e-17 1
4498.5 2.04663e-15 5.03883e-17 1
4500 2.08415e-15 5.03883e-17 1
4501.5 2.10064e-15 5.03883e-17 1
4503 2.20288e-15 5.03883e-17 1
4504.5 2.28225e-15 5.03883e-17 1
4506 2.25674e-15 5.03883e-17 1
4507.5 2.20479e-15 5.03883e-17 1
4509 2.29915e-15 5.03883e-17 1
4510.5 2.36938e-15 5.03883e-17 1
4512 2.31775e-15 5.03883e-17 1
4513.5 2.37406e-15 5.03883e-17 1
4515 2.41211e-15 5.03883e-17 1
4516.5 2.45874e-15 5.03883e-17 1
4518 2.48376e-15 5.03883e-17 1
4519.5 2.43629e-15 5.03883e-17 1
4521 2.46655e-15 7.30892e-17 1
4522.5 2.33429e-15 7.30892e-17 1
4524 2.35732e-15 7.30892e-17 1
4525.5 2.42876e-15 7.30892e-17 1
4527 2.41915e-15 7.30892e-17 1
4528.5 2.43485e-15 7.30892e-17 1
4530 2.56377e-15 7.30892e-17 1
4531.5 2.60108e-15 7.30892e-17 1
4533 2.63063e-15 7.30892e-17 1
4534.5 2.61164e-15 7.30892e-17 1
4536 2.71728e-15 7.30892e-17 1
4537.5 2.7254e-15 7.30892e-17 1
4539 2.63336e-15 7.30892e-17 1
4540.5 2.64849e-15 7.30892e-17 1
4542 2.74839e-15 7.30892e-17 1
4543.5 2.76947e-15 7.30892e-17 1
4545 2.76246e-15 7.30892e-17 1
4546.5 2.81493e-15 7.30892e-17 1
4548 2.86491e-15 7.30892e-17 1
4549.5 2.89013e-15 7.30892e-17 1
4551 2.86765e-15 7.30892e-17 1
4552.5 2.84109e-15 7.30892e-17 1
4554 2.82992e-15 7.30892e-17 1
4555.5 2.85483e-15 7.30892e-17 1
4557 2.89418e-15 7.30892e-17 1
4558.5 2.94837e-15 7.30892e-17 1
4560 2.95076e-15 7.30892e-17 1
4561.5 2.96245e-15 7.30892e-17 1
4563 3.02196e-15 7.30892e-17 1
4564.5 3.01852e-15 7.30892e-17 1
4566 3.0234e-15 7.30892e-17 1
4567.5 3.04982e-15 7.30892e-17 1
4569 3.06932e-15 7.30892e-17 1
4570.5 3.13894e-15 7.30892e-17 1
4572 3.23571e-15 7.30892e-17 1
4573.5 3.27912e-15 7.30892e-17 1
4575 3.25247e-15 7.30892e-17 1
4576.5 3.25306e-15 7.30892e-17 1
4578 3.33181e-15 7.30892e-17 1
4579.5 3.40453e-15 7.30892e-17 1
4581 3.3586e-15 7.30892e-17 1
4582.5 3.41591e-15 7.30892e-17 1
4584 3.46958e-15 7.30892e-17 1
4585.5 3.53089e-15 7.30892e-17 1
4587 3.60248e-15 7.30892e-17 1
4588.5 3.65965e-15 7.30892e-17 1
4590 3.70596e-15 7.30892e-17 1
4591.5 3.73206e-15 7.30892e-17 1
4593 3.83447e-15 7.30892e-17 1
4594.5 3.86036e-15 7.30892e-17 1
4596 3.89863e-15 7.30892e-17 1
4597.5 3.91569e-15 7.30892e-17 1
4599 3.97963e-15 7.30892e-17 1
4600.5 4.08126e-15 7.30892e-17 1
4602 4.05889e-15 7.30892e-17 1
4603.5 4.02489e-15 7.30892e-17 1
4605 4.07631e-15 7.30892e-17 1
4606.5 4.15938e-15 7.30892e-17 1
4608 4.26417e-15 7.30892e-17 1
4609.5 4.26415e-15 7.30892e-17 1
4611 4.23359e-15 7.30892e-17 1
4612.5 4.267e-15 7.30892e-17 1
4614 4.26532e-15 7.30892e-17 1
4615.5 4.31212e-15 7.30892e-17 1
4617 4.37006e-15 7.30892e-17 1
4618.5 4.41296e-15 7.30892e-17 1
4620 4.42017e-15 1.13514e-16 1
4621.5 4.42048e-15 1.13514e-16 1
4623 4.48968e-15 1.13514e-16 1
4624.5 4.50275e-15 1.13514e-16 1
4626 4.4852e-15 1.13514e-16 1
4627.5 4.49635e-15 1.13514e-16 1
4629 4.50993e-15 1.13514e-16 1
4630.5 4.53533e-15 1.13514e-16 1
4632 4.55807e-15 1.13514e-16 1
4633.5 4.64403e-15 1.13514e-16 1
4635 4.68687e-15 1.13514e-16 1
4636.5 4.68065e-15 1.13514e-16 1
4638 4.70879e-15 1.13514e-16 1
4639.5 4.72071e-15 1.13514e-16 1
4641 4.68939e-15 1.13514e-16 1
4642.5 4.63852e-15 1.13514e-16 1
4644 4.64914e-15 1.13514e-16 1
4645.5 4.73214e-15 1.13514e-16 1
4647 4.74399e-15 1.13514e-16 1
4648.5 4.75689e-15 1.13514e-16 1
4650 4.73104e-15 1.13514e-16 1
4651.5 4.69119e-15 1.13514e-16 1
4653 4.82134e-15 1.13514e-16 1
4654.5 4.84427e-15 1.13514e-16 1
4656 4.80879e-15 1.13514e-16 1
4657.5 4.80965e-15 1.13514e-16 1
4659 4.92802e-15 1.13514e-16 1
4660.5 4.93636e-15 1.13514e-16 1
4662 4.83782e-15 1.13514e-16 1
4663.5 4.83732e-15 1.13514e-16 1
4665 4.84116e-15 1.13514e-16 1
4666.5 4.86166e-15 1.13514e-16 1
4668 4.88415e-15 1.13514e-16 1
4669.5 4.8381e-15 1.13514e-16 1
4671 4.96115e-15 1.13514e-16 1
4672.5 5.08174e-15 1.13514e-16 1
4674 5.04546e-15 1.13514e-16 1
4675.5 4.95441e-15 1.13514e-16 1
4677 4.97007e-15 1.13514e-16 1
4678.5 4.97426e-15 1.13514e-16 1
4680 4.95621e-15 1.13514e-16 1
4681.5 4.89305e-15 1.13514e-16 1
4683 4.86194e-15 1.13514e-16 1
4684.5 4.90808e-15 1.13514e-16 1
4686 4.94864e-15 1.13514e-16 1
4687.5 4.86978e-15 1.13514e-16 1
4689 4.80509e-15 1.13514e-16 1
4690.5 4.91836e-15 1.13514e-16 1
4692 4.89485e-15 1.13514e-16 1
4693.5 4.83082e-15 1.13514e-16 1
4695 4.81491e-15 1.13514e-16 1
4696.5 4.74136e-15 1.13514e-16 1
4698 4.65871e-15 1.13514e-16 1
4699.5 4.63755e-15 1.13514e-16 1
4701 4.66361e-15 1.13514e-16 1
4702.5 4.56285e-15 1.13514e-16 1
4704 4.41731e-15 1.13514e-16 1
4705.5 4.41435e-15 1.13514e-16 1
4707 4.40552e-15 1.13514e-16 1
4708.5 4.30921e-15 1.13514e-16 1
4710 4.32855e-15 1.13514e-16 1
4711.5 4.26733e-15 1.13514e-16 1
4713 4.07105e-15 1.13514e-16 1
4714.5 4.06661e-15 1.13514e-16 1
4716 4.06108e-15 1.13514e-16 1
4717.5 4.00409e-15 1.13514e-16 1
4719 3.9429e-15 1.13514e-16 1
4720.5 3.75524e-15 8.85584e-17 1
4722 3.72611e-15 8.85584e-17 1
4723.5 3.75335e-15 8.85584e-17 1
4725 3.72727e-15 8.85584e-17 1
4726.5 3.66683e-15 8.85584e-17 1
4728 3.57493e-15 8.85584e-17 1
4729.5 3.61756e-15 8.85584e-17 1
4731 3.5762e-15 8.85584e-17 1
4732.5 3.4592e-15 8.85584e-17 1
4734 3.48131e-15 8.85584e-17 1
4735.5 3.45053e-15 8.85584e-17 1
4737 3.36081e-15 8.85584e-17 1
4738.5 3.3548e-15 8.85584e-17 1
4740 3.41913e-15 8.85584e-17 1
4741.5 3.40426e-15 8.85584e-17 1
4743 3.28629e-15 8.85584e-17 1
4744.5 3.31035e-15 8.85584e-17 1
4746 3.3183e-15 8.85584e-17 1
4747.5 3.21756e-15 8.85584e-17 1
4749 3.14323e-15 8.85584e-17 1
4750.5 3.13359e-15 8.85584e-17 1
4752 3.21166e-15 8.85584e-17 1
4753.5 3.21937e-15 8.85584e-17 1
4755 3.20359e-15 8.85584e-17 1
4756.5 3.19503e-15 8.85584e-17 1
4758 3.22663e-15 8.85584e-17 1
4759.5 3.1453e-15 8.85584e-17 1
4761 3.08781e-15 8.85584e-17 1
4762.5 3.06356e-15 8.85584e-17 1
4764 3.02452e-15 8.85584e-17 1
4765.5 3.09424e-15 8.85584e-17 1
4767 3.16652e-15 8.85584e-17 1
4768.5 3.07005e-15 8.85584e-17 1
4770 3.01028e-15 8.85584e-17 1
4771.5 2.95882e-15 8.85584e-17 1
4773 2.91339e-15 8.85584e-17 1
4774.5 2.94981e-15 8.85584e-17 1
4776 2.96768e-15 8.85584e-17 1
4777.5 2.93273e-15 8.85584e-17 1
4779 2.95388e-15 8.85584e-17 1
4780.5 2.87571e-15 8.85584e-17 1
4782 2.80914e-15 8.85584e-17 1
4783.5 2.85633e-15 8.85584e-17 1
4785 2.8636e-15 8.85584e-17 1
4786.5 2.77657e-15 8.85584e-17 1
4788 2.8109e-15 8.85584e-17 1
4789.5 2.75941e-15 8.85584e-17 1
4791 2.67651e-15 8.85584e-17 1
4792.5 2.64094e-15 8.85584e-17 1
4794 2.61075e-15 8.85584e-17 1
4795.5 2.60085e-15 8.85584e-17 1
4797 2.54487e-15 8.85584e-17 1
4798.5 2.50778e-15 8.85584e-17 1
4800 2.49248e-15 8.85584e-17 1
4801.5 2.44054e-15 8.85584e-17 1
4803 2.45551e-15 8.85584e-17 1
4804.5 2.41319e-15 8.85584e-17 1
4806 2.2418e-15 8.85584e-17 1
4807.5 2.22536e-15 8.85584e-17 1
4809 2.18701e-15 8.85584e-17 1
4810.5 2.19092e-15 8.85584e-17 1
4812 2.10046e-15 8.85584e-17 1
4813.5 2.05058e-15 8.85584e-17 1
4815 2.00978e-15 8.85584e-17 1
4816.5 1.98965e-15 8.85584e-17 1
4818 2.01805e-15 8.85584e-17 1
4819.5 1.98716e-15 8.85584e-17 1
4821 1.96152e-15 8.0672e-17 1
4822.5 1.99792e-15 8.0672e-17 1
4824 1.99216e-15 8.0672e-17 1
4825.5 1.99352e-15 8.0672e-17 1
4827 1.93949e-15 8.0672e-17 1
4828.5 1.94887e-15 8.0672e-17 1
4830 2.00147e-15 8.0672e-17 1
4831.5 1.97526e-15 8.0672e-17 1
4833 1.99317e-15 8.0672e-17 1
4834.5 1.96479e-15 8.0672e-17 1
4836 1.99601e-15 8.0672e-17 1
4837.5 2.04145e-15 8.0672e-17 1
4839 2.02856e-15 8.0672e-17 1
4840.5 1.98975e-15 8.0672e-17 1
4842 2.07485e-15 8.0672e-17 1
4843.5 2.18306e-15 8.0672e-17 1
4845 2.16314e-15 8.0672e-17 1
4846.5 2.16323e-15 8.0672e-17 1
4848 2.16806e-15 8.0672e-17 1
4849.5 2.13909e-15 8.0672e-17 1
4851 2.14584e-15 8.0672e-17 1
4852.5 2.16541e-15 8.0672e-17 1
4854 2.18395e-15 8.0672e-17 1
4855.5 2.17584e-15 8.0672e-17 1
4857 2.2317e-15 8.0672e-17 1
4858.5 2.29435e-15 8.0672e-17 1
4860 2.27202e-15 8.0672e-17 1
4861.5 2.27768e-15 8.0672e-17 1
4863 2.28631e-15 8.0672e-17 1
4864.5 2.27044e-15 8.0672e-17 1
4866 2.21169e-15 8.0672e-17 1
4867.5 2.24771e-15 8.0672e-17 1
4869 2.29034e-15 8.0672e-17 1
4870.5 2.27163e-15 8.0672e-17 1
4872 2.29793e-15 8.0672e-17 1
4873.5 2.25857e-15 8.0672e-17 1
4875 2.20793e-15 8.0672e-17 1
4876.5 2.17411e-15 8.0672e-17 1
4878 2.24751e-15 8.0672e-17 1
4879.5 2.23042e-15 8.0672e-17 1
4881 2.2609e-15 8.0672e-17 1
4882.5 2.26355e-15 8.0672e-17 1
4884 2.16884e-15 8.0672e-17 1
4885.5 2.19597e-15 8.0672e-17 1
4887 2.09879e-15 8.0672e-17 1
4888.5 2.13765e-15 8.0672e-17 1
4890 2.12036e-15 8.0672e-17 1
4891.5 2.05299e-15 8.0672e-17 1
4893 2.09275e-15 8.0672e-17 1
4894.5 2.08463e-15 8.0672e-17 1
4896 2.06544e-15 8.0672e-17 1
4897.5 2.04502e-15 8.0672e-17 1
4899 2.00634e-15 8.0672e-17 1
4900.5 1.98822e-15 8.0672e-17 1
4902 2.01438e-15 8.0672e-17 1
4903.5 1.96507e-15 8.0672e-17 1
4905 1.9566e-15 8.0672e-17 1
4906.5 1.94153e-15 8.0672e-17 1
4908 1.92183e-15 8.0672e-17 1
4909.5 1.91414e-15 8.0672e-17 1
4911 1.87616e-15 8.0672e-17 1
4912.5 1.88237e-15 8.0672e-17 1
4914 1.91433e-15 8.0672e-17 1
4915.5 1.91925e-15 8.0672e-17 1
4917 1.89617e-15 8.0672e-17 1
4918.5 1.86758e-15 8.0672e-17 1
4920 1.90289e-15 4.95775e-17 1
4921.5 1.92815e-15 4.95775e-17 1
4923 1.90579e-15 4.95775e-17 1
4924.5 1.87504e-15 4.95775e-17 1
4926 1.85277e-15 4.95775e-17 1
4927.5 1.89703e-15 4.95775e-17 1
4929 1.90471e-15 4.95775e-17 1
4930.5 1.93882e-15 4.95775e-17 1
4932 1.97627e-15 4.95775e-17 1
4933.5 1.95493e-15 4.95775e-17 1
4935 1.96828e-15 4.95775e-17 1
4936.5 1.95411e-15 4.95775e-17 1
4938 2.00459e-15 4.95775e-17 1
4939.5 1.99851e-15 4.95775e-17 1
4941 2.02868e-15 4.95775e-17 1
4942.5 2.05409e-15 4.95775e-17 1
4944 2.08043e-15 4.95775e-17 1
4945.5 2.07658e-15 4.95775e-17 1
4947 2.13777e-15 4.95775e-17 1
4948.5 2.16755e-15 4.95775e-17 1
4950 2.19039e-15 4.95775e-17 1
4951.5 2.18607e-15 4.95775e-17 1
4953 2.23266e-15 4.95775e-17 1
4954.5 2.22844e-15 4.95775e-17 1
4956 2.24371e-15 4.95775e-17 1
4957.5 2.27945e-15 4.95775e-17 1
4959 2.29852e-15 4.95775e-17 1
4960.5 2.34634e-15 4.95775e-17 1
4962 2.37203e-15 4.95775e-17 1
4963.5 2.47649e-15 4.95775e-17 1
4965 2.4509e-15 4.95775e-17 1
4966.5 2.49203e-15 4.95775e-17 1
4968 2.51426e-15 4.95775e-17 1
4969.5 2.58338e-15 4.95775e-17 1
4971 2.56467e-15 4.95775e-17 1
4972.5 2.54481e-15 4.95775e-17 1
4974 2.56631e-15 4.95775e-17 1
4975.5 2.59368e-15 4.95775e-17 1
4977 2.61898e-15 4.95775e-17 1
4978.5 2.69372e-15 4.95775e-17 1
4980 2.70712e-15 4.95775e-17 1
4981.5 2.68421e-15 4.95775e-17 1
4983 2.76878e-15 4.95775e-17 1
4984.5 2.73392e-15 4.95775e-17 1
4986 2.68362e-15 4.95775e-17 1
4987.5 2.72431e-15 4.95775e-17 1
4989 2.799e-15 4.95775e-17 1
4990.5 2.8048e-15 4.95775e-17 1
4992 2.77107e-15 4.95775e-17 1
4993.5 2.7537e-15 4.95775e-17 1
4995 2.76057e-15 4.95775e-17 1
4996.5 2.74246e-15 4.95775e-17 1
4998 2.70043e-15 4.95775e-17 1
4999.5 2.79407e-15 4.95775e-17 1
5001 2.82007e-15 4.95775e-17 1
5002.5 2.81862e-15 4.95775e-17 1
5004 2.74381e-15 4.95775e-17 1
5005.5 2.72602e-15 4.95775e-17 1
5007 2.71967e-15 4.95775e-17 1
5008.5 2.72799e-15 4.95775e-17 1
5010 2.7388e-15 4.95775e-17 1
5011.5 2.67114e-15 4.95775e-17 1
5013 2.6657e-15 4.95775e-17 1
5014.5 2.70698e-15 4.95775e-17 1
5016 2.70533e-15 4.95775e-17 1
5017.5 2.59037e-15 4.95775e-17 1
5019 2.53714e-15 4.95775e-17 1
5020.5 2.5703e-15 4.77344e-17 1
5022 2.551e-15 4.77344e-17 1
5023.5 2.50474e-15 4.77344e-17 1
5025 2.51489e-15 4.77344e-17 1
5026.5 2.56036e-15 4.77344e-17 1
5028 2.48618e-15 4.77344e-17 1
5029.5 2.45139e-15 4.77344e-17 1
5031 2.4154e-15 4.77344e-17 1
5032.5 2.39252e-15 4.77344e-17 1
5034 2.3177e-15 4.77344e-17 1
5035.5 2.33025e-15 4.77344e-17 1
5037 2.30336e-15 4.77344e-17 1
5038.5 2.19383e-15 4.77344e-17 1
5040 2.20493e-15 4.77344e-17 1
5041.5 2.24235e-15 4.77344e-17 1
5043 2.19188e-15 4.77344e-17 1
5044.5 2.16902e-15 4.77344e-17 1
5046 2.17399e-15 4.77344e-17 1
5047.5 2.13388e-15 4.77344e-17 1
5049 2.10089e-15 4.77344e-17 1
5050.5 2.10995e-15 4.77344e-17 1
5052 2.09951e-15 4.77344e-17 1
5053.5 2.0814e-15 4.77344e-17 1
5055 2.02794e-15 4.77344e-17 1
5056.5 1.98733e-15 4.77344e-17 1
5058 1.94987e-15 4.77344e-17 1
5059.5 1.95137e-15 4.77344e-17 1
5061 1.95963e-15 4.77344e-17 1
5062.5 1.96266e-15 4.77344e-17 1
5064 1.97525e-15 4.77344e-17 1
5065.5 1.92006e-15 4.77344e-17 1
5067 1.86021e-15 4.77344e-17 1
5068.5 1.8933e-15 4.77344e-17 1
5070 1.90932e-15 4.77344e-17 1
5071.5 1.84646e-15 4.77344e-17 1
5073 1.86013e-15 4.77344e-17 1
5074.5 1.91552e-15 4.77344e-17 1
5076 1.87951e-15 4.77344e-17 1
5077.5 1.8912e-15 4.77344e-17 1
5079 1.86299e-15 4.77344e-17 1
5080.5 1.86226e-15 4.77344e-17 1
5082 1.8643e-15 4.77344e-17 1
5083.5 1.89825e-15 4.77344e-17 1
5085 1.87875e-15 4.77344e-17 1
5086.5 1.87185e-15 4.77344e-17 1
5088 1.8428e-15 4.77344e-17 1
5089.5 1.85478e-15 4.77344e-17 1
5091 1.85466e-15 4.77344e-17 1
5092.5 1.83924e-15 4.77344e-17 1
5094 1.90399e-15 4.77344e-17 1
5095.5 1.91767e-15 4.77344e-17 1
5097 1.88225e-15 4.77344e-17 1
5098.5 1.97898e-15 4.77344e-17 1
5100 1.9636e-15 4.77344e-17 1
5101.5 1.89411e-15 4.77344e-17 1
5103 1.86733e-15 4.77344e-17 1
5104.5 1.96537e-15 4.77344e-17 1
5106 1.97046e-15 4.77344e-17 1
5107.5 1.95309e-15 4.77344e-17 1
5109 1.93459e-15 4.77344e-17 1
5110.5 1.94004e-15 4.77344e-17 1
5112 1.90911e-15 4.77344e-17 1
5113.5 1.95118e-15 4.77344e-17 1
5115 1.96672e-15 4.77344e-17 1
5116.5 1.97752e-15 4.77344e-17 1
5118 1.98836e-15 4.77344e-17 1
5119.5 2.05824e-15 4.77344e-17 1
5121 2.10333e-15 5.38501e-17 1
5122.5 2.04284e-15 5.38501e-17 1
5124 1.98918e-15 5.38501e-17 1
5125.5 1.9939e-15 5.38501e-17 1
5127 2.01762e-15 5.38501e-17 1
5128.5 2.03988e-15 5.38501e-17 1
5130 2.04991e-15 5.38501e-17 1
5131.5 2.05542e-15 5.38501e-17 1
5133 2.08395e-15 5.38501e-17 1
5134.5 2.11706e-15 5.38501e-17 1
5136 2.1347e-15 5.38501e-17 1
5137.5 2.14183e-15 5.38501e-17 1
5139 2.10935e-15 5.38501e-17 1
5140.5 2.10386e-15 5.38501e-17 1
5142 2.11181e-15 5.38501e-17 1
5143.5 2.16099e-15 5.38501e-17 1
5145 2.15753e-15 5.38501e-17 1
5146.5 2.11065e-15 5.38501e-17 1
5148 2.1311e-15 5.38501e-17 1
5149.5 2.14516e-15 5.38501e-17 1
5151 2.12416e-15 5.38501e-17 1
5152.5 2.15514e-15 5.38501e-17 1
5154 2.20598e-15 5.38501e-17 1
5155.5 2.24761e-15 5.38501e-17 1
5157 2.22522e-15 5.38501e-17 1
5158.5 2.18626e-15 5.38501e-17 1
5160 2.17847e-15 5.38501e-17 1
5161.5 2.19876e-15 5.38501e-17 1
5163 2.24151e-15 5.38501e-17 1
5164.5 2.24897e-15 5.38501e-17 1
5166 2.21779e-15 5.38501e-17 1
5167.5 2.23227e-15 5.38501e-17 1
5169 2.25342e-15 5.38501e-17 1
5170.5 2.26251e-15 5.38501e-17 1
5172 2.2716e-15 5.38501e-17 1
5173.5 2.2807e-15 5.38501e-17 1
5175 2.28979e-15 5.38501e-17 1
5176.5 2.29888e-15 5.38501e-17 1
5178 2.30798e-15 5.38501e-17 1
5179.5 2.31707e-15 5.38501e-17 1
5181 2.32617e-15 5.38501e-17 1
5182.5 2.33526e-15 5.38501e-17 1
5184 2.33526e-15 5.38501e-17 1
5185.5 2.35888e-15 5.38501e-17 1
5187 2.33751e-15 5.38501e-17 1
5188.5 2.28134e-15 5.38501e-17 1
5190 2.31872e-15 5.38501e-17 1
5191.5 2.29939e-15 5.38501e-17 1
5193 2.30827e-15 5.38501e-17 1
5194.5 2.34261e-15 5.38501e-17 1
5196 2.35412e-15 5.38501e-17 1
5197.5 2.35656e-15 5.38501e-17 1
5199 2.32188e-15 5.38501e-17 1
5200.5 2.33094e-15 5.38501e-17 1
5202 2.36248e-15 5.38501e-17 1
5203.5 2.36114e-15 5.38501e-17 1
5205 2.37971e-15 5.38501e-17 1
5206.5 2.41974e-15 5.38501e-17 1
5208 2.44181e-15 5.38501e-17 1
5209.5 2.43113e-15 5.38501e-17 1
5211 2.40222e-15 5.38501e-17 1
5212.5 2.43203e-15 5.38501e-17 1
5214 2.47899e-15 5.38501e-17 1
5215.5 2.50813e-15 5.38501e-17 1
5217 2.56919e-15 5.38501e-17 1
5218.5 2.56677e-15 5.38501e-17 1
5220 2.5483e-15 4.85255e-17 1
5221.5 2.6107e-15 4.85255e-17 1
5223 2.65996e-15 4.85255e-17 1
5224.5 2.69543e-15 4.85255e-17 1
5226 2.71905e-15 4.85255e-17 1
5227.5 2.74053e-15 4.85255e-17 1
5229 2.81046e-15 4.85255e-17 1
5230.5 2.81989e-15 4.85255e-17 1
5232 2.84231e-15 4.85255e-17 1
5233.5 2.82916e-15 4.85255e-17 1
5235 2.87225e-15 4.85255e-17 1
5236.5 2.9391e-15 4.85255e-17 1
5238 2.96305e-15 4.85255e-17 1
5239.5 2.94518e-15 4.85255e-17 1
5241 2.93577e-15 4.85255e-17 1
5242.5 2.93974e-15 4.85255e-17 1
5244 3.03822e-15 4.85255e-17 1
5245.5 3.03978e-15 4.85255e-17 1
5247 3.05954e-15 4.85255e-17 1
5248.5 3.07541e-15 4.85255e-17 1
5250 3.07758e-15 4.85255e-17 1
5251.5 3.14214e-15 4.85255e-17 1
5253 3.19122e-15 4.85255e-17 1
5254.5 3.20258e-15 4.85255e-17 1
5256 3.26062e-15 4.85255e-17 1
5257.5 3.24163e-15 4.85255e-17 1
5259 3.26185e-15 4.85255e-17 1
5260.5 3.29693e-15 4.85255e-17 1
5262 3.30005e-15 4.85255e-17 1
5263.5 3.31277e-15 4.85255e-17 1
5265 3.37042e-15 4.85255e-17 1
5266.5 3.39675e-15 4.85255e-17 1
5268 3.42623e-15 4.85255e-17 1
5269.5 3.43653e-15 4.85255e-17 1
5271 3.40083e-15 4.85255e-17 1
5272.5 3.42338e-15 4.85255e-17 1
5274 3.45007e-15 4.85255e-17 1
5275.5 3.4173e-15 4.85255e-17 1
5277 3.3915e-15 4.85255e-17 1
5278.5 3.44349e-15 4.85255e-17 1
5280 3.51359e-15 4.85255e-17 1
5281.5 3.49244e-15 4.85255e-17 1
5283 3.47289e-15 4.85255e-17 1
5284.5 3.53998e-15 4.85255e-17 1
5286 3.59844e-15 4.85255e-17 1
5287.5 3.55925e-15 4.85255e-17 1
5289 3.53809e-15 4.85255e-17 1
5290.5 3.58471e-15 4.85255e-17 1
5292 3.62904e-15 4.85255e-17 1
5293.5 3.65723e-15 4.85255e-17 1
5295 3.57798e-15 4.85255e-17 1
5296.5 3.56144e-15 4.85255e-17 1
5298 3.64051e-15 4.85255e-17 1
5299.5 3.63307e-15 4.85255e-17 1
5301 3.61485e-15 4.85255e-17 1
5302.5 3.57167e-15 4.85255e-17 1
5304 3.47878e-15 4.85255e-17 1
5305.5 3.53541e-15 4.85255e-17 1
5307 3.651e-15 4.85255e-17 1
5308.5 3.65714e-15 4.85255e-17 1
5310 3.584e-15 4.85255e-17 1
5311.5 3.53921e-15 4.85255e-17 1
5313 3.56188e-15 4.85255e-17 1
5314.5 3.55685e-15 4.85255e-17 1
5316 3.59552e-15 4.85255e-17 1
5317.5 3.57131e-15 4.85255e-17 1
5319 3.54542e-15 4.85255e-17 1
5320.5 3.54053e-15 3.79807e-17 1
5322 3.56913e-15 3.79807e-17 1
5323.5 3.5957e-15 3.79807e-17 1
5325 3.56655e-15 3.79807e-17 1
5326.5 3.54974e-15 3.79807e-17 1
5328 3.54628e-15 3.79807e-17 1
5329.5 3.5529e-15 3.79807e-17 1
5331 3.55244e-15 3.79807e-17 1
5332.5 3.53699e-15 3.79807e-17 1
5334 3.51031e-15 3.79807e-17 1
5335.5 3.55612e-15 3.79807e-17 1
5337 3.59948e-15 3.79807e-17 1
5338.5 3.57838e-15 3.79807e-17 1
5340 3.54315e-15 3.79807e-17 1
5341.5 3.59867e-15 3.79807e-17 1
5343 3.62313e-15 3.79807e-17 1
5344.5 3.57017e-15 3.79807e-17 1
5346 3.52921e-15 3.79807e-17 1
5347.5 3.52688e-15 3.79807e-17 1
5349 3.52642e-15 3.79807e-17 1
5350.5 3.53823e-15 3.79807e-17 1
5352 3.50952e-15 3.79807e-17 1
5353.5 3.43422e-15 3.79807e-17 1
5355 3.43634e-15 3.79807e-17 1
5356.5 3.4491e-15 3.79807e-17 1
5358 3.49464e-15 3.79807e-17 1
5359.5 3.51928e-15 3.79807e-17 1
5361 3.49758e-15 3.79807e-17 1
5362.5 3.46012e-15 3.79807e-17 1
5364 3.44521e-15 3.79807e-17 1
5365.5 3.4532e-15 3.79807e-17 1
5367 3.47478e-15 3.79807e-17 1
5368.5 3.47191e-15 3.79807e-17 1
5370 3.39899e-15 3.79807e-17 1
5371.5 3.40197e-15 3.79807e-17 1
5373 3.41954e-15 3.79807e-17 1
5374.5 3.39381e-15 3.79807e-17 1
5376 3.39354e-15 3.79807e-17 1
5377.5 3.35111e-15 3.79807e-17 1
5379 3.35205e-15 3.79807e-17 1
5380.5 3.36949e-15 3.79807e-17 1
5382 3.33202e-15 3.79807e-17 1
5383.5 3.33482e-15 3.79807e-17 1
5385 3.30997e-15 3.79807e-17 1
5386.5 3.30394e-15 3.79807e-17 1
5388 3.32942e-15 3.79807e-17 1
5389.5 3.2523e-15 3.79807e-17 1
5391 3.25415e-15 3.79807e-17 1
5392.5 3.18934e-15 3.79807e-17 1
5394 3.25306e-15 3.79807e-17 1
5395.5 3.28058e-15 3.79807e-17 1
5397 3.16108e-15 3.79807e-17 1
5398.5 3.20989e-15 3.79807e-17 1
5400 3.18882e-15 3.79807e-17 1
5401.5 3.13582e-15 3.79807e-17 1
5403 3.12482e-15 3.79807e-17 1
5404.5 3.11779e-15 3.79807e-17 1
5406 3.10572e-15 3.79807e-17 1
5407.5 3.13246e-15 3.79807e-17 1
5409 3.12838e-15 3.79807e-17 1
5410.5 3.14693e-15 3.79807e-17 1
5412 3.09439e-15 3.79807e-17 1
5413.5 3.09128e-15 3.79807e-17 1
5415 3.09418e-15 3.79807e-17 1
5416.5 3.03712e-15 3.79807e-17 1
5418 3.03044e-15 3.79807e-17 1
5419.5 3.05641e-15 3.79807e-17 1
5421 3.06802e-15 3.61099e-17 1
5422.5 3.03652e-15 3.61099e-17 1
5424 3.0404e-15 3.61099e-17 1
5425.5 3.04228e-15 3.61099e-17 1
5427 2.98964e-15 3.61099e-17 1
5428.5 2.97834e-15 3.61099e-17 1
5430 2.96319e-15 3.61099e-17 1
5431.5 2.91468e-15 3.61099e-17 1
5433 2.94714e-15 3.61099e-17 1
5434.5 2.97168e-15 3.61099e-17 1
5436 2.96978e-15 3.61099e-17 1
5437.5 2.97917e-15 3.61099e-17 1
5439 2.95802e-15 3.61099e-17 1
5440.5 2.94475e-15 3.61099e-17 1
5442 2.96214e-15 3.61099e-17 1
5443.5 2.99571e-15 3.61099e-17 1
5445 2.91714e-15 3.61099e-17 1
5446.5 2.89624e-15 3.61099e-17 1
5448 2.92466e-15 3.61099e-17 1
5449.5 2.89789e-15 3.61099e-17 1
5451 2.87737e-15 3.61099e-17 1
5452.5 2.83517e-15 3.61099e-17 1
5454 2.78274e-15 3.61099e-17 1
5455.5 2.82409e-15 3.61099e-17 1
5457 2.77673e-15 3.61099e-17 1
5458.5 2.80989e-15 3.61099e-17 1
5460 2.80174e-15 3.61099e-17 1
5461.5 2.83875e-15 3.61099e-17 1
5463 2.7178e-15 3.61099e-17 1
5464.5 2.7737e-15 3.61099e-17 1
5466 2.83694e-15 3.61099e-17 1
5467.5 2.73384e-15 3.61099e-17 1
5469 2.7755e-15 3.61099e-17 1
5470.5 2.74376e-15 3.61099e-17 1
5472 2.73245e-15 3.61099e-17 1
5473.5 2.79538e-15 3.61099e-17 1
5475 2.72473e-15 3.61099e-17 1
5476.5 2.69175e-15 3.61099e-17 1
5478 2.66397e-15 3.61099e-17 1
5479.5 2.69135e-15 3.61099e-17 1
5481 2.66555e-15 3.61099e-17 1
5482.5 2.64251e-15 3.61099e-17 1
5484 2.66716e-15 3.61099e-17 1
5485.5 2.66354e-15 3.61099e-17 1
5487 2.66829e-15 3.61099e-17 1
5488.5 2.61745e-15 3.61099e-17 1
5490 2.57389e-15 3.61099e-17 1
5491.5 2.59151e-15 3.61099e-17 1
5493 2.6364e-15 3.61099e-17 1
5494.5 2.60893e-15 3.61099e-17 1
5496 2.60724e-15 3.61099e-17 1
5497.5 2.60001e-15 3.61099e-17 1
5499 2.56593e-15 3.61099e-17 1
5500.5 2.54402e-15 3.61099e-17 1
5502 2.57154e-15 3.61099e-17 1
5503.5 2.68986e-15 3.61099e-17 1
5505 2.65553e-15 3.61099e-17 1
5506.5 2.57115e-15 3.61099e-17 1
5508 2.54846e-15 3.61099e-17 1
5509.5 2.53491e-15 3.61099e-17 1
5511 2.58052e-15 3.61099e-17 1
5512.5 2.56259e-15 3.61099e-17 1
5514 2.49559e-15 3.61099e-17 1
5515.5 2.52723e-15 3.61099e-17 1
5517 2.55213e-15 3.61099e-17 1
5518.5 2.52763e-15 3.61099e-17 1
5520 2.45322e-15 3.66122e-17 1
5521.5 2.50307e-15 3.66122e-17 1
5523 2.5375e-15 3.66122e-17 1
5524.5 2.50734e-15 3.66122e-17 1
5526 2.45964e-15 3.66122e-17 1
5527.5 2.54124e-15 3.66122e-17 1
5529 2.51686e-15 3.66122e-17 1
5530.5 2.49587e-15 3.66122e-17 1
5532 2.43029e-15 3.66122e-17 1
5533.5 2.4064e-15 3.66122e-17 1
5535 2.41893e-15 3.66122e-17 1
5536.5 2.48376e-15 3.66122e-17 1
5538 2.48206e-15 3.66122e-17 1
5539.5 2.45045e-15 3.66122e-17 1
5541 2.40885e-15 3.66122e-17 1
5542.5 2.40433e-15 3.66122e-17 1
5544 2.40788e-15 3.66122e-17 1
5545.5 2.37818e-15 3.66122e-17 1
5547 2.40859e-15 3.66122e-17 1
5548.5 2.43513e-15 3.66122e-17 1
5550 2.39409e-15 3.66122e-17 1
5551.5 2.42914e-15 3.66122e-17 1
5553 2.37283e-15 3.66122e-17 1
5554.5 2.34751e-15 3.66122e-17 1
5556 2.37635e-15 3.66122e-17 1
5557.5 2.34602e-15 3.66122e-17 1
5559 2.32714e-15 3.66122e-17 1
5560.5 2.33375e-15 3.66122e-17 1
5562 2.34648e-15 3.66122e-17 1
5563.5 2.36498e-15 3.66122e-17 1
5565 2.37037e-15 3.66122e-17 1
5566.5 2.37397e-15 3.66122e-17 1
5568 2.36137e-15 3.66122e-17 1
5569.5 2.31869e-15 3.66122e-17 1
5571 2.31685e-15 3.66122e-17 1
5572.5 2.34915e-15 3.66122e-17 1
5574 2.35038e-15 3.66122e-17 1
5575.5 2.33515e-15 3.66122e-17 1
5577 2.3187e-15 3.66122e-17 1
5578.5 2.30552e-15 3.66122e-17 1
5580 2.28066e-15 3.66122e-17 1
5581.5 2.24293e-15 3.66122e-17 1
5583 2.21589e-15 3.66122e-17 1
5584.5 2.2591e-15 3.66122e-17 1
5586 2.22548e-15 3.66122e-17 1
5587.5 2.18603e-15 3.66122e-17 1
5589 2.27151e-15 3.66122e-17 1
5590.5 2.3017e-15 3.66122e-17 1
5592 2.19693e-15 3.66122e-17 1
5593.5 2.17267e-15 3.66122e-17 1
5595 2.15244e-15 3.66122e-17 1
5596.5 2.08941e-15 3.66122e-17 1
5598 2.12728e-15 3.66122e-17 1
5599.5 2.17259e-15 3.66122e-17 1
5601 2.15903e-15 3.66122e-17 1
5602.5 2.14978e-15 3.66122e-17 1
5604 2.11225e-15 3.66122e-17 1
5605.5 2.0597e-15 3.66122e-17 1
5607 2.07348e-15 3.66122e-17 1
5608.5 2.05342e-15 3.66122e-17 1
5610 2.02596e-15 3.66122e-17 1
5611.5 2.03837e-15 3.66122e-17 1
5613 2.08561e-15 3.66122e-17 1
5614.5 2.02906e-15 3.66122e-17 1
5616 1.99124e-15 3.66122e-17 1
5617.5 2.05522e-15 3.66122e-17 1
5619 2.09075e-15 3.66122e-17 1
5620.5 2.04718e-15 3.04136e-17 1
5622 1.96676e-15 3.04136e-17 1
5623.5 1.95069e-15 3.04136e-17 1
5625 1.99786e-15 3.04136e-17 1
5626.5 1.99636e-15 3.04136e-17 1
5628 1.94531e-15 3.04136e-17 1
5629.5 1.94556e-15 3.04136e-17 1
5631 1.94569e-15 3.04136e-17 1
5632.5 1.88782e-15 3.04136e-17 1
5634 1.85121e-15 3.04136e-17 1
5635.5 1.87076e-15 3.04136e-17 1
5637 1.85483e-15 3.04136e-17 1
5638.5 1.84465e-15 3.04136e-17 1
5640 1.89209e-15 3.04136e-17 1
5641.5 1.92529e-15 3.04136e-17 1
5643 1.90172e-15 3.04136e-17 1
5644.5 1.86313e-15 3.04136e-17 1
5646 1.82484e-15 3.04136e-17 1
5647.5 1.81411e-15 3.04136e-17 1
5649 1.82944e-15 3.04136e-17 1
5650.5 1.82098e-15 3.04136e-17 1
5652 1.80214e-15 3.04136e-17 1
5653.5 1.83363e-15 3.04136e-17 1
5655 1.84497e-15 3.04136e-17 1
5656.5 1.80952e-15 3.04136e-17 1
5658 1.78404e-15 3.04136e-17 1
5659.5 1.7786e-15 3.04136e-17 1
5661 1.75861e-15 3.04136e-17 1
5662.5 1.79727e-15 3.04136e-17 1
5664 1.77128e-15 3.04136e-17 1
5665.5 1.68888e-15 3.04136e-17 1
5667 1.68511e-15 3.04136e-17 1
5668.5 1.71657e-15 3.04136e-17 1
5670 1.71745e-15 3.04136e-17 1
5671.5 1.69367e-15 3.04136e-17 1
5673 1.69502e-15 3.04136e-17 1
5674.5 1.61131e-15 3.04136e-17 1
5676 1.60976e-15 3.04136e-17 1
5677.5 1.6292e-15 3.04136e-17 1
5679 1.63297e-15 3.04136e-17 1
5680.5 1.6531e-15 3.04136e-17 1
5682 1.63326e-15 3.04136e-17 1
5683.5 1.59227e-15 3.04136e-17 1
5685 1.59265e-15 3.04136e-17 1
5686.5 1.57551e-15 3.04136e-17 1
5688 1.59911e-15 3.04136e-17 1
5689.5 1.62471e-15 3.04136e-17 1
5691 1.57036e-15 3.04136e-17 1
5692.5 1.52698e-15 3.04136e-17 1
5694 1.55727e-15 3.04136e-17 1
5695.5 1.57337e-15 3.04136e-17 1
5697 1.59665e-15 3.04136e-17 1
5698.5 1.55002e-15 3.04136e-17 1
5700 1.49855e-15 3.04136e-17 1
5701.5 1.51114e-15 3.04136e-17 1
5703 1.52653e-15 3.04136e-17 1
5704.5 1.53473e-15 3.04136e-17 1
5706 1.53615e-15 3.04136e-17 1
5707.5 1.52638e-15 3.04136e-17 1
5709 1.52486e-15 3.04136e-17 1
5710.5 1.4966e-15 3.04136e-17 1
5712 1.4792e-15 3.04136e-17 1
5713.5 1.47383e-15 3.04136e-17 1
5715 1.45835e-15 3.04136e-17 1
5716.5 1.44598e-15 3.04136e-17 1
5718 1.46672e-15 3.04136e-17 1
5719.5 1.46753e-15 3.04136e-17 1
5721 1.46966e-15 3.12291e-17 1
5722.5 1.45284e-15 3.12291e-17 1
5724 1.45365e-15 3.12291e-17 1
5725.5 1.43853e-15 3.12291e-17 1
5727 1.40808e-15 3.12291e-17 1
5728.5 1.46542e-15 3.12291e-17 1
5730 1.4676e-15 3.12291e-17 1
5731.5 1.44647e-15 3.12291e-17 1
5733 1.40459e-15 3.12291e-17 1
5734.5 1.39441e-15 3.12291e-17 1
5736 1.38098e-15 3.12291e-17 1
5737.5 1.40006e-15 3.12291e-17 1
5739 1.35686e-15 3.12291e-17 1
5740.5 1.30361e-15 3.12291e-17 1
5742 1.37138e-15 3.12291e-17 1
5743.5 1.38905e-15 3.12291e-17 1
5745 1.34476e-15 3.12291e-17 1
5746.5 1.30362e-15 3.12291e-17 1
5748 1.35949e-15 3.12291e-17 1
5749.5 1.38353e-15 3.12291e-17 1
5751 1.29756e-15 3.12291e-17 1
5752.5 1.29994e-15 3.12291e-17 1
5754 1.33875e-15 3.12291e-17 1
5755.5 1.3516e-15 3.12291e-17 1
5757 1.33555e-15 3.12291e-17 1
5758.5 1.31155e-15 3.12291e-17 1
5760 1.31064e-15 3.12291e-17 1
5761.5 1.30367e-15 3.12291e-17 1
5763 1.32334e-15 3.12291e-17 1
5764.5 1.3391e-15 3.12291e-17 1
5766 1.27142e-15 3.12291e-17 1
5767.5 1.26651e-15 3.12291e-17 1
5769 1.31115e-15 3.12291e-17 1
5770.5 1.32847e-15 3.12291e-17 1
5772 1.32857e-15 3.12291e-17 1
5773.5 1.33079e-15 3.12291e-17 1
5775 1.33376e-15 3.12291e-17 1
5776.5 1.34193e-15 3.12291e-17 1
5778 1.32327e-15 3.12291e-17 1
5779.5 1.33299e-15 3.12291e-17 1
5781 1.31084e-15 3.12291e-17 1
5782.5 1.27089e-15 3.12291e-17 1
5784 1.26265e-15 3.12291e-17 1
5785.5 1.26265e-15 3.12291e-17 1
5787 1.29346e-15 3.12291e-17 1
5788.5 1.3239e-15 3.12291e-17 1
5790 1.30168e-15 3.12291e-17 1
5791.5 1.27764e-15 3.12291e-17 1
5793 1.28601e-15 3.12291e-17 1
5794.5 1.31911e-15 3.12291e-17 1
5796 1.34596e-15 3.12291e-17 1
5797.5 1.34907e-15 3.12291e-17 1
5799 1.35833e-15 3.12291e-17 1
5800.5 1.31586e-15 3.12291e-17 1
5802 1.33682e-15 3.12291e-17 1
5803.5 1.4096e-15 3.12291e-17 1
5805 1.40756e-15 3.12291e-17 1
5806.5 1.40268e-15 3.12291e-17 1
5808 1.41e-15 3.12291e-17 1
5809.5 1.44452e-15 3.12291e-17 1
5811 1.46689e-15 3.12291e-17 1
5812.5 1.47713e-15 3.12291e-17 1
5814 1.46668e-15 3.12291e-17 1
5815.5 1.44971e-15 3.12291e-17 1
5817 1.49439e-15 3.12291e-17 1
5818.5 1.52204e-15 3.12291e-17 1
5820 1.53675e-15 4.03119e-17 1
5821.5 1.52986e-15 4.03119e-17 1
5823 1.60801e-15 4.03119e-17 1
5824.5 1.59076e-15 4.03119e-17 1
5826 1.59779e-15 4.03119e-17 1
5827.5 1.59916e-15 4.03119e-17 1
5829 1.59951e-15 4.03119e-17 1
5830.5 1.60192e-15 4.03119e-17 1
5832 1.61813e-15 4.03119e-17 1
5833.5 1.64844e-15 4.03119e-17 1
5835 1.64118e-15 4.03119e-17 1
5836.5 1.63265e-15 4.03119e-17 1
5838 1.6498e-15 4.03119e-17 1
5839.5 1.67883e-15 4.03119e-17 1
5841 1.69298e-15 4.03119e-17 1
5842.5 1.69817e-15 4.03119e-17 1
5844 1.75341e-15 4.03119e-17 1
5845.5 1.79041e-15 4.03119e-17 1
5847 1.76823e-15 4.03119e-17 1
5848.5 1.75995e-15 4.03119e-17 1
5850 1.76878e-15 4.03119e-17 1
5851.5 1.80731e-15 4.03119e-17 1
5853 1.84778e-15 4.03119e-17 1
5854.5 1.86094e-15 4.03119e-17 1
5856 1.84294e-15 4.03119e-17 1
5857.5 1.84061e-15 4.03119e-17 1
5859 1.86637e-15 4.03119e-17 1
5860.5 1.86818e-15 4.03119e-17 1
5862 1.92157e-15 4.03119e-17 1
5863.5 1.97188e-15 4.03119e-17 1
5865 1.96818e-15 4.03119e-17 1
5866.5 1.97344e-15 4.03119e-17 1
5868 1.94318e-15 4.03119e-17 1
5869.5 1.98843e-15 4.03119e-17 1
5871 2.0826e-15 4.03119e-17 1
5872.5 2.05041e-15 4.03119e-17 1
5874 2.05142e-15 4.03119e-17 1
5875.5 2.10994e-15 4.03119e-17 1
5877 2.13926e-15 4.03119e-17 1
5878.5 2.16618e-15 4.03119e-17 1
5880 2.18055e-15 4.03119e-17 1
5881.5 2.26258e-15 4.03119e-17 1
5883 2.26614e-15 4.03119e-17 1
5884.5 2.21787e-15 4.03119e-17 1
5886 2.23049e-15 4.03119e-17 1
5887.5 2.22822e-15 4.03119e-17 1
5889 2.24858e-15 4.03119e-17 1
5890.5 2.21285e-15 4.03119e-17 1
5892 2.16969e-15 4.03119e-17 1
5893.5 2.20647e-15 4.03119e-17 1
5895 2.25698e-15 4.03119e-17 1
5896.5 2.2479e-15 4.03119e-17 1
5898 2.32947e-15 4.03119e-17 1
5899.5 2.36873e-15 4.03119e-17 1
5901 2.3965e-15 4.03119e-17 1
5902.5 2.38516e-15 4.03119e-17 1
5904 2.42213e-15 4.03119e-17 1
5905.5 2.4335e-15 4.03119e-17 1
5907 2.47601e-15 4.03119e-17 1
5908.5 2.47479e-15 4.03119e-17 1
5910 2.48816e-15 4.03119e-17 1
5911.5 2.52301e-15 4.03119e-17 1
5913 2.55965e-15 4.03119e-17 1
5914.5 2.50611e-15 4.03119e-17 1
5916 2.47879e-15 4.03119e-17 1
5917.5 2.53162e-15 4.03119e-17 1
5919 2.55674e-15 4.03119e-17 1
5920.5 2.54529e-15 3.1599e-17 1
5922 2.60921e-15 3.1599e-17 1
5923.5 2.59673e-15 3.1599e-17 1
5925 2.52841e-15 3.1599e-17 1
5926.5 2.56431e-15 3.1599e-17 1
5928 2.60138e-15 3.1599e-17 1
5929.5 2.59164e-15 3.1599e-17 1
5931 2.60206e-15 3.1599e-17 1
5932.5 2.62699e-15 3.1599e-17 1
5934 2.63843e-15 3.1599e-17 1
5935.5 2.66461e-15 3.1599e-17 1
5937 2.63207e-15 3.1599e-17 1
5938.5 2.59997e-15 3.1599e-17 1
5940 2.63091e-15 3.1599e-17 1
5941.5 2.65134e-15 3.1599e-17 1
5943 2.65189e-15 3.1599e-17 1
5944.5 2.59276e-15 3.1599e-17 1
5946 2.62142e-15 3.1599e-17 1
5947.5 2.68497e-15 3.1599e-17 1
5949 2.70561e-15 3.1599e-17 1
5950.5 2.66167e-15 3.1599e-17 1
5952 2.68785e-15 3.1599e-17 1
5953.5 2.67066e-15 3.1599e-17 1
5955 2.62661e-15 3.1599e-17 1
5956.5 2.60963e-15 3.1599e-17 1
5958 2.70214e-15 3.1599e-17 1
5959.5 2.66962e-15 3.1599e-17 1
5961 2.63012e-15 3.1599e-17 1
5962.5 2.61449e-15 3.1599e-17 1
5964 2.62409e-15 3.1599e-17 1
5965.5 2.65354e-15 3.1599e-17 1
5967 2.67528e-15 3.1599e-17 1
5968.5 2.65542e-15 3.1599e-17 1
5970 2.66286e-15 3.1599e-17 1
5971.5 2.69003e-15 3.1599e-17 1
5973 2.62495e-15 3.1599e-17 1
5974.5 2.6257e-15 3.1599e-17 1
5976 2.58958e-15 3.1599e-17 1
5977.5 2.55352e-15 3.1599e-17 1
5979 2.60698e-15 3.1599e-17 1
5980.5 2.58826e-15 3.1599e-17 1
5982 2.54313e-15 3.1599e-17 1
5983.5 2.55744e-15 3.1599e-17 1
5985 2.5107e-15 3.1599e-17 1
5986.5 2.4906e-15 3.1599e-17 1
5988 2.50866e-15 3.1599e-17 1
5989.5 2.56541e-15 3.1599e-17 1
5991 2.57055e-15 3.1599e-17 1
5992.5 2.538e-15 3.1599e-17 1
5994 2.49421e-15 3.1599e-17 1
5995.5 2.50064e-15 3.1599e-17 1
5997 2.47805e-15 3.1599e-17 1
5998.5 2.45162e-15 3.1599e-17 1
6000 2.42946e-15 3.1599e-17 1
6001.5 2.44531e-15 3.1599e-17 1
6003 2.43062e-15 3.1599e-17 1
6004.5 2.42442e-15 3.1599e-17 1
6006 2.39849e-15 3.1599e-17 1
6007.5 2.36522e-15 3.1599e-17 1
6009 2.36012e-15 3.1599e-17 1
6010.5 2.33879e-15 3.1599e-17 1
6012 2.31403e-15 3.1599e-17 1
6013.5 2.2537e-15 3.1599e-17 1
6015 2.28478e-15 3.1599e-17 1
6016.5 2.32788e-15 3.1599e-17 1
6018 2.29137e-15 3.1599e-17 1
6019.5 2.30167e-15 3.1599e-17 1
6021 2.27196e-15 3.74259e-17 1
6022.5 2.28333e-15 3.74259e-17 1
6024 2.28507e-15 3.74259e-17 1
6025.5 2.25385e-15 3.74259e-17 1
6027 2.23051e-15 3.74259e-17 1
6028.5 2.2834e-15 3.74259e-17 1
6030 2.32437e-15 3.74259e-17 1
6031.5 2.22429e-15 3.74259e-17 1
6033 2.14712e-15 3.74259e-17 1
6034.5 2.18498e-15 3.74259e-17 1
6036 2.22568e-15 3.74259e-17 1
6037.5 2.19761e-15 3.74259e-17 1
6039 2.1577e-15 3.74259e-17 1
6040.5 2.17078e-15 3.74259e-17 1
6042 2.15302e-15 3.74259e-17 1
6043.5 2.13525e-15 3.74259e-17 1
6045 2.11749e-15 3.74259e-17 1
6046.5 2.11749e-15 3.74259e-17 1
6048 2.08304e-15 3.74259e-17 1
6049.5 2.08734e-15 3.74259e-17 1
6051 2.13364e-15 3.74259e-17 1
6052.5 2.09501e-15 3.74259e-17 1
6054 2.0873e-15 3.74259e-17 1
6055.5 2.09508e-15 3.74259e-17 1
6057 2.05093e-15 3.74259e-17 1
6058.5 2.07077e-15 3.74259e-17 1
6060 2.03884e-15 3.74259e-17 1
6061.5 1.99849e-15 3.74259e-17 1
6063 2.01375e-15 3.74259e-17 1
6064.5 2.00236e-15 3.74259e-17 1
6066 1.97352e-15 3.74259e-17 1
6067.5 1.98194e-15 3.74259e-17 1
6069 1.97654e-15 3.74259e-17 1
6070.5 1.94618e-15 3.74259e-17 1
6072 1.94288e-15 3.74259e-17 1
6073.5 1.91805e-15 3.74259e-17 1
6075 1.88805e-15 3.74259e-17 1
6076.5 1.90295e-15 3.74259e-17 1
6078 1.92599e-15 3.74259e-17 1
6079.5 1.92331e-15 3.74259e-17 1
6081 1.93102e-15 3.74259e-17 1
6082.5 1.89595e-15 3.74259e-17 1
6084 1.85616e-15 3.74259e-17 1
6085.5 1.89478e-15 3.74259e-17 1
6087 1.88034e-15 3.74259e-17 1
6088.5 1.82858e-15 3.74259e-17 1
6090 1.84485e-15 3.74259e-17 1
6091.5 1.90188e-15 3.74259e-17 1
6093 1.89319e-15 3.74259e-17 1
6094.5 1.84239e-15 3.74259e-17 1
6096 1.8235e-15 3.74259e-17 1
6097.5 1.78657e-15 3.74259e-17 1
6099 1.79188e-15 3.74259e-17 1
6100.5 1.8251e-15 3.74259e-17 1
6102 1.79366e-15 3.74259e-17 1
6103.5 1.78456e-15 3.74259e-17 1
6105 1.79525e-15 3.74259e-17 1
6106.5 1.78292e-15 3.74259e-17 1
6108 1.74587e-15 3.74259e-17 1
6109.5 1.70442e-15 3.74259e-17 1
6111 1.77797e-15 3.74259e-17 1
6112.5 1.77752e-15 3.74259e-17 1
6114 1.70122e-15 3.74259e-17 1
6115.5 1.68494e-15 3.74259e-17 1
6117 1.71632e-15 3.74259e-17 1
6118.5 1.72507e-15 3.74259e-17 1
6120 1.70868e-15 4.96581e-17 1
6121.5 1.7094e-15 4.96581e-17 1
6123 1.7164e-15 4.96581e-17 1
6124.5 1.75374e-15 4.96581e-17 1
6126 1.78269e-15 4.96581e-17 1
6127.5 1.76142e-15 4.96581e-17 1
6129 1.72945e-15 4.96581e-17 1
6130.5 1.75918e-15 4.96581e-17 1
6132 1.79118e-15 4.96581e-17 1
6133.5 1.81816e-15 4.96581e-17 1
6135 1.79661e-15 4.96581e-17 1
6136.5 1.7659e-15 4.96581e-17 1
6138 1.77892e-15 4.96581e-17 1
6139.5 1.78191e-15 4.96581e-17 1
6141 1.75682e-15 4.96581e-17 1
6142.5 1.79826e-15 4.96581e-17 1
6144 1.79398e-15 4.96581e-17 1
6145.5 1.76757e-15 4.96581e-17 1
6147 1.75864e-15 4.96581e-17 1
6148.5 1.73006e-15 4.96581e-17 1
6150 1.72922e-15 4.96581e-17 1
6151.5 1.75395e-15 4.96581e-17 1
6153 1.75078e-15 4.96581e-17 1
6154.5 1.73728e-15 4.96581e-17 1
6156 1.70061e-15 4.96581e-17 1
6157.5 1.6574e-15 4.96581e-17 1
6159 1.63151e-15 4.96581e-17 1
6160.5 1.60826e-15 4.96581e-17 1
6162 1.5611e-15 4.96581e-17 1
6163.5 1.59816e-15 4.96581e-17 1
6165 1.61482e-15 4.96581e-17 1
6166.5 1.61592e-15 4.96581e-17 1
6168 1.56363e-15 4.96581e-17 1
6169.5 1.51173e-15 4.96581e-17 1
6171 1.48904e-15 4.96581e-17 1
6172.5 1.48975e-15 4.96581e-17 1
6174 1.50353e-15 4.96581e-17 1
6175.5 1.4386e-15 4.96581e-17 1
6177 1.38651e-15 4.96581e-17 1
6178.5 1.40746e-15 4.96581e-17 1
6180 1.40051e-15 4.96581e-17 1
6181.5 1.33587e-15 4.96581e-17 1
6183 1.37999e-15 4.96581e-17 1
6184.5 1.33838e-15 4.96581e-17 1
6186 1.25355e-15 4.96581e-17 1
6187.5 1.27908e-15 4.96581e-17 1
6189 1.26572e-15 4.96581e-17 1
6190.5 1.20986e-15 4.96581e-17 1
6192 1.21525e-15 4.96581e-17 1
6193.5 1.16609e-15 4.96581e-17 1
6195 1.08725e-15 4.96581e-17 1
6196.5 1.12078e-15 4.96581e-17 1
6198 1.09627e-15 4.96581e-17 1
6199.5 1.10868e-15 4.96581e-17 1
6201 1.06231e-15 4.96581e-17 1
6202.5 1.08285e-15 4.96581e-17 1
6204 1.07749e-15 4.96581e-17 1
6205.5 1.06414e-15 4.96581e-17 1
6207 1.04255e-15 4.96581e-17 1
6208.5 1.00336e-15 4.96581e-17 1
6210 1.01272e-15 4.96581e-17 1
6211.5 9.4453e-16 4.96581e-17 1
6213 9.14914e-16 4.96581e-17 1
6214.5 9.2546e-16 4.96581e-17 1
6216 9.11441e-16 4.96581e-17 1
6217.5 8.95955e-16 4.96581e-17 1
6219 9.04142e-16 4.96581e-17 1
6220.5 9.04061e-16 2.90093e-17 1
6222 8.79036e-16 2.90093e-17 1
6223.5 8.7149e-16 2.90093e-17 1
6225 8.81723e-16 2.90093e-17 1
6226.5 8.84808e-16 2.90093e-17 1
6228 8.92005e-16 2.90093e-17 1
6229.5 8.6716e-16 2.90093e-17 1
6231 8.6648e-16 2.90093e-17 1
6232.5 8.8109e-16 2.90093e-17 1
6234 9.02162e-16 2.90093e-17 1
6235.5 8.94714e-16 2.90093e-17 1
6237 8.61337e-16 2.90093e-17 1
6238.5 8.93037e-16 2.90093e-17 1
6240 9.15788e-16 2.90093e-17 1
6241.5 8.69898e-16 2.90093e-17 1
6243 8.86316e-16 2.90093e-17 1
6244.5 9.1956e-16 2.90093e-17 1
6246 9.48827e-16 2.90093e-17 1
6247.5 9.84403e-16 2.90093e-17 1
6249 1.00619e-15 2.90093e-17 1
6250.5 1.06677e-15 2.90093e-17 1
6252 1.12575e-15 2.90093e-17 1
6253.5 1.07065e-15 2.90093e-17 1
6255 1.09712e-15 2.90093e-17 1
6256.5 1.11797e-15 2.90093e-17 1
6258 1.10465e-15 2.90093e-17 1
6259.5 1.12589e-15 2.90093e-17 1
6261 1.16609e-15 2.90093e-17 1
6262.5 1.20934e-15 2.90093e-17 1
6264 1.1977e-15 2.90093e-17 1
6265.5 1.21941e-15 2.90093e-17 1
6267 1.23087e-15 2.90093e-17 1
6268.5 1.25952e-15 2.90093e-17 1
6270 1.24345e-15 2.90093e-17 1
6271.5 1.26599e-15 2.90093e-17 1
6273 1.28285e-15 2.90093e-17 1
6274.5 1.25662e-15 2.90093e-17 1
6276 1.28426e-15 2.90093e-17 1
6277.5 1.29054e-15 2.90093e-17 1
6279 1.26645e-15 2.90093e-17 1
6280.5 1.26764e-15 2.90093e-17 1
6282 1.26172e-15 2.90093e-17 1
6283.5 1.28584e-15 2.90093e-17 1
6285 1.31367e-15 2.90093e-17 1
6286.5 1.31353e-15 2.90093e-17 1
6288 1.331e-15 2.90093e-17 1
6289.5 1.35844e-15 2.90093e-17 1
6291 1.35952e-15 2.90093e-17 1
6292.5 1.35493e-15 2.90093e-17 1
6294 1.38876e-15 2.90093e-17 1
6295.5 1.37112e-15 2.90093e-17 1
6297 1.32689e-15 2.90093e-17 1
6298.5 1.37192e-15 2.90093e-17 1
6300 1.41406e-15 2.90093e-17 1
6301.5 1.37881e-15 2.90093e-17 1
6303 1.36709e-15 2.90093e-17 1
6304.5 1.39111e-15 2.90093e-17 1
6306 1.39261e-15 2.90093e-17 1
6307.5 1.36529e-15 2.90093e-17 1
6309 1.34064e-15 2.90093e-17 1
6310.5 1.31864e-15 2.90093e-17 1
6312 1.33967e-15 2.90093e-17 1
6313.5 1.39511e-15 2.90093e-17 1
6315 1.40357e-15 2.90093e-17 1
6316.5 1.3942e-15 2.90093e-17 1
6318 1.35048e-15 2.90093e-17 1
6319.5 1.39432e-15 2.90093e-17 1
6321 1.39653e-15 3.16059e-17 1
6322.5 1.36274e-15 3.16059e-17 1
6324 1.39188e-15 3.16059e-17 1
6325.5 1.43946e-15 3.16059e-17 1
6327 1.40276e-15 3.16059e-17 1
6328.5 1.36249e-15 3.16059e-17 1
6330 1.38884e-15 3.16059e-17 1
6331.5 1.4099e-15 3.16059e-17 1
6333 1.4538e-15 3.16059e-17 1
6334.5 1.47199e-15 3.16059e-17 1
6336 1.41237e-15 3.16059e-17 1
6337.5 1.49391e-15 3.16059e-17 1
6339 1.48052e-15 3.16059e-17 1
6340.5 1.49366e-15 3.16059e-17 1
6342 1.49641e-15 3.16059e-17 1
6343.5 1.43234e-15 3.16059e-17 1
6345 1.45803e-15 3.16059e-17 1
6346.5 1.46934e-15 3.16059e-17 1
6348 1.4784e-15 3.16059e-17 1
6349.5 1.49295e-15 3.16059e-17 1
6351 1.4581e-15 3.16059e-17 1
6352.5 1.4402e-15 3.16059e-17 1
6354 1.45029e-15 3.16059e-17 1
6355.5 1.46722e-15 3.16059e-17 1
6357 1.49528e-15 3.16059e-17 1
6358.5 1.52366e-15 3.16059e-17 1
6360 1.47725e-15 3.16059e-17 1
6361.5 1.46954e-15 3.16059e-17 1
6363 1.49841e-15 3.16059e-17 1
6364.5 1.49443e-15 3.16059e-17 1
6366 1.49484e-15 3.16059e-17 1
6367.5 1.47467e-15 3.16059e-17 1
6369 1.4496e-15 3.16059e-17 1
6370.5 1.4376e-15 3.16059e-17 1
6372 1.41671e-15 3.16059e-17 1
6373.5 1.46218e-15 3.16059e-17 1
6375 1.51291e-15 3.16059e-17 1
6376.5 1.49413e-15 3.16059e-17 1
6378 1.50593e-15 3.16059e-17 1
6379.5 1.49924e-15 3.16059e-17 1
6381 1.47096e-15 3.16059e-17 1
6382.5 1.44326e-15 3.16059e-17 1
6384 1.44621e-15 3.16059e-17 1
6385.5 1.48543e-15 3.16059e-17 1
6387 1.43899e-15 3.16059e-17 1
6388.5 1.47237e-15 3.16059e-17 1
6390 1.49219e-15 3.16059e-17 1
6391.5 1.46684e-15 3.16059e-17 1
6393 1.40507e-15 3.16059e-17 1
6394.5 1.44519e-15 3.16059e-17 1
6396 1.46148e-15 3.16059e-17 1
6397.5 1.46022e-15 3.16059e-17 1
6399 1.45858e-15 3.16059e-17 1
6400.5 1.4606e-15 3.16059e-17 1
6402 1.4668e-15 3.16059e-17 1
6403.5 1.49804e-15 3.16059e-17 1
6405 1.42865e-15 3.16059e-17 1
6406.5 1.46183e-15 3.16059e-17 1
6408 1.44403e-15 3.16059e-17 1
6409.5 1.40592e-15 3.16059e-17 1
6411 1.46823e-15 3.16059e-17 1
6412.5 1.48884e-15 3.16059e-17 1
6414 1.48924e-15 3.16059e-17 1
6415.5 1.48916e-15 3.16059e-17 1
6417 1.45189e-15 3.16059e-17 1
6418.5 1.47162e-15 3.16059e-17 1
6420 1.47378e-15 2.23469e-17 1
6421.5 1.48493e-15 2.23469e-17 1
6423 1.49249e-15 2.23469e-17 1
6424.5 1.45428e-15 2.23469e-17 1
6426 1.41305e-15 2.23469e-17 1
6427.5 1.43431e-15 2.23469e-17 1
6429 1.43708e-15 2.23469e-17 1
6430.5 1.45093e-15 2.23469e-17 1
6432 1.43775e-15 2.23469e-17 1
6433.5 1.43554e-15 2.23469e-17 1
6435 1.44865e-15 2.23469e-17 1
6436.5 1.43078e-15 2.23469e-17 1
6438 1.43943e-15 2.23469e-17 1
6439.5 1.47844e-15 2.23469e-17 1
6441 1.49332e-15 2.23469e-17 1
6442.5 1.47253e-15 2.23469e-17 1
6444 1.4562e-15 2.23469e-17 1
6445.5 1.43105e-15 2.23469e-17 1
6447 1.42614e-15 2.23469e-17 1
6448.5 1.4327e-15 2.23469e-17 1
6450 1.43519e-15 2.23469e-17 1
6451.5 1.45042e-15 2.23469e-17 1
6453 1.45227e-15 2.23469e-17 1
6454.5 1.42205e-15 2.23469e-17 1
6456 1.39453e-15 2.23469e-17 1
6457.5 1.40273e-15 2.23469e-17 1
6459 1.43227e-15 2.23469e-17 1
6460.5 1.44342e-15 2.23469e-17 1
6462 1.44246e-15 2.23469e-17 1
6463.5 1.42965e-15 2.23469e-17 1
6465 1.45789e-15 2.23469e-17 1
6466.5 1.47541e-15 2.23469e-17 1
6468 1.46917e-15 2.23469e-17 1
6469.5 1.41722e-15 2.23469e-17 1
6471 1.38502e-15 2.23469e-17 1
6472.5 1.40568e-15 2.23469e-17 1
6474 1.41901e-15 2.23469e-17 1
6475.5 1.39946e-15 2.23469e-17 1
6477 1.41722e-15 2.23469e-17 1
6478.5 1.44131e-15 2.23469e-17 1
6480 1.44472e-15 2.23469e-17 1
6481.5 1.42102e-15 2.23469e-17 1
6483 1.37545e-15 2.23469e-17 1
6484.5 1.43416e-15 2.23469e-17 1
6486 1.45576e-15 2.23469e-17 1
6487.5 1.41116e-15 2.23469e-17 1
6489 1.39809e-15 2.23469e-17 1
6490.5 1.41235e-15 2.23469e-17 1
6492 1.41983e-15 2.23469e-17 1
6493.5 1.42803e-15 2.23469e-17 1
6495 1.42834e-15 2.23469e-17 1
6496.5 1.40969e-15 2.23469e-17 1
6498 1.44242e-15 2.23469e-17 1
6499.5 1.45347e-15 2.23469e-17 1
6501 1.41838e-15 2.23469e-17 1
6502.5 1.41252e-15 2.23469e-17 1
6504 1.40285e-15 2.23469e-17 1
6505.5 1.40799e-15 2.23469e-17 1
6507 1.43512e-15 2.23469e-17 1
6508.5 1.43673e-15 2.23469e-17 1
6510 1.41735e-15 2.23469e-17 1
6511.5 1.41065e-15 2.23469e-17 1
6513 1.40376e-15 2.23469e-17 1
6514.5 1.3781e-15 2.23469e-17 1
6516 1.36866e-15 2.23469e-17 1
6517.5 1.39406e-15 2.23469e-17 1
6519 1.42279e-15 2.23469e-17 1
6520.5 1.40653e-15 2.49566e-17 1
6522 1.41183e-15 2.49566e-17 1
6523.5 1.4529e-15 2.49566e-17 1
6525 1.40819e-15 2.49566e-17 1
6526.5 1.36194e-15 2.49566e-17 1
6528 1.39961e-15 2.49566e-17 1
6529.5 1.42423e-15 2.49566e-17 1
6531 1.44541e-15 2.49566e-17 1
6532.5 1.42709e-15 2.49566e-17 1
6534 1.40276e-15 2.49566e-17 1
6535.5 1.38808e-15 2.49566e-17 1
6537 1.38476e-15 2.49566e-17 1
6538.5 1.36125e-15 2.49566e-17 1
6540 1.39595e-15 2.49566e-17 1
6541.5 1.41871e-15 2.49566e-17 1
6543 1.40926e-15 2.49566e-17 1
6544.5 1.41006e-15 2.49566e-17 1
6546 1.43568e-15 2.49566e-17 1
6547.5 1.44125e-15 2.49566e-17 1
6549 1.38742e-15 2.49566e-17 1
6550.5 1.39543e-15 2.49566e-17 1
6552 1.40571e-15 2.49566e-17 1
6553.5 1.41892e-15 2.49566e-17 1
6555 1.43614e-15 2.49566e-17 1
6556.5 1.40112e-15 2.49566e-17 1
6558 1.38449e-15 2.49566e-17 1
6559.5 1.38837e-15 2.49566e-17 1
6561 1.36029e-15 2.49566e-17 1
6562.5 1.38652e-15 2.49566e-17 1
6564 1.39486e-15 2.49566e-17 1
6565.5 1.38036e-15 2.49566e-17 1
6567 1.36003e-15 2.49566e-17 1
6568.5 1.40345e-15 2.49566e-17 1
6570 1.4064e-15 2.49566e-17 1
6571.5 1.36312e-15 2.49566e-17 1
6573 1.37033e-15 2.49566e-17 1
6574.5 1.3742e-15 2.49566e-17 1
6576 1.37154e-15 2.49566e-17 1
6577.5 1.36163e-15 2.49566e-17 1
6579 1.37462e-15 2.49566e-17 1
6580.5 1.38398e-15 2.49566e-17 1
6582 1.40141e-15 2.49566e-17 1
6583.5 1.41376e-15 2.49566e-17 1
6585 1.40662e-15 2.49566e-17 1
6586.5 1.39748e-15 2.49566e-17 1
6588 1.36781e-15 2.49566e-17 1
6589.5 1.37539e-15 2.49566e-17 1
6591 1.39928e-15 2.49566e-17 1
6592.5 1.39012e-15 2.49566e-17 1
6594 1.37401e-15 2.49566e-17 1
6595.5 1.41849e-15 2.49566e-17 1
6597 1.40261e-15 2.49566e-17 1
6598.5 1.37868e-15 2.49566e-17 1
6600 1.43785e-15 2.49566e-17 1
6601.5 1.45804e-15 2.49566e-17 1
6603 1.43109e-15 2.49566e-17 1
6604.5 1.40046e-15 2.49566e-17 1
6606 1.38979e-15 2.49566e-17 1
6607.5 1.40118e-15 2.49566e-17 1
6609 1.41161e-15 2.49566e-17 1
6610.5 1.40199e-15 2.49566e-17 1
6612 1.37846e-15 2.49566e-17 1
6613.5 1.36992e-15 2.49566e-17 1
6615 1.38594e-15 2.49566e-17 1
6616.5 1.37698e-15 2.49566e-17 1
6618 1.4015e-15 2.49566e-17 1
6619.5 1.39196e-15 2.49566e-17 1
6621 1.39018e-15 2.09959e-17 1
6622.5 1.36638e-15 2.09959e-17 1
6624 1.32777e-15 2.09959e-17 1
6625.5 1.37232e-15 2.09959e-17 1
6627 1.37462e-15 2.09959e-17 1
6628.5 1.33809e-15 2.09959e-17 1
6630 1.3467e-15 2.09959e-17 1
6631.5 1.31028e-15 2.09959e-17 1
6633 1.31851e-15 2.09959e-17 1
6634.5 1.32712e-15 2.09959e-17 1
6636 1.3052e-15 2.09959e-17 1
6637.5 1.31847e-15 2.09959e-17 1
6639 1.35947e-15 2.09959e-17 1
6640.5 1.32359e-15 2.09959e-17 1
6642 1.31433e-15 2.09959e-17 1
6643.5 1.32044e-15 2.09959e-17 1
6645 1.29626e-15 2.09959e-17 1
6646.5 1.28049e-15 2.09959e-17 1
6648 1.30934e-15 2.09959e-17 1
6649.5 1.31597e-15 2.09959e-17 1
6651 1.29678e-15 2.09959e-17 1
6652.5 1.28414e-15 2.09959e-17 1
6654 1.29704e-15 2.09959e-17 1
6655.5 1.29452e-15 2.09959e-17 1
6657 1.27995e-15 2.09959e-17 1
6658.5 1.27692e-15 2.09959e-17 1
6660 1.26889e-15 2.09959e-17 1
6661.5 1.26792e-15 2.09959e-17 1
6663 1.26584e-15 2.09959e-17 1
6664.5 1.26859e-15 2.09959e-17 1
6666 1.26715e-15 2.09959e-17 1
6667.5 1.25704e-15 2.09959e-17 1
6669 1.22292e-15 2.09959e-17 1
6670.5 1.22754e-15 2.09959e-17 1
6672 1.2209e-15 2.09959e-17 1
6673.5 1.21055e-15 2.09959e-17 1
6675 1.2368e-15 2.09959e-17 1
6676.5 1.23549e-15 2.09959e-17 1
6678 1.27033e-15 2.09959e-17 1
6679.5 1.25128e-15 2.09959e-17 1
6681 1.23058e-15 2.09959e-17 1
6682.5 1.24712e-15 2.09959e-17 1
6684 1.18425e-15 2.09959e-17 1
6685.5 1.20347e-15 2.09959e-17 1
6687 1.18857e-15 2.09959e-17 1
6688.5 1.17516e-15 2.09959e-17 1
6690 1.17684e-15 2.09959e-17 1
6691.5 1.18828e-15 2.09959e-17 1
6693 1.19963e-15 2.09959e-17 1
6694.5 1.15442e-15 2.09959e-17 1
6696 1.13844e-15 2.09959e-17 1
6697.5 1.14415e-15 2.09959e-17 1
6699 1.15281e-15 2.09959e-17 1
6700.5 1.14785e-15 2.09959e-17 1
6702 1.1218e-15 2.09959e-17 1
6703.5 1.1157e-15 2.09959e-17 1
6705 1.12468e-15 2.09959e-17 1
6706.5 1.08742e-15 2.09959e-17 1
6708 1.06279e-15 2.09959e-17 1
6709.5 1.06276e-15 2.09959e-17 1
6711 1.0494e-15 2.09959e-17 1
6712.5 1.04219e-15 2.09959e-17 1
6714 1.04115e-15 2.09959e-17 1
6715.5 1.04675e-15 2.09959e-17 1
6717 1.05638e-15 2.09959e-17 1
6718.5 1.05604e-15 2.09959e-17 1
6720 1.06938e-15 2.05939e-17 1
6721.5 1.0808e-15 2.05939e-17 1
6723 1.07094e-15 2.05939e-17 1
6724.5 1.04526e-15 2.05939e-17 1
6726 1.04391e-15 2.05939e-17 1
6727.5 1.04268e-15 2.05939e-17 1
6729 1.01428e-15 2.05939e-17 1
6730.5 9.95029e-16 2.05939e-17 1
6732 9.89936e-16 2.05939e-17 1
6733.5 9.91683e-16 2.05939e-17 1
6735 9.76592e-16 2.05939e-17 1
6736.5 9.96957e-16 2.05939e-17 1
6738 1.00204e-15 2.05939e-17 1
6739.5 1.02083e-15 2.05939e-17 1
6741 1.01284e-15 2.05939e-17 1
6742.5 9.52076e-16 2.05939e-17 1
6744 9.45455e-16 2.05939e-17 1
6745.5 9.58378e-16 2.05939e-17 1
6747 9.50942e-16 2.05939e-17 1
6748.5 9.19046e-16 2.05939e-17 1
6750 9.32189e-16 2.05939e-17 1
6751.5 9.72593e-16 2.05939e-17 1
6753 9.49438e-16 2.05939e-17 1
6754.5 9.58882e-16 2.05939e-17 1
6756 8.92663e-16 2.05939e-17 1
6757.5 9.13838e-16 2.05939e-17 1
6759 9.15431e-16 2.05939e-17 1
6760.5 9.0889e-16 2.05939e-17 1
6762 9.00699e-16 2.05939e-17 1
6763.5 8.98841e-16 2.05939e-17 1
6765 8.92678e-16 2.05939e-17 1
6766.5 9.11932e-16 2.05939e-17 1
6768 8.73694e-16 2.05939e-17 1
6769.5 8.81815e-16 2.05939e-17 1
6771 9.27335e-16 2.05939e-17 1
6772.5 8.57005e-16 2.05939e-17 1
6774 8.71511e-16 2.05939e-17 1
6775.5 8.68245e-16 2.05939e-17 1
6777 8.86949e-16 2.05939e-17 1
6778.5 9.14979e-16 2.05939e-17 1
6780 8.73168e-16 2.05939e-17 1
6781.5 8.37825e-16 2.05939e-17 1
6783 8.3834e-16 2.05939e-17 1
6784.5 8.48785e-16 2.05939e-17 1
6786 8.61924e-16 2.05939e-17 1
6787.5 8.44331e-16 2.05939e-17 1
6789 8.41086e-16 2.05939e-17 1
6790.5 8.58486e-16 2.05939e-17 1
6792 8.59578e-16 2.05939e-17 1
6793.5 8.35945e-16 2.05939e-17 1
6795 8.30537e-16 2.05939e-17 1
6796.5 8.30297e-16 2.05939e-17 1
6798 8.27148e-16 2.05939e-17 1
6799.5 8.44808e-16 2.05939e-17 1
6801 8.5279e-16 2.05939e-17 1
6802.5 8.32546e-16 2.05939e-17 1
6804 8.30109e-16 2.05939e-17 1
6805.5 8.15924e-16 2.05939e-17 1
6807 7.934e-16 2.05939e-17 1
6808.5 7.85486e-16 2.05939e-17 1
6810 8.02776e-16 2.05939e-17 1
6811.5 7.95397e-16 2.05939e-17 1
6813 7.87608e-16 2.05939e-17 1
6814.5 7.8298e-16 2.05939e-17 1
6816 8.06179e-16 2.05939e-17 1
6817.5 8.4507e-16 2.05939e-17 1
6819 7.96741e-16 2.05939e-17 1
6820.5 7.62693e-16 2.71e-17 1
6822 7.85302e-16 2.71e-17 1
6823.5 8.04604e-16 2.71e-17 1
6825 8.10107e-16 2.71e-17 1
6826.5 8.08839e-16 2.71e-17 1
6828 7.59511e-16 2.71e-17 1
6829.5 7.66645e-16 2.71e-17 1
6831 7.71292e-16 2.71e-17 1
6832.5 7.26819e-16 2.71e-17 1
6834 7.15023e-16 2.71e-17 1
6835.5 7.37957e-16 2.71e-17 1
6837 7.77873e-16 2.71e-17 1
6838.5 7.48546e-16 2.71e-17 1
6840 7.28025e-16 2.71e-17 1
6841.5 7.73724e-16 2.71e-17 1
6843 7.69778e-16 2.71e-17 1
6844.5 7.38129e-16 2.71e-17 1
6846 7.58561e-16 2.71e-17 1
6847.5 7.25677e-16 2.71e-17 1
6849 7.42293e-16 2.71e-17 1
6850.5 7.58397e-16 2.71e-17 1
6852 7.54258e-16 2.71e-17 1
6853.5 7.13782e-16 2.71e-17 1
6855 7.26234e-16 2.71e-17 1
6856.5 7.27207e-16 2.71e-17 1
6858 7.09735e-16 2.71e-17 1
6859.5 7.19054e-16 2.71e-17 1
6861 7.6516e-16 2.71e-17 1
6862.5 7.57011e-16 2.71e-17 1
6864 7.33461e-16 2.71e-17 1
6865.5 7.44523e-16 2.71e-17 1
6867 7.89761e-16 2.71e-17 1
6868.5 7.53034e-16 2.71e-17 1
6870 6.88884e-16 2.71e-17 1
6871.5 7.05047e-16 2.71e-17 1
6873 7.21998e-16 2.71e-17 1
6874.5 7.24023e-16 2.71e-17 1
6876 7.23415e-16 2.71e-17 1
6877.5 7.39297e-16 2.71e-17 1
6879 7.44084e-16 2.71e-17 1
6880.5 7.47404e-16 2.71e-17 1
6882 7.39284e-16 2.71e-17 1
6883.5 7.54802e-16 2.71e-17 1
6885 7.45314e-16 2.71e-17 1
6886.5 6.96947e-16 2.71e-17 1
6888 7.25183e-16 2.71e-17 1
6889.5 7.25746e-16 2.71e-17 1
6891 6.92881e-16 2.71e-17 1
6892.5 6.90838e-16 2.71e-17 1
6894 6.92414e-16 2.71e-17 1
6895.5 6.73716e-16 2.71e-17 1
6897 7.43206e-16 2.71e-17 1
6898.5 7.21271e-16 2.71e-17 1
6900 7.03358e-16 2.71e-17 1
6901.5 7.3601e-16 2.71e-17 1
6903 7.25509e-16 2.71e-17 1
6904.5 7.06945e-16 2.71e-17 1
6906 6.61823e-16 2.71e-17 1
6907.5 7.48193e-16 2.71e-17 1
6909 7.80051e-16 2.71e-17 1
6910.5 7.67098e-16 2.71e-17 1
6912 7.64482e-16 2.71e-17 1
6913.5 7.78611e-16 2.71e-17 1
6915 7.2198e-16 2.71e-17 1
6916.5 7.16489e-16 2.71e-17 1
6918 7.1384e-16 2.71e-17 1
6919.5 6.75865e-16 2.71e-17 1
6921 7.13309e-16 2.05939e-17 1
6922.5 7.40286e-16 2.05939e-17 1
6924 7.25133e-16 2.05939e-17 1
6925.5 7.15032e-16 2.05939e-17 1
6927 6.98954e-16 2.05939e-17 1
6928.5 6.98609e-16 2.05939e-17 1
6930 7.05301e-16 2.05939e-17 1
6931.5 6.82948e-16 2.05939e-17 1
6933 6.99988e-16 2.05939e-17 1
6934.5 7.06318e-16 2.05939e-17 1
6936 6.77107e-16 2.05939e-17 1
6937.5 6.76341e-16 2.05939e-17 1
6939 6.808e-16 2.05939e-17 1
6940.5 6.95291e-16 2.05939e-17 1
6942 6.87608e-16 2.05939e-17 1
6943.5 6.58605e-16 2.05939e-17 1
6945 6.74189e-16 2.05939e-17 1
6946.5 6.81172e-16 2.05939e-17 1
6948 6.75679e-16 2.05939e-17 1
6949.5 6.9956e-16 2.05939e-17 1
6951 6.94185e-16 2.05939e-17 1
6952.5 6.48357e-16 2.05939e-17 1
6954 6.40828e-16 2.05939e-17 1
6955.5 6.66508e-16 2.05939e-17 1
6957 6.97434e-16 2.05939e-17 1
6958.5 7.07484e-16 2.05939e-17 1
6960 6.80384e-16 2.05939e-17 1
6961.5 6.7707e-16 2.05939e-17 1
6963 7.02016e-16 2.05939e-17 1
6964.5 6.92743e-16 2.05939e-17 1
6966 6.95822e-16 2.05939e-17 1
6967.5 6.82218e-16 2.05939e-17 1
6969 6.55256e-16 2.05939e-17 1
6970.5 6.79032e-16 2.05939e-17 1
6972 6.59586e-16 2.05939e-17 1
6973.5 6.64294e-16 2.05939e-17 1
6975 7.06385e-16 2.05939e-17 1
6976.5 6.8167e-16 2.05939e-17 1
6978 6.64789e-16 2.05939e-17 1
6979.5 6.7352e-16 2.05939e-17 1
6981 6.44673e-16 2.05939e-17 1
6982.5 6.33997e-16 2.05939e-17 1
6984 6.52874e-16 2.05939e-17 1
6985.5 6.60814e-16 2.05939e-17 1
6987 6.8111e-16 2.05939e-17 1
6988.5 6.58445e-16 2.05939e-17 1
6990 6.26704e-16 2.05939e-17 1
6991.5 6.59436e-16 2.05939e-17 1
6993 6.78583e-16 2.05939e-17 1
6994.5 6.62992e-16 2.05939e-17 1
6996 6.32115e-16 2.05939e-17 1
6997.5 6.3329e-16 2.05939e-17 1
6999 6.61238e-16 2.05939e-17 1
7000.5 6.38719e-16 2.05939e-17 1
7002 6.19573e-16 2.05939e-17 1
7003.5 6.34751e-16 2.05939e-17 1
7005 6.52534e-16 2.05939e-17 1
7006.5 6.48059e-16 2.05939e-17 1
7008 6.62814e-16 2.05939e-17 1
7009.5 6.65905e-16 2.05939e-17 1
7011 6.69755e-16 2.05939e-17 1
7012.5 6.83018e-16 2.05939e-17 1
7014 7.04537e-16 2.05939e-17 1
7015.5 6.72024e-16 2.05939e-17 1
7017 6.3717e-16 2.05939e-17 1
7018.5 6.34767e-16 2.05939e-17 1
7020 6.2095e-16 2.05939e-17 1
7021.5 6.25419e-16 2.05939e-17 1
7023 6.39637e-16 2.05939e-17 1
7024.5 6.43164e-16 2.05939e-17 1
7026 6.37837e-16 2.05939e-17 1
7027.5 6.49691e-16 2.05939e-17 1
7029 6.20966e-16 2.05939e-17 1
7030.5 6.19205e-16 2.05939e-17 1
7032 6.70041e-16 2.05939e-17 1
7033.5 6.69539e-16 2.05939e-17 1
7035 6.40968e-16 2.05939e-17 1
7036.5 6.31883e-16 2.05939e-17 1
7038 6.22425e-16 2.05939e-17 1
7039.5 6.44083e-16 2.05939e-17 1
7041 6.63368e-16 2.05939e-17 1
7042.5 6.44868e-16 2.05939e-17 1
7044 6.39757e-16 2.05939e-17 1
7045.5 6.18932e-16 2.05939e-17 1
7047 6.3276e-16 2.05939e-17 1
7048.5 6.28951e-16 2.05939e-17 1
7050 6.39604e-16 2.05939e-17 1
7051.5 6.42495e-16 2.05939e-17 1
7053 6.27346e-16 2.05939e-17 1
7054.5 6.23119e-16 2.05939e-17 1
7056 6.23581e-16 2.05939e-17 1
7057.5 6.26131e-16 2.05939e-17 1
7059 6.31212e-16 2.05939e-17 1
7060.5 6.05918e-16 2.05939e-17 1
7062 6.08389e-16 2.05939e-17 1
7063.5 5.94865e-16 2.05939e-17 1
7065 5.97431e-16 2.05939e-17 1
7066.5 5.79782e-16 2.05939e-17 1
7068 6.00344e-16 2.05939e-17 1
7069.5 5.99131e-16 2.05939e-17 1
7071 6.0737e-16 2.05939e-17 1
7072.5 6.3968e-16 2.05939e-17 1
7074 6.18156e-16 2.05939e-17 1
7075.5 5.70306e-16 2.05939e-17 1
7077 5.85021e-16 2.05939e-17 1
7078.5 6.07544e-16 2.05939e-17 1
7080 6.08394e-16 2.05939e-17 1
7081.5 5.94455e-16 2.05939e-17 1
7083 5.91946e-16 2.05939e-17 1
7084.5 6.05424e-16 2.05939e-17 1
7086 6.39152e-16 2.05939e-17 1
7087.5 6.2776e-16 2.05939e-17 1
7089 6.1506e-16 2.05939e-17 1
7090.5 6.07298e-16 2.05939e-17 1
7092 6.17505e-16 2.05939e-17 1
7093.5 6.30202e-16 2.05939e-17 1
7095 6.11312e-16 2.05939e-17 1
7096.5 6.12931e-16 2.05939e-17 1
7098 6.11067e-16 2.05939e-17 1
7099.5 6.11371e-16 2.05939e-17 1
7101 6.35576e-16 2.05939e-17 1
7102.5 6.40745e-16 2.05939e-17 1
7104 5.94114e-16 2.05939e-17 1
7105.5 6.14926e-16 2.05939e-17 1
7107 6.13137e-16 2.05939e-17 1
7108.5 5.95348e-16 2.05939e-17 1
7110 5.74118e-16 2.05939e-17 1
7111.5 5.76574e-16 2.05939e-17 1
7113 5.87542e-16 2.05939e-17 1
7114.5 5.80006e-16 2.05939e-17 1
7116 5.72791e-16 2.05939e-17 1
7117.5 5.80259e-16 2.05939e-17 1
7119 6.06173e-16 2.05939e-17 1
7120.5 5.39921e-16 2.05939e-17 1
7122 5.59991e-16 2.05939e-17 1
7123.5 5.70968e-16 2.05939e-17 1
7125 5.91575e-16 2.05939e-17 1
7126.5 5.94658e-16 2.05939e-17 1
7128 6.06008e-16 2.05939e-17 1
7129.5 5.85694e-16 2.05939e-17 1
7131 5.98943e-16 2.05939e-17 1
7132.5 5.68064e-16 2.05939e-17 1
7134 5.66821e-16 2.05939e-17 1
7135.5 5.80736e-16 2.05939e-17 1
7137 5.65604e-16 2.05939e-17 1
7138.5 5.77587e-16 2.05939e-17 1
7140 5.68163e-16 2.05939e-17 1
7141.5 5.38203e-16 2.05939e-17 1
7143 5.31233e-16 2.05939e-17 1
7144.5 5.54099e-16 2.05939e-17 1
7146 5.60972e-16 2.05939e-17 1
7147.5 5.33924e-16 2.05939e-17 1
7149 5.49852e-16 2.05939e-17 1
7150.5 5.49029e-16 2.05939e-17 1
7152 5.39637e-16 2.05939e-17 1
7153.5 5.67264e-16 2.05939e-17 1
7155 5.84531e-16 2.05939e-17 1
7156.5 5.69723e-16 2.05939e-17 1
7158 5.56705e-16 2.05939e-17 1
7159.5 5.72173e-16 2.05939e-17 1
7161 6.07302e-16 2.05939e-17 1
7162.5 6.12391e-16 2.05939e-17 1
7164 5.70931e-16 2.05939e-17 1
7165.5 5.50284e-16 2.05939e-17 1
7167 5.60121e-16 2.05939e-17 1
7168.5 5.65176e-16 2.05939e-17 1
7170 5.70231e-16 2.05939e-17 1
7171.5 5.75286e-16 2.05939e-17 1
7173 5.80341e-16 2.05939e-17 1
7174.5 5.80341e-16 2.05939e-17 1
7176 5.81956e-16 2.05939e-17 1
7177.5 5.65029e-16 2.05939e-17 1
7179 5.63254e-16 2.05939e-17 1
7180.5 5.66065e-16 2.05939e-17 1
7182 5.84227e-16 2.05939e-17 1
7183.5 5.9619e-16 2.05939e-17 1
7185 6.31845e-16 2.05939e-17 1
7186.5 6.001e-16 2.05939e-17 1
7188 5.5419e-16 2.05939e-17 1
7189.5 5.61551e-16 2.05939e-17 1
7191 6.03608e-16 2.05939e-17 1
7192.5 5.99334e-16 2.05939e-17 1
7194 5.78967e-16 2.05939e-17 1
7195.5 5.68583e-16 2.05939e-17 1
7197 5.47876e-16 2.05939e-17 1
7198.5 5.39158e-16 2.05939e-17 1
7200 5.44967e-16 2.05939e-17 1
7201.5 5.72652e-16 2.05939e-17 1
7203 5.89695e-16 2.05939e-17 1
7204.5 5.86766e-16 2.05939e-17 1
7206 5.83356e-16 2.05939e-17 1
7207.5 5.89864e-16 2.05939e-17 1
7209 5.84591e-16 2.05939e-17 1
7210.5 5.62256e-16 2.05939e-17 1
7212 5.67418e-16 2.05939e-17 1
7213.5 5.79115e-16 2.05939e-17 1
7215 5.81612e-16 2.05939e-17 1
7216.5 5.92872e-16 2.05939e-17 1
7218 6.12438e-16 2.05939e-17 1
7219.5 6.05977e-16 2.05939e-17 1
7221 5.86593e-16 2.05939e-17 1
7222.5 5.56176e-16 2.05939e-17 1
7224 5.57691e-16 2.05939e-17 1
7225.5 5.65407e-16 2.05939e-17 1
7227 5.64345e-16 2.05939e-17 1
7228.5 5.78797e-16 2.05939e-17 1
7230 5.86927e-16 2.05939e-17 1
7231.5 5.95455e-16 2.05939e-17 1
7233 5.95618e-16 2.05939e-17 1
7234.5 5.6686e-16 2.05939e-17 1
7236 5.53137e-16 2.05939e-17 1
7237.5 5.5989e-16 2.05939e-17 1
7239 5.70018e-16 2.05939e-17 1
7240.5 5.62178e-16 2.05939e-17 1
7242 5.64653e-16 2.05939e-17 1
7243.5 5.86395e-16 2.05939e-17 1
7245 5.71418e-16 2.05939e-17 1
7246.5 5.28278e-16 2.05939e-17 1
7248 5.28847e-16 2.05939e-17 1
7249.5 5.6927e-16 2.05939e-17 1
7251 5.47676e-16 2.05939e-17 1
7252.5 5.20716e-16 2.05939e-17 1
7254 5.27924e-16 2.05939e-17 1
7255.5 5.33658e-16 2.05939e-17 1
7257 5.45255e-16 2.05939e-17 1
7258.5 5.54898e-16 2.05939e-17 1
7260 5.44746e-16 2.05939e-17 1
7261.5 5.28224e-16 2.05939e-17 1
7263 5.12824e-16 2.05939e-17 1
7264.5 5.41674e-16 2.05939e-17 1
7266 5.52193e-16 2.05939e-17 1
7267.5 5.45585e-16 2.05939e-17 1
7269 5.3407e-16 2.05939e-17 1
7270.5 5.08291e-16 2.05939e-17 1
7272 5.3671e-16 2.05939e-17 1
7273.5 5.46957e-16 2.05939e-17 1
7275 5.33746e-16 2.05939e-17 1
7276.5 5.06213e-16 2.05939e-17 1
7278 4.90405e-16 2.05939e-17 1
7279.5 5.27241e-16 2.05939e-17 1
7281 5.37807e-16 2.05939e-17 1
7282.5 5.49607e-16 2.05939e-17 1
7284 5.55097e-16 2.05939e-17 1
7285.5 5.39652e-16 2.05939e-17 1
7287 5.41391e-16 2.05939e-17 1
7288.5 5.40858e-16 2.05939e-17 1
7290 5.47717e-16 2.05939e-17 1
7291.5 5.33944e-16 2.05939e-17 1
7293 5.22829e-16 2.05939e-17 1
7294.5 5.29126e-16 2.05939e-17 1
7296 5.37808e-16 2.05939e-17 1
7297.5 5.57366e-16 2.05939e-17 1
7299 5.67525e-16 2.05939e-17 1
7300.5 5.60771e-16 2.05939e-17 1
7302 5.62333e-16 2.05939e-17 1
7303.5 5.70347e-16 2.05939e-17 1
7305 5.67667e-16 2.05939e-17 1
7306.5 5.54254e-16 2.05939e-17 1
7308 5.5482e-16 2.05939e-17 1
7309.5 5.62099e-16 2.05939e-17 1
7311 5.46944e-16 2.05939e-17 1
7312.5 5.1989e-16 2.05939e-17 1
7314 5.2279e-16 2.05939e-17 1
7315.5 5.24626e-16 2.05939e-17 1
7317 5.36776e-16 2.05939e-17 1
7318.5 5.52184e-16 2.05939e-17 1
7320 5.33637e-16 2.14257e-17 1
7321.5 5.08084e-16 2.14257e-17 1
7323 5.16741e-16 2.14257e-17 1
7324.5 5.34252e-16 2.14257e-17 1
7326 5.27208e-16 2.14257e-17 1
7327.5 5.27588e-16 2.14257e-17 1
7329 5.48246e-16 2.14257e-17 1
7330.5 5.36201e-16 2.14257e-17 1
7332 5.60371e-16 2.14257e-17 1
7333.5 5.74145e-16 2.14257e-17 1
7335 5.65344e-16 2.14257e-17 1
7336.5 5.68034e-16 2.14257e-17 1
7338 5.38678e-16 2.14257e-17 1
7339.5 5.24961e-16 2.14257e-17 1
7341 5.36835e-16 2.14257e-17 1
7342.5 5.48313e-16 2.14257e-17 1
7344 5.25074e-16 2.14257e-17 1
7345.5 5.30432e-16 2.14257e-17 1
7347 5.15183e-16 2.14257e-17 1
7348.5 5.25875e-16 2.14257e-17 1
7350 5.24426e-16 2.14257e-17 1
7351.5 5.06117e-16 2.14257e-17 1
7353 5.21787e-16 2.14257e-17 1
7354.5 5.39286e-16 2.14257e-17 1
7356 5.43294e-16 2.14257e-17 1
7357.5 5.38694e-16 2.14257e-17 1
7359 5.15315e-16 2.14257e-17 1
7360.5 4.92314e-16 2.14257e-17 1
7362 5.15401e-16 2.14257e-17 1
7363.5 5.5759e-16 2.14257e-17 1
7365 5.48364e-16 2.14257e-17 1
7366.5 5.21205e-16 2.14257e-17 1
7368 5.31521e-16 2.14257e-17 1
7369.5 5.48579e-16 2.14257e-17 1
7371 5.45442e-16 2.14257e-17 1
7372.5 5.54468e-16 2.14257e-17 1
7374 5.77009e-16 2.14257e-17 1
7375.5 5.75644e-16 2.14257e-17 1
7377 5.59674e-16 2.14257e-17 1
7378.5 5.5296e-16 2.14257e-17 1
7380 5.40936e-16 2.14257e-17 1
7381.5 5.0478e-16 2.14257e-17 1
7383 4.84796e-16 2.14257e-17 1
7384.5 4.98469e-16 2.14257e-17 1
7386 5.0204e-16 2.14257e-17 1
7387.5 4.94197e-16 2.14257e-17 1
7389 5.13092e-16 2.14257e-17 1
7390.5 5.10735e-16 2.14257e-17 1
7392 4.89301e-16 2.14257e-17 1
7393.5 5.00971e-16 2.14257e-17 1
7395 5.14993e-16 2.14257e-17 1
7396.5 5.00037e-16 2.14257e-17 1
7398 5.26865e-16 2.14257e-17 1
7399.5 5.16117e-16 2.14257e-17 1
7401 5.22375e-16 2.14257e-17 1
7402.5 5.29562e-16 2.14257e-17 1
7404 5.14007e-16 2.14257e-17 1
7405.5 5.07455e-16 2.14257e-17 1
7407 5.19706e-16 2.14257e-17 1
7408.5 4.81089e-16 2.14257e-17 1
7410 4.72101e-16 2.14257e-17 1
7411.5 4.56939e-16 2.14257e-17 1
7413 5.16462e-16 2.14257e-17 1
7414.5 5.02761e-16 2.14257e-17 1
7416 5.1082e-16 2.14257e-17 1
7417.5 5.08795e-16 2.14257e-17 1
7419 4.56601e-16 2.14257e-17 1
7420.5 4.65782e-16 2.05939e-17 1
7422 4.67513e-16 2.05939e-17 1
7423.5 4.69326e-16 2.05939e-17 1
7425 4.8633e-16 2.05939e-17 1
7426.5 4.6933e-16 2.05939e-17 1
7428 4.63498e-16 2.05939e-17 1
7429.5 4.87791e-16 2.05939e-17 1
7431 4.94123e-16 2.05939e-17 1
7432.5 4.55873e-16 2.05939e-17 1
7434 4.65097e-16 2.05939e-17 1
7435.5 4.67047e-16 2.05939e-17 1
7437 4.6239e-16 2.05939e-17 1
7438.5 4.65163e-16 2.05939e-17 1
7440 4.86308e-16 2.05939e-17 1
7441.5 4.84756e-16 2.05939e-17 1
7443 4.63197e-16 2.05939e-17 1
7444.5 4.56849e-16 2.05939e-17 1
7446 4.53441e-16 2.05939e-17 1
7447.5 4.64809e-16 2.05939e-17 1
7449 4.78805e-16 2.05939e-17 1
7450.5 4.74179e-16 2.05939e-17 1
7452 4.74519e-16 2.05939e-17 1
7453.5 4.69474e-16 2.05939e-17 1
7455 4.47921e-16 2.05939e-17 1
7456.5 4.56839e-16 2.05939e-17 1
7458 4.67855e-16 2.05939e-17 1
7459.5 4.52599e-16 2.05939e-17 1
7461 4.40795e-16 2.05939e-17 1
7462.5 4.41954e-16 2.05939e-17 1
7464 4.48441e-16 2.05939e-17 1
7465.5 4.33181e-16 2.05939e-17 1
7467 4.39378e-16 2.05939e-17 1
7468.5 4.60601e-16 2.05939e-17 1
7470 4.68169e-16 2.05939e-17 1
7471.5 4.46598e-16 2.05939e-17 1
7473 4.31026e-16 2.05939e-17 1
7474.5 4.6273e-16 2.05939e-17 1
7476 4.65036e-16 2.05939e-17 1
7477.5 4.6625e-16 2.05939e-17 1
7479 4.66938e-16 2.05939e-17 1
7480.5 4.5469e-16 2.05939e-17 1
7482 4.4664e-16 2.05939e-17 1
7483.5 4.37494e-16 2.05939e-17 1
7485 4.41613e-16 2.05939e-17 1
7486.5 4.52708e-16 2.05939e-17 1
7488 4.19666e-16 2.05939e-17 1
7489.5 4.24024e-16 2.05939e-17 1
7491 4.40535e-16 2.05939e-17 1
7492.5 4.25257e-16 2.05939e-17 1
7494 4.4052e-16 2.05939e-17 1
7495.5 4.00469e-16 2.05939e-17 1
7497 3.66589e-16 2.05939e-17 1
7498.5 3.97088e-16 2.05939e-17 1
7500 4.41373e-16 2.05939e-17 1
7501.5 4.32403e-16 2.05939e-17 1
7503 3.96115e-16 2.05939e-17 1
7504.5 4.20985e-16 2.05939e-17 1
7506 4.25233e-16 2.05939e-17 1
7507.5 4.28076e-16 2.05939e-17 1
7509 4.28936e-16 2.05939e-17 1
7510.5 4.0688e-16 2.05939e-17 1
7512 4.06424e-16 2.05939e-17 1
7513.5 4.04653e-16 2.05939e-17 1
7515 4.0561e-16 2.05939e-17 1
7516.5 4.11496e-16 2.05939e-17 1
7518 4.06417e-16 2.05939e-17 1
7519.5 3.84845e-16 2.05939e-17 1
7521 3.882e-16 2.05939e-17 1
7522.5 4.16427e-16 2.05939e-17 1
7524 4.10089e-16 2.05939e-17 1
7525.5 3.95302e-16 2.05939e-17 1
7527 3.97578e-16 2.05939e-17 1
7528.5 4.03906e-16 2.05939e-17 1
7530 3.99241e-16 2.05939e-17 1
7531.5 3.91245e-16 2.05939e-17 1
7533 3.82299e-16 2.05939e-17 1
7534.5 3.78567e-16 2.05939e-17 1
7536 3.8084e-16 2.05939e-17 1
7537.5 3.72655e-16 2.05939e-17 1
7539 3.55204e-16 2.05939e-17 1
7540.5 3.75668e-16 2.05939e-17 1
