# converted by J. Guy, 2010-10-18
# from INES IUE Newly Extracted Spectra sdc.laeff.inta.es/ines/
@Redshift 0.003395
@FORMAT STD
@Date 48069.3
@Dec +13:31:49
@IUE_CAM LWP
@IUE_DISP LOW
@IUE_EXPTIME 8399.544
@IUE_IMAGE 18200
@RA 12:40:25.9
@SELECTED_FOR_SNLS3_TRAINING 1
@SN sn1990n
@SURVEY IUE_SPEC
@Source IUE
#WAVE : wavelength, observer frame, in A
#FLUX : erg/s/cm2/A
#ERR  : statistical uncertainty on flux
#VALID : 1=ok 0=ignore
#end
1851.433 4.7924518e-14 5.6128171e-14 1
1854.102 -6.7121101e-15 9.0073883e-14 1
1856.772 -4.1853487e-14 1.0016805e-13 1
1859.441 3.3343066e-14 9.0864538e-14 1
1862.11 4.5942127e-15 3.8020527e-14 1
1864.78 1.8792866e-14 5.280732e-14 1
1867.449 2.0893152e-14 3.5859482e-14 1
1870.118 -1.0173762e-14 2.524292e-14 1
1872.787 8.8228366e-15 2.2476051e-14 1
1875.457 6.1951196e-16 2.4175096e-14 1
1878.126 -2.3179863e-14 2.0325843e-14 1
1880.795 2.965316e-15 2.2135517e-14 1
1883.465 -1.0706202e-15 1.6893183e-14 1
1886.134 7.9994639e-15 1.616909e-14 1
1888.803 1.7219599e-14 1.6516229e-14 1
1891.473 5.7872569e-15 1.5207914e-14 1
1894.142 5.9894068e-15 1.423653e-14 1
1896.811 -2.0998287e-14 1.4855179e-14 1
1899.48 8.0818293e-15 1.4247772e-14 1
1902.15 1.3276613e-14 1.6870779e-14 1
1904.819 -9.028431e-15 1.2793005e-14 1
1907.488 1.0311868e-14 1.2539775e-14 1
1910.158 1.0621934e-14 1.2383473e-14 1
1912.827 3.6589685e-15 1.2397028e-14 1
1915.496 7.2686006e-15 1.3965019e-14 1
1918.166 -4.1029958e-15 1.1740771e-14 1
1920.835 -8.5490332e-15 2.0336219e-14 1
1923.504 -4.4540681e-15 1.9231983e-14 1
1926.173 1.9760815e-15 9.250778e-15 1
1928.843 -1.0757832e-15 8.1118473e-15 1
1931.512 -4.3369573e-15 8.2245036e-15 1
1934.181 -2.2392241e-15 9.1039355e-15 1
1936.851 -3.8344203e-15 8.8832801e-15 1
1939.52 9.7060125e-15 7.9282563e-15 1
1942.189 1.3964363e-14 8.4118944e-15 1
1944.859 4.1115331e-15 8.2247755e-15 1
1947.528 -5.8809557e-15 6.75765e-15 1
1950.197 3.0952638e-15 8.308032e-15 1
1952.866 -5.6954652e-15 8.2846463e-15 1
1955.536 -7.2562975e-15 7.003282e-15 1
1958.205 -2.821295e-15 7.2076261e-15 1
1960.874 -7.76665e-16 6.6980096e-15 1
1963.544 -5.9043162e-16 6.1138004e-15 1
1966.213 8.3771914e-15 6.066126e-15 1
1968.882 -3.0584685e-15 4.9527096e-15 1
1971.552 1.6770242e-15 5.1138178e-15 1
1974.221 2.1815668e-15 5.2020211e-15 1
1976.89 -3.5066279e-15 5.3436259e-15 1
1979.559 -9.36317e-15 5.6109728e-15 1
1982.229 3.8490426e-15 6.281385e-15 1
1984.898 3.2872901e-16 5.5530849e-15 1
1987.567 -3.6343901e-15 4.2076387e-15 1
1990.237 -3.1748084e-15 4.3940423e-15 1
1992.906 -2.5716149e-15 4.4870749e-15 1
1995.575 -2.1792574e-15 6.0002594e-15 1
1998.245 1.9404767e-15 5.0878245e-15 1
2000.914 6.4994887e-16 4.0357418e-15 1
2003.583 2.0635986e-15 4.1169181e-15 1
2006.252 3.9398691e-15 4.289861e-15 1
2008.922 -1.7585725e-15 3.7115074e-15 1
2011.591 1.9321273e-15 3.7695511e-15 1
2014.26 2.4264335e-15 3.5727799e-15 1
2016.93 -8.987711e-16 3.5280214e-15 1
2019.599 6.4765505e-16 4.248713e-15 1
2022.268 1.0089762e-15 4.6242137e-15 1
2024.938 1.9437032e-15 4.1391557e-15 1
2027.607 4.5696104e-16 4.1495149e-15 1
2030.276 1.5872767e-15 3.743731e-15 1
2032.945 1.3638113e-15 3.3435228e-15 1
2035.615 4.8958458e-15 3.7897232e-15 1
2038.284 2.8553404e-15 3.9967377e-15 1
2040.953 -1.048051e-15 3.6529638e-15 1
2043.623 -1.1157043e-15 4.3371649e-15 1
2046.292 -1.8577732e-15 3.3589801e-15 1
2048.961 -1.6818718e-15 3.3236745e-15 1
2051.63 -7.0232309e-16 3.8200428e-15 1
2054.3 1.3022377e-15 3.1944327e-15 1
2056.969 1.3741321e-15 3.3663544e-15 1
2059.638 -1.2980837e-16 3.3364981e-15 1
2062.308 -1.0582338e-15 3.0866573e-15 1
2064.977 -7.2081726e-16 3.351263e-15 1
2067.646 -3.1311208e-17 3.0538981e-15 1
2070.316 1.2361695e-15 3.0862499e-15 1
2072.985 -8.5684079e-16 2.7806158e-15 1
2075.654 -1.7129848e-15 2.6797035e-15 1
2078.323 -9.1520639e-16 2.9075626e-15 1
2080.993 7.3769322e-16 2.7734084e-15 1
2083.662 2.5906604e-15 3.0731397e-15 1
2086.331 1.3856203e-16 3.0833914e-15 1
2089.001 -1.1252615e-15 2.65599e-15 1
2091.67 1.2635662e-15 2.9549918e-15 1
2094.339 3.3870412e-15 3.235359e-15 1
2097.009 -3.5655783e-16 3.1724412e-15 1
2099.678 9.5472716e-17 3.2225987e-15 1
2102.347 -9.487382e-16 3.4704666e-15 1
2105.017 -1.1968975e-15 2.9975856e-15 1
2107.686 1.451418e-15 3.0854556e-15 1
2110.355 3.2701312e-15 3.16442e-15 1
2113.024 -2.8457634e-16 2.7064151e-15 1
2115.694 -2.021031e-15 2.4749799e-15 1
2118.363 -2.7811689e-15 2.3923289e-15 1
2121.032 7.7651777e-16 2.6807434e-15 1
2123.702 5.2662796e-16 2.7130571e-15 1
2126.371 2.1029437e-15 2.7747025e-15 1
2129.04 5.1312213e-16 2.7020169e-15 1
2131.709 -2.0370351e-16 2.7468503e-15 1
2134.379 3.4520074e-15 2.9108082e-15 1
2137.048 -8.5389037e-16 2.5192124e-15 1
2139.717 9.3358553e-16 2.5777995e-15 1
2142.387 7.1028647e-16 2.4901826e-15 1
2145.056 -1.0872279e-15 2.375037e-15 1
2147.725 2.6840998e-15 2.8115016e-15 1
2150.395 1.6506849e-15 2.8670939e-15 1
2153.064 1.6972163e-16 2.633162e-15 1
2155.733 1.3427165e-15 2.6909974e-15 1
2158.403 1.2830381e-15 2.9466872e-15 1
2161.072 -1.2051359e-15 2.9498647e-15 1
2163.741 2.8823306e-16 2.4479979e-15 1
2166.41 1.5690706e-15 3.31473e-15 1
2169.08 2.2613001e-15 3.7975477e-15 1
2171.749 3.0969964e-15 2.6900672e-15 1
2174.418 9.312132e-16 2.920025e-15 1
2177.088 2.285697e-16 3.138169e-15 1
2179.757 -1.0151533e-15 2.5955734e-15 1
2182.426 1.4820596e-15 3.0216535e-15 1
2185.095 2.2734093e-15 3.6088216e-15 1
2187.765 -2.2907307e-15 3.1053998e-15 1
2190.434 -2.7081246e-15 2.7176099e-15 1
2193.104 -7.8598199e-16 3.0144564e-15 1
2195.773 -2.9253403e-15 2.1527544e-15 1
2198.442 -1.9388533e-15 2.2680965e-15 1
2201.111 1.3378608e-15 2.7360672e-15 1
2203.781 1.5760819e-15 3.1079593e-15 1
2206.45 3.0714262e-15 3.0508822e-15 1
2209.119 -5.7723368e-16 2.5015515e-15 1
2211.789 -1.2721498e-15 2.4642503e-15 1
2214.458 -7.1338518e-17 2.3945577e-15 1
2217.127 -3.5068133e-16 2.399325e-15 1
2219.796 2.2680624e-15 2.3571906e-15 1
2222.466 2.5068054e-15 2.4814849e-15 1
2225.135 2.5209981e-15 2.644483e-15 1
2227.804 4.1528077e-15 2.6942568e-15 1
2230.474 1.9202059e-15 2.8979591e-15 1
2233.143 -9.1203733e-16 2.7817608e-15 1
2235.812 -1.5920948e-15 2.050095e-15 1
2238.481 -1.0623084e-15 2.2124484e-15 1
2241.151 7.9265423e-16 2.7422704e-15 1
2243.82 -4.9208331e-16 2.6094857e-15 1
2246.489 -1.0051005e-15 2.1187871e-15 1
2249.159 1.3634546e-15 2.3124935e-15 1
2251.828 1.6567718e-15 2.3024687e-15 1
2254.497 2.6014995e-15 2.5145147e-15 1
2257.167 1.2531398e-15 2.4992624e-15 1
2259.836 -4.2997915e-16 2.292966e-15 1
2262.505 -6.3967521e-16 2.0265441e-15 1
2265.175 -1.3975569e-15 1.7867652e-15 1
2267.844 8.7863707e-16 1.8900441e-15 1
2270.513 1.8185482e-15 1.9870698e-15 1
2273.182 1.4375652e-15 1.9096508e-15 1
2275.852 2.1075755e-15 2.2449467e-15 1
2278.521 -7.7437414e-16 2.1514736e-15 1
2281.19 8.111889e-16 1.8641903e-15 1
2283.86 2.3249837e-15 2.051867e-15 1
2286.529 -1.0606913e-15 1.80636e-15 1
2289.198 -1.5433567e-15 1.5366739e-15 1
2291.867 3.958722e-16 1.6877462e-15 1
2294.537 1.3672956e-15 1.8337304e-15 1
2297.206 1.4993288e-15 2.1094424e-15 1
2299.875 2.2627456e-15 2.1690191e-15 1
2302.545 2.0024058e-15 1.8787648e-15 1
2305.214 4.2167828e-17 1.6571335e-15 1
2307.883 6.4147303e-16 1.629362e-15 1
2310.553 1.6155323e-15 1.6080174e-15 1
2313.222 -9.3429977e-17 1.4732501e-15 1
2315.891 -2.2812696e-16 1.458385e-15 1
2318.561 3.3318565e-16 1.8103487e-15 1
2321.23 1.0840072e-15 1.8006243e-15 1
2323.899 1.395115e-15 1.8141449e-15 1
2326.568 9.4641924e-16 1.7858989e-15 1
2329.238 -2.4533028e-16 1.4042725e-15 1
2331.907 -9.9460377e-16 1.2504992e-15 1
2334.576 -6.1062203e-16 1.2114952e-15 1
2337.246 -1.566285e-15 1.1358153e-15 1
2339.915 -1.2571487e-15 1.1561247e-15 1
2342.584 3.3766037e-16 1.2334269e-15 1
2345.253 3.9914699e-16 1.2281137e-15 1
2347.923 1.86409e-15 1.4213089e-15 1
2350.592 2.5303559e-15 1.4274665e-15 1
2353.261 1.7041283e-15 1.261147e-15 1
2355.931 2.5996526e-16 1.1654208e-15 1
2358.6 3.6818873e-16 1.1765536e-15 1
2361.269 -2.1034521e-16 1.4879542e-15 1
2363.938 -1.1726961e-16 1.4074846e-15 1
2366.608 2.4431194e-16 1.087353e-15 1
2369.277 3.1427479e-16 1.212877e-15 1
2371.947 -2.3525096e-16 1.1194721e-15 1
2374.616 -6.5146819e-17 9.7061167e-16 1
2377.285 5.924032e-16 1.0144818e-15 1
2379.954 9.4391668e-16 1.0393768e-15 1
2382.624 3.7896013e-16 9.8656723e-16 1
2385.293 -2.9808079e-16 1.0042724e-15 1
2387.962 3.5355491e-16 1.0122781e-15 1
2390.632 1.4001486e-15 9.9163979e-16 1
2393.301 9.384457e-16 9.5047727e-16 1
2395.97 3.8987442e-16 9.5242873e-16 1
2398.64 -2.0465763e-16 9.0255892e-16 1
2401.309 1.6649928e-16 8.8244131e-16 1
2403.978 -1.0831263e-17 8.7286184e-16 1
2406.647 -1.2154703e-18 8.4596103e-16 1
2409.317 -7.7944534e-17 8.050333e-16 1
2411.986 1.8768891e-16 8.5590138e-16 1
2414.655 -9.9458377e-17 8.2445481e-16 1
2417.325 -8.183829e-16 7.550538e-16 1
2419.994 -4.5634075e-16 7.6913074e-16 1
2422.663 -1.2684927e-16 7.6678896e-16 1
2425.333 8.1515364e-16 9.5823831e-16 1
2428.002 1.3928287e-15 9.4428249e-16 1
2430.671 7.4193051e-16 8.1970666e-16 1
2433.34 4.1202184e-16 7.7787578e-16 1
2436.01 7.8048099e-16 7.8205011e-16 1
2438.679 1.2287627e-15 9.2257717e-16 1
2441.348 1.8222612e-16 1.1593626e-15 1
2444.018 -6.6400977e-17 9.6161501e-16 1
2446.687 3.0222975e-16 7.4364728e-16 1
2449.356 2.5752809e-16 7.2361861e-16 1
2452.025 2.415253e-16 6.9547774e-16 1
2454.695 -2.8368976e-16 6.4471156e-16 1
2457.364 5.568022e-17 6.6437066e-16 1
2460.033 4.0967492e-16 6.8471883e-16 1
2462.703 -2.6982097e-16 6.4727606e-16 1
2465.372 -4.2847575e-18 6.6553724e-16 1
2468.041 1.1359437e-16 6.5581351e-16 1
2470.71 -8.6014886e-17 6.3038447e-16 1
2473.38 2.9024733e-16 6.3803598e-16 1
2476.049 -3.5131028e-16 6.0667057e-16 1
2478.719 1.449854e-16 6.1774319e-16 1
2481.388 4.6346461e-16 8.0410161e-16 1
2484.057 4.2580942e-16 7.4397974e-16 1
2486.726 -3.0822655e-16 6.4729834e-16 1
2489.396 -3.9222416e-16 6.5913314e-16 1
2492.065 -5.4160832e-17 8.8406475e-16 1
2494.734 4.0976235e-17 7.1891053e-16 1
2497.404 1.4032659e-16 5.7164798e-16 1
2500.073 6.166331e-16 6.1080631e-16 1
2502.742 6.0122494e-16 6.0790459e-16 1
2505.412 1.2239612e-16 5.8089551e-16 1
2508.081 -1.9379052e-16 5.7653848e-16 1
2510.75 5.2313999e-16 5.7903262e-16 1
2513.419 1.3809153e-16 5.4700525e-16 1
2516.089 -3.3858443e-16 5.1912654e-16 1
2518.758 -4.948051e-16 5.0492629e-16 1
2521.427 3.6331218e-17 5.2268106e-16 1
2524.097 6.5888565e-16 5.5589968e-16 1
2526.766 3.8809284e-16 5.3792013e-16 1
2529.435 7.0416538e-16 5.5162624e-16 1
2532.104 4.2357577e-16 5.3810696e-16 1
2534.774 1.7249367e-16 5.0950964e-16 1
2537.443 5.182758e-16 5.3621368e-16 1
2540.112 -3.6083315e-16 4.8191093e-16 1
2542.782 -4.7529253e-16 4.4540264e-16 1
2545.451 -3.1610198e-17 5.7879736e-16 1
2548.12 3.7570869e-16 5.2410444e-16 1
2550.79 4.0273129e-18 4.478782e-16 1
2553.459 -1.6229536e-16 4.2401868e-16 1
2556.128 -7.6309655e-17 4.1699699e-16 1
2558.797 2.0059497e-17 4.2573009e-16 1
2561.467 -1.9289665e-16 4.1273769e-16 1
2564.136 -9.1291333e-18 4.1370264e-16 1
2566.805 -1.5714089e-16 4.4673995e-16 1
2569.475 7.2215567e-17 4.6107079e-16 1
2572.144 2.529665e-16 4.3446594e-16 1
2574.813 7.7510725e-16 4.5111874e-16 1
2577.483 7.4222019e-16 4.4848933e-16 1
2580.152 3.9631086e-16 4.2976001e-16 1
2582.821 -1.0998723e-18 4.0618713e-16 1
2585.49 -5.6082429e-17 4.1875186e-16 1
2588.16 5.1623778e-16 4.2950966e-16 1
2590.829 2.469253e-16 4.1426825e-16 1
2593.499 1.6183093e-16 3.8904925e-16 1
2596.168 -6.197263e-17 3.6895058e-16 1
2598.837 -1.917753e-16 3.5819417e-16 1
2601.506 -1.0916462e-16 3.6567776e-16 1
2604.176 3.4472444e-16 3.8312912e-16 1
2606.845 5.1894559e-16 3.8727146e-16 1
2609.514 3.082791e-16 3.8070716e-16 1
2612.184 1.4037023e-16 3.5957094e-16 1
2614.853 3.3036802e-16 3.6467299e-16 1
2617.522 6.3061529e-16 3.7551591e-16 1
2620.191 2.9857763e-16 4.5590077e-16 1
2622.861 1.831135e-16 3.9082537e-16 1
2625.53 5.18102e-16 3.6799847e-16 1
2628.199 2.6237184e-16 3.4274098e-16 1
2630.869 1.9388552e-16 3.4455016e-16 1
2633.538 8.6027038e-16 3.72274e-16 1
2636.207 1.0429275e-15 3.7877085e-16 1
2638.876 2.2208235e-16 3.3823423e-16 1
2641.546 6.3436514e-18 3.6019811e-16 1
2644.215 -2.1403257e-19 3.9713365e-16 1
2646.884 2.4099593e-16 3.4951115e-16 1
2649.554 4.5289761e-16 3.4020607e-16 1
2652.223 1.9196642e-17 3.2172233e-16 1
2654.892 4.503654e-17 3.2442286e-16 1
2657.562 2.6590297e-16 3.2293766e-16 1
2660.231 1.6521114e-16 3.1694909e-16 1
2662.9 3.8836924e-16 3.4184767e-16 1
2665.57 2.9385119e-16 3.2761228e-16 1
2668.239 4.078678e-16 3.211032e-16 1
2670.908 3.7789126e-16 3.1642732e-16 1
2673.577 5.5030095e-16 3.2472339e-16 1
2676.247 1.905686e-16 3.0939644e-16 1
2678.916 2.0773087e-16 3.0551451e-16 1
2681.585 2.6153193e-16 3.090427e-16 1
2684.255 8.6421779e-17 2.9405908e-16 1
2686.924 9.9524075e-17 2.8866756e-16 1
2689.593 5.1495156e-16 3.1007952e-16 1
2692.262 1.1063024e-15 3.4142516e-16 1
2694.932 9.3128117e-16 3.2740992e-16 1
2697.601 6.1994696e-16 3.0949525e-16 1
2700.271 4.2833355e-16 3.0054142e-16 1
2702.94 7.9542127e-16 3.1697778e-16 1
2705.609 5.9740021e-16 3.0513864e-16 1
2708.278 2.8294572e-16 2.9552365e-16 1
2710.948 3.212063e-16 2.9653104e-16 1
2713.617 8.4408977e-16 3.1876809e-16 1
2716.286 7.2049448e-16 3.1375387e-16 1
2718.956 7.6452786e-16 3.2293346e-16 1
2721.625 9.2061523e-16 3.2516375e-16 1
2724.294 9.5864161e-16 3.1602135e-16 1
2726.963 1.0786807e-15 3.2069334e-16 1
2729.633 9.1491163e-16 3.1300718e-16 1
2732.302 7.6556246e-16 3.0773541e-16 1
2734.971 1.0841032e-15 3.2014166e-16 1
2737.641 1.0764828e-15 3.1554333e-16 1
2740.31 6.0017779e-16 3.0052208e-16 1
2742.979 2.2036348e-16 2.7642523e-16 1
2745.648 5.9898242e-16 2.8709102e-16 1
2748.318 5.0324329e-16 2.8448232e-16 1
2750.987 6.6374116e-16 2.906953e-16 1
2753.656 7.7429209e-16 2.9802386e-16 1
2756.326 1.4148422e-15 3.2803728e-16 1
2758.995 1.3991292e-15 3.2020201e-16 1
2761.664 6.8924993e-16 2.913932e-16 1
2764.333 1.1453056e-15 3.0568837e-16 1
2767.003 9.0883088e-16 2.9277204e-16 1
2769.672 7.4198869e-16 3.2080505e-16 1
2772.342 9.8047367e-16 2.965658e-16 1
2775.011 6.1730814e-16 2.8245682e-16 1
2777.68 6.15158e-16 2.9872112e-16 1
2780.349 9.6783213e-16 2.9995065e-16 1
2783.019 1.0927623e-15 3.0555655e-16 1
2785.688 1.3444283e-15 3.1740688e-16 1
2788.357 7.4053031e-16 2.9000669e-16 1
2791.027 8.4796511e-16 2.9663703e-16 1
2793.696 7.7999421e-16 3.2455372e-16 1
2796.365 1.0047314e-15 3.2659335e-16 1
2799.034 1.7309351e-15 3.3076192e-16 1
2801.704 1.4546937e-15 3.1982079e-16 1
2804.373 6.7178607e-16 2.9709869e-16 1
2807.042 1.4739794e-15 3.2436576e-16 1
2809.712 1.7779696e-15 3.2707378e-16 1
2812.381 1.5059745e-15 3.2184518e-16 1
2815.05 1.7192547e-15 3.2056986e-16 1
2817.72 1.5935415e-15 3.156662e-16 1
2820.389 1.8361637e-15 3.2546037e-16 1
2823.058 1.6923175e-15 3.1985478e-16 1
2825.728 1.7748253e-15 3.1912445e-16 1
2828.397 2.1697854e-15 3.2916389e-16 1
2831.066 2.2708528e-15 3.3690939e-16 1
2833.735 1.460846e-15 3.0916517e-16 1
2836.405 1.3954234e-15 3.0304247e-16 1
2839.074 1.8262706e-15 3.2873661e-16 1
2841.743 2.1763472e-15 3.39792e-16 1
2844.413 2.0696604e-15 3.2932744e-16 1
2847.082 2.3156672e-15 3.3614222e-16 1
2849.751 2.3325631e-15 3.3988812e-16 1
2852.42 1.8161458e-15 3.283776e-16 1
2855.09 1.9491463e-15 3.2960736e-16 1
2857.759 1.8612537e-15 3.2017086e-16 1
2860.428 1.9452478e-15 3.2133299e-16 1
2863.098 1.8775205e-15 3.2311538e-16 1
2865.767 1.236669e-15 2.9864317e-16 1
2868.436 1.2214164e-15 2.9067256e-16 1
2871.105 1.5654127e-15 3.0680431e-16 1
2873.775 1.5555445e-15 3.1199728e-16 1
2876.444 2.1609869e-15 3.2821637e-16 1
2879.114 2.0209387e-15 3.227763e-16 1
2881.783 1.9268767e-15 3.2166434e-16 1
2884.452 2.1732938e-15 3.3195798e-16 1
2887.122 2.4526654e-15 3.4249952e-16 1
2889.791 2.1029367e-15 3.218136e-16 1
2892.46 1.9440702e-15 3.153798e-16 1
2895.129 1.95985e-15 3.1819785e-16 1
2897.799 1.9422169e-15 3.1876812e-16 1
2900.468 2.0368722e-15 3.2435779e-16 1
2903.137 1.9446564e-15 3.2462323e-16 1
2905.807 1.1472745e-15 2.988301e-16 1
2908.476 2.171089e-15 3.3026318e-16 1
2911.145 2.14839e-15 3.3145903e-16 1
2913.814 1.5769183e-15 3.0583747e-16 1
2916.484 1.6184315e-15 3.1067895e-16 1
2919.153 2.3160166e-15 3.4424618e-16 1
2921.822 2.2747032e-15 3.4411995e-16 1
2924.492 1.4975945e-15 3.1325343e-16 1
2927.161 1.8700323e-15 3.2725081e-16 1
2929.83 2.1005521e-15 3.3071891e-16 1
2932.5 2.3505637e-15 3.4456149e-16 1
2935.169 1.3034907e-15 3.0773943e-16 1
2937.838 1.8185255e-15 3.3260493e-16 1
2940.507 2.0390834e-15 3.4722165e-16 1
2943.177 2.3129918e-15 3.5503608e-16 1
2945.846 2.2941913e-15 3.5718156e-16 1
2948.515 1.793235e-15 3.3430773e-16 1
2951.185 2.4168268e-15 3.6109168e-16 1
2953.854 1.8846426e-15 3.430183e-16 1
2956.523 1.5458028e-15 3.39121e-16 1
2959.192 1.6343669e-15 3.4084495e-16 1
2961.862 1.4060028e-15 3.3261446e-16 1
2964.531 1.0141209e-15 3.2670413e-16 1
2967.2 2.5478099e-15 3.8121104e-16 1
2969.87 2.3350515e-15 3.7643282e-16 1
2972.539 1.9443868e-15 3.6952318e-16 1
2975.208 1.7379132e-15 3.643612e-16 1
2977.877 1.9623721e-15 3.7738833e-16 1
2980.547 2.8415435e-15 4.4999081e-16 1
2983.216 2.3589175e-15 5.2316413e-16 1
2985.885 3.4404083e-15 4.4955093e-16 1
2988.555 3.7847262e-15 4.6995103e-16 1
2991.224 2.8916803e-15 4.5348408e-16 1
2993.894 2.7295156e-15 4.5938255e-16 1
2996.563 3.4966814e-15 4.6364307e-16 1
2999.232 3.0464899e-15 4.5829692e-16 1
3001.901 3.5795511e-15 4.8860651e-16 1
3004.571 3.2228903e-15 5.6230356e-16 1
3007.24 3.1786741e-15 7.8385922e-16 1
3009.909 3.7590009e-15 5.1390415e-16 1
3012.579 3.826742e-15 5.1920383e-16 1
3015.248 4.3990542e-15 5.3617741e-16 1
3017.917 4.4553395e-15 5.3805804e-16 1
3020.586 4.4093113e-15 5.4018817e-16 1
3023.256 4.6609915e-15 5.6902048e-16 1
3025.925 3.9883135e-15 5.5625199e-16 1
3028.594 4.4822828e-15 5.6605613e-16 1
3031.264 4.9754262e-15 5.8502295e-16 1
3033.933 4.8021948e-15 5.8318155e-16 1
3036.602 4.8692066e-15 5.9859331e-16 1
3039.271 4.1225775e-15 5.8511098e-16 1
3041.941 4.8262324e-15 6.0582814e-16 1
3044.61 4.5311003e-15 6.0730605e-16 1
3047.279 3.4515356e-15 5.7361807e-16 1
3049.949 3.0965801e-15 5.9216936e-16 1
3052.618 1.43969e-15 8.9460391e-16 1
3055.287 3.0707799e-15 1.7594593e-15 1
3057.957 5.4676019e-15 2.3707847e-15 1
3060.626 4.1479284e-15 1.4070447e-15 1
3063.295 4.330713e-15 8.3077277e-16 1
3065.964 4.526882e-15 6.8139867e-16 1
3068.634 4.3071092e-15 7.1625561e-16 1
3071.303 3.6506671e-15 6.6949177e-16 1
3073.972 4.0368692e-15 7.1222125e-16 1
3076.642 4.2623185e-15 7.1397979e-16 1
3079.311 4.6769348e-15 7.0830266e-16 1
3081.98 4.5394567e-15 7.1048631e-16 1
3084.65 3.5405831e-15 7.0045961e-16 1
3087.319 2.7201851e-15 6.7563329e-16 1
3089.988 3.7253636e-15 7.0927341e-16 1
3092.657 3.5981024e-15 7.1768233e-16 1
3095.327 4.4642063e-15 7.5692775e-16 1
3097.996 5.3154274e-15 8.1250561e-16 1
3100.666 6.1600382e-15 8.9666802e-16 1
3103.335 5.0404741e-15 8.5799281e-16 1
3106.004 4.0110199e-15 8.3578292e-16 1
3108.673 3.1845279e-15 7.6789805e-16 1
3111.343 3.1076851e-15 7.9859103e-16 1
3114.012 3.4608273e-15 8.6340477e-16 1
3116.681 4.3893565e-15 8.6330673e-16 1
3119.351 3.7589222e-15 8.2204246e-16 1
3122.02 2.8097087e-15 8.423091e-16 1
3124.689 1.7225358e-15 8.8897484e-16 1
3127.358 4.3778157e-15 8.6449199e-16 1
3130.028 5.4970736e-15 9.0615871e-16 1
3132.697 3.4144976e-15 8.5636497e-16 1
3135.366 2.8942559e-15 8.486989e-16 1
3138.036 3.3491954e-15 8.8208317e-16 1
3140.705 3.4115897e-15 9.0980624e-16 1
3143.374 1.80962e-15 8.8934076e-16 1
3146.043 1.6883257e-15 9.2137925e-16 1
3148.713 3.8112646e-15 1.0155182e-15 1
3151.382 2.8935698e-15 1.0979551e-15 1
3154.051 1.8926572e-15 9.4764119e-16 1
3156.721 2.0883667e-15 9.6660975e-16 1
3159.39 2.2552703e-15 9.9000681e-16 1
3162.059 2.5783046e-15 1.0209284e-15 1
3164.729 3.3495543e-15 1.1014252e-15 1
3167.398 3.9403935e-15 1.1547541e-15 1
3170.067 2.4690365e-15 1.0893379e-15 1
3172.737 1.6618885e-15 1.2153696e-15 1
3175.406 2.8707691e-15 1.4204149e-15 1
3178.075 3.1916259e-15 1.2017134e-15 1
3180.744 3.713716e-15 1.2118494e-15 1
3183.414 3.468792e-15 1.2788887e-15 1
3186.083 3.5598741e-15 1.2049894e-15 1
3188.752 5.1868787e-15 1.2902034e-15 1
3191.422 5.3819156e-15 1.3327389e-15 1
3194.091 3.0784004e-15 1.3402601e-15 1
3196.76 2.9454512e-15 1.5142238e-15 1
3199.43 1.4340918e-15 1.7150736e-15 1
3202.099 -3.25922e-16 1.7843632e-15 1
3204.768 3.5562062e-16 1.4045898e-15 1
3207.438 1.6645627e-16 1.4098089e-15 1
3210.107 -2.3737212e-16 1.3931475e-15 1
3212.776 1.2763822e-15 1.5409638e-15 1
3215.445 4.3134289e-15 1.7209672e-15 1
3218.115 4.4634863e-15 1.7551611e-15 1
3220.784 7.7366438e-16 1.7523903e-15 1
3223.453 -1.910155e-15 1.5006605e-15 1
3226.123 -1.5121617e-15 1.5549077e-15 1
3228.792 2.9901311e-16 1.8224119e-15 1
3231.461 1.4644167e-15 2.015682e-15 1
3234.13 2.3051604e-15 1.7894388e-15 1
3236.8 4.4059931e-15 1.8828037e-15 1
3239.469 6.4121796e-15 2.0681542e-15 1
3242.138 7.9204475e-15 2.2647554e-15 1
3244.808 6.9103281e-15 2.1206395e-15 1
3247.477 3.9793366e-15 1.9971696e-15 1
3250.146 4.8176684e-15 2.0724677e-15 1
3252.815 6.6936389e-15 2.1499793e-15 1
3255.485 7.7565746e-15 2.3965764e-15 1
3258.154 5.2345065e-15 2.7567649e-15 1
3260.823 1.1613183e-15 2.6243524e-15 1
3263.493 -5.9869983e-16 2.0550387e-15 1
3266.162 -1.9158334e-16 2.1803367e-15 1
3268.831 1.4909354e-15 2.2901478e-15 1
3271.5 7.9175359e-17 2.3898471e-15 1
3274.17 1.1960913e-15 2.6085004e-15 1
3276.839 5.8108158e-15 2.611403e-15 1
3279.509 7.0490916e-15 2.9536179e-15 1
3282.178 6.7169179e-15 3.2204701e-15 1
3284.847 1.0168294e-14 3.0839512e-15 1
3287.517 1.0212332e-14 2.8571635e-15 1
3290.186 5.8224092e-15 2.9411921e-15 1
3292.855 3.6015981e-15 2.8140431e-15 1
3295.524 5.0725487e-15 2.9395813e-15 1
3298.194 5.9967519e-15 2.8423993e-15 1
3300.863 7.4206142e-15 2.794685e-15 1
3303.532 7.106448e-15 2.9987418e-15 1
3306.202 3.7805338e-15 3.0475199e-15 1
3308.871 4.2400377e-15 3.4344819e-15 1
3311.54 6.1313564e-15 3.945712e-15 1
3314.209 5.5656659e-15 3.6741308e-15 1
3316.879 4.428946e-15 3.5764094e-15 1
3319.548 2.1285534e-15 4.0387289e-15 1
3322.217 -6.3969522e-16 4.4824602e-15 1
3324.887 -2.2995439e-15 4.2218202e-15 1
3327.556 -4.3376833e-16 3.8658063e-15 1
3330.225 3.8015233e-15 4.0194437e-15 1
3332.895 5.4691189e-15 4.0395039e-15 1
3335.564 7.2551201e-15 3.9229001e-15 1
3338.233 1.2376352e-14 5.0798489e-15 1
3340.902 1.1558445e-14 5.437733e-15 1
3343.572 4.0042585e-15 4.9234942e-15 1
3346.241 1.4234486e-15 5.5599378e-15 1
3348.91 2.2809922e-15 4.2331484e-15 1
