# converted by J. Guy, 2010-10-18
# from Matheson et al. 2008AJ....135.1598M
@Redshift 0.002992
@FORMAT STD
@Date 50962
@SELECTED_FOR_SNLS3_TRAINING 1
@SN sn1998bu
@SURVEY CFA_LOWZ_SPEC
@Source Matheson
#WAVE : wavelength, observer frame, in A
#FLUX : erg/s/cm2/A
#ERR  : statistical uncertainty on flux
#VALID : 1=ok 0=ignore
#end
3720 4.22713e-14 1.5453e-15 1
3721.5 4.20628e-14 1.5453e-15 1
3723 4.11372e-14 1.5453e-15 1
3724.5 4.05374e-14 1.5453e-15 1
3726 4.02456e-14 1.5453e-15 1
3727.5 4.07795e-14 1.5453e-15 1
3729 4.06247e-14 1.5453e-15 1
3730.5 3.92584e-14 1.5453e-15 1
3732 3.98254e-14 1.5453e-15 1
3733.5 3.97221e-14 1.5453e-15 1
3735 3.79809e-14 1.5453e-15 1
3736.5 3.82055e-14 1.5453e-15 1
3738 3.87898e-14 1.5453e-15 1
3739.5 3.83016e-14 1.5453e-15 1
3741 3.8631e-14 1.5453e-15 1
3742.5 3.84101e-14 1.5453e-15 1
3744 3.75158e-14 1.5453e-15 1
3745.5 3.8672e-14 1.5453e-15 1
3747 3.86123e-14 1.5453e-15 1
3748.5 3.91623e-14 1.5453e-15 1
3750 4.00427e-14 1.5453e-15 1
3751.5 3.98428e-14 1.5453e-15 1
3753 3.97589e-14 1.5453e-15 1
3754.5 3.98275e-14 1.5453e-15 1
3756 3.98607e-14 1.5453e-15 1
3757.5 4.02555e-14 1.5453e-15 1
3759 4.07336e-14 1.5453e-15 1
3760.5 4.13498e-14 1.5453e-15 1
3762 4.16418e-14 1.5453e-15 1
3763.5 4.06754e-14 1.5453e-15 1
3765 4.00069e-14 1.5453e-15 1
3766.5 3.97871e-14 1.5453e-15 1
3768 3.88006e-14 1.5453e-15 1
3769.5 3.85774e-14 1.5453e-15 1
3771 3.7956e-14 1.5453e-15 1
3772.5 3.69196e-14 1.5453e-15 1
3774 3.61569e-14 1.5453e-15 1
3775.5 3.52893e-14 1.5453e-15 1
3777 3.41818e-14 1.5453e-15 1
3778.5 3.33378e-14 1.5453e-15 1
3780 3.29792e-14 1.5453e-15 1
3781.5 3.27368e-14 1.5453e-15 1
3783 3.32124e-14 1.5453e-15 1
3784.5 3.33164e-14 1.5453e-15 1
3786 3.27055e-14 1.5453e-15 1
3787.5 3.21756e-14 1.5453e-15 1
3789 3.1579e-14 1.5453e-15 1
3790.5 3.17773e-14 1.5453e-15 1
3792 3.2158e-14 1.5453e-15 1
3793.5 3.15086e-14 1.5453e-15 1
3795 3.09895e-14 1.5453e-15 1
3796.5 3.12603e-14 1.5453e-15 1
3798 3.09124e-14 1.5453e-15 1
3799.5 2.97605e-14 1.5453e-15 1
3801 2.95987e-14 1.5453e-15 1
3802.5 3.02867e-14 1.5453e-15 1
3804 3.0372e-14 1.5453e-15 1
3805.5 2.98622e-14 1.5453e-15 1
3807 3.00646e-14 1.5453e-15 1
3808.5 2.96736e-14 1.5453e-15 1
3810 2.96628e-14 1.5453e-15 1
3811.5 2.96116e-14 1.5453e-15 1
3813 2.93246e-14 1.5453e-15 1
3814.5 2.95561e-14 1.5453e-15 1
3816 3.01922e-14 1.5453e-15 1
3817.5 3.01363e-14 1.5453e-15 1
3819 3.02024e-14 1.5453e-15 1
3820.5 2.98778e-14 1.21422e-15 1
3822 3.0468e-14 1.21422e-15 1
3823.5 3.07635e-14 1.21422e-15 1
3825 3.11873e-14 1.21422e-15 1
3826.5 3.17374e-14 1.21422e-15 1
3828 3.16673e-14 1.21422e-15 1
3829.5 3.16338e-14 1.21422e-15 1
3831 3.2345e-14 1.21422e-15 1
3832.5 3.32281e-14 1.21422e-15 1
3834 3.34636e-14 1.21422e-15 1
3835.5 3.43233e-14 1.21422e-15 1
3837 3.5568e-14 1.21422e-15 1
3838.5 3.61105e-14 1.21422e-15 1
3840 3.66691e-14 1.21422e-15 1
3841.5 3.74853e-14 1.21422e-15 1
3843 3.78534e-14 1.21422e-15 1
3844.5 3.84401e-14 1.21422e-15 1
3846 3.95943e-14 1.21422e-15 1
3847.5 4.06261e-14 1.21422e-15 1
3849 4.10404e-14 1.21422e-15 1
3850.5 4.13673e-14 1.21422e-15 1
3852 4.18715e-14 1.21422e-15 1
3853.5 4.31811e-14 1.21422e-15 1
3855 4.40271e-14 1.21422e-15 1
3856.5 4.46856e-14 1.21422e-15 1
3858 4.58631e-14 1.21422e-15 1
3859.5 4.68433e-14 1.21422e-15 1
3861 4.78021e-14 1.21422e-15 1
3862.5 4.90568e-14 1.21422e-15 1
3864 4.95898e-14 1.21422e-15 1
3865.5 5.05291e-14 1.21422e-15 1
3867 5.23103e-14 1.21422e-15 1
3868.5 5.28547e-14 1.21422e-15 1
3870 5.3484e-14 1.21422e-15 1
3871.5 5.53222e-14 1.21422e-15 1
3873 5.76656e-14 1.21422e-15 1
3874.5 5.91817e-14 1.21422e-15 1
3876 5.99334e-14 1.21422e-15 1
3877.5 6.06639e-14 1.21422e-15 1
3879 6.20871e-14 1.21422e-15 1
3880.5 6.31285e-14 1.21422e-15 1
3882 6.40648e-14 1.21422e-15 1
3883.5 6.50833e-14 1.21422e-15 1
3885 6.64628e-14 1.21422e-15 1
3886.5 6.77728e-14 1.21422e-15 1
3888 6.939e-14 1.21422e-15 1
3889.5 7.07537e-14 1.21422e-15 1
3891 7.11059e-14 1.21422e-15 1
3892.5 7.21909e-14 1.21422e-15 1
3894 7.32554e-14 1.21422e-15 1
3895.5 7.43571e-14 1.21422e-15 1
3897 7.45468e-14 1.21422e-15 1
3898.5 7.49462e-14 1.21422e-15 1
3900 7.62672e-14 1.21422e-15 1
3901.5 7.69169e-14 1.21422e-15 1
3903 7.74823e-14 1.21422e-15 1
3904.5 7.84163e-14 1.21422e-15 1
3906 7.90093e-14 1.21422e-15 1
3907.5 7.95536e-14 1.21422e-15 1
3909 7.95898e-14 1.21422e-15 1
3910.5 7.97733e-14 1.21422e-15 1
3912 8.0499e-14 1.21422e-15 1
3913.5 8.00659e-14 1.21422e-15 1
3915 7.98114e-14 1.21422e-15 1
3916.5 8.06757e-14 1.21422e-15 1
3918 8.08911e-14 1.21422e-15 1
3919.5 8.11752e-14 1.21422e-15 1
3921 8.13758e-14 2.95265e-15 1
3922.5 8.11186e-14 2.95265e-15 1
3924 8.13982e-14 2.95265e-15 1
3925.5 8.20805e-14 2.95265e-15 1
3927 8.28169e-14 2.95265e-15 1
3928.5 8.3004e-14 2.95265e-15 1
3930 8.2196e-14 2.95265e-15 1
3931.5 8.01498e-14 2.95265e-15 1
3933 7.91702e-14 2.95265e-15 1
3934.5 8.0144e-14 2.95265e-15 1
3936 8.2399e-14 2.95265e-15 1
3937.5 8.29744e-14 2.95265e-15 1
3939 8.27809e-14 2.95265e-15 1
3940.5 8.30128e-14 2.95265e-15 1
3942 8.26403e-14 2.95265e-15 1
3943.5 8.27601e-14 2.95265e-15 1
3945 8.50106e-14 2.95265e-15 1
3946.5 8.53933e-14 2.95265e-15 1
3948 8.58128e-14 2.95265e-15 1
3949.5 8.57212e-14 2.95265e-15 1
3951 8.67244e-14 2.95265e-15 1
3952.5 8.68475e-14 2.95265e-15 1
3954 8.78811e-14 2.95265e-15 1
3955.5 8.80596e-14 2.95265e-15 1
3957 8.85335e-14 2.95265e-15 1
3958.5 8.73957e-14 2.95265e-15 1
3960 8.77472e-14 2.95265e-15 1
3961.5 8.79201e-14 2.95265e-15 1
3963 8.71967e-14 2.95265e-15 1
3964.5 8.53213e-14 2.95265e-15 1
3966 8.44735e-14 2.95265e-15 1
3967.5 8.33097e-14 2.95265e-15 1
3969 8.27417e-14 2.95265e-15 1
3970.5 8.248e-14 2.95265e-15 1
3972 8.26258e-14 2.95265e-15 1
3973.5 8.30845e-14 2.95265e-15 1
3975 8.17719e-14 2.95265e-15 1
3976.5 8.00403e-14 2.95265e-15 1
3978 7.91958e-14 2.95265e-15 1
3979.5 7.90111e-14 2.95265e-15 1
3981 7.85312e-14 2.95265e-15 1
3982.5 7.75016e-14 2.95265e-15 1
3984 7.60268e-14 2.95265e-15 1
3985.5 7.53889e-14 2.95265e-15 1
3987 7.47828e-14 2.95265e-15 1
3988.5 7.41756e-14 2.95265e-15 1
3990 7.37442e-14 2.95265e-15 1
3991.5 7.23908e-14 2.95265e-15 1
3993 7.09488e-14 2.95265e-15 1
3994.5 7.01789e-14 2.95265e-15 1
3996 6.95351e-14 2.95265e-15 1
3997.5 6.85398e-14 2.95265e-15 1
3999 6.73839e-14 2.95265e-15 1
4000.5 6.64276e-14 2.95265e-15 1
4002 6.62269e-14 2.95265e-15 1
4003.5 6.56641e-14 2.95265e-15 1
4005 6.51875e-14 2.95265e-15 1
4006.5 6.37983e-14 2.95265e-15 1
4008 6.3096e-14 2.95265e-15 1
4009.5 6.29251e-14 2.95265e-15 1
4011 6.28719e-14 2.95265e-15 1
4012.5 6.22314e-14 2.95265e-15 1
4014 6.23184e-14 2.95265e-15 1
4015.5 6.1118e-14 2.95265e-15 1
4017 6.04291e-14 2.95265e-15 1
4018.5 6.06598e-14 2.95265e-15 1
4020 6.09318e-14 1.91253e-15 1
4021.5 6.04033e-14 1.91253e-15 1
4023 6.1065e-14 1.91253e-15 1
4024.5 6.10954e-14 1.91253e-15 1
4026 6.05602e-14 1.91253e-15 1
4027.5 6.1353e-14 1.91253e-15 1
4029 6.16348e-14 1.91253e-15 1
4030.5 6.13384e-14 1.91253e-15 1
4032 6.13754e-14 1.91253e-15 1
4033.5 6.12429e-14 1.91253e-15 1
4035 6.15882e-14 1.91253e-15 1
4036.5 6.20127e-14 1.91253e-15 1
4038 6.22028e-14 1.91253e-15 1
4039.5 6.21195e-14 1.91253e-15 1
4041 6.32482e-14 1.91253e-15 1
4042.5 6.32797e-14 1.91253e-15 1
4044 6.38117e-14 1.91253e-15 1
4045.5 6.43569e-14 1.91253e-15 1
4047 6.48842e-14 1.91253e-15 1
4048.5 6.52938e-14 1.91253e-15 1
4050 6.62638e-14 1.91253e-15 1
4051.5 6.73375e-14 1.91253e-15 1
4053 6.77113e-14 1.91253e-15 1
4054.5 6.84684e-14 1.91253e-15 1
4056 6.88036e-14 1.91253e-15 1
4057.5 6.88559e-14 1.91253e-15 1
4059 6.93314e-14 1.91253e-15 1
4060.5 6.94655e-14 1.91253e-15 1
4062 6.94313e-14 1.91253e-15 1
4063.5 6.95986e-14 1.91253e-15 1
4065 6.94221e-14 1.91253e-15 1
4066.5 6.93734e-14 1.91253e-15 1
4068 6.96411e-14 1.91253e-15 1
4069.5 6.96871e-14 1.91253e-15 1
4071 6.89508e-14 1.91253e-15 1
4072.5 6.83511e-14 1.91253e-15 1
4074 6.87602e-14 1.91253e-15 1
4075.5 6.88494e-14 1.91253e-15 1
4077 6.88677e-14 1.91253e-15 1
4078.5 6.91105e-14 1.91253e-15 1
4080 6.93841e-14 1.91253e-15 1
4081.5 6.99117e-14 1.91253e-15 1
4083 6.97755e-14 1.91253e-15 1
4084.5 6.99602e-14 1.91253e-15 1
4086 7.06694e-14 1.91253e-15 1
4087.5 7.07069e-14 1.91253e-15 1
4089 7.0132e-14 1.91253e-15 1
4090.5 6.95118e-14 1.91253e-15 1
4092 6.96871e-14 1.91253e-15 1
4093.5 7.0005e-14 1.91253e-15 1
4095 6.91824e-14 1.91253e-15 1
4096.5 6.92041e-14 1.91253e-15 1
4098 6.93301e-14 1.91253e-15 1
4099.5 6.89566e-14 1.91253e-15 1
4101 6.91428e-14 1.91253e-15 1
4102.5 6.88717e-14 1.91253e-15 1
4104 6.8863e-14 1.91253e-15 1
4105.5 6.91154e-14 1.91253e-15 1
4107 6.91903e-14 1.91253e-15 1
4108.5 6.78865e-14 1.91253e-15 1
4110 6.80424e-14 1.91253e-15 1
4111.5 6.78743e-14 1.91253e-15 1
4113 6.81713e-14 1.91253e-15 1
4114.5 6.81821e-14 1.91253e-15 1
4116 6.86587e-14 1.91253e-15 1
4117.5 6.86905e-14 1.91253e-15 1
4119 6.89166e-14 1.91253e-15 1
4120.5 6.87631e-14 1.13619e-15 1
4122 6.94693e-14 1.13619e-15 1
4123.5 6.96798e-14 1.13619e-15 1
4125 6.92926e-14 1.13619e-15 1
4126.5 6.92465e-14 1.13619e-15 1
4128 6.89707e-14 1.13619e-15 1
4129.5 6.87909e-14 1.13619e-15 1
4131 6.84711e-14 1.13619e-15 1
4132.5 6.81663e-14 1.13619e-15 1
4134 6.87528e-14 1.13619e-15 1
4135.5 6.91858e-14 1.13619e-15 1
4137 6.93806e-14 1.13619e-15 1
4138.5 6.9483e-14 1.13619e-15 1
4140 6.94725e-14 1.13619e-15 1
4141.5 6.93722e-14 1.13619e-15 1
4143 6.94514e-14 1.13619e-15 1
4144.5 6.99459e-14 1.13619e-15 1
4146 7.0273e-14 1.13619e-15 1
4147.5 7.09415e-14 1.13619e-15 1
4149 7.10534e-14 1.13619e-15 1
4150.5 7.16018e-14 1.13619e-15 1
4152 7.22416e-14 1.13619e-15 1
4153.5 7.24051e-14 1.13619e-15 1
4155 7.203e-14 1.13619e-15 1
4156.5 7.28329e-14 1.13619e-15 1
4158 7.3967e-14 1.13619e-15 1
4159.5 7.39884e-14 1.13619e-15 1
4161 7.3336e-14 1.13619e-15 1
4162.5 7.39566e-14 1.13619e-15 1
4164 7.45982e-14 1.13619e-15 1
4165.5 7.40096e-14 1.13619e-15 1
4167 7.48579e-14 1.13619e-15 1
4168.5 7.54881e-14 1.13619e-15 1
4170 7.51724e-14 1.13619e-15 1
4171.5 7.4667e-14 1.13619e-15 1
4173 7.50631e-14 1.13619e-15 1
4174.5 7.60553e-14 1.13619e-15 1
4176 7.64609e-14 1.13619e-15 1
4177.5 7.71874e-14 1.13619e-15 1
4179 7.70103e-14 1.13619e-15 1
4180.5 7.62943e-14 1.13619e-15 1
4182 7.64819e-14 1.13619e-15 1
4183.5 7.65496e-14 1.13619e-15 1
4185 7.65177e-14 1.13619e-15 1
4186.5 7.65553e-14 1.13619e-15 1
4188 7.67999e-14 1.13619e-15 1
4189.5 7.72646e-14 1.13619e-15 1
4191 7.75089e-14 1.13619e-15 1
4192.5 7.75449e-14 1.13619e-15 1
4194 7.8094e-14 1.13619e-15 1
4195.5 7.84851e-14 1.13619e-15 1
4197 7.84721e-14 1.13619e-15 1
4198.5 7.86179e-14 1.13619e-15 1
4200 7.84899e-14 1.13619e-15 1
4201.5 7.8462e-14 1.13619e-15 1
4203 7.85387e-14 1.13619e-15 1
4204.5 7.86101e-14 1.13619e-15 1
4206 7.86406e-14 1.13619e-15 1
4207.5 7.8401e-14 1.13619e-15 1
4209 7.81485e-14 1.13619e-15 1
4210.5 7.74707e-14 1.13619e-15 1
4212 7.69417e-14 1.13619e-15 1
4213.5 7.68937e-14 1.13619e-15 1
4215 7.63954e-14 1.13619e-15 1
4216.5 7.6096e-14 1.13619e-15 1
4218 7.59215e-14 1.13619e-15 1
4219.5 7.58723e-14 1.13619e-15 1
4221 7.52624e-14 9.32806e-16 1
4222.5 7.4913e-14 9.32806e-16 1
4224 7.46608e-14 9.32806e-16 1
4225.5 7.48475e-14 9.32806e-16 1
4227 7.49836e-14 9.32806e-16 1
4228.5 7.47111e-14 9.32806e-16 1
4230 7.46531e-14 9.32806e-16 1
4231.5 7.4281e-14 9.32806e-16 1
4233 7.45309e-14 9.32806e-16 1
4234.5 7.40381e-14 9.32806e-16 1
4236 7.46076e-14 9.32806e-16 1
4237.5 7.38591e-14 9.32806e-16 1
4239 7.27679e-14 9.32806e-16 1
4240.5 7.25328e-14 9.32806e-16 1
4242 7.1823e-14 9.32806e-16 1
4243.5 7.08281e-14 9.32806e-16 1
4245 7.1302e-14 9.32806e-16 1
4246.5 7.09585e-14 9.32806e-16 1
4248 7.01896e-14 9.32806e-16 1
4249.5 7.03514e-14 9.32806e-16 1
4251 7.09322e-14 9.32806e-16 1
4252.5 7.0894e-14 9.32806e-16 1
4254 7.08109e-14 9.32806e-16 1
4255.5 7.03607e-14 9.32806e-16 1
4257 7.01493e-14 9.32806e-16 1
4258.5 7.01144e-14 9.32806e-16 1
4260 7.01466e-14 9.32806e-16 1
4261.5 6.99718e-14 9.32806e-16 1
4263 6.95162e-14 9.32806e-16 1
4264.5 6.97422e-14 9.32806e-16 1
4266 6.95595e-14 9.32806e-16 1
4267.5 6.92626e-14 9.32806e-16 1
4269 6.90377e-14 9.32806e-16 1
4270.5 6.84957e-14 9.32806e-16 1
4272 6.82734e-14 9.32806e-16 1
4273.5 6.82619e-14 9.32806e-16 1
4275 6.82604e-14 9.32806e-16 1
4276.5 6.87986e-14 9.32806e-16 1
4278 6.81472e-14 9.32806e-16 1
4279.5 6.77529e-14 9.32806e-16 1
4281 6.77032e-14 9.32806e-16 1
4282.5 6.75259e-14 9.32806e-16 1
4284 6.76363e-14 9.32806e-16 1
4285.5 6.78846e-14 9.32806e-16 1
4287 6.79904e-14 9.32806e-16 1
4288.5 6.74942e-14 9.32806e-16 1
4290 6.72111e-14 9.32806e-16 1
4291.5 6.68362e-14 9.32806e-16 1
4293 6.64994e-14 9.32806e-16 1
4294.5 6.66126e-14 9.32806e-16 1
4296 6.64474e-14 9.32806e-16 1
4297.5 6.60733e-14 9.32806e-16 1
4299 6.59501e-14 9.32806e-16 1
4300.5 6.48803e-14 9.32806e-16 1
4302 6.41854e-14 9.32806e-16 1
4303.5 6.42134e-14 9.32806e-16 1
4305 6.40248e-14 9.32806e-16 1
4306.5 6.37028e-14 9.32806e-16 1
4308 6.33875e-14 9.32806e-16 1
4309.5 6.22806e-14 9.32806e-16 1
4311 6.2249e-14 9.32806e-16 1
4312.5 6.2563e-14 9.32806e-16 1
4314 6.21524e-14 9.32806e-16 1
4315.5 6.22243e-14 9.32806e-16 1
4317 6.19837e-14 9.32806e-16 1
4318.5 6.11981e-14 9.32806e-16 1
4320 6.10486e-14 6.49974e-16 1
4321.5 6.1074e-14 6.49974e-16 1
4323 6.08151e-14 6.49974e-16 1
4324.5 6.01151e-14 6.49974e-16 1
4326 5.99966e-14 6.49974e-16 1
4327.5 5.90548e-14 6.49974e-16 1
4329 5.88688e-14 6.49974e-16 1
4330.5 5.86141e-14 6.49974e-16 1
4332 5.828e-14 6.49974e-16 1
4333.5 5.81935e-14 6.49974e-16 1
4335 5.8004e-14 6.49974e-16 1
4336.5 5.74155e-14 6.49974e-16 1
4338 5.68808e-14 6.49974e-16 1
4339.5 5.64095e-14 6.49974e-16 1
4341 5.59891e-14 6.49974e-16 1
4342.5 5.60741e-14 6.49974e-16 1
4344 5.60081e-14 6.49974e-16 1
4345.5 5.5721e-14 6.49974e-16 1
4347 5.56166e-14 6.49974e-16 1
4348.5 5.54647e-14 6.49974e-16 1
4350 5.52585e-14 6.49974e-16 1
4351.5 5.48778e-14 6.49974e-16 1
4353 5.45727e-14 6.49974e-16 1
4354.5 5.4485e-14 6.49974e-16 1
4356 5.43947e-14 6.49974e-16 1
4357.5 5.44008e-14 6.49974e-16 1
4359 5.43741e-14 6.49974e-16 1
4360.5 5.39911e-14 6.49974e-16 1
4362 5.39185e-14 6.49974e-16 1
4363.5 5.37634e-14 6.49974e-16 1
4365 5.32802e-14 6.49974e-16 1
4366.5 5.29427e-14 6.49974e-16 1
4368 5.20067e-14 6.49974e-16 1
4369.5 5.11976e-14 6.49974e-16 1
4371 5.09289e-14 6.49974e-16 1
4372.5 5.05805e-14 6.49974e-16 1
4374 4.99301e-14 6.49974e-16 1
4375.5 4.93157e-14 6.49974e-16 1
4377 4.9123e-14 6.49974e-16 1
4378.5 4.86086e-14 6.49974e-16 1
4380 4.81891e-14 6.49974e-16 1
4381.5 4.81644e-14 6.49974e-16 1
4383 4.83133e-14 6.49974e-16 1
4384.5 4.77275e-14 6.49974e-16 1
4386 4.73954e-14 6.49974e-16 1
4387.5 4.74144e-14 6.49974e-16 1
4389 4.75089e-14 6.49974e-16 1
4390.5 4.7543e-14 6.49974e-16 1
4392 4.71531e-14 6.49974e-16 1
4393.5 4.67424e-14 6.49974e-16 1
4395 4.62388e-14 6.49974e-16 1
4396.5 4.63666e-14 6.49974e-16 1
4398 4.63872e-14 6.49974e-16 1
4399.5 4.60631e-14 6.49974e-16 1
4401 4.55426e-14 6.49974e-16 1
4402.5 4.51645e-14 6.49974e-16 1
4404 4.52214e-14 6.49974e-16 1
4405.5 4.49436e-14 6.49974e-16 1
4407 4.46948e-14 6.49974e-16 1
4408.5 4.48276e-14 6.49974e-16 1
4410 4.49083e-14 6.49974e-16 1
4411.5 4.50118e-14 6.49974e-16 1
4413 4.47007e-14 6.49974e-16 1
4414.5 4.45596e-14 6.49974e-16 1
4416 4.50204e-14 6.49974e-16 1
4417.5 4.54967e-14 6.49974e-16 1
4419 4.60665e-14 6.49974e-16 1
4420.5 4.66716e-14 9.6365e-16 1
4422 4.67856e-14 9.6365e-16 1
4423.5 4.70863e-14 9.6365e-16 1
4425 4.74013e-14 9.6365e-16 1
4426.5 4.74915e-14 9.6365e-16 1
4428 4.73879e-14 9.6365e-16 1
4429.5 4.78979e-14 9.6365e-16 1
4431 4.79875e-14 9.6365e-16 1
4432.5 4.81157e-14 9.6365e-16 1
4434 4.84808e-14 9.6365e-16 1
4435.5 4.88384e-14 9.6365e-16 1
4437 4.91274e-14 9.6365e-16 1
4438.5 4.91521e-14 9.6365e-16 1
4440 4.94598e-14 9.6365e-16 1
4441.5 4.98245e-14 9.6365e-16 1
4443 4.98908e-14 9.6365e-16 1
4444.5 5.03586e-14 9.6365e-16 1
4446 5.1315e-14 9.6365e-16 1
4447.5 5.21382e-14 9.6365e-16 1
4449 5.2499e-14 9.6365e-16 1
4450.5 5.3347e-14 9.6365e-16 1
4452 5.38709e-14 9.6365e-16 1
4453.5 5.48962e-14 9.6365e-16 1
4455 5.54013e-14 9.6365e-16 1
4456.5 5.69463e-14 9.6365e-16 1
4458 5.75778e-14 9.6365e-16 1
4459.5 5.82409e-14 9.6365e-16 1
4461 5.90606e-14 9.6365e-16 1
4462.5 5.99794e-14 9.6365e-16 1
4464 6.09266e-14 9.6365e-16 1
4465.5 6.1298e-14 9.6365e-16 1
4467 6.25288e-14 9.6365e-16 1
4468.5 6.31568e-14 9.6365e-16 1
4470 6.36742e-14 9.6365e-16 1
4471.5 6.44299e-14 9.6365e-16 1
4473 6.42866e-14 9.6365e-16 1
4474.5 6.41264e-14 9.6365e-16 1
4476 6.42002e-14 9.6365e-16 1
4477.5 6.49645e-14 9.6365e-16 1
4479 6.52336e-14 9.6365e-16 1
4480.5 6.5437e-14 9.6365e-16 1
4482 6.56667e-14 9.6365e-16 1
4483.5 6.65505e-14 9.6365e-16 1
4485 6.71423e-14 9.6365e-16 1
4486.5 6.72946e-14 9.6365e-16 1
4488 6.81335e-14 9.6365e-16 1
4489.5 6.85101e-14 9.6365e-16 1
4491 6.86942e-14 9.6365e-16 1
4492.5 6.97767e-14 9.6365e-16 1
4494 7.09256e-14 9.6365e-16 1
4495.5 7.13554e-14 9.6365e-16 1
4497 7.18071e-14 9.6365e-16 1
4498.5 7.25832e-14 9.6365e-16 1
4500 7.31254e-14 9.6365e-16 1
4501.5 7.35463e-14 9.6365e-16 1
4503 7.44698e-14 9.6365e-16 1
4504.5 7.53804e-14 9.6365e-16 1
4506 7.60387e-14 9.6365e-16 1
4507.5 7.64413e-14 9.6365e-16 1
4509 7.69591e-14 9.6365e-16 1
4510.5 7.68291e-14 9.6365e-16 1
4512 7.7589e-14 9.6365e-16 1
4513.5 7.83567e-14 9.6365e-16 1
4515 7.82555e-14 9.6365e-16 1
4516.5 7.87327e-14 9.6365e-16 1
4518 7.97771e-14 9.6365e-16 1
4519.5 8.05944e-14 9.6365e-16 1
4521 8.11008e-14 1.35758e-15 1
4522.5 8.12782e-14 1.35758e-15 1
4524 8.21547e-14 1.35758e-15 1
4525.5 8.2407e-14 1.35758e-15 1
4527 8.34586e-14 1.35758e-15 1
4528.5 8.48362e-14 1.35758e-15 1
4530 8.43933e-14 1.35758e-15 1
4531.5 8.4986e-14 1.35758e-15 1
4533 8.56963e-14 1.35758e-15 1
4534.5 8.60647e-14 1.35758e-15 1
4536 8.74049e-14 1.35758e-15 1
4537.5 8.83788e-14 1.35758e-15 1
4539 8.8597e-14 1.35758e-15 1
4540.5 8.91648e-14 1.35758e-15 1
4542 9.04601e-14 1.35758e-15 1
4543.5 9.06917e-14 1.35758e-15 1
4545 9.08428e-14 1.35758e-15 1
4546.5 9.12138e-14 1.35758e-15 1
4548 9.21384e-14 1.35758e-15 1
4549.5 9.25238e-14 1.35758e-15 1
4551 9.27524e-14 1.35758e-15 1
4552.5 9.37111e-14 1.35758e-15 1
4554 9.43518e-14 1.35758e-15 1
4555.5 9.45032e-14 1.35758e-15 1
4557 9.43908e-14 1.35758e-15 1
4558.5 9.48307e-14 1.35758e-15 1
4560 9.51572e-14 1.35758e-15 1
4561.5 9.57436e-14 1.35758e-15 1
4563 9.65781e-14 1.35758e-15 1
4564.5 9.61786e-14 1.35758e-15 1
4566 9.59767e-14 1.35758e-15 1
4567.5 9.65146e-14 1.35758e-15 1
4569 9.67885e-14 1.35758e-15 1
4570.5 9.68355e-14 1.35758e-15 1
4572 9.70446e-14 1.35758e-15 1
4573.5 9.71664e-14 1.35758e-15 1
4575 9.70531e-14 1.35758e-15 1
4576.5 9.68278e-14 1.35758e-15 1
4578 9.6639e-14 1.35758e-15 1
4579.5 9.63164e-14 1.35758e-15 1
4581 9.64045e-14 1.35758e-15 1
4582.5 9.6659e-14 1.35758e-15 1
4584 9.65437e-14 1.35758e-15 1
4585.5 9.64882e-14 1.35758e-15 1
4587 9.67685e-14 1.35758e-15 1
4588.5 9.69892e-14 1.35758e-15 1
4590 9.78465e-14 1.35758e-15 1
4591.5 9.80247e-14 1.35758e-15 1
4593 9.73871e-14 1.35758e-15 1
4594.5 9.78832e-14 1.35758e-15 1
4596 9.84745e-14 1.35758e-15 1
4597.5 9.8825e-14 1.35758e-15 1
4599 9.84528e-14 1.35758e-15 1
4600.5 9.87379e-14 1.35758e-15 1
4602 9.96993e-14 1.35758e-15 1
4603.5 9.978e-14 1.35758e-15 1
4605 1.001e-13 1.35758e-15 1
4606.5 1.00276e-13 1.35758e-15 1
4608 9.99811e-14 1.35758e-15 1
4609.5 1.00039e-13 1.35758e-15 1
4611 9.99623e-14 1.35758e-15 1
4612.5 1.00388e-13 1.35758e-15 1
4614 1.00299e-13 1.35758e-15 1
4615.5 9.98983e-14 1.35758e-15 1
4617 1.0058e-13 1.35758e-15 1
4618.5 1.0072e-13 1.35758e-15 1
4620 1.01032e-13 2.18498e-15 1
4621.5 1.01117e-13 2.18498e-15 1
4623 1.00645e-13 2.18498e-15 1
4624.5 1.00454e-13 2.18498e-15 1
4626 1.00758e-13 2.18498e-15 1
4627.5 1.00622e-13 2.18498e-15 1
4629 9.95982e-14 2.18498e-15 1
4630.5 9.93568e-14 2.18498e-15 1
4632 9.90364e-14 2.18498e-15 1
4633.5 9.82448e-14 2.18498e-15 1
4635 9.77154e-14 2.18498e-15 1
4636.5 9.7446e-14 2.18498e-15 1
4638 9.67929e-14 2.18498e-15 1
4639.5 9.59638e-14 2.18498e-15 1
4641 9.536e-14 2.18498e-15 1
4642.5 9.47982e-14 2.18498e-15 1
4644 9.44684e-14 2.18498e-15 1
4645.5 9.40536e-14 2.18498e-15 1
4647 9.35136e-14 2.18498e-15 1
4648.5 9.31455e-14 2.18498e-15 1
4650 9.28997e-14 2.18498e-15 1
4651.5 9.19337e-14 2.18498e-15 1
4653 9.10646e-14 2.18498e-15 1
4654.5 9.05393e-14 2.18498e-15 1
4656 8.94603e-14 2.18498e-15 1
4657.5 8.89623e-14 2.18498e-15 1
4659 8.80357e-14 2.18498e-15 1
4660.5 8.70241e-14 2.18498e-15 1
4662 8.63981e-14 2.18498e-15 1
4663.5 8.52388e-14 2.18498e-15 1
4665 8.40947e-14 2.18498e-15 1
4666.5 8.36907e-14 2.18498e-15 1
4668 8.18901e-14 2.18498e-15 1
4669.5 8.04177e-14 2.18498e-15 1
4671 8.03324e-14 2.18498e-15 1
4672.5 7.92499e-14 2.18498e-15 1
4674 7.81384e-14 2.18498e-15 1
4675.5 7.70886e-14 2.18498e-15 1
4677 7.67863e-14 2.18498e-15 1
4678.5 7.63694e-14 2.18498e-15 1
4680 7.52116e-14 2.18498e-15 1
4681.5 7.49639e-14 2.18498e-15 1
4683 7.4427e-14 2.18498e-15 1
4684.5 7.39233e-14 2.18498e-15 1
4686 7.37201e-14 2.18498e-15 1
4687.5 7.37867e-14 2.18498e-15 1
4689 7.35763e-14 2.18498e-15 1
4690.5 7.308e-14 2.18498e-15 1
4692 7.31216e-14 2.18498e-15 1
4693.5 7.32191e-14 2.18498e-15 1
4695 7.35828e-14 2.18498e-15 1
4696.5 7.31329e-14 2.18498e-15 1
4698 7.26956e-14 2.18498e-15 1
4699.5 7.31204e-14 2.18498e-15 1
4701 7.3404e-14 2.18498e-15 1
4702.5 7.29669e-14 2.18498e-15 1
4704 7.28968e-14 2.18498e-15 1
4705.5 7.30517e-14 2.18498e-15 1
4707 7.32386e-14 2.18498e-15 1
4708.5 7.30312e-14 2.18498e-15 1
4710 7.26864e-14 2.18498e-15 1
4711.5 7.2495e-14 2.18498e-15 1
4713 7.18934e-14 2.18498e-15 1
4714.5 7.09658e-14 2.18498e-15 1
4716 7.05959e-14 2.18498e-15 1
4717.5 7.00585e-14 2.18498e-15 1
4719 6.95243e-14 2.18498e-15 1
4720.5 6.89692e-14 2.93387e-15 1
4722 6.80356e-14 2.93387e-15 1
4723.5 6.67031e-14 2.93387e-15 1
4725 6.54428e-14 2.93387e-15 1
4726.5 6.4454e-14 2.93387e-15 1
4728 6.35452e-14 2.93387e-15 1
4729.5 6.23403e-14 2.93387e-15 1
4731 6.14705e-14 2.93387e-15 1
4732.5 6.03632e-14 2.93387e-15 1
4734 5.88593e-14 2.93387e-15 1
4735.5 5.74412e-14 2.93387e-15 1
4737 5.64521e-14 2.93387e-15 1
4738.5 5.59097e-14 2.93387e-15 1
4740 5.52256e-14 2.93387e-15 1
4741.5 5.42879e-14 2.93387e-15 1
4743 5.32431e-14 2.93387e-15 1
4744.5 5.29781e-14 2.93387e-15 1
4746 5.2826e-14 2.93387e-15 1
4747.5 5.23534e-14 2.93387e-15 1
4749 5.19807e-14 2.93387e-15 1
4750.5 5.15414e-14 2.93387e-15 1
4752 5.1407e-14 2.93387e-15 1
4753.5 5.05584e-14 2.93387e-15 1
4755 5.01639e-14 2.93387e-15 1
4756.5 4.98614e-14 2.93387e-15 1
4758 4.92935e-14 2.93387e-15 1
4759.5 4.86471e-14 2.93387e-15 1
4761 4.80032e-14 2.93387e-15 1
4762.5 4.75168e-14 2.93387e-15 1
4764 4.72812e-14 2.93387e-15 1
4765.5 4.72998e-14 2.93387e-15 1
4767 4.7071e-14 2.93387e-15 1
4768.5 4.66761e-14 2.93387e-15 1
4770 4.65245e-14 2.93387e-15 1
4771.5 4.62566e-14 2.93387e-15 1
4773 4.61488e-14 2.93387e-15 1
4774.5 4.6062e-14 2.93387e-15 1
4776 4.62448e-14 2.93387e-15 1
4777.5 4.63053e-14 2.93387e-15 1
4779 4.62841e-14 2.93387e-15 1
4780.5 4.65108e-14 2.93387e-15 1
4782 4.66015e-14 2.93387e-15 1
4783.5 4.69678e-14 2.93387e-15 1
4785 4.73075e-14 2.93387e-15 1
4786.5 4.7799e-14 2.93387e-15 1
4788 4.83358e-14 2.93387e-15 1
4789.5 4.90302e-14 2.93387e-15 1
4791 4.97844e-14 2.93387e-15 1
4792.5 5.045e-14 2.93387e-15 1
4794 5.0867e-14 2.93387e-15 1
4795.5 5.1528e-14 2.93387e-15 1
4797 5.26422e-14 2.93387e-15 1
4798.5 5.32175e-14 2.93387e-15 1
4800 5.39898e-14 2.93387e-15 1
4801.5 5.44729e-14 2.93387e-15 1
4803 5.484e-14 2.93387e-15 1
4804.5 5.49768e-14 2.93387e-15 1
4806 5.53579e-14 2.93387e-15 1
4807.5 5.54549e-14 2.93387e-15 1
4809 5.52413e-14 2.93387e-15 1
4810.5 5.52811e-14 2.93387e-15 1
4812 5.49289e-14 2.93387e-15 1
4813.5 5.49984e-14 2.93387e-15 1
4815 5.47802e-14 2.93387e-15 1
4816.5 5.37449e-14 2.93387e-15 1
4818 5.3283e-14 2.93387e-15 1
4819.5 5.2489e-14 2.93387e-15 1
4821 5.19133e-14 1.64926e-15 1
4822.5 5.13999e-14 1.64926e-15 1
4824 5.07735e-14 1.64926e-15 1
4825.5 5.05748e-14 1.64926e-15 1
4827 4.97241e-14 1.64926e-15 1
4828.5 4.92324e-14 1.64926e-15 1
4830 4.83853e-14 1.64926e-15 1
4831.5 4.81584e-14 1.64926e-15 1
4833 4.82573e-14 1.64926e-15 1
4834.5 4.77641e-14 1.64926e-15 1
4836 4.71944e-14 1.64926e-15 1
4837.5 4.71413e-14 1.64926e-15 1
4839 4.68591e-14 1.64926e-15 1
4840.5 4.70963e-14 1.64926e-15 1
4842 4.72068e-14 1.64926e-15 1
4843.5 4.6853e-14 1.64926e-15 1
4845 4.66707e-14 1.64926e-15 1
4846.5 4.64507e-14 1.64926e-15 1
4848 4.59538e-14 1.64926e-15 1
4849.5 4.56017e-14 1.64926e-15 1
4851 4.51561e-14 1.64926e-15 1
4852.5 4.45214e-14 1.64926e-15 1
4854 4.41473e-14 1.64926e-15 1
4855.5 4.40349e-14 1.64926e-15 1
4857 4.38745e-14 1.64926e-15 1
4858.5 4.38736e-14 1.64926e-15 1
4860 4.39791e-14 1.64926e-15 1
4861.5 4.36803e-14 1.64926e-15 1
4863 4.32252e-14 1.64926e-15 1
4864.5 4.2939e-14 1.64926e-15 1
4866 4.29338e-14 1.64926e-15 1
4867.5 4.30593e-14 1.64926e-15 1
4869 4.29191e-14 1.64926e-15 1
4870.5 4.30518e-14 1.64926e-15 1
4872 4.31126e-14 1.64926e-15 1
4873.5 4.30614e-14 1.64926e-15 1
4875 4.29116e-14 1.64926e-15 1
4876.5 4.3115e-14 1.64926e-15 1
4878 4.32596e-14 1.64926e-15 1
4879.5 4.35039e-14 1.64926e-15 1
4881 4.38455e-14 1.64926e-15 1
4882.5 4.41002e-14 1.64926e-15 1
4884 4.48983e-14 1.64926e-15 1
4885.5 4.50907e-14 1.64926e-15 1
4887 4.54443e-14 1.64926e-15 1
4888.5 4.56611e-14 1.64926e-15 1
4890 4.6123e-14 1.64926e-15 1
4891.5 4.69348e-14 1.64926e-15 1
4893 4.7567e-14 1.64926e-15 1
4894.5 4.80449e-14 1.64926e-15 1
4896 4.8705e-14 1.64926e-15 1
4897.5 4.94255e-14 1.64926e-15 1
4899 5.03244e-14 1.64926e-15 1
4900.5 5.10713e-14 1.64926e-15 1
4902 5.22634e-14 1.64926e-15 1
4903.5 5.29011e-14 1.64926e-15 1
4905 5.37347e-14 1.64926e-15 1
4906.5 5.45458e-14 1.64926e-15 1
4908 5.61215e-14 1.64926e-15 1
4909.5 5.69235e-14 1.64926e-15 1
4911 5.73357e-14 1.64926e-15 1
4912.5 5.81286e-14 1.64926e-15 1
4914 5.93069e-14 1.64926e-15 1
4915.5 6.05393e-14 1.64926e-15 1
4917 6.14516e-14 1.64926e-15 1
4918.5 6.21411e-14 1.64926e-15 1
4920 6.28821e-14 5.0173e-16 1
4921.5 6.34575e-14 5.0173e-16 1
4923 6.40234e-14 5.0173e-16 1
4924.5 6.46927e-14 5.0173e-16 1
4926 6.53089e-14 5.0173e-16 1
4927.5 6.58303e-14 5.0173e-16 1
4929 6.62874e-14 5.0173e-16 1
4930.5 6.67577e-14 5.0173e-16 1
4932 6.70822e-14 5.0173e-16 1
4933.5 6.72318e-14 5.0173e-16 1
4935 6.73694e-14 5.0173e-16 1
4936.5 6.7808e-14 5.0173e-16 1
4938 6.80539e-14 5.0173e-16 1
4939.5 6.77218e-14 5.0173e-16 1
4941 6.75706e-14 5.0173e-16 1
4942.5 6.74869e-14 5.0173e-16 1
4944 6.72782e-14 5.0173e-16 1
4945.5 6.7002e-14 5.0173e-16 1
4947 6.60238e-14 5.0173e-16 1
4948.5 6.5972e-14 5.0173e-16 1
4950 6.56931e-14 5.0173e-16 1
4951.5 6.49804e-14 5.0173e-16 1
4953 6.46127e-14 5.0173e-16 1
4954.5 6.437e-14 5.0173e-16 1
4956 6.36552e-14 5.0173e-16 1
4957.5 6.29318e-14 5.0173e-16 1
4959 6.22255e-14 5.0173e-16 1
4960.5 6.11913e-14 5.0173e-16 1
4962 6.05724e-14 5.0173e-16 1
4963.5 6.00204e-14 5.0173e-16 1
4965 5.96002e-14 5.0173e-16 1
4966.5 5.85298e-14 5.0173e-16 1
4968 5.78685e-14 5.0173e-16 1
4969.5 5.74767e-14 5.0173e-16 1
4971 5.6777e-14 5.0173e-16 1
4972.5 5.57984e-14 5.0173e-16 1
4974 5.53468e-14 5.0173e-16 1
4975.5 5.49267e-14 5.0173e-16 1
4977 5.45646e-14 5.0173e-16 1
4978.5 5.42688e-14 5.0173e-16 1
4980 5.39694e-14 5.0173e-16 1
4981.5 5.34722e-14 5.0173e-16 1
4983 5.31465e-14 5.0173e-16 1
4984.5 5.32057e-14 5.0173e-16 1
4986 5.34336e-14 5.0173e-16 1
4987.5 5.33575e-14 5.0173e-16 1
4989 5.25869e-14 5.0173e-16 1
4990.5 5.18843e-14 5.0173e-16 1
4992 5.13099e-14 5.0173e-16 1
4993.5 5.07545e-14 5.0173e-16 1
4995 4.99898e-14 5.0173e-16 1
4996.5 4.97019e-14 5.0173e-16 1
4998 4.95412e-14 5.0173e-16 1
4999.5 4.93007e-14 5.0173e-16 1
5001 4.88963e-14 5.0173e-16 1
5002.5 4.87736e-14 5.0173e-16 1
5004 4.88709e-14 5.0173e-16 1
5005.5 4.86837e-14 5.0173e-16 1
5007 4.84392e-14 5.0173e-16 1
5008.5 4.821e-14 5.0173e-16 1
5010 4.79867e-14 5.0173e-16 1
5011.5 4.76889e-14 5.0173e-16 1
5013 4.75544e-14 5.0173e-16 1
5014.5 4.75968e-14 5.0173e-16 1
5016 4.73367e-14 5.0173e-16 1
5017.5 4.70135e-14 5.0173e-16 1
5019 4.68103e-14 5.0173e-16 1
5020.5 4.69032e-14 8.6659e-16 1
5022 4.67888e-14 8.6659e-16 1
5023.5 4.65506e-14 8.6659e-16 1
5025 4.66055e-14 8.6659e-16 1
5026.5 4.68967e-14 8.6659e-16 1
5028 4.68303e-14 8.6659e-16 1
5029.5 4.67412e-14 8.6659e-16 1
5031 4.69129e-14 8.6659e-16 1
5032.5 4.71879e-14 8.6659e-16 1
5034 4.71732e-14 8.6659e-16 1
5035.5 4.72999e-14 8.6659e-16 1
5037 4.7678e-14 8.6659e-16 1
5038.5 4.80126e-14 8.6659e-16 1
5040 4.81088e-14 8.6659e-16 1
5041.5 4.86603e-14 8.6659e-16 1
5043 4.91135e-14 8.6659e-16 1
5044.5 4.95179e-14 8.6659e-16 1
5046 4.9749e-14 8.6659e-16 1
5047.5 4.99784e-14 8.6659e-16 1
5049 5.02064e-14 8.6659e-16 1
5050.5 5.10775e-14 8.6659e-16 1
5052 5.16679e-14 8.6659e-16 1
5053.5 5.17639e-14 8.6659e-16 1
5055 5.18192e-14 8.6659e-16 1
5056.5 5.21762e-14 8.6659e-16 1
5058 5.22103e-14 8.6659e-16 1
5059.5 5.26895e-14 8.6659e-16 1
5061 5.27852e-14 8.6659e-16 1
5062.5 5.30693e-14 8.6659e-16 1
5064 5.34043e-14 8.6659e-16 1
5065.5 5.34855e-14 8.6659e-16 1
5067 5.34798e-14 8.6659e-16 1
5068.5 5.36589e-14 8.6659e-16 1
5070 5.39059e-14 8.6659e-16 1
5071.5 5.4272e-14 8.6659e-16 1
5073 5.44353e-14 8.6659e-16 1
5074.5 5.46691e-14 8.6659e-16 1
5076 5.50518e-14 8.6659e-16 1
5077.5 5.55811e-14 8.6659e-16 1
5079 5.58132e-14 8.6659e-16 1
5080.5 5.59429e-14 8.6659e-16 1
5082 5.63163e-14 8.6659e-16 1
5083.5 5.6907e-14 8.6659e-16 1
5085 5.7619e-14 8.6659e-16 1
5086.5 5.79064e-14 8.6659e-16 1
5088 5.84591e-14 8.6659e-16 1
5089.5 5.87536e-14 8.6659e-16 1
5091 5.90553e-14 8.6659e-16 1
5092.5 5.925e-14 8.6659e-16 1
5094 5.96481e-14 8.6659e-16 1
5095.5 5.94443e-14 8.6659e-16 1
5097 5.99315e-14 8.6659e-16 1
5098.5 6.02494e-14 8.6659e-16 1
5100 5.97078e-14 8.6659e-16 1
5101.5 5.98806e-14 8.6659e-16 1
5103 6.01283e-14 8.6659e-16 1
5104.5 5.95693e-14 8.6659e-16 1
5106 5.97776e-14 8.6659e-16 1
5107.5 5.98787e-14 8.6659e-16 1
5109 5.97253e-14 8.6659e-16 1
5110.5 5.93516e-14 8.6659e-16 1
5112 5.98611e-14 8.6659e-16 1
5113.5 5.99465e-14 8.6659e-16 1
5115 6.03119e-14 8.6659e-16 1
5116.5 6.05233e-14 8.6659e-16 1
5118 6.04824e-14 8.6659e-16 1
5119.5 6.06971e-14 8.6659e-16 1
5121 6.11951e-14 5.81975e-16 1
5122.5 6.17371e-14 5.81975e-16 1
5124 6.21054e-14 5.81975e-16 1
5125.5 6.28028e-14 5.81975e-16 1
5127 6.34047e-14 5.81975e-16 1
5128.5 6.38848e-14 5.81975e-16 1
5130 6.45196e-14 5.81975e-16 1
5131.5 6.53845e-14 5.81975e-16 1
5133 6.58656e-14 5.81975e-16 1
5134.5 6.59168e-14 5.81975e-16 1
5136 6.61539e-14 5.81975e-16 1
5137.5 6.64067e-14 5.81975e-16 1
5139 6.68697e-14 5.81975e-16 1
5140.5 6.72588e-14 5.81975e-16 1
5142 6.75537e-14 5.81975e-16 1
5143.5 6.81333e-14 5.81975e-16 1
5145 6.87787e-14 5.81975e-16 1
5146.5 6.89807e-14 5.81975e-16 1
5148 6.90976e-14 5.81975e-16 1
5149.5 6.91222e-14 5.81975e-16 1
5151 6.9437e-14 5.81975e-16 1
5152.5 6.95591e-14 5.81975e-16 1
5154 6.97511e-14 5.81975e-16 1
5155.5 7.02706e-14 5.81975e-16 1
5157 7.0594e-14 5.81975e-16 1
5158.5 7.09781e-14 5.81975e-16 1
5160 7.11604e-14 5.81975e-16 1
5161.5 7.13137e-14 5.81975e-16 1
5163 7.20177e-14 5.81975e-16 1
5164.5 7.27148e-14 5.81975e-16 1
5166 7.27866e-14 5.81975e-16 1
5167.5 7.34686e-14 5.81975e-16 1
5169 7.40567e-14 5.81975e-16 1
5170.5 7.42353e-14 5.81975e-16 1
5172 7.49408e-14 5.81975e-16 1
5173.5 7.57072e-14 5.81975e-16 1
5175 7.61068e-14 5.81975e-16 1
5176.5 7.639e-14 5.81975e-16 1
5178 7.71533e-14 5.81975e-16 1
5179.5 7.78946e-14 5.81975e-16 1
5181 7.78844e-14 5.81975e-16 1
5182.5 7.82326e-14 5.81975e-16 1
5184 7.92688e-14 5.81975e-16 1
5185.5 7.93197e-14 5.81975e-16 1
5187 7.97204e-14 5.81975e-16 1
5188.5 8.01895e-14 5.81975e-16 1
5190 8.02187e-14 5.81975e-16 1
5191.5 8.07492e-14 5.81975e-16 1
5193 8.09127e-14 5.81975e-16 1
5194.5 8.0793e-14 5.81975e-16 1
5196 8.12358e-14 5.81975e-16 1
5197.5 8.16255e-14 5.81975e-16 1
5199 8.22017e-14 5.81975e-16 1
5200.5 8.26314e-14 5.81975e-16 1
5202 8.23686e-14 5.81975e-16 1
5203.5 8.28716e-14 5.81975e-16 1
5205 8.35059e-14 5.81975e-16 1
5206.5 8.38188e-14 5.81975e-16 1
5208 8.40829e-14 5.81975e-16 1
5209.5 8.45557e-14 5.81975e-16 1
5211 8.48757e-14 5.81975e-16 1
5212.5 8.51546e-14 5.81975e-16 1
5214 8.57179e-14 5.81975e-16 1
5215.5 8.62302e-14 5.81975e-16 1
5217 8.63058e-14 5.81975e-16 1
5218.5 8.59381e-14 5.81975e-16 1
5220 8.61555e-14 5.21991e-16 1
5221.5 8.66543e-14 5.21991e-16 1
5223 8.67098e-14 5.21991e-16 1
5224.5 8.68288e-14 5.21991e-16 1
5226 8.75167e-14 5.21991e-16 1
5227.5 8.7932e-14 5.21991e-16 1
5229 8.80057e-14 5.21991e-16 1
5230.5 8.79107e-14 5.21991e-16 1
5232 8.77052e-14 5.21991e-16 1
5233.5 8.79181e-14 5.21991e-16 1
5235 8.81466e-14 5.21991e-16 1
5236.5 8.83075e-14 5.21991e-16 1
5238 8.83449e-14 5.21991e-16 1
5239.5 8.82881e-14 5.21991e-16 1
5241 8.81099e-14 5.21991e-16 1
5242.5 8.77453e-14 5.21991e-16 1
5244 8.75073e-14 5.21991e-16 1
5245.5 8.73621e-14 5.21991e-16 1
5247 8.72246e-14 5.21991e-16 1
5248.5 8.72597e-14 5.21991e-16 1
5250 8.74588e-14 5.21991e-16 1
5251.5 8.70329e-14 5.21991e-16 1
5253 8.61704e-14 5.21991e-16 1
5254.5 8.60721e-14 5.21991e-16 1
5256 8.56693e-14 5.21991e-16 1
5257.5 8.48836e-14 5.21991e-16 1
5259 8.43538e-14 5.21991e-16 1
5260.5 8.38196e-14 5.21991e-16 1
5262 8.31977e-14 5.21991e-16 1
5263.5 8.28761e-14 5.21991e-16 1
5265 8.19525e-14 5.21991e-16 1
5266.5 8.11927e-14 5.21991e-16 1
5268 8.08372e-14 5.21991e-16 1
5269.5 8.04173e-14 5.21991e-16 1
5271 7.94804e-14 5.21991e-16 1
5272.5 7.88628e-14 5.21991e-16 1
5274 7.82035e-14 5.21991e-16 1
5275.5 7.74229e-14 5.21991e-16 1
5277 7.66314e-14 5.21991e-16 1
5278.5 7.59381e-14 5.21991e-16 1
5280 7.57909e-14 5.21991e-16 1
5281.5 7.53095e-14 5.21991e-16 1
5283 7.45726e-14 5.21991e-16 1
5284.5 7.42291e-14 5.21991e-16 1
5286 7.37565e-14 5.21991e-16 1
5287.5 7.30591e-14 5.21991e-16 1
5289 7.26311e-14 5.21991e-16 1
5290.5 7.23745e-14 5.21991e-16 1
5292 7.1915e-14 5.21991e-16 1
5293.5 7.14744e-14 5.21991e-16 1
5295 7.12714e-14 5.21991e-16 1
5296.5 7.08754e-14 5.21991e-16 1
5298 7.06034e-14 5.21991e-16 1
5299.5 7.06231e-14 5.21991e-16 1
5301 7.02227e-14 5.21991e-16 1
5302.5 6.98953e-14 5.21991e-16 1
5304 6.98403e-14 5.21991e-16 1
5305.5 7.00123e-14 5.21991e-16 1
5307 7.02208e-14 5.21991e-16 1
5308.5 7.04237e-14 5.21991e-16 1
5310 7.06237e-14 5.21991e-16 1
5311.5 7.04127e-14 5.21991e-16 1
5313 7.05858e-14 5.21991e-16 1
5314.5 7.07784e-14 5.21991e-16 1
5316 7.05512e-14 5.21991e-16 1
5317.5 7.06255e-14 5.21991e-16 1
5319 7.11137e-14 5.21991e-16 1
5320.5 7.08468e-14 7.16701e-16 1
5322 7.04489e-14 7.16701e-16 1
5323.5 7.08815e-14 7.16701e-16 1
5325 7.09078e-14 7.16701e-16 1
5326.5 7.09768e-14 7.16701e-16 1
5328 7.12302e-14 7.16701e-16 1
5329.5 7.12242e-14 7.16701e-16 1
5331 7.1523e-14 7.16701e-16 1
5332.5 7.19197e-14 7.16701e-16 1
5334 7.20236e-14 7.16701e-16 1
5335.5 7.17949e-14 7.16701e-16 1
5337 7.17385e-14 7.16701e-16 1
5338.5 7.18894e-14 7.16701e-16 1
5340 7.16108e-14 7.16701e-16 1
5341.5 7.13629e-14 7.16701e-16 1
5343 7.13601e-14 7.16701e-16 1
5344.5 7.12126e-14 7.16701e-16 1
5346 7.09422e-14 7.16701e-16 1
5347.5 7.06331e-14 7.16701e-16 1
5349 7.05617e-14 7.16701e-16 1
5350.5 7.06725e-14 7.16701e-16 1
5352 7.02594e-14 7.16701e-16 1
5353.5 7.00262e-14 7.16701e-16 1
5355 7.00528e-14 7.16701e-16 1
5356.5 7.00107e-14 7.16701e-16 1
5358 7.00743e-14 7.16701e-16 1
5359.5 6.99636e-14 7.16701e-16 1
5361 6.97094e-14 7.16701e-16 1
5362.5 6.95212e-14 7.16701e-16 1
5364 6.93866e-14 7.16701e-16 1
5365.5 6.96135e-14 7.16701e-16 1
5367 6.96973e-14 7.16701e-16 1
5368.5 6.98012e-14 7.16701e-16 1
5370 7.01252e-14 7.16701e-16 1
5371.5 7.00791e-14 7.16701e-16 1
5373 7.00545e-14 7.16701e-16 1
5374.5 6.99099e-14 7.16701e-16 1
5376 6.97457e-14 7.16701e-16 1
5377.5 6.97099e-14 7.16701e-16 1
5379 6.98454e-14 7.16701e-16 1
5380.5 7.01931e-14 7.16701e-16 1
5382 7.04536e-14 7.16701e-16 1
5383.5 7.04794e-14 7.16701e-16 1
5385 7.04364e-14 7.16701e-16 1
5386.5 7.0125e-14 7.16701e-16 1
5388 6.97713e-14 7.16701e-16 1
5389.5 7.00907e-14 7.16701e-16 1
5391 6.99645e-14 7.16701e-16 1
5392.5 6.99425e-14 7.16701e-16 1
5394 6.94901e-14 7.16701e-16 1
5395.5 6.94975e-14 7.16701e-16 1
5397 6.97299e-14 7.16701e-16 1
5398.5 6.95101e-14 7.16701e-16 1
5400 6.9234e-14 7.16701e-16 1
5401.5 6.89732e-14 7.16701e-16 1
5403 6.94118e-14 7.16701e-16 1
5404.5 6.9389e-14 7.16701e-16 1
5406 6.90706e-14 7.16701e-16 1
5407.5 6.89521e-14 7.16701e-16 1
5409 6.8741e-14 7.16701e-16 1
5410.5 6.8655e-14 7.16701e-16 1
5412 6.87385e-14 7.16701e-16 1
5413.5 6.89069e-14 7.16701e-16 1
5415 6.86711e-14 7.16701e-16 1
5416.5 6.85815e-14 7.16701e-16 1
5418 6.87297e-14 7.16701e-16 1
5419.5 6.8786e-14 7.16701e-16 1
5421 6.87364e-14 1.2145e-15 1
5422.5 6.85946e-14 1.2145e-15 1
5424 6.86827e-14 1.2145e-15 1
5425.5 6.8665e-14 1.2145e-15 1
5427 6.8428e-14 1.2145e-15 1
5428.5 6.82194e-14 1.2145e-15 1
5430 6.80499e-14 1.2145e-15 1
5431.5 6.80326e-14 1.2145e-15 1
5433 6.76123e-14 1.2145e-15 1
5434.5 6.70657e-14 1.2145e-15 1
5436 6.68363e-14 1.2145e-15 1
5437.5 6.663e-14 1.2145e-15 1
5439 6.62262e-14 1.2145e-15 1
5440.5 6.60138e-14 1.2145e-15 1
5442 6.59748e-14 1.2145e-15 1
5443.5 6.56887e-14 1.2145e-15 1
5445 6.54179e-14 1.2145e-15 1
5446.5 6.50286e-14 1.2145e-15 1
5448 6.41924e-14 1.2145e-15 1
5449.5 6.39077e-14 1.2145e-15 1
5451 6.36802e-14 1.2145e-15 1
5452.5 6.32234e-14 1.2145e-15 1
5454 6.32978e-14 1.2145e-15 1
5455.5 6.30989e-14 1.2145e-15 1
5457 6.26568e-14 1.2145e-15 1
5458.5 6.22235e-14 1.2145e-15 1
5460 6.16936e-14 1.2145e-15 1
5461.5 6.13186e-14 1.2145e-15 1
5463 6.07936e-14 1.2145e-15 1
5464.5 6.00479e-14 1.2145e-15 1
5466 6.01174e-14 1.2145e-15 1
5467.5 5.97948e-14 1.2145e-15 1
5469 5.94403e-14 1.2145e-15 1
5470.5 5.91323e-14 1.2145e-15 1
5472 5.82066e-14 1.2145e-15 1
5473.5 5.80071e-14 1.2145e-15 1
5475 5.72072e-14 1.2145e-15 1
5476.5 5.66863e-14 1.2145e-15 1
5478 5.64584e-14 1.2145e-15 1
5479.5 5.63493e-14 1.2145e-15 1
5481 5.60693e-14 1.2145e-15 1
5482.5 5.54521e-14 1.2145e-15 1
5484 5.51373e-14 1.2145e-15 1
5485.5 5.51526e-14 1.2145e-15 1
5487 5.46382e-14 1.2145e-15 1
5488.5 5.42904e-14 1.2145e-15 1
5490 5.44392e-14 1.2145e-15 1
5491.5 5.46462e-14 1.2145e-15 1
5493 5.48301e-14 1.2145e-15 1
5494.5 5.48017e-14 1.2145e-15 1
5496 5.49134e-14 1.2145e-15 1
5497.5 5.51863e-14 1.2145e-15 1
5499 5.52521e-14 1.2145e-15 1
5500.5 5.51643e-14 1.2145e-15 1
5502 5.54888e-14 1.2145e-15 1
5503.5 5.61365e-14 1.2145e-15 1
5505 5.66623e-14 1.2145e-15 1
5506.5 5.70722e-14 1.2145e-15 1
5508 5.75107e-14 1.2145e-15 1
5509.5 5.80429e-14 1.2145e-15 1
5511 5.84345e-14 1.2145e-15 1
5512.5 5.87545e-14 1.2145e-15 1
5514 5.89205e-14 1.2145e-15 1
5515.5 5.94143e-14 1.2145e-15 1
5517 6.00156e-14 1.2145e-15 1
5518.5 6.01366e-14 1.2145e-15 1
5520 6.0094e-14 9.18558e-16 1
5521.5 6.03273e-14 9.18558e-16 1
5523 6.08458e-14 9.18558e-16 1
5524.5 6.13133e-14 9.18558e-16 1
5526 6.16657e-14 9.18558e-16 1
5527.5 6.20008e-14 9.18558e-16 1
5529 6.22921e-14 9.18558e-16 1
5530.5 6.22376e-14 9.18558e-16 1
5532 6.24077e-14 9.18558e-16 1
5533.5 6.28995e-14 9.18558e-16 1
5535 6.30116e-14 9.18558e-16 1
5536.5 6.30526e-14 9.18558e-16 1
5538 6.30505e-14 9.18558e-16 1
5539.5 6.3456e-14 9.18558e-16 1
5541 6.32205e-14 9.18558e-16 1
5542.5 6.34496e-14 9.18558e-16 1
5544 6.36222e-14 9.18558e-16 1
5545.5 6.37706e-14 9.18558e-16 1
5547 6.38159e-14 9.18558e-16 1
5548.5 6.35861e-14 9.18558e-16 1
5550 6.36478e-14 9.18558e-16 1
5551.5 6.38647e-14 9.18558e-16 1
5553 6.36111e-14 9.18558e-16 1
5554.5 6.37515e-14 9.18558e-16 1
5556 6.36942e-14 9.18558e-16 1
5557.5 6.35539e-14 9.18558e-16 1
5559 6.31811e-14 9.18558e-16 1
5560.5 6.31352e-14 9.18558e-16 1
5562 6.33253e-14 9.18558e-16 1
5563.5 6.3194e-14 9.18558e-16 1
5565 6.32499e-14 9.18558e-16 1
5566.5 6.33502e-14 9.18558e-16 1
5568 6.32763e-14 9.18558e-16 1
5569.5 6.32462e-14 9.18558e-16 1
5571 6.33955e-14 9.18558e-16 1
5572.5 6.34423e-14 9.18558e-16 1
5574 6.32125e-14 9.18558e-16 1
5575.5 6.3021e-14 9.18558e-16 1
5577 6.27003e-14 9.18558e-16 1
5578.5 6.23835e-14 9.18558e-16 1
5580 6.25374e-14 9.18558e-16 1
5581.5 6.24178e-14 9.18558e-16 1
5583 6.19959e-14 9.18558e-16 1
5584.5 6.20429e-14 9.18558e-16 1
5586 6.21413e-14 9.18558e-16 1
5587.5 6.20397e-14 9.18558e-16 1
5589 6.16774e-14 9.18558e-16 1
5590.5 6.13811e-14 9.18558e-16 1
5592 6.13894e-14 9.18558e-16 1
5593.5 6.12268e-14 9.18558e-16 1
5595 6.1037e-14 9.18558e-16 1
5596.5 6.0633e-14 9.18558e-16 1
5598 6.06879e-14 9.18558e-16 1
5599.5 6.06048e-14 9.18558e-16 1
5601 6.02305e-14 9.18558e-16 1
5602.5 6.01038e-14 9.18558e-16 1
5604 6.02176e-14 9.18558e-16 1
5605.5 6.00477e-14 9.18558e-16 1
5607 5.98518e-14 9.18558e-16 1
5608.5 5.96842e-14 9.18558e-16 1
5610 5.93379e-14 9.18558e-16 1
5611.5 5.93663e-14 9.18558e-16 1
5613 5.93219e-14 9.18558e-16 1
5614.5 5.86531e-14 9.18558e-16 1
5616 5.85554e-14 9.18558e-16 1
5617.5 5.86838e-14 9.18558e-16 1
5619 5.84219e-14 9.18558e-16 1
5620.5 5.85614e-14 5.0173e-16 1
5622 5.83591e-14 5.0173e-16 1
5623.5 5.82167e-14 5.0173e-16 1
5625 5.81676e-14 5.0173e-16 1
5626.5 5.80664e-14 5.0173e-16 1
5628 5.80127e-14 5.0173e-16 1
5629.5 5.77181e-14 5.0173e-16 1
5631 5.71795e-14 5.0173e-16 1
5632.5 5.69243e-14 5.0173e-16 1
5634 5.69035e-14 5.0173e-16 1
5635.5 5.67386e-14 5.0173e-16 1
5637 5.67705e-14 5.0173e-16 1
5638.5 5.66136e-14 5.0173e-16 1
5640 5.63961e-14 5.0173e-16 1
5641.5 5.61276e-14 5.0173e-16 1
5643 5.59805e-14 5.0173e-16 1
5644.5 5.58277e-14 5.0173e-16 1
5646 5.55348e-14 5.0173e-16 1
5647.5 5.54386e-14 5.0173e-16 1
5649 5.52453e-14 5.0173e-16 1
5650.5 5.49767e-14 5.0173e-16 1
5652 5.48041e-14 5.0173e-16 1
5653.5 5.46109e-14 5.0173e-16 1
5655 5.43178e-14 5.0173e-16 1
5656.5 5.4212e-14 5.0173e-16 1
5658 5.41769e-14 5.0173e-16 1
5659.5 5.41291e-14 5.0173e-16 1
5661 5.39909e-14 5.0173e-16 1
5662.5 5.37623e-14 5.0173e-16 1
5664 5.35978e-14 5.0173e-16 1
5665.5 5.34725e-14 5.0173e-16 1
5667 5.33289e-14 5.0173e-16 1
5668.5 5.31432e-14 5.0173e-16 1
5670 5.31395e-14 5.0173e-16 1
5671.5 5.31501e-14 5.0173e-16 1
5673 5.29747e-14 5.0173e-16 1
5674.5 5.25316e-14 5.0173e-16 1
5676 5.24295e-14 5.0173e-16 1
5677.5 5.2273e-14 5.0173e-16 1
5679 5.23206e-14 5.0173e-16 1
5680.5 5.22755e-14 5.0173e-16 1
5682 5.19008e-14 5.0173e-16 1
5683.5 5.14269e-14 5.0173e-16 1
5685 5.13267e-14 5.0173e-16 1
5686.5 5.11011e-14 5.0173e-16 1
5688 5.10119e-14 5.0173e-16 1
5689.5 5.08116e-14 5.0173e-16 1
5691 5.11148e-14 5.0173e-16 1
5692.5 5.03707e-14 5.0173e-16 1
5694 5.03476e-14 5.0173e-16 1
5695.5 5.02787e-14 5.0173e-16 1
5697 4.99704e-14 5.0173e-16 1
5698.5 4.99168e-14 5.0173e-16 1
5700 4.9601e-14 5.0173e-16 1
5701.5 4.96223e-14 5.0173e-16 1
5703 4.95793e-14 5.0173e-16 1
5704.5 4.94883e-14 5.0173e-16 1
5706 4.91471e-14 5.0173e-16 1
5707.5 4.89487e-14 5.0173e-16 1
5709 4.90196e-14 5.0173e-16 1
5710.5 4.90119e-14 5.0173e-16 1
5712 4.8778e-14 5.0173e-16 1
5713.5 4.85022e-14 5.0173e-16 1
5715 4.83913e-14 5.0173e-16 1
5716.5 4.80856e-14 5.0173e-16 1
5718 4.79198e-14 5.0173e-16 1
5719.5 4.77983e-14 5.0173e-16 1
5721 4.77855e-14 5.0173e-16 1
5722.5 4.7885e-14 5.0173e-16 1
5724 4.80505e-14 5.0173e-16 1
5725.5 4.82353e-14 5.0173e-16 1
5727 4.79456e-14 5.0173e-16 1
5728.5 4.76308e-14 5.0173e-16 1
5730 4.77125e-14 5.0173e-16 1
5731.5 4.77123e-14 5.0173e-16 1
5733 4.7534e-14 5.0173e-16 1
5734.5 4.76326e-14 5.0173e-16 1
5736 4.77535e-14 5.0173e-16 1
5737.5 4.78191e-14 5.0173e-16 1
5739 4.77487e-14 5.0173e-16 1
5740.5 4.78011e-14 5.0173e-16 1
5742 4.75833e-14 5.0173e-16 1
5743.5 4.76299e-14 5.0173e-16 1
5745 4.80735e-14 5.0173e-16 1
5746.5 4.81295e-14 5.0173e-16 1
5748 4.78469e-14 5.0173e-16 1
5749.5 4.76742e-14 5.0173e-16 1
5751 4.82583e-14 5.0173e-16 1
5752.5 4.85043e-14 5.0173e-16 1
5754 4.83671e-14 5.0173e-16 1
5755.5 4.82236e-14 5.0173e-16 1
5757 4.86268e-14 5.0173e-16 1
5758.5 4.87535e-14 5.0173e-16 1
5760 4.88265e-14 5.0173e-16 1
5761.5 4.93539e-14 5.0173e-16 1
5763 4.9781e-14 5.0173e-16 1
5764.5 4.94382e-14 5.0173e-16 1
5766 4.99667e-14 5.0173e-16 1
5767.5 4.99625e-14 5.0173e-16 1
5769 5.03016e-14 5.0173e-16 1
5770.5 5.02334e-14 5.0173e-16 1
5772 5.05714e-14 5.0173e-16 1
5773.5 5.13637e-14 5.0173e-16 1
5775 5.18076e-14 5.0173e-16 1
5776.5 5.17937e-14 5.0173e-16 1
5778 5.16583e-14 5.0173e-16 1
5779.5 5.20006e-14 5.0173e-16 1
5781 5.22573e-14 5.0173e-16 1
5782.5 5.287e-14 5.0173e-16 1
5784 5.31209e-14 5.0173e-16 1
5785.5 5.31165e-14 5.0173e-16 1
5787 5.32354e-14 5.0173e-16 1
5788.5 5.32097e-14 5.0173e-16 1
5790 5.37974e-14 5.0173e-16 1
5791.5 5.45557e-14 5.0173e-16 1
5793 5.4638e-14 5.0173e-16 1
5794.5 5.4747e-14 5.0173e-16 1
5796 5.50644e-14 5.0173e-16 1
5797.5 5.5419e-14 5.0173e-16 1
5799 5.63213e-14 5.0173e-16 1
5800.5 5.73489e-14 5.0173e-16 1
5802 5.78665e-14 5.0173e-16 1
5803.5 5.80407e-14 5.0173e-16 1
5805 5.84997e-14 5.0173e-16 1
5806.5 5.918e-14 5.0173e-16 1
5808 5.96125e-14 5.0173e-16 1
5809.5 5.99607e-14 5.0173e-16 1
5811 6.02931e-14 5.0173e-16 1
5812.5 6.08515e-14 5.0173e-16 1
5814 6.16157e-14 5.0173e-16 1
5815.5 6.22984e-14 5.0173e-16 1
5817 6.28018e-14 5.0173e-16 1
5818.5 6.32343e-14 5.0173e-16 1
5820 6.35759e-14 8.94172e-16 1
5821.5 6.39648e-14 8.94172e-16 1
5823 6.44621e-14 8.94172e-16 1
5824.5 6.50067e-14 8.94172e-16 1
5826 6.54313e-14 8.94172e-16 1
5827.5 6.5698e-14 8.94172e-16 1
5829 6.61917e-14 8.94172e-16 1
5830.5 6.69304e-14 8.94172e-16 1
5832 6.72561e-14 8.94172e-16 1
5833.5 6.76012e-14 8.94172e-16 1
5835 6.81489e-14 8.94172e-16 1
5836.5 6.85616e-14 8.94172e-16 1
5838 6.8807e-14 8.94172e-16 1
5839.5 6.8941e-14 8.94172e-16 1
5841 6.93173e-14 8.94172e-16 1
5842.5 6.96273e-14 8.94172e-16 1
5844 6.96795e-14 8.94172e-16 1
5845.5 6.9998e-14 8.94172e-16 1
5847 7.04094e-14 8.94172e-16 1
5848.5 7.03692e-14 8.94172e-16 1
5850 7.04048e-14 8.94172e-16 1
5851.5 7.09868e-14 8.94172e-16 1
5853 7.14684e-14 8.94172e-16 1
5854.5 7.1582e-14 8.94172e-16 1
5856 7.15879e-14 8.94172e-16 1
5857.5 7.20433e-14 8.94172e-16 1
5859 7.26022e-14 8.94172e-16 1
5860.5 7.26486e-14 8.94172e-16 1
5862 7.24049e-14 8.94172e-16 1
5863.5 7.23666e-14 8.94172e-16 1
5865 7.2704e-14 8.94172e-16 1
5866.5 7.29274e-14 8.94172e-16 1
5868 7.2988e-14 8.94172e-16 1
5869.5 7.28411e-14 8.94172e-16 1
5871 7.29515e-14 8.94172e-16 1
5872.5 7.3114e-14 8.94172e-16 1
5874 7.30892e-14 8.94172e-16 1
5875.5 7.32552e-14 8.94172e-16 1
5877 7.3184e-14 8.94172e-16 1
5878.5 7.29827e-14 8.94172e-16 1
5880 7.29591e-14 8.94172e-16 1
5881.5 7.29472e-14 8.94172e-16 1
5883 7.25986e-14 8.94172e-16 1
5884.5 7.24322e-14 8.94172e-16 1
5886 7.19228e-14 8.94172e-16 1
5887.5 7.04174e-14 8.94172e-16 1
5889 6.90472e-14 8.94172e-16 1
5890.5 6.87469e-14 8.94172e-16 1
5892 6.95526e-14 8.94172e-16 1
5893.5 7.03221e-14 8.94172e-16 1
5895 6.99867e-14 8.94172e-16 1
5896.5 6.96503e-14 8.94172e-16 1
5898 7.02546e-14 8.94172e-16 1
5899.5 7.00916e-14 8.94172e-16 1
5901 6.93744e-14 8.94172e-16 1
5902.5 6.79343e-14 8.94172e-16 1
5904 6.59648e-14 8.94172e-16 1
5905.5 6.58007e-14 8.94172e-16 1
5907 6.67989e-14 8.94172e-16 1
5908.5 6.67944e-14 8.94172e-16 1
5910 6.53393e-14 8.94172e-16 1
5911.5 6.54089e-14 8.94172e-16 1
5913 6.69765e-14 8.94172e-16 1
5914.5 6.80354e-14 8.94172e-16 1
5916 6.82039e-14 8.94172e-16 1
5917.5 6.7872e-14 8.94172e-16 1
5919 6.74298e-14 8.94172e-16 1
5920.5 6.72685e-14 5.55157e-16 1
5922 6.69815e-14 5.55157e-16 1
5923.5 6.68483e-14 5.55157e-16 1
5925 6.6735e-14 5.55157e-16 1
5926.5 6.67833e-14 5.55157e-16 1
5928 6.6976e-14 5.55157e-16 1
5929.5 6.6839e-14 5.55157e-16 1
5931 6.66025e-14 5.55157e-16 1
5932.5 6.63597e-14 5.55157e-16 1
5934 6.62325e-14 5.55157e-16 1
5935.5 6.58512e-14 5.55157e-16 1
5937 6.55841e-14 5.55157e-16 1
5938.5 6.52454e-14 5.55157e-16 1
5940 6.47809e-14 5.55157e-16 1
5941.5 6.42741e-14 5.55157e-16 1
5943 6.39811e-14 5.55157e-16 1
5944.5 6.37793e-14 5.55157e-16 1
5946 6.36306e-14 5.55157e-16 1
5947.5 6.33748e-14 5.55157e-16 1
5949 6.33609e-14 5.55157e-16 1
5950.5 6.32699e-14 5.55157e-16 1
5952 6.29757e-14 5.55157e-16 1
5953.5 6.28842e-14 5.55157e-16 1
5955 6.24866e-14 5.55157e-16 1
5956.5 6.21989e-14 5.55157e-16 1
5958 6.23676e-14 5.55157e-16 1
5959.5 6.23842e-14 5.55157e-16 1
5961 6.19774e-14 5.55157e-16 1
5962.5 6.16716e-14 5.55157e-16 1
5964 6.15009e-14 5.55157e-16 1
5965.5 6.13638e-14 5.55157e-16 1
5967 6.14164e-14 5.55157e-16 1
5968.5 6.09958e-14 5.55157e-16 1
5970 6.05059e-14 5.55157e-16 1
5971.5 6.06824e-14 5.55157e-16 1
5973 6.05077e-14 5.55157e-16 1
5974.5 6.02376e-14 5.55157e-16 1
5976 6.01873e-14 5.55157e-16 1
5977.5 5.99487e-14 5.55157e-16 1
5979 6.00736e-14 5.55157e-16 1
5980.5 5.98604e-14 5.55157e-16 1
5982 5.97115e-14 5.55157e-16 1
5983.5 5.91826e-14 5.55157e-16 1
5985 5.91106e-14 5.55157e-16 1
5986.5 5.88283e-14 5.55157e-16 1
5988 5.8392e-14 5.55157e-16 1
5989.5 5.84628e-14 5.55157e-16 1
5991 5.82154e-14 5.55157e-16 1
5992.5 5.77859e-14 5.55157e-16 1
5994 5.75167e-14 5.55157e-16 1
5995.5 5.72128e-14 5.55157e-16 1
5997 5.67017e-14 5.55157e-16 1
5998.5 5.64352e-14 5.55157e-16 1
6000 5.61898e-14 5.55157e-16 1
6001.5 5.58555e-14 5.55157e-16 1
6003 5.55725e-14 5.55157e-16 1
6004.5 5.54302e-14 5.55157e-16 1
6006 5.4803e-14 5.55157e-16 1
6007.5 5.46076e-14 5.55157e-16 1
6009 5.47037e-14 5.55157e-16 1
6010.5 5.45849e-14 5.55157e-16 1
6012 5.44631e-14 5.55157e-16 1
6013.5 5.40975e-14 5.55157e-16 1
6015 5.39681e-14 5.55157e-16 1
6016.5 5.40586e-14 5.55157e-16 1
6018 5.39574e-14 5.55157e-16 1
6019.5 5.38165e-14 5.55157e-16 1
6021 5.37335e-14 1.04838e-15 1
6022.5 5.37134e-14 1.04838e-15 1
6024 5.3748e-14 1.04838e-15 1
6025.5 5.38056e-14 1.04838e-15 1
6027 5.37389e-14 1.04838e-15 1
6028.5 5.35758e-14 1.04838e-15 1
6030 5.36258e-14 1.04838e-15 1
6031.5 5.329e-14 1.04838e-15 1
6033 5.29973e-14 1.04838e-15 1
6034.5 5.29428e-14 1.04838e-15 1
6036 5.31896e-14 1.04838e-15 1
6037.5 5.33502e-14 1.04838e-15 1
6039 5.27163e-14 1.04838e-15 1
6040.5 5.27562e-14 1.04838e-15 1
6042 5.26897e-14 1.04838e-15 1
6043.5 5.26234e-14 1.04838e-15 1
6045 5.25572e-14 1.04838e-15 1
6046.5 5.24768e-14 1.04838e-15 1
6048 5.24878e-14 1.04838e-15 1
6049.5 5.23789e-14 1.04838e-15 1
6051 5.21351e-14 1.04838e-15 1
6052.5 5.23844e-14 1.04838e-15 1
6054 5.25493e-14 1.04838e-15 1
6055.5 5.2795e-14 1.04838e-15 1
6057 5.26656e-14 1.04838e-15 1
6058.5 5.24414e-14 1.04838e-15 1
6060 5.22433e-14 1.04838e-15 1
6061.5 5.19623e-14 1.04838e-15 1
6063 5.18972e-14 1.04838e-15 1
6064.5 5.20395e-14 1.04838e-15 1
6066 5.18292e-14 1.04838e-15 1
6067.5 5.11993e-14 1.04838e-15 1
6069 5.11525e-14 1.04838e-15 1
6070.5 5.05201e-14 1.04838e-15 1
6072 4.98494e-14 1.04838e-15 1
6073.5 4.95227e-14 1.04838e-15 1
6075 4.88514e-14 1.04838e-15 1
6076.5 4.78654e-14 1.04838e-15 1
6078 4.68268e-14 1.04838e-15 1
6079.5 4.6029e-14 1.04838e-15 1
6081 4.5093e-14 1.04838e-15 1
6082.5 4.37293e-14 1.04838e-15 1
6084 4.24481e-14 1.04838e-15 1
6085.5 4.13197e-14 1.04838e-15 1
6087 4.02447e-14 1.04838e-15 1
6088.5 3.92735e-14 1.04838e-15 1
6090 3.81182e-14 1.04838e-15 1
6091.5 3.68149e-14 1.04838e-15 1
6093 3.55139e-14 1.04838e-15 1
6094.5 3.45669e-14 1.04838e-15 1
6096 3.36803e-14 1.04838e-15 1
6097.5 3.26233e-14 1.04838e-15 1
6099 3.15679e-14 1.04838e-15 1
6100.5 3.0676e-14 1.04838e-15 1
6102 3.01703e-14 1.04838e-15 1
6103.5 2.95544e-14 1.04838e-15 1
6105 2.87345e-14 1.04838e-15 1
6106.5 2.81145e-14 1.04838e-15 1
6108 2.75121e-14 1.04838e-15 1
6109.5 2.68277e-14 1.04838e-15 1
6111 2.62284e-14 1.04838e-15 1
6112.5 2.56603e-14 1.04838e-15 1
6114 2.52171e-14 1.04838e-15 1
6115.5 2.48186e-14 1.04838e-15 1
6117 2.42595e-14 1.04838e-15 1
6118.5 2.37859e-14 1.04838e-15 1
6120 2.34212e-14 6.60988e-16 1
6121.5 2.31751e-14 6.60988e-16 1
6123 2.27822e-14 6.60988e-16 1
6124.5 2.23016e-14 6.60988e-16 1
6126 2.20765e-14 6.60988e-16 1
6127.5 2.1824e-14 6.60988e-16 1
6129 2.16018e-14 6.60988e-16 1
6130.5 2.14796e-14 6.60988e-16 1
6132 2.12114e-14 6.60988e-16 1
6133.5 2.09504e-14 6.60988e-16 1
6135 2.08461e-14 6.60988e-16 1
6136.5 2.07354e-14 6.60988e-16 1
6138 2.06865e-14 6.60988e-16 1
6139.5 2.04625e-14 6.60988e-16 1
6141 2.03008e-14 6.60988e-16 1
6142.5 2.01216e-14 6.60988e-16 1
6144 2.00682e-14 6.60988e-16 1
6145.5 2.00604e-14 6.60988e-16 1
6147 2.00709e-14 6.60988e-16 1
6148.5 1.9949e-14 6.60988e-16 1
6150 1.97727e-14 6.60988e-16 1
6151.5 1.97699e-14 6.60988e-16 1
6153 1.98069e-14 6.60988e-16 1
6154.5 1.98584e-14 6.60988e-16 1
6156 1.98597e-14 6.60988e-16 1
6157.5 1.98239e-14 6.60988e-16 1
6159 1.99327e-14 6.60988e-16 1
6160.5 1.9941e-14 6.60988e-16 1
6162 1.98546e-14 6.60988e-16 1
6163.5 2.00676e-14 6.60988e-16 1
6165 2.03032e-14 6.60988e-16 1
6166.5 2.04063e-14 6.60988e-16 1
6168 2.06428e-14 6.60988e-16 1
6169.5 2.07663e-14 6.60988e-16 1
6171 2.08988e-14 6.60988e-16 1
6172.5 2.11031e-14 6.60988e-16 1
6174 2.14898e-14 6.60988e-16 1
6175.5 2.17938e-14 6.60988e-16 1
6177 2.21624e-14 6.60988e-16 1
6178.5 2.23525e-14 6.60988e-16 1
6180 2.2584e-14 6.60988e-16 1
6181.5 2.28814e-14 6.60988e-16 1
6183 2.35211e-14 6.60988e-16 1
6184.5 2.3811e-14 6.60988e-16 1
6186 2.41785e-14 6.60988e-16 1
6187.5 2.47356e-14 6.60988e-16 1
6189 2.5182e-14 6.60988e-16 1
6190.5 2.55108e-14 6.60988e-16 1
6192 2.60485e-14 6.60988e-16 1
6193.5 2.65047e-14 6.60988e-16 1
6195 2.68214e-14 6.60988e-16 1
6196.5 2.72924e-14 6.60988e-16 1
6198 2.77854e-14 6.60988e-16 1
6199.5 2.84577e-14 6.60988e-16 1
6201 2.91144e-14 6.60988e-16 1
6202.5 2.96179e-14 6.60988e-16 1
6204 3.00626e-14 6.60988e-16 1
6205.5 3.06689e-14 6.60988e-16 1
6207 3.12685e-14 6.60988e-16 1
6208.5 3.19585e-14 6.60988e-16 1
6210 3.24238e-14 6.60988e-16 1
6211.5 3.27692e-14 6.60988e-16 1
6213 3.33394e-14 6.60988e-16 1
6214.5 3.4062e-14 6.60988e-16 1
6216 3.48005e-14 6.60988e-16 1
6217.5 3.5089e-14 6.60988e-16 1
6219 3.56635e-14 6.60988e-16 1
6220.5 3.6163e-14 5.33053e-16 1
6222 3.67834e-14 5.33053e-16 1
6223.5 3.72051e-14 5.33053e-16 1
6225 3.7792e-14 5.33053e-16 1
6226.5 3.83168e-14 5.33053e-16 1
6228 3.86134e-14 5.33053e-16 1
6229.5 3.8955e-14 5.33053e-16 1
6231 3.94408e-14 5.33053e-16 1
6232.5 3.99305e-14 5.33053e-16 1
6234 4.02074e-14 5.33053e-16 1
6235.5 4.04599e-14 5.33053e-16 1
6237 4.09804e-14 5.33053e-16 1
6238.5 4.12761e-14 5.33053e-16 1
6240 4.14408e-14 5.33053e-16 1
6241.5 4.16529e-14 5.33053e-16 1
6243 4.19096e-14 5.33053e-16 1
6244.5 4.26416e-14 5.33053e-16 1
6246 4.3088e-14 5.33053e-16 1
6247.5 4.32206e-14 5.33053e-16 1
6249 4.34474e-14 5.33053e-16 1
6250.5 4.40574e-14 5.33053e-16 1
6252 4.43958e-14 5.33053e-16 1
6253.5 4.44658e-14 5.33053e-16 1
6255 4.45759e-14 5.33053e-16 1
6256.5 4.5059e-14 5.33053e-16 1
6258 4.53106e-14 5.33053e-16 1
6259.5 4.55939e-14 5.33053e-16 1
6261 4.61512e-14 5.33053e-16 1
6262.5 4.61585e-14 5.33053e-16 1
6264 4.58431e-14 5.33053e-16 1
6265.5 4.60008e-14 5.33053e-16 1
6267 4.63407e-14 5.33053e-16 1
6268.5 4.72838e-14 5.33053e-16 1
6270 4.74413e-14 5.33053e-16 1
6271.5 4.72095e-14 5.33053e-16 1
6273 4.75344e-14 5.33053e-16 1
6274.5 4.78253e-14 5.33053e-16 1
6276 4.70708e-14 5.33053e-16 1
6277.5 4.64992e-14 5.33053e-16 1
6279 4.77337e-14 5.33053e-16 1
6280.5 4.85054e-14 5.33053e-16 1
6282 4.81347e-14 5.33053e-16 1
6283.5 4.82438e-14 5.33053e-16 1
6285 4.79606e-14 5.33053e-16 1
6286.5 4.7609e-14 5.33053e-16 1
6288 4.78988e-14 5.33053e-16 1
6289.5 4.83732e-14 5.33053e-16 1
6291 4.8698e-14 5.33053e-16 1
6292.5 4.92817e-14 5.33053e-16 1
6294 4.96289e-14 5.33053e-16 1
6295.5 4.89644e-14 5.33053e-16 1
6297 4.84423e-14 5.33053e-16 1
6298.5 4.83446e-14 5.33053e-16 1
6300 4.83416e-14 5.33053e-16 1
6301.5 4.85004e-14 5.33053e-16 1
6303 4.87124e-14 5.33053e-16 1
6304.5 4.91912e-14 5.33053e-16 1
6306 4.92141e-14 5.33053e-16 1
6307.5 4.89139e-14 5.33053e-16 1
6309 4.88596e-14 5.33053e-16 1
6310.5 4.91426e-14 5.33053e-16 1
6312 4.97289e-14 5.33053e-16 1
6313.5 5.05201e-14 5.33053e-16 1
6315 5.08615e-14 5.33053e-16 1
6316.5 5.05747e-14 5.33053e-16 1
6318 4.97853e-14 5.33053e-16 1
6319.5 4.95327e-14 5.33053e-16 1
6321 4.98721e-14 5.0173e-16 1
6322.5 5.03991e-14 5.0173e-16 1
6324 5.04875e-14 5.0173e-16 1
6325.5 5.01135e-14 5.0173e-16 1
6327 4.96519e-14 5.0173e-16 1
6328.5 4.93776e-14 5.0173e-16 1
6330 4.98361e-14 5.0173e-16 1
6331.5 5.00499e-14 5.0173e-16 1
6333 4.95779e-14 5.0173e-16 1
6334.5 4.89843e-14 5.0173e-16 1
6336 4.91247e-14 5.0173e-16 1
6337.5 4.92506e-14 5.0173e-16 1
6339 4.9855e-14 5.0173e-16 1
6340.5 5.02513e-14 5.0173e-16 1
6342 4.97534e-14 5.0173e-16 1
6343.5 5.08197e-14 5.0173e-16 1
6345 5.09333e-14 5.0173e-16 1
6346.5 5.00896e-14 5.0173e-16 1
6348 5.00292e-14 5.0173e-16 1
6349.5 5.05029e-14 5.0173e-16 1
6351 4.97858e-14 5.0173e-16 1
6352.5 4.91207e-14 5.0173e-16 1
6354 4.99763e-14 5.0173e-16 1
6355.5 5.09378e-14 5.0173e-16 1
6357 5.02469e-14 5.0173e-16 1
6358.5 4.9268e-14 5.0173e-16 1
6360 4.92999e-14 5.0173e-16 1
6361.5 4.89815e-14 5.0173e-16 1
6363 4.88428e-14 5.0173e-16 1
6364.5 4.90215e-14 5.0173e-16 1
6366 4.88043e-14 5.0173e-16 1
6367.5 4.85989e-14 5.0173e-16 1
6369 4.87385e-14 5.0173e-16 1
6370.5 4.86254e-14 5.0173e-16 1
6372 4.86311e-14 5.0173e-16 1
6373.5 4.88644e-14 5.0173e-16 1
6375 4.89947e-14 5.0173e-16 1
6376.5 4.9165e-14 5.0173e-16 1
6378 4.9098e-14 5.0173e-16 1
6379.5 4.88742e-14 5.0173e-16 1
6381 4.8628e-14 5.0173e-16 1
6382.5 4.85644e-14 5.0173e-16 1
6384 4.88533e-14 5.0173e-16 1
6385.5 4.87563e-14 5.0173e-16 1
6387 4.84797e-14 5.0173e-16 1
6388.5 4.86683e-14 5.0173e-16 1
6390 4.87834e-14 5.0173e-16 1
6391.5 4.87034e-14 5.0173e-16 1
6393 4.85273e-14 5.0173e-16 1
6394.5 4.85992e-14 5.0173e-16 1
6396 4.85653e-14 5.0173e-16 1
6397.5 4.85198e-14 5.0173e-16 1
6399 4.84725e-14 5.0173e-16 1
6400.5 4.82824e-14 5.0173e-16 1
6402 4.82376e-14 5.0173e-16 1
6403.5 4.85784e-14 5.0173e-16 1
6405 4.85093e-14 5.0173e-16 1
6406.5 4.83195e-14 5.0173e-16 1
6408 4.85416e-14 5.0173e-16 1
6409.5 4.88764e-14 5.0173e-16 1
6411 4.86413e-14 5.0173e-16 1
6412.5 4.8197e-14 5.0173e-16 1
6414 4.84386e-14 5.0173e-16 1
6415.5 4.86681e-14 5.0173e-16 1
6417 4.87289e-14 5.0173e-16 1
6418.5 4.84098e-14 5.0173e-16 1
6420 4.87243e-14 5.0173e-16 1
6421.5 4.87327e-14 5.0173e-16 1
6423 4.86391e-14 5.0173e-16 1
6424.5 4.86646e-14 5.0173e-16 1
6426 4.87878e-14 5.0173e-16 1
6427.5 4.86636e-14 5.0173e-16 1
6429 4.85684e-14 5.0173e-16 1
6430.5 4.84828e-14 5.0173e-16 1
6432 4.8637e-14 5.0173e-16 1
6433.5 4.84335e-14 5.0173e-16 1
6435 4.8355e-14 5.0173e-16 1
6436.5 4.83017e-14 5.0173e-16 1
6438 4.83374e-14 5.0173e-16 1
6439.5 4.86191e-14 5.0173e-16 1
6441 4.87763e-14 5.0173e-16 1
6442.5 4.87756e-14 5.0173e-16 1
6444 4.87367e-14 5.0173e-16 1
6445.5 4.86117e-14 5.0173e-16 1
6447 4.83249e-14 5.0173e-16 1
6448.5 4.82296e-14 5.0173e-16 1
6450 4.83228e-14 5.0173e-16 1
6451.5 4.8585e-14 5.0173e-16 1
6453 4.85988e-14 5.0173e-16 1
6454.5 4.84626e-14 5.0173e-16 1
6456 4.8399e-14 5.0173e-16 1
6457.5 4.83595e-14 5.0173e-16 1
6459 4.80372e-14 5.0173e-16 1
6460.5 4.82138e-14 5.0173e-16 1
6462 4.82431e-14 5.0173e-16 1
6463.5 4.82059e-14 5.0173e-16 1
6465 4.8015e-14 5.0173e-16 1
6466.5 4.792e-14 5.0173e-16 1
6468 4.78267e-14 5.0173e-16 1
6469.5 4.82786e-14 5.0173e-16 1
6471 4.80623e-14 5.0173e-16 1
6472.5 4.79127e-14 5.0173e-16 1
6474 4.76956e-14 5.0173e-16 1
6475.5 4.76139e-14 5.0173e-16 1
6477 4.75633e-14 5.0173e-16 1
6478.5 4.75977e-14 5.0173e-16 1
6480 4.76698e-14 5.0173e-16 1
6481.5 4.78224e-14 5.0173e-16 1
6483 4.78848e-14 5.0173e-16 1
6484.5 4.76947e-14 5.0173e-16 1
6486 4.75782e-14 5.0173e-16 1
6487.5 4.77515e-14 5.0173e-16 1
6489 4.78213e-14 5.0173e-16 1
6490.5 4.74369e-14 5.0173e-16 1
6492 4.74578e-14 5.0173e-16 1
6493.5 4.74897e-14 5.0173e-16 1
6495 4.75011e-14 5.0173e-16 1
6496.5 4.74785e-14 5.0173e-16 1
6498 4.75652e-14 5.0173e-16 1
6499.5 4.77428e-14 5.0173e-16 1
6501 4.77723e-14 5.0173e-16 1
6502.5 4.74741e-14 5.0173e-16 1
6504 4.75155e-14 5.0173e-16 1
6505.5 4.75684e-14 5.0173e-16 1
6507 4.75278e-14 5.0173e-16 1
6508.5 4.75229e-14 5.0173e-16 1
6510 4.72389e-14 5.0173e-16 1
6511.5 4.6971e-14 5.0173e-16 1
6513 4.68823e-14 5.0173e-16 1
6514.5 4.64519e-14 5.0173e-16 1
6516 4.63204e-14 5.0173e-16 1
6517.5 4.65953e-14 5.0173e-16 1
6519 4.68092e-14 5.0173e-16 1
6520.5 4.68744e-14 5.0173e-16 1
6522 4.67861e-14 5.0173e-16 1
6523.5 4.66189e-14 5.0173e-16 1
6525 4.64423e-14 5.0173e-16 1
6526.5 4.65364e-14 5.0173e-16 1
6528 4.66464e-14 5.0173e-16 1
6529.5 4.63881e-14 5.0173e-16 1
6531 4.62172e-14 5.0173e-16 1
6532.5 4.63105e-14 5.0173e-16 1
6534 4.61503e-14 5.0173e-16 1
6535.5 4.58417e-14 5.0173e-16 1
6537 4.57965e-14 5.0173e-16 1
6538.5 4.56736e-14 5.0173e-16 1
6540 4.56158e-14 5.0173e-16 1
6541.5 4.54191e-14 5.0173e-16 1
6543 4.507e-14 5.0173e-16 1
6544.5 4.50939e-14 5.0173e-16 1
6546 4.50129e-14 5.0173e-16 1
6547.5 4.48221e-14 5.0173e-16 1
6549 4.48638e-14 5.0173e-16 1
6550.5 4.4807e-14 5.0173e-16 1
6552 4.46953e-14 5.0173e-16 1
6553.5 4.45381e-14 5.0173e-16 1
6555 4.42693e-14 5.0173e-16 1
6556.5 4.40634e-14 5.0173e-16 1
6558 4.41692e-14 5.0173e-16 1
6559.5 4.40698e-14 5.0173e-16 1
6561 4.397e-14 5.0173e-16 1
6562.5 4.37547e-14 5.0173e-16 1
6564 4.35553e-14 5.0173e-16 1
6565.5 4.40066e-14 5.0173e-16 1
6567 4.37546e-14 5.0173e-16 1
6568.5 4.34273e-14 5.0173e-16 1
6570 4.32165e-14 5.0173e-16 1
6571.5 4.30952e-14 5.0173e-16 1
6573 4.30243e-14 5.0173e-16 1
6574.5 4.26928e-14 5.0173e-16 1
6576 4.28109e-14 5.0173e-16 1
6577.5 4.29991e-14 5.0173e-16 1
6579 4.2767e-14 5.0173e-16 1
6580.5 4.24099e-14 5.0173e-16 1
6582 4.2325e-14 5.0173e-16 1
6583.5 4.1896e-14 5.0173e-16 1
6585 4.17169e-14 5.0173e-16 1
6586.5 4.19646e-14 5.0173e-16 1
6588 4.17705e-14 5.0173e-16 1
6589.5 4.15335e-14 5.0173e-16 1
6591 4.12998e-14 5.0173e-16 1
6592.5 4.10606e-14 5.0173e-16 1
6594 4.08242e-14 5.0173e-16 1
6595.5 4.06405e-14 5.0173e-16 1
6597 4.08299e-14 5.0173e-16 1
6598.5 4.06822e-14 5.0173e-16 1
6600 4.04958e-14 5.0173e-16 1
6601.5 4.03254e-14 5.0173e-16 1
6603 4.00364e-14 5.0173e-16 1
6604.5 3.97507e-14 5.0173e-16 1
6606 3.96084e-14 5.0173e-16 1
6607.5 3.9587e-14 5.0173e-16 1
6609 3.92749e-14 5.0173e-16 1
6610.5 3.91336e-14 5.0173e-16 1
6612 3.9078e-14 5.0173e-16 1
6613.5 3.89018e-14 5.0173e-16 1
6615 3.87206e-14 5.0173e-16 1
6616.5 3.84805e-14 5.0173e-16 1
6618 3.8346e-14 5.0173e-16 1
6619.5 3.82996e-14 5.0173e-16 1
6621 3.80941e-14 5.0173e-16 1
6622.5 3.81887e-14 5.0173e-16 1
6624 3.79532e-14 5.0173e-16 1
6625.5 3.76744e-14 5.0173e-16 1
6627 3.76058e-14 5.0173e-16 1
6628.5 3.74241e-14 5.0173e-16 1
6630 3.7141e-14 5.0173e-16 1
6631.5 3.71827e-14 5.0173e-16 1
6633 3.72764e-14 5.0173e-16 1
6634.5 3.70247e-14 5.0173e-16 1
6636 3.66412e-14 5.0173e-16 1
6637.5 3.6659e-14 5.0173e-16 1
6639 3.67773e-14 5.0173e-16 1
6640.5 3.63879e-14 5.0173e-16 1
6642 3.61505e-14 5.0173e-16 1
6643.5 3.58968e-14 5.0173e-16 1
6645 3.58457e-14 5.0173e-16 1
6646.5 3.58066e-14 5.0173e-16 1
6648 3.57193e-14 5.0173e-16 1
6649.5 3.5448e-14 5.0173e-16 1
6651 3.53426e-14 5.0173e-16 1
6652.5 3.50985e-14 5.0173e-16 1
6654 3.50892e-14 5.0173e-16 1
6655.5 3.49547e-14 5.0173e-16 1
6657 3.47756e-14 5.0173e-16 1
6658.5 3.45306e-14 5.0173e-16 1
6660 3.41837e-14 5.0173e-16 1
6661.5 3.39146e-14 5.0173e-16 1
6663 3.39653e-14 5.0173e-16 1
6664.5 3.40144e-14 5.0173e-16 1
6666 3.38002e-14 5.0173e-16 1
6667.5 3.36311e-14 5.0173e-16 1
6669 3.35827e-14 5.0173e-16 1
6670.5 3.35513e-14 5.0173e-16 1
6672 3.34514e-14 5.0173e-16 1
6673.5 3.31361e-14 5.0173e-16 1
6675 3.30587e-14 5.0173e-16 1
6676.5 3.28983e-14 5.0173e-16 1
6678 3.28196e-14 5.0173e-16 1
6679.5 3.27358e-14 5.0173e-16 1
6681 3.24667e-14 5.0173e-16 1
6682.5 3.22638e-14 5.0173e-16 1
6684 3.21551e-14 5.0173e-16 1
6685.5 3.21012e-14 5.0173e-16 1
6687 3.18823e-14 5.0173e-16 1
6688.5 3.17263e-14 5.0173e-16 1
6690 3.17306e-14 5.0173e-16 1
6691.5 3.18135e-14 5.0173e-16 1
6693 3.1589e-14 5.0173e-16 1
6694.5 3.13644e-14 5.0173e-16 1
6696 3.11148e-14 5.0173e-16 1
6697.5 3.09902e-14 5.0173e-16 1
6699 3.09825e-14 5.0173e-16 1
6700.5 3.1275e-14 5.0173e-16 1
6702 3.09006e-14 5.0173e-16 1
6703.5 3.06608e-14 5.0173e-16 1
6705 3.07604e-14 5.0173e-16 1
6706.5 3.07606e-14 5.0173e-16 1
6708 3.06842e-14 5.0173e-16 1
6709.5 3.0567e-14 5.0173e-16 1
6711 3.01374e-14 5.0173e-16 1
6712.5 3.00398e-14 5.0173e-16 1
6714 3.00399e-14 5.0173e-16 1
6715.5 2.99067e-14 5.0173e-16 1
6717 2.98517e-14 5.0173e-16 1
6718.5 2.97044e-14 5.0173e-16 1
6720 2.96176e-14 5.0173e-16 1
6721.5 2.95799e-14 5.0173e-16 1
6723 2.95224e-14 5.0173e-16 1
6724.5 2.93314e-14 5.0173e-16 1
6726 2.91188e-14 5.0173e-16 1
6727.5 2.92375e-14 5.0173e-16 1
6729 2.95363e-14 5.0173e-16 1
6730.5 2.93326e-14 5.0173e-16 1
6732 2.90719e-14 5.0173e-16 1
6733.5 2.89792e-14 5.0173e-16 1
6735 2.89885e-14 5.0173e-16 1
6736.5 2.88837e-14 5.0173e-16 1
6738 2.87697e-14 5.0173e-16 1
6739.5 2.87687e-14 5.0173e-16 1
6741 2.85636e-14 5.0173e-16 1
6742.5 2.83973e-14 5.0173e-16 1
6744 2.83664e-14 5.0173e-16 1
6745.5 2.84245e-14 5.0173e-16 1
6747 2.84886e-14 5.0173e-16 1
6748.5 2.84161e-14 5.0173e-16 1
6750 2.82841e-14 5.0173e-16 1
6751.5 2.82715e-14 5.0173e-16 1
6753 2.83231e-14 5.0173e-16 1
6754.5 2.81933e-14 5.0173e-16 1
6756 2.79727e-14 5.0173e-16 1
6757.5 2.78097e-14 5.0173e-16 1
6759 2.79372e-14 5.0173e-16 1
6760.5 2.79734e-14 5.0173e-16 1
6762 2.78559e-14 5.0173e-16 1
6763.5 2.77389e-14 5.0173e-16 1
6765 2.76481e-14 5.0173e-16 1
6766.5 2.75215e-14 5.0173e-16 1
6768 2.75174e-14 5.0173e-16 1
6769.5 2.76276e-14 5.0173e-16 1
6771 2.74952e-14 5.0173e-16 1
6772.5 2.73273e-14 5.0173e-16 1
6774 2.74242e-14 5.0173e-16 1
6775.5 2.74018e-14 5.0173e-16 1
6777 2.74436e-14 5.0173e-16 1
6778.5 2.73524e-14 5.0173e-16 1
6780 2.70634e-14 5.0173e-16 1
6781.5 2.70274e-14 5.0173e-16 1
6783 2.71322e-14 5.0173e-16 1
6784.5 2.7089e-14 5.0173e-16 1
6786 2.70357e-14 5.0173e-16 1
6787.5 2.70981e-14 5.0173e-16 1
6789 2.68174e-14 5.0173e-16 1
6790.5 2.68052e-14 5.0173e-16 1
6792 2.67697e-14 5.0173e-16 1
6793.5 2.6701e-14 5.0173e-16 1
6795 2.67643e-14 5.0173e-16 1
6796.5 2.6945e-14 5.0173e-16 1
6798 2.69579e-14 5.0173e-16 1
6799.5 2.67803e-14 5.0173e-16 1
6801 2.65952e-14 5.0173e-16 1
6802.5 2.66699e-14 5.0173e-16 1
6804 2.66993e-14 5.0173e-16 1
6805.5 2.65951e-14 5.0173e-16 1
6807 2.65508e-14 5.0173e-16 1
6808.5 2.63922e-14 5.0173e-16 1
6810 2.63849e-14 5.0173e-16 1
6811.5 2.65512e-14 5.0173e-16 1
6813 2.62792e-14 5.0173e-16 1
6814.5 2.61881e-14 5.0173e-16 1
6816 2.6308e-14 5.0173e-16 1
6817.5 2.62203e-14 5.0173e-16 1
6819 2.62663e-14 5.0173e-16 1
6820.5 2.63985e-14 5.0173e-16 1
6822 2.62936e-14 5.0173e-16 1
6823.5 2.61369e-14 5.0173e-16 1
6825 2.61396e-14 5.0173e-16 1
6826.5 2.62021e-14 5.0173e-16 1
6828 2.61923e-14 5.0173e-16 1
6829.5 2.61648e-14 5.0173e-16 1
6831 2.58379e-14 5.0173e-16 1
6832.5 2.58041e-14 5.0173e-16 1
6834 2.60567e-14 5.0173e-16 1
6835.5 2.60058e-14 5.0173e-16 1
6837 2.60703e-14 5.0173e-16 1
6838.5 2.5866e-14 5.0173e-16 1
6840 2.57589e-14 5.0173e-16 1
6841.5 2.61905e-14 5.0173e-16 1
6843 2.64981e-14 5.0173e-16 1
6844.5 2.62779e-14 5.0173e-16 1
6846 2.62072e-14 5.0173e-16 1
6847.5 2.59928e-14 5.0173e-16 1
6849 2.54333e-14 5.0173e-16 1
6850.5 2.58181e-14 5.0173e-16 1
6852 2.57376e-14 5.0173e-16 1
6853.5 2.56237e-14 5.0173e-16 1
6855 2.54187e-14 5.0173e-16 1
6856.5 2.57508e-14 5.0173e-16 1
6858 2.54385e-14 5.0173e-16 1
6859.5 2.54145e-14 5.0173e-16 1
6861 2.55709e-14 5.0173e-16 1
6862.5 2.53629e-14 5.0173e-16 1
6864 2.52169e-14 5.0173e-16 1
6865.5 2.51432e-14 5.0173e-16 1
6867 2.47386e-14 5.0173e-16 1
6868.5 2.43622e-14 5.0173e-16 1
6870 2.44024e-14 5.0173e-16 1
6871.5 2.46801e-14 5.0173e-16 1
6873 2.51902e-14 5.0173e-16 1
6874.5 2.55946e-14 5.0173e-16 1
6876 2.57332e-14 5.0173e-16 1
6877.5 2.6066e-14 5.0173e-16 1
6879 2.61376e-14 5.0173e-16 1
6880.5 2.57232e-14 5.0173e-16 1
6882 2.55161e-14 5.0173e-16 1
6883.5 2.50762e-14 5.0173e-16 1
6885 2.48494e-14 5.0173e-16 1
6886.5 2.49713e-14 5.0173e-16 1
6888 2.45864e-14 5.0173e-16 1
6889.5 2.44342e-14 5.0173e-16 1
6891 2.4452e-14 5.0173e-16 1
6892.5 2.45508e-14 5.0173e-16 1
6894 2.48076e-14 5.0173e-16 1
6895.5 2.45402e-14 5.0173e-16 1
6897 2.43267e-14 5.0173e-16 1
6898.5 2.45777e-14 5.0173e-16 1
6900 2.47495e-14 5.0173e-16 1
6901.5 2.49035e-14 5.0173e-16 1
6903 2.45702e-14 5.0173e-16 1
6904.5 2.43557e-14 5.0173e-16 1
6906 2.40822e-14 5.0173e-16 1
6907.5 2.37824e-14 5.0173e-16 1
6909 2.41078e-14 5.0173e-16 1
6910.5 2.41716e-14 5.0173e-16 1
6912 2.39567e-14 5.0173e-16 1
6913.5 2.39635e-14 5.0173e-16 1
6915 2.37838e-14 5.0173e-16 1
6916.5 2.33386e-14 5.0173e-16 1
6918 2.40012e-14 5.0173e-16 1
6919.5 2.4548e-14 5.0173e-16 1
6921 2.34203e-14 5.0173e-16 1
6922.5 2.29719e-14 5.0173e-16 1
6924 2.35268e-14 5.0173e-16 1
6925.5 2.3524e-14 5.0173e-16 1
6927 2.30557e-14 5.0173e-16 1
6928.5 2.29275e-14 5.0173e-16 1
6930 2.30156e-14 5.0173e-16 1
6931.5 2.29533e-14 5.0173e-16 1
6933 2.30239e-14 5.0173e-16 1
6934.5 2.28412e-14 5.0173e-16 1
6936 2.27239e-14 5.0173e-16 1
6937.5 2.35542e-14 5.0173e-16 1
6939 2.40382e-14 5.0173e-16 1
6940.5 2.34123e-14 5.0173e-16 1
6942 2.31266e-14 5.0173e-16 1
6943.5 2.32192e-14 5.0173e-16 1
6945 2.27569e-14 5.0173e-16 1
6946.5 2.27008e-14 5.0173e-16 1
6948 2.26979e-14 5.0173e-16 1
6949.5 2.26732e-14 5.0173e-16 1
6951 2.27244e-14 5.0173e-16 1
6952.5 2.25351e-14 5.0173e-16 1
6954 2.25002e-14 5.0173e-16 1
6955.5 2.25339e-14 5.0173e-16 1
6957 2.22739e-14 5.0173e-16 1
6958.5 2.19259e-14 5.0173e-16 1
6960 2.19348e-14 5.0173e-16 1
6961.5 2.22381e-14 5.0173e-16 1
6963 2.2412e-14 5.0173e-16 1
6964.5 2.21942e-14 5.0173e-16 1
6966 2.21957e-14 5.0173e-16 1
6967.5 2.231e-14 5.0173e-16 1
6969 2.21969e-14 5.0173e-16 1
6970.5 2.21013e-14 5.0173e-16 1
6972 2.21246e-14 5.0173e-16 1
6973.5 2.21828e-14 5.0173e-16 1
6975 2.24993e-14 5.0173e-16 1
6976.5 2.2621e-14 5.0173e-16 1
6978 2.24286e-14 5.0173e-16 1
6979.5 2.24619e-14 5.0173e-16 1
6981 2.22415e-14 5.0173e-16 1
6982.5 2.20319e-14 5.0173e-16 1
6984 2.18774e-14 5.0173e-16 1
6985.5 2.15387e-14 5.0173e-16 1
6987 2.16319e-14 5.0173e-16 1
6988.5 2.22214e-14 5.0173e-16 1
6990 2.21947e-14 5.0173e-16 1
6991.5 2.18271e-14 5.0173e-16 1
6993 2.19613e-14 5.0173e-16 1
6994.5 2.23702e-14 5.0173e-16 1
6996 2.21541e-14 5.0173e-16 1
6997.5 2.17747e-14 5.0173e-16 1
6999 2.21623e-14 5.0173e-16 1
7000.5 2.23e-14 5.0173e-16 1
7002 2.16059e-14 5.0173e-16 1
7003.5 2.13962e-14 5.0173e-16 1
7005 2.16718e-14 5.0173e-16 1
7006.5 2.1442e-14 5.0173e-16 1
7008 2.12068e-14 5.0173e-16 1
7009.5 2.12945e-14 5.0173e-16 1
7011 2.14448e-14 5.0173e-16 1
7012.5 2.14359e-14 5.0173e-16 1
7014 2.11355e-14 5.0173e-16 1
7015.5 2.10264e-14 5.0173e-16 1
7017 2.11439e-14 5.0173e-16 1
7018.5 2.12869e-14 5.0173e-16 1
7020 2.12924e-14 5.0173e-16 1
7021.5 2.10026e-14 5.0173e-16 1
7023 2.10013e-14 5.0173e-16 1
7024.5 2.12941e-14 5.0173e-16 1
7026 2.12029e-14 5.0173e-16 1
7027.5 2.09583e-14 5.0173e-16 1
7029 2.09807e-14 5.0173e-16 1
7030.5 2.11395e-14 5.0173e-16 1
7032 2.11075e-14 5.0173e-16 1
7033.5 2.09719e-14 5.0173e-16 1
7035 2.0948e-14 5.0173e-16 1
7036.5 2.07874e-14 5.0173e-16 1
7038 2.07104e-14 5.0173e-16 1
7039.5 2.0693e-14 5.0173e-16 1
7041 2.06711e-14 5.0173e-16 1
7042.5 2.07166e-14 5.0173e-16 1
7044 2.07872e-14 5.0173e-16 1
7045.5 2.08584e-14 5.0173e-16 1
7047 2.05888e-14 5.0173e-16 1
7048.5 2.06517e-14 5.0173e-16 1
7050 2.05636e-14 5.0173e-16 1
7051.5 2.03183e-14 5.0173e-16 1
7053 2.05551e-14 5.0173e-16 1
7054.5 2.06942e-14 5.0173e-16 1
7056 2.06305e-14 5.0173e-16 1
7057.5 2.06806e-14 5.0173e-16 1
7059 2.06365e-14 5.0173e-16 1
7060.5 2.05967e-14 5.0173e-16 1
7062 2.04788e-14 5.0173e-16 1
7063.5 2.03162e-14 5.0173e-16 1
7065 2.04335e-14 5.0173e-16 1
7066.5 2.06804e-14 5.0173e-16 1
7068 2.08698e-14 5.0173e-16 1
7069.5 2.08907e-14 5.0173e-16 1
7071 2.07424e-14 5.0173e-16 1
7072.5 2.03183e-14 5.0173e-16 1
7074 2.03284e-14 5.0173e-16 1
7075.5 2.06097e-14 5.0173e-16 1
7077 2.03647e-14 5.0173e-16 1
7078.5 2.05019e-14 5.0173e-16 1
7080 2.08677e-14 5.0173e-16 1
7081.5 2.05904e-14 5.0173e-16 1
7083 2.04461e-14 5.0173e-16 1
7084.5 2.03681e-14 5.0173e-16 1
7086 2.034e-14 5.0173e-16 1
7087.5 2.04757e-14 5.0173e-16 1
7089 2.09062e-14 5.0173e-16 1
7090.5 2.14724e-14 5.0173e-16 1
7092 2.11547e-14 5.0173e-16 1
7093.5 2.04974e-14 5.0173e-16 1
7095 2.06107e-14 5.0173e-16 1
7096.5 2.07345e-14 5.0173e-16 1
7098 2.05313e-14 5.0173e-16 1
7099.5 2.03443e-14 5.0173e-16 1
7101 2.03484e-14 5.0173e-16 1
7102.5 2.03652e-14 5.0173e-16 1
7104 2.02741e-14 5.0173e-16 1
7105.5 2.02611e-14 5.0173e-16 1
7107 2.04736e-14 5.0173e-16 1
7108.5 2.05206e-14 5.0173e-16 1
7110 2.04491e-14 5.0173e-16 1
7111.5 2.03925e-14 5.0173e-16 1
7113 2.02952e-14 5.0173e-16 1
7114.5 2.03654e-14 5.0173e-16 1
7116 2.02851e-14 5.0173e-16 1
7117.5 2.01035e-14 5.0173e-16 1
7119 2.01959e-14 5.0173e-16 1
7120.5 2.01815e-14 5.0173e-16 1
7122 2.00221e-14 5.0173e-16 1
7123.5 1.99413e-14 5.0173e-16 1
7125 2.01582e-14 5.0173e-16 1
7126.5 2.01772e-14 5.0173e-16 1
7128 2.00579e-14 5.0173e-16 1
7129.5 1.98686e-14 5.0173e-16 1
7131 2.00013e-14 5.0173e-16 1
7132.5 1.99707e-14 5.0173e-16 1
7134 2.00985e-14 5.0173e-16 1
7135.5 2.02618e-14 5.0173e-16 1
7137 1.99771e-14 5.0173e-16 1
7138.5 2.01269e-14 5.0173e-16 1
7140 1.9817e-14 5.0173e-16 1
7141.5 1.96985e-14 5.0173e-16 1
7143 1.98476e-14 5.0173e-16 1
7144.5 1.96883e-14 5.0173e-16 1
7146 1.97129e-14 5.0173e-16 1
7147.5 2.01628e-14 5.0173e-16 1
7149 2.03619e-14 5.0173e-16 1
7150.5 2.00292e-14 5.0173e-16 1
7152 1.95132e-14 5.0173e-16 1
7153.5 1.9557e-14 5.0173e-16 1
7155 1.96315e-14 5.0173e-16 1
7156.5 1.94635e-14 5.0173e-16 1
7158 1.96427e-14 5.0173e-16 1
7159.5 2.00522e-14 5.0173e-16 1
7161 2.0006e-14 5.0173e-16 1
7162.5 1.98588e-14 5.0173e-16 1
7164 1.94492e-14 5.0173e-16 1
7165.5 1.93875e-14 5.0173e-16 1
7167 1.97367e-14 5.0173e-16 1
7168.5 1.95274e-14 5.0173e-16 1
7170 1.90871e-14 5.0173e-16 1
7171.5 1.91697e-14 5.0173e-16 1
7173 1.92721e-14 5.0173e-16 1
7174.5 1.92503e-14 5.0173e-16 1
7176 1.94052e-14 5.0173e-16 1
7177.5 1.93747e-14 5.0173e-16 1
7179 1.92032e-14 5.0173e-16 1
7180.5 1.90145e-14 5.0173e-16 1
7182 1.91407e-14 5.0173e-16 1
7183.5 1.92676e-14 5.0173e-16 1
7185 1.88516e-14 5.0173e-16 1
7186.5 1.85357e-14 5.0173e-16 1
7188 1.88229e-14 5.0173e-16 1
7189.5 1.90198e-14 5.0173e-16 1
7191 1.89427e-14 5.0173e-16 1
7192.5 1.84507e-14 5.0173e-16 1
7194 1.85674e-14 5.0173e-16 1
7195.5 1.95805e-14 5.0173e-16 1
7197 1.96676e-14 5.0173e-16 1
7198.5 1.93295e-14 5.0173e-16 1
7200 1.9224e-14 5.0173e-16 1
7201.5 1.9383e-14 5.0173e-16 1
7203 1.96025e-14 5.0173e-16 1
7204.5 1.93367e-14 5.0173e-16 1
7206 1.92001e-14 5.0173e-16 1
7207.5 1.91729e-14 5.0173e-16 1
7209 1.91004e-14 5.0173e-16 1
7210.5 1.96865e-14 5.0173e-16 1
7212 2.02694e-14 5.0173e-16 1
7213.5 1.97869e-14 5.0173e-16 1
7215 1.96523e-14 5.0173e-16 1
7216.5 1.9481e-14 5.0173e-16 1
7218 1.92562e-14 5.0173e-16 1
7219.5 1.92342e-14 5.0173e-16 1
7221 1.9322e-14 5.0173e-16 1
7222.5 1.9215e-14 5.0173e-16 1
7224 1.94035e-14 5.0173e-16 1
7225.5 1.95183e-14 5.0173e-16 1
7227 1.96544e-14 5.0173e-16 1
7228.5 1.94032e-14 5.0173e-16 1
7230 1.91192e-14 5.0173e-16 1
7231.5 1.88382e-14 5.0173e-16 1
7233 1.89862e-14 5.0173e-16 1
7234.5 1.9327e-14 5.0173e-16 1
7236 1.93173e-14 5.0173e-16 1
7237.5 1.92295e-14 5.0173e-16 1
7239 1.93146e-14 5.0173e-16 1
7240.5 1.91768e-14 5.0173e-16 1
7242 1.87663e-14 5.0173e-16 1
7243.5 1.86554e-14 5.0173e-16 1
7245 1.87687e-14 5.0173e-16 1
7246.5 1.88132e-14 5.0173e-16 1
7248 1.90797e-14 5.0173e-16 1
7249.5 1.93729e-14 5.0173e-16 1
7251 1.92692e-14 5.0173e-16 1
7252.5 1.92715e-14 5.0173e-16 1
7254 1.94344e-14 5.0173e-16 1
7255.5 1.93015e-14 5.0173e-16 1
7257 1.93562e-14 5.0173e-16 1
7258.5 1.93679e-14 5.0173e-16 1
7260 1.9543e-14 5.0173e-16 1
7261.5 1.98425e-14 5.0173e-16 1
7263 1.97254e-14 5.0173e-16 1
7264.5 1.931e-14 5.0173e-16 1
7266 1.89819e-14 5.0173e-16 1
7267.5 1.88685e-14 5.0173e-16 1
7269 1.88402e-14 5.0173e-16 1
7270.5 1.86911e-14 5.0173e-16 1
7272 1.88741e-14 5.0173e-16 1
7273.5 1.91695e-14 5.0173e-16 1
7275 1.87019e-14 5.0173e-16 1
7276.5 1.78451e-14 5.0173e-16 1
7278 1.79331e-14 5.0173e-16 1
7279.5 1.8604e-14 5.0173e-16 1
7281 1.88682e-14 5.0173e-16 1
7282.5 1.87972e-14 5.0173e-16 1
7284 1.85496e-14 5.0173e-16 1
7285.5 1.82204e-14 5.0173e-16 1
7287 1.81692e-14 5.0173e-16 1
7288.5 1.84361e-14 5.0173e-16 1
7290 1.84377e-14 5.0173e-16 1
7291.5 1.84781e-14 5.0173e-16 1
7293 1.88379e-14 5.0173e-16 1
7294.5 1.89174e-14 5.0173e-16 1
7296 1.85471e-14 5.0173e-16 1
7297.5 1.81599e-14 5.0173e-16 1
7299 1.7919e-14 5.0173e-16 1
7300.5 1.79809e-14 5.0173e-16 1
7302 1.79574e-14 5.0173e-16 1
7303.5 1.78183e-14 5.0173e-16 1
7305 1.78718e-14 5.0173e-16 1
7306.5 1.78443e-14 5.0173e-16 1
7308 1.75824e-14 5.0173e-16 1
7309.5 1.77707e-14 5.0173e-16 1
7311 1.79526e-14 5.0173e-16 1
7312.5 1.78879e-14 5.0173e-16 1
7314 1.78846e-14 5.0173e-16 1
7315.5 1.77534e-14 5.0173e-16 1
7317 1.76329e-14 5.0173e-16 1
7318.5 1.74662e-14 5.0173e-16 1
7320 1.73739e-14 5.0173e-16 1
7321.5 1.76067e-14 5.0173e-16 1
7323 1.77314e-14 5.0173e-16 1
7324.5 1.75834e-14 5.0173e-16 1
7326 1.75142e-14 5.0173e-16 1
7327.5 1.74058e-14 5.0173e-16 1
7329 1.72698e-14 5.0173e-16 1
7330.5 1.7142e-14 5.0173e-16 1
7332 1.69017e-14 5.0173e-16 1
7333.5 1.6859e-14 5.0173e-16 1
7335 1.71296e-14 5.0173e-16 1
7336.5 1.72981e-14 5.0173e-16 1
7338 1.72954e-14 5.0173e-16 1
7339.5 1.70482e-14 5.0173e-16 1
7341 1.68801e-14 5.0173e-16 1
7342.5 1.67618e-14 5.0173e-16 1
7344 1.6659e-14 5.0173e-16 1
7345.5 1.67499e-14 5.0173e-16 1
7347 1.65231e-14 5.0173e-16 1
7348.5 1.65249e-14 5.0173e-16 1
7350 1.66104e-14 5.0173e-16 1
7351.5 1.65313e-14 5.0173e-16 1
7353 1.64382e-14 5.0173e-16 1
7354.5 1.61894e-14 5.0173e-16 1
7356 1.60501e-14 5.0173e-16 1
7357.5 1.61319e-14 5.0173e-16 1
7359 1.62031e-14 5.0173e-16 1
7360.5 1.60008e-14 5.0173e-16 1
7362 1.58863e-14 5.0173e-16 1
7363.5 1.59735e-14 5.0173e-16 1
7365 1.60228e-14 5.0173e-16 1
7366.5 1.58998e-14 5.0173e-16 1
7368 1.57565e-14 5.0173e-16 1
7369.5 1.56851e-14 5.0173e-16 1
7371 1.56924e-14 5.0173e-16 1
7372.5 1.55363e-14 5.0173e-16 1
7374 1.54583e-14 5.0173e-16 1
7375.5 1.56209e-14 5.0173e-16 1
7377 1.56899e-14 5.0173e-16 1
7378.5 1.54524e-14 5.0173e-16 1
7380 1.53514e-14 5.0173e-16 1
7381.5 1.51498e-14 5.0173e-16 1
7383 1.49705e-14 5.0173e-16 1
7384.5 1.5307e-14 5.0173e-16 1
7386 1.54103e-14 5.0173e-16 1
7387.5 1.517e-14 5.0173e-16 1
7389 1.52964e-14 5.0173e-16 1
7390.5 1.54314e-14 5.0173e-16 1
7392 1.52834e-14 5.0173e-16 1
7393.5 1.49987e-14 5.0173e-16 1
7395 1.48048e-14 5.0173e-16 1
7396.5 1.51457e-14 5.0173e-16 1
7398 1.53305e-14 5.0173e-16 1
7399.5 1.50331e-14 5.0173e-16 1
7401 1.4791e-14 5.0173e-16 1
7402.5 1.46171e-14 5.0173e-16 1
7404 1.45084e-14 5.0173e-16 1
7405.5 1.45052e-14 5.0173e-16 1
7407 1.43819e-14 5.0173e-16 1
7408.5 1.41454e-14 5.0173e-16 1
7410 1.40164e-14 5.0173e-16 1
7411.5 1.40189e-14 5.0173e-16 1
7413 1.40727e-14 5.0173e-16 1
7414.5 1.40533e-14 5.0173e-16 1
7416 1.38521e-14 5.0173e-16 1
7417.5 1.38536e-14 5.0173e-16 1
7419 1.38698e-14 5.0173e-16 1
7420.5 1.36935e-14 5.0173e-16 1
7422 1.36021e-14 5.0173e-16 1
7423.5 1.37211e-14 5.0173e-16 1
7425 1.36253e-14 5.0173e-16 1
7426.5 1.36902e-14 5.0173e-16 1
7428 1.38128e-14 5.0173e-16 1
7429.5 1.37188e-14 5.0173e-16 1
7431 1.34967e-14 5.0173e-16 1
7432.5 1.3525e-14 5.0173e-16 1
7434 1.35286e-14 5.0173e-16 1
7435.5 1.35573e-14 5.0173e-16 1
7437 1.33676e-14 5.0173e-16 1
7438.5 1.31681e-14 5.0173e-16 1
7440 1.31563e-14 5.0173e-16 1
7441.5 1.31396e-14 5.0173e-16 1
7443 1.30547e-14 5.0173e-16 1
7444.5 1.30789e-14 5.0173e-16 1
7446 1.30759e-14 5.0173e-16 1
7447.5 1.28864e-14 5.0173e-16 1
7449 1.27634e-14 5.0173e-16 1
7450.5 1.25771e-14 5.0173e-16 1
7452 1.25517e-14 5.0173e-16 1
7453.5 1.25741e-14 5.0173e-16 1
7455 1.25027e-14 5.0173e-16 1
7456.5 1.22929e-14 5.0173e-16 1
7458 1.21645e-14 5.0173e-16 1
7459.5 1.2089e-14 5.0173e-16 1
7461 1.19886e-14 5.0173e-16 1
7462.5 1.17716e-14 5.0173e-16 1
7464 1.16366e-14 5.0173e-16 1
7465.5 1.16177e-14 5.0173e-16 1
7467 1.16536e-14 5.0173e-16 1
7468.5 1.15846e-14 5.0173e-16 1
7470 1.15259e-14 5.0173e-16 1
7471.5 1.14877e-14 5.0173e-16 1
7473 1.14852e-14 5.0173e-16 1
7474.5 1.15252e-14 5.0173e-16 1
7476 1.13366e-14 5.0173e-16 1
7477.5 1.12295e-14 5.0173e-16 1
7479 1.12147e-14 5.0173e-16 1
7480.5 1.13314e-14 5.0173e-16 1
7482 1.13252e-14 5.0173e-16 1
7483.5 1.12424e-14 5.0173e-16 1
7485 1.13033e-14 5.0173e-16 1
7486.5 1.1357e-14 5.0173e-16 1
7488 1.12169e-14 5.0173e-16 1
7489.5 1.11376e-14 5.0173e-16 1
7491 1.12358e-14 5.0173e-16 1
7492.5 1.12865e-14 5.0173e-16 1
7494 1.13389e-14 5.0173e-16 1
7495.5 1.1249e-14 5.0173e-16 1
7497 1.12879e-14 5.0173e-16 1
7498.5 1.12835e-14 5.0173e-16 1
7500 1.11409e-14 5.0173e-16 1
7501.5 1.12159e-14 5.0173e-16 1
7503 1.10817e-14 5.0173e-16 1
7504.5 1.09856e-14 5.0173e-16 1
7506 1.08943e-14 5.0173e-16 1
7507.5 1.08723e-14 5.0173e-16 1
7509 1.11003e-14 5.0173e-16 1
7510.5 1.10013e-14 5.0173e-16 1
7512 1.08631e-14 5.0173e-16 1
7513.5 1.08549e-14 5.0173e-16 1
7515 1.08416e-14 5.0173e-16 1
7516.5 1.08756e-14 5.0173e-16 1
7518 1.09365e-14 5.0173e-16 1
7519.5 1.09996e-14 5.0173e-16 1
7521 1.11429e-14 5.0173e-16 1
7522.5 1.10499e-14 5.0173e-16 1
7524 1.09089e-14 5.0173e-16 1
7525.5 1.08429e-14 5.0173e-16 1
7527 1.0853e-14 5.0173e-16 1
7528.5 1.08689e-14 5.0173e-16 1
7530 1.08916e-14 5.0173e-16 1
7531.5 1.09265e-14 5.0173e-16 1
7533 1.08724e-14 5.0173e-16 1
7534.5 1.08675e-14 5.0173e-16 1
7536 1.09501e-14 5.0173e-16 1
7537.5 1.09098e-14 5.0173e-16 1
7539 1.09722e-14 5.0173e-16 1
7540.5 1.10595e-14 5.0173e-16 1
