# converted by J. Guy, 2010-10-18
# downloaded from bruford.nhn.ou.edu/~suspect/index1.html
# from  Salvo et al. 2001MNRAS.321..254S
@Redshift 0.006888
@FORMAT STD
@Date 50198.2
@SELECTED_FOR_SNLS3_TRAINING 1
@SN sn1996x
@SURVEY OTHER_LOWZ_SPEC
@Source SUSPECT_DB
#WAVE : wavelength, observer frame, in A
#FLUX : erg/s/cm2/A
#ERR  : statistical uncertainty on flux
#VALID : 1=ok 0=ignore
#end
3059.03 4.505e-15 1.34737e-16 0
3062.73 4.51067e-15 1.34737e-16 0
3066.43 4.51633e-15 1.34737e-16 0
3070.13 4.522e-15 1.34737e-16 0
3073.83 4.52767e-15 1.34737e-16 0
3077.53 4.53333e-15 1.34737e-16 0
3081.23 4.539e-15 1.34737e-16 0
3084.93 4.54467e-15 1.34737e-16 0
3088.63 4.55033e-15 1.34737e-16 0
3092.33 4.556e-15 1.34737e-16 0
3096.03 4.56167e-15 1.34737e-16 0
3099.73 4.56733e-15 1.34737e-16 0
3103.43 4.573e-15 1.34737e-16 0
3107.13 4.18061e-15 1.34737e-16 0
3110.83 3.9883e-15 1.34737e-16 0
3114.53 3.81321e-15 1.34737e-16 0
3118.23 3.77058e-15 1.34737e-16 0
3121.93 3.714e-15 1.34737e-16 0
3125.63 3.5371e-15 1.34737e-16 0
3129.33 3.67811e-15 1.34737e-16 0
3133.03 3.68952e-15 1.34737e-16 0
3136.73 3.82997e-15 1.34737e-16 0
3140.43 3.99846e-15 1.34737e-16 0
3144.13 4.03403e-15 1.34737e-16 0
3147.83 3.92734e-15 1.34737e-16 0
3151.53 3.73398e-15 1.34737e-16 0
3155.23 4.07686e-15 1.34737e-16 0
3158.93 4.00062e-15 1.34737e-16 0
3162.63 3.99569e-15 1.46812e-16 0
3166.33 4.32258e-15 1.46812e-16 0
3170.03 4.09545e-15 1.46812e-16 0
3173.73 4.32213e-15 1.46812e-16 0
3177.43 3.98458e-15 1.46812e-16 0
3181.13 4.5522e-15 1.46812e-16 0
3184.83 4.43024e-15 1.46812e-16 0
3188.53 4.33153e-15 1.46812e-16 0
3192.23 4.5402e-15 1.46812e-16 0
3195.93 4.47934e-15 1.46812e-16 0
3199.63 4.33776e-15 1.46812e-16 0
3203.33 4.38293e-15 1.46812e-16 0
3207.03 4.41379e-15 1.46812e-16 0
3210.73 4.47614e-15 1.46812e-16 0
3214.43 4.40046e-15 1.46812e-16 0
3218.13 4.11973e-15 1.46812e-16 0
3221.83 4.01775e-15 1.46812e-16 0
3225.53 4.09075e-15 1.46812e-16 0
3229.23 4.06341e-15 1.46812e-16 0
3232.93 3.87694e-15 1.46812e-16 0
3236.63 3.85443e-15 1.46812e-16 0
3240.33 3.83111e-15 1.46812e-16 0
3244.03 3.63475e-15 1.46812e-16 0
3247.73 3.74733e-15 1.46812e-16 0
3251.43 3.46823e-15 1.46812e-16 0
3255.13 3.59136e-15 1.46812e-16 0
3258.83 3.6888e-15 1.46812e-16 0
3262.53 3.76741e-15 8.8142e-17 0
3266.23 3.91954e-15 8.8142e-17 0
3269.93 3.84804e-15 8.8142e-17 0
3273.63 3.83286e-15 8.8142e-17 0
3277.33 3.87465e-15 8.8142e-17 0
3281.03 3.86956e-15 8.8142e-17 0
3284.73 3.90131e-15 8.8142e-17 0
3288.43 3.94082e-15 8.8142e-17 0
3292.13 4.00166e-15 8.8142e-17 0
3295.83 4.07903e-15 8.8142e-17 0
3299.53 4.0113e-15 8.8142e-17 0
3303.23 4.00382e-15 8.8142e-17 0
3306.93 4.14573e-15 8.8142e-17 0
3310.63 4.16364e-15 8.8142e-17 0
3314.33 4.06055e-15 8.8142e-17 0
3318.03 4.26956e-15 8.8142e-17 0
3321.73 4.27432e-15 8.8142e-17 0
3325.43 4.36319e-15 8.8142e-17 0
3329.13 4.21247e-15 8.8142e-17 0
3332.83 4.44023e-15 8.8142e-17 0
3336.53 4.48467e-15 8.8142e-17 0
3340.23 4.5793e-15 8.8142e-17 0
3343.93 4.6998e-15 8.8142e-17 0
3347.63 4.64475e-15 8.8142e-17 0
3351.33 4.62887e-15 8.8142e-17 0
3355.03 4.62213e-15 8.8142e-17 0
3358.73 4.61195e-15 8.8142e-17 0
3362.43 4.6842e-15 1.57045e-16 0
3366.13 4.64422e-15 1.57045e-16 0
3369.83 4.56434e-15 1.57045e-16 0
3373.53 4.63364e-15 1.57045e-16 0
3377.23 4.7047e-15 1.57045e-16 0
3380.93 4.72275e-15 1.57045e-16 0
3384.63 4.76491e-15 1.57045e-16 0
3388.33 4.8995e-15 1.57045e-16 0
3392.03 5.13804e-15 1.57045e-16 0
3395.73 5.28893e-15 1.57045e-16 0
3399.43 5.4175e-15 1.57045e-16 0
3403.13 5.55276e-15 1.57045e-16 1
3406.83 5.61863e-15 1.57045e-16 1
3410.53 5.71656e-15 1.57045e-16 1
3414.23 5.87128e-15 1.57045e-16 1
3417.93 6.03497e-15 1.57045e-16 1
3421.63 6.04958e-15 1.57045e-16 1
3425.33 6.02609e-15 1.57045e-16 1
3429.03 5.91787e-15 1.57045e-16 1
3432.73 6.00353e-15 1.57045e-16 1
3436.43 5.95465e-15 1.57045e-16 1
3440.13 6.0085e-15 1.57045e-16 1
3443.83 6.08822e-15 1.57045e-16 1
3447.53 6.18339e-15 1.57045e-16 1
3451.23 6.17439e-15 1.57045e-16 1
3454.93 6.19848e-15 1.57045e-16 1
3458.63 6.29662e-15 1.57045e-16 1
3462.33 6.38108e-15 1.7729e-16 1
3466.03 6.52515e-15 1.7729e-16 1
3469.73 6.61947e-15 1.7729e-16 1
3473.43 6.51569e-15 1.7729e-16 1
3477.13 6.47682e-15 1.7729e-16 1
3480.83 6.59115e-15 1.7729e-16 1
3484.53 6.65956e-15 1.7729e-16 1
3488.23 6.74794e-15 1.7729e-16 1
3491.93 6.86873e-15 1.7729e-16 1
3495.63 6.96493e-15 1.7729e-16 1
3499.33 7.07699e-15 1.7729e-16 1
3503.03 7.56434e-15 1.7729e-16 1
3506.73 7.66452e-15 1.7729e-16 1
3510.43 8.17146e-15 1.7729e-16 1
3514.13 8.49779e-15 1.7729e-16 1
3517.83 8.84643e-15 1.7729e-16 1
3521.53 9.37346e-15 1.7729e-16 1
3525.23 9.72244e-15 1.7729e-16 1
3528.93 1.00273e-14 1.7729e-16 1
3532.63 1.03155e-14 1.7729e-16 1
3536.33 1.02901e-14 1.7729e-16 1
3540.03 1.03795e-14 1.7729e-16 1
3543.73 1.05291e-14 1.7729e-16 1
3547.43 1.06039e-14 1.7729e-16 1
3551.13 1.0871e-14 1.7729e-16 1
3554.83 1.11396e-14 1.7729e-16 1
3558.53 1.13306e-14 1.7729e-16 1
3562.23 1.14706e-14 2.69997e-16 1
3565.93 1.14849e-14 2.69997e-16 1
3569.63 1.14867e-14 2.69997e-16 1
3573.33 1.15783e-14 2.69997e-16 1
3577.03 1.16679e-14 2.69997e-16 1
3580.73 1.18113e-14 2.69997e-16 1
3584.43 1.19828e-14 2.69997e-16 1
3588.13 1.21447e-14 2.69997e-16 1
3591.83 1.22684e-14 2.69997e-16 1
3595.53 1.21915e-14 2.69997e-16 1
3599.23 1.21347e-14 2.69997e-16 1
3602.93 1.22873e-14 2.69997e-16 1
3606.63 1.20717e-14 2.69997e-16 1
3610.33 1.18444e-14 2.69997e-16 1
3614.03 1.13913e-14 2.69997e-16 1
3617.73 1.11003e-14 2.69997e-16 1
3621.43 1.08624e-14 2.69997e-16 1
3625.13 1.09019e-14 2.69997e-16 1
3628.83 1.0837e-14 2.69997e-16 1
3632.53 1.0725e-14 2.69997e-16 1
3636.23 1.10429e-14 2.69997e-16 1
3639.93 1.1337e-14 2.69997e-16 1
3643.63 1.17166e-14 2.69997e-16 1
3647.33 1.22438e-14 2.69997e-16 1
3651.03 1.2852e-14 2.69997e-16 1
3654.73 1.34937e-14 2.69997e-16 1
3658.43 1.41504e-14 2.69997e-16 1
3662.13 1.48674e-14 9.39517e-16 1
3665.83 1.55608e-14 9.39517e-16 1
3669.53 1.63504e-14 9.39517e-16 1
3673.23 1.7089e-14 9.39517e-16 1
3676.93 1.77701e-14 9.39517e-16 1
3680.63 1.84499e-14 9.39517e-16 1
3684.33 1.91386e-14 9.39517e-16 1
3688.03 1.97449e-14 9.39517e-16 1
3691.73 2.01472e-14 9.39517e-16 1
3695.43 2.04425e-14 9.39517e-16 1
3699.13 2.03619e-14 9.39517e-16 1
3702.83 1.97279e-14 9.39517e-16 1
3706.53 1.89034e-14 9.39517e-16 1
3710.23 1.80287e-14 9.39517e-16 1
3713.93 1.71491e-14 9.39517e-16 1
3717.63 1.62264e-14 9.39517e-16 1
3721.33 1.58226e-14 9.39517e-16 1
3725.03 1.53375e-14 9.39517e-16 1
3728.73 1.49732e-14 9.39517e-16 1
3732.43 1.46463e-14 9.39517e-16 1
3736.13 1.44775e-14 9.39517e-16 1
3739.83 1.43276e-14 9.39517e-16 1
3743.53 1.44031e-14 9.39517e-16 1
3747.23 1.43601e-14 9.39517e-16 1
3750.93 1.45693e-14 9.39517e-16 1
3754.63 1.47429e-14 9.39517e-16 1
3758.33 1.50718e-14 9.39517e-16 1
3762.03 1.52887e-14 9.69477e-16 1
3765.73 1.54408e-14 9.69477e-16 1
3769.43 1.53376e-14 9.69477e-16 1
3773.13 1.47733e-14 9.69477e-16 1
3776.83 1.42523e-14 9.69477e-16 1
3780.53 1.34809e-14 9.69477e-16 1
3784.23 1.27957e-14 9.69477e-16 1
3787.93 1.2293e-14 9.69477e-16 1
3791.63 1.19148e-14 9.69477e-16 1
3795.33 1.17301e-14 9.69477e-16 1
3799.03 1.15164e-14 9.69477e-16 1
3802.73 1.11594e-14 9.69477e-16 1
3806.43 1.09402e-14 9.69477e-16 1
3810.13 1.0765e-14 9.69477e-16 1
3813.83 1.04034e-14 9.69477e-16 1
3817.53 1.01732e-14 9.69477e-16 1
3821.23 1.01477e-14 9.69477e-16 1
3824.93 1.00856e-14 9.69477e-16 1
3828.63 1.02238e-14 9.69477e-16 1
3832.33 1.04646e-14 9.69477e-16 1
3836.03 1.07685e-14 9.69477e-16 1
3839.73 1.11669e-14 9.69477e-16 1
3843.43 1.15399e-14 9.69477e-16 1
3847.13 1.20387e-14 9.69477e-16 1
3850.83 1.26076e-14 9.69477e-16 1
3854.53 1.31106e-14 9.69477e-16 1
3858.23 1.36483e-14 9.69477e-16 1
3861.93 1.42978e-14 7.51201e-16 1
3865.63 1.49676e-14 7.51201e-16 1
3869.33 1.55995e-14 7.51201e-16 1
3873.03 1.62268e-14 7.51201e-16 1
3876.73 1.70496e-14 7.51201e-16 1
3880.43 1.7832e-14 7.51201e-16 1
3884.13 1.85792e-14 7.51201e-16 1
3887.83 1.95961e-14 7.51201e-16 1
3891.53 2.03931e-14 7.51201e-16 1
3895.23 2.12417e-14 7.51201e-16 1
3898.93 2.18325e-14 7.51201e-16 1
3902.63 2.26374e-14 7.51201e-16 1
3906.33 2.34055e-14 7.51201e-16 1
3910.03 2.40415e-14 7.51201e-16 1
3913.73 2.42729e-14 7.51201e-16 1
3917.43 2.45687e-14 7.51201e-16 1
3921.13 2.47434e-14 7.51201e-16 1
3924.83 2.51089e-14 7.51201e-16 1
3928.53 2.54466e-14 7.51201e-16 1
3932.23 2.54972e-14 7.51201e-16 1
3935.93 2.59786e-14 7.51201e-16 1
3939.63 2.6762e-14 7.51201e-16 1
3943.33 2.71302e-14 7.51201e-16 1
3947.03 2.77547e-14 7.51201e-16 1
3950.73 2.79835e-14 7.51201e-16 1
3954.43 2.8293e-14 7.51201e-16 1
3958.13 2.85662e-14 7.51201e-16 1
3961.83 2.85731e-14 1.11594e-15 1
3965.53 2.81994e-14 1.11594e-15 1
3969.23 2.7805e-14 1.11594e-15 1
3972.93 2.72129e-14 1.11594e-15 1
3976.63 2.69104e-14 1.11594e-15 1
3980.33 2.61305e-14 1.11594e-15 1
3984.03 2.55157e-14 1.11594e-15 1
3987.73 2.4556e-14 1.11594e-15 1
3991.43 2.3786e-14 1.11594e-15 1
3995.13 2.29567e-14 1.11594e-15 1
3998.83 2.21832e-14 1.11594e-15 1
4002.53 2.1405e-14 1.11594e-15 1
4006.23 2.07911e-14 1.11594e-15 1
4009.93 2.01389e-14 1.11594e-15 1
4013.63 1.95298e-14 1.11594e-15 1
4017.33 1.91645e-14 1.11594e-15 1
4021.03 1.88831e-14 1.11594e-15 1
4024.73 1.86412e-14 1.11594e-15 1
4028.43 1.86208e-14 1.11594e-15 1
4032.13 1.87981e-14 1.11594e-15 1
4035.83 1.88946e-14 1.11594e-15 1
4039.53 1.92137e-14 1.11594e-15 1
4043.23 1.95375e-14 1.11594e-15 1
4046.93 1.98903e-14 1.11594e-15 1
4050.63 2.04078e-14 1.11594e-15 1
4054.33 2.09182e-14 1.11594e-15 1
4058.03 2.13953e-14 1.11594e-15 1
4061.73 2.17814e-14 6.70337e-16 1
4065.43 2.21274e-14 6.70337e-16 1
4069.13 2.22654e-14 6.70337e-16 1
4072.83 2.21436e-14 6.70337e-16 1
4076.53 2.20037e-14 6.70337e-16 1
4080.23 2.18147e-14 6.70337e-16 1
4083.93 2.18036e-14 6.70337e-16 1
4087.63 2.18454e-14 6.70337e-16 1
4091.33 2.18582e-14 6.70337e-16 1
4095.03 2.19852e-14 6.70337e-16 1
4098.73 2.20264e-14 6.70337e-16 1
4102.43 2.20657e-14 6.70337e-16 1
4106.13 2.20867e-14 6.70337e-16 1
4109.83 2.20563e-14 6.70337e-16 1
4113.53 2.1946e-14 6.70337e-16 1
4117.23 2.17961e-14 6.70337e-16 1
4120.93 2.19279e-14 6.70337e-16 1
4124.63 2.17592e-14 6.70337e-16 1
4128.33 2.16029e-14 6.70337e-16 1
4132.03 2.14926e-14 6.70337e-16 1
4135.73 2.15454e-14 6.70337e-16 1
4139.43 2.16238e-14 6.70337e-16 1
4143.13 2.16056e-14 6.70337e-16 1
4146.83 2.1799e-14 6.70337e-16 1
4150.53 2.21953e-14 6.70337e-16 1
4154.23 2.23779e-14 6.70337e-16 1
4157.93 2.28049e-14 6.70337e-16 1
4161.63 2.31253e-14 3.71962e-16 1
4165.33 2.35039e-14 3.71962e-16 1
4169.03 2.38971e-14 3.71962e-16 1
4172.73 2.42011e-14 3.71962e-16 1
4176.43 2.43659e-14 3.71962e-16 1
4180.13 2.44569e-14 3.71962e-16 1
4183.83 2.44233e-14 3.71962e-16 1
4187.53 2.45771e-14 3.71962e-16 1
4191.23 2.45233e-14 3.71962e-16 1
4194.93 2.4456e-14 3.71962e-16 1
4198.63 2.45421e-14 3.71962e-16 1
4202.33 2.46269e-14 3.71962e-16 1
4206.03 2.47339e-14 3.71962e-16 1
4209.73 2.46486e-14 3.71962e-16 1
4213.43 2.46636e-14 3.71962e-16 1
4217.13 2.44467e-14 3.71962e-16 1
4220.83 2.42663e-14 3.71962e-16 1
4224.53 2.3938e-14 3.71962e-16 1
4228.23 2.38113e-14 3.71962e-16 1
4231.93 2.35127e-14 3.71962e-16 1
4235.63 2.36345e-14 3.71962e-16 1
4239.33 2.32701e-14 3.71962e-16 1
4243.03 2.29732e-14 3.71962e-16 1
4246.73 2.24447e-14 3.71962e-16 1
4250.43 2.23382e-14 3.71962e-16 1
4254.13 2.19474e-14 3.71962e-16 1
4257.83 2.17546e-14 3.71962e-16 1
4261.53 2.14583e-14 1.93975e-16 1
4265.23 2.13571e-14 1.93975e-16 1
4268.93 2.11499e-14 1.93975e-16 1
4272.63 2.1039e-14 1.93975e-16 1
4276.33 2.08583e-14 1.93975e-16 1
4280.03 2.07091e-14 1.93975e-16 1
4283.73 2.07132e-14 1.93975e-16 1
4287.43 2.07214e-14 1.93975e-16 1
4291.13 2.0577e-14 1.93975e-16 1
4294.83 2.04717e-14 1.93975e-16 1
4298.53 2.04495e-14 1.93975e-16 1
4302.23 2.0269e-14 1.93975e-16 1
4305.93 1.99742e-14 1.93975e-16 1
4309.63 1.9638e-14 1.93975e-16 1
4313.33 1.93117e-14 1.93975e-16 1
4317.03 1.89439e-14 1.93975e-16 1
4320.73 1.86365e-14 1.93975e-16 1
4324.43 1.82282e-14 1.93975e-16 1
4328.13 1.80185e-14 1.93975e-16 1
4331.83 1.77105e-14 1.93975e-16 1
4335.53 1.73635e-14 1.93975e-16 1
4339.23 1.69402e-14 1.93975e-16 1
4342.93 1.67095e-14 1.93975e-16 1
4346.63 1.63259e-14 1.93975e-16 1
4350.33 1.60935e-14 1.93975e-16 1
4354.03 1.57829e-14 1.93975e-16 1
4357.73 1.55801e-14 1.93975e-16 1
4361.43 1.54323e-14 2.57994e-16 1
4365.13 1.53697e-14 2.57994e-16 1
4368.83 1.51257e-14 2.57994e-16 1
4372.53 1.49169e-14 2.57994e-16 1
4376.23 1.47602e-14 2.57994e-16 1
4379.93 1.44267e-14 2.57994e-16 1
4383.63 1.40967e-14 2.57994e-16 1
4387.33 1.37443e-14 2.57994e-16 1
4391.03 1.35137e-14 2.57994e-16 1
4394.73 1.33279e-14 2.57994e-16 1
4398.43 1.31338e-14 2.57994e-16 1
4402.13 1.29723e-14 2.57994e-16 1
4405.83 1.28044e-14 2.57994e-16 1
4409.53 1.26708e-14 2.57994e-16 1
4413.23 1.25157e-14 2.57994e-16 1
4416.93 1.25433e-14 2.57994e-16 1
4420.63 1.26904e-14 2.57994e-16 1
4424.33 1.28693e-14 2.57994e-16 1
4428.03 1.31278e-14 2.57994e-16 1
4431.73 1.35047e-14 2.57994e-16 1
4435.43 1.37574e-14 2.57994e-16 1
4439.13 1.40229e-14 2.57994e-16 1
4442.83 1.42419e-14 2.57994e-16 1
4446.53 1.44957e-14 2.57994e-16 1
4450.23 1.4772e-14 2.57994e-16 1
4453.93 1.5048e-14 2.57994e-16 1
4457.63 1.54329e-14 2.57994e-16 1
4461.33 1.59401e-14 3.15393e-16 1
4465.03 1.64872e-14 3.15393e-16 1
4468.73 1.68393e-14 3.15393e-16 1
4472.43 1.73792e-14 3.15393e-16 1
4476.13 1.77666e-14 3.15393e-16 1
4479.83 1.80037e-14 3.15393e-16 1
4483.53 1.8234e-14 3.15393e-16 1
4487.23 1.84647e-14 3.15393e-16 1
4490.93 1.87074e-14 3.15393e-16 1
4494.63 1.907e-14 3.15393e-16 1
4498.33 1.93906e-14 3.15393e-16 1
4502.03 1.98071e-14 3.15393e-16 1
4505.73 2.02025e-14 3.15393e-16 1
4509.43 2.07296e-14 3.15393e-16 1
4513.13 2.12996e-14 3.15393e-16 1
4516.83 2.18367e-14 3.15393e-16 1
4520.53 2.23864e-14 3.15393e-16 1
4524.23 2.29268e-14 3.15393e-16 1
4527.93 2.34493e-14 3.15393e-16 1
4531.63 2.40595e-14 3.15393e-16 1
4535.33 2.44874e-14 3.15393e-16 1
4539.03 2.50464e-14 3.15393e-16 1
4542.73 2.5437e-14 3.15393e-16 1
4546.43 2.58355e-14 3.15393e-16 1
4550.13 2.62047e-14 3.15393e-16 1
4553.83 2.65335e-14 3.15393e-16 1
4557.53 2.68152e-14 3.15393e-16 1
4561.23 2.70884e-14 7.05986e-16 1
4564.93 2.72e-14 7.05986e-16 1
4568.63 2.74071e-14 7.05986e-16 1
4572.33 2.75346e-14 7.05986e-16 1
4576.03 2.75332e-14 7.05986e-16 1
4579.73 2.75739e-14 7.05986e-16 1
4583.43 2.76728e-14 7.05986e-16 1
4587.13 2.77203e-14 7.05986e-16 1
4590.83 2.7744e-14 7.05986e-16 1
4594.53 2.77494e-14 7.05986e-16 1
4598.23 2.77702e-14 7.05986e-16 1
4601.93 2.78939e-14 7.05986e-16 1
4605.63 2.79998e-14 7.05986e-16 1
4609.33 2.81504e-14 7.05986e-16 1
4613.03 2.829e-14 7.05986e-16 1
4616.73 2.83955e-14 7.05986e-16 1
4620.43 2.8429e-14 7.05986e-16 1
4624.13 2.83405e-14 7.05986e-16 1
4627.83 2.83722e-14 7.05986e-16 1
4631.53 2.82944e-14 7.05986e-16 1
4635.23 2.78453e-14 7.05986e-16 1
4638.93 2.75037e-14 7.05986e-16 1
4642.63 2.71123e-14 7.05986e-16 1
4646.33 2.64086e-14 7.05986e-16 1
4650.03 2.58226e-14 7.05986e-16 1
4653.73 2.54594e-14 7.05986e-16 1
4657.43 2.48036e-14 7.05986e-16 1
4661.13 2.42514e-14 1.05973e-15 1
4664.83 2.37021e-14 1.05973e-15 1
4668.53 2.30439e-14 1.05973e-15 1
4672.23 2.24832e-14 1.05973e-15 1
4675.93 2.19721e-14 1.05973e-15 1
4679.63 2.14435e-14 1.05973e-15 1
4683.33 2.09533e-14 1.05973e-15 1
4687.03 2.05657e-14 1.05973e-15 1
4690.73 2.01877e-14 1.05973e-15 1
4694.43 1.98983e-14 1.05973e-15 1
4698.13 1.9823e-14 1.05973e-15 1
4701.83 1.98311e-14 1.05973e-15 1
4705.53 1.99493e-14 1.05973e-15 1
4709.23 2.0118e-14 1.05973e-15 1
4712.93 2.02921e-14 1.05973e-15 1
4716.63 2.03721e-14 1.05973e-15 1
4720.33 2.0256e-14 1.05973e-15 1
4724.03 2.01096e-14 1.05973e-15 1
4727.73 1.97588e-14 1.05973e-15 1
4731.43 1.92053e-14 1.05973e-15 1
4735.13 1.85829e-14 1.05973e-15 1
4738.83 1.78582e-14 1.05973e-15 1
4742.53 1.71104e-14 1.05973e-15 1
4746.23 1.63109e-14 1.05973e-15 1
4749.93 1.57922e-14 1.05973e-15 1
4753.63 1.54327e-14 1.05973e-15 1
4757.33 1.51178e-14 1.05973e-15 1
4761.03 1.48462e-14 5.92445e-16 1
4764.73 1.46902e-14 5.92445e-16 1
4768.43 1.45271e-14 5.92445e-16 1
4772.13 1.45498e-14 5.92445e-16 1
4775.83 1.45711e-14 5.92445e-16 1
4779.53 1.46704e-14 5.92445e-16 1
4783.23 1.47285e-14 5.92445e-16 1
4786.93 1.48862e-14 5.92445e-16 1
4790.63 1.50188e-14 5.92445e-16 1
4794.33 1.51755e-14 5.92445e-16 1
4798.03 1.55412e-14 5.92445e-16 1
4801.73 1.58129e-14 5.92445e-16 1
4805.43 1.60823e-14 5.92445e-16 1
4809.13 1.64418e-14 5.92445e-16 1
4812.83 1.6662e-14 5.92445e-16 1
4816.53 1.67703e-14 5.92445e-16 1
4820.23 1.65515e-14 5.92445e-16 1
4823.93 1.6256e-14 5.92445e-16 1
4827.63 1.58606e-14 5.92445e-16 1
4831.33 1.52518e-14 5.92445e-16 1
4835.03 1.47979e-14 5.92445e-16 1
4838.73 1.42235e-14 5.92445e-16 1
4842.43 1.38702e-14 5.92445e-16 1
4846.13 1.36529e-14 5.92445e-16 1
4849.83 1.34311e-14 5.92445e-16 1
4853.53 1.32074e-14 5.92445e-16 1
4857.23 1.30998e-14 5.92445e-16 1
4860.93 1.28566e-14 4.38774e-16 1
4864.63 1.26908e-14 4.38774e-16 1
4868.33 1.26341e-14 4.38774e-16 1
4872.03 1.23752e-14 4.38774e-16 1
4875.73 1.23909e-14 4.38774e-16 1
4879.43 1.23773e-14 4.38774e-16 1
4883.13 1.23693e-14 4.38774e-16 1
4886.83 1.24757e-14 4.38774e-16 1
4890.53 1.26101e-14 4.38774e-16 1
4894.23 1.27895e-14 4.38774e-16 1
4897.93 1.28919e-14 4.38774e-16 1
4901.63 1.31887e-14 4.38774e-16 1
4905.33 1.34886e-14 4.38774e-16 1
4909.03 1.3836e-14 4.38774e-16 1
4912.73 1.42736e-14 4.38774e-16 1
4916.43 1.48533e-14 4.38774e-16 1
4920.13 1.52431e-14 4.38774e-16 1
4923.83 1.57515e-14 4.38774e-16 1
4927.53 1.6068e-14 4.38774e-16 1
4931.23 1.65539e-14 4.38774e-16 1
4934.93 1.68999e-14 4.38774e-16 1
4938.63 1.73033e-14 4.38774e-16 1
4942.33 1.75137e-14 4.38774e-16 1
4946.03 1.7692e-14 4.38774e-16 1
4949.73 1.78227e-14 4.38774e-16 1
4953.43 1.78921e-14 4.38774e-16 1
4957.13 1.78437e-14 4.38774e-16 1
4960.83 1.75282e-14 4.52729e-16 1
4964.53 1.72965e-14 4.52729e-16 1
4968.23 1.6853e-14 4.52729e-16 1
4971.93 1.63392e-14 4.52729e-16 1
4975.63 1.58085e-14 4.52729e-16 1
4979.33 1.5193e-14 4.52729e-16 1
4983.03 1.47188e-14 4.52729e-16 1
4986.73 1.43884e-14 4.52729e-16 1
4990.43 1.40681e-14 4.52729e-16 1
4994.13 1.37373e-14 4.52729e-16 1
4997.83 1.35777e-14 4.52729e-16 1
5001.53 1.33868e-14 4.52729e-16 1
5005.23 1.31465e-14 4.52729e-16 1
5008.93 1.29929e-14 4.52729e-16 1
5012.63 1.28235e-14 4.52729e-16 1
5016.33 1.27537e-14 4.52729e-16 1
5020.03 1.27647e-14 4.52729e-16 1
5023.73 1.27552e-14 4.52729e-16 1
5027.43 1.27277e-14 4.52729e-16 1
5031.13 1.27834e-14 4.52729e-16 1
5034.83 1.27731e-14 4.52729e-16 1
5038.53 1.28079e-14 4.52729e-16 1
5042.23 1.29213e-14 4.52729e-16 1
5045.93 1.29839e-14 4.52729e-16 1
5049.63 1.32338e-14 4.52729e-16 1
5053.33 1.33689e-14 4.52729e-16 1
5057.03 1.36349e-14 4.52729e-16 1
5060.73 1.39019e-14 2.02526e-16 1
5064.43 1.40908e-14 2.02526e-16 1
5068.13 1.42391e-14 2.02526e-16 1
5071.83 1.43459e-14 2.02526e-16 1
5075.53 1.44527e-14 2.02526e-16 1
5079.23 1.44732e-14 2.02526e-16 1
5082.93 1.46298e-14 2.02526e-16 1
5086.63 1.47775e-14 2.02526e-16 1
5090.33 1.49384e-14 2.02526e-16 1
5094.03 1.51663e-14 2.02526e-16 1
5097.73 1.53911e-14 2.02526e-16 1
5101.43 1.56304e-14 2.02526e-16 1
5105.13 1.57916e-14 2.02526e-16 1
5108.83 1.58199e-14 2.02526e-16 1
5112.53 1.57245e-14 2.02526e-16 1
5116.23 1.58124e-14 2.02526e-16 1
5119.93 1.58594e-14 2.02526e-16 1
5123.63 1.58454e-14 2.02526e-16 1
5127.33 1.59989e-14 2.02526e-16 1
5131.03 1.62984e-14 2.02526e-16 1
5134.73 1.65417e-14 2.02526e-16 1
5138.43 1.67875e-14 2.02526e-16 1
5142.13 1.70423e-14 2.02526e-16 1
5145.83 1.74674e-14 2.02526e-16 1
5149.53 1.7786e-14 2.02526e-16 1
5153.23 1.80397e-14 2.02526e-16 1
5156.93 1.83253e-14 2.02526e-16 1
5160.63 1.85443e-14 1.8935e-16 1
5164.33 1.8728e-14 1.8935e-16 1
5168.03 1.89654e-14 1.8935e-16 1
5171.73 1.91596e-14 1.8935e-16 1
5175.43 1.93044e-14 1.8935e-16 1
5179.13 1.94802e-14 1.8935e-16 1
5182.83 1.95807e-14 1.8935e-16 1
5186.53 1.96996e-14 1.8935e-16 1
5190.23 1.99508e-14 1.8935e-16 1
5193.93 2.01416e-14 1.8935e-16 1
5197.63 2.0246e-14 1.8935e-16 1
5201.33 2.036e-14 1.8935e-16 1
5205.03 2.04264e-14 1.8935e-16 1
5208.73 2.04611e-14 1.8935e-16 1
5212.43 2.06057e-14 1.8935e-16 1
5216.13 2.07421e-14 1.8935e-16 1
5219.83 2.09005e-14 1.8935e-16 1
5223.53 2.10466e-14 1.8935e-16 1
5227.23 2.11949e-14 1.8935e-16 1
5230.93 2.13435e-14 1.8935e-16 1
5234.63 2.14358e-14 1.8935e-16 1
5238.33 2.15738e-14 1.8935e-16 1
5242.03 2.16782e-14 1.8935e-16 1
5245.73 2.17127e-14 1.8935e-16 1
5249.43 2.18215e-14 1.8935e-16 1
5253.13 2.17486e-14 1.8935e-16 1
5256.83 2.16538e-14 1.8935e-16 1
5260.53 2.14933e-14 3.07716e-16 1
5264.23 2.12505e-14 3.07716e-16 1
5267.93 2.09117e-14 3.07716e-16 1
5271.63 2.05595e-14 3.07716e-16 1
5275.33 2.00538e-14 3.07716e-16 1
5279.03 1.95648e-14 3.07716e-16 1
5282.73 1.91259e-14 3.07716e-16 1
5286.43 1.8558e-14 3.07716e-16 1
5290.13 1.8136e-14 3.07716e-16 1
5293.83 1.77479e-14 3.07716e-16 1
5297.53 1.7273e-14 3.07716e-16 1
5301.23 1.69698e-14 3.07716e-16 1
5304.93 1.67241e-14 3.07716e-16 1
5308.63 1.64615e-14 3.07716e-16 1
5312.33 1.62874e-14 3.07716e-16 1
5316.03 1.61187e-14 3.07716e-16 1
5319.73 1.60018e-14 3.07716e-16 1
5323.43 1.59833e-14 3.07716e-16 1
5327.13 1.58375e-14 3.07716e-16 1
5330.83 1.59199e-14 3.07716e-16 1
5334.53 1.59659e-14 3.07716e-16 1
5338.23 1.60516e-14 3.07716e-16 1
5341.93 1.60072e-14 3.07716e-16 1
5345.63 1.60675e-14 3.07716e-16 1
5349.33 1.61519e-14 3.07716e-16 1
5353.03 1.61657e-14 3.07716e-16 1
5356.73 1.62392e-14 3.07716e-16 1
5360.43 1.62524e-14 2.24734e-16 1
5364.13 1.6256e-14 2.24734e-16 1
5367.83 1.62122e-14 2.24734e-16 1
5371.53 1.60315e-14 2.24734e-16 1
5375.23 1.61252e-14 2.24734e-16 1
5378.93 1.62317e-14 2.24734e-16 1
5382.63 1.62526e-14 2.24734e-16 1
5386.33 1.62988e-14 2.24734e-16 1
5390.03 1.63116e-14 2.24734e-16 1
5393.73 1.64466e-14 2.24734e-16 1
5397.43 1.64778e-14 2.24734e-16 1
5401.13 1.65702e-14 2.24734e-16 1
5404.83 1.65194e-14 2.24734e-16 1
5408.53 1.64613e-14 2.24734e-16 1
5412.23 1.64323e-14 2.24734e-16 1
5415.93 1.64925e-14 2.24734e-16 1
5419.63 1.63894e-14 2.24734e-16 1
5423.33 1.63302e-14 2.24734e-16 1
5427.03 1.62669e-14 2.24734e-16 1
5430.73 1.61483e-14 2.24734e-16 1
5434.43 1.60861e-14 2.24734e-16 1
5438.13 1.61381e-14 2.24734e-16 1
5441.83 1.60842e-14 2.24734e-16 1
5445.53 1.58706e-14 2.24734e-16 1
5449.23 1.57014e-14 2.24734e-16 1
5452.93 1.53876e-14 2.24734e-16 1
5456.63 1.5172e-14 2.24734e-16 1
5460.33 1.49324e-14 2.74299e-16 1
5464.03 1.46537e-14 2.74299e-16 1
5467.73 1.43619e-14 2.74299e-16 1
5471.43 1.41711e-14 2.74299e-16 1
5475.13 1.39789e-14 2.74299e-16 1
5478.83 1.37193e-14 2.74299e-16 1
5482.53 1.33996e-14 2.74299e-16 1
5486.23 1.31845e-14 2.74299e-16 1
5489.93 1.29904e-14 2.74299e-16 1
5493.63 1.2819e-14 2.74299e-16 1
5497.33 1.26125e-14 2.74299e-16 1
5501.03 1.25376e-14 2.74299e-16 1
5504.73 1.24789e-14 2.74299e-16 1
5508.43 1.24607e-14 2.74299e-16 1
5512.13 1.25305e-14 2.74299e-16 1
5515.83 1.26737e-14 2.74299e-16 1
5519.53 1.28381e-14 2.74299e-16 1
5523.23 1.30774e-14 2.74299e-16 1
5526.93 1.32968e-14 2.74299e-16 1
5530.63 1.35052e-14 2.74299e-16 1
5534.33 1.37951e-14 2.74299e-16 1
5538.03 1.42253e-14 2.74299e-16 1
5541.73 1.45288e-14 2.74299e-16 1
5545.43 1.47626e-14 2.74299e-16 1
5549.13 1.50486e-14 2.74299e-16 1
5552.83 1.525e-14 2.74299e-16 1
5556.53 1.54239e-14 2.74299e-16 1
5560.23 1.5625e-14 1.35799e-16 1
5563.93 1.58367e-14 1.35799e-16 1
5567.63 1.59946e-14 1.35799e-16 1
5571.33 1.60941e-14 1.35799e-16 1
5575.03 1.62114e-14 1.35799e-16 1
5578.73 1.62865e-14 1.35799e-16 1
5582.43 1.64697e-14 1.35799e-16 1
5586.13 1.65157e-14 1.35799e-16 1
5589.83 1.65019e-14 1.35799e-16 1
5593.53 1.65937e-14 1.35799e-16 1
5597.23 1.66343e-14 1.35799e-16 1
5600.93 1.66439e-14 1.35799e-16 1
5604.63 1.66408e-14 1.35799e-16 1
5608.33 1.67094e-14 1.35799e-16 1
5612.03 1.67747e-14 1.35799e-16 1
5615.73 1.66616e-14 1.35799e-16 1
5619.43 1.66961e-14 1.35799e-16 1
5623.13 1.67213e-14 1.35799e-16 1
5626.83 1.6767e-14 1.35799e-16 1
5630.53 1.67408e-14 1.35799e-16 1
5634.23 1.66548e-14 1.35799e-16 1
5637.93 1.67022e-14 1.35799e-16 1
5641.63 1.66229e-14 1.35799e-16 1
5645.33 1.65048e-14 1.35799e-16 1
5649.03 1.64581e-14 1.35799e-16 1
5652.73 1.64829e-14 1.35799e-16 1
5656.43 1.63826e-14 1.35799e-16 1
5660.13 1.62426e-14 8.8142e-17 1
5663.83 1.61438e-14 8.8142e-17 1
5667.53 1.60824e-14 8.8142e-17 1
5671.23 1.60205e-14 8.8142e-17 1
5674.93 1.59327e-14 8.8142e-17 1
5678.63 1.58414e-14 8.8142e-17 1
5682.33 1.57542e-14 8.8142e-17 1
5686.03 1.57668e-14 8.8142e-17 1
5689.73 1.56219e-14 8.8142e-17 1
5693.43 1.55767e-14 8.8142e-17 1
5697.13 1.54894e-14 8.8142e-17 1
5700.83 1.54435e-14 8.8142e-17 1
5704.53 1.52881e-14 8.8142e-17 1
5708.23 1.52161e-14 8.8142e-17 1
5711.93 1.51636e-14 8.8142e-17 1
5715.63 1.50523e-14 8.8142e-17 1
5719.33 1.48766e-14 8.8142e-17 1
5723.03 1.48466e-14 8.8142e-17 1
5726.73 1.47814e-14 8.8142e-17 1
5730.43 1.45867e-14 8.8142e-17 1
5734.13 1.45239e-14 8.8142e-17 1
5737.83 1.43524e-14 8.8142e-17 1
5741.53 1.42709e-14 8.8142e-17 1
5745.23 1.41206e-14 8.8142e-17 1
5748.93 1.38753e-14 8.8142e-17 1
5752.63 1.38544e-14 8.8142e-17 1
5756.33 1.36295e-14 8.8142e-17 1
5760.03 1.36321e-14 1.14933e-16 1
5763.73 1.35076e-14 1.14933e-16 1
5767.43 1.33489e-14 1.14933e-16 1
5771.13 1.32978e-14 1.14933e-16 1
5774.83 1.32376e-14 1.14933e-16 1
5778.53 1.31889e-14 1.14933e-16 1
5782.23 1.32748e-14 1.14933e-16 1
5785.93 1.33492e-14 1.14933e-16 1
5789.63 1.34022e-14 1.14933e-16 1
5793.33 1.34636e-14 1.14933e-16 1
5797.03 1.35759e-14 1.14933e-16 1
5800.73 1.37463e-14 1.14933e-16 1
5804.43 1.41244e-14 1.14933e-16 1
5808.13 1.42874e-14 1.14933e-16 1
5811.83 1.41219e-14 1.14933e-16 1
5815.53 1.41421e-14 1.14933e-16 1
5819.23 1.4192e-14 1.14933e-16 1
5822.93 1.42638e-14 1.14933e-16 1
5826.63 1.44815e-14 1.14933e-16 1
5830.33 1.46091e-14 1.14933e-16 1
5834.03 1.47174e-14 1.14933e-16 1
5837.73 1.48804e-14 1.14933e-16 1
5841.43 1.50767e-14 1.14933e-16 1
5845.13 1.52101e-14 1.14933e-16 1
5848.83 1.5344e-14 1.14933e-16 1
5852.53 1.54681e-14 1.14933e-16 1
5856.23 1.55893e-14 1.14933e-16 1
5859.93 1.57204e-14 1.35989e-16 1
5863.63 1.5843e-14 1.35989e-16 1
5867.33 1.59822e-14 1.35989e-16 1
5871.03 1.60586e-14 1.35989e-16 1
5874.73 1.61068e-14 1.35989e-16 1
5878.43 1.61566e-14 1.35989e-16 1
5882.13 1.61112e-14 1.35989e-16 1
5885.83 1.60332e-14 1.35989e-16 1
5889.53 1.58759e-14 1.35989e-16 1
5893.23 1.58714e-14 1.35989e-16 1
5896.93 1.60411e-14 1.35989e-16 1
5900.63 1.61115e-14 1.35989e-16 1
5904.33 1.61472e-14 1.35989e-16 1
5908.03 1.61157e-14 1.35989e-16 1
5911.73 1.60131e-14 1.35989e-16 1
5915.43 1.59312e-14 1.35989e-16 1
5919.13 1.58804e-14 1.35989e-16 1
5922.83 1.57324e-14 1.35989e-16 1
5926.53 1.56057e-14 1.35989e-16 1
5930.23 1.55654e-14 1.35989e-16 1
5933.93 1.54886e-14 1.35989e-16 1
5937.63 1.53912e-14 1.35989e-16 1
5941.33 1.52481e-14 1.35989e-16 1
5945.03 1.51591e-14 1.35989e-16 1
5948.73 1.51046e-14 1.35989e-16 1
5952.43 1.50449e-14 1.35989e-16 1
5956.13 1.49644e-14 1.35989e-16 1
5959.83 1.49298e-14 1.61546e-16 1
5963.53 1.49089e-14 1.61546e-16 1
5967.23 1.47631e-14 1.61546e-16 1
5970.93 1.4779e-14 1.61546e-16 1
5974.63 1.47337e-14 1.61546e-16 1
5978.33 1.47528e-14 1.61546e-16 1
5982.03 1.46837e-14 1.61546e-16 1
5985.73 1.46309e-14 1.61546e-16 1
5989.43 1.4553e-14 1.61546e-16 1
5993.13 1.45389e-14 1.61546e-16 1
5996.83 1.44049e-14 1.61546e-16 1
6000.53 1.43135e-14 1.61546e-16 1
6004.23 1.41667e-14 1.61546e-16 1
6007.93 1.40293e-14 1.61546e-16 1
6011.63 1.39102e-14 1.61546e-16 1
6015.33 1.37645e-14 1.61546e-16 1
6019.03 1.3748e-14 1.61546e-16 1
6022.73 1.36128e-14 1.61546e-16 1
6026.43 1.34908e-14 1.61546e-16 1
6030.13 1.34993e-14 1.61546e-16 1
6033.83 1.3484e-14 1.61546e-16 1
6037.53 1.33787e-14 1.61546e-16 1
6041.23 1.3425e-14 1.61546e-16 1
6044.93 1.34303e-14 1.61546e-16 1
6048.63 1.33831e-14 1.61546e-16 1
6052.33 1.33308e-14 1.61546e-16 1
6056.03 1.3432e-14 1.61546e-16 1
6059.73 1.33398e-14 2.95731e-16 1
6063.43 1.3361e-14 2.95731e-16 1
6067.13 1.32716e-14 2.95731e-16 1
6070.83 1.32414e-14 2.95731e-16 1
6074.53 1.31821e-14 2.95731e-16 1
6078.23 1.3169e-14 2.95731e-16 1
6081.93 1.30868e-14 2.95731e-16 1
6085.63 1.28322e-14 2.95731e-16 1
6089.33 1.25036e-14 2.95731e-16 1
6093.03 1.20442e-14 2.95731e-16 1
6096.73 1.13466e-14 2.95731e-16 1
6100.43 1.052e-14 2.95731e-16 1
6104.13 9.57578e-15 2.95731e-16 1
6107.83 8.74128e-15 2.95731e-16 1
6111.53 8.02932e-15 2.95731e-16 1
6115.23 7.45358e-15 2.95731e-16 1
6118.93 6.87211e-15 2.95731e-16 1
6122.63 6.49001e-15 2.95731e-16 1
6126.33 6.08501e-15 2.95731e-16 1
6130.03 5.79642e-15 2.95731e-16 1
6133.73 5.4789e-15 2.95731e-16 1
6137.43 5.25778e-15 2.95731e-16 1
6141.13 4.99108e-15 2.95731e-16 1
6144.83 4.84731e-15 2.95731e-16 1
6148.53 4.71323e-15 2.95731e-16 1
6152.23 4.63167e-15 2.95731e-16 1
6155.93 4.56008e-15 2.95731e-16 1
6159.63 4.49061e-15 1.10251e-16 1
6163.33 4.43621e-15 1.10251e-16 1
6167.03 4.42678e-15 1.10251e-16 1
6170.73 4.44215e-15 1.10251e-16 1
6174.43 4.46785e-15 1.10251e-16 1
6178.13 4.54966e-15 1.10251e-16 1
6181.83 4.61404e-15 1.10251e-16 1
6185.53 4.73077e-15 1.10251e-16 1
6189.23 4.87456e-15 1.10251e-16 1
6192.93 5.01514e-15 1.10251e-16 1
6196.63 5.15363e-15 1.10251e-16 1
6200.33 5.32362e-15 1.10251e-16 1
6204.03 5.53031e-15 1.10251e-16 1
6207.73 5.72967e-15 1.10251e-16 1
6211.43 5.92096e-15 1.10251e-16 1
6215.13 6.14545e-15 1.10251e-16 1
6218.83 6.41383e-15 1.10251e-16 1
6222.53 6.73294e-15 1.10251e-16 1
6226.23 7.01215e-15 1.10251e-16 1
6229.93 7.27203e-15 1.10251e-16 1
6233.63 7.59109e-15 1.10251e-16 1
6237.33 7.91526e-15 1.10251e-16 1
6241.03 8.22096e-15 1.10251e-16 1
6244.73 8.52159e-15 1.10251e-16 1
6248.43 8.7838e-15 1.10251e-16 1
6252.13 9.02028e-15 1.10251e-16 1
6255.83 9.32339e-15 1.10251e-16 1
6259.53 9.61596e-15 1.00915e-16 1
6263.23 9.83984e-15 1.00915e-16 1
6266.93 1.00271e-14 1.00915e-16 1
6270.63 1.01205e-14 1.00915e-16 1
6274.33 1.01623e-14 1.00915e-16 1
6278.03 1.02928e-14 1.00915e-16 1
6281.73 1.05529e-14 1.00915e-16 1
6285.43 1.08001e-14 1.00915e-16 1
6289.13 1.09599e-14 1.00915e-16 1
6292.83 1.10598e-14 1.00915e-16 1
6296.53 1.12091e-14 1.00915e-16 1
6300.23 1.13554e-14 1.00915e-16 1
6303.93 1.15252e-14 1.00915e-16 1
6307.63 1.1648e-14 1.00915e-16 1
6311.33 1.17531e-14 1.00915e-16 1
6315.03 1.18444e-14 1.00915e-16 1
6318.73 1.19105e-14 1.00915e-16 1
6322.43 1.19889e-14 1.00915e-16 1
6326.13 1.21778e-14 1.00915e-16 1
6329.83 1.22296e-14 1.00915e-16 1
6333.53 1.2268e-14 1.00915e-16 1
6337.23 1.23351e-14 1.00915e-16 1
6340.93 1.23419e-14 1.00915e-16 1
6344.63 1.24241e-14 1.00915e-16 1
6348.33 1.24323e-14 1.00915e-16 1
6352.03 1.23975e-14 1.00915e-16 1
6355.73 1.24244e-14 1.00915e-16 1
6359.43 1.24253e-14 8.8142e-17 1
6363.13 1.24098e-14 8.8142e-17 1
6366.83 1.24363e-14 8.8142e-17 1
6370.53 1.23882e-14 8.8142e-17 1
6374.23 1.23701e-14 8.8142e-17 1
6377.93 1.23952e-14 8.8142e-17 1
6381.63 1.23924e-14 8.8142e-17 1
6385.33 1.23854e-14 8.8142e-17 1
6389.03 1.24025e-14 8.8142e-17 1
6392.73 1.23994e-14 8.8142e-17 1
6396.43 1.23505e-14 8.8142e-17 1
6400.13 1.2397e-14 8.8142e-17 1
6403.83 1.23953e-14 8.8142e-17 1
6407.53 1.23824e-14 8.8142e-17 1
6411.23 1.23721e-14 8.8142e-17 1
6414.93 1.23956e-14 8.8142e-17 1
6418.63 1.23796e-14 8.8142e-17 1
6422.33 1.23379e-14 8.8142e-17 1
6426.03 1.22959e-14 8.8142e-17 1
6429.73 1.22599e-14 8.8142e-17 1
6433.43 1.22804e-14 8.8142e-17 1
6437.13 1.21893e-14 8.8142e-17 1
6440.83 1.21618e-14 8.8142e-17 1
6444.53 1.21642e-14 8.8142e-17 1
6448.23 1.21373e-14 8.8142e-17 1
6451.93 1.20811e-14 8.8142e-17 1
6455.63 1.20908e-14 8.8142e-17 1
6459.33 1.20626e-14 8.8142e-17 1
6463.03 1.19189e-14 8.8142e-17 1
6466.73 1.19049e-14 8.8142e-17 1
6470.43 1.18519e-14 8.8142e-17 1
6474.13 1.18749e-14 8.8142e-17 1
6477.83 1.18327e-14 8.8142e-17 1
6481.53 1.17959e-14 8.8142e-17 1
6485.23 1.17117e-14 8.8142e-17 1
6488.93 1.15787e-14 8.8142e-17 1
6492.63 1.16941e-14 8.8142e-17 1
6496.33 1.16348e-14 8.8142e-17 1
6500.03 1.15878e-14 8.8142e-17 1
6503.73 1.14844e-14 8.8142e-17 1
6507.43 1.14705e-14 8.8142e-17 1
6511.13 1.13546e-14 8.8142e-17 1
6514.83 1.12994e-14 8.8142e-17 1
6518.53 1.13493e-14 8.8142e-17 1
6522.23 1.12978e-14 8.8142e-17 1
6525.93 1.12206e-14 8.8142e-17 1
6529.63 1.11932e-14 8.8142e-17 1
6533.33 1.11083e-14 8.8142e-17 1
6537.03 1.10913e-14 8.8142e-17 1
6540.73 1.10887e-14 8.8142e-17 1
6544.43 1.10071e-14 8.8142e-17 1
6548.13 1.10087e-14 8.8142e-17 1
6551.83 1.0798e-14 8.8142e-17 1
6555.53 1.07234e-14 8.8142e-17 1
6559.23 1.06827e-14 8.8142e-17 1
6562.93 1.07013e-14 8.8142e-17 1
6566.63 1.06098e-14 8.8142e-17 1
6570.33 1.05382e-14 8.8142e-17 1
6574.03 1.04791e-14 8.8142e-17 1
6577.73 1.04238e-14 8.8142e-17 1
6581.43 1.03378e-14 8.8142e-17 1
6585.13 1.02554e-14 8.8142e-17 1
6588.83 1.01801e-14 8.8142e-17 1
6592.53 1.00864e-14 8.8142e-17 1
6596.23 1.00256e-14 8.8142e-17 1
6599.93 9.91954e-15 8.8142e-17 1
6603.63 9.85306e-15 8.8142e-17 1
6607.33 9.79713e-15 8.8142e-17 1
6611.03 9.81058e-15 8.8142e-17 1
6614.73 9.67171e-15 8.8142e-17 1
6618.43 9.56283e-15 8.8142e-17 1
6622.13 9.48529e-15 8.8142e-17 1
6625.83 9.40676e-15 8.8142e-17 1
6629.53 9.39824e-15 8.8142e-17 1
6633.23 9.34101e-15 8.8142e-17 1
6636.93 9.24102e-15 8.8142e-17 1
6640.63 9.15388e-15 8.8142e-17 1
6644.33 9.07752e-15 8.8142e-17 1
6648.03 8.97859e-15 8.8142e-17 1
6651.73 8.92736e-15 8.8142e-17 1
6655.43 8.86175e-15 8.8142e-17 1
6659.13 8.79281e-15 8.8142e-17 1
6662.83 8.72176e-15 8.8142e-17 1
6666.53 8.59303e-15 8.8142e-17 1
6670.23 8.53922e-15 8.8142e-17 1
6673.93 8.47404e-15 8.8142e-17 1
6677.63 8.39784e-15 8.8142e-17 1
6681.33 8.3626e-15 8.8142e-17 1
6685.03 8.33012e-15 8.8142e-17 1
6688.73 8.2051e-15 8.8142e-17 1
6692.43 8.10923e-15 8.8142e-17 1
6696.13 8.06137e-15 8.8142e-17 1
6699.83 7.97613e-15 8.8142e-17 1
6703.53 7.93256e-15 8.8142e-17 1
6707.23 7.89872e-15 8.8142e-17 1
6710.93 7.85561e-15 8.8142e-17 1
6714.63 7.81033e-15 8.8142e-17 1
6718.33 7.71505e-15 8.8142e-17 1
6722.03 7.64184e-15 8.8142e-17 1
6725.73 7.58602e-15 8.8142e-17 1
6729.43 7.52023e-15 8.8142e-17 1
6733.13 7.45257e-15 8.8142e-17 1
6736.83 7.40251e-15 8.8142e-17 1
6740.53 7.3742e-15 8.8142e-17 1
6744.23 7.31463e-15 8.8142e-17 1
6747.93 7.28003e-15 8.8142e-17 1
6751.63 7.26916e-15 8.8142e-17 1
6755.33 7.22669e-15 8.8142e-17 1
6759.03 7.17144e-15 8.8142e-17 1
6762.73 7.13289e-15 8.8142e-17 1
6766.43 7.08051e-15 8.8142e-17 1
6770.13 7.02444e-15 8.8142e-17 1
6773.83 6.97865e-15 8.8142e-17 1
6777.53 6.98646e-15 8.8142e-17 1
6781.23 6.99539e-15 8.8142e-17 1
6784.93 6.9002e-15 8.8142e-17 1
6788.63 6.80653e-15 8.8142e-17 1
6792.33 6.75093e-15 8.8142e-17 1
6796.03 6.71429e-15 8.8142e-17 1
6799.73 6.69112e-15 8.8142e-17 1
6803.43 6.66903e-15 8.8142e-17 1
6807.13 6.64131e-15 8.8142e-17 1
6810.83 6.63597e-15 8.8142e-17 1
6814.53 6.62943e-15 8.8142e-17 1
6818.23 6.59576e-15 8.8142e-17 1
6821.93 6.57151e-15 8.8142e-17 1
6825.63 6.56603e-15 8.8142e-17 1
6829.33 6.55532e-15 8.8142e-17 1
6833.03 6.54785e-15 8.8142e-17 1
6836.73 6.52663e-15 8.8142e-17 1
6840.43 6.52398e-15 8.8142e-17 1
6844.13 6.56696e-15 8.8142e-17 1
6847.83 6.62505e-15 8.8142e-17 1
6851.53 6.55663e-15 8.8142e-17 1
6855.23 6.44773e-15 8.8142e-17 1
6858.93 6.34804e-15 8.8142e-17 1
6862.63 6.14619e-15 1.24348e-16 1
6866.33 6.02731e-15 1.24348e-16 1
6870.03 6.13098e-15 1.24348e-16 1
6873.73 6.35331e-15 1.24348e-16 1
6877.43 6.55248e-15 1.24348e-16 1
6881.13 6.50313e-15 1.24348e-16 1
6884.83 6.31558e-15 1.24348e-16 1
6888.53 6.05409e-15 1.24348e-16 1
6892.23 6.07199e-15 1.24348e-16 1
6895.93 6.25009e-15 1.24348e-16 1
6899.63 6.15676e-15 1.24348e-16 1
6903.33 6.20957e-15 1.24348e-16 1
6907.03 6.14837e-15 1.24348e-16 1
6910.73 6.03101e-15 1.24348e-16 1
6914.43 6.03926e-15 1.24348e-16 1
6918.13 6.02639e-15 1.24348e-16 1
6921.83 5.98577e-15 1.24348e-16 1
6925.53 5.95393e-15 1.24348e-16 1
6929.23 5.96366e-15 1.24348e-16 1
6932.93 5.86152e-15 1.24348e-16 1
6936.63 5.75255e-15 1.24348e-16 1
6940.33 5.73678e-15 1.24348e-16 1
6944.03 5.71837e-15 1.24348e-16 1
6947.73 5.76276e-15 1.24348e-16 1
6951.43 5.68954e-15 1.24348e-16 1
6955.13 5.63099e-15 1.24348e-16 1
6958.83 5.61866e-15 1.24348e-16 1
6962.53 5.59509e-15 8.8142e-17 1
6966.23 5.57976e-15 8.8142e-17 1
6969.93 5.56955e-15 8.8142e-17 1
6973.63 5.56537e-15 8.8142e-17 1
6977.33 5.53851e-15 8.8142e-17 1
6981.03 5.55106e-15 8.8142e-17 1
6984.73 5.53365e-15 8.8142e-17 1
6988.43 5.52461e-15 8.8142e-17 1
6992.13 5.45559e-15 8.8142e-17 1
6995.83 5.44886e-15 8.8142e-17 1
6999.53 5.47267e-15 8.8142e-17 1
7003.23 5.42121e-15 8.8142e-17 1
7006.93 5.42968e-15 8.8142e-17 1
7010.63 5.50753e-15 8.8142e-17 1
7014.33 5.45094e-15 8.8142e-17 1
7018.03 5.40366e-15 8.8142e-17 1
7021.73 5.36084e-15 8.8142e-17 1
7025.43 5.30195e-15 8.8142e-17 1
7029.13 5.296e-15 8.8142e-17 1
7032.83 5.37301e-15 8.8142e-17 1
7036.53 5.34647e-15 8.8142e-17 1
7040.23 5.35024e-15 8.8142e-17 1
7043.93 5.33483e-15 8.8142e-17 1
7047.63 5.24138e-15 8.8142e-17 1
7051.33 5.22636e-15 8.8142e-17 1
7055.03 5.22987e-15 8.8142e-17 1
7058.73 5.22859e-15 8.8142e-17 1
7062.43 5.26646e-15 8.8142e-17 1
7066.13 5.30204e-15 8.8142e-17 1
7069.83 5.24896e-15 8.8142e-17 1
7073.53 5.2128e-15 8.8142e-17 1
7077.23 5.14226e-15 8.8142e-17 1
7080.93 5.09624e-15 8.8142e-17 1
7084.63 5.1402e-15 8.8142e-17 1
7088.33 5.19303e-15 8.8142e-17 1
7092.03 5.19751e-15 8.8142e-17 1
7095.73 5.11795e-15 8.8142e-17 1
7099.43 5.09216e-15 8.8142e-17 1
7103.13 5.11977e-15 8.8142e-17 1
7106.83 5.06047e-15 8.8142e-17 1
7110.53 5.04374e-15 8.8142e-17 1
7114.23 5.04353e-15 8.8142e-17 1
7117.93 5.07345e-15 8.8142e-17 1
7121.63 5.08847e-15 8.8142e-17 1
7125.33 5.06452e-15 8.8142e-17 1
7129.03 5.04218e-15 8.8142e-17 1
7132.73 4.98959e-15 8.8142e-17 1
7136.43 5.00008e-15 8.8142e-17 1
7140.13 4.97238e-15 8.8142e-17 1
7143.83 5.01948e-15 8.8142e-17 1
7147.53 5.00482e-15 8.8142e-17 1
7151.23 4.97635e-15 8.8142e-17 1
7154.93 4.95186e-15 8.8142e-17 1
7158.63 5.0105e-15 8.8142e-17 1
7162.33 5.03335e-15 8.8142e-17 1
7166.03 4.8884e-15 8.8142e-17 1
7169.73 4.93392e-15 8.8142e-17 1
7173.43 4.89925e-15 8.8142e-17 1
7177.13 4.95257e-15 8.8142e-17 1
7180.83 4.97353e-15 8.8142e-17 1
7184.53 4.86913e-15 8.8142e-17 1
7188.23 4.86925e-15 8.8142e-17 1
7191.93 4.95611e-15 8.8142e-17 1
7195.63 4.94226e-15 8.8142e-17 1
7199.33 5.00795e-15 8.8142e-17 1
7203.03 4.97952e-15 8.8142e-17 1
7206.73 5.00636e-15 8.8142e-17 1
7210.43 4.97375e-15 8.8142e-17 1
7214.13 4.97361e-15 8.8142e-17 1
7217.83 5.01945e-15 8.8142e-17 1
7221.53 4.93496e-15 8.8142e-17 1
7225.23 4.99464e-15 8.8142e-17 1
7228.93 4.91723e-15 8.8142e-17 1
7232.63 4.79349e-15 8.8142e-17 1
7236.33 4.88218e-15 8.8142e-17 1
7240.03 4.71404e-15 8.8142e-17 1
7243.73 4.87898e-15 8.8142e-17 1
7247.43 4.84259e-15 8.8142e-17 1
7251.13 4.77812e-15 8.8142e-17 1
7254.83 4.99431e-15 8.8142e-17 1
7258.53 4.90295e-15 8.8142e-17 1
7262.23 4.77581e-15 8.8142e-17 1
7265.93 4.89227e-15 8.8142e-17 1
7269.63 4.85964e-15 8.8142e-17 1
7273.33 4.75509e-15 8.8142e-17 1
7277.03 4.8898e-15 8.8142e-17 1
7280.73 4.98892e-15 8.8142e-17 1
7284.43 4.96636e-15 8.8142e-17 1
7288.13 4.88677e-15 8.8142e-17 1
7291.83 4.86894e-15 8.8142e-17 1
7295.53 4.80147e-15 8.8142e-17 1
7299.23 4.81157e-15 8.8142e-17 1
7302.93 4.68665e-15 8.8142e-17 1
7306.63 4.8241e-15 8.8142e-17 1
7310.33 4.86451e-15 8.8142e-17 1
7314.03 4.70615e-15 8.8142e-17 1
7317.73 4.74406e-15 8.8142e-17 1
7321.43 4.71949e-15 8.8142e-17 1
7325.13 4.6466e-15 8.8142e-17 1
7328.83 4.6245e-15 8.8142e-17 1
7332.53 4.64483e-15 8.8142e-17 1
7336.23 4.61717e-15 8.8142e-17 1
7339.93 4.67619e-15 8.8142e-17 1
7343.63 4.63673e-15 8.8142e-17 1
7347.33 4.55249e-15 8.8142e-17 1
7351.03 4.54621e-15 8.8142e-17 1
7354.73 4.57091e-15 8.8142e-17 1
7358.43 4.5319e-15 8.8142e-17 1
7362.13 4.49315e-15 8.8142e-17 1
7365.83 4.41531e-15 8.8142e-17 1
7369.53 4.37338e-15 8.8142e-17 1
7373.23 4.30394e-15 8.8142e-17 1
7376.93 4.31166e-15 8.8142e-17 1
7380.63 4.23382e-15 8.8142e-17 1
7384.33 4.24117e-15 8.8142e-17 1
7388.03 4.20943e-15 8.8142e-17 1
7391.73 4.12049e-15 8.8142e-17 1
7395.43 4.09954e-15 8.8142e-17 1
7399.13 4.05121e-15 8.8142e-17 1
7402.83 4.05768e-15 8.8142e-17 1
7406.53 3.98823e-15 8.8142e-17 1
7410.23 3.94451e-15 8.8142e-17 1
7413.93 3.91527e-15 8.8142e-17 1
7417.63 3.86549e-15 8.8142e-17 1
7421.33 3.78618e-15 8.8142e-17 1
7425.03 3.79494e-15 8.8142e-17 1
7428.73 3.74805e-15 8.8142e-17 1
7432.43 3.68764e-15 8.8142e-17 1
7436.13 3.63379e-15 8.8142e-17 1
7439.83 3.63444e-15 8.8142e-17 1
7443.53 3.63558e-15 8.8142e-17 1
7447.23 3.67276e-15 8.8142e-17 1
7450.93 3.59899e-15 8.8142e-17 1
7454.63 3.57383e-15 8.8142e-17 1
7458.33 3.53808e-15 8.8142e-17 1
7462.03 3.51094e-15 8.8142e-17 1
7465.73 3.43325e-15 8.8142e-17 1
7469.43 3.36412e-15 8.8142e-17 1
7473.13 3.27798e-15 8.8142e-17 1
7476.83 3.20978e-15 8.8142e-17 1
7480.53 3.14666e-15 8.8142e-17 1
7484.23 3.06133e-15 8.8142e-17 1
7487.93 2.97153e-15 8.8142e-17 1
7491.63 2.8988e-15 8.8142e-17 1
7495.33 2.88698e-15 8.8142e-17 1
7499.03 2.8955e-15 8.8142e-17 1
7502.73 2.82773e-15 8.8142e-17 1
7506.43 2.85528e-15 8.8142e-17 1
7510.13 2.83958e-15 8.8142e-17 1
7513.83 2.79253e-15 8.8142e-17 1
7517.53 2.76448e-15 8.8142e-17 1
7521.23 2.82225e-15 8.8142e-17 1
7524.93 2.79678e-15 8.8142e-17 1
7528.63 2.82268e-15 8.8142e-17 1
7532.33 2.86001e-15 8.8142e-17 1
7536.03 2.86819e-15 8.8142e-17 1
7539.73 2.87769e-15 8.8142e-17 1
7543.43 2.88409e-15 8.8142e-17 1
7547.13 2.8894e-15 8.8142e-17 1
7550.83 2.86337e-15 8.8142e-17 1
7554.53 2.86798e-15 8.8142e-17 1
7558.23 2.86011e-15 8.8142e-17 1
7561.93 2.84129e-15 8.8142e-17 1
7565.63 2.90595e-15 8.8142e-17 1
7569.33 2.9078e-15 8.8142e-17 1
7573.03 2.92527e-15 8.8142e-17 1
7576.73 2.90855e-15 8.8142e-17 1
7580.43 2.92788e-15 8.8142e-17 1
7584.13 2.94722e-15 8.8142e-17 1
7587.83 2.96655e-15 8.8142e-17 1
7591.53 2.98588e-15 8.8142e-17 1
7595.23 3.00522e-15 8.8142e-17 1
7598.93 3.02455e-15 8.8142e-17 1
7602.63 3.04388e-15 8.8142e-17 1
7606.33 3.06322e-15 8.8142e-17 1
7610.03 3.08255e-15 8.8142e-17 1
7613.73 3.10188e-15 8.8142e-17 1
7617.43 3.12121e-15 8.8142e-17 1
7621.13 3.14055e-15 8.8142e-17 1
7624.83 3.15988e-15 8.8142e-17 1
7628.53 3.17921e-15 8.8142e-17 1
7632.23 3.19855e-15 8.8142e-17 1
7635.93 3.21788e-15 8.8142e-17 1
7639.63 3.23721e-15 8.8142e-17 1
7643.33 3.25655e-15 8.8142e-17 1
7647.03 3.27588e-15 8.8142e-17 1
7650.73 3.29521e-15 8.8142e-17 1
7654.43 3.31454e-15 8.8142e-17 1
7658.13 3.33388e-15 8.8142e-17 1
7661.83 3.33388e-15 8.8142e-17 1
7665.53 3.34459e-15 8.8142e-17 1
7669.23 3.3546e-15 8.8142e-17 1
7672.93 3.29775e-15 8.8142e-17 1
7676.63 3.2352e-15 8.8142e-17 1
7680.33 3.21552e-15 8.8142e-17 1
7684.03 3.26786e-15 8.8142e-17 1
7687.73 3.32667e-15 8.8142e-17 1
7691.43 3.2854e-15 8.8142e-17 1
7695.13 3.33461e-15 8.8142e-17 1
7698.83 3.35264e-15 8.8142e-17 1
7702.53 3.34581e-15 8.8142e-17 1
7706.23 3.24819e-15 8.8142e-17 1
7709.93 3.3054e-15 8.8142e-17 1
7713.63 3.26397e-15 8.8142e-17 1
7717.33 3.30533e-15 8.8142e-17 1
7721.03 3.38609e-15 8.8142e-17 1
7724.73 3.37112e-15 8.8142e-17 1
7728.43 3.40756e-15 8.8142e-17 1
7732.13 3.43265e-15 8.8142e-17 1
7735.83 3.43968e-15 8.8142e-17 1
7739.53 3.50688e-15 8.8142e-17 1
7743.23 3.48182e-15 8.8142e-17 1
7746.93 3.50635e-15 8.8142e-17 1
7750.63 3.51228e-15 8.8142e-17 1
7754.33 3.51092e-15 8.8142e-17 1
7758.03 3.50372e-15 8.8142e-17 1
7761.73 3.54485e-15 8.8142e-17 1
7765.43 3.59902e-15 8.8142e-17 1
7769.13 3.63404e-15 8.8142e-17 1
7772.83 3.68546e-15 8.8142e-17 1
7776.53 3.6798e-15 8.8142e-17 1
7780.23 3.65781e-15 8.8142e-17 1
7783.93 3.70696e-15 8.8142e-17 1
7787.63 3.71114e-15 8.8142e-17 1
7791.33 3.77148e-15 8.8142e-17 1
7795.03 3.81976e-15 8.8142e-17 1
7798.73 3.86991e-15 8.8142e-17 1
7802.43 3.91066e-15 8.8142e-17 1
7806.13 3.94655e-15 8.8142e-17 1
7809.83 3.93556e-15 8.8142e-17 1
7813.53 3.9198e-15 8.8142e-17 1
7817.23 3.90596e-15 8.8142e-17 1
7820.93 3.94577e-15 8.8142e-17 1
7824.63 3.96675e-15 8.8142e-17 1
7828.33 3.99875e-15 8.8142e-17 1
7832.03 4.08775e-15 8.8142e-17 1
7835.73 4.12563e-15 8.8142e-17 1
7839.43 4.14647e-15 8.8142e-17 1
7843.13 4.11787e-15 8.8142e-17 1
7846.83 4.0658e-15 8.8142e-17 1
7850.53 4.04021e-15 8.8142e-17 1
7854.23 4.07819e-15 8.8142e-17 1
7857.93 4.13961e-15 8.8142e-17 1
7861.63 4.20147e-15 8.8142e-17 1
7865.33 4.24774e-15 8.8142e-17 1
7869.03 4.28301e-15 8.8142e-17 1
7872.73 4.28753e-15 8.8142e-17 1
7876.43 4.2737e-15 8.8142e-17 1
7880.13 4.25266e-15 8.8142e-17 1
7883.83 4.22302e-15 8.8142e-17 1
7887.53 4.21912e-15 8.8142e-17 1
7891.23 4.22459e-15 8.8142e-17 1
7894.93 4.23006e-15 8.8142e-17 1
7898.63 4.25014e-15 8.8142e-17 1
7902.33 4.26483e-15 8.8142e-17 1
7906.03 4.26812e-15 8.8142e-17 1
7909.73 4.27449e-15 8.8142e-17 1
7913.43 4.27573e-15 8.8142e-17 1
7917.13 4.24635e-15 8.8142e-17 1
7920.83 4.21342e-15 8.8142e-17 1
7924.53 4.20543e-15 8.8142e-17 1
7928.23 4.23927e-15 8.8142e-17 1
7931.93 4.23284e-15 8.8142e-17 1
7935.63 4.2118e-15 8.8142e-17 1
7939.33 4.23782e-15 8.8142e-17 1
7943.03 4.22823e-15 8.8142e-17 1
7946.73 4.19773e-15 8.8142e-17 1
7950.43 4.17211e-15 8.8142e-17 1
7954.13 4.10216e-15 8.8142e-17 1
7957.83 4.09508e-15 8.8142e-17 1
7961.53 4.09183e-15 8.8142e-17 1
7965.23 4.09564e-15 8.8142e-17 1
7968.93 4.08843e-15 8.8142e-17 1
7972.63 4.09364e-15 8.8142e-17 1
7976.33 4.05926e-15 8.8142e-17 1
7980.03 4.04165e-15 8.8142e-17 1
7983.73 3.98443e-15 8.8142e-17 1
7987.43 3.94565e-15 8.8142e-17 1
7991.13 3.91305e-15 8.8142e-17 1
7994.83 3.8961e-15 8.8142e-17 1
7998.53 3.84901e-15 8.8142e-17 1
8002.23 3.86961e-15 8.8142e-17 1
8005.93 3.87532e-15 8.8142e-17 1
8009.63 3.86377e-15 8.8142e-17 1
8013.33 3.82237e-15 8.8142e-17 1
8017.03 3.78305e-15 8.8142e-17 1
8020.73 3.7138e-15 8.8142e-17 1
8024.43 3.70711e-15 8.8142e-17 1
8028.13 3.61309e-15 8.8142e-17 1
8031.83 3.63879e-15 8.8142e-17 1
8035.53 3.63615e-15 8.8142e-17 1
8039.23 3.61631e-15 8.8142e-17 1
8042.93 3.60466e-15 8.8142e-17 1
8046.63 3.61994e-15 8.8142e-17 1
8050.33 3.6032e-15 8.8142e-17 1
8054.03 3.59238e-15 8.8142e-17 1
8057.73 3.57179e-15 8.8142e-17 1
8061.43 3.49995e-15 8.8142e-17 1
8065.13 3.47443e-15 8.8142e-17 1
8068.83 3.48017e-15 8.8142e-17 1
8072.53 3.46048e-15 8.8142e-17 1
8076.23 3.47029e-15 8.8142e-17 1
8079.93 3.47823e-15 8.8142e-17 1
8083.63 3.42506e-15 8.8142e-17 1
8087.33 3.41019e-15 8.8142e-17 1
8091.03 3.41439e-15 8.8142e-17 1
8094.73 3.41938e-15 8.8142e-17 1
8098.43 3.32766e-15 8.8142e-17 1
8102.13 3.30376e-15 8.8142e-17 1
8105.83 3.3258e-15 8.8142e-17 1
8109.53 3.34503e-15 8.8142e-17 1
8113.23 3.30068e-15 8.8142e-17 1
8116.93 3.33429e-15 8.8142e-17 1
8120.63 3.32526e-15 8.8142e-17 1
8124.33 3.32744e-15 8.8142e-17 1
8128.03 3.29217e-15 8.8142e-17 1
8131.73 3.20643e-15 8.8142e-17 1
8135.43 3.13848e-15 8.8142e-17 1
8139.13 3.21144e-15 8.8142e-17 1
8142.83 3.19413e-15 8.8142e-17 1
8146.53 3.16706e-15 8.8142e-17 1
8150.23 3.14462e-15 8.8142e-17 1
8153.93 3.09269e-15 8.8142e-17 1
8157.63 3.04556e-15 8.8142e-17 1
8161.33 2.98416e-15 8.8142e-17 1
8165.03 2.8702e-15 8.8142e-17 1
8168.73 2.79405e-15 8.8142e-17 1
8172.43 2.76173e-15 8.8142e-17 1
8176.13 2.64735e-15 8.8142e-17 1
8179.83 2.54433e-15 8.8142e-17 1
8183.53 2.5374e-15 8.8142e-17 1
8187.23 2.50411e-15 8.8142e-17 1
8190.93 2.45264e-15 8.8142e-17 1
8194.63 2.40462e-15 8.8142e-17 1
8198.33 2.33988e-15 8.8142e-17 1
8202.03 2.29795e-15 8.8142e-17 1
8205.73 2.25734e-15 8.8142e-17 1
8209.43 2.18493e-15 8.8142e-17 1
8213.13 2.08699e-15 8.8142e-17 1
8216.83 2.02497e-15 8.8142e-17 1
8220.53 1.92442e-15 8.8142e-17 1
8224.23 1.79422e-15 8.8142e-17 1
8227.93 1.68815e-15 8.8142e-17 1
8231.63 1.65778e-15 8.8142e-17 1
8235.33 1.69161e-15 8.8142e-17 1
8239.03 1.70519e-15 8.8142e-17 1
8242.73 1.71127e-15 8.8142e-17 1
8246.43 1.724e-15 8.8142e-17 1
8250.13 1.72151e-15 8.8142e-17 1
8253.83 1.69836e-15 8.8142e-17 1
8257.53 1.68957e-15 8.8142e-17 1
8261.23 1.69327e-15 8.8142e-17 1
8264.93 1.70431e-15 8.8142e-17 1
8268.63 1.72908e-15 8.8142e-17 1
8272.33 1.73593e-15 8.8142e-17 1
8276.03 1.7249e-15 8.8142e-17 1
8279.73 1.72832e-15 8.8142e-17 1
8283.43 1.75404e-15 8.8142e-17 1
8287.13 1.78835e-15 8.8142e-17 1
8290.83 1.82229e-15 8.8142e-17 1
8294.53 1.82955e-15 8.8142e-17 1
8298.23 1.87106e-15 8.8142e-17 1
8301.93 1.93574e-15 8.8142e-17 1
8305.63 1.95263e-15 8.8142e-17 1
8309.33 2.00625e-15 8.8142e-17 1
8313.03 2.06565e-15 8.8142e-17 1
8316.73 2.08835e-15 8.8142e-17 1
8320.43 2.03922e-15 8.8142e-17 1
8324.13 2.0289e-15 8.8142e-17 1
8327.83 2.00883e-15 8.8142e-17 1
8331.53 1.96003e-15 8.8142e-17 1
8335.23 1.92895e-15 8.8142e-17 1
8338.93 1.89513e-15 8.8142e-17 1
8342.63 1.88082e-15 8.8142e-17 1
8346.33 1.91019e-15 8.8142e-17 1
8350.03 1.91128e-15 8.8142e-17 1
8353.73 1.91187e-15 8.8142e-17 1
8357.43 1.91427e-15 8.8142e-17 1
8361.13 1.90204e-15 8.8142e-17 1
8364.83 1.9473e-15 8.8142e-17 1
8368.53 1.98768e-15 8.8142e-17 1
8372.23 1.93034e-15 8.8142e-17 1
8375.93 1.99272e-15 8.8142e-17 1
8379.63 1.96834e-15 8.8142e-17 1
8383.33 1.97704e-15 8.8142e-17 1
8387.03 2.00597e-15 8.8142e-17 1
8390.73 1.99365e-15 8.8142e-17 1
8394.43 2.08452e-15 8.8142e-17 1
8398.13 2.06666e-15 8.8142e-17 1
8401.83 2.13281e-15 8.8142e-17 1
8405.53 2.12435e-15 8.8142e-17 1
8409.23 2.12491e-15 8.8142e-17 1
8412.93 2.20082e-15 8.8142e-17 1
8416.63 2.21974e-15 8.8142e-17 1
8420.33 2.23828e-15 8.8142e-17 1
8424.03 2.29031e-15 8.8142e-17 1
8427.73 2.40735e-15 8.8142e-17 1
8431.43 2.37112e-15 8.8142e-17 1
8435.13 2.47408e-15 8.8142e-17 1
8438.83 2.4848e-15 8.8142e-17 1
8442.53 2.53002e-15 8.8142e-17 1
8446.23 2.58424e-15 8.8142e-17 1
8449.93 2.60992e-15 8.8142e-17 1
8453.63 2.74304e-15 8.8142e-17 1
8457.33 2.78647e-15 8.8142e-17 1
8461.03 2.89277e-15 8.8142e-17 1
8464.73 2.96207e-15 8.8142e-17 1
8468.43 3.06701e-15 8.8142e-17 1
8472.13 3.16008e-15 8.8142e-17 1
8475.83 3.30174e-15 8.8142e-17 1
8479.53 3.34314e-15 8.8142e-17 1
8483.23 3.365e-15 8.8142e-17 1
8486.93 3.4737e-15 8.8142e-17 1
8490.63 3.55176e-15 8.8142e-17 1
8494.33 3.59216e-15 8.8142e-17 1
8498.03 3.66711e-15 8.8142e-17 1
8501.73 3.76109e-15 8.8142e-17 1
8505.43 3.79702e-15 8.8142e-17 1
8509.13 3.86306e-15 8.8142e-17 1
8512.83 3.95695e-15 8.8142e-17 1
8516.53 4.04982e-15 8.8142e-17 1
8520.23 4.14096e-15 8.8142e-17 1
8523.93 4.16313e-15 8.8142e-17 1
8527.63 4.17917e-15 8.8142e-17 1
8531.33 4.17064e-15 8.8142e-17 1
8535.03 4.16821e-15 8.8142e-17 1
8538.73 4.23488e-15 8.8142e-17 1
8542.43 4.32683e-15 8.8142e-17 1
8546.13 4.40045e-15 8.8142e-17 1
8549.83 4.44293e-15 8.8142e-17 1
8553.53 4.50407e-15 8.8142e-17 1
8557.23 4.57891e-15 8.8142e-17 1
8560.93 4.61366e-15 8.8142e-17 1
8564.63 4.63088e-15 8.8142e-17 1
8568.33 4.66182e-15 8.8142e-17 1
8572.03 4.65879e-15 8.8142e-17 1
8575.73 4.65099e-15 8.8142e-17 1
8579.43 4.64346e-15 8.8142e-17 1
8583.13 4.70311e-15 8.8142e-17 1
8586.83 4.72964e-15 8.8142e-17 1
8590.53 4.81344e-15 8.8142e-17 1
8594.23 4.90433e-15 8.8142e-17 1
8597.93 4.93462e-15 8.8142e-17 1
8601.63 4.98804e-15 8.8142e-17 1
8605.33 5.04178e-15 8.8142e-17 1
8609.03 4.97219e-15 8.8142e-17 1
8612.73 5.00642e-15 8.8142e-17 1
8616.43 4.96211e-15 8.8142e-17 1
8620.13 5.01307e-15 8.8142e-17 1
8623.83 5.05757e-15 8.8142e-17 1
8627.53 5.01212e-15 8.8142e-17 1
8631.23 5.09149e-15 8.8142e-17 1
8634.93 5.0341e-15 8.8142e-17 1
8638.63 5.04531e-15 8.8142e-17 1
8642.33 5.20629e-15 8.8142e-17 1
8646.03 5.20241e-15 8.8142e-17 1
8649.73 5.19891e-15 8.8142e-17 1
8653.43 5.26137e-15 8.8142e-17 1
8657.13 5.20864e-15 8.8142e-17 1
8660.83 5.11428e-15 8.8142e-17 1
8664.53 5.15393e-15 8.8142e-17 1
8668.23 5.08027e-15 8.8142e-17 1
8671.93 5.16835e-15 8.8142e-17 1
8675.63 5.17803e-15 8.8142e-17 1
8679.33 5.25139e-15 8.8142e-17 1
8683.03 5.29634e-15 8.8142e-17 1
8686.73 5.38225e-15 8.8142e-17 1
8690.43 5.32856e-15 8.8142e-17 1
8694.13 5.28305e-15 8.8142e-17 1
8697.83 5.31612e-15 8.8142e-17 1
8701.53 5.30698e-15 8.8142e-17 1
8705.23 5.22062e-15 8.8142e-17 1
8708.93 5.21019e-15 8.8142e-17 1
8712.63 5.23579e-15 8.8142e-17 1
8716.33 5.25678e-15 8.8142e-17 1
8720.03 5.21981e-15 8.8142e-17 1
8723.73 5.20345e-15 8.8142e-17 1
8727.43 5.29307e-15 8.8142e-17 1
8731.13 5.29946e-15 8.8142e-17 1
8734.83 5.2696e-15 8.8142e-17 1
8738.53 5.3057e-15 8.8142e-17 1
8742.23 5.28007e-15 8.8142e-17 1
8745.93 5.20922e-15 8.8142e-17 1
8749.63 5.19412e-15 8.8142e-17 1
8753.33 5.19736e-15 8.8142e-17 1
8757.03 5.17327e-15 8.8142e-17 1
8760.73 5.12061e-15 8.8142e-17 1
8764.43 5.0664e-15 8.8142e-17 1
8768.13 5.10874e-15 8.8142e-17 1
8771.83 5.167e-15 8.8142e-17 1
8775.53 5.16557e-15 8.8142e-17 1
8779.23 5.1124e-15 8.8142e-17 1
8782.93 5.22345e-15 8.8142e-17 1
8786.63 5.23557e-15 8.8142e-17 1
8790.33 5.12698e-15 8.8142e-17 1
8794.03 5.04101e-15 8.8142e-17 1
8797.73 5.0633e-15 8.8142e-17 1
8801.43 5.03929e-15 8.8142e-17 1
8805.13 4.98084e-15 8.8142e-17 1
8808.83 4.83724e-15 8.8142e-17 1
8812.53 4.90396e-15 8.8142e-17 1
8816.23 4.92391e-15 8.8142e-17 1
8819.93 4.93147e-15 8.8142e-17 1
8823.63 4.97825e-15 8.8142e-17 1
8827.33 4.90813e-15 8.8142e-17 1
8831.03 4.93848e-15 8.8142e-17 1
8834.73 5.00563e-15 8.8142e-17 1
8838.43 4.86688e-15 8.8142e-17 1
8842.13 4.84338e-15 8.8142e-17 1
8845.83 4.75652e-15 8.8142e-17 1
8849.53 4.71824e-15 8.8142e-17 1
8853.23 4.65435e-15 8.8142e-17 1
8856.93 4.62605e-15 8.8142e-17 1
8860.63 4.66372e-15 8.8142e-17 1
8864.33 4.65963e-15 8.8142e-17 1
8868.03 4.72943e-15 8.8142e-17 1
8871.73 4.62484e-15 8.8142e-17 1
8875.43 4.59114e-15 8.8142e-17 1
8879.13 4.52055e-15 8.8142e-17 1
8882.83 4.48972e-15 8.8142e-17 1
8886.53 4.45016e-15 8.8142e-17 1
8890.23 4.31068e-15 8.8142e-17 1
8893.93 4.21475e-15 8.8142e-17 1
8897.63 4.16272e-15 8.8142e-17 1
8901.33 4.14606e-15 8.8142e-17 1
8905.03 4.09245e-15 8.8142e-17 1
8908.73 3.9921e-15 8.8142e-17 1
8912.43 3.99396e-15 8.8142e-17 1
8916.13 4.05616e-15 8.8142e-17 1
8919.83 4.04218e-15 8.8142e-17 1
8923.53 4.01422e-15 8.8142e-17 1
8927.23 3.97005e-15 8.8142e-17 1
8930.93 3.85467e-15 8.8142e-17 1
8934.63 3.77536e-15 8.8142e-17 1
8938.33 3.80046e-15 8.8142e-17 1
8942.03 3.79061e-15 8.8142e-17 1
8945.73 3.70096e-15 8.8142e-17 1
8949.43 3.61412e-15 8.8142e-17 1
8953.13 3.55361e-15 8.8142e-17 1
8956.83 3.56378e-15 8.8142e-17 1
8960.53 3.52805e-15 8.8142e-17 1
8964.23 3.49098e-15 8.8142e-17 1
8967.93 3.44539e-15 8.8142e-17 1
8971.63 3.42331e-15 8.8142e-17 1
8975.33 3.43866e-15 8.8142e-17 1
8979.03 3.43448e-15 8.8142e-17 1
8982.73 3.34106e-15 8.8142e-17 1
8986.43 3.2745e-15 8.8142e-17 1
8990.13 3.13269e-15 8.8142e-17 1
8993.83 3.15389e-15 8.8142e-17 1
8997.53 3.27821e-15 8.8142e-17 1
9001.23 3.1315e-15 8.8142e-17 1
9004.93 3.17675e-15 8.8142e-17 1
9008.63 3.20928e-15 8.8142e-17 1
9012.33 3.15338e-15 8.8142e-17 1
9016.03 3.22486e-15 8.8142e-17 1
9019.73 3.22292e-15 8.8142e-17 1
9023.43 3.20258e-15 8.8142e-17 1
9027.13 3.23897e-15 8.8142e-17 1
9030.83 3.24861e-15 8.8142e-17 1
9034.53 3.28931e-15 8.8142e-17 1
9038.23 3.26883e-15 8.8142e-17 1
9041.93 3.26507e-15 8.8142e-17 1
9045.63 3.31881e-15 8.8142e-17 1
9049.33 3.26816e-15 8.8142e-17 1
9053.03 3.21746e-15 8.8142e-17 1
9056.73 3.20552e-15 8.8142e-17 1
9060.43 3.20364e-15 8.8142e-17 1
9064.13 3.18654e-15 8.8142e-17 1
9067.83 3.15476e-15 8.8142e-17 1
9071.53 3.09768e-15 8.8142e-17 1
9075.23 3.02388e-15 8.8142e-17 1
9078.93 3.03551e-15 8.8142e-17 1
9082.63 2.98061e-15 8.8142e-17 1
9086.33 2.90694e-15 8.8142e-17 1
9090.03 2.95137e-15 8.8142e-17 1
9093.73 2.9479e-15 8.8142e-17 1
9097.43 2.90845e-15 8.8142e-17 1
9101.13 2.89779e-15 8.8142e-17 1
9104.83 2.94928e-15 8.8142e-17 1
9108.53 2.92821e-15 8.8142e-17 1
9112.23 2.99899e-15 8.8142e-17 1
9115.93 2.98954e-15 8.8142e-17 1
9119.63 2.94282e-15 8.8142e-17 1
9123.33 2.97571e-15 8.8142e-17 1
9127.03 2.94449e-15 8.8142e-17 1
9130.73 2.85253e-15 8.8142e-17 1
9134.43 2.78754e-15 8.8142e-17 1
9138.13 2.75554e-15 8.8142e-17 1
9141.83 2.84731e-15 8.8142e-17 1
9145.53 2.8865e-15 8.8142e-17 1
9149.23 2.75138e-15 8.8142e-17 1
9152.93 2.66571e-15 8.8142e-17 1
9156.63 2.67494e-15 8.8142e-17 1
9160.33 2.7213e-15 8.8142e-17 1
9164.03 2.79097e-15 8.8142e-17 1
9167.73 2.78099e-15 8.8142e-17 1
9171.43 2.81048e-15 8.8142e-17 1
9175.13 2.68603e-15 8.8142e-17 1
9178.83 2.69977e-15 8.8142e-17 1
9182.53 2.71577e-15 8.8142e-17 1
9186.23 2.67692e-15 8.8142e-17 1
9189.93 2.69919e-15 8.8142e-17 1
9193.63 2.7075e-15 8.8142e-17 1
9197.33 2.69056e-15 8.8142e-17 1
9201.03 2.76859e-15 8.8142e-17 1
9204.73 2.75124e-15 8.8142e-17 1
9208.43 2.72295e-15 8.8142e-17 1
9212.13 2.73059e-15 8.8142e-17 1
9215.83 2.67861e-15 8.8142e-17 1
9219.53 2.68428e-15 8.8142e-17 1
9223.23 2.73093e-15 8.8142e-17 1
9226.93 2.73279e-15 8.8142e-17 1
9230.63 2.68366e-15 8.8142e-17 1
9234.33 2.64022e-15 8.8142e-17 1
9238.03 2.66486e-15 8.8142e-17 1
9241.73 2.64847e-15 8.8142e-17 1
9245.43 2.58645e-15 8.8142e-17 1
9249.13 2.56051e-15 8.8142e-17 1
9252.83 2.55938e-15 8.8142e-17 1
9256.53 2.57443e-15 8.8142e-17 1
9260.23 2.5874e-15 8.8142e-17 1
9263.93 2.63786e-15 8.8142e-17 1
9267.63 2.63615e-15 8.8142e-17 1
9271.33 2.68482e-15 8.8142e-17 1
9275.03 2.66155e-15 8.8142e-17 1
9278.73 2.74234e-15 8.8142e-17 1
9282.43 2.59073e-15 8.8142e-17 1
9286.13 2.66352e-15 8.8142e-17 1
9289.83 2.72261e-15 8.8142e-17 1
9293.53 2.56412e-15 8.8142e-17 1
9297.23 2.67083e-15 8.8142e-17 1
9300.93 2.63378e-15 8.8142e-17 1
9304.63 2.64802e-15 8.8142e-17 1
9308.33 2.71714e-15 8.8142e-17 1
9312.03 2.70859e-15 8.8142e-17 1
9315.73 2.63944e-15 8.8142e-17 1
9319.43 2.62526e-15 8.8142e-17 1
9323.13 2.63644e-15 8.8142e-17 1
9326.83 2.49325e-15 8.8142e-17 1
9330.53 2.64937e-15 8.8142e-17 1
9334.23 2.61888e-15 8.8142e-17 1
9337.93 2.55869e-15 8.8142e-17 1
9341.63 2.50826e-15 8.8142e-17 1
9345.33 2.45585e-15 8.8142e-17 1
9349.03 2.44645e-15 8.8142e-17 1
9352.73 2.49935e-15 8.8142e-17 1
9356.43 2.46846e-15 8.8142e-17 1
9360.13 2.37888e-15 8.8142e-17 1
9363.83 2.39656e-15 8.8142e-17 1
9367.53 2.39326e-15 8.8142e-17 1
9371.23 2.30855e-15 8.8142e-17 1
9374.93 2.32131e-15 8.8142e-17 1
9378.63 2.35598e-15 8.8142e-17 1
9382.33 2.24897e-15 8.8142e-17 1
9386.03 2.25226e-15 8.8142e-17 1
9389.73 2.22751e-15 8.8142e-17 1
9393.43 2.31157e-15 8.8142e-17 1
9397.13 2.33437e-15 8.8142e-17 1
9400.83 2.2887e-15 8.8142e-17 1
9404.53 2.30118e-15 8.8142e-17 1
9408.23 2.18181e-15 8.8142e-17 1
9411.93 2.25559e-15 8.8142e-17 1
9415.63 2.31289e-15 8.8142e-17 1
9419.33 2.20392e-15 8.8142e-17 1
9423.03 2.25179e-15 8.8142e-17 1
9426.73 2.26586e-15 8.8142e-17 1
9430.43 2.08539e-15 8.8142e-17 1
9434.13 2.15204e-15 8.8142e-17 1
9437.83 2.30293e-15 8.8142e-17 1
9441.53 2.228e-15 8.8142e-17 1
9445.23 2.05118e-15 8.8142e-17 1
9448.93 2.04759e-15 8.8142e-17 1
9452.63 2.03819e-15 8.8142e-17 1
9456.33 1.98016e-15 8.8142e-17 1
9460.03 1.90125e-15 8.8142e-17 1
9463.73 1.84561e-15 8.8142e-17 1
9467.43 1.87854e-15 8.8142e-17 1
9471.13 1.92617e-15 8.8142e-17 1
9474.83 1.90191e-15 8.8142e-17 1
9478.53 1.90398e-15 8.8142e-17 1
9482.23 1.90503e-15 8.8142e-17 1
9485.93 1.84226e-15 8.8142e-17 1
9489.63 1.84614e-15 8.8142e-17 1
9493.33 1.87082e-15 8.8142e-17 1
9497.03 1.80927e-15 8.8142e-17 1
9500.73 1.74605e-15 8.8142e-17 1
9504.43 1.73083e-15 8.8142e-17 1
9508.13 1.70527e-15 8.8142e-17 1
9511.83 1.77003e-15 8.8142e-17 1
9515.53 1.73172e-15 8.8142e-17 1
9519.23 1.78244e-15 8.8142e-17 1
9522.93 1.63632e-15 8.8142e-17 1
9526.63 1.61696e-15 8.8142e-17 1
9530.33 1.69579e-15 8.8142e-17 1
9534.03 1.72536e-15 8.8142e-17 1
9537.73 1.69344e-15 8.8142e-17 1
9541.43 1.66816e-15 8.8142e-17 1
9545.13 1.74781e-15 8.8142e-17 1
9548.83 1.82309e-15 8.8142e-17 1
9552.53 1.76261e-15 8.8142e-17 1
9556.23 1.72407e-15 8.8142e-17 1
9559.93 1.73594e-15 8.8142e-17 1
9563.63 1.7542e-15 8.8142e-17 1
9567.33 1.70596e-15 8.8142e-17 1
9571.03 1.75621e-15 8.8142e-17 1
9574.73 1.72729e-15 8.8142e-17 1
9578.43 1.72288e-15 8.8142e-17 1
9582.13 1.71698e-15 8.8142e-17 1
9585.83 1.63489e-15 8.8142e-17 1
9589.53 1.62019e-15 8.8142e-17 1
9593.23 1.65435e-15 8.8142e-17 1
9596.93 1.67287e-15 8.8142e-17 1
9600.63 1.74806e-15 8.8142e-17 1
9604.33 1.80281e-15 8.8142e-17 1
9608.03 1.78432e-15 8.8142e-17 1
9611.73 1.76222e-15 8.8142e-17 1
9615.43 1.79767e-15 8.8142e-17 1
9619.13 1.7086e-15 8.8142e-17 1
9622.83 1.63986e-15 8.8142e-17 1
9626.53 1.72476e-15 8.8142e-17 1
9630.23 1.71908e-15 8.8142e-17 1
9633.93 1.66959e-15 8.8142e-17 1
9637.63 1.65857e-15 8.8142e-17 1
9641.33 1.64988e-15 8.8142e-17 1
9645.03 1.62234e-15 8.8142e-17 1
9648.73 1.59317e-15 8.8142e-17 1
9652.43 1.721e-15 8.8142e-17 1
9656.13 1.69178e-15 8.8142e-17 1
9659.83 1.62826e-15 8.8142e-17 1
9663.53 1.69393e-15 8.8142e-17 1
9667.23 1.74177e-15 8.8142e-17 1
9670.93 1.69998e-15 8.8142e-17 1
9674.63 1.69106e-15 8.8142e-17 1
9678.33 1.66735e-15 8.8142e-17 1
9682.03 1.67092e-15 8.8142e-17 1
9685.73 1.63106e-15 8.8142e-17 1
9689.43 1.62591e-15 8.8142e-17 1
9693.13 1.67419e-15 8.8142e-17 1
9696.83 1.66639e-15 8.8142e-17 1
9700.53 1.68177e-15 8.8142e-17 1
9704.23 1.69723e-15 8.8142e-17 1
9707.93 1.64124e-15 8.8142e-17 1
9711.63 1.63562e-15 8.8142e-17 1
9715.33 1.63956e-15 8.8142e-17 1
9719.03 1.63058e-15 8.8142e-17 1
9722.73 1.53776e-15 8.8142e-17 1
9726.43 1.60709e-15 8.8142e-17 1
9730.13 1.58804e-15 8.8142e-17 1
9733.83 1.50711e-15 8.8142e-17 1
9737.53 1.57549e-15 8.8142e-17 1
9741.23 1.49174e-15 8.8142e-17 1
9744.93 1.57455e-15 8.8142e-17 1
9748.63 1.59347e-15 8.8142e-17 1
9752.33 1.59197e-15 8.8142e-17 1
9756.03 1.59563e-15 8.8142e-17 1
9759.73 1.54318e-15 8.8142e-17 1
9763.43 1.58346e-15 8.8142e-17 1
9767.13 1.64452e-15 8.8142e-17 1
9770.83 1.59995e-15 8.8142e-17 1
9774.53 1.57651e-15 8.8142e-17 1
9778.23 1.57906e-15 8.8142e-17 1
9781.93 1.56171e-15 8.8142e-17 1
9785.63 1.57389e-15 8.8142e-17 1
9789.33 1.59248e-15 8.8142e-17 1
9793.03 1.58873e-15 8.8142e-17 1
9796.73 1.53611e-15 8.8142e-17 1
9800.43 1.49883e-15 8.8142e-17 1
9804.13 1.57824e-15 8.8142e-17 1
9807.83 1.63777e-15 8.8142e-17 1
9811.53 1.61731e-15 8.8142e-17 1
9815.23 1.67141e-15 8.8142e-17 1
9818.93 1.60966e-15 8.8142e-17 1
9822.63 1.66714e-15 8.8142e-17 1
9826.33 1.63412e-15 8.8142e-17 1
9830.03 1.68577e-15 8.8142e-17 1
9833.73 1.64636e-15 8.8142e-17 1
9837.43 1.68584e-15 8.8142e-17 1
9841.13 1.64295e-15 8.8142e-17 1
9844.83 1.65739e-15 8.8142e-17 1
9848.53 1.78459e-15 8.8142e-17 1
9852.23 1.7479e-15 8.8142e-17 1
9855.93 1.65262e-15 8.8142e-17 1
9859.63 1.7184e-15 8.8142e-17 1
9863.33 1.83339e-15 8.8142e-17 1
9867.03 1.74066e-15 8.8142e-17 1
9870.73 1.69225e-15 8.8142e-17 1
9874.43 1.71595e-15 8.8142e-17 1
9878.13 1.66544e-15 8.8142e-17 1
9881.83 1.66976e-15 8.8142e-17 1
9885.53 1.65388e-15 8.8142e-17 1
9889.23 1.75457e-15 8.8142e-17 1
9892.93 1.85278e-15 8.8142e-17 1
9896.63 1.77089e-15 8.8142e-17 1
9900.33 1.68258e-15 8.8142e-17 1
9904.03 1.65916e-15 8.8142e-17 1
9907.73 1.63315e-15 8.8142e-17 1
9911.43 1.61258e-15 8.8142e-17 1
9915.13 1.65042e-15 8.8142e-17 1
9918.83 1.72699e-15 8.8142e-17 1
9922.53 1.68282e-15 8.8142e-17 1
9926.23 1.57898e-15 8.8142e-17 1
9929.93 1.63646e-15 8.8142e-17 1
9933.63 1.73003e-15 8.8142e-17 1
9937.33 1.74618e-15 8.8142e-17 1
9941.03 1.51222e-15 8.8142e-17 1
9944.73 1.43384e-15 8.8142e-17 1
9948.43 1.50512e-15 8.8142e-17 1
9952.13 1.52695e-15 8.8142e-17 1
9955.83 1.44316e-15 8.8142e-17 1
9959.53 1.36984e-15 8.8142e-17 1
9963.23 1.40058e-15 8.8142e-17 1
9966.93 1.39036e-15 8.8142e-17 1
9970.63 1.28974e-15 8.8142e-17 1
9974.33 1.36171e-15 8.8142e-17 1
9978.03 1.45664e-15 8.8142e-17 1
9981.73 1.54347e-15 8.8142e-17 1
9985.43 1.60256e-15 8.8142e-17 1
9989.13 1.53124e-15 8.8142e-17 1
9992.83 1.45474e-15 8.8142e-17 1
9996.53 1.43026e-15 8.8142e-17 1
10000.2 1.48806e-15 8.8142e-17 1
10003.9 1.53716e-15 8.8142e-17 1
10007.6 1.62181e-15 8.8142e-17 1
10011.3 1.57281e-15 8.8142e-17 1
10015 1.57193e-15 8.8142e-17 1
10018.7 1.5444e-15 8.8142e-17 1
10022.4 1.3848e-15 8.8142e-17 1
10026.1 1.54404e-15 8.8142e-17 1
10029.8 1.54819e-15 8.8142e-17 1
10033.5 1.48199e-15 8.8142e-17 1
10037.2 1.4678e-15 8.8142e-17 1
10040.9 1.63498e-15 8.8142e-17 1
10044.6 1.5416e-15 8.8142e-17 1
10048.3 1.57838e-15 8.8142e-17 1
10052 1.47612e-15 8.8142e-17 1
10055.7 1.49967e-15 8.8142e-17 1
10059.4 1.56536e-15 8.8142e-17 1
10063.1 1.58635e-15 8.8142e-17 1
10066.8 1.62853e-15 8.8142e-17 1
10070.5 1.68605e-15 8.8142e-17 1
10074.2 1.64403e-15 8.8142e-17 1
10077.9 1.59028e-15 8.8142e-17 1
10081.6 1.62022e-15 8.8142e-17 1
10085.3 1.58819e-15 8.8142e-17 1
10089 1.60624e-15 8.8142e-17 1
10092.7 1.65677e-15 8.8142e-17 1
10096.4 1.64544e-15 8.8142e-17 1
10100.1 1.73558e-15 8.8142e-17 1
10103.8 1.71574e-15 8.8142e-17 1
10107.5 1.72031e-15 8.8142e-17 1
10111.2 1.55672e-15 8.8142e-17 1
10114.9 1.68996e-15 8.8142e-17 1
10118.6 1.74044e-15 8.8142e-17 1
10122.3 1.91039e-15 8.8142e-17 1
10126 1.76183e-15 8.8142e-17 1
10129.7 1.72532e-15 8.8142e-17 1
10133.4 1.73945e-15 8.8142e-17 1
10137.1 1.73029e-15 8.8142e-17 1
10140.8 1.77941e-15 8.8142e-17 1
10144.5 1.80846e-15 8.8142e-17 1
10148.2 1.78911e-15 8.8142e-17 1
10151.9 1.77563e-15 8.8142e-17 1
10155.6 1.75252e-15 8.8142e-17 1
10159.3 1.74099e-15 8.8142e-17 1
10163 1.75285e-15 8.8142e-17 1
10166.7 1.75034e-15 8.8142e-17 1
10170.4 1.8901e-15 8.8142e-17 1
10174.1 1.82621e-15 8.8142e-17 1
10177.8 1.86955e-15 8.8142e-17 1
10181.5 2.00829e-15 8.8142e-17 1
10185.2 1.96476e-15 8.8142e-17 1
10188.9 1.95879e-15 8.8142e-17 1
10192.6 1.83006e-15 8.8142e-17 1
10196.3 1.88523e-15 8.8142e-17 1
10200 1.74992e-15 8.8142e-17 1
10203.7 1.74167e-15 8.8142e-17 1
10207.4 1.66581e-15 8.8142e-17 1
10211.1 1.7444e-15 8.8142e-17 1
10214.8 1.73502e-15 8.8142e-17 1
10218.5 1.76059e-15 8.8142e-17 1
10222.2 1.71021e-15 8.8142e-17 1
10225.9 1.81339e-15 8.8142e-17 1
10229.6 1.80574e-15 8.8142e-17 1
10233.3 1.7658e-15 8.8142e-17 1
10237 1.7943e-15 8.8142e-17 1
10240.7 1.76343e-15 8.8142e-17 1
10244.4 1.76633e-15 8.8142e-17 1
10248.1 1.78459e-15 8.8142e-17 1
10251.8 1.70722e-15 8.8142e-17 1
10255.5 1.79499e-15 8.8142e-17 1
10259.2 1.90003e-15 8.8142e-17 1
10262.9 1.91839e-15 8.8142e-17 1
10266.6 2.00138e-15 8.8142e-17 1
10270.3 1.99378e-15 8.8142e-17 1
10274 1.96621e-15 8.8142e-17 1
10277.7 1.96481e-15 8.8142e-17 1
10281.4 1.97605e-15 8.8142e-17 1
10285.1 1.98873e-15 8.8142e-17 1
10288.8 2.05849e-15 8.8142e-17 1
10292.5 1.9962e-15 8.8142e-17 1
10296.2 1.93149e-15 8.8142e-17 1
10299.9 2.16535e-15 8.8142e-17 1
10303.6 2.26518e-15 8.8142e-17 1
10307.3 2.19184e-15 8.8142e-17 1
10311 2.26598e-15 8.8142e-17 1
10314.7 2.35293e-15 8.8142e-17 1
10318.4 2.32327e-15 8.8142e-17 1
10322.1 2.35531e-15 8.8142e-17 1
10325.8 2.36926e-15 8.8142e-17 1
10329.5 2.38447e-15 8.8142e-17 1
10333.2 2.34819e-15 8.8142e-17 1
10336.9 2.34514e-15 8.8142e-17 1
10340.6 2.41736e-15 8.8142e-17 1
10344.3 2.51035e-15 8.8142e-17 1
10348 2.46602e-15 8.8142e-17 1
10351.7 2.46273e-15 8.8142e-17 1
10355.4 2.45169e-15 8.8142e-17 1
10359.1 2.36688e-15 1.11643e-16 1
10362.8 2.41255e-15 1.11643e-16 1
10366.5 2.54404e-15 1.11643e-16 1
10370.2 2.72886e-15 1.11643e-16 1
10373.9 2.64141e-15 1.11643e-16 1
10377.6 2.56009e-15 1.11643e-16 1
10381.3 2.59391e-15 1.11643e-16 1
10385 2.59278e-15 1.11643e-16 1
10388.7 2.55718e-15 1.11643e-16 1
10392.4 2.63528e-15 1.11643e-16 1
10396.1 2.85778e-15 1.11643e-16 1
10399.8 2.79145e-15 1.11643e-16 1
10403.5 2.89159e-15 1.11643e-16 1
10407.2 2.96438e-15 1.11643e-16 1
10410.9 2.96579e-15 1.11643e-16 1
10414.6 3.07915e-15 1.11643e-16 1
10418.3 3.20622e-15 1.11643e-16 1
10422 3.20377e-15 1.11643e-16 1
10425.7 3.0543e-15 1.11643e-16 1
10429.4 3.0136e-15 1.11643e-16 1
10433.1 2.8808e-15 1.11643e-16 1
10436.8 2.96188e-15 1.11643e-16 1
10440.5 3.12851e-15 1.11643e-16 1
10444.2 2.9683e-15 1.11643e-16 1
10447.9 2.98153e-15 1.11643e-16 1
10451.6 3.14593e-15 1.11643e-16 1
10455.3 3.13274e-15 1.11643e-16 1
10459 3.20972e-15 1.11643e-16 1
10462.7 3.24808e-15 1.11643e-16 1
10466.4 3.11856e-15 1.11643e-16 1
10470.1 3.1635e-15 1.11643e-16 1
