# converted by J. Guy, 2010-10-18
# from  Ellis et al. 2008ApJ...674...51E
@Redshift 0.4627
@FORMAT STD
@Date 52792
@SELECTED_FOR_SNLS3_TRAINING 1
@SN 03D3cc
@SURVEY SNLS_KECK_SPEC
@Source KECK
#WAVE : wavelength, observer frame, in A
#FLUX : erg/s/cm2/A
#ERR  : statistical uncertainty on flux
#VALID : 1=ok 0=ignore
#end
3755.77 0 1.2458e-17 1
3760.771 0 1.1537e-17 1
3765.772 0 1.2831e-17 1
3770.773 8.134e-18 1.1717e-17 1
3775.774 2.216e-18 1.2023e-17 1
3780.775 0 1.2915e-17 1
3785.776 1.1964e-17 1.154e-17 1
3790.777 8.71e-19 1.154e-17 1
3795.778 0 1.0783e-17 1
3800.779 2.2938e-17 1.2679e-17 1
3805.78 8.451e-18 1.077e-17 1
3810.781 0 1.0326e-17 1
3815.782 0 1.2455e-17 1
3820.784 1.0205e-17 1.0934e-17 1
3825.785 1.1624e-17 1.091e-17 1
3830.785 6.298e-18 1.206e-17 1
3835.787 4.938e-18 1.3364e-17 1
3840.788 0 1.0382e-17 1
3845.789 0 1.0409e-17 1
3850.79 0 1.1759e-17 1
3855.791 0 9.504e-18 1
3860.792 0 8.962e-18 1
3865.793 1e-21 9.672e-18 1
3870.794 9.004e-18 1.0746e-17 1
3875.795 2.41e-19 8.801e-18 1
3880.796 0 8.01e-18 1
3885.797 0 9.14e-18 1
3890.798 0 8.027e-18 1
3895.799 2.62e-18 8.705e-18 1
3900.8 7.628e-18 9.016e-18 1
3905.801 1.1865e-17 1.1426e-17 1
3910.802 0 9.691e-18 1
3915.803 0 8.99e-18 1
3920.804 0 8.926e-18 1
3925.805 3.286e-18 7.466e-18 1
3930.806 0 6.711e-18 1
3935.807 2.4e-19 7.219e-18 1
3940.808 0 8.532e-18 1
3945.809 3.597e-18 8.091e-18 1
3950.81 1.174e-18 7.775e-18 1
3955.811 8.815e-18 8.351e-18 1
3960.812 0 6.5e-18 1
3965.813 2.488e-18 6.627e-18 1
3970.814 0 7.263e-18 1
3975.815 1.9136e-17 8.532e-18 1
3980.816 1.5682e-17 7.124e-18 1
3985.817 0 6.631e-18 1
3990.818 0 7.511e-18 1
3995.819 6.854e-18 6.924e-18 1
4000.82 6.964e-18 7.021e-18 1
4005.821 1.4681e-17 7.031e-18 1
4010.822 0 7.866e-18 1
4015.824 1.4063e-17 7.005e-18 1
4020.824 6.473e-18 6.692e-18 1
4025.825 1.0001e-17 7.673e-18 1
4030.827 8.625e-18 6.461e-18 1
4035.828 1.6947e-17 6.535e-18 1
4040.829 3.969e-18 6.849e-18 1
4045.83 1.5244e-17 8.059e-18 1
4050.831 4.017e-18 6.67e-18 1
4055.832 4.452e-18 6.402e-18 1
4060.833 8.877e-18 7.725e-18 1
4065.834 5.774e-18 6.872e-18 1
4070.835 0 6.295e-18 1
4075.836 2.6461e-17 7.527e-18 1
4080.837 7.668e-18 6.333e-18 1
4085.838 1.4491e-17 6.189e-18 1
4090.839 6.475e-18 5.911e-18 1
4095.84 1.7761e-17 6.655e-18 1
4100.841 3.379e-18 5.745e-18 1
4105.842 1.3333e-17 5.818e-18 1
4110.843 1.274e-17 6.523e-18 1
4115.844 2.415e-18 5.497e-18 1
4120.845 9.306e-18 5.587e-18 1
4125.846 5.796e-18 5.631e-18 1
4130.847 1.6518e-17 6.495e-18 1
4135.848 1.4817e-17 5.698e-18 1
4140.849 1.5528e-17 5.513e-18 1
4145.85 1.1973e-17 6.275e-18 1
4150.851 6.574e-18 5.515e-18 1
4155.852 9.21e-18 5.63e-18 1
4160.853 9.626e-18 5.875e-18 1
4165.854 2e-21 6.907e-18 1
4170.855 7.874e-18 5.914e-18 1
4175.856 1.5898e-17 5.64e-18 1
4180.857 2.1332e-17 6.39e-18 1
4185.858 1.702e-17 5.5e-18 1
4190.859 1.229e-17 5.402e-18 1
4195.86 5.249e-18 4.986e-18 1
4200.861 1.3429e-17 5.686e-18 1
4205.862 1.2025e-17 4.926e-18 1
4210.864 1.6283e-17 4.935e-18 1
4215.864 1.2144e-17 5.597e-18 1
4220.865 1.9014e-17 4.771e-18 1
4225.867 1.7772e-17 4.703e-18 1
4230.868 2.3894e-17 4.706e-18 1
4235.869 1.9615e-17 5.457e-18 1
4240.87 1.3974e-17 4.627e-18 1
4245.871 5.325e-18 4.859e-18 1
4250.872 1.8769e-17 5.732e-18 1
4255.873 1.1492e-17 4.802e-18 1
4260.874 2.0498e-17 4.794e-18 1
4265.875 1.9006e-17 4.778e-18 1
4270.876 1.6034e-17 5.471e-18 1
4275.877 2.8727e-17 4.828e-18 1
4280.878 1.5572e-17 4.75e-18 1
4285.879 2.1648e-17 5.439e-18 1
4290.88 3.041e-17 4.578e-18 1
4295.881 2.6515e-17 4.464e-18 1
4300.882 2.7477e-17 4.319e-18 1
4305.883 1.3418e-17 4.962e-18 1
4310.884 2.4676e-17 4.517e-18 1
4315.885 3.1537e-17 4.626e-18 1
4320.886 3.1037e-17 5.192e-18 1
4325.887 2.5458e-17 4.35e-18 1
4330.888 3.1621e-17 4.368e-18 1
4335.889 2.0102e-17 4.268e-18 1
4340.89 2.5432e-17 4.88e-18 1
4345.891 2.5673e-17 4.308e-18 1
4350.892 2.31e-17 4.239e-18 1
4355.893 1.9095e-17 5.014e-18 1
4360.894 1.275e-17 4.34e-18 1
4365.895 1.4056e-17 4.253e-18 1
4370.896 2.7679e-17 4.186e-18 1
4375.897 1.958e-17 4.77e-18 1
4380.898 1.6632e-17 4.047e-18 1
4385.899 2.2435e-17 3.968e-18 1
4390.9 1.4205e-17 4.63e-18 1
4395.901 2.3018e-17 4.114e-18 1
4400.902 2.0619e-17 4.232e-18 1
4405.904 2.5461e-17 4.401e-18 1
4410.904 1.5914e-17 5.116e-18 1
4415.905 2.4181e-17 4.386e-18 1
4420.907 2.3624e-17 4.363e-18 1
4425.908 1.4788e-17 4.973e-18 1
4430.909 2.3689e-17 4.228e-18 1
4435.91 3.1587e-17 4.183e-18 1
4440.911 2.5983e-17 4.1e-18 1
4445.912 2.4787e-17 4.724e-18 1
4450.913 2.8785e-17 3.973e-18 1
4455.914 1.8631e-17 3.827e-18 1
4460.915 1.8128e-17 4.372e-18 1
4465.916 2.0341e-17 3.804e-18 1
4470.917 1.5904e-17 3.784e-18 1
4475.918 2.1974e-17 3.841e-18 1
4480.919 1.7361e-17 4.408e-18 1
4485.92 2.5786e-17 3.869e-18 1
4490.921 1.6185e-17 3.825e-18 1
4495.922 2.5096e-17 4.414e-18 1
4500.923 2.7275e-17 3.835e-18 1
4505.924 2.0283e-17 3.817e-18 1
4510.925 2.4981e-17 4.42e-18 1
4515.926 2.7147e-17 3.799e-18 1
4520.927 2.349e-17 3.853e-18 1
4525.928 1.3509e-17 3.856e-18 1
4530.929 1.866e-17 4.552e-18 1
4535.93 1.9753e-17 3.965e-18 1
4540.931 2.7865e-17 3.975e-18 1
4545.932 3.4586e-17 4.582e-18 1
4550.933 3.1069e-17 3.88e-18 1
4555.934 2.8305e-17 3.801e-18 1
4560.935 1.7131e-17 3.716e-18 1
4565.936 2.953e-17 4.301e-18 1
4570.937 2.1275e-17 3.675e-18 1
4575.938 2.2997e-17 3.751e-18 1
4580.939 2.4302e-17 4.383e-18 1
4585.94 2.2596e-17 3.734e-18 1
4590.941 3.2401e-17 3.729e-18 1
4595.942 2.5803e-17 3.646e-18 1
4600.943 3.4425e-17 4.186e-18 1
4605.944 2.9252e-17 3.623e-18 1
4610.945 4.1536e-17 3.678e-18 1
4615.947 2.6251e-17 4.146e-18 1
4620.948 3.0644e-17 3.587e-18 1
4625.949 3.4057e-17 3.626e-18 1
4630.95 3.3548e-17 3.594e-18 1
4635.951 3.5447e-17 4.122e-18 1
4640.952 3.0096e-17 3.559e-18 1
4645.953 3.3478e-17 3.53e-18 1
4650.954 2.1084e-17 4.05e-18 1
4655.955 2.9909e-17 3.648e-18 1
4660.956 3.6891e-17 3.697e-18 1
4665.957 2.8795e-17 3.593e-18 1
4670.958 3.9399e-17 4.181e-18 1
4675.959 3.9663e-17 3.65e-18 1
4680.96 3.4982e-17 3.596e-18 1
4685.961 3.2287e-17 4.079e-18 1
4690.962 3.8993e-17 3.515e-18 1
4695.963 2.8296e-17 3.424e-18 1
4700.964 2.4695e-17 3.392e-18 1
4705.965 2.9479e-17 3.945e-18 1
4710.966 2.3158e-17 3.389e-18 1
4715.967 2.4919e-17 3.375e-18 1
4720.968 3.0973e-17 3.887e-18 1
4725.969 2.9724e-17 3.315e-18 1
4730.97 2.5679e-17 3.259e-18 1
4735.971 2.3522e-17 3.256e-18 1
4740.972 2.2255e-17 3.734e-18 1
4745.973 3.5757e-17 3.274e-18 1
4750.974 3.1273e-17 3.201e-18 1
4755.975 1.6673e-17 3.638e-18 1
4760.976 2.1127e-17 3.156e-18 1
4765.977 2.5233e-17 3.152e-18 1
4770.978 2.2669e-17 3.186e-18 1
4775.979 2.5426e-17 3.689e-18 1
4780.98 2.7553e-17 3.118e-18 1
4785.981 2.2431e-17 3.129e-18 1
4790.982 3.1847e-17 3.674e-18 1
4795.983 2.5276e-17 3.175e-18 1
4800.984 2.5266e-17 3.158e-18 1
4805.986 2.7363e-17 3.13e-18 1
4810.987 3.1808e-17 3.69e-18 1
4815.988 2.6027e-17 3.282e-18 1
4820.989 2.864e-17 3.341e-18 1
4825.99 3.3636e-17 3.849e-18 1
4830.991 3.0132e-17 3.284e-18 1
4835.992 2.5451e-17 3.321e-18 1
4840.993 2.7212e-17 3.277e-18 1
4845.994 3.228e-17 3.733e-18 1
4850.995 2.7943e-17 3.161e-18 1
4855.996 3.1682e-17 3.125e-18 1
4860.997 2.5482e-17 3.61e-18 1
4865.998 2.7717e-17 3.105e-18 1
4870.999 2.3069e-17 3.022e-18 1
4876 3.048e-17 3.066e-18 1
4881.001 2.3634e-17 3.569e-18 1
4886.002 2.7044e-17 3.089e-18 1
4891.003 3.5607e-17 3.106e-18 1
4896.004 3.7547e-17 3.553e-18 1
4901.005 3.4343e-17 3.05e-18 1
4906.006 2.7573e-17 3.027e-18 1
4911.007 2.9369e-17 2.978e-18 1
4916.008 3.4564e-17 3.421e-18 1
4921.009 2.6542e-17 2.92e-18 1
4926.01 2.9694e-17 2.943e-18 1
4931.011 2.9008e-17 3.427e-18 1
4936.012 3.4383e-17 2.983e-18 1
4941.013 3.0509e-17 2.958e-18 1
4946.014 2.7349e-17 3.384e-18 1
4951.015 3.3448e-17 2.996e-18 1
4956.016 3.3657e-17 2.969e-18 1
4961.017 3.1384e-17 2.983e-18 1
4966.018 2.9144e-17 3.508e-18 1
4971.019 3.5415e-17 3.088e-18 1
4976.02 3.2289e-17 2.982e-18 1
4981.021 2.9648e-17 3.375e-18 1
4986.022 3.5491e-17 2.962e-18 1
4991.023 3.7288e-17 2.962e-18 1
4996.024 3.1893e-17 2.94e-18 1
5001.026 3.6069e-17 3.402e-18 1
5006.027 3.6365e-17 2.903e-18 1
5011.028 3.5085e-17 2.883e-18 1
5016.029 3.7187e-17 3.334e-18 1
5021.03 3.6454e-17 2.864e-18 1
5026.031 3.249e-17 2.813e-18 1
5031.032 3.5596e-17 2.809e-18 1
5036.033 3.5641e-17 3.213e-18 1
5041.034 3.074e-17 2.753e-18 1
5046.035 3.6987e-17 2.777e-18 1
5051.036 2.8853e-17 3.171e-18 1
5056.037 3.8232e-17 2.752e-18 1
5061.038 3.6977e-17 2.761e-18 1
5066.039 3.7508e-17 2.772e-18 1
5071.04 4.1135e-17 3.201e-18 1
5076.041 3.753e-17 2.73e-18 1
5081.042 3.4482e-17 2.729e-18 1
5086.043 3.3284e-17 3.171e-18 1
5091.044 3.7504e-17 2.751e-18 1
5096.045 3.7476e-17 2.71e-18 1
5101.046 4.5327e-17 2.74e-18 1
5106.047 3.824e-17 3.093e-18 1
5111.048 3.6393e-17 2.68e-18 1
5116.049 4.5612e-17 2.752e-18 1
5121.05 4.4192e-17 3.156e-18 1
5126.051 4.4973e-17 2.729e-18 1
5131.052 4.5897e-17 2.786e-18 1
5136.053 5.1916e-17 2.859e-18 1
5141.054 5.6195e-17 3.321e-18 1
5146.055 5.2885e-17 2.852e-18 1
5151.056 5.4779e-17 2.835e-18 1
5156.057 5.8775e-17 3.266e-18 1
5161.058 5.4841e-17 2.794e-18 1
5166.059 6.1036e-17 2.76e-18 1
5171.06 5.8531e-17 2.706e-18 1
5176.061 5.3948e-17 3.128e-18 1
5181.062 6.6274e-17 2.741e-18 1
5186.063 6.8076e-17 2.814e-18 1
5191.064 6.5204e-17 3.339e-18 1
5196.066 6.8039e-17 3.163e-18 1
5201.067 6.7144e-17 3.275e-18 1
5206.068 6.329e-17 2.94e-18 1
5211.069 7.3341e-17 3.251e-18 1
5216.07 6.5829e-17 2.8e-18 1
5221.071 6.9448e-17 2.884e-18 1
5226.072 6.5417e-17 3.275e-18 1
5231.073 7.2692e-17 2.804e-18 1
5236.074 7.3598e-17 2.847e-18 1
5241.075 7.19e-17 2.83e-18 1
5246.076 6.5998e-17 3.16e-18 1
5251.077 6.613e-17 2.785e-18 1
5256.078 7.9125e-17 2.86e-18 1
5261.079 7.0427e-17 3.183e-18 1
5266.08 6.9986e-17 2.665e-18 1
5271.081 6.6271e-17 2.699e-18 1
5276.082 7.039e-17 2.781e-18 1
5281.083 6.8555e-17 3.151e-18 1
5286.084 7.4187e-17 2.745e-18 1
5291.085 6.4528e-17 2.724e-18 1
5296.086 6.1828e-17 3.174e-18 1
5301.087 7.1386e-17 2.792e-18 1
5306.088 6.4697e-17 2.765e-18 1
5311.089 6.464e-17 2.788e-18 1
5316.09 7.015e-17 3.207e-18 1
5321.091 7.2384e-17 2.793e-18 1
5326.092 6.6735e-17 2.829e-18 1
5331.093 7.2449e-17 3.351e-18 1
5336.094 7.0008e-17 2.833e-18 1
5341.095 7.8063e-17 2.773e-18 1
5346.096 8.0416e-17 2.782e-18 1
5351.097 7.5757e-17 3.208e-18 1
5356.098 7.9399e-17 2.775e-18 1
5361.099 7.9426e-17 2.761e-18 1
5366.1 7.922e-17 3.161e-18 1
5371.101 8.3316e-17 2.753e-18 1
5376.102 8.2372e-17 2.76e-18 1
5381.103 8.0958e-17 2.735e-18 1
5386.104 7.6182e-17 3.123e-18 1
5391.106 7.3795e-17 2.676e-18 1
5396.107 7.3102e-17 2.657e-18 1
5401.107 7.2033e-17 3.054e-18 1
5406.109 7.0013e-17 2.614e-18 1
5411.11 6.4511e-17 2.609e-18 1
5416.111 6.3384e-17 3.006e-18 1
5421.112 5.4561e-17 2.582e-18 1
5426.113 5.6609e-17 2.578e-18 1
5431.114 6.1448e-17 2.601e-18 1
5436.115 5.8571e-17 3.025e-18 1
5441.116 4.9041e-17 3.648e-18 1
5446.117 5.7596e-17 6.83527e-14 0
5451.118 5.6249e-17 6.83527e-14 0
5456.119 5.5242e-17 6.83527e-14 0
5461.12 5.4368e-17 6.83527e-14 0
5466.121 4.5658e-17 2.906e-18 1
5471.122 4.6552e-17 2.905e-18 1
5476.123 4.0736e-17 2.487e-18 1
5481.124 4.5606e-17 2.522e-18 1
5486.125 4.0896e-17 2.919e-18 1
5491.126 4.6826e-17 2.537e-18 1
5496.127 4.9801e-17 2.561e-18 1
5501.128 4.1501e-17 2.551e-18 1
5506.129 4.2964e-17 2.94e-18 1
5511.13 4.0296e-17 2.527e-18 1
5516.131 3.9752e-17 2.516e-18 1
5521.132 4.4063e-17 2.929e-18 1
5526.133 4.6814e-17 2.539e-18 1
5531.134 4.3993e-17 2.52e-18 1
5536.135 4.7384e-17 2.537e-18 1
5541.136 4.7961e-17 3.033e-18 1
5546.137 3.8391e-17 2.653e-18 1
5551.138 4.0576e-17 2.597e-18 1
5556.139 3.5469e-17 2.958e-18 1
5561.14 4.1422e-17 2.669e-18 1
5566.141 3.8018e-17 3.321e-18 1
5571.142 4.3336e-17 6.83527e-14 0
5576.143 4.4528e-17 6.83527e-14 0
5581.144 4.6126e-17 6.83527e-14 0
5586.146 3.8661e-17 7.195e-18 1
5591.147 5.0765e-17 3.425e-18 1
5596.147 5.0642e-17 2.779e-18 1
5601.149 5.2589e-17 2.705e-18 1
5606.15 5.0069e-17 2.693e-18 1
5611.151 4.7646e-17 3.053e-18 1
5616.152 5.7832e-17 2.635e-18 1
5621.153 6.776e-17 2.711e-18 1
5626.154 6.7949e-17 3.12e-18 1
5631.155 6.6585e-17 2.62e-18 1
5636.156 7.1261e-17 2.599e-18 1
5641.157 7.32e-17 2.641e-18 1
5646.158 7.0175e-17 3.067e-18 1
5651.159 7.4507e-17 2.631e-18 1
5656.16 8.5015e-17 2.631e-18 1
5661.161 9.1544e-17 3.045e-18 1
5666.162 8.9137e-17 2.659e-18 1
5671.163 9.5663e-17 2.689e-18 1
5676.164 9.4943e-17 2.676e-18 1
5681.165 9.2629e-17 3.09e-18 1
5686.166 9.7311e-17 2.679e-18 1
5691.167 9.655e-17 2.716e-18 1
5696.168 1.04405e-16 3.167e-18 1
5701.169 1.02204e-16 2.729e-18 1
5706.17 1.10925e-16 2.74e-18 1
5711.171 1.08448e-16 2.721e-18 1
5716.172 1.14003e-16 3.158e-18 1
5721.173 1.01786e-16 2.71e-18 1
5726.174 1.08224e-16 2.725e-18 1
5731.175 1.16122e-16 3.128e-18 1
5736.176 1.11352e-16 2.686e-18 1
5741.177 1.12507e-16 2.669e-18 1
5746.178 1.04384e-16 2.609e-18 1
5751.179 9.1365e-17 2.959e-18 1
5756.18 9.834e-17 2.574e-18 1
5761.181 1.08123e-16 2.646e-18 1
5766.182 1.12315e-16 3.085e-18 1
5771.183 1.14037e-16 2.686e-18 1
5776.184 1.13284e-16 2.677e-18 1
5781.186 1.1478e-16 2.658e-18 1
5786.187 1.07991e-16 3.032e-18 1
5791.187 1.11995e-16 2.629e-18 1
5796.189 9.7328e-17 2.578e-18 1
5801.19 9.4443e-17 2.946e-18 1
5806.191 9.5532e-17 2.53e-18 1
5811.192 9.7363e-17 2.555e-18 1
5816.193 9.9349e-17 2.567e-18 1
5821.194 1.00643e-16 2.986e-18 1
5826.195 9.5736e-17 2.579e-18 1
5831.196 9.5507e-17 2.595e-18 1
5836.197 7.9987e-17 2.939e-18 1
5841.198 8.2867e-17 2.57e-18 1
5846.199 8.7656e-17 2.573e-18 1
5851.2 7.6422e-17 2.939e-18 1
5856.201 7.4747e-17 2.552e-18 1
5861.202 8.1198e-17 2.723e-18 1
5866.203 8.1043e-17 2.975e-18 1
5871.204 8.1276e-17 3.494e-18 1
5876.205 8.3785e-17 2.853e-18 1
5881.206 8.1363e-17 3.254e-18 1
5886.207 8.6696e-17 6.83527e-14 0
5891.208 8.6416e-17 6.83527e-14 0
5896.209 8.6158e-17 6.83527e-14 0
5901.21 8.7934e-17 6.415e-18 1
5906.211 8.872e-17 3.425e-18 1
5911.212 8.6381e-17 2.893e-18 1
5916.213 8.2262e-17 2.966e-18 1
5921.214 9.2326e-17 3.385e-18 1
5926.215 9.2313e-17 2.882e-18 1
5931.216 9.4512e-17 2.984e-18 1
5936.217 9.373e-17 2.962e-18 1
5941.218 9.5708e-17 3.262e-18 1
5946.219 8.7776e-17 2.763e-18 1
5951.22 9.1412e-17 2.901e-18 1
5956.221 9.673e-17 3.38e-18 1
5961.222 9.0545e-17 2.789e-18 1
5966.223 8.7482e-17 2.682e-18 1
5971.224 9.2309e-17 2.767e-18 1
5976.226 8.4164e-17 3.234e-18 1
5981.226 9.2281e-17 2.781e-18 1
5986.227 8.5126e-17 2.679e-18 1
5991.229 7.7246e-17 3.031e-18 1
5996.23 7.5216e-17 2.629e-18 1
6001.231 7.7045e-17 2.671e-18 1
6006.232 7.8752e-17 2.648e-18 1
6011.233 8.6305e-17 3.022e-18 1
6016.234 8.4938e-17 2.556e-18 1
6021.235 8.3928e-17 2.543e-18 1
6026.236 8.7454e-17 2.971e-18 1
6031.237 8.5138e-17 2.597e-18 1
6036.238 8.4092e-17 2.613e-18 1
6041.239 8.3749e-17 2.596e-18 1
6046.24 8.8765e-17 2.981e-18 1
6051.241 8.5171e-17 2.565e-18 1
6056.242 9.0845e-17 2.565e-18 1
6061.243 8.5376e-17 2.951e-18 1
6066.244 8.8719e-17 2.591e-18 1
6071.245 8.5499e-17 2.578e-18 1
6076.246 8.4531e-17 2.543e-18 1
6081.247 9.0841e-17 2.95e-18 1
6086.248 8.6164e-17 2.546e-18 1
6091.249 9.0946e-17 2.563e-18 1
6096.25 8.7517e-17 2.955e-18 1
6101.251 8.7369e-17 2.58e-18 1
6106.252 8.9921e-17 2.585e-18 1
6111.253 9.1124e-17 2.598e-18 1
6116.254 9.3501e-17 3.015e-18 1
6121.255 8.6293e-17 2.565e-18 1
6126.256 8.9859e-17 2.581e-18 1
6131.257 9.4419e-17 3.06e-18 1
6136.258 8.767e-17 2.735e-18 1
6141.259 8.8293e-17 2.866e-18 1
6146.26 8.6652e-17 2.845e-18 1
6151.261 8.4335e-17 3.267e-18 1
6156.262 8.5659e-17 2.834e-18 1
6161.263 8.7198e-17 2.84e-18 1
6166.264 8.4562e-17 3.225e-18 1
6171.266 8.7578e-17 2.807e-18 1
6176.266 8.5232e-17 2.787e-18 1
6181.267 9.0781e-17 2.727e-18 1
6186.269 8.6172e-17 3.1e-18 1
6191.27 8.8923e-17 2.679e-18 1
6196.271 8.4848e-17 2.721e-18 1
6201.272 8.1264e-17 3.171e-18 1
6206.273 8.1343e-17 2.754e-18 1
6211.274 7.1006e-17 2.683e-18 1
6216.275 7.5269e-17 2.708e-18 1
6221.276 7.4781e-17 3.154e-18 1
6226.277 7.4192e-17 2.784e-18 1
6231.278 7.553e-17 3.042e-18 1
6236.279 7.5385e-17 3.84e-18 1
6241.28 6.9902e-17 3.363e-18 1
6246.281 7.0491e-17 3.091e-18 1
6251.282 7.2568e-17 3.009e-18 1
6256.283 7.4376e-17 3.71e-18 1
6261.284 6.9331e-17 3.341e-18 1
6266.285 6.8645e-17 3.195e-18 1
6271.286 5.9305e-17 3.378e-18 1
6276.287 6.5324e-17 2.832e-18 1
6281.288 6.3575e-17 2.916e-18 1
6286.289 6.3062e-17 3.572e-18 1
6291.29 6.5127e-17 4.783e-18 1
6296.291 6.5775e-17 6.83527e-14 0
6301.292 6.5403e-17 6.83527e-14 0
6306.293 6.4735e-17 6.83527e-14 0
6311.294 5.127e-17 5.858e-18 1
6316.295 6.1344e-17 3.199e-18 1
6321.296 5.3695e-17 3.506e-18 1
6326.297 5.4563e-17 3.186e-18 1
6331.298 5.1835e-17 3.191e-18 1
6336.299 5.4473e-17 3.018e-18 1
6341.3 4.7017e-17 3.202e-18 1
6346.301 4.6459e-17 2.753e-18 1
6351.302 4.692e-17 2.911e-18 1
6356.303 5.3911e-17 4.044e-18 1
6361.304 5.2698e-17 4.318e-18 1
6366.306 4.9918e-17 4.657e-18 1
6371.306 5.058e-17 4.063e-18 1
6376.307 6.5229e-17 3.727e-18 1
6381.309 5.5093e-17 2.916e-18 1
6386.31 5.2889e-17 2.91e-18 1
6391.311 5.6032e-17 3.303e-18 1
6396.312 5.0979e-17 2.732e-18 1
6401.313 5.2092e-17 2.657e-18 1
6406.314 4.6635e-17 2.603e-18 1
6411.315 4.8795e-17 3.032e-18 1
6416.316 5.0476e-17 2.666e-18 1
6421.317 4.9765e-17 2.685e-18 1
6426.318 5.643e-17 3.1e-18 1
6431.319 5.0143e-17 2.625e-18 1
6436.32 6.0296e-17 2.619e-18 1
6441.321 5.8221e-17 2.665e-18 1
6446.322 5.3641e-17 3.1e-18 1
6451.323 5.3785e-17 2.766e-18 1
6456.324 5.3324e-17 2.891e-18 1
6461.325 6.347e-17 3.573e-18 1
6466.326 6.5777e-17 3.316e-18 1
6471.327 5.6866e-17 3.358e-18 1
6476.328 5.8182e-17 3.245e-18 1
6481.329 6.399e-17 3.654e-18 1
6486.33 6.7679e-17 3.133e-18 1
6491.331 6.7498e-17 3.227e-18 1
6496.332 6.8358e-17 4.019e-18 1
6501.333 6.7739e-17 3.651e-18 1
6506.334 7.3277e-17 3.557e-18 1
6511.335 6.2944e-17 3.221e-18 1
6516.336 6.9487e-17 3.576e-18 1
6521.337 7.2306e-17 3.106e-18 1
6526.338 6.931e-17 3.247e-18 1
6531.339 5.9594e-17 3.924e-18 1
6536.34 6.7007e-17 3.471e-18 1
6541.341 8.0821e-17 3.459e-18 1
6546.342 6.5581e-17 3.42e-18 1
6551.343 6.1663e-17 4.107e-18 1
6556.344 6.9476e-17 3.704e-18 1
6561.345 7.3526e-17 3.796e-18 1
6566.346 7.9683e-17 4.264e-18 1
6571.347 8.0862e-17 3.62e-18 1
6576.349 7.2574e-17 3.513e-18 1
6581.35 7.7399e-17 3.429e-18 1
6586.351 7.9832e-17 3.843e-18 1
6591.352 7.0202e-17 3.17e-18 1
6596.353 7.8683e-17 3.199e-18 1
6601.354 7.9183e-17 3.805e-18 1
6606.355 8.143e-17 3.337e-18 1
6611.356 7.9485e-17 3.251e-18 1
6616.357 7.7614e-17 3.186e-18 1
6621.358 9.1578e-17 3.737e-18 1
6626.359 8.4877e-17 3.306e-18 1
6631.36 8.0375e-17 3.402e-18 1
6636.361 9.1545e-17 3.98e-18 1
6641.362 8.9943e-17 3.419e-18 1
6646.363 9.8229e-17 3.401e-18 1
6651.364 8.9805e-17 4.802e-18 1
6656.365 8.2225e-17 6.83527e-14 0
6661.366 8.2041e-17 6.83527e-14 0
6666.367 8.1547e-17 6.83527e-14 0
6671.368 8.1122e-17 6.83527e-14 0
6676.369 8.0807e-17 6.83527e-14 0
6681.37 8.0666e-17 6.83527e-14 0
6686.371 8.1252e-17 6.83527e-14 0
6691.372 8.2089e-17 6.83527e-14 0
6696.373 8.2769e-17 6.83527e-14 0
6701.374 8.354e-17 6.83527e-14 0
6706.375 8.4076e-17 6.83527e-14 0
6711.376 8.4049e-17 6.83527e-14 0
6716.377 8.4384e-17 6.83527e-14 0
6721.378 8.4451e-17 6.83527e-14 0
6726.379 7.9364e-17 6.83527e-14 0
6731.38 6.0811e-17 6.83527e-14 0
6736.381 5.8909e-17 6.83527e-14 0
6741.382 5.7166e-17 6.83527e-14 0
6746.383 5.4471e-17 6.83527e-14 0
6751.384 5.4513e-17 6.83527e-14 0
6756.385 5.2579e-17 6.83527e-14 0
6761.386 5.2725e-17 6.83527e-14 0
6766.387 5.3168e-17 6.83527e-14 0
6771.389 5.3301e-17 6.83527e-14 0
6776.39 5.3364e-17 6.83527e-14 0
6781.391 5.2775e-17 6.83527e-14 0
6786.392 5.2108e-17 6.83527e-14 0
6791.393 5.1965e-17 6.83527e-14 0
6796.394 5.1761e-17 6.83527e-14 0
6801.395 5.8524e-17 4.156e-18 1
6806.396 5.9957e-17 3.009e-18 1
6811.397 5.5406e-17 2.867e-18 1
6816.398 6.123e-17 2.865e-18 1
6821.399 5.1064e-17 2.948e-18 1
6826.4 4.5413e-17 3.624e-18 1
6831.401 4.3692e-17 4.739e-18 1
6836.402 4.5818e-17 4.075e-18 1
6841.403 5.0735e-17 3.164e-18 1
6846.404 5.5016e-17 2.85e-18 1
6851.405 5.3075e-17 2.769e-18 1
6856.406 5.3088e-17 2.898e-18 1
6861.407 5.4203e-17 3.909e-18 1
6866.408 4.8465e-17 7.845e-18 1
6871.409 4.5419e-17 5.439e-18 1
6876.41 4.7033e-17 3.676e-18 1
6881.411 4.2981e-17 3.495e-18 1
6886.412 4.7235e-17 4.011e-18 1
6891.413 5.3116e-17 4.243e-18 1
6896.414 4.2098e-17 3.797e-18 1
6901.415 4.8179e-17 4.233e-18 1
6906.416 4.216e-17 3.284e-18 1
6911.417 4.5638e-17 3.636e-18 1
6916.418 4.0628e-17 3.108e-18 1
6921.419 4.4681e-17 3.533e-18 1
6926.42 3.7366e-17 3.758e-18 1
6931.421 3.7963e-17 2.646e-18 1
6936.422 4.076e-17 2.772e-18 1
6941.423 4.0547e-17 3.623e-18 1
6946.424 3.618e-17 3.111e-18 1
6951.425 4.3427e-17 4.311e-18 1
6956.426 3.8065e-17 2.739e-18 1
6961.427 3.4271e-17 2.697e-18 1
6966.429 3.2528e-17 2.761e-18 1
6971.43 3.4327e-17 3.216e-18 1
6976.431 3.2374e-17 3.135e-18 1
6981.432 3.315e-17 3.522e-18 1
6986.433 3.4135e-17 2.728e-18 1
6991.434 3.6904e-17 2.689e-18 1
6996.435 4.2036e-17 2.722e-18 1
7001.436 3.3124e-17 2.881e-18 1
7006.437 3.4675e-17 3.016e-18 1
7011.438 3.9018e-17 3.13e-18 1
7016.439 3.9467e-17 2.779e-18 1
7021.44 4.1385e-17 2.644e-18 1
7026.441 3.9818e-17 2.668e-18 1
7031.442 3.7395e-17 2.791e-18 1
7036.443 3.4122e-17 2.865e-18 1
7041.444 3.8156e-17 2.825e-18 1
7046.445 3.4628e-17 3.084e-18 1
7051.446 3.16e-17 3.314e-18 1
7056.447 3.349e-17 2.911e-18 1
7061.448 3.7173e-17 2.943e-18 1
7066.449 3.5604e-17 3.009e-18 1
7071.45 3.3741e-17 2.994e-18 1
7076.451 3.3043e-17 2.944e-18 1
7081.452 2.8529e-17 3.08e-18 1
7086.453 3.2272e-17 2.972e-18 1
7091.454 3.8401e-17 3.069e-18 1
7096.455 2.5258e-17 2.744e-18 1
7101.456 3.0892e-17 5.434e-18 1
7106.457 4.0779e-17 6.83527e-14 0
7111.458 4.2018e-17 6.83527e-14 0
7116.459 4.2742e-17 6.83527e-14 0
7121.46 4.3111e-17 6.83527e-14 0
7126.461 3.3641e-17 2.8e-18 1
7131.462 3.5007e-17 2.94e-18 1
7136.463 3.3804e-17 2.871e-18 1
7141.464 3.6889e-17 2.932e-18 1
7146.465 3.0663e-17 3.249e-18 1
7151.466 4.0972e-17 3.035e-18 1
7156.468 3.1242e-17 2.866e-18 1
7161.469 3.9659e-17 3.121e-18 1
7166.47 3.5695e-17 3.626e-18 1
7171.471 3.8522e-17 4.053e-18 1
7176.472 4.0975e-17 4.068e-18 1
7181.473 3.9863e-17 4.093e-18 1
7186.474 4.649e-17 4.266e-18 1
7191.475 4.2956e-17 3.881e-18 1
7196.476 3.595e-17 3.889e-18 1
7201.477 4.0682e-17 4.042e-18 1
7206.478 4.5717e-17 3.77e-18 1
7211.479 4.3161e-17 3.241e-18 1
7216.48 4.2497e-17 3.348e-18 1
7221.481 3.4041e-17 3.139e-18 1
7226.482 4.2046e-17 3.534e-18 1
7231.483 3.9575e-17 3.853e-18 1
7236.484 3.8317e-17 4.861e-18 1
7241.485 4.5091e-17 9.393e-18 1
7246.486 3.7075e-17 6.83527e-14 0
7251.487 3.7128e-17 6.83527e-14 0
7256.488 3.727e-17 6.83527e-14 0
7261.489 3.815e-17 6.83527e-14 0
7266.49 2.9926e-17 6.049e-18 1
7271.491 3.4508e-17 4.535e-18 1
7276.492 2.6688e-17 9.088e-18 1
7281.493 3.0249e-17 6.242e-18 1
7286.494 2.3187e-17 6.459e-18 1
7291.495 3.685e-17 4.453e-18 1
7296.496 3.7439e-17 4.425e-18 1
7301.497 3.2718e-17 4.59e-18 1
7306.498 3.3226e-17 5.483e-18 1
7311.499 4.2615e-17 4.543e-18 1
7316.5 3.9429e-17 6.83527e-14 0
7321.501 3.9792e-17 6.83527e-14 0
7326.502 4.02e-17 6.83527e-14 0
7331.503 4.021e-17 6.83527e-14 0
7336.504 3.7892e-17 6.601e-18 1
7341.505 3.736e-17 6.889e-18 1
7346.506 3.5814e-17 4.917e-18 1
7351.508 4.832e-17 3.805e-18 1
7356.509 4.4427e-17 4.008e-18 1
7361.51 3.8322e-17 5.313e-18 1
7366.511 3.2544e-17 4.043e-18 1
7371.512 3.7042e-17 6.449e-18 1
7376.513 4.0122e-17 3.541e-18 1
7381.514 3.6196e-17 2.978e-18 1
7386.515 4.2276e-17 2.986e-18 1
7391.516 4.7992e-17 3.716e-18 1
7396.517 2.8551e-17 3.781e-18 1
7401.518 4.9946e-17 4.463e-18 1
7406.519 4.9191e-17 4.106e-18 1
7411.52 4.3765e-17 2.942e-18 1
7416.521 4.3873e-17 3.09e-18 1
7421.522 4.5658e-17 2.994e-18 1
7426.523 4.2325e-17 3.078e-18 1
7431.524 5.1969e-17 3.717e-18 1
7436.525 3.9389e-17 3.644e-18 1
7441.526 4.4213e-17 4.128e-18 1
7446.527 5.4212e-17 3.133e-18 1
7451.528 5.0836e-17 2.933e-18 1
7456.529 4.9288e-17 2.977e-18 1
7461.53 4.8111e-17 3.173e-18 1
7466.531 4.4049e-17 3.611e-18 1
7471.532 4.8986e-17 4.231e-18 1
7476.533 5.2198e-17 4.314e-18 1
7481.534 5.5148e-17 4.47e-18 1
7486.535 5.8837e-17 4.551e-18 1
7491.536 6.4349e-17 3.357e-18 1
7496.537 5.9697e-17 3.415e-18 1
7501.538 4.4838e-17 3.052e-18 1
7506.539 5.6599e-17 3.005e-18 1
7511.54 5.8744e-17 2.952e-18 1
7516.541 5.2517e-17 3.144e-18 1
7521.542 5.2659e-17 4.05e-18 1
7526.543 5.0034e-17 6.063e-18 1
7531.544 5.7704e-17 4.405e-18 1
7536.545 5.4236e-17 3.44e-18 1
7541.546 5.9917e-17 3.334e-18 1
7546.548 6.3964e-17 3.115e-18 1
7551.549 5.9862e-17 3.053e-18 1
7556.549 5.7182e-17 3.566e-18 1
7561.551 5.6052e-17 3.564e-18 1
7566.552 5.001e-17 3.236e-18 1
7571.553 5.589e-17 5.019e-18 1
7576.554 6.475e-17 4.348e-18 1
7581.555 5.09e-17 3.303e-18 1
7586.556 5.1777e-17 3.768e-18 1
7591.557 6.3039e-17 4.616e-18 1
7596.558 6.1427e-17 9.808e-18 1
7601.559 6.7397e-17 1.8085e-17 1
7606.56 6.7382e-17 1.3607e-17 1
7611.561 6.4986e-17 1.0058e-17 1
7616.562 4.7717e-17 6.734e-18 1
7621.563 5.3509e-17 8.092e-18 1
7626.564 6.7908e-17 1.0845e-17 1
7631.565 4.8604e-17 1.2197e-17 1
7636.566 4.7673e-17 8.096e-18 1
7641.567 6.8941e-17 7.208e-18 1
7646.568 6.7738e-17 6.611e-18 1
7651.569 5.3555e-17 5.92e-18 1
7656.57 5.4511e-17 5.433e-18 1
7661.571 5.6893e-17 5.283e-18 1
7666.572 5.5508e-17 4.906e-18 1
7671.573 6.7305e-17 3.673e-18 1
7676.574 5.3412e-17 3.467e-18 1
7681.575 6.2672e-17 3.496e-18 1
7686.576 6.0435e-17 3.886e-18 1
7691.577 5.7981e-17 3.762e-18 1
7696.578 5.6902e-17 3.678e-18 1
7701.579 5.0622e-17 3.666e-18 1
7706.58 4.9806e-17 3.546e-18 1
7711.581 4.6675e-17 5.763e-18 1
7716.582 3.8283e-17 9.306e-18 1
7721.583 5.028e-17 6.784e-18 1
7726.584 5.0016e-17 4.959e-18 1
7731.585 4.6802e-17 4.064e-18 1
7736.586 5.663e-17 3.749e-18 1
7741.588 5.7948e-17 3.618e-18 1
7746.589 4.7167e-17 4.254e-18 1
7751.589 5.3299e-17 8.494e-18 1
7756.591 5.1218e-17 6.557e-18 1
7761.592 4.8923e-17 6.08e-18 1
7766.593 4.4106e-17 4.387e-18 1
7771.594 4.9451e-17 4.852e-18 1
7776.595 4.6939e-17 6.626e-18 1
7781.596 5.1909e-17 5.611e-18 1
7786.597 4.0193e-17 4.429e-18 1
7791.598 5.115e-17 5.03e-18 1
7796.599 5.6788e-17 7.953e-18 1
7801.6 4.9484e-17 4.397e-18 1
7806.601 4.291e-17 4.37e-18 1
7811.602 4.0947e-17 5.627e-18 1
7816.603 4.9073e-17 4.456e-18 1
7821.604 3.7525e-17 7.914e-18 1
7826.605 3.5679e-17 6.637e-18 1
7831.606 5.564e-17 3.833e-18 1
7836.607 5.8802e-17 3.795e-18 1
7841.608 6.0277e-17 5.323e-18 1
7846.609 5.7364e-17 4.844e-18 1
7851.61 5.357e-17 6.614e-18 1
7856.611 4.4516e-17 8.955e-18 1
7861.612 5.769e-17 6.679e-18 1
7866.613 5.4991e-17 5.668e-18 1
7871.614 4.6749e-17 6.613e-18 1
7876.615 4.2784e-17 5.661e-18 1
7881.616 7.4084e-17 6.17e-18 1
7886.617 4.6481e-17 5.598e-18 1
7891.618 4.3963e-17 6.701e-18 1
7896.619 4.139e-17 5.393e-18 1
7901.62 4.7982e-17 3.843e-18 1
7906.621 4.9472e-17 3.845e-18 1
7911.622 5.9223e-17 5.716e-18 1
7916.623 5.5001e-17 9.57e-18 1
7921.624 5.1372e-17 7.746e-18 1
7926.625 5.5386e-17 5.811e-18 1
7931.626 5.3065e-17 5.704e-18 1
7936.628 4.474e-17 5.082e-18 1
7941.629 5.5275e-17 3.842e-18 1
7946.629 4.8366e-17 4.436e-18 1
7951.631 4.9369e-17 5.412e-18 1
7956.632 5.3246e-17 4.129e-18 1
7961.633 4.4296e-17 4.591e-18 1
7966.634 5.3467e-17 8.437e-18 1
7971.635 6.4356e-17 5.608e-18 1
7976.636 4.4267e-17 4.796e-18 1
7981.637 4.6309e-17 6.061e-18 1
7986.638 6.0567e-17 4.562e-18 1
7991.639 4.1952e-17 6.592e-18 1
7996.64 4.2904e-17 8.4e-18 1
8001.641 4.9111e-17 4.961e-18 1
8006.642 4.4989e-17 3.798e-18 1
8011.643 5.2822e-17 4.335e-18 1
8016.644 4.4361e-17 5.59e-18 1
8021.645 5.5951e-17 4.98e-18 1
8026.646 5.9754e-17 7.192e-18 1
8031.647 5.4179e-17 6.285e-18 1
8036.648 4.994e-17 4.17e-18 1
8041.649 4.7919e-17 3.608e-18 1
8046.65 5.8054e-17 3.588e-18 1
8051.651 4.6794e-17 4.365e-18 1
8056.652 4.7589e-17 4.389e-18 1
8061.653 5.8734e-17 5.146e-18 1
8066.654 4.8329e-17 5.231e-18 1
8071.655 4.4439e-17 3.787e-18 1
8076.656 5.6399e-17 3.637e-18 1
8081.657 5.6014e-17 3.632e-18 1
8086.658 5.0883e-17 3.699e-18 1
8091.659 5.6495e-17 3.795e-18 1
8096.66 5.9574e-17 3.941e-18 1
8101.661 5.2307e-17 4.359e-18 1
8106.662 5.2528e-17 4.363e-18 1
8111.663 4.6034e-17 3.709e-18 1
8116.664 5.176e-17 3.439e-18 1
8121.665 5.361e-17 3.549e-18 1
8126.666 5.352e-17 3.705e-18 1
8131.668 5.0649e-17 4.184e-18 1
8136.668 5.7591e-17 4.187e-18 1
8141.669 5.7435e-17 4.1e-18 1
8146.671 5.9484e-17 4.837e-18 1
8151.672 5.3759e-17 4.722e-18 1
8156.673 5.3316e-17 4.273e-18 1
8161.674 5.4375e-17 4.679e-18 1
8166.675 5.995e-17 4.353e-18 1
8171.676 5.8625e-17 4.051e-18 1
8176.677 5.8677e-17 4.48e-18 1
8181.678 5.6638e-17 4.288e-18 1
8186.679 5.3217e-17 4.12e-18 1
8191.68 6.293e-17 4.466e-18 1
8196.681 5.8698e-17 4.95e-18 1
8201.682 6.2683e-17 4.203e-18 1
8206.683 4.5283e-17 3.818e-18 1
8211.684 5.8598e-17 3.803e-18 1
8216.685 5.2259e-17 3.806e-18 1
8221.686 5.8339e-17 3.945e-18 1
8226.687 5.2524e-17 5.365e-18 1
8231.688 6.2292e-17 5.383e-18 1
8236.689 5.7231e-17 3.934e-18 1
8241.69 5.3958e-17 4.015e-18 1
8246.691 5.6221e-17 4.162e-18 1
8251.692 5.5618e-17 3.891e-18 1
8256.693 5.2185e-17 3.808e-18 1
8261.694 5.2868e-17 3.95e-18 1
8266.695 5.169e-17 4.146e-18 1
8271.696 6.166e-17 4.327e-18 1
8276.697 5.3159e-17 5.63e-18 1
8281.698 4.7837e-17 8.319e-18 1
8286.699 4.6214e-17 9.052e-18 1
8291.7 7.1211e-17 9.613e-18 1
8296.701 6.4858e-17 9.578e-18 1
8301.702 4.9252e-17 9.881e-18 1
8306.703 5.4966e-17 7.22e-18 1
8311.704 5.6738e-17 5.997e-18 1
8316.705 4.0582e-17 5.602e-18 1
8321.706 6.2511e-17 5.295e-18 1
8326.708 6.2271e-17 4.782e-18 1
8331.708 5.3131e-17 4.09e-18 1
8336.709 5.602e-17 4.247e-18 1
8341.711 4.1054e-17 6.014e-18 1
8346.712 4.4094e-17 1.2936e-17 1
8351.713 4.3179e-17 1.1621e-17 1
8356.714 5.3328e-17 8.034e-18 1
8361.715 5.3337e-17 6.445e-18 1
8366.716 4.9273e-17 6.135e-18 1
8371.717 5.565e-17 5.304e-18 1
8376.718 5.3789e-17 4.477e-18 1
8381.719 6.6999e-17 6.583e-18 1
8386.72 6.6056e-17 6.667e-18 1
8391.721 5.9042e-17 5.221e-18 1
8396.722 6.0962e-17 6.426e-18 1
8401.723 6.499e-17 1.1591e-17 1
8406.724 4.2986e-17 8.334e-18 1
8411.725 5.6688e-17 5.276e-18 1
8416.726 6.2659e-17 7.67e-18 1
8421.727 6.9714e-17 6.748e-18 1
8426.728 6.2562e-17 6.504e-18 1
8431.729 3.4652e-17 1.2023e-17 1
8436.73 4.1858e-17 1.0116e-17 1
8441.731 4.3385e-17 5.531e-18 1
8446.732 6.7589e-17 5.712e-18 1
8451.733 5.2162e-17 6.933e-18 1
8456.734 7.5946e-17 7.174e-18 1
8461.735 6.1683e-17 6.302e-18 1
8466.736 5.3029e-17 1.0158e-17 1
8471.737 4.2549e-17 8.778e-18 1
8476.738 4.6185e-17 5.483e-18 1
8481.739 5.979e-17 4.478e-18 1
8486.74 6.4213e-17 4.324e-18 1
8491.741 4.2358e-17 5.076e-18 1
8496.742 5.5174e-17 6.254e-18 1
8501.743 5.9094e-17 6.347e-18 1
8506.744 5.3505e-17 8.097e-18 1
8511.745 5.1533e-17 6.736e-18 1
8516.746 5.8985e-17 4.699e-18 1
8521.748 5.9618e-17 4.347e-18 1
8526.748 5.2778e-17 4.334e-18 1
8531.749 5.6641e-17 4.251e-18 1
8536.751 6.2382e-17 4.907e-18 1
8541.752 6.2453e-17 5.26e-18 1
8546.753 5.4113e-17 5.622e-18 1
8551.754 6.8697e-17 6.244e-18 1
8556.755 6.5183e-17 5.379e-18 1
8561.756 6.4262e-17 4.437e-18 1
8566.757 5.8042e-17 4.454e-18 1
8571.758 7.1774e-17 4.415e-18 1
8576.759 6.439e-17 4.6e-18 1
8581.76 6.4591e-17 4.726e-18 1
8586.761 6.5291e-17 4.723e-18 1
8591.762 7.1117e-17 5.074e-18 1
8596.763 6.2713e-17 5.402e-18 1
8601.764 7.4627e-17 5.336e-18 1
8606.765 7.158e-17 5.032e-18 1
8611.766 7.2302e-17 5.127e-18 1
8616.767 6.013e-17 6.155e-18 1
8621.768 6.8366e-17 7.777e-18 1
8626.769 4.529e-17 9.446e-18 1
8631.77 4.3624e-17 1.0444e-17 1
8636.771 6.001e-17 1.0263e-17 1
8641.772 6.3665e-17 8.867e-18 1
8646.773 4.8676e-17 7.736e-18 1
8651.774 7.9797e-17 9.053e-18 1
8656.775 8.8438e-17 1.0475e-17 1
8661.776 7.0779e-17 1.0871e-17 1
8666.777 7.0275e-17 1.0582e-17 1
8671.778 7.0686e-17 9.801e-18 1
8676.779 8.208e-17 9.33e-18 1
8681.78 6.7137e-17 7.996e-18 1
8686.781 4.774e-17 7.082e-18 1
8691.782 6.4458e-17 6.363e-18 1
8696.783 5.2792e-17 5.969e-18 1
8701.784 8.4343e-17 6.293e-18 1
8706.785 6.1639e-17 5.997e-18 1
8711.786 6.2268e-17 5.864e-18 1
8716.787 6.8924e-17 5.801e-18 1
8721.788 6.5154e-17 5.411e-18 1
8726.789 5.2684e-17 5.454e-18 1
8731.791 6.3083e-17 5.535e-18 1
8736.792 7.4711e-17 5.619e-18 1
8741.793 6.9675e-17 5.813e-18 1
8746.794 5.9569e-17 5.852e-18 1
8751.795 6.8613e-17 5.988e-18 1
8756.796 6.6967e-17 6.757e-18 1
8761.797 7.1459e-17 1.1681e-17 1
8766.798 5.6716e-17 1.4124e-17 1
8771.799 6.4753e-17 1.3803e-17 1
8776.8 6.9436e-17 1.4236e-17 1
8781.801 3.4306e-17 1.3864e-17 1
8786.802 4.7885e-17 1.0595e-17 1
8791.803 5.7309e-17 1.011e-17 1
8796.804 6.9754e-17 8.632e-18 1
8801.805 5.3121e-17 7.314e-18 1
8806.806 4.799e-17 6.562e-18 1
8811.807 4.2647e-17 7.228e-18 1
8816.808 5.4379e-17 6.803e-18 1
8821.809 3.5419e-17 7.004e-18 1
8826.81 4.2935e-17 1.5653e-17 1
8831.811 4.1003e-17 1.847e-17 1
8836.812 4.5809e-17 1.8455e-17 1
8841.813 1.525e-18 1.3406e-17 1
8846.814 7.0231e-17 1.0254e-17 1
8851.815 5.1345e-17 9.968e-18 1
8856.816 8.3369e-17 9.19e-18 1
8861.817 7.7171e-17 8.175e-18 1
8866.818 4.5005e-17 9.826e-18 1
8871.819 6.7726e-17 1.1442e-17 1
8876.82 3.1459e-17 9.509e-18 1
8881.821 6.8825e-17 8.492e-18 1
8886.822 6.1364e-17 1.7398e-17 1
8891.823 6.8468e-17 1.6009e-17 1
8896.824 3.5821e-17 1.2093e-17 1
8901.825 6.0266e-17 1.1229e-17 1
8906.826 4.2392e-17 1.2679e-17 1
8911.827 6.4721e-17 1.0734e-17 1
8916.828 4.4481e-17 1.0926e-17 1
8921.829 6.5651e-17 1.9538e-17 1
8926.831 4.1999e-17 1.5912e-17 1
8931.832 2.7064e-17 1.1806e-17 1
8936.832 4.2411e-17 8.715e-18 1
8941.834 3.254e-17 9.886e-18 1
8946.835 3.1711e-17 1.2698e-17 1
8951.836 4.5486e-17 1.0326e-17 1
8956.837 3.5206e-17 1.2511e-17 1
8961.838 5.9633e-17 1.6725e-17 1
8966.839 3.1226e-17 1.3157e-17 1
8971.84 4.3937e-17 1.0027e-17 1
