# converted by J. Guy, 2010-10-18
# from  Balland et al. 2009A&A...507...85B
@Redshift 0.536
@FORMAT STD
@Date 53639
@EXTRACT_TYPE P
@GALAXY_MODEL NoGalaxy
@SELECTED_FOR_SNLS3_TRAINING 1
@SN 05D4ek
@SURVEY SNLS_VLT_SPEC
@Source VLT
#WAVE : wavelength, observer frame, in A
#FLUX : erg/s/cm2/A
#ERR  : statistical uncertainty on flux
#VALID : 1=ok 0=ignore
#end
4253.09 6.15e-19 8.47e-19 1
4258.09 2.13e-19 9.3e-19 1
4263.09 1.933e-18 8.53e-19 1
4268.09 5.86e-19 7.71e-19 1
4273.09 7.81e-19 7.2e-19 1
4278.09 -2.49e-19 6.85e-19 1
4283.09 9.99e-19 6.32e-19 1
4288.09 8.06e-19 5.91e-19 1
4293.09 -1.28e-19 5.69e-19 1
4298.09 -1.01e-19 5.29e-19 1
4303.09 6.16e-19 5.04e-19 1
4308.09 -1.57e-19 4.8e-19 1
4313.09 5.61e-19 4.78e-19 1
4318.09 3.16e-19 4.69e-19 1
4323.09 8.65e-19 4.63e-19 1
4328.09 5.34e-19 4.36e-19 1
4333.09 6.66e-19 4.23e-19 1
4338.09 9.63e-19 4.05e-19 1
4343.09 3.62e-19 4e-19 1
4348.09 -7.4e-20 3.87e-19 1
4353.09 -1.66e-19 3.91e-19 1
4358.09 7.21e-19 3.8e-19 1
4363.09 6.7e-19 3.69e-19 1
4368.09 2.65e-19 3.59e-19 1
4373.09 1.22e-19 3.51e-19 1
4378.09 1.23e-19 3.4e-19 1
4383.09 5.35e-19 3.37e-19 1
4388.09 1.326e-18 3.29e-19 1
4393.09 5.91e-19 3.22e-19 1
4398.09 2.59e-19 3.23e-19 1
4403.09 5.6e-19 3.26e-19 1
4408.09 3.97e-19 3.27e-19 1
4413.09 6.24e-19 3.24e-19 1
4418.09 -2.09e-19 3.23e-19 1
4423.09 3.17e-19 3.18e-19 1
4428.09 -1.6e-20 3.12e-19 1
4433.09 6.59e-19 3.05e-19 1
4438.09 5.09e-19 2.99e-19 1
4443.09 -1.35e-19 2.99e-19 1
4448.09 7.46e-19 2.96e-19 1
4453.09 3.59e-19 2.88e-19 1
4458.09 5.09e-19 2.83e-19 1
4463.09 1.34e-19 2.8e-19 1
4468.09 6.01e-19 2.79e-19 1
4473.09 1.5e-20 2.84e-19 1
4478.09 7.89e-19 2.75e-19 1
4483.09 3.39e-19 2.79e-19 1
4488.09 1.6e-19 2.75e-19 1
4493.09 4.37e-19 2.71e-19 1
4498.09 5e-19 2.72e-19 1
4503.09 1.27e-19 2.74e-19 1
4508.09 2.64e-19 2.75e-19 1
4513.09 7.95e-19 2.71e-19 1
4518.09 2.35e-19 2.69e-19 1
4523.09 6.75e-19 2.66e-19 1
4528.09 8.56e-19 2.67e-19 1
4533.09 -1.15e-19 2.62e-19 1
4538.09 2.81e-19 2.68e-19 1
4543.09 -1.27e-19 2.67e-19 1
4548.09 5.78e-19 2.61e-19 1
4553.09 3.85e-19 2.61e-19 1
4558.09 2.36e-19 2.56e-19 1
4563.09 3.74e-19 2.54e-19 1
4568.09 6.9e-19 2.55e-19 1
4573.09 2.8e-20 2.57e-19 1
4578.09 1.69e-19 2.57e-19 1
4583.09 5.54e-19 2.53e-19 1
4588.09 6.6e-19 2.51e-19 1
4593.09 6.59e-19 2.52e-19 1
4598.09 4.34e-19 2.48e-19 1
4603.09 3.94e-19 2.47e-19 1
4608.09 6.99e-19 2.45e-19 1
4613.09 4.17e-19 2.44e-19 1
4618.09 6.78e-19 2.47e-19 1
4623.09 1.98e-19 2.46e-19 1
4628.09 1.8e-19 2.44e-19 1
4633.09 7.58e-19 2.4e-19 1
4638.09 3.9e-19 2.45e-19 1
4643.09 1.079e-18 2.39e-19 1
4648.09 5.5e-20 2.38e-19 1
4653.09 6.15e-19 2.37e-19 1
4658.09 4.85e-19 2.42e-19 1
4663.09 4.53e-19 2.37e-19 1
4668.09 3.24e-19 2.38e-19 1
4673.09 5.37e-19 2.37e-19 1
4678.09 2.75e-19 2.38e-19 1
4683.09 -1.3e-19 2.35e-19 1
4688.09 4.8e-19 3.26e-19 1
4693.09 8.45e-19 2.38e-19 1
4698.09 6.02e-19 2.28e-19 1
4703.09 9.42e-19 2.29e-19 1
4708.09 3.41e-19 2.28e-19 1
4713.09 8.24e-19 2.29e-19 1
4718.09 9.34e-19 2.31e-19 1
4723.09 3.84e-19 2.29e-19 1
4728.09 4.4e-19 2.27e-19 1
4733.09 3.41e-19 2.26e-19 1
4738.09 -1.74e-19 2.28e-19 1
4743.09 3.22e-19 2.24e-19 1
4748.09 4.65e-19 2.26e-19 1
4753.09 5.65e-19 2.26e-19 1
4758.09 8.31e-19 2.25e-19 1
4763.09 4.15e-19 2.21e-19 1
4768.09 5.85e-19 2.23e-19 1
4773.09 9.46e-19 2.27e-19 1
4778.09 3.04e-19 2.28e-19 1
4783.09 4.37e-19 2.2e-19 1
4788.09 7.16e-19 2.23e-19 1
4793.09 5.25e-19 2.22e-19 1
4798.09 3.17e-19 2.22e-19 1
4803.09 3.36e-19 2.23e-19 1
4808.09 6.65e-19 2.23e-19 1
4813.09 6.28e-19 2.26e-19 1
4818.09 5.95e-19 2.28e-19 1
4823.09 4.19e-19 2.27e-19 1
4828.09 9.1e-19 2.25e-19 1
4833.09 1.75e-19 2.24e-19 1
4838.09 5.4e-19 2.24e-19 1
4843.09 7.5e-19 3.08e-19 1
4848.09 9.04e-19 2.19e-19 1
4853.09 7.92e-19 2.15e-19 1
4858.09 7.65e-19 2.16e-19 1
4863.09 4.22e-19 2.11e-19 1
4868.09 1.47e-19 2.08e-19 1
4873.09 5.47e-19 2.09e-19 1
4878.09 4.76e-19 2.15e-19 1
4883.09 2.4e-20 2.16e-19 1
4888.09 2.8e-19 2.14e-19 1
4893.09 7.38e-19 2.15e-19 1
4898.09 4.59e-19 2.15e-19 1
4903.09 3.05e-19 2.15e-19 1
4908.09 3.13e-19 2.13e-19 1
4913.09 1.32e-19 2.12e-19 1
4918.09 5.65e-19 2.08e-19 1
4923.09 3.85e-19 2.05e-19 1
4928.09 6.12e-19 2.11e-19 1
4933.09 1.31e-19 2.11e-19 1
4938.09 3.69e-19 2.08e-19 1
4943.09 1.11e-19 2.1e-19 1
4948.09 4.85e-19 2.12e-19 1
4953.09 1.12e-18 2.96e-19 1
4958.09 4.44e-19 2.08e-19 1
4963.09 8.3e-19 2.09e-19 1
4968.09 7.89e-19 2.09e-19 1
4973.09 6.05e-19 2.11e-19 1
4978.09 4.05e-19 2.08e-19 1
4983.09 5.89e-19 2.02e-19 1
4988.09 4.7e-19 2.04e-19 1
4993.09 2.35e-19 2.05e-19 1
4998.09 5.06e-19 2.06e-19 1
5003.09 3.03e-19 2.05e-19 1
5008.09 8.34e-19 2e-19 1
5013.09 4.43e-19 2.02e-19 1
5018.09 5.33e-19 2.02e-19 1
5023.09 2.34e-19 1.99e-19 1
5028.09 4.94e-19 2e-19 1
5033.09 6e-19 2e-19 1
5038.09 6e-19 1.98e-19 1
5043.09 5.87e-19 1.97e-19 1
5048.09 5.5e-19 2.8e-19 1
5053.09 6.08e-19 1.99e-19 1
5058.09 4.22e-19 1.99e-19 1
5063.09 8.47e-19 1.99e-19 1
5068.09 4.4e-19 1.97e-19 1
5073.09 4.55e-19 1.98e-19 1
5078.09 2.72e-19 1.93e-19 1
5083.09 6.84e-19 1.95e-19 1
5088.09 4.06e-19 1.98e-19 1
5093.09 8.44e-19 1.97e-19 1
5098.09 2.63e-19 1.96e-19 1
5103.09 4.99e-19 1.97e-19 1
5108.09 4.78e-19 1.96e-19 1
5113.09 4.49e-19 1.98e-19 1
5118.09 1.99e-19 1.97e-19 1
5123.09 6.74e-19 1.94e-19 1
5128.09 2e-19 2.7e-19 1
5133.09 6.72e-19 1.96e-19 1
5138.09 3.61e-19 1.96e-19 1
5143.09 7.09e-19 1.96e-19 1
5148.09 6e-19 1.95e-19 1
5153.09 6.62e-19 1.96e-19 1
5158.09 7.7e-19 1.97e-19 1
5163.09 5.27e-19 1.92e-19 1
5168.09 5.09e-19 1.87e-19 1
5173.09 -5e-21 1.88e-19 1
5178.09 7.05e-19 1.92e-19 1
5183.09 6.03e-19 1.92e-19 1
5188.09 6.34e-19 1.91e-19 1
5193.09 6.1e-19 2e-19 1
5198.09 7.36e-19 2.03e-19 1
5203.09 9.6e-19 2.88e-19 1
5208.09 7.67e-19 1.99e-19 1
5213.09 7.4e-19 1.96e-19 1
5218.09 3.13e-19 1.96e-19 1
5223.09 6.6e-19 1.98e-19 1
5228.09 1.061e-18 1.97e-19 1
5233.09 9.95e-19 1.96e-19 1
5238.09 6.92e-19 1.97e-19 1
5243.09 7.65e-19 2e-19 1
5248.09 7.74e-19 1.96e-19 1
5253.09 2.93e-19 1.99e-19 1
5258.09 9.38e-19 1.97e-19 1
5263.09 9.72e-19 1.89e-19 1
5268.09 8.94e-19 1.86e-19 1
5273.09 8.5e-19 2.71e-19 1
5278.09 4.38e-19 1.95e-19 1
5283.09 9e-19 1.96e-19 1
5288.09 5.92e-19 1.94e-19 1
5293.09 5.16e-19 1.95e-19 1
5298.09 9.76e-19 1.95e-19 1
5303.09 9.54e-19 1.96e-19 1
5308.09 1.045e-18 1.96e-19 1
5313.09 8.66e-19 1.97e-19 1
5318.09 8.13e-19 1.97e-19 1
5323.09 1.222e-18 1.98e-19 1
5328.09 1.023e-18 1.97e-19 1
5333.09 9.06e-19 1.99e-19 1
5338.09 8.4e-19 2.74e-19 1
5343.09 6.21e-19 1.94e-19 1
5348.09 9.95e-19 1.92e-19 1
5353.09 7.92e-19 1.96e-19 1
5358.09 1.211e-18 1.93e-19 1
5363.09 1.243e-18 1.92e-19 1
5368.09 1.032e-18 1.92e-19 1
5373.09 1.37e-18 1.92e-19 1
5378.09 1.057e-18 1.92e-19 1
5383.09 8.82e-19 1.92e-19 1
5388.09 1.401e-18 1.91e-19 1
5393.09 1.16e-18 1.9e-19 1
5398.09 1.31e-18 2.69e-19 1
5403.09 1.325e-18 1.87e-19 1
5408.09 1.31e-18 1.9e-19 1
5413.09 1.46e-18 1.89e-19 1
5418.09 1.364e-18 1.89e-19 1
5423.09 1.62e-18 1.9e-19 1
5428.09 1.526e-18 1.9e-19 1
5433.09 1.755e-18 1.9e-19 1
5438.09 1.545e-18 1.94e-19 1
5443.09 1.159e-18 1.91e-19 1
5448.09 1.725e-18 1.91e-19 1
5453.09 2.048e-18 1.92e-19 1
5458.09 1.47e-18 2.73e-19 1
5463.09 1.793e-18 1.92e-19 1
5468.09 1.755e-18 1.93e-19 1
5473.09 1.943e-18 1.93e-19 1
5478.09 1.859e-18 1.92e-19 1
5483.09 1.96e-18 1.91e-19 1
5488.09 1.593e-18 1.93e-19 1
5493.09 1.941e-18 1.94e-19 1
5498.09 1.946e-18 1.95e-19 1
5503.09 1.834e-18 1.92e-19 1
5508.09 1.546e-18 1.93e-19 1
5513.09 1.67e-18 2.75e-19 1
5518.09 1.99e-18 1.96e-19 1
5523.09 2.018e-18 1.94e-19 1
5528.09 1.955e-18 1.95e-19 1
5533.09 2.114e-18 1.93e-19 1
5538.09 1.849e-18 1.95e-19 1
5543.09 1.986e-18 2.03e-19 1
5548.09 2.065e-18 2.02e-19 1
5553.09 1.79e-18 1.98e-19 1
5558.09 1.738e-18 2e-19 1
5563.09 1.855e-18 2.04e-19 1
5568.09 1.87e-18 2.92e-19 1
5573.09 2.488e-18 3.71e-19 1
5578.09 2.415e-18 4.95e-19 1
5583.09 1.476e-18 4.66e-19 1
5588.09 1.181e-18 2.14e-19 1
5593.09 1.771e-18 2e-19 1
5598.09 1.802e-18 1.97e-19 1
5603.09 1.221e-18 2.02e-19 1
5608.09 1.761e-18 2.03e-19 1
5613.09 1.216e-18 1.99e-19 1
5618.09 9.6e-19 2.81e-19 1
5623.09 1.366e-18 2e-19 1
5628.09 1.428e-18 2.01e-19 1
5633.09 1.53e-18 1.98e-19 1
5638.09 1.146e-18 1.96e-19 1
5643.09 1.156e-18 2e-19 1
5648.09 2.25e-19 2e-19 1
5653.09 9.08e-19 1.96e-19 1
5658.09 1.011e-18 1.95e-19 1
5663.09 7.95e-19 1.97e-19 1
5668.09 1.85e-18 2.84e-19 1
5673.09 3.89e-19 2e-19 1
5678.09 9.15e-19 2e-19 1
5683.09 7.7e-19 2e-19 1
5688.09 8.18e-19 2.02e-19 1
5693.09 3.5e-19 2.04e-19 1
5698.09 9.33e-19 2.02e-19 1
5703.09 6.47e-19 2.01e-19 1
5708.09 1.02e-18 2.01e-19 1
5713.09 6.7e-19 2e-19 1
5718.09 2e-19 2.9e-19 1
5723.09 8.25e-19 2.05e-19 1
5728.09 7.13e-19 2.03e-19 1
5733.09 3.93e-19 2e-19 1
5738.09 9.49e-19 2.02e-19 1
5743.09 8.62e-19 2.02e-19 1
5748.09 7.35e-19 2.01e-19 1
5753.09 6.4e-19 1.98e-19 1
5758.09 6.58e-19 2e-19 1
5763.09 5.9e-19 2.02e-19 1
5768.09 6.7e-19 2.87e-19 1
5773.09 6.71e-19 2.03e-19 1
5778.09 8.7e-19 2e-19 1
5783.09 5.59e-19 1.99e-19 1
5788.09 9e-19 2e-19 1
5793.09 7.13e-19 1.99e-19 1
5798.09 9.43e-19 2.01e-19 1
5803.09 1.229e-18 2.03e-19 1
5808.09 6.88e-19 2.03e-19 1
5813.09 8.9e-19 2.88e-19 1
5818.09 1.16e-18 2.03e-19 1
5823.09 9.29e-19 2.04e-19 1
5828.09 1.525e-18 2.06e-19 1
5833.09 1.37e-18 2.03e-19 1
5838.09 1.221e-18 2.05e-19 1
5843.09 9.29e-19 2.03e-19 1
5848.09 1.269e-18 2.03e-19 1
5853.09 1.344e-18 2.03e-19 1
5858.09 8.2e-19 2.89e-19 1
5863.09 1.446e-18 2.21e-19 1
5868.09 1.379e-18 2.33e-19 1
5873.09 1.328e-18 2.34e-19 1
5878.09 1.203e-18 2.19e-19 1
5883.09 7.88e-19 2.6e-19 1
5888.09 1.622e-18 3.68e-19 1
5893.09 6.19e-19 4.1e-19 1
5898.09 1.829e-18 3.24e-19 1
5903.09 9.63e-19 2.44e-19 1
5908.09 1.42e-18 3.15e-19 1
5913.09 1.684e-18 2.35e-19 1
5918.09 1.56e-18 2.32e-19 1
5923.09 1.473e-18 2.27e-19 1
5928.09 1.791e-18 2.34e-19 1
5933.09 1.462e-18 2.41e-19 1
5938.09 2.172e-18 2.3e-19 1
5943.09 1.843e-18 2.2e-19 1
5948.09 1.37e-18 3.22e-19 1
5953.09 2.329e-18 2.33e-19 1
5958.09 2.02e-18 2.27e-19 1
5963.09 2.236e-18 2.15e-19 1
5968.09 2.251e-18 2.2e-19 1
5973.09 2.155e-18 2.24e-19 1
5978.09 2.517e-18 2.21e-19 1
5983.09 1.753e-18 2.17e-19 1
5988.09 2.611e-18 2.09e-19 1
5993.09 2.55e-18 2.99e-19 1
5998.09 2.605e-18 2.12e-19 1
6003.09 2.625e-18 2.14e-19 1
6008.09 2.551e-18 2.09e-19 1
6013.09 2.074e-18 2.02e-19 1
6018.09 2.41e-18 2.01e-19 1
6023.09 2.325e-18 2.02e-19 1
6028.09 2.066e-18 2.05e-19 1
6033.09 2.316e-18 2.03e-19 1
6038.09 2.04e-18 2.91e-19 1
6043.09 2.212e-18 2.01e-19 1
6048.09 1.934e-18 2e-19 1
6053.09 2.329e-18 1.97e-19 1
6058.09 2.375e-18 1.97e-19 1
6063.09 2.425e-18 1.97e-19 1
6068.09 2.736e-18 1.98e-19 1
6073.09 2.38e-18 1.98e-19 1
6078.09 2.52e-18 2.74e-19 1
6083.09 2.707e-18 1.95e-19 1
6088.09 2.526e-18 1.96e-19 1
6093.09 1.925e-18 1.96e-19 1
6098.09 2.493e-18 1.94e-19 1
6103.09 2.357e-18 1.97e-19 1
6108.09 2.393e-18 1.96e-19 1
6113.09 2.13e-18 1.96e-19 1
6118.09 1.99e-18 2.75e-19 1
6123.09 2.205e-18 1.93e-19 1
6128.09 1.754e-18 1.92e-19 1
6133.09 1.761e-18 1.96e-19 1
6138.09 2.452e-18 2.01e-19 1
6143.09 1.7e-18 2.04e-19 1
6148.09 1.716e-18 2e-19 1
6153.09 2.11e-18 2e-19 1
6158.09 1.87e-18 1.97e-19 1
6163.09 2.21e-18 2.84e-19 1
6168.09 1.75e-18 2.02e-19 1
6173.09 1.962e-18 2.06e-19 1
6178.09 1.878e-18 2.01e-19 1
6183.09 1.97e-18 1.93e-19 1
6188.09 1.714e-18 1.94e-19 1
6193.09 1.623e-18 1.92e-19 1
6198.09 1.733e-18 2e-19 1
6203.09 1.75e-18 2.85e-19 1
6208.09 2.783e-18 2.05e-19 1
6213.09 2.03e-18 1.93e-19 1
6218.09 2.404e-18 2e-19 1
6223.09 2.032e-18 1.99e-19 1
6228.09 2.336e-18 2.1e-19 1
6233.09 2.05e-18 2.36e-19 1
6238.09 2.501e-18 2.47e-19 1
6243.09 2.49e-18 3.25e-19 1
6248.09 2.277e-18 2.06e-19 1
6253.09 2.617e-18 2.18e-19 1
6258.09 2.512e-18 2.33e-19 1
6263.09 2.238e-18 2.39e-19 1
6268.09 2.422e-18 2.16e-19 1
6273.09 2.436e-18 2.11e-19 1
6278.09 2.7e-18 2.09e-19 1
6283.09 2.15e-18 3.3e-19 1
6288.09 2.285e-18 2.31e-19 1
6293.09 2.327e-18 2.61e-19 1
6298.09 2.04e-18 3.78e-19 1
6303.09 2.45e-18 3.97e-19 1
6308.09 2.348e-18 2.81e-19 1
6313.09 2.458e-18 2.19e-19 1
6318.09 2.19e-18 2.07e-19 1
6323.09 3.24e-18 3.08e-19 1
6328.09 2.126e-18 2.33e-19 1
6333.09 2.116e-18 2.25e-19 1
6338.09 2.513e-18 2.02e-19 1
6343.09 2.351e-18 1.97e-19 1
6348.09 2.036e-18 2.08e-19 1
6353.09 1.725e-18 2.18e-19 1
6358.09 2.81e-18 3.57e-19 1
6363.09 2.029e-18 2.74e-19 1
6368.09 2.025e-18 2.63e-19 1
6373.09 2.234e-18 2.11e-19 1
6378.09 1.665e-18 1.97e-19 1
6383.09 1.988e-18 2.04e-19 1
6388.09 1.922e-18 2.01e-19 1
6393.09 2.182e-18 1.95e-19 1
6398.09 1.79e-18 2.72e-19 1
6403.09 1.7e-18 1.87e-19 1
6408.09 2.136e-18 1.87e-19 1
6413.09 2.114e-18 1.9e-19 1
6418.09 2.077e-18 1.91e-19 1
6423.09 2.305e-18 1.9e-19 1
6428.09 2.06e-18 1.87e-19 1
6433.09 2.07e-18 1.85e-19 1
6438.09 1.91e-18 2.6e-19 1
6443.09 2.103e-18 1.86e-19 1
6448.09 1.895e-18 1.88e-19 1
6453.09 1.945e-18 1.91e-19 1
6458.09 1.815e-18 2.01e-19 1
6463.09 2.088e-18 2.2e-19 1
6468.09 1.927e-18 2.43e-19 1
6473.09 2.05e-18 3.35e-19 1
6478.09 1.597e-18 2.06e-19 1
6483.09 1.629e-18 1.91e-19 1
6488.09 1.551e-18 1.83e-19 1
6493.09 1.788e-18 2.07e-19 1
6498.09 1.854e-18 2.32e-19 1
6503.09 1.687e-18 2.34e-19 1
6508.09 2.001e-18 2.01e-19 1
6513.09 2.1e-18 2.65e-19 1
6518.09 1.78e-18 1.91e-19 1
6523.09 1.44e-18 1.94e-19 1
6528.09 1.725e-18 2.13e-19 1
6533.09 1.34e-18 2.18e-19 1
6538.09 1.549e-18 2.19e-19 1
6543.09 1.604e-18 1.98e-19 1
6548.09 2.06e-18 3.11e-19 1
6553.09 1.608e-18 2.26e-19 1
6558.09 1.213e-18 2.25e-19 1
6563.09 1.372e-18 2.03e-19 1
6568.09 1.659e-18 1.99e-19 1
6573.09 1.467e-18 2.16e-19 1
6578.09 1.331e-18 2.11e-19 1
6583.09 1.5e-18 2.98e-19 1
6588.09 1.157e-18 1.87e-19 1
6593.09 1.181e-18 1.88e-19 1
6598.09 1.347e-18 1.94e-19 1
6603.09 1.364e-18 2.03e-19 1
6608.09 1.14e-18 1.96e-19 1
6613.09 1.209e-18 1.82e-19 1
6618.09 1.332e-18 1.81e-19 1
6623.09 1.29e-18 2.59e-19 1
6628.09 1.006e-18 1.85e-19 1
6633.09 1.165e-18 1.9e-19 1
6638.09 1.098e-18 1.86e-19 1
6643.09 1.183e-18 1.83e-19 1
6648.09 9.42e-19 1.81e-19 1
6653.09 1.57e-18 1.81e-19 1
6658.09 1.32e-18 2.55e-19 1
6663.09 1.298e-18 1.83e-19 1
6668.09 1.198e-18 1.85e-19 1
6673.09 1.184e-18 1.81e-19 1
6678.09 1.384e-18 1.8e-19 1
6683.09 1.36e-18 1.83e-19 1
6688.09 1.142e-18 1.82e-19 1
6693.09 7e-19 2.54e-19 1
6698.09 1.18e-18 1.82e-19 1
6703.09 1.49e-18 1.84e-19 1
6708.09 1.411e-18 1.83e-19 1
6713.09 1.395e-18 1.83e-19 1
6718.09 1.158e-18 1.82e-19 1
6723.09 1.59e-18 1.82e-19 1
6728.09 1.61e-18 2.53e-19 1
6733.09 1.576e-18 1.82e-19 1
6738.09 1.5e-18 1.83e-19 1
6743.09 1.415e-18 1.83e-19 1
6748.09 1.681e-18 1.81e-19 1
6753.09 1.58e-18 1.8e-19 1
6758.09 1.227e-18 1.78e-19 1
6763.09 1.469e-18 1.81e-19 1
6768.09 1.61e-18 2.52e-19 1
6773.09 1.542e-18 1.8e-19 1
6778.09 1.43e-18 1.79e-19 1
6783.09 1.197e-18 1.8e-19 1
6788.09 1.634e-18 1.82e-19 1
6793.09 1.618e-18 1.81e-19 1
6798.09 1.26e-18 1.8e-19 1
6803.09 1.64e-18 2.61e-19 1
6808.09 1.351e-18 1.79e-19 1
6813.09 1.779e-18 1.82e-19 1
6818.09 1.361e-18 1.82e-19 1
6823.09 1.775e-18 2.18e-19 1
6828.09 1.523e-18 2.72e-19 1
6833.09 1.776e-18 2.86e-19 1
6838.09 1.04e-18 3.62e-19 1
6843.09 1.443e-18 2.16e-19 1
6848.09 1.612e-18 1.94e-19 1
6853.09 1.78e-18 1.88e-19 1
6858.09 1.593e-18 2.41e-19 1
6863.09 2.267e-18 2.97e-19 1
6868.09 1.689e-18 3.19e-19 1
6873.09 2.04e-18 3.48e-19 1
6878.09 2.001e-18 2.39e-19 1
6883.09 1.948e-18 2.3e-19 1
6888.09 1.948e-18 2.38e-19 1
6893.09 1.653e-18 2.33e-19 1
6898.09 1.599e-18 2.34e-19 1
6903.09 1.684e-18 2.28e-19 1
6908.09 2.05e-18 3.4e-19 1
6913.09 1.929e-18 2.27e-19 1
6918.09 1.429e-18 2.51e-19 1
6923.09 1.909e-18 2.53e-19 1
6928.09 2.128e-18 2.42e-19 1
6933.09 1.593e-18 2.06e-19 1
6938.09 1.925e-18 2.15e-19 1
6943.09 1.99e-18 3.54e-19 1
6948.09 2.122e-18 2.63e-19 1
6953.09 1.9e-18 2.54e-19 1
6958.09 1.781e-18 2.04e-19 1
6963.09 2.531e-18 1.97e-19 1
6968.09 2.178e-18 2.04e-19 1
6973.09 2.08e-18 3.22e-19 1
6978.09 2.216e-18 2.32e-19 1
6983.09 2.25e-18 3.2e-19 1
6988.09 1.864e-18 1.96e-19 1
6993.09 1.758e-18 1.87e-19 1
6998.09 1.899e-18 1.96e-19 1
7003.09 1.846e-18 2.02e-19 1
7008.09 1.85e-18 3.04e-19 1
7013.09 1.859e-18 2.07e-19 1
7018.09 1.963e-18 1.97e-19 1
7023.09 1.605e-18 1.83e-19 1
7028.09 1.842e-18 1.83e-19 1
7033.09 1.555e-18 1.87e-19 1
7038.09 1.908e-18 1.88e-19 1
7043.09 2.36e-18 2.83e-19 1
7048.09 1.82e-18 2.08e-19 1
7053.09 2.039e-18 2.05e-19 1
7058.09 1.719e-18 1.93e-19 1
7063.09 1.916e-18 1.93e-19 1
7068.09 1.57e-18 1.96e-19 1
7073.09 1.865e-18 1.95e-19 1
7078.09 1.89e-18 2.79e-19 1
7083.09 1.833e-18 1.96e-19 1
7088.09 1.965e-18 1.96e-19 1
7093.09 1.884e-18 1.92e-19 1
7098.09 1.868e-18 1.88e-19 1
7103.09 1.943e-18 1.87e-19 1
7108.09 1.514e-18 1.84e-19 1
7113.09 1.57e-18 2.62e-19 1
7118.09 1.401e-18 1.83e-19 1
7123.09 2.355e-18 1.88e-19 1
7128.09 1.524e-18 1.93e-19 1
7133.09 1.972e-18 1.95e-19 1
7138.09 1.461e-18 1.97e-19 1
7143.09 1.39e-18 2.86e-19 1
7148.09 1.641e-18 2.01e-19 1
7153.09 1.382e-18 1.98e-19 1
7158.09 1.26e-18 1.99e-19 1
7163.09 1.735e-18 2.04e-19 1
7168.09 1.01e-18 2.12e-19 1
7173.09 1.444e-18 2.24e-19 1
7178.09 1.12e-18 3.17e-19 1
7183.09 1.264e-18 2.29e-19 1
7188.09 1.045e-18 2.27e-19 1
7193.09 1.331e-18 2.26e-19 1
7198.09 9.6e-19 2.22e-19 1
7203.09 1.39e-18 2.19e-19 1
7208.09 1.041e-18 2.07e-19 1
7213.09 1.63e-18 2.84e-19 1
7218.09 9.65e-19 1.98e-19 1
7223.09 1.26e-18 2.03e-19 1
7228.09 1.42e-18 2.1e-19 1
7233.09 9.76e-19 2.7e-19 1
7238.09 1.416e-18 4.07e-19 1
7243.09 2.063e-18 4.6e-19 1
7248.09 6.6e-19 5.67e-19 1
7253.09 1.78e-18 3.26e-19 1
7258.09 1.72e-18 2.63e-19 1
7263.09 1.053e-18 2.34e-19 1
7268.09 1.449e-18 2.61e-19 1
7273.09 1.768e-18 4.13e-19 1
7278.09 2.3e-18 6.19e-19 1
7283.09 1.998e-18 4.34e-19 1
7288.09 1.823e-18 3.17e-19 1
7293.09 1.092e-18 2.79e-19 1
7298.09 1.593e-18 2.75e-19 1
7303.09 9.89e-19 2.82e-19 1
7308.09 1.268e-18 3.09e-19 1
7313.09 1.14e-18 5.3e-19 1
7318.09 1.221e-18 3.68e-19 1
7323.09 1.02e-18 3.4e-19 1
7328.09 1.122e-18 2.81e-19 1
7333.09 1.233e-18 3.09e-19 1
7338.09 1.767e-18 3.79e-19 1
7343.09 2.9e-19 5.29e-19 1
7348.09 1.683e-18 3.42e-19 1
7353.09 1.125e-18 2.48e-19 1
7358.09 8.81e-19 2.76e-19 1
7363.09 1.301e-18 3.19e-19 1
7368.09 8e-19 3.49e-19 1
7373.09 1.794e-18 3.43e-19 1
7378.09 1.26e-18 3.47e-19 1
7383.09 1.247e-18 2.16e-19 1
7388.09 1.04e-18 2.45e-19 1
7393.09 1.497e-18 2.63e-19 1
7398.09 1.848e-18 3.21e-19 1
7403.09 9.48e-19 2.98e-19 1
7408.09 1.311e-18 2.57e-19 1
7413.09 1.36e-18 3.1e-19 1
7418.09 1.485e-18 2.18e-19 1
7423.09 6.02e-19 2.21e-19 1
7428.09 1e-18 2.38e-19 1
7433.09 1.07e-18 2.68e-19 1
7438.09 8.77e-19 2.63e-19 1
7443.09 7.5e-19 3.65e-19 1
7448.09 1.008e-18 2.26e-19 1
7453.09 6.78e-19 2.13e-19 1
7458.09 7.09e-19 2.21e-19 1
7463.09 1.233e-18 2.47e-19 1
7468.09 7.75e-19 2.79e-19 1
7473.09 7.87e-19 2.95e-19 1
7478.09 7.8e-19 4.51e-19 1
7483.09 7.52e-19 3e-19 1
7488.09 1.264e-18 2.8e-19 1
7493.09 8.92e-19 2.39e-19 1
7498.09 9.04e-19 2.31e-19 1
7503.09 8.09e-19 2.14e-19 1
7508.09 4.7e-19 3e-19 1
7513.09 5.94e-19 2.17e-19 1
7518.09 7.23e-19 2.69e-19 1
7523.09 5.92e-19 3.51e-19 1
7528.09 8.97e-19 3.64e-19 1
7533.09 2.86e-19 2.74e-19 1
7538.09 7.09e-19 2.39e-19 1
7543.09 6.4e-19 3.22e-19 1
7548.09 1.533e-18 2.24e-19 1
7553.09 1.122e-18 2.37e-19 1
7558.09 1.311e-18 2.45e-19 1
7563.09 9.39e-19 2.56e-19 1
7568.09 1.256e-18 3.12e-19 1
7573.09 6.8e-19 4.47e-19 1
7578.09 1.31e-18 3.06e-19 1
7583.09 1.25e-18 2.62e-19 1
7588.09 6.76e-19 2.73e-19 1
7593.09 1.075e-18 3.41e-19 1
7598.09 8.41e-19 4.46e-19 1
7603.09 1.57e-18 8.67e-19 1
7613.09 4.58e-19 4.8e-19 1
7618.09 9.52e-19 4.35e-19 1
7623.09 9.36e-19 4.48e-19 1
7628.09 1.783e-18 4.78e-19 1
7633.09 8.99e-19 4.42e-19 1
7638.09 2.6e-18 5.86e-19 1
7643.09 1.561e-18 3.55e-19 1
7648.09 8.34e-19 3.3e-19 1
7653.09 1.15e-18 3.18e-19 1
7658.09 1.265e-18 3.31e-19 1
7663.09 1.175e-18 2.99e-19 1
7668.09 1.303e-18 2.73e-19 1
7673.09 1.17e-18 3.5e-19 1
7678.09 1.21e-18 2.45e-19 1
7683.09 1.26e-18 2.47e-19 1
7688.09 6.9e-19 2.5e-19 1
7693.09 9.68e-19 2.55e-19 1
7698.09 6.45e-19 2.54e-19 1
7703.09 1.51e-18 3.54e-19 1
7708.09 7.1e-19 3.32e-19 1
7713.09 1.138e-18 4.84e-19 1
7718.09 9.75e-19 5.04e-19 1
7723.09 7.09e-19 3.96e-19 1
7728.09 9.85e-19 2.99e-19 1
7733.09 1.14e-18 3.96e-19 1
7738.09 1.016e-18 2.54e-19 1
7743.09 1.272e-18 2.89e-19 1
7748.09 1.911e-18 4.57e-19 1
7753.09 1.197e-18 4.82e-19 1
7758.09 1.032e-18 4.02e-19 1
7763.09 9.68e-19 3.38e-19 1
7768.09 1.04e-18 4.77e-19 1
7773.09 9.56e-19 3.45e-19 1
7778.09 1.317e-18 3.76e-19 1
7783.09 1.506e-18 3.23e-19 1
7788.09 1.228e-18 3.79e-19 1
7793.09 1.144e-18 4.26e-19 1
7798.09 1.95e-18 5.96e-19 1
7803.09 1.369e-18 3.54e-19 1
7808.09 1.13e-18 3.32e-19 1
7813.09 1.469e-18 3.82e-19 1
7818.09 1.408e-18 4.48e-19 1
7823.09 1.449e-18 4.5e-19 1
7828.09 1.313e-18 3.39e-19 1
7833.09 1.87e-18 3.69e-19 1
7838.09 1.628e-18 3.16e-19 1
7843.09 1.861e-18 3.35e-19 1
7848.09 1.423e-18 4.48e-19 1
7853.09 1.186e-18 5.08e-19 1
7858.09 2.416e-18 5.05e-19 1
7863.09 5.6e-19 5.93e-19 1
7868.09 9.78e-19 4.39e-19 1
7873.09 1.536e-18 4.17e-19 1
7878.09 1.396e-18 4.01e-19 1
7883.09 1.847e-18 4e-19 1
7888.09 1.501e-18 4.09e-19 1
7893.09 4.7e-19 5.49e-19 1
7898.09 1.47e-18 3.38e-19 1
7903.09 1.359e-18 2.77e-19 1
7908.09 7.32e-19 4.23e-19 1
7913.09 9.42e-19 5.61e-19 1
7918.09 1.877e-18 5.93e-19 1
7923.09 2.21e-18 4.42e-19 1
7928.09 9.7e-19 5.96e-19 1
7933.09 1.483e-18 3.64e-19 1
7938.09 1.944e-18 3.32e-19 1
7943.09 9.63e-19 3.12e-19 1
7948.09 1.345e-18 3.51e-19 1
7953.09 1.401e-18 3.37e-19 1
7958.09 1.72e-18 5.4e-19 1
7963.09 1.151e-18 4.79e-19 1
7968.09 1.6e-18 4.91e-19 1
7973.09 4.47e-19 4.1e-19 1
7978.09 1.094e-18 3.88e-19 1
7983.09 1.38e-18 3.87e-19 1
7988.09 2.22e-18 6.65e-19 1
7993.09 2.067e-18 5.09e-19 1
7998.09 2.424e-18 5.05e-19 1
8003.09 1.298e-18 3.23e-19 1
8008.09 1.413e-18 3.25e-19 1
8013.09 1.421e-18 3.57e-19 1
8018.09 6.59e-19 4.13e-19 1
8023.09 1.19e-18 6.65e-19 1
8028.09 7.18e-19 4.78e-19 1
8033.09 1.396e-18 3.92e-19 1
8038.09 2.006e-18 2.89e-19 1
8043.09 6.13e-19 2.83e-19 1
8048.09 1.286e-18 3.28e-19 1
8053.09 1.62e-18 4.71e-19 1
8058.09 9.99e-19 3.82e-19 1
8063.09 1.519e-18 3.79e-19 1
8068.09 1.744e-18 3.52e-19 1
8073.09 1.249e-18 2.86e-19 1
8078.09 9.25e-19 2.86e-19 1
8083.09 1.31e-18 4.02e-19 1
8088.09 1.325e-18 2.93e-19 1
8093.09 1.249e-18 3.01e-19 1
8098.09 7.38e-19 3.29e-19 1
8103.09 8.51e-19 3.36e-19 1
8108.09 8.76e-19 3.18e-19 1
8113.09 6.67e-19 2.96e-19 1
8118.09 8.8e-19 4.03e-19 1
8123.09 8.5e-19 2.9e-19 1
8128.09 5.81e-19 2.94e-19 1
8133.09 1.362e-18 3.15e-19 1
8138.09 1.538e-18 3.31e-19 1
8143.09 1.293e-18 3.53e-19 1
8148.09 1.36e-18 4.94e-19 1
8153.09 9.79e-19 3.41e-19 1
8158.09 1.25e-18 3.36e-19 1
8163.09 7.99e-19 3.38e-19 1
8168.09 1.541e-18 3.37e-19 1
8173.09 9.08e-19 3.32e-19 1
8178.09 5.8e-19 4.65e-19 1
8183.09 7.17e-19 3.31e-19 1
8188.09 1.265e-18 3.45e-19 1
8193.09 7.89e-19 3.43e-19 1
8198.09 6.33e-19 3.27e-19 1
8203.09 1.25e-18 3.13e-19 1
8208.09 8.63e-19 3.13e-19 1
8213.09 1.01e-18 4.45e-19 1
8218.09 1.075e-18 3.22e-19 1
8223.09 1.256e-18 3.44e-19 1
8228.09 1.205e-18 3.87e-19 1
8233.09 1.269e-18 3.57e-19 1
8238.09 1.144e-18 3.31e-19 1
8243.09 1.08e-18 4.81e-19 1
8248.09 4.24e-19 3.21e-19 1
8253.09 1.185e-18 3.3e-19 1
8258.09 8.94e-19 3.25e-19 1
8263.09 8.83e-19 3.26e-19 1
8268.09 1.404e-18 3.31e-19 1
8273.09 1.28e-18 5.65e-19 1
8278.09 7.05e-19 5.13e-19 1
8283.09 1.151e-18 6.5e-19 1
8288.09 8.52e-19 6.77e-19 1
8293.09 2.62e-19 7.15e-19 1
8298.09 2.572e-18 6.56e-19 1
8303.09 2.1e-18 9.35e-19 1
8308.09 9.55e-19 5.21e-19 1
8313.09 1.31e-18 4.56e-19 1
8318.09 9.26e-19 4.09e-19 1
8323.09 7.59e-19 3.55e-19 1
8328.09 1.015e-18 3.46e-19 1
8333.09 6.94e-19 3.72e-19 1
8338.09 1.16e-18 9.06e-19 1
8343.09 5.1e-20 8.02e-19 1
8348.09 5.33e-19 8.85e-19 1
8353.09 7.68e-19 6.56e-19 1
8358.09 1.529e-18 5.4e-19 1
8363.09 1.396e-18 4.51e-19 1
8368.09 1.12e-18 6.02e-19 1
8373.09 8.64e-19 3.91e-19 1
8378.09 5.65e-19 4.65e-19 1
8383.09 5.55e-19 5.06e-19 1
8388.09 2.31e-19 4.56e-19 1
8393.09 1.082e-18 6.07e-19 1
8398.09 2.3e-18 1.013e-18 1
8403.09 1.54e-19 7.2e-19 1
8408.09 1.614e-18 5.58e-19 1
8413.09 2.064e-18 5.23e-19 1
8418.09 1.467e-18 5.25e-19 1
8423.09 1.244e-18 5.94e-19 1
8428.09 -4.7e-19 1.038e-18 1
8433.09 1.99e-19 7.47e-19 1
8438.09 2.3e-19 5.56e-19 1
8443.09 4.13e-19 4.02e-19 1
8448.09 1.48e-18 4.91e-19 1
8453.09 3.3e-19 5.08e-19 1
8458.09 1.252e-18 5.86e-19 1
8463.09 3.7e-19 9.24e-19 1
8468.09 5.63e-19 6.6e-19 1
8473.09 1.483e-18 5.21e-19 1
8478.09 5.5e-19 3.77e-19 1
8483.09 7.79e-19 3.63e-19 1
8488.09 7.15e-19 4.33e-19 1
8493.09 2.21e-18 6.58e-19 1
8498.09 1.166e-18 5.04e-19 1
8503.09 9.87e-19 5.7e-19 1
8508.09 5.88e-19 5.54e-19 1
8513.09 1.607e-18 4.3e-19 1
8518.09 6.28e-19 3.66e-19 1
8523.09 4.1e-19 5.11e-19 1
8528.09 4.42e-19 3.58e-19 1
8533.09 1e-18 3.84e-19 1
8538.09 1.21e-18 4.2e-19 1
8543.09 7.21e-19 4.69e-19 1
8548.09 1.24e-18 4.72e-19 1
8553.09 2e-19 6.53e-19 1
8558.09 7.46e-19 4.06e-19 1
8563.09 1.439e-18 3.73e-19 1
8568.09 1.146e-18 3.69e-19 1
8573.09 1.61e-18 3.68e-19 1
8578.09 1.832e-18 3.86e-19 1
8583.09 1.463e-18 3.81e-19 1
8588.09 1.53e-18 5.53e-19 1
8593.09 7.2e-19 3.98e-19 1
8598.09 5.55e-19 4.01e-19 1
8603.09 8.5e-19 3.85e-19 1
8608.09 1.496e-18 3.79e-19 1
8613.09 1.446e-18 4.17e-19 1
8618.09 9.7e-19 6.42e-19 1
8623.09 9.54e-19 5.19e-19 1
8628.09 8.81e-19 5.75e-19 1
8633.09 1.154e-18 5.7e-19 1
8638.09 9.19e-19 5.27e-19 1
8643.09 6.35e-19 4.97e-19 1
8648.09 6e-19 7.26e-19 1
8653.09 6.98e-19 5.52e-19 1
8658.09 1.35e-18 5.78e-19 1
8663.09 2.275e-18 5.77e-19 1
8668.09 2.197e-18 5.44e-19 1
8673.09 4.92e-19 5.03e-19 1
8678.09 4.5e-19 6.66e-19 1
8683.09 1.195e-18 4.53e-19 1
8688.09 1.014e-18 4.23e-19 1
8693.09 1.621e-18 4.15e-19 1
8698.09 1.97e-19 4.15e-19 1
8703.09 6.05e-19 4.22e-19 1
8708.09 7.36e-19 4.14e-19 1
8713.09 9.8e-19 5.73e-19 1
8718.09 1.082e-18 4e-19 1
8723.09 9e-19 4.06e-19 1
8728.09 1.36e-18 4.12e-19 1
8733.09 1.043e-18 4.16e-19 1
8738.09 1.025e-18 4.13e-19 1
8743.09 7.2e-19 5.97e-19 1
8748.09 1.112e-18 4.15e-19 1
8753.09 1.384e-18 4.91e-19 1
8758.09 -9.2e-20 7.07e-19 1
8763.09 3.43e-19 9.11e-19 1
8768.09 -3.34e-19 9.04e-19 1
8773.09 1.36e-18 1.369e-18 1
8778.09 9.21e-19 8.77e-19 1
8783.09 5.25e-19 8.14e-19 1
8788.09 6.2e-19 6.38e-19 1
8793.09 1.258e-18 5.88e-19 1
8798.09 1.259e-18 5.08e-19 1
8803.09 5.3e-19 6.57e-19 1
8808.09 8.22e-19 4.58e-19 1
8813.09 7.81e-19 4.75e-19 1
8818.09 6.11e-19 5.39e-19 1
8823.09 -8.85e-19 1.003e-18 1
8828.09 -1.307e-18 1.163e-18 1
8833.09 -5.3e-19 1.695e-18 1
8838.09 -5.1e-20 9.19e-19 1
8843.09 -5e-20 7.56e-19 1
8848.09 8.19e-19 6.18e-19 1
8853.09 1.125e-18 5.87e-19 1
8858.09 3.54e-19 5.55e-19 1
8863.09 8.67e-19 6.71e-19 1
8868.09 2.6e-19 9.99e-19 1
8873.09 2.244e-18 6.87e-19 1
8878.09 6.19e-19 6.28e-19 1
8883.09 9.42e-19 9.61e-19 1
8888.09 1.62e-18 1.03e-18 1
8893.09 -6.36e-19 7.94e-19 1
8898.09 3.48e-18 1.044e-18 1
