# converted by J. Guy, 2010-10-18
# from Matheson et al. 2008AJ....135.1598M
@Redshift 0.01012
@FORMAT STD
@Date 50787
@SELECTED_FOR_SNLS3_TRAINING 1
@SN sn1997do
@SURVEY CFA_LOWZ_SPEC
@Source Matheson
#WAVE : wavelength, observer frame, in A
#FLUX : erg/s/cm2/A
#ERR  : statistical uncertainty on flux
#VALID : 1=ok 0=ignore
#end
3720 9.70237e-16 1.03422e-16 1
3721.5 1.01799e-15 1.03422e-16 1
3723 1.11193e-15 1.03422e-16 1
3724.5 1.09728e-15 1.03422e-16 1
3726 9.76465e-16 1.03422e-16 1
3727.5 9.81218e-16 1.03422e-16 1
3729 9.68158e-16 1.03422e-16 1
3730.5 9.61132e-16 1.03422e-16 1
3732 1.1243e-15 1.03422e-16 1
3733.5 1.02132e-15 1.03422e-16 1
3735 8.74878e-16 1.03422e-16 1
3736.5 1.03608e-15 1.03422e-16 1
3738 1.08391e-15 1.03422e-16 1
3739.5 8.63477e-16 1.03422e-16 1
3741 7.55118e-16 1.03422e-16 1
3742.5 8.30462e-16 1.03422e-16 1
3744 8.07703e-16 1.03422e-16 1
3745.5 7.27506e-16 1.03422e-16 1
3747 9.3591e-16 1.03422e-16 1
3748.5 9.73344e-16 1.03422e-16 1
3750 8.17309e-16 1.03422e-16 1
3751.5 9.36205e-16 1.03422e-16 1
3753 8.9089e-16 1.03422e-16 1
3754.5 7.64602e-16 1.03422e-16 1
3756 7.54311e-16 1.03422e-16 1
3757.5 8.18865e-16 1.03422e-16 1
3759 7.18726e-16 1.03422e-16 1
3760.5 9.05893e-16 1.03422e-16 1
3762 9.30065e-16 1.03422e-16 1
3763.5 1.19928e-15 1.03422e-16 1
3765 1.14357e-15 1.03422e-16 1
3766.5 1.18625e-15 1.03422e-16 1
3768 9.61477e-16 1.03422e-16 1
3769.5 8.26992e-16 1.03422e-16 1
3771 8.66692e-16 1.03422e-16 1
3772.5 8.13999e-16 1.03422e-16 1
3774 8.61782e-16 1.03422e-16 1
3775.5 8.12762e-16 1.03422e-16 1
3777 7.82642e-16 1.03422e-16 1
3778.5 8.10301e-16 1.03422e-16 1
3780 8.98414e-16 1.03422e-16 1
3781.5 8.83817e-16 1.03422e-16 1
3783 7.61654e-16 1.03422e-16 1
3784.5 7.48754e-16 1.03422e-16 1
3786 8.22239e-16 1.03422e-16 1
3787.5 7.80796e-16 1.03422e-16 1
3789 6.4333e-16 1.03422e-16 1
3790.5 6.61417e-16 1.03422e-16 1
3792 6.84077e-16 1.03422e-16 1
3793.5 6.72934e-16 1.03422e-16 1
3795 7.62938e-16 1.03422e-16 1
3796.5 7.99119e-16 1.03422e-16 1
3798 7.96597e-16 1.03422e-16 1
3799.5 8.52771e-16 1.03422e-16 1
3801 8.58918e-16 1.03422e-16 1
3802.5 7.51741e-16 1.03422e-16 1
3804 7.1789e-16 1.03422e-16 1
3805.5 8.00369e-16 1.03422e-16 1
3807 7.97696e-16 1.03422e-16 1
3808.5 7.69948e-16 1.03422e-16 1
3810 7.679e-16 1.03422e-16 1
3811.5 7.90618e-16 1.03422e-16 1
3813 8.68904e-16 1.03422e-16 1
3814.5 8.58799e-16 1.03422e-16 1
3816 8.39376e-16 1.03422e-16 1
3817.5 8.98286e-16 1.03422e-16 1
3819 9.00186e-16 1.03422e-16 1
3820.5 9.81311e-16 8.22073e-17 1
3822 8.57407e-16 8.22073e-17 1
3823.5 8.17909e-16 8.22073e-17 1
3825 9.50304e-16 8.22073e-17 1
3826.5 9.60827e-16 8.22073e-17 1
3828 8.4825e-16 8.22073e-17 1
3829.5 8.5551e-16 8.22073e-17 1
3831 1.02235e-15 8.22073e-17 1
3832.5 1.12576e-15 8.22073e-17 1
3834 9.26565e-16 8.22073e-17 1
3835.5 1.02717e-15 8.22073e-17 1
3837 1.03325e-15 8.22073e-17 1
3838.5 9.85429e-16 8.22073e-17 1
3840 8.16055e-16 8.22073e-17 1
3841.5 9.31333e-16 8.22073e-17 1
3843 1.06353e-15 8.22073e-17 1
3844.5 1.19162e-15 8.22073e-17 1
3846 1.23462e-15 8.22073e-17 1
3847.5 1.21388e-15 8.22073e-17 1
3849 1.14251e-15 8.22073e-17 1
3850.5 1.18973e-15 8.22073e-17 1
3852 1.32246e-15 8.22073e-17 1
3853.5 1.36298e-15 8.22073e-17 1
3855 1.3148e-15 8.22073e-17 1
3856.5 1.22818e-15 8.22073e-17 1
3858 1.21798e-15 8.22073e-17 1
3859.5 1.33069e-15 8.22073e-17 1
3861 1.41151e-15 8.22073e-17 1
3862.5 1.34205e-15 8.22073e-17 1
3864 1.41957e-15 8.22073e-17 1
3865.5 1.48317e-15 8.22073e-17 1
3867 1.41226e-15 8.22073e-17 1
3868.5 1.42236e-15 8.22073e-17 1
3870 1.40973e-15 8.22073e-17 1
3871.5 1.47163e-15 8.22073e-17 1
3873 1.5499e-15 8.22073e-17 1
3874.5 1.54607e-15 8.22073e-17 1
3876 1.55281e-15 8.22073e-17 1
3877.5 1.6104e-15 8.22073e-17 1
3879 1.67168e-15 8.22073e-17 1
3880.5 1.70145e-15 8.22073e-17 1
3882 1.71654e-15 8.22073e-17 1
3883.5 1.77173e-15 8.22073e-17 1
3885 1.76881e-15 8.22073e-17 1
3886.5 1.68805e-15 8.22073e-17 1
3888 1.84465e-15 8.22073e-17 1
3889.5 1.94057e-15 8.22073e-17 1
3891 1.98416e-15 8.22073e-17 1
3892.5 2.06039e-15 8.22073e-17 1
3894 2.05744e-15 8.22073e-17 1
3895.5 1.94406e-15 8.22073e-17 1
3897 2.02015e-15 8.22073e-17 1
3898.5 2.04566e-15 8.22073e-17 1
3900 2.01146e-15 8.22073e-17 1
3901.5 2.07324e-15 8.22073e-17 1
3903 2.0174e-15 8.22073e-17 1
3904.5 2.01155e-15 8.22073e-17 1
3906 2.11745e-15 8.22073e-17 1
3907.5 2.22184e-15 8.22073e-17 1
3909 2.12944e-15 8.22073e-17 1
3910.5 2.2122e-15 8.22073e-17 1
3912 2.20038e-15 8.22073e-17 1
3913.5 2.28003e-15 8.22073e-17 1
3915 2.38614e-15 8.22073e-17 1
3916.5 2.31976e-15 8.22073e-17 1
3918 2.06951e-15 8.22073e-17 1
3919.5 2.30893e-15 8.22073e-17 1
3921 2.29437e-15 1.33593e-16 1
3922.5 2.1367e-15 1.33593e-16 1
3924 2.20353e-15 1.33593e-16 1
3925.5 2.26443e-15 1.33593e-16 1
3927 2.2061e-15 1.33593e-16 1
3928.5 2.18895e-15 1.33593e-16 1
3930 2.37927e-15 1.33593e-16 1
3931.5 2.13826e-15 1.33593e-16 1
3933 2.062e-15 1.33593e-16 1
3934.5 2.328e-15 1.33593e-16 1
3936 2.39829e-15 1.33593e-16 1
3937.5 2.34101e-15 1.33593e-16 1
3939 2.29683e-15 1.33593e-16 1
3940.5 2.39558e-15 1.33593e-16 1
3942 2.43326e-15 1.33593e-16 1
3943.5 2.44634e-15 1.33593e-16 1
3945 2.50802e-15 1.33593e-16 1
3946.5 2.59322e-15 1.33593e-16 1
3948 2.50934e-15 1.33593e-16 1
3949.5 2.5278e-15 1.33593e-16 1
3951 2.56742e-15 1.33593e-16 1
3952.5 2.48443e-15 1.33593e-16 1
3954 2.45506e-15 1.33593e-16 1
3955.5 2.51191e-15 1.33593e-16 1
3957 2.5378e-15 1.33593e-16 1
3958.5 2.58919e-15 1.33593e-16 1
3960 2.69547e-15 1.33593e-16 1
3961.5 2.72664e-15 1.33593e-16 1
3963 2.61764e-15 1.33593e-16 1
3964.5 2.54961e-15 1.33593e-16 1
3966 2.6392e-15 1.33593e-16 1
3967.5 2.61199e-15 1.33593e-16 1
3969 2.58587e-15 1.33593e-16 1
3970.5 2.571e-15 1.33593e-16 1
3972 2.51089e-15 1.33593e-16 1
3973.5 2.53039e-15 1.33593e-16 1
3975 2.7002e-15 1.33593e-16 1
3976.5 2.76635e-15 1.33593e-16 1
3978 2.68789e-15 1.33593e-16 1
3979.5 2.63452e-15 1.33593e-16 1
3981 2.6841e-15 1.33593e-16 1
3982.5 2.8e-15 1.33593e-16 1
3984 2.76826e-15 1.33593e-16 1
3985.5 2.78486e-15 1.33593e-16 1
3987 2.76871e-15 1.33593e-16 1
3988.5 2.78222e-15 1.33593e-16 1
3990 2.67856e-15 1.33593e-16 1
3991.5 2.55709e-15 1.33593e-16 1
3993 2.6303e-15 1.33593e-16 1
3994.5 2.56114e-15 1.33593e-16 1
3996 2.57457e-15 1.33593e-16 1
3997.5 2.54739e-15 1.33593e-16 1
3999 2.56458e-15 1.33593e-16 1
4000.5 2.54443e-15 1.33593e-16 1
4002 2.4939e-15 1.33593e-16 1
4003.5 2.39934e-15 1.33593e-16 1
4005 2.43011e-15 1.33593e-16 1
4006.5 2.39293e-15 1.33593e-16 1
4008 2.15524e-15 1.33593e-16 1
4009.5 2.03995e-15 1.33593e-16 1
4011 2.12224e-15 1.33593e-16 1
4012.5 2.21071e-15 1.33593e-16 1
4014 2.2454e-15 1.33593e-16 1
4015.5 2.23314e-15 1.33593e-16 1
4017 2.19772e-15 1.33593e-16 1
4018.5 2.26363e-15 1.33593e-16 1
4020 2.20776e-15 1.04011e-16 1
4021.5 2.17608e-15 1.04011e-16 1
4023 2.19478e-15 1.04011e-16 1
4024.5 2.10776e-15 1.04011e-16 1
4026 2.0136e-15 1.04011e-16 1
4027.5 1.99032e-15 1.04011e-16 1
4029 2.07223e-15 1.04011e-16 1
4030.5 1.96567e-15 1.04011e-16 1
4032 1.96371e-15 1.04011e-16 1
4033.5 1.98768e-15 1.04011e-16 1
4035 1.92989e-15 1.04011e-16 1
4036.5 1.97871e-15 1.04011e-16 1
4038 2.02339e-15 1.04011e-16 1
4039.5 1.96627e-15 1.04011e-16 1
4041 1.80957e-15 1.04011e-16 1
4042.5 1.91172e-15 1.04011e-16 1
4044 1.89635e-15 1.04011e-16 1
4045.5 1.81506e-15 1.04011e-16 1
4047 1.78831e-15 1.04011e-16 1
4048.5 1.84511e-15 1.04011e-16 1
4050 1.82436e-15 1.04011e-16 1
4051.5 1.95951e-15 1.04011e-16 1
4053 2.01657e-15 1.04011e-16 1
4054.5 1.8924e-15 1.04011e-16 1
4056 1.88929e-15 1.04011e-16 1
4057.5 1.95464e-15 1.04011e-16 1
4059 2.00141e-15 1.04011e-16 1
4060.5 1.99544e-15 1.04011e-16 1
4062 2.02825e-15 1.04011e-16 1
4063.5 1.98904e-15 1.04011e-16 1
4065 1.97425e-15 1.04011e-16 1
4066.5 1.9016e-15 1.04011e-16 1
4068 1.88161e-15 1.04011e-16 1
4069.5 1.85975e-15 1.04011e-16 1
4071 1.77284e-15 1.04011e-16 1
4072.5 1.82556e-15 1.04011e-16 1
4074 1.80217e-15 1.04011e-16 1
4075.5 1.69124e-15 1.04011e-16 1
4077 1.68353e-15 1.04011e-16 1
4078.5 1.77806e-15 1.04011e-16 1
4080 1.87152e-15 1.04011e-16 1
4081.5 1.83495e-15 1.04011e-16 1
4083 1.77769e-15 1.04011e-16 1
4084.5 1.73106e-15 1.04011e-16 1
4086 1.67446e-15 1.04011e-16 1
4087.5 1.70411e-15 1.04011e-16 1
4089 1.67557e-15 1.04011e-16 1
4090.5 1.66341e-15 1.04011e-16 1
4092 1.68483e-15 1.04011e-16 1
4093.5 1.62495e-15 1.04011e-16 1
4095 1.66249e-15 1.04011e-16 1
4096.5 1.72477e-15 1.04011e-16 1
4098 1.66387e-15 1.04011e-16 1
4099.5 1.5986e-15 1.04011e-16 1
4101 1.57761e-15 1.04011e-16 1
4102.5 1.59277e-15 1.04011e-16 1
4104 1.63895e-15 1.04011e-16 1
4105.5 1.6015e-15 1.04011e-16 1
4107 1.57614e-15 1.04011e-16 1
4108.5 1.5938e-15 1.04011e-16 1
4110 1.55652e-15 1.04011e-16 1
4111.5 1.45041e-15 1.04011e-16 1
4113 1.46853e-15 1.04011e-16 1
4114.5 1.52169e-15 1.04011e-16 1
4116 1.52872e-15 1.04011e-16 1
4117.5 1.42839e-15 1.04011e-16 1
4119 1.50124e-15 1.04011e-16 1
4120.5 1.55323e-15 5.47253e-17 1
4122 1.61879e-15 5.47253e-17 1
4123.5 1.55721e-15 5.47253e-17 1
4125 1.54414e-15 5.47253e-17 1
4126.5 1.53144e-15 5.47253e-17 1
4128 1.64912e-15 5.47253e-17 1
4129.5 1.67963e-15 5.47253e-17 1
4131 1.5893e-15 5.47253e-17 1
4132.5 1.64593e-15 5.47253e-17 1
4134 1.54671e-15 5.47253e-17 1
4135.5 1.52335e-15 5.47253e-17 1
4137 1.5246e-15 5.47253e-17 1
4138.5 1.55307e-15 5.47253e-17 1
4140 1.51183e-15 5.47253e-17 1
4141.5 1.60767e-15 5.47253e-17 1
4143 1.62778e-15 5.47253e-17 1
4144.5 1.52633e-15 5.47253e-17 1
4146 1.51706e-15 5.47253e-17 1
4147.5 1.47929e-15 5.47253e-17 1
4149 1.55998e-15 5.47253e-17 1
4150.5 1.51324e-15 5.47253e-17 1
4152 1.60789e-15 5.47253e-17 1
4153.5 1.6047e-15 5.47253e-17 1
4155 1.53889e-15 5.47253e-17 1
4156.5 1.49867e-15 5.47253e-17 1
4158 1.57781e-15 5.47253e-17 1
4159.5 1.59857e-15 5.47253e-17 1
4161 1.58548e-15 5.47253e-17 1
4162.5 1.61539e-15 5.47253e-17 1
4164 1.61559e-15 5.47253e-17 1
4165.5 1.63503e-15 5.47253e-17 1
4167 1.67446e-15 5.47253e-17 1
4168.5 1.61535e-15 5.47253e-17 1
4170 1.55108e-15 5.47253e-17 1
4171.5 1.5962e-15 5.47253e-17 1
4173 1.62826e-15 5.47253e-17 1
4174.5 1.646e-15 5.47253e-17 1
4176 1.63644e-15 5.47253e-17 1
4177.5 1.59156e-15 5.47253e-17 1
4179 1.58423e-15 5.47253e-17 1
4180.5 1.69137e-15 5.47253e-17 1
4182 1.7468e-15 5.47253e-17 1
4183.5 1.72094e-15 5.47253e-17 1
4185 1.67737e-15 5.47253e-17 1
4186.5 1.66038e-15 5.47253e-17 1
4188 1.79847e-15 5.47253e-17 1
4189.5 1.87537e-15 5.47253e-17 1
4191 1.79902e-15 5.47253e-17 1
4192.5 1.74031e-15 5.47253e-17 1
4194 1.82212e-15 5.47253e-17 1
4195.5 1.84605e-15 5.47253e-17 1
4197 1.84524e-15 5.47253e-17 1
4198.5 1.89919e-15 5.47253e-17 1
4200 1.85147e-15 5.47253e-17 1
4201.5 1.82049e-15 5.47253e-17 1
4203 1.89e-15 5.47253e-17 1
4204.5 1.78868e-15 5.47253e-17 1
4206 1.82474e-15 5.47253e-17 1
4207.5 1.93139e-15 5.47253e-17 1
4209 1.90523e-15 5.47253e-17 1
4210.5 1.75207e-15 5.47253e-17 1
4212 1.70907e-15 5.47253e-17 1
4213.5 1.79246e-15 5.47253e-17 1
4215 1.83463e-15 5.47253e-17 1
4216.5 1.85332e-15 5.47253e-17 1
4218 1.8028e-15 5.47253e-17 1
4219.5 1.75971e-15 5.47253e-17 1
4221 1.83672e-15 6.66633e-17 1
4222.5 1.82609e-15 6.66633e-17 1
4224 1.80131e-15 6.66633e-17 1
4225.5 1.7283e-15 6.66633e-17 1
4227 1.65033e-15 6.66633e-17 1
4228.5 1.7791e-15 6.66633e-17 1
4230 1.8576e-15 6.66633e-17 1
4231.5 1.81158e-15 6.66633e-17 1
4233 1.80242e-15 6.66633e-17 1
4234.5 1.82375e-15 6.66633e-17 1
4236 1.83744e-15 6.66633e-17 1
4237.5 1.81372e-15 6.66633e-17 1
4239 1.8445e-15 6.66633e-17 1
4240.5 1.87751e-15 6.66633e-17 1
4242 1.86115e-15 6.66633e-17 1
4243.5 1.86205e-15 6.66633e-17 1
4245 1.84181e-15 6.66633e-17 1
4246.5 1.85236e-15 6.66633e-17 1
4248 1.85387e-15 6.66633e-17 1
4249.5 1.78423e-15 6.66633e-17 1
4251 1.79716e-15 6.66633e-17 1
4252.5 1.91577e-15 6.66633e-17 1
4254 1.9039e-15 6.66633e-17 1
4255.5 1.78256e-15 6.66633e-17 1
4257 1.70385e-15 6.66633e-17 1
4258.5 1.75118e-15 6.66633e-17 1
4260 1.82548e-15 6.66633e-17 1
4261.5 1.79766e-15 6.66633e-17 1
4263 1.74679e-15 6.66633e-17 1
4264.5 1.86216e-15 6.66633e-17 1
4266 1.8577e-15 6.66633e-17 1
4267.5 1.79714e-15 6.66633e-17 1
4269 1.81242e-15 6.66633e-17 1
4270.5 1.85598e-15 6.66633e-17 1
4272 1.74873e-15 6.66633e-17 1
4273.5 1.80471e-15 6.66633e-17 1
4275 1.80557e-15 6.66633e-17 1
4276.5 1.87952e-15 6.66633e-17 1
4278 1.79836e-15 6.66633e-17 1
4279.5 1.7519e-15 6.66633e-17 1
4281 1.79951e-15 6.66633e-17 1
4282.5 1.81993e-15 6.66633e-17 1
4284 1.83937e-15 6.66633e-17 1
4285.5 1.8638e-15 6.66633e-17 1
4287 1.78691e-15 6.66633e-17 1
4288.5 1.79343e-15 6.66633e-17 1
4290 1.896e-15 6.66633e-17 1
4291.5 1.93699e-15 6.66633e-17 1
4293 1.88863e-15 6.66633e-17 1
4294.5 1.8634e-15 6.66633e-17 1
4296 1.98995e-15 6.66633e-17 1
4297.5 1.95255e-15 6.66633e-17 1
4299 1.86099e-15 6.66633e-17 1
4300.5 1.82403e-15 6.66633e-17 1
4302 1.922e-15 6.66633e-17 1
4303.5 1.96995e-15 6.66633e-17 1
4305 1.98388e-15 6.66633e-17 1
4306.5 1.9328e-15 6.66633e-17 1
4308 1.94929e-15 6.66633e-17 1
4309.5 1.96771e-15 6.66633e-17 1
4311 1.96889e-15 6.66633e-17 1
4312.5 1.96681e-15 6.66633e-17 1
4314 1.94666e-15 6.66633e-17 1
4315.5 2.00053e-15 6.66633e-17 1
4317 2.04669e-15 6.66633e-17 1
4318.5 2.03272e-15 6.66633e-17 1
4320 2.01971e-15 7.12543e-17 1
4321.5 2.09486e-15 7.12543e-17 1
4323 2.11616e-15 7.12543e-17 1
4324.5 2.05017e-15 7.12543e-17 1
4326 2.05213e-15 7.12543e-17 1
4327.5 2.09759e-15 7.12543e-17 1
4329 2.08254e-15 7.12543e-17 1
4330.5 2.14719e-15 7.12543e-17 1
4332 2.10441e-15 7.12543e-17 1
4333.5 2.03777e-15 7.12543e-17 1
4335 2.06502e-15 7.12543e-17 1
4336.5 2.09229e-15 7.12543e-17 1
4338 2.0476e-15 7.12543e-17 1
4339.5 1.96996e-15 7.12543e-17 1
4341 2.00861e-15 7.12543e-17 1
4342.5 1.9984e-15 7.12543e-17 1
4344 1.99511e-15 7.12543e-17 1
4345.5 1.9579e-15 7.12543e-17 1
4347 1.77063e-15 7.12543e-17 1
4348.5 1.84356e-15 7.12543e-17 1
4350 1.90115e-15 7.12543e-17 1
4351.5 1.85456e-15 7.12543e-17 1
4353 1.92747e-15 7.12543e-17 1
4354.5 1.92081e-15 7.12543e-17 1
4356 1.80558e-15 7.12543e-17 1
4357.5 1.77515e-15 7.12543e-17 1
4359 1.77806e-15 7.12543e-17 1
4360.5 1.76915e-15 7.12543e-17 1
4362 1.76298e-15 7.12543e-17 1
4363.5 1.75325e-15 7.12543e-17 1
4365 1.73973e-15 7.12543e-17 1
4366.5 1.65254e-15 7.12543e-17 1
4368 1.64871e-15 7.12543e-17 1
4369.5 1.66507e-15 7.12543e-17 1
4371 1.57915e-15 7.12543e-17 1
4372.5 1.48549e-15 7.12543e-17 1
4374 1.51346e-15 7.12543e-17 1
4375.5 1.56782e-15 7.12543e-17 1
4377 1.48453e-15 7.12543e-17 1
4378.5 1.47411e-15 7.12543e-17 1
4380 1.53727e-15 7.12543e-17 1
4381.5 1.58836e-15 7.12543e-17 1
4383 1.61616e-15 7.12543e-17 1
4384.5 1.59365e-15 7.12543e-17 1
4386 1.50997e-15 7.12543e-17 1
4387.5 1.44841e-15 7.12543e-17 1
4389 1.44098e-15 7.12543e-17 1
4390.5 1.40544e-15 7.12543e-17 1
4392 1.40951e-15 7.12543e-17 1
4393.5 1.40876e-15 7.12543e-17 1
4395 1.37787e-15 7.12543e-17 1
4396.5 1.38046e-15 7.12543e-17 1
4398 1.4118e-15 7.12543e-17 1
4399.5 1.41788e-15 7.12543e-17 1
4401 1.36585e-15 7.12543e-17 1
4402.5 1.37723e-15 7.12543e-17 1
4404 1.31192e-15 7.12543e-17 1
4405.5 1.25194e-15 7.12543e-17 1
4407 1.30659e-15 7.12543e-17 1
4408.5 1.37082e-15 7.12543e-17 1
4410 1.35281e-15 7.12543e-17 1
4411.5 1.37568e-15 7.12543e-17 1
4413 1.31504e-15 7.12543e-17 1
4414.5 1.24769e-15 7.12543e-17 1
4416 1.19156e-15 7.12543e-17 1
4417.5 1.25996e-15 7.12543e-17 1
4419 1.26964e-15 7.12543e-17 1
4420.5 1.23734e-15 4.65529e-17 1
4422 1.22329e-15 4.65529e-17 1
4423.5 1.20341e-15 4.65529e-17 1
4425 1.18661e-15 4.65529e-17 1
4426.5 1.1125e-15 4.65529e-17 1
4428 1.06515e-15 4.65529e-17 1
4429.5 1.10303e-15 4.65529e-17 1
4431 1.08942e-15 4.65529e-17 1
4432.5 1.16427e-15 4.65529e-17 1
4434 1.14044e-15 4.65529e-17 1
4435.5 1.1454e-15 4.65529e-17 1
4437 1.19897e-15 4.65529e-17 1
4438.5 1.23772e-15 4.65529e-17 1
4440 1.18566e-15 4.65529e-17 1
4441.5 1.13287e-15 4.65529e-17 1
4443 1.17091e-15 4.65529e-17 1
4444.5 1.20479e-15 4.65529e-17 1
4446 1.17371e-15 4.65529e-17 1
4447.5 1.16982e-15 4.65529e-17 1
4449 1.22888e-15 4.65529e-17 1
4450.5 1.22627e-15 4.65529e-17 1
4452 1.22895e-15 4.65529e-17 1
4453.5 1.25866e-15 4.65529e-17 1
4455 1.24815e-15 4.65529e-17 1
4456.5 1.26029e-15 4.65529e-17 1
4458 1.30142e-15 4.65529e-17 1
4459.5 1.29163e-15 4.65529e-17 1
4461 1.25597e-15 4.65529e-17 1
4462.5 1.1889e-15 4.65529e-17 1
4464 1.19056e-15 4.65529e-17 1
4465.5 1.24093e-15 4.65529e-17 1
4467 1.2475e-15 4.65529e-17 1
4468.5 1.31011e-15 4.65529e-17 1
4470 1.32328e-15 4.65529e-17 1
4471.5 1.24225e-15 4.65529e-17 1
4473 1.26518e-15 4.65529e-17 1
4474.5 1.26892e-15 4.65529e-17 1
4476 1.2484e-15 4.65529e-17 1
4477.5 1.3212e-15 4.65529e-17 1
4479 1.31087e-15 4.65529e-17 1
4480.5 1.29695e-15 4.65529e-17 1
4482 1.31914e-15 4.65529e-17 1
4483.5 1.37233e-15 4.65529e-17 1
4485 1.32703e-15 4.65529e-17 1
4486.5 1.2931e-15 4.65529e-17 1
4488 1.40296e-15 4.65529e-17 1
4489.5 1.35025e-15 4.65529e-17 1
4491 1.3497e-15 4.65529e-17 1
4492.5 1.41466e-15 4.65529e-17 1
4494 1.35615e-15 4.65529e-17 1
4495.5 1.356e-15 4.65529e-17 1
4497 1.43849e-15 4.65529e-17 1
4498.5 1.42146e-15 4.65529e-17 1
4500 1.37465e-15 4.65529e-17 1
4501.5 1.47999e-15 4.65529e-17 1
4503 1.45079e-15 4.65529e-17 1
4504.5 1.50158e-15 4.65529e-17 1
4506 1.50104e-15 4.65529e-17 1
4507.5 1.53514e-15 4.65529e-17 1
4509 1.51773e-15 4.65529e-17 1
4510.5 1.46212e-15 4.65529e-17 1
4512 1.47558e-15 4.65529e-17 1
4513.5 1.42081e-15 4.65529e-17 1
4515 1.48757e-15 4.65529e-17 1
4516.5 1.58677e-15 4.65529e-17 1
4518 1.58437e-15 4.65529e-17 1
4519.5 1.58316e-15 4.65529e-17 1
4521 1.64653e-15 1.36004e-16 1
4522.5 1.72263e-15 1.36004e-16 1
4524 1.69843e-15 1.36004e-16 1
4525.5 1.63375e-15 1.36004e-16 1
4527 1.60096e-15 1.36004e-16 1
4528.5 1.67188e-15 1.36004e-16 1
4530 1.72525e-15 1.36004e-16 1
4531.5 1.75685e-15 1.36004e-16 1
4533 1.79448e-15 1.36004e-16 1
4534.5 1.81815e-15 1.36004e-16 1
4536 1.83561e-15 1.36004e-16 1
4537.5 1.8407e-15 1.36004e-16 1
4539 1.85243e-15 1.36004e-16 1
4540.5 1.97173e-15 1.36004e-16 1
4542 2.01768e-15 1.36004e-16 1
4543.5 2.03469e-15 1.36004e-16 1
4545 2.0182e-15 1.36004e-16 1
4546.5 2.07631e-15 1.36004e-16 1
4548 2.16082e-15 1.36004e-16 1
4549.5 2.17495e-15 1.36004e-16 1
4551 2.23154e-15 1.36004e-16 1
4552.5 2.25317e-15 1.36004e-16 1
4554 2.27444e-15 1.36004e-16 1
4555.5 2.235e-15 1.36004e-16 1
4557 2.37826e-15 1.36004e-16 1
4558.5 2.44e-15 1.36004e-16 1
4560 2.41427e-15 1.36004e-16 1
4561.5 2.4377e-15 1.36004e-16 1
4563 2.48369e-15 1.36004e-16 1
4564.5 2.49808e-15 1.36004e-16 1
4566 2.53704e-15 1.36004e-16 1
4567.5 2.62369e-15 1.36004e-16 1
4569 2.65698e-15 1.36004e-16 1
4570.5 2.62073e-15 1.36004e-16 1
4572 2.60464e-15 1.36004e-16 1
4573.5 2.67808e-15 1.36004e-16 1
4575 2.73152e-15 1.36004e-16 1
4576.5 2.83864e-15 1.36004e-16 1
4578 2.78594e-15 1.36004e-16 1
4579.5 2.78585e-15 1.36004e-16 1
4581 2.83612e-15 1.36004e-16 1
4582.5 2.85125e-15 1.36004e-16 1
4584 2.9004e-15 1.36004e-16 1
4585.5 2.9627e-15 1.36004e-16 1
4587 3.02146e-15 1.36004e-16 1
4588.5 3.0061e-15 1.36004e-16 1
4590 2.98797e-15 1.36004e-16 1
4591.5 3.0744e-15 1.36004e-16 1
4593 3.04489e-15 1.36004e-16 1
4594.5 3.04358e-15 1.36004e-16 1
4596 3.11742e-15 1.36004e-16 1
4597.5 3.05327e-15 1.36004e-16 1
4599 3.07857e-15 1.36004e-16 1
4600.5 3.14187e-15 1.36004e-16 1
4602 3.21614e-15 1.36004e-16 1
4603.5 3.30885e-15 1.36004e-16 1
4605 3.30403e-15 1.36004e-16 1
4606.5 3.28947e-15 1.36004e-16 1
4608 3.31898e-15 1.36004e-16 1
4609.5 3.33323e-15 1.36004e-16 1
4611 3.41572e-15 1.36004e-16 1
4612.5 3.50419e-15 1.36004e-16 1
4614 3.53023e-15 1.36004e-16 1
4615.5 3.56187e-15 1.36004e-16 1
4617 3.64648e-15 1.36004e-16 1
4618.5 3.73129e-15 1.36004e-16 1
4620 3.70144e-15 2.18378e-16 1
4621.5 3.73898e-15 2.18378e-16 1
4623 3.79178e-15 2.18378e-16 1
4624.5 3.84958e-15 2.18378e-16 1
4626 3.82935e-15 2.18378e-16 1
4627.5 3.7773e-15 2.18378e-16 1
4629 3.83637e-15 2.18378e-16 1
4630.5 3.96349e-15 2.18378e-16 1
4632 4.07091e-15 2.18378e-16 1
4633.5 4.08513e-15 2.18378e-16 1
4635 4.1647e-15 2.18378e-16 1
4636.5 4.10366e-15 2.18378e-16 1
4638 4.12688e-15 2.18378e-16 1
4639.5 4.18498e-15 2.18378e-16 1
4641 4.07797e-15 2.18378e-16 1
4642.5 4.20399e-15 2.18378e-16 1
4644 4.29996e-15 2.18378e-16 1
4645.5 4.25336e-15 2.18378e-16 1
4647 4.21634e-15 2.18378e-16 1
4648.5 4.22755e-15 2.18378e-16 1
4650 4.22011e-15 2.18378e-16 1
4651.5 4.28895e-15 2.18378e-16 1
4653 4.29204e-15 2.18378e-16 1
4654.5 4.2832e-15 2.18378e-16 1
4656 4.21788e-15 2.18378e-16 1
4657.5 4.17382e-15 2.18378e-16 1
4659 4.11976e-15 2.18378e-16 1
4660.5 4.01708e-15 2.18378e-16 1
4662 3.91237e-15 2.18378e-16 1
4663.5 3.8697e-15 2.18378e-16 1
4665 3.88008e-15 2.18378e-16 1
4666.5 3.81127e-15 2.18378e-16 1
4668 3.70084e-15 2.18378e-16 1
4669.5 3.70207e-15 2.18378e-16 1
4671 3.68172e-15 2.18378e-16 1
4672.5 3.53975e-15 2.18378e-16 1
4674 3.38979e-15 2.18378e-16 1
4675.5 3.30546e-15 2.18378e-16 1
4677 3.26026e-15 2.18378e-16 1
4678.5 3.19245e-15 2.18378e-16 1
4680 3.13512e-15 2.18378e-16 1
4681.5 3.0974e-15 2.18378e-16 1
4683 3.01815e-15 2.18378e-16 1
4684.5 2.92472e-15 2.18378e-16 1
4686 2.88333e-15 2.18378e-16 1
4687.5 2.84094e-15 2.18378e-16 1
4689 2.77192e-15 2.18378e-16 1
4690.5 2.75038e-15 2.18378e-16 1
4692 2.71609e-15 2.18378e-16 1
4693.5 2.62936e-15 2.18378e-16 1
4695 2.5924e-15 2.18378e-16 1
4696.5 2.50759e-15 2.18378e-16 1
4698 2.49113e-15 2.18378e-16 1
4699.5 2.55072e-15 2.18378e-16 1
4701 2.51839e-15 2.18378e-16 1
4702.5 2.45053e-15 2.18378e-16 1
4704 2.35209e-15 2.18378e-16 1
4705.5 2.34122e-15 2.18378e-16 1
4707 2.35617e-15 2.18378e-16 1
4708.5 2.3247e-15 2.18378e-16 1
4710 2.29967e-15 2.18378e-16 1
4711.5 2.19072e-15 2.18378e-16 1
4713 2.19476e-15 2.18378e-16 1
4714.5 2.22291e-15 2.18378e-16 1
4716 2.20119e-15 2.18378e-16 1
4717.5 2.15551e-15 2.18378e-16 1
4719 2.10128e-15 2.18378e-16 1
4720.5 2.08018e-15 8.60428e-17 1
4722 2.10653e-15 8.60428e-17 1
4723.5 2.07163e-15 8.60428e-17 1
4725 1.97191e-15 8.60428e-17 1
4726.5 1.97116e-15 8.60428e-17 1
4728 1.97563e-15 8.60428e-17 1
4729.5 1.90937e-15 8.60428e-17 1
4731 1.88829e-15 8.60428e-17 1
4732.5 1.89633e-15 8.60428e-17 1
4734 1.91876e-15 8.60428e-17 1
4735.5 1.91482e-15 8.60428e-17 1
4737 1.83754e-15 8.60428e-17 1
4738.5 1.81092e-15 8.60428e-17 1
4740 1.8312e-15 8.60428e-17 1
4741.5 1.79502e-15 8.60428e-17 1
4743 1.72953e-15 8.60428e-17 1
4744.5 1.73993e-15 8.60428e-17 1
4746 1.73604e-15 8.60428e-17 1
4747.5 1.66765e-15 8.60428e-17 1
4749 1.62044e-15 8.60428e-17 1
4750.5 1.64256e-15 8.60428e-17 1
4752 1.65664e-15 8.60428e-17 1
4753.5 1.59105e-15 8.60428e-17 1
4755 1.54066e-15 8.60428e-17 1
4756.5 1.53892e-15 8.60428e-17 1
4758 1.54931e-15 8.60428e-17 1
4759.5 1.54684e-15 8.60428e-17 1
4761 1.50238e-15 8.60428e-17 1
4762.5 1.47227e-15 8.60428e-17 1
4764 1.50946e-15 8.60428e-17 1
4765.5 1.5566e-15 8.60428e-17 1
4767 1.57659e-15 8.60428e-17 1
4768.5 1.54785e-15 8.60428e-17 1
4770 1.45783e-15 8.60428e-17 1
4771.5 1.4586e-15 8.60428e-17 1
4773 1.46695e-15 8.60428e-17 1
4774.5 1.44596e-15 8.60428e-17 1
4776 1.44753e-15 8.60428e-17 1
4777.5 1.46749e-15 8.60428e-17 1
4779 1.46232e-15 8.60428e-17 1
4780.5 1.41818e-15 8.60428e-17 1
4782 1.43333e-15 8.60428e-17 1
4783.5 1.48894e-15 8.60428e-17 1
4785 1.50132e-15 8.60428e-17 1
4786.5 1.51197e-15 8.60428e-17 1
4788 1.47443e-15 8.60428e-17 1
4789.5 1.56086e-15 8.60428e-17 1
4791 1.61404e-15 8.60428e-17 1
4792.5 1.59843e-15 8.60428e-17 1
4794 1.56769e-15 8.60428e-17 1
4795.5 1.60955e-15 8.60428e-17 1
4797 1.60484e-15 8.60428e-17 1
4798.5 1.59357e-15 8.60428e-17 1
4800 1.70822e-15 8.60428e-17 1
4801.5 1.73813e-15 8.60428e-17 1
4803 1.76657e-15 8.60428e-17 1
4804.5 1.72721e-15 8.60428e-17 1
4806 1.76273e-15 8.60428e-17 1
4807.5 1.7355e-15 8.60428e-17 1
4809 1.69753e-15 8.60428e-17 1
4810.5 1.78289e-15 8.60428e-17 1
4812 1.8318e-15 8.60428e-17 1
4813.5 1.77171e-15 8.60428e-17 1
4815 1.78618e-15 8.60428e-17 1
4816.5 1.87192e-15 8.60428e-17 1
4818 1.89089e-15 8.60428e-17 1
4819.5 1.82734e-15 8.60428e-17 1
4821 1.73557e-15 6.35695e-17 1
4822.5 1.66718e-15 6.35695e-17 1
4824 1.72263e-15 6.35695e-17 1
4825.5 1.76669e-15 6.35695e-17 1
4827 1.84239e-15 6.35695e-17 1
4828.5 1.89356e-15 6.35695e-17 1
4830 1.85671e-15 6.35695e-17 1
4831.5 1.80944e-15 6.35695e-17 1
4833 1.82842e-15 6.35695e-17 1
4834.5 1.88731e-15 6.35695e-17 1
4836 1.87264e-15 6.35695e-17 1
4837.5 1.81954e-15 6.35695e-17 1
4839 1.82634e-15 6.35695e-17 1
4840.5 1.76904e-15 6.35695e-17 1
4842 1.73523e-15 6.35695e-17 1
4843.5 1.7571e-15 6.35695e-17 1
4845 1.74153e-15 6.35695e-17 1
4846.5 1.70691e-15 6.35695e-17 1
4848 1.75357e-15 6.35695e-17 1
4849.5 1.75152e-15 6.35695e-17 1
4851 1.77053e-15 6.35695e-17 1
4852.5 1.78302e-15 6.35695e-17 1
4854 1.77439e-15 6.35695e-17 1
4855.5 1.74185e-15 6.35695e-17 1
4857 1.72007e-15 6.35695e-17 1
4858.5 1.68978e-15 6.35695e-17 1
4860 1.74922e-15 6.35695e-17 1
4861.5 1.74207e-15 6.35695e-17 1
4863 1.76267e-15 6.35695e-17 1
4864.5 1.746e-15 6.35695e-17 1
4866 1.66313e-15 6.35695e-17 1
4867.5 1.65141e-15 6.35695e-17 1
4869 1.69342e-15 6.35695e-17 1
4870.5 1.72496e-15 6.35695e-17 1
4872 1.73079e-15 6.35695e-17 1
4873.5 1.69922e-15 6.35695e-17 1
4875 1.68705e-15 6.35695e-17 1
4876.5 1.72088e-15 6.35695e-17 1
4878 1.74978e-15 6.35695e-17 1
4879.5 1.77464e-15 6.35695e-17 1
4881 1.79573e-15 6.35695e-17 1
4882.5 1.80736e-15 6.35695e-17 1
4884 1.79131e-15 6.35695e-17 1
4885.5 1.82852e-15 6.35695e-17 1
4887 1.89232e-15 6.35695e-17 1
4888.5 1.87653e-15 6.35695e-17 1
4890 1.87059e-15 6.35695e-17 1
4891.5 1.9167e-15 6.35695e-17 1
4893 1.96822e-15 6.35695e-17 1
4894.5 1.98965e-15 6.35695e-17 1
4896 1.94799e-15 6.35695e-17 1
4897.5 1.92122e-15 6.35695e-17 1
4899 1.96366e-15 6.35695e-17 1
4900.5 2.05176e-15 6.35695e-17 1
4902 2.09051e-15 6.35695e-17 1
4903.5 2.05934e-15 6.35695e-17 1
4905 2.12302e-15 6.35695e-17 1
4906.5 2.27624e-15 6.35695e-17 1
4908 2.38291e-15 6.35695e-17 1
4909.5 2.47638e-15 6.35695e-17 1
4911 2.42582e-15 6.35695e-17 1
4912.5 2.4064e-15 6.35695e-17 1
4914 2.44225e-15 6.35695e-17 1
4915.5 2.3522e-15 6.35695e-17 1
4917 2.29154e-15 6.35695e-17 1
4918.5 2.27639e-15 6.35695e-17 1
4920 2.35602e-15 9.36451e-17 1
4921.5 2.37978e-15 9.36451e-17 1
4923 2.34455e-15 9.36451e-17 1
4924.5 2.37789e-15 9.36451e-17 1
4926 2.49347e-15 9.36451e-17 1
4927.5 2.50061e-15 9.36451e-17 1
4929 2.45779e-15 9.36451e-17 1
4930.5 2.51411e-15 9.36451e-17 1
4932 2.45059e-15 9.36451e-17 1
4933.5 2.55333e-15 9.36451e-17 1
4935 2.62342e-15 9.36451e-17 1
4936.5 2.58047e-15 9.36451e-17 1
4938 2.57369e-15 9.36451e-17 1
4939.5 2.60746e-15 9.36451e-17 1
4941 2.61443e-15 9.36451e-17 1
4942.5 2.573e-15 9.36451e-17 1
4944 2.62364e-15 9.36451e-17 1
4945.5 2.71351e-15 9.36451e-17 1
4947 2.71003e-15 9.36451e-17 1
4948.5 2.79689e-15 9.36451e-17 1
4950 2.74862e-15 9.36451e-17 1
4951.5 2.67413e-15 9.36451e-17 1
4953 2.71999e-15 9.36451e-17 1
4954.5 2.78945e-15 9.36451e-17 1
4956 2.79496e-15 9.36451e-17 1
4957.5 2.77003e-15 9.36451e-17 1
4959 2.74735e-15 9.36451e-17 1
4960.5 2.73462e-15 9.36451e-17 1
4962 2.75838e-15 9.36451e-17 1
4963.5 2.68972e-15 9.36451e-17 1
4965 2.65522e-15 9.36451e-17 1
4966.5 2.66332e-15 9.36451e-17 1
4968 2.59893e-15 9.36451e-17 1
4969.5 2.57259e-15 9.36451e-17 1
4971 2.60489e-15 9.36451e-17 1
4972.5 2.55192e-15 9.36451e-17 1
4974 2.5034e-15 9.36451e-17 1
4975.5 2.51467e-15 9.36451e-17 1
4977 2.47268e-15 9.36451e-17 1
4978.5 2.3764e-15 9.36451e-17 1
4980 2.32449e-15 9.36451e-17 1
4981.5 2.29098e-15 9.36451e-17 1
4983 2.29088e-15 9.36451e-17 1
4984.5 2.28428e-15 9.36451e-17 1
4986 2.30068e-15 9.36451e-17 1
4987.5 2.26722e-15 9.36451e-17 1
4989 2.23873e-15 9.36451e-17 1
4990.5 2.21182e-15 9.36451e-17 1
4992 2.19682e-15 9.36451e-17 1
4993.5 2.15661e-15 9.36451e-17 1
4995 2.17435e-15 9.36451e-17 1
4996.5 2.10828e-15 9.36451e-17 1
4998 2.10082e-15 9.36451e-17 1
4999.5 2.14314e-15 9.36451e-17 1
5001 2.09802e-15 9.36451e-17 1
5002.5 2.13614e-15 9.36451e-17 1
5004 2.01529e-15 9.36451e-17 1
5005.5 2.01457e-15 9.36451e-17 1
5007 2.02738e-15 9.36451e-17 1
5008.5 2.01013e-15 9.36451e-17 1
5010 2.00885e-15 9.36451e-17 1
5011.5 1.9728e-15 9.36451e-17 1
5013 1.88664e-15 9.36451e-17 1
5014.5 1.84712e-15 9.36451e-17 1
5016 1.88466e-15 9.36451e-17 1
5017.5 1.91393e-15 9.36451e-17 1
5019 1.87474e-15 9.36451e-17 1
5020.5 1.81676e-15 4.72629e-17 1
5022 1.83976e-15 4.72629e-17 1
5023.5 1.88989e-15 4.72629e-17 1
5025 1.89449e-15 4.72629e-17 1
5026.5 1.84627e-15 4.72629e-17 1
5028 1.83063e-15 4.72629e-17 1
5029.5 1.85812e-15 4.72629e-17 1
5031 1.89918e-15 4.72629e-17 1
5032.5 1.89442e-15 4.72629e-17 1
5034 1.88623e-15 4.72629e-17 1
5035.5 1.87299e-15 4.72629e-17 1
5037 1.82477e-15 4.72629e-17 1
5038.5 1.78514e-15 4.72629e-17 1
5040 1.78381e-15 4.72629e-17 1
5041.5 1.82061e-15 4.72629e-17 1
5043 1.78007e-15 4.72629e-17 1
5044.5 1.75955e-15 4.72629e-17 1
5046 1.75881e-15 4.72629e-17 1
5047.5 1.72447e-15 4.72629e-17 1
5049 1.74212e-15 4.72629e-17 1
5050.5 1.7226e-15 4.72629e-17 1
5052 1.70533e-15 4.72629e-17 1
5053.5 1.75447e-15 4.72629e-17 1
5055 1.77017e-15 4.72629e-17 1
5056.5 1.77781e-15 4.72629e-17 1
5058 1.79339e-15 4.72629e-17 1
5059.5 1.74464e-15 4.72629e-17 1
5061 1.76882e-15 4.72629e-17 1
5062.5 1.77997e-15 4.72629e-17 1
5064 1.70935e-15 4.72629e-17 1
5065.5 1.69251e-15 4.72629e-17 1
5067 1.7065e-15 4.72629e-17 1
5068.5 1.70191e-15 4.72629e-17 1
5070 1.65779e-15 4.72629e-17 1
5071.5 1.6145e-15 4.72629e-17 1
5073 1.6603e-15 4.72629e-17 1
5074.5 1.7282e-15 4.72629e-17 1
5076 1.67961e-15 4.72629e-17 1
5077.5 1.61827e-15 4.72629e-17 1
5079 1.67424e-15 4.72629e-17 1
5080.5 1.62347e-15 4.72629e-17 1
5082 1.63958e-15 4.72629e-17 1
5083.5 1.62256e-15 4.72629e-17 1
5085 1.61667e-15 4.72629e-17 1
5086.5 1.63996e-15 4.72629e-17 1
5088 1.6172e-15 4.72629e-17 1
5089.5 1.58556e-15 4.72629e-17 1
5091 1.54574e-15 4.72629e-17 1
5092.5 1.53059e-15 4.72629e-17 1
5094 1.54618e-15 4.72629e-17 1
5095.5 1.54533e-15 4.72629e-17 1
5097 1.59878e-15 4.72629e-17 1
5098.5 1.64931e-15 4.72629e-17 1
5100 1.61161e-15 4.72629e-17 1
5101.5 1.54988e-15 4.72629e-17 1
5103 1.53639e-15 4.72629e-17 1
5104.5 1.54961e-15 4.72629e-17 1
5106 1.56412e-15 4.72629e-17 1
5107.5 1.53823e-15 4.72629e-17 1
5109 1.47394e-15 4.72629e-17 1
5110.5 1.48299e-15 4.72629e-17 1
5112 1.5404e-15 4.72629e-17 1
5113.5 1.52196e-15 4.72629e-17 1
5115 1.51579e-15 4.72629e-17 1
5116.5 1.55003e-15 4.72629e-17 1
5118 1.53541e-15 4.72629e-17 1
5119.5 1.53278e-15 4.72629e-17 1
5121 1.53912e-15 3.83795e-17 1
5122.5 1.49494e-15 3.83795e-17 1
5124 1.44082e-15 3.83795e-17 1
5125.5 1.49103e-15 3.83795e-17 1
5127 1.53202e-15 3.83795e-17 1
5128.5 1.47355e-15 3.83795e-17 1
5130 1.44632e-15 3.83795e-17 1
5131.5 1.47527e-15 3.83795e-17 1
5133 1.45466e-15 3.83795e-17 1
5134.5 1.42591e-15 3.83795e-17 1
5136 1.43157e-15 3.83795e-17 1
5137.5 1.46077e-15 3.83795e-17 1
5139 1.46824e-15 3.83795e-17 1
5140.5 1.5232e-15 3.83795e-17 1
5142 1.54281e-15 3.83795e-17 1
5143.5 1.45873e-15 3.83795e-17 1
5145 1.45057e-15 3.83795e-17 1
5146.5 1.45097e-15 3.83795e-17 1
5148 1.46324e-15 3.83795e-17 1
5149.5 1.50518e-15 3.83795e-17 1
5151 1.55071e-15 3.83795e-17 1
5152.5 1.5597e-15 3.83795e-17 1
5154 1.49963e-15 3.83795e-17 1
5155.5 1.52412e-15 3.83795e-17 1
5157 1.54789e-15 3.83795e-17 1
5158.5 1.52049e-15 3.83795e-17 1
5160 1.5094e-15 3.83795e-17 1
5161.5 1.4623e-15 3.83795e-17 1
5163 1.48467e-15 3.83795e-17 1
5164.5 1.49009e-15 3.83795e-17 1
5166 1.4955e-15 3.83795e-17 1
5167.5 1.50092e-15 3.83795e-17 1
5169 1.50633e-15 3.83795e-17 1
5170.5 1.51175e-15 3.83795e-17 1
5172 1.51175e-15 3.83795e-17 1
5173.5 1.53515e-15 3.83795e-17 1
5175 1.56724e-15 3.83795e-17 1
5176.5 1.59957e-15 3.83795e-17 1
5178 1.57791e-15 3.83795e-17 1
5179.5 1.61609e-15 3.83795e-17 1
5181 1.70403e-15 3.83795e-17 1
5182.5 1.68012e-15 3.83795e-17 1
5184 1.64049e-15 3.83795e-17 1
5185.5 1.64938e-15 3.83795e-17 1
5187 1.67422e-15 3.83795e-17 1
5188.5 1.74353e-15 3.83795e-17 1
5190 1.77912e-15 3.83795e-17 1
5191.5 1.77911e-15 3.83795e-17 1
5193 1.75975e-15 3.83795e-17 1
5194.5 1.71272e-15 3.83795e-17 1
5196 1.72764e-15 3.83795e-17 1
5197.5 1.76386e-15 3.83795e-17 1
5199 1.77975e-15 3.83795e-17 1
5200.5 1.80224e-15 3.83795e-17 1
5202 1.81854e-15 3.83795e-17 1
5203.5 1.85902e-15 3.83795e-17 1
5205 1.90473e-15 3.83795e-17 1
5206.5 1.91393e-15 3.83795e-17 1
5208 1.90582e-15 3.83795e-17 1
5209.5 1.90418e-15 3.83795e-17 1
5211 1.94269e-15 3.83795e-17 1
5212.5 1.97108e-15 3.83795e-17 1
5214 1.97888e-15 3.83795e-17 1
5215.5 2.04339e-15 3.83795e-17 1
5217 2.09637e-15 3.83795e-17 1
5218.5 2.06349e-15 3.83795e-17 1
5220 2.03262e-15 9.42294e-17 1
5221.5 2.07369e-15 9.42294e-17 1
5223 2.11324e-15 9.42294e-17 1
5224.5 2.13141e-15 9.42294e-17 1
5226 2.15917e-15 9.42294e-17 1
5227.5 2.19502e-15 9.42294e-17 1
5229 2.27363e-15 9.42294e-17 1
5230.5 2.3209e-15 9.42294e-17 1
5232 2.32511e-15 9.42294e-17 1
5233.5 2.34713e-15 9.42294e-17 1
5235 2.38675e-15 9.42294e-17 1
5236.5 2.38173e-15 9.42294e-17 1
5238 2.38172e-15 9.42294e-17 1
5239.5 2.42134e-15 9.42294e-17 1
5241 2.43996e-15 9.42294e-17 1
5242.5 2.45208e-15 9.42294e-17 1
5244 2.49832e-15 9.42294e-17 1
5245.5 2.55999e-15 9.42294e-17 1
5247 2.56308e-15 9.42294e-17 1
5248.5 2.60226e-15 9.42294e-17 1
5250 2.63202e-15 9.42294e-17 1
5251.5 2.63514e-15 9.42294e-17 1
5253 2.65673e-15 9.42294e-17 1
5254.5 2.67464e-15 9.42294e-17 1
5256 2.70852e-15 9.42294e-17 1
5257.5 2.72427e-15 9.42294e-17 1
5259 2.67932e-15 9.42294e-17 1
5260.5 2.70705e-15 9.42294e-17 1
5262 2.7824e-15 9.42294e-17 1
5263.5 2.80941e-15 9.42294e-17 1
5265 2.80858e-15 9.42294e-17 1
5266.5 2.80435e-15 9.42294e-17 1
5268 2.81629e-15 9.42294e-17 1
5269.5 2.82289e-15 9.42294e-17 1
5271 2.76863e-15 9.42294e-17 1
5272.5 2.73954e-15 9.42294e-17 1
5274 2.84017e-15 9.42294e-17 1
5275.5 2.96441e-15 9.42294e-17 1
5277 2.96031e-15 9.42294e-17 1
5278.5 3.0066e-15 9.42294e-17 1
5280 3.14447e-15 9.42294e-17 1
5281.5 3.21375e-15 9.42294e-17 1
5283 3.24571e-15 9.42294e-17 1
5284.5 3.20092e-15 9.42294e-17 1
5286 3.19956e-15 9.42294e-17 1
5287.5 3.28945e-15 9.42294e-17 1
5289 3.2818e-15 9.42294e-17 1
5290.5 3.34881e-15 9.42294e-17 1
5292 3.40496e-15 9.42294e-17 1
5293.5 3.47276e-15 9.42294e-17 1
5295 3.56377e-15 9.42294e-17 1
5296.5 3.51807e-15 9.42294e-17 1
5298 3.53909e-15 9.42294e-17 1
5299.5 3.55902e-15 9.42294e-17 1
5301 3.63738e-15 9.42294e-17 1
5302.5 3.51616e-15 9.42294e-17 1
5304 3.55554e-15 9.42294e-17 1
5305.5 3.61452e-15 9.42294e-17 1
5307 3.64446e-15 9.42294e-17 1
5308.5 3.67764e-15 9.42294e-17 1
5310 3.6842e-15 9.42294e-17 1
5311.5 3.65768e-15 9.42294e-17 1
5313 3.62441e-15 9.42294e-17 1
5314.5 3.60932e-15 9.42294e-17 1
5316 3.6388e-15 9.42294e-17 1
5317.5 3.67907e-15 9.42294e-17 1
5319 3.63966e-15 9.42294e-17 1
5320.5 3.60361e-15 8.09773e-17 1
5322 3.63603e-15 8.09773e-17 1
5323.5 3.6616e-15 8.09773e-17 1
5325 3.70487e-15 8.09773e-17 1
5326.5 3.69499e-15 8.09773e-17 1
5328 3.72008e-15 8.09773e-17 1
5329.5 3.73848e-15 8.09773e-17 1
5331 3.72459e-15 8.09773e-17 1
5332.5 3.74683e-15 8.09773e-17 1
5334 3.71065e-15 8.09773e-17 1
5335.5 3.6362e-15 8.09773e-17 1
5337 3.6293e-15 8.09773e-17 1
5338.5 3.67231e-15 8.09773e-17 1
5340 3.67893e-15 8.09773e-17 1
5341.5 3.65285e-15 8.09773e-17 1
5343 3.67718e-15 8.09773e-17 1
5344.5 3.67677e-15 8.09773e-17 1
5346 3.63291e-15 8.09773e-17 1
5347.5 3.58395e-15 8.09773e-17 1
5349 3.52339e-15 8.09773e-17 1
5350.5 3.51733e-15 8.09773e-17 1
5352 3.61699e-15 8.09773e-17 1
5353.5 3.5584e-15 8.09773e-17 1
5355 3.55052e-15 8.09773e-17 1
5356.5 3.53201e-15 8.09773e-17 1
5358 3.55307e-15 8.09773e-17 1
5359.5 3.63285e-15 8.09773e-17 1
5361 3.53176e-15 8.09773e-17 1
5362.5 3.54789e-15 8.09773e-17 1
5364 3.61125e-15 8.09773e-17 1
5365.5 3.59215e-15 8.09773e-17 1
5367 3.57167e-15 8.09773e-17 1
5368.5 3.53519e-15 8.09773e-17 1
5370 3.55845e-15 8.09773e-17 1
5371.5 3.61713e-15 8.09773e-17 1
5373 3.56453e-15 8.09773e-17 1
5374.5 3.47114e-15 8.09773e-17 1
5376 3.50155e-15 8.09773e-17 1
5377.5 3.53854e-15 8.09773e-17 1
5379 3.51763e-15 8.09773e-17 1
5380.5 3.6072e-15 8.09773e-17 1
5382 3.60815e-15 8.09773e-17 1
5383.5 3.54048e-15 8.09773e-17 1
5385 3.54544e-15 8.09773e-17 1
5386.5 3.52007e-15 8.09773e-17 1
5388 3.53057e-15 8.09773e-17 1
5389.5 3.59064e-15 8.09773e-17 1
5391 3.6579e-15 8.09773e-17 1
5392.5 3.66817e-15 8.09773e-17 1
5394 3.74611e-15 8.09773e-17 1
5395.5 3.67256e-15 8.09773e-17 1
5397 3.6445e-15 8.09773e-17 1
5398.5 3.74886e-15 8.09773e-17 1
5400 3.82216e-15 8.09773e-17 1
5401.5 3.78112e-15 8.09773e-17 1
5403 3.76662e-15 8.09773e-17 1
5404.5 3.8033e-15 8.09773e-17 1
5406 3.88675e-15 8.09773e-17 1
5407.5 3.90761e-15 8.09773e-17 1
5409 3.89857e-15 8.09773e-17 1
5410.5 3.91006e-15 8.09773e-17 1
5412 3.92725e-15 8.09773e-17 1
5413.5 3.92168e-15 8.09773e-17 1
5415 3.9434e-15 8.09773e-17 1
5416.5 3.97986e-15 8.09773e-17 1
5418 4.03529e-15 8.09773e-17 1
5419.5 4.01874e-15 8.09773e-17 1
5421 3.98013e-15 5.53738e-17 1
5422.5 3.96883e-15 5.53738e-17 1
5424 4.00951e-15 5.53738e-17 1
5425.5 4.00432e-15 5.53738e-17 1
5427 3.96352e-15 5.53738e-17 1
5428.5 3.9858e-15 5.53738e-17 1
5430 4.06314e-15 5.53738e-17 1
5431.5 4.12785e-15 5.53738e-17 1
5433 4.20357e-15 5.53738e-17 1
5434.5 4.1036e-15 5.53738e-17 1
5436 3.97858e-15 5.53738e-17 1
5437.5 4.04548e-15 5.53738e-17 1
5439 4.05989e-15 5.53738e-17 1
5440.5 4.18804e-15 5.53738e-17 1
5442 4.17037e-15 5.53738e-17 1
5443.5 4.11626e-15 5.53738e-17 1
5445 4.04968e-15 5.53738e-17 1
5446.5 4.13254e-15 5.53738e-17 1
5448 4.19149e-15 5.53738e-17 1
5449.5 4.16006e-15 5.53738e-17 1
5451 4.0638e-15 5.53738e-17 1
5452.5 4.2177e-15 5.53738e-17 1
5454 4.26422e-15 5.53738e-17 1
5455.5 4.15969e-15 5.53738e-17 1
5457 4.16421e-15 5.53738e-17 1
5458.5 4.14858e-15 5.53738e-17 1
5460 4.21389e-15 5.53738e-17 1
5461.5 4.19359e-15 5.53738e-17 1
5463 4.07515e-15 5.53738e-17 1
5464.5 4.10196e-15 5.53738e-17 1
5466 4.15017e-15 5.53738e-17 1
5467.5 4.21083e-15 5.53738e-17 1
5469 4.18399e-15 5.53738e-17 1
5470.5 4.15477e-15 5.53738e-17 1
5472 4.1485e-15 5.53738e-17 1
5473.5 4.14939e-15 5.53738e-17 1
5475 4.10467e-15 5.53738e-17 1
5476.5 4.09184e-15 5.53738e-17 1
5478 4.10615e-15 5.53738e-17 1
5479.5 4.16431e-15 5.53738e-17 1
5481 4.18039e-15 5.53738e-17 1
5482.5 4.1297e-15 5.53738e-17 1
5484 4.09839e-15 5.53738e-17 1
5485.5 4.06958e-15 5.53738e-17 1
5487 4.03059e-15 5.53738e-17 1
5488.5 3.99868e-15 5.53738e-17 1
5490 3.98672e-15 5.53738e-17 1
5491.5 4.0242e-15 5.53738e-17 1
5493 4.03276e-15 5.53738e-17 1
5494.5 4.03359e-15 5.53738e-17 1
5496 4.00488e-15 5.53738e-17 1
5497.5 4.04809e-15 5.53738e-17 1
5499 4.08017e-15 5.53738e-17 1
5500.5 4.08458e-15 5.53738e-17 1
5502 3.99678e-15 5.53738e-17 1
5503.5 3.9216e-15 5.53738e-17 1
5505 3.95941e-15 5.53738e-17 1
5506.5 3.90934e-15 5.53738e-17 1
5508 3.9188e-15 5.53738e-17 1
5509.5 3.94076e-15 5.53738e-17 1
5511 3.94939e-15 5.53738e-17 1
5512.5 3.83768e-15 5.53738e-17 1
5514 3.9347e-15 5.53738e-17 1
5515.5 3.90259e-15 5.53738e-17 1
5517 3.91492e-15 5.53738e-17 1
5518.5 3.94028e-15 5.53738e-17 1
5520 3.85701e-15 8.31519e-17 1
5521.5 3.83436e-15 8.31519e-17 1
5523 3.87413e-15 8.31519e-17 1
5524.5 3.83834e-15 8.31519e-17 1
5526 3.79576e-15 8.31519e-17 1
5527.5 3.77301e-15 8.31519e-17 1
5529 3.59639e-15 8.31519e-17 1
5530.5 3.61822e-15 8.31519e-17 1
5532 3.68003e-15 8.31519e-17 1
5533.5 3.74009e-15 8.31519e-17 1
5535 3.75727e-15 8.31519e-17 1
5536.5 3.75564e-15 8.31519e-17 1
5538 3.76502e-15 8.31519e-17 1
5539.5 3.77262e-15 8.31519e-17 1
5541 3.75344e-15 8.31519e-17 1
5542.5 3.73475e-15 8.31519e-17 1
5544 3.71573e-15 8.31519e-17 1
5545.5 3.72378e-15 8.31519e-17 1
5547 3.70158e-15 8.31519e-17 1
5548.5 3.74691e-15 8.31519e-17 1
5550 3.87829e-15 8.31519e-17 1
5551.5 3.90832e-15 8.31519e-17 1
5553 3.93138e-15 8.31519e-17 1
5554.5 3.93875e-15 8.31519e-17 1
5556 3.85969e-15 8.31519e-17 1
5557.5 3.73894e-15 8.31519e-17 1
5559 3.62679e-15 8.31519e-17 1
5560.5 3.5906e-15 8.31519e-17 1
5562 3.59688e-15 8.31519e-17 1
5563.5 3.6091e-15 8.31519e-17 1
5565 3.54916e-15 8.31519e-17 1
5566.5 3.46663e-15 8.31519e-17 1
5568 3.48003e-15 8.31519e-17 1
5569.5 3.54712e-15 8.31519e-17 1
5571 3.54581e-15 8.31519e-17 1
5572.5 3.563e-15 8.31519e-17 1
5574 3.57343e-15 8.31519e-17 1
5575.5 3.48841e-15 8.31519e-17 1
5577 3.43018e-15 8.31519e-17 1
5578.5 3.39391e-15 8.31519e-17 1
5580 3.47404e-15 8.31519e-17 1
5581.5 3.49301e-15 8.31519e-17 1
5583 3.35079e-15 8.31519e-17 1
5584.5 3.34528e-15 8.31519e-17 1
5586 3.38561e-15 8.31519e-17 1
5587.5 3.30189e-15 8.31519e-17 1
5589 3.29275e-15 8.31519e-17 1
5590.5 3.25019e-15 8.31519e-17 1
5592 3.26289e-15 8.31519e-17 1
5593.5 3.2776e-15 8.31519e-17 1
5595 3.27026e-15 8.31519e-17 1
5596.5 3.30984e-15 8.31519e-17 1
5598 3.22154e-15 8.31519e-17 1
5599.5 3.18704e-15 8.31519e-17 1
5601 3.25437e-15 8.31519e-17 1
5602.5 3.19438e-15 8.31519e-17 1
5604 3.17793e-15 8.31519e-17 1
5605.5 3.20356e-15 8.31519e-17 1
5607 3.17573e-15 8.31519e-17 1
5608.5 3.20053e-15 8.31519e-17 1
5610 3.19688e-15 8.31519e-17 1
5611.5 3.19138e-15 8.31519e-17 1
5613 3.11934e-15 8.31519e-17 1
5614.5 3.06471e-15 8.31519e-17 1
5616 3.03692e-15 8.31519e-17 1
5617.5 3.03478e-15 8.31519e-17 1
5619 3.05182e-15 8.31519e-17 1
5620.5 3.09025e-15 4.57824e-17 1
5622 3.0601e-15 4.57824e-17 1
5623.5 2.9842e-15 4.57824e-17 1
5625 2.9685e-15 4.57824e-17 1
5626.5 2.97441e-15 4.57824e-17 1
5628 2.96981e-15 4.57824e-17 1
5629.5 2.89879e-15 4.57824e-17 1
5631 2.84868e-15 4.57824e-17 1
5632.5 2.79025e-15 4.57824e-17 1
5634 2.74762e-15 4.57824e-17 1
5635.5 2.78469e-15 4.57824e-17 1
5637 2.77641e-15 4.57824e-17 1
5638.5 2.77576e-15 4.57824e-17 1
5640 2.78463e-15 4.57824e-17 1
5641.5 2.8281e-15 4.57824e-17 1
5643 2.85618e-15 4.57824e-17 1
5644.5 2.77864e-15 4.57824e-17 1
5646 2.71132e-15 4.57824e-17 1
5647.5 2.7055e-15 4.57824e-17 1
5649 2.73925e-15 4.57824e-17 1
5650.5 2.70586e-15 4.57824e-17 1
5652 2.68734e-15 4.57824e-17 1
5653.5 2.68162e-15 4.57824e-17 1
5655 2.64539e-15 4.57824e-17 1
5656.5 2.67486e-15 4.57824e-17 1
5658 2.62721e-15 4.57824e-17 1
5659.5 2.5144e-15 4.57824e-17 1
5661 2.57311e-15 4.57824e-17 1
5662.5 2.59165e-15 4.57824e-17 1
5664 2.56912e-15 4.57824e-17 1
5665.5 2.66013e-15 4.57824e-17 1
5667 2.59417e-15 4.57824e-17 1
5668.5 2.59281e-15 4.57824e-17 1
5670 2.56003e-15 4.57824e-17 1
5671.5 2.55483e-15 4.57824e-17 1
5673 2.54369e-15 4.57824e-17 1
5674.5 2.45963e-15 4.57824e-17 1
5676 2.43986e-15 4.57824e-17 1
5677.5 2.5204e-15 4.57824e-17 1
5679 2.4809e-15 4.57824e-17 1
5680.5 2.49505e-15 4.57824e-17 1
5682 2.48715e-15 4.57824e-17 1
5683.5 2.44428e-15 4.57824e-17 1
5685 2.39278e-15 4.57824e-17 1
5686.5 2.39183e-15 4.57824e-17 1
5688 2.3969e-15 4.57824e-17 1
5689.5 2.44047e-15 4.57824e-17 1
5691 2.42093e-15 4.57824e-17 1
5692.5 2.38283e-15 4.57824e-17 1
5694 2.36762e-15 4.57824e-17 1
5695.5 2.29996e-15 4.57824e-17 1
5697 2.28534e-15 4.57824e-17 1
5698.5 2.29265e-15 4.57824e-17 1
5700 2.24813e-15 4.57824e-17 1
5701.5 2.21514e-15 4.57824e-17 1
5703 2.2214e-15 4.57824e-17 1
5704.5 2.23316e-15 4.57824e-17 1
5706 2.24268e-15 4.57824e-17 1
5707.5 2.24486e-15 4.57824e-17 1
5709 2.18973e-15 4.57824e-17 1
5710.5 2.16897e-15 4.57824e-17 1
5712 2.20911e-15 4.57824e-17 1
5713.5 2.11808e-15 4.57824e-17 1
5715 2.08917e-15 4.57824e-17 1
5716.5 2.12367e-15 4.57824e-17 1
5718 2.1243e-15 4.57824e-17 1
5719.5 2.12604e-15 4.57824e-17 1
5721 2.11054e-15 3.45072e-17 1
5722.5 2.10868e-15 3.45072e-17 1
5724 2.1199e-15 3.45072e-17 1
5725.5 2.11541e-15 3.45072e-17 1
5727 2.10347e-15 3.45072e-17 1
5728.5 2.11572e-15 3.45072e-17 1
5730 2.01886e-15 3.45072e-17 1
5731.5 2.06455e-15 3.45072e-17 1
5733 2.08939e-15 3.45072e-17 1
5734.5 2.00386e-15 3.45072e-17 1
5736 1.94986e-15 3.45072e-17 1
5737.5 1.96401e-15 3.45072e-17 1
5739 2.02381e-15 3.45072e-17 1
5740.5 2.10034e-15 3.45072e-17 1
5742 2.0105e-15 3.45072e-17 1
5743.5 1.98911e-15 3.45072e-17 1
5745 1.97535e-15 3.45072e-17 1
5746.5 1.95176e-15 3.45072e-17 1
5748 1.93293e-15 3.45072e-17 1
5749.5 1.95436e-15 3.45072e-17 1
5751 2.01398e-15 3.45072e-17 1
5752.5 1.95608e-15 3.45072e-17 1
5754 1.93771e-15 3.45072e-17 1
5755.5 1.85507e-15 3.45072e-17 1
5757 1.83961e-15 3.45072e-17 1
5758.5 1.90835e-15 3.45072e-17 1
5760 1.95616e-15 3.45072e-17 1
5761.5 1.92806e-15 3.45072e-17 1
5763 1.92265e-15 3.45072e-17 1
5764.5 1.91474e-15 3.45072e-17 1
5766 1.89216e-15 3.45072e-17 1
5767.5 1.86114e-15 3.45072e-17 1
5769 1.86202e-15 3.45072e-17 1
5770.5 1.85005e-15 3.45072e-17 1
5772 1.8629e-15 3.45072e-17 1
5773.5 1.90131e-15 3.45072e-17 1
5775 1.87039e-15 3.45072e-17 1
5776.5 1.83515e-15 3.45072e-17 1
5778 1.8485e-15 3.45072e-17 1
5779.5 1.86614e-15 3.45072e-17 1
5781 1.83052e-15 3.45072e-17 1
5782.5 1.8277e-15 3.45072e-17 1
5784 1.88967e-15 3.45072e-17 1
5785.5 1.93213e-15 3.45072e-17 1
5787 1.92045e-15 3.45072e-17 1
5788.5 1.8948e-15 3.45072e-17 1
5790 1.91637e-15 3.45072e-17 1
5791.5 1.92976e-15 3.45072e-17 1
5793 1.93076e-15 3.45072e-17 1
5794.5 1.93109e-15 3.45072e-17 1
5796 1.92505e-15 3.45072e-17 1
5797.5 1.9245e-15 3.45072e-17 1
5799 1.93576e-15 3.45072e-17 1
5800.5 1.96939e-15 3.45072e-17 1
5802 1.90087e-15 3.45072e-17 1
5803.5 1.91907e-15 3.45072e-17 1
5805 1.97286e-15 3.45072e-17 1
5806.5 1.92381e-15 3.45072e-17 1
5808 1.95047e-15 3.45072e-17 1
5809.5 1.98056e-15 3.45072e-17 1
5811 1.97655e-15 3.45072e-17 1
5812.5 1.99219e-15 3.45072e-17 1
5814 1.98681e-15 3.45072e-17 1
5815.5 2.00235e-15 3.45072e-17 1
5817 2.00436e-15 3.45072e-17 1
5818.5 2.00731e-15 3.45072e-17 1
5820 2.07652e-15 6.54051e-17 1
5821.5 2.05002e-15 6.54051e-17 1
5823 2.01945e-15 6.54051e-17 1
5824.5 2.0588e-15 6.54051e-17 1
5826 2.06424e-15 6.54051e-17 1
5827.5 2.11091e-15 6.54051e-17 1
5829 2.12861e-15 6.54051e-17 1
5830.5 2.15663e-15 6.54051e-17 1
5832 2.20341e-15 6.54051e-17 1
5833.5 2.18516e-15 6.54051e-17 1
5835 2.19937e-15 6.54051e-17 1
5836.5 2.2453e-15 6.54051e-17 1
5838 2.26092e-15 6.54051e-17 1
5839.5 2.21698e-15 6.54051e-17 1
5841 2.20982e-15 6.54051e-17 1
5842.5 2.27438e-15 6.54051e-17 1
5844 2.33351e-15 6.54051e-17 1
5845.5 2.31481e-15 6.54051e-17 1
5847 2.30475e-15 6.54051e-17 1
5848.5 2.35468e-15 6.54051e-17 1
5850 2.41013e-15 6.54051e-17 1
5851.5 2.44623e-15 6.54051e-17 1
5853 2.41574e-15 6.54051e-17 1
5854.5 2.43114e-15 6.54051e-17 1
5856 2.49828e-15 6.54051e-17 1
5857.5 2.48926e-15 6.54051e-17 1
5859 2.44969e-15 6.54051e-17 1
5860.5 2.5157e-15 6.54051e-17 1
5862 2.55124e-15 6.54051e-17 1
5863.5 2.51094e-15 6.54051e-17 1
5865 2.52819e-15 6.54051e-17 1
5866.5 2.60297e-15 6.54051e-17 1
5868 2.65819e-15 6.54051e-17 1
5869.5 2.56963e-15 6.54051e-17 1
5871 2.56127e-15 6.54051e-17 1
5872.5 2.62516e-15 6.54051e-17 1
5874 2.6919e-15 6.54051e-17 1
5875.5 2.64874e-15 6.54051e-17 1
5877 2.65931e-15 6.54051e-17 1
5878.5 2.83437e-15 6.54051e-17 1
5880 2.78726e-15 6.54051e-17 1
5881.5 2.67429e-15 6.54051e-17 1
5883 2.69731e-15 6.54051e-17 1
5884.5 2.76039e-15 6.54051e-17 1
5886 2.75096e-15 6.54051e-17 1
5887.5 2.60518e-15 6.54051e-17 1
5889 2.65029e-15 6.54051e-17 1
5890.5 2.70122e-15 6.54051e-17 1
5892 2.79309e-15 6.54051e-17 1
5893.5 2.76319e-15 6.54051e-17 1
5895 2.78204e-15 6.54051e-17 1
5896.5 2.78773e-15 6.54051e-17 1
5898 2.84451e-15 6.54051e-17 1
5899.5 2.92405e-15 6.54051e-17 1
5901 2.932e-15 6.54051e-17 1
5902.5 2.9528e-15 6.54051e-17 1
5904 2.93051e-15 6.54051e-17 1
5905.5 2.98086e-15 6.54051e-17 1
5907 3.01418e-15 6.54051e-17 1
5908.5 3.04991e-15 6.54051e-17 1
5910 3.00842e-15 6.54051e-17 1
5911.5 3.02015e-15 6.54051e-17 1
5913 3.03499e-15 6.54051e-17 1
5914.5 3.05973e-15 6.54051e-17 1
5916 3.07056e-15 6.54051e-17 1
5917.5 3.0602e-15 6.54051e-17 1
5919 3.03925e-15 6.54051e-17 1
5920.5 3.02273e-15 6.93575e-17 1
5922 3.0334e-15 6.93575e-17 1
5923.5 3.08823e-15 6.93575e-17 1
5925 3.11179e-15 6.93575e-17 1
5926.5 3.14265e-15 6.93575e-17 1
5928 3.16102e-15 6.93575e-17 1
5929.5 3.14479e-15 6.93575e-17 1
5931 3.11818e-15 6.93575e-17 1
5932.5 3.15391e-15 6.93575e-17 1
5934 3.20515e-15 6.93575e-17 1
5935.5 3.18595e-15 6.93575e-17 1
5937 3.10641e-15 6.93575e-17 1
5938.5 3.12004e-15 6.93575e-17 1
5940 3.06565e-15 6.93575e-17 1
5941.5 3.04418e-15 6.93575e-17 1
5943 3.03817e-15 6.93575e-17 1
5944.5 2.99711e-15 6.93575e-17 1
5946 3.01185e-15 6.93575e-17 1
5947.5 3.02939e-15 6.93575e-17 1
5949 2.97623e-15 6.93575e-17 1
5950.5 2.98387e-15 6.93575e-17 1
5952 3.01194e-15 6.93575e-17 1
5953.5 3.02222e-15 6.93575e-17 1
5955 2.94351e-15 6.93575e-17 1
5956.5 2.91599e-15 6.93575e-17 1
5958 2.92023e-15 6.93575e-17 1
5959.5 3.03764e-15 6.93575e-17 1
5961 2.93847e-15 6.93575e-17 1
5962.5 2.84946e-15 6.93575e-17 1
5964 2.90729e-15 6.93575e-17 1
5965.5 2.8907e-15 6.93575e-17 1
5967 2.86812e-15 6.93575e-17 1
5968.5 2.86986e-15 6.93575e-17 1
5970 2.78019e-15 6.93575e-17 1
5971.5 2.72119e-15 6.93575e-17 1
5973 2.71251e-15 6.93575e-17 1
5974.5 2.71419e-15 6.93575e-17 1
5976 2.72299e-15 6.93575e-17 1
5977.5 2.66937e-15 6.93575e-17 1
5979 2.64845e-15 6.93575e-17 1
5980.5 2.67673e-15 6.93575e-17 1
5982 2.65334e-15 6.93575e-17 1
5983.5 2.69429e-15 6.93575e-17 1
5985 2.7033e-15 6.93575e-17 1
5986.5 2.76179e-15 6.93575e-17 1
5988 2.77014e-15 6.93575e-17 1
5989.5 2.74875e-15 6.93575e-17 1
5991 2.70959e-15 6.93575e-17 1
5992.5 2.67781e-15 6.93575e-17 1
5994 2.70157e-15 6.93575e-17 1
5995.5 2.71431e-15 6.93575e-17 1
5997 2.75118e-15 6.93575e-17 1
5998.5 2.73776e-15 6.93575e-17 1
6000 2.66686e-15 6.93575e-17 1
6001.5 2.65427e-15 6.93575e-17 1
6003 2.66832e-15 6.93575e-17 1
6004.5 2.70114e-15 6.93575e-17 1
6006 2.69704e-15 6.93575e-17 1
6007.5 2.62906e-15 6.93575e-17 1
6009 2.63038e-15 6.93575e-17 1
6010.5 2.68285e-15 6.93575e-17 1
6012 2.65167e-15 6.93575e-17 1
6013.5 2.61117e-15 6.93575e-17 1
6015 2.6199e-15 6.93575e-17 1
6016.5 2.60607e-15 6.93575e-17 1
6018 2.57313e-15 6.93575e-17 1
6019.5 2.56561e-15 6.93575e-17 1
6021 2.60889e-15 4.38229e-17 1
6022.5 2.64193e-15 4.38229e-17 1
6024 2.65602e-15 4.38229e-17 1
6025.5 2.58286e-15 4.38229e-17 1
6027 2.57342e-15 4.38229e-17 1
6028.5 2.5012e-15 4.38229e-17 1
6030 2.47605e-15 4.38229e-17 1
6031.5 2.45089e-15 4.38229e-17 1
6033 2.42574e-15 4.38229e-17 1
6034.5 2.40059e-15 4.38229e-17 1
6036 2.40059e-15 4.38229e-17 1
6037.5 2.3835e-15 4.38229e-17 1
6039 2.35653e-15 4.38229e-17 1
6040.5 2.32826e-15 4.38229e-17 1
6042 2.35202e-15 4.38229e-17 1
6043.5 2.35624e-15 4.38229e-17 1
6045 2.32608e-15 4.38229e-17 1
6046.5 2.2688e-15 4.38229e-17 1
6048 2.23702e-15 4.38229e-17 1
6049.5 2.21888e-15 4.38229e-17 1
6051 2.16596e-15 4.38229e-17 1
6052.5 2.12763e-15 4.38229e-17 1
6054 2.09825e-15 4.38229e-17 1
6055.5 2.08218e-15 4.38229e-17 1
6057 2.06351e-15 4.38229e-17 1
6058.5 2.03158e-15 4.38229e-17 1
6060 2.00077e-15 4.38229e-17 1
6061.5 1.9808e-15 4.38229e-17 1
6063 1.97437e-15 4.38229e-17 1
6064.5 1.95877e-15 4.38229e-17 1
6066 1.94026e-15 4.38229e-17 1
6067.5 1.96393e-15 4.38229e-17 1
6069 1.96004e-15 4.38229e-17 1
6070.5 1.91316e-15 4.38229e-17 1
6072 1.90892e-15 4.38229e-17 1
6073.5 1.90167e-15 4.38229e-17 1
6075 1.87902e-15 4.38229e-17 1
6076.5 1.87344e-15 4.38229e-17 1
6078 1.86472e-15 4.38229e-17 1
6079.5 1.84225e-15 4.38229e-17 1
6081 1.87755e-15 4.38229e-17 1
6082.5 1.89644e-15 4.38229e-17 1
6084 1.89657e-15 4.38229e-17 1
6085.5 1.89802e-15 4.38229e-17 1
6087 1.89788e-15 4.38229e-17 1
6088.5 1.89251e-15 4.38229e-17 1
6090 1.90382e-15 4.38229e-17 1
6091.5 1.90225e-15 4.38229e-17 1
6093 1.87043e-15 4.38229e-17 1
6094.5 1.90106e-15 4.38229e-17 1
6096 1.90538e-15 4.38229e-17 1
6097.5 1.88042e-15 4.38229e-17 1
6099 1.8956e-15 4.38229e-17 1
6100.5 1.92892e-15 4.38229e-17 1
6102 1.92676e-15 4.38229e-17 1
6103.5 1.88056e-15 4.38229e-17 1
6105 1.91365e-15 4.38229e-17 1
6106.5 1.89564e-15 4.38229e-17 1
6108 1.87433e-15 4.38229e-17 1
6109.5 1.86462e-15 4.38229e-17 1
6111 1.84748e-15 4.38229e-17 1
6112.5 1.81279e-15 4.38229e-17 1
6114 1.85832e-15 4.38229e-17 1
6115.5 1.80933e-15 4.38229e-17 1
6117 1.80588e-15 4.38229e-17 1
6118.5 1.82404e-15 4.38229e-17 1
6120 1.76337e-15 3.02221e-17 1
6121.5 1.76068e-15 3.02221e-17 1
6123 1.7574e-15 3.02221e-17 1
6124.5 1.73e-15 3.02221e-17 1
6126 1.68649e-15 3.02221e-17 1
6127.5 1.68802e-15 3.02221e-17 1
6129 1.69827e-15 3.02221e-17 1
6130.5 1.66668e-15 3.02221e-17 1
6132 1.65167e-15 3.02221e-17 1
6133.5 1.62396e-15 3.02221e-17 1
6135 1.59158e-15 3.02221e-17 1
6136.5 1.56442e-15 3.02221e-17 1
6138 1.53742e-15 3.02221e-17 1
6139.5 1.5138e-15 3.02221e-17 1
6141 1.48364e-15 3.02221e-17 1
6142.5 1.46725e-15 3.02221e-17 1
6144 1.41731e-15 3.02221e-17 1
6145.5 1.39431e-15 3.02221e-17 1
6147 1.426e-15 3.02221e-17 1
6148.5 1.42949e-15 3.02221e-17 1
6150 1.42434e-15 3.02221e-17 1
6151.5 1.4261e-15 3.02221e-17 1
6153 1.36973e-15 3.02221e-17 1
6154.5 1.32561e-15 3.02221e-17 1
6156 1.3212e-15 3.02221e-17 1
6157.5 1.27611e-15 3.02221e-17 1
6159 1.29259e-15 3.02221e-17 1
6160.5 1.33869e-15 3.02221e-17 1
6162 1.27704e-15 3.02221e-17 1
6163.5 1.26769e-15 3.02221e-17 1
6165 1.24536e-15 3.02221e-17 1
6166.5 1.2623e-15 3.02221e-17 1
6168 1.27077e-15 3.02221e-17 1
6169.5 1.2488e-15 3.02221e-17 1
6171 1.27031e-15 3.02221e-17 1
6172.5 1.21418e-15 3.02221e-17 1
6174 1.20154e-15 3.02221e-17 1
6175.5 1.2082e-15 3.02221e-17 1
6177 1.23304e-15 3.02221e-17 1
6178.5 1.22306e-15 3.02221e-17 1
6180 1.21691e-15 3.02221e-17 1
6181.5 1.24528e-15 3.02221e-17 1
6183 1.1928e-15 3.02221e-17 1
6184.5 1.26397e-15 3.02221e-17 1
6186 1.29599e-15 3.02221e-17 1
6187.5 1.27782e-15 3.02221e-17 1
6189 1.26219e-15 3.02221e-17 1
6190.5 1.25e-15 3.02221e-17 1
6192 1.27236e-15 3.02221e-17 1
6193.5 1.30385e-15 3.02221e-17 1
6195 1.30275e-15 3.02221e-17 1
6196.5 1.29261e-15 3.02221e-17 1
6198 1.26872e-15 3.02221e-17 1
6199.5 1.30103e-15 3.02221e-17 1
6201 1.342e-15 3.02221e-17 1
6202.5 1.35237e-15 3.02221e-17 1
6204 1.37909e-15 3.02221e-17 1
6205.5 1.39434e-15 3.02221e-17 1
6207 1.41292e-15 3.02221e-17 1
6208.5 1.46791e-15 3.02221e-17 1
6210 1.48481e-15 3.02221e-17 1
6211.5 1.4558e-15 3.02221e-17 1
6213 1.46537e-15 3.02221e-17 1
6214.5 1.48864e-15 3.02221e-17 1
6216 1.48921e-15 3.02221e-17 1
6217.5 1.51589e-15 3.02221e-17 1
6219 1.54129e-15 3.02221e-17 1
6220.5 1.5533e-15 4.27649e-17 1
6222 1.56586e-15 4.27649e-17 1
6223.5 1.57115e-15 4.27649e-17 1
6225 1.58418e-15 4.27649e-17 1
6226.5 1.5503e-15 4.27649e-17 1
6228 1.52845e-15 4.27649e-17 1
6229.5 1.55478e-15 4.27649e-17 1
6231 1.54068e-15 4.27649e-17 1
6232.5 1.56575e-15 4.27649e-17 1
6234 1.60461e-15 4.27649e-17 1
6235.5 1.56745e-15 4.27649e-17 1
6237 1.59095e-15 4.27649e-17 1
6238.5 1.60563e-15 4.27649e-17 1
6240 1.58665e-15 4.27649e-17 1
6241.5 1.57706e-15 4.27649e-17 1
6243 1.61866e-15 4.27649e-17 1
6244.5 1.6937e-15 4.27649e-17 1
6246 1.63718e-15 4.27649e-17 1
6247.5 1.54077e-15 4.27649e-17 1
6249 1.60059e-15 4.27649e-17 1
6250.5 1.67268e-15 4.27649e-17 1
6252 1.61474e-15 4.27649e-17 1
6253.5 1.5789e-15 4.27649e-17 1
6255 1.59227e-15 4.27649e-17 1
6256.5 1.59572e-15 4.27649e-17 1
6258 1.61518e-15 4.27649e-17 1
6259.5 1.6397e-15 4.27649e-17 1
6261 1.6754e-15 4.27649e-17 1
6262.5 1.65571e-15 4.27649e-17 1
6264 1.57707e-15 4.27649e-17 1
6265.5 1.57653e-15 4.27649e-17 1
6267 1.60687e-15 4.27649e-17 1
6268.5 1.62989e-15 4.27649e-17 1
6270 1.63114e-15 4.27649e-17 1
6271.5 1.59039e-15 4.27649e-17 1
6273 1.58267e-15 4.27649e-17 1
6274.5 1.61562e-15 4.27649e-17 1
6276 1.61433e-15 4.27649e-17 1
6277.5 1.57703e-15 4.27649e-17 1
6279 1.58865e-15 4.27649e-17 1
6280.5 1.62512e-15 4.27649e-17 1
6282 1.61405e-15 4.27649e-17 1
6283.5 1.57382e-15 4.27649e-17 1
6285 1.60157e-15 4.27649e-17 1
6286.5 1.68685e-15 4.27649e-17 1
6288 1.72301e-15 4.27649e-17 1
6289.5 1.72267e-15 4.27649e-17 1
6291 1.72925e-15 4.27649e-17 1
6292.5 1.7307e-15 4.27649e-17 1
6294 1.75511e-15 4.27649e-17 1
6295.5 1.81469e-15 4.27649e-17 1
6297 1.84976e-15 4.27649e-17 1
6298.5 1.88079e-15 4.27649e-17 1
6300 1.9067e-15 4.27649e-17 1
6301.5 1.88988e-15 4.27649e-17 1
6303 1.87518e-15 4.27649e-17 1
6304.5 1.8904e-15 4.27649e-17 1
6306 1.92511e-15 4.27649e-17 1
6307.5 1.90439e-15 4.27649e-17 1
6309 1.89251e-15 4.27649e-17 1
6310.5 1.91771e-15 4.27649e-17 1
6312 1.93092e-15 4.27649e-17 1
6313.5 1.93448e-15 4.27649e-17 1
6315 1.9533e-15 4.27649e-17 1
6316.5 1.94987e-15 4.27649e-17 1
6318 1.9251e-15 4.27649e-17 1
6319.5 1.98765e-15 4.27649e-17 1
6321 2.0367e-15 3.91511e-17 1
6322.5 2.02255e-15 3.91511e-17 1
6324 1.97706e-15 3.91511e-17 1
6325.5 1.97127e-15 3.91511e-17 1
6327 2.05148e-15 3.91511e-17 1
6328.5 2.13411e-15 3.91511e-17 1
6330 2.0783e-15 3.91511e-17 1
6331.5 2.02237e-15 3.91511e-17 1
6333 2.05651e-15 3.91511e-17 1
6334.5 2.07061e-15 3.91511e-17 1
6336 2.10549e-15 3.91511e-17 1
6337.5 2.12662e-15 3.91511e-17 1
6339 2.19685e-15 3.91511e-17 1
6340.5 2.15739e-15 3.91511e-17 1
6342 2.11735e-15 3.91511e-17 1
6343.5 2.15522e-15 3.91511e-17 1
6345 2.12786e-15 3.91511e-17 1
6346.5 2.19439e-15 3.91511e-17 1
6348 2.21767e-15 3.91511e-17 1
6349.5 2.18526e-15 3.91511e-17 1
6351 2.22598e-15 3.91511e-17 1
6352.5 2.2694e-15 3.91511e-17 1
6354 2.30046e-15 3.91511e-17 1
6355.5 2.3084e-15 3.91511e-17 1
6357 2.26388e-15 3.91511e-17 1
6358.5 2.24965e-15 3.91511e-17 1
6360 2.24438e-15 3.91511e-17 1
6361.5 2.28578e-15 3.91511e-17 1
6363 2.32833e-15 3.91511e-17 1
6364.5 2.32826e-15 3.91511e-17 1
6366 2.30538e-15 3.91511e-17 1
6367.5 2.37149e-15 3.91511e-17 1
6369 2.38189e-15 3.91511e-17 1
6370.5 2.3779e-15 3.91511e-17 1
6372 2.3965e-15 3.91511e-17 1
6373.5 2.35193e-15 3.91511e-17 1
6375 2.37052e-15 3.91511e-17 1
6376.5 2.36997e-15 3.91511e-17 1
6378 2.37564e-15 3.91511e-17 1
6379.5 2.41111e-15 3.91511e-17 1
6381 2.39147e-15 3.91511e-17 1
6382.5 2.41707e-15 3.91511e-17 1
6384 2.44474e-15 3.91511e-17 1
6385.5 2.40763e-15 3.91511e-17 1
6387 2.51015e-15 3.91511e-17 1
6388.5 2.51459e-15 3.91511e-17 1
6390 2.5021e-15 3.91511e-17 1
6391.5 2.52545e-15 3.91511e-17 1
6393 2.56789e-15 3.91511e-17 1
6394.5 2.49521e-15 3.91511e-17 1
6396 2.45994e-15 3.91511e-17 1
6397.5 2.57764e-15 3.91511e-17 1
6399 2.52865e-15 3.91511e-17 1
6400.5 2.5618e-15 3.91511e-17 1
6402 2.61701e-15 3.91511e-17 1
6403.5 2.5348e-15 3.91511e-17 1
6405 2.51103e-15 3.91511e-17 1
6406.5 2.52834e-15 3.91511e-17 1
6408 2.56089e-15 3.91511e-17 1
6409.5 2.62608e-15 3.91511e-17 1
6411 2.62748e-15 3.91511e-17 1
6412.5 2.61302e-15 3.91511e-17 1
6414 2.58456e-15 3.91511e-17 1
6415.5 2.62955e-15 3.91511e-17 1
6417 2.62671e-15 3.91511e-17 1
6418.5 2.58941e-15 3.91511e-17 1
6420 2.57903e-15 3.43906e-17 1
6421.5 2.56586e-15 3.43906e-17 1
6423 2.58559e-15 3.43906e-17 1
6424.5 2.58691e-15 3.43906e-17 1
6426 2.56668e-15 3.43906e-17 1
6427.5 2.57965e-15 3.43906e-17 1
6429 2.59079e-15 3.43906e-17 1
6430.5 2.57183e-15 3.43906e-17 1
6432 2.57229e-15 3.43906e-17 1
6433.5 2.57999e-15 3.43906e-17 1
6435 2.5839e-15 3.43906e-17 1
6436.5 2.57793e-15 3.43906e-17 1
6438 2.59147e-15 3.43906e-17 1
6439.5 2.62186e-15 3.43906e-17 1
6441 2.6032e-15 3.43906e-17 1
6442.5 2.63978e-15 3.43906e-17 1
6444 2.68351e-15 3.43906e-17 1
6445.5 2.64104e-15 3.43906e-17 1
6447 2.62475e-15 3.43906e-17 1
6448.5 2.6689e-15 3.43906e-17 1
6450 2.69642e-15 3.43906e-17 1
6451.5 2.68883e-15 3.43906e-17 1
6453 2.67114e-15 3.43906e-17 1
6454.5 2.69268e-15 3.43906e-17 1
6456 2.6702e-15 3.43906e-17 1
6457.5 2.60684e-15 3.43906e-17 1
6459 2.6432e-15 3.43906e-17 1
6460.5 2.64759e-15 3.43906e-17 1
6462 2.60959e-15 3.43906e-17 1
6463.5 2.61831e-15 3.43906e-17 1
6465 2.66452e-15 3.43906e-17 1
6466.5 2.659e-15 3.43906e-17 1
6468 2.61926e-15 3.43906e-17 1
6469.5 2.62059e-15 3.43906e-17 1
6471 2.62277e-15 3.43906e-17 1
6472.5 2.64631e-15 3.43906e-17 1
6474 2.70412e-15 3.43906e-17 1
6475.5 2.72356e-15 3.43906e-17 1
6477 2.73559e-15 3.43906e-17 1
6478.5 2.71464e-15 3.43906e-17 1
6480 2.6814e-15 3.43906e-17 1
6481.5 2.69279e-15 3.43906e-17 1
6483 2.71052e-15 3.43906e-17 1
6484.5 2.72029e-15 3.43906e-17 1
6486 2.71315e-15 3.43906e-17 1
6487.5 2.70833e-15 3.43906e-17 1
6489 2.7482e-15 3.43906e-17 1
6490.5 2.79586e-15 3.43906e-17 1
6492 2.75265e-15 3.43906e-17 1
6493.5 2.69487e-15 3.43906e-17 1
6495 2.69901e-15 3.43906e-17 1
6496.5 2.72106e-15 3.43906e-17 1
6498 2.71102e-15 3.43906e-17 1
6499.5 2.71117e-15 3.43906e-17 1
6501 2.71432e-15 3.43906e-17 1
6502.5 2.68156e-15 3.43906e-17 1
6504 2.7099e-15 3.43906e-17 1
6505.5 2.73956e-15 3.43906e-17 1
6507 2.70568e-15 3.43906e-17 1
6508.5 2.68528e-15 3.43906e-17 1
6510 2.69421e-15 3.43906e-17 1
6511.5 2.74415e-15 3.43906e-17 1
6513 2.7524e-15 3.43906e-17 1
6514.5 2.67432e-15 3.43906e-17 1
6516 2.68071e-15 3.43906e-17 1
6517.5 2.75474e-15 3.43906e-17 1
6519 2.73999e-15 3.43906e-17 1
6520.5 2.71941e-15 5.18194e-17 1
6522 2.73815e-15 5.18194e-17 1
6523.5 2.76941e-15 5.18194e-17 1
6525 2.7751e-15 5.18194e-17 1
6526.5 2.7719e-15 5.18194e-17 1
6528 2.73219e-15 5.18194e-17 1
6529.5 2.69139e-15 5.18194e-17 1
6531 2.7024e-15 5.18194e-17 1
6532.5 2.65423e-15 5.18194e-17 1
6534 2.70092e-15 5.18194e-17 1
6535.5 2.78502e-15 5.18194e-17 1
6537 2.80704e-15 5.18194e-17 1
6538.5 2.76355e-15 5.18194e-17 1
6540 2.75237e-15 5.18194e-17 1
6541.5 2.74741e-15 5.18194e-17 1
6543 2.71904e-15 5.18194e-17 1
6544.5 2.7367e-15 5.18194e-17 1
6546 2.85943e-15 5.18194e-17 1
6547.5 2.73219e-15 5.18194e-17 1
6549 2.79915e-15 5.18194e-17 1
6550.5 2.69398e-15 5.18194e-17 1
6552 2.75944e-15 5.18194e-17 1
6553.5 2.78005e-15 5.18194e-17 1
6555 2.76547e-15 5.18194e-17 1
6556.5 2.77281e-15 5.18194e-17 1
6558 2.75154e-15 5.18194e-17 1
6559.5 2.69542e-15 5.18194e-17 1
6561 2.70705e-15 5.18194e-17 1
6562.5 2.73853e-15 5.18194e-17 1
6564 2.75266e-15 5.18194e-17 1
6565.5 2.69886e-15 5.18194e-17 1
6567 2.67855e-15 5.18194e-17 1
6568.5 2.70024e-15 5.18194e-17 1
6570 2.71922e-15 5.18194e-17 1
6571.5 2.69823e-15 5.18194e-17 1
6573 2.73575e-15 5.18194e-17 1
6574.5 2.70044e-15 5.18194e-17 1
6576 2.70625e-15 5.18194e-17 1
6577.5 2.74938e-15 5.18194e-17 1
6579 2.76016e-15 5.18194e-17 1
6580.5 2.72768e-15 5.18194e-17 1
6582 2.70109e-15 5.18194e-17 1
6583.5 2.71097e-15 5.18194e-17 1
6585 2.70761e-15 5.18194e-17 1
6586.5 2.72411e-15 5.18194e-17 1
6588 2.77583e-15 5.18194e-17 1
6589.5 2.77356e-15 5.18194e-17 1
6591 2.70058e-15 5.18194e-17 1
6592.5 2.71862e-15 5.18194e-17 1
6594 2.63331e-15 5.18194e-17 1
6595.5 2.65795e-15 5.18194e-17 1
6597 2.63308e-15 5.18194e-17 1
6598.5 2.6535e-15 5.18194e-17 1
6600 2.71739e-15 5.18194e-17 1
6601.5 2.66867e-15 5.18194e-17 1
6603 2.61635e-15 5.18194e-17 1
6604.5 2.6391e-15 5.18194e-17 1
6606 2.73842e-15 5.18194e-17 1
6607.5 2.70544e-15 5.18194e-17 1
6609 2.69122e-15 5.18194e-17 1
6610.5 2.67132e-15 5.18194e-17 1
6612 2.73949e-15 5.18194e-17 1
6613.5 2.70371e-15 5.18194e-17 1
6615 2.74434e-15 5.18194e-17 1
6616.5 2.66469e-15 5.18194e-17 1
6618 2.65017e-15 5.18194e-17 1
6619.5 2.6849e-15 5.18194e-17 1
6621 2.6071e-15 1.75769e-16 1
6622.5 2.60203e-15 1.75769e-16 1
6624 2.65201e-15 1.75769e-16 1
6625.5 2.9374e-15 1.75769e-16 1
6627 3.18752e-15 1.75769e-16 1
6628.5 3.43271e-15 1.75769e-16 1
6630 3.3907e-15 1.75769e-16 1
6631.5 3.30993e-15 1.75769e-16 1
6633 3.13712e-15 1.75769e-16 1
6634.5 2.83491e-15 1.75769e-16 1
6636 2.60186e-15 1.75769e-16 1
6637.5 2.53815e-15 1.75769e-16 1
6639 2.50763e-15 1.75769e-16 1
6640.5 2.49762e-15 1.75769e-16 1
6642 2.55214e-15 1.75769e-16 1
6643.5 2.51592e-15 1.75769e-16 1
6645 2.5046e-15 1.75769e-16 1
6646.5 2.59574e-15 1.75769e-16 1
6648 2.75995e-15 1.75769e-16 1
6649.5 2.81024e-15 1.75769e-16 1
6651 2.71982e-15 1.75769e-16 1
6652.5 2.67199e-15 1.75769e-16 1
6654 2.64506e-15 1.75769e-16 1
6655.5 2.53894e-15 1.75769e-16 1
6657 2.47409e-15 1.75769e-16 1
6658.5 2.43616e-15 1.75769e-16 1
6660 2.38623e-15 1.75769e-16 1
6661.5 2.35133e-15 1.75769e-16 1
6663 2.36259e-15 1.75769e-16 1
6664.5 2.33219e-15 1.75769e-16 1
6666 2.27465e-15 1.75769e-16 1
6667.5 2.33424e-15 1.75769e-16 1
6669 2.37374e-15 1.75769e-16 1
6670.5 2.36414e-15 1.75769e-16 1
6672 2.349e-15 1.75769e-16 1
6673.5 2.31913e-15 1.75769e-16 1
6675 2.32176e-15 1.75769e-16 1
6676.5 2.32547e-15 1.75769e-16 1
6678 2.26166e-15 1.75769e-16 1
6679.5 2.24371e-15 1.75769e-16 1
6681 2.26362e-15 1.75769e-16 1
6682.5 2.24026e-15 1.75769e-16 1
6684 2.19326e-15 1.75769e-16 1
6685.5 2.16865e-15 1.75769e-16 1
6687 2.16566e-15 1.75769e-16 1
6688.5 2.12891e-15 1.75769e-16 1
6690 2.17696e-15 1.75769e-16 1
6691.5 2.25597e-15 1.75769e-16 1
6693 2.17663e-15 1.75769e-16 1
6694.5 2.12456e-15 1.75769e-16 1
6696 2.09971e-15 1.75769e-16 1
6697.5 2.09106e-15 1.75769e-16 1
6699 2.11025e-15 1.75769e-16 1
6700.5 2.10635e-15 1.75769e-16 1
6702 2.10724e-15 1.75769e-16 1
6703.5 2.09667e-15 1.75769e-16 1
6705 2.09021e-15 1.75769e-16 1
6706.5 2.0419e-15 1.75769e-16 1
6708 2.03025e-15 1.75769e-16 1
6709.5 2.02759e-15 1.75769e-16 1
6711 2.01308e-15 1.75769e-16 1
6712.5 2.00352e-15 1.75769e-16 1
6714 1.9953e-15 1.75769e-16 1
6715.5 2.04229e-15 1.75769e-16 1
6717 2.04958e-15 1.75769e-16 1
6718.5 2.00685e-15 1.75769e-16 1
6720 1.94041e-15 6.32092e-17 1
6721.5 1.90907e-15 6.32092e-17 1
6723 1.96106e-15 6.32092e-17 1
6724.5 1.97042e-15 6.32092e-17 1
6726 1.93003e-15 6.32092e-17 1
6727.5 1.91405e-15 6.32092e-17 1
6729 1.88989e-15 6.32092e-17 1
6730.5 1.88545e-15 6.32092e-17 1
6732 1.84269e-15 6.32092e-17 1
6733.5 1.80466e-15 6.32092e-17 1
6735 1.82157e-15 6.32092e-17 1
6736.5 1.83042e-15 6.32092e-17 1
6738 1.85697e-15 6.32092e-17 1
6739.5 1.88742e-15 6.32092e-17 1
6741 1.8444e-15 6.32092e-17 1
6742.5 1.82227e-15 6.32092e-17 1
6744 1.80292e-15 6.32092e-17 1
6745.5 1.774e-15 6.32092e-17 1
6747 1.74068e-15 6.32092e-17 1
6748.5 1.75435e-15 6.32092e-17 1
6750 1.69556e-15 6.32092e-17 1
6751.5 1.72704e-15 6.32092e-17 1
6753 1.72625e-15 6.32092e-17 1
6754.5 1.67191e-15 6.32092e-17 1
6756 1.64609e-15 6.32092e-17 1
6757.5 1.66207e-15 6.32092e-17 1
6759 1.69622e-15 6.32092e-17 1
6760.5 1.67379e-15 6.32092e-17 1
6762 1.66923e-15 6.32092e-17 1
6763.5 1.63145e-15 6.32092e-17 1
6765 1.63793e-15 6.32092e-17 1
6766.5 1.62988e-15 6.32092e-17 1
6768 1.68643e-15 6.32092e-17 1
6769.5 1.61519e-15 6.32092e-17 1
6771 1.60453e-15 6.32092e-17 1
6772.5 1.56623e-15 6.32092e-17 1
6774 1.47499e-15 6.32092e-17 1
6775.5 1.48762e-15 6.32092e-17 1
6777 1.55382e-15 6.32092e-17 1
6778.5 1.56218e-15 6.32092e-17 1
6780 1.56637e-15 6.32092e-17 1
6781.5 1.6732e-15 6.32092e-17 1
6783 1.74645e-15 6.32092e-17 1
6784.5 1.78498e-15 6.32092e-17 1
6786 1.74158e-15 6.32092e-17 1
6787.5 1.62398e-15 6.32092e-17 1
6789 1.55356e-15 6.32092e-17 1
6790.5 1.53718e-15 6.32092e-17 1
6792 1.50872e-15 6.32092e-17 1
6793.5 1.46484e-15 6.32092e-17 1
6795 1.48639e-15 6.32092e-17 1
6796.5 1.55596e-15 6.32092e-17 1
6798 1.5739e-15 6.32092e-17 1
6799.5 1.5822e-15 6.32092e-17 1
6801 1.54993e-15 6.32092e-17 1
6802.5 1.4841e-15 6.32092e-17 1
6804 1.47698e-15 6.32092e-17 1
6805.5 1.48452e-15 6.32092e-17 1
6807 1.43249e-15 6.32092e-17 1
6808.5 1.37369e-15 6.32092e-17 1
6810 1.38898e-15 6.32092e-17 1
6811.5 1.3837e-15 6.32092e-17 1
6813 1.38684e-15 6.32092e-17 1
6814.5 1.37463e-15 6.32092e-17 1
6816 1.34151e-15 6.32092e-17 1
6817.5 1.34612e-15 6.32092e-17 1
6819 1.35382e-15 6.32092e-17 1
6820.5 1.32127e-15 3.26223e-17 1
6822 1.35361e-15 3.26223e-17 1
6823.5 1.34951e-15 3.26223e-17 1
6825 1.33093e-15 3.26223e-17 1
6826.5 1.34552e-15 3.26223e-17 1
6828 1.32596e-15 3.26223e-17 1
6829.5 1.33788e-15 3.26223e-17 1
6831 1.35176e-15 3.26223e-17 1
6832.5 1.28567e-15 3.26223e-17 1
6834 1.31873e-15 3.26223e-17 1
6835.5 1.30212e-15 3.26223e-17 1
6837 1.2962e-15 3.26223e-17 1
6838.5 1.33424e-15 3.26223e-17 1
6840 1.31554e-15 3.26223e-17 1
6841.5 1.29611e-15 3.26223e-17 1
6843 1.25628e-15 3.26223e-17 1
6844.5 1.28685e-15 3.26223e-17 1
6846 1.29409e-15 3.26223e-17 1
6847.5 1.24361e-15 3.26223e-17 1
6849 1.26167e-15 3.26223e-17 1
6850.5 1.22823e-15 3.26223e-17 1
6852 1.19252e-15 3.26223e-17 1
6853.5 1.18742e-15 3.26223e-17 1
6855 1.23814e-15 3.26223e-17 1
6856.5 1.23388e-15 3.26223e-17 1
6858 1.2498e-15 3.26223e-17 1
6859.5 1.24804e-15 3.26223e-17 1
6861 1.2335e-15 3.26223e-17 1
6862.5 1.25556e-15 3.26223e-17 1
6864 1.26286e-15 3.26223e-17 1
6865.5 1.22982e-15 3.26223e-17 1
6867 1.1774e-15 3.26223e-17 1
6868.5 1.18494e-15 3.26223e-17 1
6870 1.19546e-15 3.26223e-17 1
6871.5 1.2254e-15 3.26223e-17 1
6873 1.25384e-15 3.26223e-17 1
6874.5 1.194e-15 3.26223e-17 1
6876 1.16452e-15 3.26223e-17 1
6877.5 1.22793e-15 3.26223e-17 1
6879 1.2234e-15 3.26223e-17 1
6880.5 1.23254e-15 3.26223e-17 1
6882 1.26325e-15 3.26223e-17 1
6883.5 1.29103e-15 3.26223e-17 1
6885 1.25421e-15 3.26223e-17 1
6886.5 1.18156e-15 3.26223e-17 1
6888 1.16274e-15 3.26223e-17 1
6889.5 1.22075e-15 3.26223e-17 1
6891 1.26978e-15 3.26223e-17 1
6892.5 1.26269e-15 3.26223e-17 1
6894 1.20267e-15 3.26223e-17 1
6895.5 1.16265e-15 3.26223e-17 1
6897 1.23491e-15 3.26223e-17 1
6898.5 1.25262e-15 3.26223e-17 1
6900 1.18281e-15 3.26223e-17 1
6901.5 1.19722e-15 3.26223e-17 1
6903 1.19352e-15 3.26223e-17 1
6904.5 1.19213e-15 3.26223e-17 1
6906 1.1996e-15 3.26223e-17 1
6907.5 1.19398e-15 3.26223e-17 1
6909 1.12858e-15 3.26223e-17 1
6910.5 1.18955e-15 3.26223e-17 1
6912 1.23691e-15 3.26223e-17 1
6913.5 1.26002e-15 3.26223e-17 1
6915 1.28757e-15 3.26223e-17 1
6916.5 1.2195e-15 3.26223e-17 1
6918 1.19601e-15 3.26223e-17 1
6919.5 1.20492e-15 3.26223e-17 1
6921 1.20687e-15 3.34527e-17 1
6922.5 1.20633e-15 3.34527e-17 1
6924 1.21776e-15 3.34527e-17 1
6925.5 1.21528e-15 3.34527e-17 1
6927 1.23987e-15 3.34527e-17 1
6928.5 1.2014e-15 3.34527e-17 1
6930 1.13461e-15 3.34527e-17 1
6931.5 1.161e-15 3.34527e-17 1
6933 1.22763e-15 3.34527e-17 1
6934.5 1.23632e-15 3.34527e-17 1
6936 1.22505e-15 3.34527e-17 1
6937.5 1.24808e-15 3.34527e-17 1
6939 1.21931e-15 3.34527e-17 1
6940.5 1.18656e-15 3.34527e-17 1
6942 1.22453e-15 3.34527e-17 1
6943.5 1.21406e-15 3.34527e-17 1
6945 1.17669e-15 3.34527e-17 1
6946.5 1.15479e-15 3.34527e-17 1
6948 1.15833e-15 3.34527e-17 1
6949.5 1.18704e-15 3.34527e-17 1
6951 1.20982e-15 3.34527e-17 1
6952.5 1.22672e-15 3.34527e-17 1
6954 1.21746e-15 3.34527e-17 1
6955.5 1.21818e-15 3.34527e-17 1
6957 1.20665e-15 3.34527e-17 1
6958.5 1.17281e-15 3.34527e-17 1
6960 1.14504e-15 3.34527e-17 1
6961.5 1.11416e-15 3.34527e-17 1
6963 1.13727e-15 3.34527e-17 1
6964.5 1.20127e-15 3.34527e-17 1
6966 1.21349e-15 3.34527e-17 1
6967.5 1.19288e-15 3.34527e-17 1
6969 1.22595e-15 3.34527e-17 1
6970.5 1.23276e-15 3.34527e-17 1
6972 1.21974e-15 3.34527e-17 1
6973.5 1.23085e-15 3.34527e-17 1
6975 1.19597e-15 3.34527e-17 1
6976.5 1.19179e-15 3.34527e-17 1
6978 1.19103e-15 3.34527e-17 1
6979.5 1.15218e-15 3.34527e-17 1
6981 1.17103e-15 3.34527e-17 1
6982.5 1.1699e-15 3.34527e-17 1
6984 1.11756e-15 3.34527e-17 1
6985.5 1.14928e-15 3.34527e-17 1
6987 1.11679e-15 3.34527e-17 1
6988.5 1.10759e-15 3.34527e-17 1
6990 1.05623e-15 3.34527e-17 1
6991.5 1.09404e-15 3.34527e-17 1
6993 1.12137e-15 3.34527e-17 1
6994.5 1.11297e-15 3.34527e-17 1
6996 1.11544e-15 3.34527e-17 1
6997.5 1.06833e-15 3.34527e-17 1
6999 1.10547e-15 3.34527e-17 1
7000.5 1.09334e-15 3.34527e-17 1
7002 1.06846e-15 3.34527e-17 1
7003.5 1.05787e-15 3.34527e-17 1
7005 1.09994e-15 3.34527e-17 1
7006.5 1.10707e-15 3.34527e-17 1
7008 1.11232e-15 3.34527e-17 1
7009.5 1.12293e-15 3.34527e-17 1
7011 1.14715e-15 3.34527e-17 1
7012.5 1.12716e-15 3.34527e-17 1
7014 1.08065e-15 3.34527e-17 1
7015.5 1.05194e-15 3.34527e-17 1
7017 1.0852e-15 3.34527e-17 1
7018.5 1.10649e-15 3.34527e-17 1
7020 1.06839e-15 2.42888e-17 1
7021.5 1.05189e-15 2.42888e-17 1
7023 1.06271e-15 2.42888e-17 1
7024.5 1.06037e-15 2.42888e-17 1
7026 1.06135e-15 2.42888e-17 1
7027.5 1.08216e-15 2.42888e-17 1
7029 1.11366e-15 2.42888e-17 1
7030.5 1.09104e-15 2.42888e-17 1
7032 1.07876e-15 2.42888e-17 1
7033.5 1.09522e-15 2.42888e-17 1
7035 1.09044e-15 2.42888e-17 1
7036.5 1.03556e-15 2.42888e-17 1
7038 1.06391e-15 2.42888e-17 1
7039.5 1.032e-15 2.42888e-17 1
7041 1.02504e-15 2.42888e-17 1
7042.5 1.0833e-15 2.42888e-17 1
7044 1.07928e-15 2.42888e-17 1
7045.5 1.06224e-15 2.42888e-17 1
7047 1.06714e-15 2.42888e-17 1
7048.5 1.0524e-15 2.42888e-17 1
7050 1.07615e-15 2.42888e-17 1
7051.5 1.08616e-15 2.42888e-17 1
7053 1.04096e-15 2.42888e-17 1
7054.5 1.03125e-15 2.42888e-17 1
7056 1.07073e-15 2.42888e-17 1
7057.5 1.0711e-15 2.42888e-17 1
7059 1.04714e-15 2.42888e-17 1
7060.5 1.01735e-15 2.42888e-17 1
7062 1.0917e-15 2.42888e-17 1
7063.5 1.04192e-15 2.42888e-17 1
7065 1.03941e-15 2.42888e-17 1
7066.5 1.03056e-15 2.42888e-17 1
7068 1.04288e-15 2.42888e-17 1
7069.5 1.05122e-15 2.42888e-17 1
7071 1.0206e-15 2.42888e-17 1
7072.5 1.04223e-15 2.42888e-17 1
7074 1.00997e-15 2.42888e-17 1
7075.5 1.00921e-15 2.42888e-17 1
7077 1.0559e-15 2.42888e-17 1
7078.5 1.07396e-15 2.42888e-17 1
7080 1.06487e-15 2.42888e-17 1
7081.5 1.06709e-15 2.42888e-17 1
7083 1.07066e-15 2.42888e-17 1
7084.5 1.04421e-15 2.42888e-17 1
7086 1.02696e-15 2.42888e-17 1
7087.5 1.01081e-15 2.42888e-17 1
7089 1.023e-15 2.42888e-17 1
7090.5 1.03668e-15 2.42888e-17 1
7092 9.89442e-16 2.42888e-17 1
7093.5 9.95723e-16 2.42888e-17 1
7095 1.06375e-15 2.42888e-17 1
7096.5 1.0925e-15 2.42888e-17 1
7098 1.05846e-15 2.42888e-17 1
7099.5 1.03344e-15 2.42888e-17 1
7101 1.04591e-15 2.42888e-17 1
7102.5 1.05446e-15 2.42888e-17 1
7104 1.02971e-15 2.42888e-17 1
7105.5 1.0127e-15 2.42888e-17 1
7107 9.95495e-16 2.42888e-17 1
7108.5 1.03335e-15 2.42888e-17 1
7110 1.04684e-15 2.42888e-17 1
7111.5 1.01127e-15 2.42888e-17 1
7113 9.99637e-16 2.42888e-17 1
7114.5 1.07304e-15 2.42888e-17 1
7116 1.02686e-15 2.42888e-17 1
7117.5 9.92594e-16 2.42888e-17 1
7119 1.0488e-15 2.42888e-17 1
7120.5 1.03662e-15 2.64744e-17 1
7122 1.06322e-15 2.64744e-17 1
7123.5 1.08461e-15 2.64744e-17 1
7125 1.07721e-15 2.64744e-17 1
7126.5 9.728e-16 2.64744e-17 1
7128 1.02452e-15 2.64744e-17 1
7129.5 1.03355e-15 2.64744e-17 1
7131 1.00971e-15 2.64744e-17 1
7132.5 1.04845e-15 2.64744e-17 1
7134 1.03194e-15 2.64744e-17 1
7135.5 1.02493e-15 2.64744e-17 1
7137 1.0413e-15 2.64744e-17 1
7138.5 1.0443e-15 2.64744e-17 1
7140 1.07884e-15 2.64744e-17 1
7141.5 1.07232e-15 2.64744e-17 1
7143 1.05653e-15 2.64744e-17 1
7144.5 1.0692e-15 2.64744e-17 1
7146 1.04363e-15 2.64744e-17 1
7147.5 1.02061e-15 2.64744e-17 1
7149 1.00983e-15 2.64744e-17 1
7150.5 1.03896e-15 2.64744e-17 1
7152 1.03385e-15 2.64744e-17 1
7153.5 1.02712e-15 2.64744e-17 1
7155 1.04464e-15 2.64744e-17 1
7156.5 1.05362e-15 2.64744e-17 1
7158 1.05801e-15 2.64744e-17 1
7159.5 1.06239e-15 2.64744e-17 1
7161 1.06678e-15 2.64744e-17 1
7162.5 1.07117e-15 2.64744e-17 1
7164 1.07555e-15 2.64744e-17 1
7165.5 1.07555e-15 2.64744e-17 1
7167 1.06608e-15 2.64744e-17 1
7168.5 1.05008e-15 2.64744e-17 1
7170 1.01445e-15 2.64744e-17 1
7171.5 1.03636e-15 2.64744e-17 1
7173 1.09837e-15 2.64744e-17 1
7174.5 1.09505e-15 2.64744e-17 1
7176 1.05511e-15 2.64744e-17 1
7177.5 1.02943e-15 2.64744e-17 1
7179 1.0454e-15 2.64744e-17 1
7180.5 1.07389e-15 2.64744e-17 1
7182 1.12153e-15 2.64744e-17 1
7183.5 1.1475e-15 2.64744e-17 1
7185 1.10451e-15 2.64744e-17 1
7186.5 1.05698e-15 2.64744e-17 1
7188 1.09399e-15 2.64744e-17 1
7189.5 1.0973e-15 2.64744e-17 1
7191 1.03438e-15 2.64744e-17 1
7192.5 1.05483e-15 2.64744e-17 1
7194 1.09363e-15 2.64744e-17 1
7195.5 1.0895e-15 2.64744e-17 1
7197 1.06735e-15 2.64744e-17 1
7198.5 1.08108e-15 2.64744e-17 1
7200 1.0992e-15 2.64744e-17 1
7201.5 1.07797e-15 2.64744e-17 1
7203 1.06781e-15 2.64744e-17 1
7204.5 1.05193e-15 2.64744e-17 1
7206 1.04174e-15 2.64744e-17 1
7207.5 1.05373e-15 2.64744e-17 1
7209 1.09653e-15 2.64744e-17 1
7210.5 1.04326e-15 2.64744e-17 1
7212 1.00732e-15 2.64744e-17 1
7213.5 1.06262e-15 2.64744e-17 1
7215 1.02735e-15 2.64744e-17 1
7216.5 1.03884e-15 2.64744e-17 1
7218 1.0722e-15 2.64744e-17 1
7219.5 1.04238e-15 2.64744e-17 1
7221 1.03375e-15 2.32955e-17 1
7222.5 1.01957e-15 2.32955e-17 1
7224 1.01629e-15 2.32955e-17 1
7225.5 1.03361e-15 2.32955e-17 1
7227 1.0469e-15 2.32955e-17 1
7228.5 1.01913e-15 2.32955e-17 1
7230 9.67884e-16 2.32955e-17 1
7231.5 9.7447e-16 2.32955e-17 1
7233 1.006e-15 2.32955e-17 1
7234.5 1.00332e-15 2.32955e-17 1
7236 1.00521e-15 2.32955e-17 1
7237.5 1.00379e-15 2.32955e-17 1
7239 9.82895e-16 2.32955e-17 1
7240.5 1.0101e-15 2.32955e-17 1
7242 1.00605e-15 2.32955e-17 1
7243.5 9.96972e-16 2.32955e-17 1
7245 1.02829e-15 2.32955e-17 1
7246.5 1.03909e-15 2.32955e-17 1
7248 1.02326e-15 2.32955e-17 1
7249.5 1.00712e-15 2.32955e-17 1
7251 9.99853e-16 2.32955e-17 1
7252.5 1.02304e-15 2.32955e-17 1
7254 1.02564e-15 2.32955e-17 1
7255.5 9.8743e-16 2.32955e-17 1
7257 1.00994e-15 2.32955e-17 1
7258.5 1.02305e-15 2.32955e-17 1
7260 1.01526e-15 2.32955e-17 1
7261.5 1.00209e-15 2.32955e-17 1
7263 9.68303e-16 2.32955e-17 1
7264.5 9.86371e-16 2.32955e-17 1
7266 1.01724e-15 2.32955e-17 1
7267.5 1.03467e-15 2.32955e-17 1
7269 9.81103e-16 2.32955e-17 1
7270.5 9.45477e-16 2.32955e-17 1
7272 1.03377e-15 2.32955e-17 1
7273.5 1.02931e-15 2.32955e-17 1
7275 1.01772e-15 2.32955e-17 1
7276.5 1.0221e-15 2.32955e-17 1
7278 1.00231e-15 2.32955e-17 1
7279.5 1.03092e-15 2.32955e-17 1
7281 1.00638e-15 2.32955e-17 1
7282.5 9.68445e-16 2.32955e-17 1
7284 1.02199e-15 2.32955e-17 1
7285.5 1.06822e-15 2.32955e-17 1
7287 1.02566e-15 2.32955e-17 1
7288.5 1.01478e-15 2.32955e-17 1
7290 1.0001e-15 2.32955e-17 1
7291.5 1.00655e-15 2.32955e-17 1
7293 1.03127e-15 2.32955e-17 1
7294.5 1.01739e-15 2.32955e-17 1
7296 1.00647e-15 2.32955e-17 1
7297.5 1.06691e-15 2.32955e-17 1
7299 1.08238e-15 2.32955e-17 1
7300.5 1.04998e-15 2.32955e-17 1
7302 1.05924e-15 2.32955e-17 1
7303.5 1.06837e-15 2.32955e-17 1
7305 1.06947e-15 2.32955e-17 1
7306.5 1.07119e-15 2.32955e-17 1
7308 1.05861e-15 2.32955e-17 1
7309.5 1.04046e-15 2.32955e-17 1
7311 1.0524e-15 2.32955e-17 1
7312.5 1.06315e-15 2.32955e-17 1
7314 1.07269e-15 2.32955e-17 1
7315.5 1.06366e-15 2.32955e-17 1
7317 1.04371e-15 2.32955e-17 1
7318.5 1.04675e-15 2.32955e-17 1
7320 1.01773e-15 2.71009e-17 1
7321.5 1.02264e-15 2.71009e-17 1
7323 1.03823e-15 2.71009e-17 1
7324.5 1.00467e-15 2.71009e-17 1
7326 1.04196e-15 2.71009e-17 1
7327.5 1.08313e-15 2.71009e-17 1
7329 1.08085e-15 2.71009e-17 1
7330.5 1.05325e-15 2.71009e-17 1
7332 1.02848e-15 2.71009e-17 1
7333.5 1.05925e-15 2.71009e-17 1
7335 1.08543e-15 2.71009e-17 1
7336.5 1.08753e-15 2.71009e-17 1
7338 1.08714e-15 2.71009e-17 1
7339.5 1.08417e-15 2.71009e-17 1
7341 1.05893e-15 2.71009e-17 1
7342.5 1.0733e-15 2.71009e-17 1
7344 1.0962e-15 2.71009e-17 1
7345.5 1.05821e-15 2.71009e-17 1
7347 1.0427e-15 2.71009e-17 1
7348.5 1.07068e-15 2.71009e-17 1
7350 1.07589e-15 2.71009e-17 1
7351.5 1.1277e-15 2.71009e-17 1
7353 1.13068e-15 2.71009e-17 1
7354.5 1.07933e-15 2.71009e-17 1
7356 1.05628e-15 2.71009e-17 1
7357.5 1.05461e-15 2.71009e-17 1
7359 1.1201e-15 2.71009e-17 1
7360.5 1.10772e-15 2.71009e-17 1
7362 1.10176e-15 2.71009e-17 1
7363.5 1.05625e-15 2.71009e-17 1
7365 1.08065e-15 2.71009e-17 1
7366.5 1.11003e-15 2.71009e-17 1
7368 1.05573e-15 2.71009e-17 1
7369.5 1.04526e-15 2.71009e-17 1
7371 1.06728e-15 2.71009e-17 1
7372.5 1.05689e-15 2.71009e-17 1
7374 1.0508e-15 2.71009e-17 1
7375.5 1.05221e-15 2.71009e-17 1
7377 1.06648e-15 2.71009e-17 1
7378.5 1.11531e-15 2.71009e-17 1
7380 1.14135e-15 2.71009e-17 1
7381.5 1.12075e-15 2.71009e-17 1
7383 1.08015e-15 2.71009e-17 1
7384.5 1.04727e-15 2.71009e-17 1
7386 1.05329e-15 2.71009e-17 1
7387.5 1.10128e-15 2.71009e-17 1
7389 1.10225e-15 2.71009e-17 1
7390.5 1.08998e-15 2.71009e-17 1
7392 1.11149e-15 2.71009e-17 1
7393.5 1.09078e-15 2.71009e-17 1
7395 1.0762e-15 2.71009e-17 1
7396.5 1.08532e-15 2.71009e-17 1
7398 1.10087e-15 2.71009e-17 1
7399.5 1.08406e-15 2.71009e-17 1
7401 1.08127e-15 2.71009e-17 1
7402.5 1.03254e-15 2.71009e-17 1
7404 1.01349e-15 2.71009e-17 1
7405.5 1.04056e-15 2.71009e-17 1
7407 1.05115e-15 2.71009e-17 1
7408.5 1.06997e-15 2.71009e-17 1
7410 1.09705e-15 2.71009e-17 1
7411.5 1.0782e-15 2.71009e-17 1
7413 1.04284e-15 2.71009e-17 1
7414.5 1.03448e-15 2.71009e-17 1
7416 1.07934e-15 2.71009e-17 1
7417.5 1.07185e-15 2.71009e-17 1
7419 1.05842e-15 2.71009e-17 1
7420.5 1.00756e-15 2.89004e-17 1
7422 1.03629e-15 2.89004e-17 1
7423.5 1.10336e-15 2.89004e-17 1
7425 1.08304e-15 2.89004e-17 1
7426.5 1.04722e-15 2.89004e-17 1
7428 1.01215e-15 2.89004e-17 1
7429.5 1.08329e-15 2.89004e-17 1
7431 1.04025e-15 2.89004e-17 1
7432.5 9.91569e-16 2.89004e-17 1
7434 1.03935e-15 2.89004e-17 1
7435.5 1.06462e-15 2.89004e-17 1
7437 1.05923e-15 2.89004e-17 1
7438.5 1.07553e-15 2.89004e-17 1
7440 1.04933e-15 2.89004e-17 1
7441.5 1.00016e-15 2.89004e-17 1
7443 1.01037e-15 2.89004e-17 1
7444.5 1.03355e-15 2.89004e-17 1
7446 1.02441e-15 2.89004e-17 1
7447.5 1.01044e-15 2.89004e-17 1
7449 1.02507e-15 2.89004e-17 1
7450.5 1.0336e-15 2.89004e-17 1
7452 1.02206e-15 2.89004e-17 1
7453.5 1.03216e-15 2.89004e-17 1
7455 1.05625e-15 2.89004e-17 1
7456.5 1.05998e-15 2.89004e-17 1
7458 1.04719e-15 2.89004e-17 1
7459.5 1.03162e-15 2.89004e-17 1
7461 1.04482e-15 2.89004e-17 1
7462.5 1.03332e-15 2.89004e-17 1
7464 9.90958e-16 2.89004e-17 1
7465.5 9.84722e-16 2.89004e-17 1
7467 1.01139e-15 2.89004e-17 1
7468.5 9.97461e-16 2.89004e-17 1
7470 9.73493e-16 2.89004e-17 1
7471.5 9.64216e-16 2.89004e-17 1
7473 9.96932e-16 2.89004e-17 1
7474.5 1.00756e-15 2.89004e-17 1
7476 1.01457e-15 2.89004e-17 1
7477.5 9.76163e-16 2.89004e-17 1
7479 1.00601e-15 2.89004e-17 1
7480.5 9.82784e-16 2.89004e-17 1
7482 9.56835e-16 2.89004e-17 1
7483.5 9.93272e-16 2.89004e-17 1
7485 9.83644e-16 2.89004e-17 1
7486.5 9.40125e-16 2.89004e-17 1
7488 9.29103e-16 2.89004e-17 1
7489.5 9.18385e-16 2.89004e-17 1
7491 9.31739e-16 2.89004e-17 1
7492.5 9.1375e-16 2.89004e-17 1
7494 9.3489e-16 2.89004e-17 1
7495.5 9.484e-16 2.89004e-17 1
7497 9.29016e-16 2.89004e-17 1
7498.5 9.0456e-16 2.89004e-17 1
7500 9.39525e-16 2.89004e-17 1
7501.5 9.45903e-16 2.89004e-17 1
7503 9.50751e-16 2.89004e-17 1
7504.5 9.20317e-16 2.89004e-17 1
7506 9.24091e-16 2.89004e-17 1
7507.5 9.15595e-16 2.89004e-17 1
7509 9.48006e-16 2.89004e-17 1
7510.5 9.84488e-16 2.89004e-17 1
7512 9.90596e-16 2.89004e-17 1
7513.5 9.53534e-16 2.89004e-17 1
7515 9.64404e-16 2.89004e-17 1
7516.5 9.83822e-16 2.89004e-17 1
7518 1.02437e-15 2.89004e-17 1
7519.5 9.97759e-16 2.89004e-17 1
7521 1.02981e-15 2.89004e-17 1
7522.5 1.04063e-15 2.89004e-17 1
7524 1.00678e-15 2.89004e-17 1
7525.5 9.96022e-16 2.89004e-17 1
7527 9.99907e-16 2.89004e-17 1
7528.5 1.03338e-15 2.89004e-17 1
7530 1.02205e-15 2.89004e-17 1
7531.5 9.77406e-16 2.89004e-17 1
7533 1.0019e-15 2.89004e-17 1
7534.5 1.00066e-15 2.89004e-17 1
7536 9.66791e-16 2.89004e-17 1
7537.5 9.73102e-16 2.89004e-17 1
7539 1.00423e-15 2.89004e-17 1
7540.5 1.0144e-15 2.89004e-17 1
