# converted by J. Guy, 2010-10-18
# from Matheson et al. 2008AJ....135.1598M
@Redshift 0.026745
@FORMAT STD
@Date 51572
@SELECTED_FOR_SNLS3_TRAINING 1
@SN sn1999gp
@SURVEY CFA_LOWZ_SPEC
@Source Matheson
#WAVE : wavelength, observer frame, in A
#FLUX : erg/s/cm2/A
#ERR  : statistical uncertainty on flux
#VALID : 1=ok 0=ignore
#end
3720 4.29537e-16 6.25948e-17 1
3721.5 4.46173e-16 6.25948e-17 1
3723 5.50921e-16 6.25948e-17 1
3724.5 5.05362e-16 6.25948e-17 1
3726 4.83077e-16 6.25948e-17 1
3727.5 5.23553e-16 6.25948e-17 1
3729 6.25358e-16 6.25948e-17 1
3730.5 6.77247e-16 6.25948e-17 1
3732 5.5891e-16 6.25948e-17 1
3733.5 4.44782e-16 6.25948e-17 1
3735 4.33449e-16 6.25948e-17 1
3736.5 4.5362e-16 6.25948e-17 1
3738 4.86362e-16 6.25948e-17 1
3739.5 5.13828e-16 6.25948e-17 1
3741 5.21261e-16 6.25948e-17 1
3742.5 4.70292e-16 6.25948e-17 1
3744 4.67258e-16 6.25948e-17 1
3745.5 4.88982e-16 6.25948e-17 1
3747 4.73113e-16 6.25948e-17 1
3748.5 5.834e-16 6.25948e-17 1
3750 5.88465e-16 6.25948e-17 1
3751.5 6.08849e-16 6.25948e-17 1
3753 5.7331e-16 6.25948e-17 1
3754.5 5.44252e-16 6.25948e-17 1
3756 6.84885e-16 6.25948e-17 1
3757.5 6.39005e-16 6.25948e-17 1
3759 5.97863e-16 6.25948e-17 1
3760.5 5.90638e-16 6.25948e-17 1
3762 5.27633e-16 6.25948e-17 1
3763.5 6.05355e-16 6.25948e-17 1
3765 6.38942e-16 6.25948e-17 1
3766.5 6.3668e-16 6.25948e-17 1
3768 6.54014e-16 6.25948e-17 1
3769.5 6.16922e-16 6.25948e-17 1
3771 6.48034e-16 6.25948e-17 1
3772.5 4.42699e-16 6.25948e-17 1
3774 5.42618e-16 6.25948e-17 1
3775.5 6.06219e-16 6.25948e-17 1
3777 5.25642e-16 6.25948e-17 1
3778.5 5.0939e-16 6.25948e-17 1
3780 5.96264e-16 6.25948e-17 1
3781.5 5.83185e-16 6.25948e-17 1
3783 6.08689e-16 6.25948e-17 1
3784.5 5.46017e-16 6.25948e-17 1
3786 5.02703e-16 6.25948e-17 1
3787.5 5.35608e-16 6.25948e-17 1
3789 5.02952e-16 6.25948e-17 1
3790.5 4.92097e-16 6.25948e-17 1
3792 4.92558e-16 6.25948e-17 1
3793.5 5.60749e-16 6.25948e-17 1
3795 5.48259e-16 6.25948e-17 1
3796.5 4.65556e-16 6.25948e-17 1
3798 4.78766e-16 6.25948e-17 1
3799.5 4.72791e-16 6.25948e-17 1
3801 4.33991e-16 6.25948e-17 1
3802.5 4.47663e-16 6.25948e-17 1
3804 4.40945e-16 6.25948e-17 1
3805.5 4.25116e-16 6.25948e-17 1
3807 3.88943e-16 6.25948e-17 1
3808.5 3.01643e-16 6.25948e-17 1
3810 3.485e-16 6.25948e-17 1
3811.5 4.42794e-16 6.25948e-17 1
3813 3.32865e-16 6.25948e-17 1
3814.5 3.1487e-16 6.25948e-17 1
3816 3.58727e-16 6.25948e-17 1
3817.5 3.95155e-16 6.25948e-17 1
3819 2.95264e-16 6.25948e-17 1
3820.5 2.32865e-16 5.06274e-17 1
3822 2.90059e-16 5.06274e-17 1
3823.5 3.58215e-16 5.06274e-17 1
3825 3.05312e-16 5.06274e-17 1
3826.5 3.66343e-16 5.06274e-17 1
3828 4.30753e-16 5.06274e-17 1
3829.5 4.96391e-16 5.06274e-17 1
3831 4.06747e-16 5.06274e-17 1
3832.5 3.53283e-16 5.06274e-17 1
3834 3.69164e-16 5.06274e-17 1
3835.5 2.90806e-16 5.06274e-17 1
3837 4.31596e-16 5.06274e-17 1
3838.5 3.68433e-16 5.06274e-17 1
3840 3.70981e-16 5.06274e-17 1
3841.5 3.15672e-16 5.06274e-17 1
3843 2.74632e-16 5.06274e-17 1
3844.5 2.57479e-16 5.06274e-17 1
3846 3.52414e-16 5.06274e-17 1
3847.5 3.10736e-16 5.06274e-17 1
3849 2.99837e-16 5.06274e-17 1
3850.5 2.85572e-16 5.06274e-17 1
3852 2.64873e-16 5.06274e-17 1
3853.5 3.36625e-16 5.06274e-17 1
3855 3.56112e-16 5.06274e-17 1
3856.5 2.66083e-16 5.06274e-17 1
3858 2.84252e-16 5.06274e-17 1
3859.5 3.38332e-16 5.06274e-17 1
3861 3.50435e-16 5.06274e-17 1
3862.5 3.36338e-16 5.06274e-17 1
3864 2.8624e-16 5.06274e-17 1
3865.5 2.74188e-16 5.06274e-17 1
3867 3.24587e-16 5.06274e-17 1
3868.5 3.25932e-16 5.06274e-17 1
3870 2.80402e-16 5.06274e-17 1
3871.5 2.93458e-16 5.06274e-17 1
3873 3.10506e-16 5.06274e-17 1
3874.5 2.95919e-16 5.06274e-17 1
3876 3.4099e-16 5.06274e-17 1
3877.5 4.2997e-16 5.06274e-17 1
3879 4.39179e-16 5.06274e-17 1
3880.5 4.26334e-16 5.06274e-17 1
3882 4.41435e-16 5.06274e-17 1
3883.5 3.96268e-16 5.06274e-17 1
3885 3.75723e-16 5.06274e-17 1
3886.5 3.587e-16 5.06274e-17 1
3888 3.31005e-16 5.06274e-17 1
3889.5 3.94909e-16 5.06274e-17 1
3891 3.95625e-16 5.06274e-17 1
3892.5 4.3126e-16 5.06274e-17 1
3894 4.14617e-16 5.06274e-17 1
3895.5 4.03256e-16 5.06274e-17 1
3897 3.5315e-16 5.06274e-17 1
3898.5 3.27465e-16 5.06274e-17 1
3900 4.15689e-16 5.06274e-17 1
3901.5 4.33829e-16 5.06274e-17 1
3903 3.86822e-16 5.06274e-17 1
3904.5 4.1774e-16 5.06274e-17 1
3906 4.24196e-16 5.06274e-17 1
3907.5 4.28022e-16 5.06274e-17 1
3909 4.3494e-16 5.06274e-17 1
3910.5 4.84632e-16 5.06274e-17 1
3912 4.29681e-16 5.06274e-17 1
3913.5 5.15529e-16 5.06274e-17 1
3915 5.47541e-16 5.06274e-17 1
3916.5 4.43102e-16 5.06274e-17 1
3918 5.24849e-16 5.06274e-17 1
3919.5 5.68559e-16 5.06274e-17 1
3921 6.00353e-16 5.93367e-17 1
3922.5 5.59452e-16 5.93367e-17 1
3924 5.13688e-16 5.93367e-17 1
3925.5 6.04304e-16 5.93367e-17 1
3927 7.07376e-16 5.93367e-17 1
3928.5 5.87219e-16 5.93367e-17 1
3930 6.05281e-16 5.93367e-17 1
3931.5 4.69297e-16 5.93367e-17 1
3933 4.46044e-16 5.93367e-17 1
3934.5 5.18922e-16 5.93367e-17 1
3936 6.23487e-16 5.93367e-17 1
3937.5 6.67887e-16 5.93367e-17 1
3939 6.03085e-16 5.93367e-17 1
3940.5 5.46082e-16 5.93367e-17 1
3942 6.15358e-16 5.93367e-17 1
3943.5 6.80614e-16 5.93367e-17 1
3945 7.20556e-16 5.93367e-17 1
3946.5 6.74923e-16 5.93367e-17 1
3948 6.29421e-16 5.93367e-17 1
3949.5 7.02573e-16 5.93367e-17 1
3951 7.93199e-16 5.93367e-17 1
3952.5 7.76323e-16 5.93367e-17 1
3954 7.49231e-16 5.93367e-17 1
3955.5 7.35869e-16 5.93367e-17 1
3957 7.75101e-16 5.93367e-17 1
3958.5 7.8572e-16 5.93367e-17 1
3960 7.42716e-16 5.93367e-17 1
3961.5 7.87311e-16 5.93367e-17 1
3963 8.75427e-16 5.93367e-17 1
3964.5 9.30658e-16 5.93367e-17 1
3966 9.09766e-16 5.93367e-17 1
3967.5 8.41848e-16 5.93367e-17 1
3969 7.60346e-16 5.93367e-17 1
3970.5 7.85246e-16 5.93367e-17 1
3972 8.13129e-16 5.93367e-17 1
3973.5 7.92554e-16 5.93367e-17 1
3975 8.5228e-16 5.93367e-17 1
3976.5 8.76513e-16 5.93367e-17 1
3978 7.98184e-16 5.93367e-17 1
3979.5 8.24274e-16 5.93367e-17 1
3981 8.66948e-16 5.93367e-17 1
3982.5 9.21171e-16 5.93367e-17 1
3984 9.43815e-16 5.93367e-17 1
3985.5 8.27044e-16 5.93367e-17 1
3987 8.17936e-16 5.93367e-17 1
3988.5 8.30279e-16 5.93367e-17 1
3990 8.96223e-16 5.93367e-17 1
3991.5 8.53275e-16 5.93367e-17 1
3993 7.89987e-16 5.93367e-17 1
3994.5 8.168e-16 5.93367e-17 1
3996 9.00868e-16 5.93367e-17 1
3997.5 9.24204e-16 5.93367e-17 1
3999 8.96539e-16 5.93367e-17 1
4000.5 9.13452e-16 5.93367e-17 1
4002 9.56021e-16 5.93367e-17 1
4003.5 9.37075e-16 5.93367e-17 1
4005 9.59764e-16 5.93367e-17 1
4006.5 9.05401e-16 5.93367e-17 1
4008 8.63431e-16 5.93367e-17 1
4009.5 8.8301e-16 5.93367e-17 1
4011 9.17066e-16 5.93367e-17 1
4012.5 9.12141e-16 5.93367e-17 1
4014 9.59295e-16 5.93367e-17 1
4015.5 1.00257e-15 5.93367e-17 1
4017 1.00495e-15 5.93367e-17 1
4018.5 1.00868e-15 5.93367e-17 1
4020 1.07495e-15 6.0491e-17 1
4021.5 1.07775e-15 6.0491e-17 1
4023 1.0946e-15 6.0491e-17 1
4024.5 1.13993e-15 6.0491e-17 1
4026 1.08641e-15 6.0491e-17 1
4027.5 1.04126e-15 6.0491e-17 1
4029 1.0203e-15 6.0491e-17 1
4030.5 1.00534e-15 6.0491e-17 1
4032 1.05841e-15 6.0491e-17 1
4033.5 1.08226e-15 6.0491e-17 1
4035 1.07138e-15 6.0491e-17 1
4036.5 1.01681e-15 6.0491e-17 1
4038 9.27995e-16 6.0491e-17 1
4039.5 9.23593e-16 6.0491e-17 1
4041 1.00587e-15 6.0491e-17 1
4042.5 1.03094e-15 6.0491e-17 1
4044 1.05158e-15 6.0491e-17 1
4045.5 1.02757e-15 6.0491e-17 1
4047 1.05565e-15 6.0491e-17 1
4048.5 1.13457e-15 6.0491e-17 1
4050 1.08148e-15 6.0491e-17 1
4051.5 1.09761e-15 6.0491e-17 1
4053 1.09691e-15 6.0491e-17 1
4054.5 1.191e-15 6.0491e-17 1
4056 1.15427e-15 6.0491e-17 1
4057.5 1.11432e-15 6.0491e-17 1
4059 1.03329e-15 6.0491e-17 1
4060.5 1.03297e-15 6.0491e-17 1
4062 1.138e-15 6.0491e-17 1
4063.5 1.08113e-15 6.0491e-17 1
4065 1.14908e-15 6.0491e-17 1
4066.5 1.25457e-15 6.0491e-17 1
4068 1.1016e-15 6.0491e-17 1
4069.5 9.57406e-16 6.0491e-17 1
4071 1.01062e-15 6.0491e-17 1
4072.5 1.02326e-15 6.0491e-17 1
4074 9.85742e-16 6.0491e-17 1
4075.5 9.67879e-16 6.0491e-17 1
4077 9.78906e-16 6.0491e-17 1
4078.5 9.93793e-16 6.0491e-17 1
4080 9.51537e-16 6.0491e-17 1
4081.5 8.80198e-16 6.0491e-17 1
4083 9.1514e-16 6.0491e-17 1
4084.5 9.89488e-16 6.0491e-17 1
4086 9.51593e-16 6.0491e-17 1
4087.5 9.34041e-16 6.0491e-17 1
4089 9.47259e-16 6.0491e-17 1
4090.5 9.66221e-16 6.0491e-17 1
4092 9.61763e-16 6.0491e-17 1
4093.5 9.49455e-16 6.0491e-17 1
4095 9.73249e-16 6.0491e-17 1
4096.5 9.64416e-16 6.0491e-17 1
4098 9.33484e-16 6.0491e-17 1
4099.5 9.62498e-16 6.0491e-17 1
4101 9.94783e-16 6.0491e-17 1
4102.5 9.67009e-16 6.0491e-17 1
4104 9.06691e-16 6.0491e-17 1
4105.5 8.76583e-16 6.0491e-17 1
4107 8.94014e-16 6.0491e-17 1
4108.5 8.79491e-16 6.0491e-17 1
4110 9.31018e-16 6.0491e-17 1
4111.5 9.47796e-16 6.0491e-17 1
4113 8.70783e-16 6.0491e-17 1
4114.5 8.61354e-16 6.0491e-17 1
4116 8.90772e-16 6.0491e-17 1
4117.5 8.8625e-16 6.0491e-17 1
4119 9.13529e-16 6.0491e-17 1
4120.5 8.80233e-16 5.66809e-17 1
4122 8.23214e-16 5.66809e-17 1
4123.5 9.32716e-16 5.66809e-17 1
4125 8.10348e-16 5.66809e-17 1
4126.5 8.28856e-16 5.66809e-17 1
4128 8.25754e-16 5.66809e-17 1
4129.5 7.67321e-16 5.66809e-17 1
4131 7.67331e-16 5.66809e-17 1
4132.5 8.02764e-16 5.66809e-17 1
4134 7.95613e-16 5.66809e-17 1
4135.5 8.5386e-16 5.66809e-17 1
4137 7.34876e-16 5.66809e-17 1
4138.5 7.10967e-16 5.66809e-17 1
4140 7.92318e-16 5.66809e-17 1
4141.5 8.34616e-16 5.66809e-17 1
4143 8.05712e-16 5.66809e-17 1
4144.5 7.54511e-16 5.66809e-17 1
4146 7.04781e-16 5.66809e-17 1
4147.5 6.35781e-16 5.66809e-17 1
4149 6.64282e-16 5.66809e-17 1
4150.5 7.30569e-16 5.66809e-17 1
4152 8.23884e-16 5.66809e-17 1
4153.5 8.47849e-16 5.66809e-17 1
4155 8.08426e-16 5.66809e-17 1
4156.5 8.36365e-16 5.66809e-17 1
4158 8.94908e-16 5.66809e-17 1
4159.5 8.63702e-16 5.66809e-17 1
4161 8.07373e-16 5.66809e-17 1
4162.5 8.15659e-16 5.66809e-17 1
4164 8.15392e-16 5.66809e-17 1
4165.5 8.30376e-16 5.66809e-17 1
4167 8.04629e-16 5.66809e-17 1
4168.5 7.32338e-16 5.66809e-17 1
4170 7.68228e-16 5.66809e-17 1
4171.5 8.60081e-16 5.66809e-17 1
4173 7.92896e-16 5.66809e-17 1
4174.5 6.75348e-16 5.66809e-17 1
4176 6.69184e-16 5.66809e-17 1
4177.5 6.90831e-16 5.66809e-17 1
4179 7.05586e-16 5.66809e-17 1
4180.5 7.46678e-16 5.66809e-17 1
4182 6.97438e-16 5.66809e-17 1
4183.5 7.24158e-16 5.66809e-17 1
4185 8.08287e-16 5.66809e-17 1
4186.5 7.71041e-16 5.66809e-17 1
4188 7.13947e-16 5.66809e-17 1
4189.5 7.07642e-16 5.66809e-17 1
4191 7.69971e-16 5.66809e-17 1
4192.5 7.94182e-16 5.66809e-17 1
4194 7.61302e-16 5.66809e-17 1
4195.5 7.21939e-16 5.66809e-17 1
4197 6.8461e-16 5.66809e-17 1
4198.5 6.48223e-16 5.66809e-17 1
4200 6.60683e-16 5.66809e-17 1
4201.5 6.47917e-16 5.66809e-17 1
4203 7.42413e-16 5.66809e-17 1
4204.5 7.92111e-16 5.66809e-17 1
4206 7.18166e-16 5.66809e-17 1
4207.5 7.41195e-16 5.66809e-17 1
4209 7.31102e-16 5.66809e-17 1
4210.5 6.60814e-16 5.66809e-17 1
4212 6.62089e-16 5.66809e-17 1
4213.5 6.93384e-16 5.66809e-17 1
4215 7.06084e-16 5.66809e-17 1
4216.5 7.35572e-16 5.66809e-17 1
4218 7.29187e-16 5.66809e-17 1
4219.5 7.20284e-16 5.66809e-17 1
4221 6.90389e-16 4.3989e-17 1
4222.5 7.0596e-16 4.3989e-17 1
4224 6.94357e-16 4.3989e-17 1
4225.5 6.84964e-16 4.3989e-17 1
4227 7.06742e-16 4.3989e-17 1
4228.5 7.22723e-16 4.3989e-17 1
4230 7.37338e-16 4.3989e-17 1
4231.5 7.04125e-16 4.3989e-17 1
4233 7.0106e-16 4.3989e-17 1
4234.5 7.31639e-16 4.3989e-17 1
4236 7.09948e-16 4.3989e-17 1
4237.5 6.90408e-16 4.3989e-17 1
4239 6.84949e-16 4.3989e-17 1
4240.5 6.73629e-16 4.3989e-17 1
4242 6.43804e-16 4.3989e-17 1
4243.5 6.35877e-16 4.3989e-17 1
4245 6.59241e-16 4.3989e-17 1
4246.5 6.84817e-16 4.3989e-17 1
4248 6.99627e-16 4.3989e-17 1
4249.5 7.38131e-16 4.3989e-17 1
4251 7.30145e-16 4.3989e-17 1
4252.5 7.26625e-16 4.3989e-17 1
4254 6.98391e-16 4.3989e-17 1
4255.5 6.78712e-16 4.3989e-17 1
4257 6.63678e-16 4.3989e-17 1
4258.5 6.32427e-16 4.3989e-17 1
4260 6.96423e-16 4.3989e-17 1
4261.5 7.401e-16 4.3989e-17 1
4263 7.57874e-16 4.3989e-17 1
4264.5 7.36158e-16 4.3989e-17 1
4266 7.26135e-16 4.3989e-17 1
4267.5 7.72856e-16 4.3989e-17 1
4269 8.02539e-16 4.3989e-17 1
4270.5 8.64148e-16 4.3989e-17 1
4272 7.96018e-16 4.3989e-17 1
4273.5 8.00388e-16 4.3989e-17 1
4275 8.0777e-16 4.3989e-17 1
4276.5 7.49031e-16 4.3989e-17 1
4278 8.10269e-16 4.3989e-17 1
4279.5 8.28822e-16 4.3989e-17 1
4281 8.82341e-16 4.3989e-17 1
4282.5 8.7474e-16 4.3989e-17 1
4284 8.81202e-16 4.3989e-17 1
4285.5 8.58358e-16 4.3989e-17 1
4287 8.24756e-16 4.3989e-17 1
4288.5 8.25493e-16 4.3989e-17 1
4290 8.18984e-16 4.3989e-17 1
4291.5 8.24021e-16 4.3989e-17 1
4293 7.72904e-16 4.3989e-17 1
4294.5 7.57155e-16 4.3989e-17 1
4296 7.6127e-16 4.3989e-17 1
4297.5 7.74254e-16 4.3989e-17 1
4299 8.06368e-16 4.3989e-17 1
4300.5 8.49663e-16 4.3989e-17 1
4302 8.72033e-16 4.3989e-17 1
4303.5 8.39122e-16 4.3989e-17 1
4305 8.05536e-16 4.3989e-17 1
4306.5 7.71383e-16 4.3989e-17 1
4308 7.60803e-16 4.3989e-17 1
4309.5 8.19998e-16 4.3989e-17 1
4311 8.42922e-16 4.3989e-17 1
4312.5 7.95803e-16 4.3989e-17 1
4314 8.10641e-16 4.3989e-17 1
4315.5 8.42142e-16 4.3989e-17 1
4317 8.33594e-16 4.3989e-17 1
4318.5 8.14304e-16 4.3989e-17 1
4320 7.63379e-16 4.23199e-17 1
4321.5 7.41124e-16 4.23199e-17 1
4323 7.66379e-16 4.23199e-17 1
4324.5 7.76132e-16 4.23199e-17 1
4326 7.90531e-16 4.23199e-17 1
4327.5 7.9291e-16 4.23199e-17 1
4329 7.92136e-16 4.23199e-17 1
4330.5 7.97718e-16 4.23199e-17 1
4332 8.16962e-16 4.23199e-17 1
4333.5 8.2363e-16 4.23199e-17 1
4335 8.1151e-16 4.23199e-17 1
4336.5 8.24811e-16 4.23199e-17 1
4338 8.39932e-16 4.23199e-17 1
4339.5 7.39145e-16 4.23199e-17 1
4341 7.01649e-16 4.23199e-17 1
4342.5 7.94115e-16 4.23199e-17 1
4344 8.40179e-16 4.23199e-17 1
4345.5 8.59258e-16 4.23199e-17 1
4347 8.34943e-16 4.23199e-17 1
4348.5 7.95806e-16 4.23199e-17 1
4350 8.17878e-16 4.23199e-17 1
4351.5 7.63853e-16 4.23199e-17 1
4353 7.7941e-16 4.23199e-17 1
4354.5 7.44311e-16 4.23199e-17 1
4356 7.76065e-16 4.23199e-17 1
4357.5 7.5529e-16 4.23199e-17 1
4359 7.2079e-16 4.23199e-17 1
4360.5 7.78038e-16 4.23199e-17 1
4362 8.21199e-16 4.23199e-17 1
4363.5 7.84628e-16 4.23199e-17 1
4365 7.37754e-16 4.23199e-17 1
4366.5 7.63814e-16 4.23199e-17 1
4368 8.34512e-16 4.23199e-17 1
4369.5 8.59158e-16 4.23199e-17 1
4371 8.42712e-16 4.23199e-17 1
4372.5 8.11246e-16 4.23199e-17 1
4374 7.81321e-16 4.23199e-17 1
4375.5 8.1585e-16 4.23199e-17 1
4377 8.84448e-16 4.23199e-17 1
4378.5 8.73785e-16 4.23199e-17 1
4380 8.19204e-16 4.23199e-17 1
4381.5 8.07543e-16 4.23199e-17 1
4383 7.75392e-16 4.23199e-17 1
4384.5 7.66422e-16 4.23199e-17 1
4386 8.10441e-16 4.23199e-17 1
4387.5 8.13315e-16 4.23199e-17 1
4389 7.74183e-16 4.23199e-17 1
4390.5 7.72269e-16 4.23199e-17 1
4392 8.05137e-16 4.23199e-17 1
4393.5 7.72553e-16 4.23199e-17 1
4395 7.53836e-16 4.23199e-17 1
4396.5 7.87757e-16 4.23199e-17 1
4398 8.5753e-16 4.23199e-17 1
4399.5 9.00259e-16 4.23199e-17 1
4401 9.02612e-16 4.23199e-17 1
4402.5 8.93041e-16 4.23199e-17 1
4404 8.1699e-16 4.23199e-17 1
4405.5 8.02362e-16 4.23199e-17 1
4407 8.25514e-16 4.23199e-17 1
4408.5 7.75986e-16 4.23199e-17 1
4410 8.36026e-16 4.23199e-17 1
4411.5 8.55094e-16 4.23199e-17 1
4413 8.59579e-16 4.23199e-17 1
4414.5 8.68573e-16 4.23199e-17 1
4416 8.60581e-16 4.23199e-17 1
4417.5 9.11091e-16 4.23199e-17 1
4419 8.42961e-16 4.23199e-17 1
4420.5 8.0141e-16 3.74721e-17 1
4422 8.64229e-16 3.74721e-17 1
4423.5 8.55712e-16 3.74721e-17 1
4425 8.6326e-16 3.74721e-17 1
4426.5 8.66463e-16 3.74721e-17 1
4428 8.16677e-16 3.74721e-17 1
4429.5 8.346e-16 3.74721e-17 1
4431 8.51246e-16 3.74721e-17 1
4432.5 8.09702e-16 3.74721e-17 1
4434 8.15322e-16 3.74721e-17 1
4435.5 8.17077e-16 3.74721e-17 1
4437 7.46009e-16 3.74721e-17 1
4438.5 7.73352e-16 3.74721e-17 1
4440 7.63421e-16 3.74721e-17 1
4441.5 7.5691e-16 3.74721e-17 1
4443 7.68257e-16 3.74721e-17 1
4444.5 7.93723e-16 3.74721e-17 1
4446 7.41559e-16 3.74721e-17 1
4447.5 7.00478e-16 3.74721e-17 1
4449 7.1245e-16 3.74721e-17 1
4450.5 7.40469e-16 3.74721e-17 1
4452 7.17442e-16 3.74721e-17 1
4453.5 7.1394e-16 3.74721e-17 1
4455 6.79078e-16 3.74721e-17 1
4456.5 7.06194e-16 3.74721e-17 1
4458 7.60965e-16 3.74721e-17 1
4459.5 7.32551e-16 3.74721e-17 1
4461 7.07329e-16 3.74721e-17 1
4462.5 7.39221e-16 3.74721e-17 1
4464 7.26229e-16 3.74721e-17 1
4465.5 6.53789e-16 3.74721e-17 1
4467 5.72197e-16 3.74721e-17 1
4468.5 6.20021e-16 3.74721e-17 1
4470 6.88474e-16 3.74721e-17 1
4471.5 7.33833e-16 3.74721e-17 1
4473 7.22183e-16 3.74721e-17 1
4474.5 7.2257e-16 3.74721e-17 1
4476 6.81814e-16 3.74721e-17 1
4477.5 6.66356e-16 3.74721e-17 1
4479 6.41969e-16 3.74721e-17 1
4480.5 6.71786e-16 3.74721e-17 1
4482 6.46155e-16 3.74721e-17 1
4483.5 6.92994e-16 3.74721e-17 1
4485 6.15646e-16 3.74721e-17 1
4486.5 5.29567e-16 3.74721e-17 1
4488 5.87674e-16 3.74721e-17 1
4489.5 6.31522e-16 3.74721e-17 1
4491 6.30649e-16 3.74721e-17 1
4492.5 5.40465e-16 3.74721e-17 1
4494 5.69186e-16 3.74721e-17 1
4495.5 5.84903e-16 3.74721e-17 1
4497 6.09865e-16 3.74721e-17 1
4498.5 6.15351e-16 3.74721e-17 1
4500 6.06594e-16 3.74721e-17 1
4501.5 5.81485e-16 3.74721e-17 1
4503 5.45454e-16 3.74721e-17 1
4504.5 5.76799e-16 3.74721e-17 1
4506 6.08374e-16 3.74721e-17 1
4507.5 6.38991e-16 3.74721e-17 1
4509 5.89566e-16 3.74721e-17 1
4510.5 5.65267e-16 3.74721e-17 1
4512 6.42403e-16 3.74721e-17 1
4513.5 6.40386e-16 3.74721e-17 1
4515 5.75752e-16 3.74721e-17 1
4516.5 5.56596e-16 3.74721e-17 1
4518 5.42785e-16 3.74721e-17 1
4519.5 5.57885e-16 3.74721e-17 1
4521 5.58327e-16 3.81046e-17 1
4522.5 5.30669e-16 3.81046e-17 1
4524 5.50558e-16 3.81046e-17 1
4525.5 6.0135e-16 3.81046e-17 1
4527 5.6513e-16 3.81046e-17 1
4528.5 5.27747e-16 3.81046e-17 1
4530 5.54896e-16 3.81046e-17 1
4531.5 5.78027e-16 3.81046e-17 1
4533 5.89126e-16 3.81046e-17 1
4534.5 5.87841e-16 3.81046e-17 1
4536 5.98447e-16 3.81046e-17 1
4537.5 5.72659e-16 3.81046e-17 1
4539 5.53841e-16 3.81046e-17 1
4540.5 5.33694e-16 3.81046e-17 1
4542 5.10817e-16 3.81046e-17 1
4543.5 5.5854e-16 3.81046e-17 1
4545 5.87055e-16 3.81046e-17 1
4546.5 5.98685e-16 3.81046e-17 1
4548 6.02367e-16 3.81046e-17 1
4549.5 6.2541e-16 3.81046e-17 1
4551 5.89831e-16 3.81046e-17 1
4552.5 5.94116e-16 3.81046e-17 1
4554 5.84555e-16 3.81046e-17 1
4555.5 5.84456e-16 3.81046e-17 1
4557 6.03787e-16 3.81046e-17 1
4558.5 5.98015e-16 3.81046e-17 1
4560 5.96025e-16 3.81046e-17 1
4561.5 5.90999e-16 3.81046e-17 1
4563 5.27655e-16 3.81046e-17 1
4564.5 6.05931e-16 3.81046e-17 1
4566 6.50713e-16 3.81046e-17 1
4567.5 6.28453e-16 3.81046e-17 1
4569 5.85572e-16 3.81046e-17 1
4570.5 5.89324e-16 3.81046e-17 1
4572 5.73416e-16 3.81046e-17 1
4573.5 5.673e-16 3.81046e-17 1
4575 5.56895e-16 3.81046e-17 1
4576.5 5.56063e-16 3.81046e-17 1
4578 5.81213e-16 3.81046e-17 1
4579.5 5.95343e-16 3.81046e-17 1
4581 6.2312e-16 3.81046e-17 1
4582.5 6.14681e-16 3.81046e-17 1
4584 6.07575e-16 3.81046e-17 1
4585.5 6.6622e-16 3.81046e-17 1
4587 6.95599e-16 3.81046e-17 1
4588.5 6.77474e-16 3.81046e-17 1
4590 6.45083e-16 3.81046e-17 1
4591.5 6.43199e-16 3.81046e-17 1
4593 6.72686e-16 3.81046e-17 1
4594.5 7.05533e-16 3.81046e-17 1
4596 7.21233e-16 3.81046e-17 1
4597.5 7.462e-16 3.81046e-17 1
4599 7.26514e-16 3.81046e-17 1
4600.5 6.93445e-16 3.81046e-17 1
4602 6.97667e-16 3.81046e-17 1
4603.5 6.70284e-16 3.81046e-17 1
4605 6.39775e-16 3.81046e-17 1
4606.5 6.83929e-16 3.81046e-17 1
4608 7.05819e-16 3.81046e-17 1
4609.5 7.27709e-16 3.81046e-17 1
4611 7.49598e-16 3.81046e-17 1
4612.5 7.71488e-16 3.81046e-17 1
4614 7.93378e-16 3.81046e-17 1
4615.5 8.15267e-16 3.81046e-17 1
4617 8.15267e-16 3.81046e-17 1
4618.5 8.34378e-16 3.81046e-17 1
4620 8.61612e-16 8.29297e-17 1
4621.5 8.39356e-16 8.29297e-17 1
4623 8.60971e-16 8.29297e-17 1
4624.5 8.9455e-16 8.29297e-17 1
4626 9.22219e-16 8.29297e-17 1
4627.5 9.28443e-16 8.29297e-17 1
4629 9.27698e-16 8.29297e-17 1
4630.5 9.18795e-16 8.29297e-17 1
4632 9.00986e-16 8.29297e-17 1
4633.5 9.55438e-16 8.29297e-17 1
4635 9.83437e-16 8.29297e-17 1
4636.5 9.37814e-16 8.29297e-17 1
4638 9.24935e-16 8.29297e-17 1
4639.5 9.736e-16 8.29297e-17 1
4641 9.99038e-16 8.29297e-17 1
4642.5 1.04303e-15 8.29297e-17 1
4644 1.05562e-15 8.29297e-17 1
4645.5 1.02384e-15 8.29297e-17 1
4647 1.04583e-15 8.29297e-17 1
4648.5 1.12013e-15 8.29297e-17 1
4650 1.18333e-15 8.29297e-17 1
4651.5 1.18242e-15 8.29297e-17 1
4653 1.1765e-15 8.29297e-17 1
4654.5 1.2175e-15 8.29297e-17 1
4656 1.23962e-15 8.29297e-17 1
4657.5 1.26617e-15 8.29297e-17 1
4659 1.26849e-15 8.29297e-17 1
4660.5 1.29155e-15 8.29297e-17 1
4662 1.3668e-15 8.29297e-17 1
4663.5 1.36438e-15 8.29297e-17 1
4665 1.30281e-15 8.29297e-17 1
4666.5 1.24936e-15 8.29297e-17 1
4668 1.29139e-15 8.29297e-17 1
4669.5 1.30714e-15 8.29297e-17 1
4671 1.2744e-15 8.29297e-17 1
4672.5 1.28583e-15 8.29297e-17 1
4674 1.29462e-15 8.29297e-17 1
4675.5 1.30342e-15 8.29297e-17 1
4677 1.36835e-15 8.29297e-17 1
4678.5 1.38421e-15 8.29297e-17 1
4680 1.35893e-15 8.29297e-17 1
4681.5 1.35907e-15 8.29297e-17 1
4683 1.35972e-15 8.29297e-17 1
4684.5 1.33066e-15 8.29297e-17 1
4686 1.34497e-15 8.29297e-17 1
4687.5 1.42306e-15 8.29297e-17 1
4689 1.35954e-15 8.29297e-17 1
4690.5 1.3371e-15 8.29297e-17 1
4692 1.39006e-15 8.29297e-17 1
4693.5 1.35803e-15 8.29297e-17 1
4695 1.33177e-15 8.29297e-17 1
4696.5 1.374e-15 8.29297e-17 1
4698 1.3955e-15 8.29297e-17 1
4699.5 1.37777e-15 8.29297e-17 1
4701 1.38274e-15 8.29297e-17 1
4702.5 1.43418e-15 8.29297e-17 1
4704 1.481e-15 8.29297e-17 1
4705.5 1.43358e-15 8.29297e-17 1
4707 1.43672e-15 8.29297e-17 1
4708.5 1.47296e-15 8.29297e-17 1
4710 1.47612e-15 8.29297e-17 1
4711.5 1.50018e-15 8.29297e-17 1
4713 1.53315e-15 8.29297e-17 1
4714.5 1.57242e-15 8.29297e-17 1
4716 1.54102e-15 8.29297e-17 1
4717.5 1.54783e-15 8.29297e-17 1
4719 1.61198e-15 8.29297e-17 1
4720.5 1.66966e-15 7.10066e-17 1
4722 1.66089e-15 7.10066e-17 1
4723.5 1.67147e-15 7.10066e-17 1
4725 1.68387e-15 7.10066e-17 1
4726.5 1.67437e-15 7.10066e-17 1
4728 1.64293e-15 7.10066e-17 1
4729.5 1.68994e-15 7.10066e-17 1
4731 1.70455e-15 7.10066e-17 1
4732.5 1.68722e-15 7.10066e-17 1
4734 1.66741e-15 7.10066e-17 1
4735.5 1.7291e-15 7.10066e-17 1
4737 1.74748e-15 7.10066e-17 1
4738.5 1.7614e-15 7.10066e-17 1
4740 1.80576e-15 7.10066e-17 1
4741.5 1.7804e-15 7.10066e-17 1
4743 1.75586e-15 7.10066e-17 1
4744.5 1.75231e-15 7.10066e-17 1
4746 1.71934e-15 7.10066e-17 1
4747.5 1.68055e-15 7.10066e-17 1
4749 1.68757e-15 7.10066e-17 1
4750.5 1.68771e-15 7.10066e-17 1
4752 1.63282e-15 7.10066e-17 1
4753.5 1.60594e-15 7.10066e-17 1
4755 1.62769e-15 7.10066e-17 1
4756.5 1.53902e-15 7.10066e-17 1
4758 1.49842e-15 7.10066e-17 1
4759.5 1.46793e-15 7.10066e-17 1
4761 1.4869e-15 7.10066e-17 1
4762.5 1.48611e-15 7.10066e-17 1
4764 1.38922e-15 7.10066e-17 1
4765.5 1.32972e-15 7.10066e-17 1
4767 1.38316e-15 7.10066e-17 1
4768.5 1.41704e-15 7.10066e-17 1
4770 1.38376e-15 7.10066e-17 1
4771.5 1.35194e-15 7.10066e-17 1
4773 1.35363e-15 7.10066e-17 1
4774.5 1.33992e-15 7.10066e-17 1
4776 1.29038e-15 7.10066e-17 1
4777.5 1.26488e-15 7.10066e-17 1
4779 1.28163e-15 7.10066e-17 1
4780.5 1.20848e-15 7.10066e-17 1
4782 1.19581e-15 7.10066e-17 1
4783.5 1.24441e-15 7.10066e-17 1
4785 1.21342e-15 7.10066e-17 1
4786.5 1.14539e-15 7.10066e-17 1
4788 1.1721e-15 7.10066e-17 1
4789.5 1.15762e-15 7.10066e-17 1
4791 1.09836e-15 7.10066e-17 1
4792.5 1.12576e-15 7.10066e-17 1
4794 1.1132e-15 7.10066e-17 1
4795.5 1.0625e-15 7.10066e-17 1
4797 9.62175e-16 7.10066e-17 1
4798.5 9.78325e-16 7.10066e-17 1
4800 1.00076e-15 7.10066e-17 1
4801.5 1.04964e-15 7.10066e-17 1
4803 1.06947e-15 7.10066e-17 1
4804.5 1.05821e-15 7.10066e-17 1
4806 1.01772e-15 7.10066e-17 1
4807.5 9.63355e-16 7.10066e-17 1
4809 9.65837e-16 7.10066e-17 1
4810.5 9.64014e-16 7.10066e-17 1
4812 9.55609e-16 7.10066e-17 1
4813.5 9.52384e-16 7.10066e-17 1
4815 9.36994e-16 7.10066e-17 1
4816.5 9.33788e-16 7.10066e-17 1
4818 9.68126e-16 7.10066e-17 1
4819.5 1.01885e-15 7.10066e-17 1
4821 1.00276e-15 4.1283e-17 1
4822.5 9.4118e-16 4.1283e-17 1
4824 8.82712e-16 4.1283e-17 1
4825.5 8.53817e-16 4.1283e-17 1
4827 8.65976e-16 4.1283e-17 1
4828.5 8.7936e-16 4.1283e-17 1
4830 8.93981e-16 4.1283e-17 1
4831.5 8.96101e-16 4.1283e-17 1
4833 9.21791e-16 4.1283e-17 1
4834.5 9.13069e-16 4.1283e-17 1
4836 9.01205e-16 4.1283e-17 1
4837.5 8.73944e-16 4.1283e-17 1
4839 8.75082e-16 4.1283e-17 1
4840.5 9.11784e-16 4.1283e-17 1
4842 8.51524e-16 4.1283e-17 1
4843.5 8.41299e-16 4.1283e-17 1
4845 8.73255e-16 4.1283e-17 1
4846.5 8.9432e-16 4.1283e-17 1
4848 8.92743e-16 4.1283e-17 1
4849.5 8.55907e-16 4.1283e-17 1
4851 8.17165e-16 4.1283e-17 1
4852.5 8.61302e-16 4.1283e-17 1
4854 8.43161e-16 4.1283e-17 1
4855.5 8.28351e-16 4.1283e-17 1
4857 8.31299e-16 4.1283e-17 1
4858.5 7.76548e-16 4.1283e-17 1
4860 7.50275e-16 4.1283e-17 1
4861.5 7.7818e-16 4.1283e-17 1
4863 8.2616e-16 4.1283e-17 1
4864.5 8.34483e-16 4.1283e-17 1
4866 8.26684e-16 4.1283e-17 1
4867.5 7.63e-16 4.1283e-17 1
4869 7.78597e-16 4.1283e-17 1
4870.5 7.5267e-16 4.1283e-17 1
4872 7.4247e-16 4.1283e-17 1
4873.5 7.79887e-16 4.1283e-17 1
4875 7.6225e-16 4.1283e-17 1
4876.5 7.70461e-16 4.1283e-17 1
4878 7.57401e-16 4.1283e-17 1
4879.5 7.72996e-16 4.1283e-17 1
4881 7.52987e-16 4.1283e-17 1
4882.5 7.43808e-16 4.1283e-17 1
4884 7.61062e-16 4.1283e-17 1
4885.5 7.5538e-16 4.1283e-17 1
4887 7.70878e-16 4.1283e-17 1
4888.5 7.69059e-16 4.1283e-17 1
4890 7.69877e-16 4.1283e-17 1
4891.5 7.96449e-16 4.1283e-17 1
4893 7.94811e-16 4.1283e-17 1
4894.5 7.70109e-16 4.1283e-17 1
4896 7.72234e-16 4.1283e-17 1
4897.5 7.60052e-16 4.1283e-17 1
4899 7.67668e-16 4.1283e-17 1
4900.5 8.43597e-16 4.1283e-17 1
4902 8.7044e-16 4.1283e-17 1
4903.5 8.54777e-16 4.1283e-17 1
4905 8.27095e-16 4.1283e-17 1
4906.5 8.42804e-16 4.1283e-17 1
4908 8.64066e-16 4.1283e-17 1
4909.5 9.00424e-16 4.1283e-17 1
4911 9.01719e-16 4.1283e-17 1
4912.5 8.95691e-16 4.1283e-17 1
4914 9.02443e-16 4.1283e-17 1
4915.5 9.08523e-16 4.1283e-17 1
4917 8.82602e-16 4.1283e-17 1
4918.5 8.54677e-16 4.1283e-17 1
4920 8.60425e-16 3.95597e-17 1
4921.5 8.66053e-16 3.95597e-17 1
4923 8.73963e-16 3.95597e-17 1
4924.5 8.86943e-16 3.95597e-17 1
4926 8.814e-16 3.95597e-17 1
4927.5 8.71507e-16 3.95597e-17 1
4929 8.75282e-16 3.95597e-17 1
4930.5 8.86934e-16 3.95597e-17 1
4932 9.12459e-16 3.95597e-17 1
4933.5 8.91478e-16 3.95597e-17 1
4935 8.77768e-16 3.95597e-17 1
4936.5 8.72359e-16 3.95597e-17 1
4938 8.38211e-16 3.95597e-17 1
4939.5 8.60894e-16 3.95597e-17 1
4941 8.38693e-16 3.95597e-17 1
4942.5 8.25853e-16 3.95597e-17 1
4944 8.46842e-16 3.95597e-17 1
4945.5 8.7483e-16 3.95597e-17 1
4947 8.80948e-16 3.95597e-17 1
4948.5 8.35563e-16 3.95597e-17 1
4950 8.23837e-16 3.95597e-17 1
4951.5 8.6565e-16 3.95597e-17 1
4953 8.33842e-16 3.95597e-17 1
4954.5 8.12769e-16 3.95597e-17 1
4956 8.23312e-16 3.95597e-17 1
4957.5 8.35782e-16 3.95597e-17 1
4959 8.32469e-16 3.95597e-17 1
4960.5 8.42522e-16 3.95597e-17 1
4962 8.51678e-16 3.95597e-17 1
4963.5 8.40153e-16 3.95597e-17 1
4965 8.30543e-16 3.95597e-17 1
4966.5 8.45937e-16 3.95597e-17 1
4968 8.70314e-16 3.95597e-17 1
4969.5 8.71375e-16 3.95597e-17 1
4971 8.70192e-16 3.95597e-17 1
4972.5 8.37254e-16 3.95597e-17 1
4974 8.17355e-16 3.95597e-17 1
4975.5 8.51101e-16 3.95597e-17 1
4977 8.66829e-16 3.95597e-17 1
4978.5 8.85754e-16 3.95597e-17 1
4980 9.00867e-16 3.95597e-17 1
4981.5 8.95229e-16 3.95597e-17 1
4983 9.07826e-16 3.95597e-17 1
4984.5 9.10796e-16 3.95597e-17 1
4986 8.43509e-16 3.95597e-17 1
4987.5 8.50843e-16 3.95597e-17 1
4989 9.3043e-16 3.95597e-17 1
4990.5 9.27105e-16 3.95597e-17 1
4992 9.82689e-16 3.95597e-17 1
4993.5 1.0644e-15 3.95597e-17 1
4995 1.07995e-15 3.95597e-17 1
4996.5 1.00351e-15 3.95597e-17 1
4998 1.00742e-15 3.95597e-17 1
4999.5 9.57022e-16 3.95597e-17 1
5001 9.51491e-16 3.95597e-17 1
5002.5 9.83886e-16 3.95597e-17 1
5004 9.85323e-16 3.95597e-17 1
5005.5 9.66295e-16 3.95597e-17 1
5007 1.01622e-15 3.95597e-17 1
5008.5 9.99279e-16 3.95597e-17 1
5010 1.01795e-15 3.95597e-17 1
5011.5 1.03967e-15 3.95597e-17 1
5013 1.00844e-15 3.95597e-17 1
5014.5 1.02462e-15 3.95597e-17 1
5016 1.06609e-15 3.95597e-17 1
5017.5 1.05833e-15 3.95597e-17 1
5019 1.03884e-15 3.95597e-17 1
5020.5 1.05184e-15 2.91096e-17 1
5022 1.02197e-15 2.91096e-17 1
5023.5 9.80998e-16 2.91096e-17 1
5025 9.99082e-16 2.91096e-17 1
5026.5 1.01849e-15 2.91096e-17 1
5028 1.04882e-15 2.91096e-17 1
5029.5 1.08402e-15 2.91096e-17 1
5031 1.0964e-15 2.91096e-17 1
5032.5 1.07607e-15 2.91096e-17 1
5034 1.088e-15 2.91096e-17 1
5035.5 1.08034e-15 2.91096e-17 1
5037 1.06463e-15 2.91096e-17 1
5038.5 1.0823e-15 2.91096e-17 1
5040 1.09451e-15 2.91096e-17 1
5041.5 1.03685e-15 2.91096e-17 1
5043 9.9287e-16 2.91096e-17 1
5044.5 1.03335e-15 2.91096e-17 1
5046 1.0858e-15 2.91096e-17 1
5047.5 1.05768e-15 2.91096e-17 1
5049 1.04766e-15 2.91096e-17 1
5050.5 1.11452e-15 2.91096e-17 1
5052 1.08268e-15 2.91096e-17 1
5053.5 1.02128e-15 2.91096e-17 1
5055 1.01216e-15 2.91096e-17 1
5056.5 1.00267e-15 2.91096e-17 1
5058 1.05016e-15 2.91096e-17 1
5059.5 1.03304e-15 2.91096e-17 1
5061 1.05497e-15 2.91096e-17 1
5062.5 1.0316e-15 2.91096e-17 1
5064 1.05742e-15 2.91096e-17 1
5065.5 1.02173e-15 2.91096e-17 1
5067 9.91671e-16 2.91096e-17 1
5068.5 1.00052e-15 2.91096e-17 1
5070 9.77146e-16 2.91096e-17 1
5071.5 9.90631e-16 2.91096e-17 1
5073 1.03885e-15 2.91096e-17 1
5074.5 1.00251e-15 2.91096e-17 1
5076 9.64028e-16 2.91096e-17 1
5077.5 9.78592e-16 2.91096e-17 1
5079 1.00077e-15 2.91096e-17 1
5080.5 1.00066e-15 2.91096e-17 1
5082 1.00077e-15 2.91096e-17 1
5083.5 9.62979e-16 2.91096e-17 1
5085 9.38981e-16 2.91096e-17 1
5086.5 9.72736e-16 2.91096e-17 1
5088 9.68167e-16 2.91096e-17 1
5089.5 9.28165e-16 2.91096e-17 1
5091 9.14559e-16 2.91096e-17 1
5092.5 9.18965e-16 2.91096e-17 1
5094 8.68912e-16 2.91096e-17 1
5095.5 9.11312e-16 2.91096e-17 1
5097 9.69928e-16 2.91096e-17 1
5098.5 9.47998e-16 2.91096e-17 1
5100 9.03313e-16 2.91096e-17 1
5101.5 8.66012e-16 2.91096e-17 1
5103 8.67305e-16 2.91096e-17 1
5104.5 8.95674e-16 2.91096e-17 1
5106 8.95859e-16 2.91096e-17 1
5107.5 8.87603e-16 2.91096e-17 1
5109 8.76307e-16 2.91096e-17 1
5110.5 8.81155e-16 2.91096e-17 1
5112 8.86403e-16 2.91096e-17 1
5113.5 8.70905e-16 2.91096e-17 1
5115 8.46231e-16 2.91096e-17 1
5116.5 8.72005e-16 2.91096e-17 1
5118 9.10422e-16 2.91096e-17 1
5119.5 8.73538e-16 2.91096e-17 1
5121 8.49218e-16 2.09585e-17 1
5122.5 8.51934e-16 2.09585e-17 1
5124 8.70262e-16 2.09585e-17 1
5125.5 8.64659e-16 2.09585e-17 1
5127 8.65318e-16 2.09585e-17 1
5128.5 8.62745e-16 2.09585e-17 1
5130 9.00053e-16 2.09585e-17 1
5131.5 8.60443e-16 2.09585e-17 1
5133 8.4729e-16 2.09585e-17 1
5134.5 8.65005e-16 2.09585e-17 1
5136 8.51479e-16 2.09585e-17 1
5137.5 8.25642e-16 2.09585e-17 1
5139 8.33295e-16 2.09585e-17 1
5140.5 8.20416e-16 2.09585e-17 1
5142 8.43392e-16 2.09585e-17 1
5143.5 8.05998e-16 2.09585e-17 1
5145 8.3402e-16 2.09585e-17 1
5146.5 8.34886e-16 2.09585e-17 1
5148 8.27151e-16 2.09585e-17 1
5149.5 8.26302e-16 2.09585e-17 1
5151 7.46311e-16 2.09585e-17 1
5152.5 7.76414e-16 2.09585e-17 1
5154 8.19063e-16 2.09585e-17 1
5155.5 8.22381e-16 2.09585e-17 1
5157 7.97774e-16 2.09585e-17 1
5158.5 7.71285e-16 2.09585e-17 1
5160 8.06229e-16 2.09585e-17 1
5161.5 7.94945e-16 2.09585e-17 1
5163 7.82714e-16 2.09585e-17 1
5164.5 7.88274e-16 2.09585e-17 1
5166 7.74388e-16 2.09585e-17 1
5167.5 7.59999e-16 2.09585e-17 1
5169 7.28291e-16 2.09585e-17 1
5170.5 7.10564e-16 2.09585e-17 1
5172 7.3304e-16 2.09585e-17 1
5173.5 7.17295e-16 2.09585e-17 1
5175 7.13013e-16 2.09585e-17 1
5176.5 7.31583e-16 2.09585e-17 1
5178 7.54605e-16 2.09585e-17 1
5179.5 7.17212e-16 2.09585e-17 1
5181 6.61147e-16 2.09585e-17 1
5182.5 7.11666e-16 2.09585e-17 1
5184 7.40846e-16 2.09585e-17 1
5185.5 7.20683e-16 2.09585e-17 1
5187 7.26879e-16 2.09585e-17 1
5188.5 7.37402e-16 2.09585e-17 1
5190 7.29359e-16 2.09585e-17 1
5191.5 7.17797e-16 2.09585e-17 1
5193 6.98181e-16 2.09585e-17 1
5194.5 7.09136e-16 2.09585e-17 1
5196 7.26901e-16 2.09585e-17 1
5197.5 7.15323e-16 2.09585e-17 1
5199 7.16622e-16 2.09585e-17 1
5200.5 7.33969e-16 2.09585e-17 1
5202 7.08611e-16 2.09585e-17 1
5203.5 6.84117e-16 2.09585e-17 1
5205 7.03141e-16 2.09585e-17 1
5206.5 7.19432e-16 2.09585e-17 1
5208 6.96706e-16 2.09585e-17 1
5209.5 6.86303e-16 2.09585e-17 1
5211 6.75776e-16 2.09585e-17 1
5212.5 6.87451e-16 2.09585e-17 1
5214 6.92899e-16 2.09585e-17 1
5215.5 6.99636e-16 2.09585e-17 1
5217 6.98225e-16 2.09585e-17 1
5218.5 6.71927e-16 2.09585e-17 1
5220 6.52113e-16 2.67164e-17 1
5221.5 6.91576e-16 2.67164e-17 1
5223 6.90634e-16 2.67164e-17 1
5224.5 6.74616e-16 2.67164e-17 1
5226 7.40224e-16 2.67164e-17 1
5227.5 7.28873e-16 2.67164e-17 1
5229 6.85636e-16 2.67164e-17 1
5230.5 6.89344e-16 2.67164e-17 1
5232 6.75413e-16 2.67164e-17 1
5233.5 7.10384e-16 2.67164e-17 1
5235 7.25311e-16 2.67164e-17 1
5236.5 6.90444e-16 2.67164e-17 1
5238 6.93057e-16 2.67164e-17 1
5239.5 6.62421e-16 2.67164e-17 1
5241 6.69734e-16 2.67164e-17 1
5242.5 6.87727e-16 2.67164e-17 1
5244 6.47376e-16 2.67164e-17 1
5245.5 6.64245e-16 2.67164e-17 1
5247 7.05629e-16 2.67164e-17 1
5248.5 6.94801e-16 2.67164e-17 1
5250 6.53775e-16 2.67164e-17 1
5251.5 6.69794e-16 2.67164e-17 1
5253 7.00369e-16 2.67164e-17 1
5254.5 7.06655e-16 2.67164e-17 1
5256 7.36535e-16 2.67164e-17 1
5257.5 7.43554e-16 2.67164e-17 1
5259 7.28342e-16 2.67164e-17 1
5260.5 7.19038e-16 2.67164e-17 1
5262 7.13359e-16 2.67164e-17 1
5263.5 6.99123e-16 2.67164e-17 1
5265 6.6869e-16 2.67164e-17 1
5266.5 6.77229e-16 2.67164e-17 1
5268 7.11715e-16 2.67164e-17 1
5269.5 7.10388e-16 2.67164e-17 1
5271 7.01697e-16 2.67164e-17 1
5272.5 7.31698e-16 2.67164e-17 1
5274 7.48709e-16 2.67164e-17 1
5275.5 7.72491e-16 2.67164e-17 1
5277 7.74471e-16 2.67164e-17 1
5278.5 7.96222e-16 2.67164e-17 1
5280 8.007e-16 2.67164e-17 1
5281.5 7.5885e-16 2.67164e-17 1
5283 7.63103e-16 2.67164e-17 1
5284.5 7.40169e-16 2.67164e-17 1
5286 7.75566e-16 2.67164e-17 1
5287.5 8.22671e-16 2.67164e-17 1
5289 8.45385e-16 2.67164e-17 1
5290.5 8.07141e-16 2.67164e-17 1
5292 7.42087e-16 2.67164e-17 1
5293.5 7.7284e-16 2.67164e-17 1
5295 8.23008e-16 2.67164e-17 1
5296.5 7.99327e-16 2.67164e-17 1
5298 8.04193e-16 2.67164e-17 1
5299.5 8.50069e-16 2.67164e-17 1
5301 8.68413e-16 2.67164e-17 1
5302.5 8.36734e-16 2.67164e-17 1
5304 8.54144e-16 2.67164e-17 1
5305.5 8.8655e-16 2.67164e-17 1
5307 8.8555e-16 2.67164e-17 1
5308.5 8.75164e-16 2.67164e-17 1
5310 8.82184e-16 2.67164e-17 1
5311.5 8.9008e-16 2.67164e-17 1
5313 8.62379e-16 2.67164e-17 1
5314.5 8.93157e-16 2.67164e-17 1
5316 8.99475e-16 2.67164e-17 1
5317.5 9.21057e-16 2.67164e-17 1
5319 9.51249e-16 2.67164e-17 1
5320.5 9.65624e-16 4.03742e-17 1
5322 9.80515e-16 4.03742e-17 1
5323.5 9.87703e-16 4.03742e-17 1
5325 1.01221e-15 4.03742e-17 1
5326.5 1.02691e-15 4.03742e-17 1
5328 1.02526e-15 4.03742e-17 1
5329.5 1.02185e-15 4.03742e-17 1
5331 1.05031e-15 4.03742e-17 1
5332.5 1.05042e-15 4.03742e-17 1
5334 1.04246e-15 4.03742e-17 1
5335.5 1.07813e-15 4.03742e-17 1
5337 1.11294e-15 4.03742e-17 1
5338.5 1.09738e-15 4.03742e-17 1
5340 1.08873e-15 4.03742e-17 1
5341.5 1.11915e-15 4.03742e-17 1
5343 1.13379e-15 4.03742e-17 1
5344.5 1.12798e-15 4.03742e-17 1
5346 1.13847e-15 4.03742e-17 1
5347.5 1.14642e-15 4.03742e-17 1
5349 1.15358e-15 4.03742e-17 1
5350.5 1.16483e-15 4.03742e-17 1
5352 1.1462e-15 4.03742e-17 1
5353.5 1.13077e-15 4.03742e-17 1
5355 1.12265e-15 4.03742e-17 1
5356.5 1.16568e-15 4.03742e-17 1
5358 1.18295e-15 4.03742e-17 1
5359.5 1.12444e-15 4.03742e-17 1
5361 1.12212e-15 4.03742e-17 1
5362.5 1.16824e-15 4.03742e-17 1
5364 1.23584e-15 4.03742e-17 1
5365.5 1.22242e-15 4.03742e-17 1
5367 1.16869e-15 4.03742e-17 1
5368.5 1.15118e-15 4.03742e-17 1
5370 1.2111e-15 4.03742e-17 1
5371.5 1.24295e-15 4.03742e-17 1
5373 1.25009e-15 4.03742e-17 1
5374.5 1.22418e-15 4.03742e-17 1
5376 1.23808e-15 4.03742e-17 1
5377.5 1.23496e-15 4.03742e-17 1
5379 1.28108e-15 4.03742e-17 1
5380.5 1.30994e-15 4.03742e-17 1
5382 1.31678e-15 4.03742e-17 1
5383.5 1.27923e-15 4.03742e-17 1
5385 1.3043e-15 4.03742e-17 1
5386.5 1.33206e-15 4.03742e-17 1
5388 1.34447e-15 4.03742e-17 1
5389.5 1.35154e-15 4.03742e-17 1
5391 1.40916e-15 4.03742e-17 1
5392.5 1.38968e-15 4.03742e-17 1
5394 1.38778e-15 4.03742e-17 1
5395.5 1.42863e-15 4.03742e-17 1
5397 1.45451e-15 4.03742e-17 1
5398.5 1.41607e-15 4.03742e-17 1
5400 1.39953e-15 4.03742e-17 1
5401.5 1.4474e-15 4.03742e-17 1
5403 1.49614e-15 4.03742e-17 1
5404.5 1.47335e-15 4.03742e-17 1
5406 1.44459e-15 4.03742e-17 1
5407.5 1.4592e-15 4.03742e-17 1
5409 1.41818e-15 4.03742e-17 1
5410.5 1.38224e-15 4.03742e-17 1
5412 1.4157e-15 4.03742e-17 1
5413.5 1.41901e-15 4.03742e-17 1
5415 1.38809e-15 4.03742e-17 1
5416.5 1.37695e-15 4.03742e-17 1
5418 1.43736e-15 4.03742e-17 1
5419.5 1.46616e-15 4.03742e-17 1
5421 1.42489e-15 4.7735e-17 1
5422.5 1.46154e-15 4.7735e-17 1
5424 1.44941e-15 4.7735e-17 1
5425.5 1.48517e-15 4.7735e-17 1
5427 1.45478e-15 4.7735e-17 1
5428.5 1.42413e-15 4.7735e-17 1
5430 1.38718e-15 4.7735e-17 1
5431.5 1.4462e-15 4.7735e-17 1
5433 1.44702e-15 4.7735e-17 1
5434.5 1.37959e-15 4.7735e-17 1
5436 1.45412e-15 4.7735e-17 1
5437.5 1.50146e-15 4.7735e-17 1
5439 1.41068e-15 4.7735e-17 1
5440.5 1.37019e-15 4.7735e-17 1
5442 1.37676e-15 4.7735e-17 1
5443.5 1.37411e-15 4.7735e-17 1
5445 1.40963e-15 4.7735e-17 1
5446.5 1.41238e-15 4.7735e-17 1
5448 1.41088e-15 4.7735e-17 1
5449.5 1.42024e-15 4.7735e-17 1
5451 1.41878e-15 4.7735e-17 1
5452.5 1.49159e-15 4.7735e-17 1
5454 1.46325e-15 4.7735e-17 1
5455.5 1.40408e-15 4.7735e-17 1
5457 1.40843e-15 4.7735e-17 1
5458.5 1.37966e-15 4.7735e-17 1
5460 1.38052e-15 4.7735e-17 1
5461.5 1.45165e-15 4.7735e-17 1
5463 1.44449e-15 4.7735e-17 1
5464.5 1.43111e-15 4.7735e-17 1
5466 1.36828e-15 4.7735e-17 1
5467.5 1.30134e-15 4.7735e-17 1
5469 1.3453e-15 4.7735e-17 1
5470.5 1.36513e-15 4.7735e-17 1
5472 1.34943e-15 4.7735e-17 1
5473.5 1.31822e-15 4.7735e-17 1
5475 1.30535e-15 4.7735e-17 1
5476.5 1.33248e-15 4.7735e-17 1
5478 1.39799e-15 4.7735e-17 1
5479.5 1.39038e-15 4.7735e-17 1
5481 1.37676e-15 4.7735e-17 1
5482.5 1.39979e-15 4.7735e-17 1
5484 1.38112e-15 4.7735e-17 1
5485.5 1.36421e-15 4.7735e-17 1
5487 1.29101e-15 4.7735e-17 1
5488.5 1.35526e-15 4.7735e-17 1
5490 1.41142e-15 4.7735e-17 1
5491.5 1.39903e-15 4.7735e-17 1
5493 1.37411e-15 4.7735e-17 1
5494.5 1.37664e-15 4.7735e-17 1
5496 1.39149e-15 4.7735e-17 1
5497.5 1.42603e-15 4.7735e-17 1
5499 1.43642e-15 4.7735e-17 1
5500.5 1.42081e-15 4.7735e-17 1
5502 1.394e-15 4.7735e-17 1
5503.5 1.37189e-15 4.7735e-17 1
5505 1.46686e-15 4.7735e-17 1
5506.5 1.41146e-15 4.7735e-17 1
5508 1.43262e-15 4.7735e-17 1
5509.5 1.46656e-15 4.7735e-17 1
5511 1.44921e-15 4.7735e-17 1
5512.5 1.47824e-15 4.7735e-17 1
5514 1.5452e-15 4.7735e-17 1
5515.5 1.56081e-15 4.7735e-17 1
5517 1.5494e-15 4.7735e-17 1
5518.5 1.57245e-15 4.7735e-17 1
5520 1.54885e-15 3.49065e-17 1
5521.5 1.50637e-15 3.49065e-17 1
5523 1.5483e-15 3.49065e-17 1
5524.5 1.57831e-15 3.49065e-17 1
5526 1.52816e-15 3.49065e-17 1
5527.5 1.50456e-15 3.49065e-17 1
5529 1.51954e-15 3.49065e-17 1
5530.5 1.5036e-15 3.49065e-17 1
5532 1.51154e-15 3.49065e-17 1
5533.5 1.56685e-15 3.49065e-17 1
5535 1.57889e-15 3.49065e-17 1
5536.5 1.56339e-15 3.49065e-17 1
5538 1.5774e-15 3.49065e-17 1
5539.5 1.55655e-15 3.49065e-17 1
5541 1.52462e-15 3.49065e-17 1
5542.5 1.49953e-15 3.49065e-17 1
5544 1.50695e-15 3.49065e-17 1
5545.5 1.48221e-15 3.49065e-17 1
5547 1.47142e-15 3.49065e-17 1
5548.5 1.51908e-15 3.49065e-17 1
5550 1.5123e-15 3.49065e-17 1
5551.5 1.50201e-15 3.49065e-17 1
5553 1.50988e-15 3.49065e-17 1
5554.5 1.48373e-15 3.49065e-17 1
5556 1.46177e-15 3.49065e-17 1
5557.5 1.46612e-15 3.49065e-17 1
5559 1.48384e-15 3.49065e-17 1
5560.5 1.51654e-15 3.49065e-17 1
5562 1.51459e-15 3.49065e-17 1
5563.5 1.4991e-15 3.49065e-17 1
5565 1.52762e-15 3.49065e-17 1
5566.5 1.51925e-15 3.49065e-17 1
5568 1.51089e-15 3.49065e-17 1
5569.5 1.50253e-15 3.49065e-17 1
5571 1.49416e-15 3.49065e-17 1
5572.5 1.4858e-15 3.49065e-17 1
5574 1.47743e-15 3.49065e-17 1
5575.5 1.46907e-15 3.49065e-17 1
5577 1.46907e-15 3.49065e-17 1
5578.5 1.4133e-15 3.49065e-17 1
5580 1.48639e-15 3.49065e-17 1
5581.5 1.46272e-15 3.49065e-17 1
5583 1.46102e-15 3.49065e-17 1
5584.5 1.43591e-15 3.49065e-17 1
5586 1.38965e-15 3.49065e-17 1
5587.5 1.36315e-15 3.49065e-17 1
5589 1.4163e-15 3.49065e-17 1
5590.5 1.43161e-15 3.49065e-17 1
5592 1.38375e-15 3.49065e-17 1
5593.5 1.39326e-15 3.49065e-17 1
5595 1.41994e-15 3.49065e-17 1
5596.5 1.40695e-15 3.49065e-17 1
5598 1.36646e-15 3.49065e-17 1
5599.5 1.35113e-15 3.49065e-17 1
5601 1.39363e-15 3.49065e-17 1
5602.5 1.41392e-15 3.49065e-17 1
5604 1.37534e-15 3.49065e-17 1
5605.5 1.33813e-15 3.49065e-17 1
5607 1.33851e-15 3.49065e-17 1
5608.5 1.38976e-15 3.49065e-17 1
5610 1.38746e-15 3.49065e-17 1
5611.5 1.35036e-15 3.49065e-17 1
5613 1.36314e-15 3.49065e-17 1
5614.5 1.38215e-15 3.49065e-17 1
5616 1.37271e-15 3.49065e-17 1
5617.5 1.36072e-15 3.49065e-17 1
5619 1.3294e-15 3.49065e-17 1
5620.5 1.31058e-15 2.44269e-17 1
5622 1.33228e-15 2.44269e-17 1
5623.5 1.31488e-15 2.44269e-17 1
5625 1.29338e-15 2.44269e-17 1
5626.5 1.27539e-15 2.44269e-17 1
5628 1.26715e-15 2.44269e-17 1
5629.5 1.29826e-15 2.44269e-17 1
5631 1.28849e-15 2.44269e-17 1
5632.5 1.30296e-15 2.44269e-17 1
5634 1.31996e-15 2.44269e-17 1
5635.5 1.30076e-15 2.44269e-17 1
5637 1.28584e-15 2.44269e-17 1
5638.5 1.32079e-15 2.44269e-17 1
5640 1.31347e-15 2.44269e-17 1
5641.5 1.25539e-15 2.44269e-17 1
5643 1.26811e-15 2.44269e-17 1
5644.5 1.25186e-15 2.44269e-17 1
5646 1.27928e-15 2.44269e-17 1
5647.5 1.26556e-15 2.44269e-17 1
5649 1.26988e-15 2.44269e-17 1
5650.5 1.26716e-15 2.44269e-17 1
5652 1.2816e-15 2.44269e-17 1
5653.5 1.23966e-15 2.44269e-17 1
5655 1.23045e-15 2.44269e-17 1
5656.5 1.24364e-15 2.44269e-17 1
5658 1.17697e-15 2.44269e-17 1
5659.5 1.22045e-15 2.44269e-17 1
5661 1.25644e-15 2.44269e-17 1
5662.5 1.20781e-15 2.44269e-17 1
5664 1.16901e-15 2.44269e-17 1
5665.5 1.18055e-15 2.44269e-17 1
5667 1.24148e-15 2.44269e-17 1
5668.5 1.23328e-15 2.44269e-17 1
5670 1.27959e-15 2.44269e-17 1
5671.5 1.25051e-15 2.44269e-17 1
5673 1.24348e-15 2.44269e-17 1
5674.5 1.2112e-15 2.44269e-17 1
5676 1.20043e-15 2.44269e-17 1
5677.5 1.22918e-15 2.44269e-17 1
5679 1.18975e-15 2.44269e-17 1
5680.5 1.19512e-15 2.44269e-17 1
5682 1.18219e-15 2.44269e-17 1
5683.5 1.18171e-15 2.44269e-17 1
5685 1.17846e-15 2.44269e-17 1
5686.5 1.14494e-15 2.44269e-17 1
5688 1.1433e-15 2.44269e-17 1
5689.5 1.15766e-15 2.44269e-17 1
5691 1.19324e-15 2.44269e-17 1
5692.5 1.15783e-15 2.44269e-17 1
5694 1.10658e-15 2.44269e-17 1
5695.5 1.13923e-15 2.44269e-17 1
5697 1.14595e-15 2.44269e-17 1
5698.5 1.10674e-15 2.44269e-17 1
5700 1.11296e-15 2.44269e-17 1
5701.5 1.10589e-15 2.44269e-17 1
5703 1.08364e-15 2.44269e-17 1
5704.5 1.09448e-15 2.44269e-17 1
5706 1.08328e-15 2.44269e-17 1
5707.5 1.07696e-15 2.44269e-17 1
5709 1.09617e-15 2.44269e-17 1
5710.5 1.06616e-15 2.44269e-17 1
5712 1.07642e-15 2.44269e-17 1
5713.5 1.06111e-15 2.44269e-17 1
5715 1.0283e-15 2.44269e-17 1
5716.5 1.01705e-15 2.44269e-17 1
5718 1.04106e-15 2.44269e-17 1
5719.5 1.05186e-15 2.44269e-17 1
5721 9.93874e-16 2.69501e-17 1
5722.5 1.04856e-15 2.69501e-17 1
5724 1.06961e-15 2.69501e-17 1
5725.5 1.01456e-15 2.69501e-17 1
5727 1.07182e-15 2.69501e-17 1
5728.5 1.02608e-15 2.69501e-17 1
5730 1.04177e-15 2.69501e-17 1
5731.5 1.03859e-15 2.69501e-17 1
5733 9.76456e-16 2.69501e-17 1
5734.5 9.18152e-16 2.69501e-17 1
5736 9.69988e-16 2.69501e-17 1
5737.5 1.03946e-15 2.69501e-17 1
5739 9.83167e-16 2.69501e-17 1
5740.5 9.51004e-16 2.69501e-17 1
5742 9.70829e-16 2.69501e-17 1
5743.5 9.74765e-16 2.69501e-17 1
5745 9.71908e-16 2.69501e-17 1
5746.5 9.29276e-16 2.69501e-17 1
5748 9.35013e-16 2.69501e-17 1
5749.5 9.41515e-16 2.69501e-17 1
5751 9.43433e-16 2.69501e-17 1
5752.5 9.1318e-16 2.69501e-17 1
5754 9.41438e-16 2.69501e-17 1
5755.5 9.51181e-16 2.69501e-17 1
5757 9.49218e-16 2.69501e-17 1
5758.5 9.37927e-16 2.69501e-17 1
5760 9.00562e-16 2.69501e-17 1
5761.5 8.98435e-16 2.69501e-17 1
5763 9.17314e-16 2.69501e-17 1
5764.5 8.99953e-16 2.69501e-17 1
5766 8.77564e-16 2.69501e-17 1
5767.5 8.45692e-16 2.69501e-17 1
5769 8.1148e-16 2.69501e-17 1
5770.5 8.1942e-16 2.69501e-17 1
5772 8.33525e-16 2.69501e-17 1
5773.5 8.62698e-16 2.69501e-17 1
5775 8.70252e-16 2.69501e-17 1
5776.5 8.25968e-16 2.69501e-17 1
5778 8.50223e-16 2.69501e-17 1
5779.5 8.42893e-16 2.69501e-17 1
5781 8.31014e-16 2.69501e-17 1
5782.5 8.1928e-16 2.69501e-17 1
5784 8.17931e-16 2.69501e-17 1
5785.5 8.17999e-16 2.69501e-17 1
5787 8.53161e-16 2.69501e-17 1
5788.5 8.54481e-16 2.69501e-17 1
5790 8.12638e-16 2.69501e-17 1
5791.5 8.40572e-16 2.69501e-17 1
5793 8.58098e-16 2.69501e-17 1
5794.5 8.3261e-16 2.69501e-17 1
5796 8.03121e-16 2.69501e-17 1
5797.5 7.92899e-16 2.69501e-17 1
5799 7.96157e-16 2.69501e-17 1
5800.5 8.13529e-16 2.69501e-17 1
5802 8.36107e-16 2.69501e-17 1
5803.5 8.03626e-16 2.69501e-17 1
5805 7.5849e-16 2.69501e-17 1
5806.5 7.5777e-16 2.69501e-17 1
5808 8.20085e-16 2.69501e-17 1
5809.5 7.86271e-16 2.69501e-17 1
5811 7.61149e-16 2.69501e-17 1
5812.5 7.75317e-16 2.69501e-17 1
5814 7.71969e-16 2.69501e-17 1
5815.5 7.7103e-16 2.69501e-17 1
5817 8.09446e-16 2.69501e-17 1
5818.5 7.82837e-16 2.69501e-17 1
5820 7.67201e-16 1.95498e-17 1
5821.5 7.69419e-16 1.95498e-17 1
5823 7.77419e-16 1.95498e-17 1
5824.5 7.7728e-16 1.95498e-17 1
5826 7.90675e-16 1.95498e-17 1
5827.5 8.20355e-16 1.95498e-17 1
5829 7.8514e-16 1.95498e-17 1
5830.5 7.59893e-16 1.95498e-17 1
5832 7.62373e-16 1.95498e-17 1
5833.5 7.44939e-16 1.95498e-17 1
5835 7.21873e-16 1.95498e-17 1
5836.5 7.45704e-16 1.95498e-17 1
5838 7.73877e-16 1.95498e-17 1
5839.5 7.78131e-16 1.95498e-17 1
5841 7.86797e-16 1.95498e-17 1
5842.5 7.60816e-16 1.95498e-17 1
5844 7.67729e-16 1.95498e-17 1
5845.5 7.79184e-16 1.95498e-17 1
5847 7.43218e-16 1.95498e-17 1
5848.5 7.54952e-16 1.95498e-17 1
5850 7.74756e-16 1.95498e-17 1
5851.5 7.70852e-16 1.95498e-17 1
5853 7.43468e-16 1.95498e-17 1
5854.5 7.41237e-16 1.95498e-17 1
5856 7.73381e-16 1.95498e-17 1
5857.5 7.8255e-16 1.95498e-17 1
5859 7.56725e-16 1.95498e-17 1
5860.5 7.8018e-16 1.95498e-17 1
5862 7.90492e-16 1.95498e-17 1
5863.5 7.68825e-16 1.95498e-17 1
5865 7.82109e-16 1.95498e-17 1
5866.5 7.816e-16 1.95498e-17 1
5868 7.62691e-16 1.95498e-17 1
5869.5 7.29536e-16 1.95498e-17 1
5871 7.75134e-16 1.95498e-17 1
5872.5 8.14892e-16 1.95498e-17 1
5874 7.81076e-16 1.95498e-17 1
5875.5 7.85517e-16 1.95498e-17 1
5877 8.02437e-16 1.95498e-17 1
5878.5 7.85775e-16 1.95498e-17 1
5880 7.91166e-16 1.95498e-17 1
5881.5 8.03336e-16 1.95498e-17 1
5883 7.75379e-16 1.95498e-17 1
5884.5 7.55557e-16 1.95498e-17 1
5886 7.70108e-16 1.95498e-17 1
5887.5 7.7615e-16 1.95498e-17 1
5889 7.99517e-16 1.95498e-17 1
5890.5 7.9159e-16 1.95498e-17 1
5892 7.88876e-16 1.95498e-17 1
5893.5 7.55833e-16 1.95498e-17 1
5895 7.63666e-16 1.95498e-17 1
5896.5 7.8479e-16 1.95498e-17 1
5898 7.85459e-16 1.95498e-17 1
5899.5 7.93132e-16 1.95498e-17 1
5901 8.11356e-16 1.95498e-17 1
5902.5 8.35829e-16 1.95498e-17 1
5904 8.36639e-16 1.95498e-17 1
5905.5 8.138e-16 1.95498e-17 1
5907 8.134e-16 1.95498e-17 1
5908.5 8.37099e-16 1.95498e-17 1
5910 8.54695e-16 1.95498e-17 1
5911.5 8.41334e-16 1.95498e-17 1
5913 8.07745e-16 1.95498e-17 1
5914.5 8.05745e-16 1.95498e-17 1
5916 8.12363e-16 1.95498e-17 1
5917.5 8.40498e-16 1.95498e-17 1
5919 8.57978e-16 1.95498e-17 1
5920.5 8.71777e-16 3.04164e-17 1
5922 8.75887e-16 3.04164e-17 1
5923.5 9.22251e-16 3.04164e-17 1
5925 8.66666e-16 3.04164e-17 1
5926.5 8.68185e-16 3.04164e-17 1
5928 8.41394e-16 3.04164e-17 1
5929.5 8.4325e-16 3.04164e-17 1
5931 8.92017e-16 3.04164e-17 1
5932.5 9.04162e-16 3.04164e-17 1
5934 8.6622e-16 3.04164e-17 1
5935.5 9.03431e-16 3.04164e-17 1
5937 9.04358e-16 3.04164e-17 1
5938.5 8.67405e-16 3.04164e-17 1
5940 9.41679e-16 3.04164e-17 1
5941.5 9.29592e-16 3.04164e-17 1
5943 9.53602e-16 3.04164e-17 1
5944.5 9.06269e-16 3.04164e-17 1
5946 9.26631e-16 3.04164e-17 1
5947.5 9.6035e-16 3.04164e-17 1
5949 9.71551e-16 3.04164e-17 1
5950.5 9.73337e-16 3.04164e-17 1
5952 1.01766e-15 3.04164e-17 1
5953.5 9.3135e-16 3.04164e-17 1
5955 9.00948e-16 3.04164e-17 1
5956.5 9.62681e-16 3.04164e-17 1
5958 1.00582e-15 3.04164e-17 1
5959.5 1.00384e-15 3.04164e-17 1
5961 9.89866e-16 3.04164e-17 1
5962.5 9.59722e-16 3.04164e-17 1
5964 1.01048e-15 3.04164e-17 1
5965.5 1.03487e-15 3.04164e-17 1
5967 1.079e-15 3.04164e-17 1
5968.5 1.0432e-15 3.04164e-17 1
5970 1.02625e-15 3.04164e-17 1
5971.5 1.03381e-15 3.04164e-17 1
5973 1.05065e-15 3.04164e-17 1
5974.5 1.04463e-15 3.04164e-17 1
5976 1.11385e-15 3.04164e-17 1
5977.5 1.1047e-15 3.04164e-17 1
5979 1.05227e-15 3.04164e-17 1
5980.5 1.05983e-15 3.04164e-17 1
5982 1.06755e-15 3.04164e-17 1
5983.5 1.08088e-15 3.04164e-17 1
5985 1.13406e-15 3.04164e-17 1
5986.5 1.1497e-15 3.04164e-17 1
5988 1.12077e-15 3.04164e-17 1
5989.5 1.11081e-15 3.04164e-17 1
5991 1.11716e-15 3.04164e-17 1
5992.5 1.16059e-15 3.04164e-17 1
5994 1.15754e-15 3.04164e-17 1
5995.5 1.16024e-15 3.04164e-17 1
5997 1.1524e-15 3.04164e-17 1
5998.5 1.16269e-15 3.04164e-17 1
6000 1.15969e-15 3.04164e-17 1
6001.5 1.17634e-15 3.04164e-17 1
6003 1.19107e-15 3.04164e-17 1
6004.5 1.17332e-15 3.04164e-17 1
6006 1.13747e-15 3.04164e-17 1
6007.5 1.15099e-15 3.04164e-17 1
6009 1.18875e-15 3.04164e-17 1
6010.5 1.23221e-15 3.04164e-17 1
6012 1.23592e-15 3.04164e-17 1
6013.5 1.23742e-15 3.04164e-17 1
6015 1.20265e-15 3.04164e-17 1
6016.5 1.27396e-15 3.04164e-17 1
6018 1.24027e-15 3.04164e-17 1
6019.5 1.20189e-15 3.04164e-17 1
6021 1.2407e-15 4.79516e-17 1
6022.5 1.30248e-15 4.79516e-17 1
6024 1.2449e-15 4.79516e-17 1
6025.5 1.23024e-15 4.79516e-17 1
6027 1.24178e-15 4.79516e-17 1
6028.5 1.2504e-15 4.79516e-17 1
6030 1.25574e-15 4.79516e-17 1
6031.5 1.19884e-15 4.79516e-17 1
6033 1.21053e-15 4.79516e-17 1
6034.5 1.22221e-15 4.79516e-17 1
6036 1.23389e-15 4.79516e-17 1
6037.5 1.24557e-15 4.79516e-17 1
6039 1.24557e-15 4.79516e-17 1
6040.5 1.20422e-15 4.79516e-17 1
6042 1.24918e-15 4.79516e-17 1
6043.5 1.26229e-15 4.79516e-17 1
6045 1.2188e-15 4.79516e-17 1
6046.5 1.17198e-15 4.79516e-17 1
6048 1.17165e-15 4.79516e-17 1
6049.5 1.20024e-15 4.79516e-17 1
6051 1.18675e-15 4.79516e-17 1
6052.5 1.17829e-15 4.79516e-17 1
6054 1.20977e-15 4.79516e-17 1
6055.5 1.19893e-15 4.79516e-17 1
6057 1.20246e-15 4.79516e-17 1
6058.5 1.22193e-15 4.79516e-17 1
6060 1.21693e-15 4.79516e-17 1
6061.5 1.21764e-15 4.79516e-17 1
6063 1.20591e-15 4.79516e-17 1
6064.5 1.21138e-15 4.79516e-17 1
6066 1.19995e-15 4.79516e-17 1
6067.5 1.16407e-15 4.79516e-17 1
6069 1.13751e-15 4.79516e-17 1
6070.5 1.1285e-15 4.79516e-17 1
6072 1.1175e-15 4.79516e-17 1
6073.5 1.09836e-15 4.79516e-17 1
6075 1.10672e-15 4.79516e-17 1
6076.5 1.07563e-15 4.79516e-17 1
6078 1.03744e-15 4.79516e-17 1
6079.5 1.03094e-15 4.79516e-17 1
6081 1.00469e-15 4.79516e-17 1
6082.5 1.00952e-15 4.79516e-17 1
6084 1.06226e-15 4.79516e-17 1
6085.5 1.08936e-15 4.79516e-17 1
6087 1.03814e-15 4.79516e-17 1
6088.5 9.89839e-16 4.79516e-17 1
6090 9.98839e-16 4.79516e-17 1
6091.5 9.90454e-16 4.79516e-17 1
6093 1.02366e-15 4.79516e-17 1
6094.5 1.05809e-15 4.79516e-17 1
6096 1.04362e-15 4.79516e-17 1
6097.5 9.95686e-16 4.79516e-17 1
6099 9.71765e-16 4.79516e-17 1
6100.5 1.01842e-15 4.79516e-17 1
6102 1.00106e-15 4.79516e-17 1
6103.5 1.00574e-15 4.79516e-17 1
6105 9.99087e-16 4.79516e-17 1
6106.5 1.01425e-15 4.79516e-17 1
6108 1.02965e-15 4.79516e-17 1
6109.5 1.04176e-15 4.79516e-17 1
6111 1.0423e-15 4.79516e-17 1
6112.5 1.04003e-15 4.79516e-17 1
6114 1.00254e-15 4.79516e-17 1
6115.5 1.03225e-15 4.79516e-17 1
6117 1.03729e-15 4.79516e-17 1
6118.5 1.00596e-15 4.79516e-17 1
6120 1.0154e-15 4.61655e-17 1
6121.5 1.00388e-15 4.61655e-17 1
6123 1.00884e-15 4.61655e-17 1
6124.5 1.05343e-15 4.61655e-17 1
6126 1.05195e-15 4.61655e-17 1
6127.5 1.03446e-15 4.61655e-17 1
6129 1.01029e-15 4.61655e-17 1
6130.5 1.01997e-15 4.61655e-17 1
6132 1.03953e-15 4.61655e-17 1
6133.5 1.05812e-15 4.61655e-17 1
6135 1.02135e-15 4.61655e-17 1
6136.5 9.75946e-16 4.61655e-17 1
6138 9.72072e-16 4.61655e-17 1
6139.5 9.86909e-16 4.61655e-17 1
6141 9.88986e-16 4.61655e-17 1
6142.5 9.76774e-16 4.61655e-17 1
6144 1.01685e-15 4.61655e-17 1
6145.5 1.02518e-15 4.61655e-17 1
6147 9.80276e-16 4.61655e-17 1
6148.5 9.57137e-16 4.61655e-17 1
6150 1.001e-15 4.61655e-17 1
6151.5 1.01325e-15 4.61655e-17 1
6153 9.8541e-16 4.61655e-17 1
6154.5 9.5975e-16 4.61655e-17 1
6156 8.99847e-16 4.61655e-17 1
6157.5 9.26158e-16 4.61655e-17 1
6159 9.07353e-16 4.61655e-17 1
6160.5 8.87078e-16 4.61655e-17 1
6162 8.34549e-16 4.61655e-17 1
6163.5 8.83544e-16 4.61655e-17 1
6165 9.17371e-16 4.61655e-17 1
6166.5 8.5867e-16 4.61655e-17 1
6168 8.36592e-16 4.61655e-17 1
6169.5 8.43824e-16 4.61655e-17 1
6171 8.13239e-16 4.61655e-17 1
6172.5 8.12932e-16 4.61655e-17 1
6174 7.91719e-16 4.61655e-17 1
6175.5 7.97995e-16 4.61655e-17 1
6177 7.84731e-16 4.61655e-17 1
6178.5 7.94547e-16 4.61655e-17 1
6180 7.91268e-16 4.61655e-17 1
6181.5 7.68781e-16 4.61655e-17 1
6183 7.64518e-16 4.61655e-17 1
6184.5 7.31145e-16 4.61655e-17 1
6186 7.47831e-16 4.61655e-17 1
6187.5 7.84608e-16 4.61655e-17 1
6189 7.85653e-16 4.61655e-17 1
6190.5 7.72211e-16 4.61655e-17 1
6192 7.79253e-16 4.61655e-17 1
6193.5 8.24104e-16 4.61655e-17 1
6195 7.91037e-16 4.61655e-17 1
6196.5 7.76566e-16 4.61655e-17 1
6198 8.0993e-16 4.61655e-17 1
6199.5 7.94368e-16 4.61655e-17 1
6201 7.81525e-16 4.61655e-17 1
6202.5 8.03571e-16 4.61655e-17 1
6204 8.26058e-16 4.61655e-17 1
6205.5 8.25519e-16 4.61655e-17 1
6207 7.94172e-16 4.61655e-17 1
6208.5 7.97007e-16 4.61655e-17 1
6210 8.14327e-16 4.61655e-17 1
6211.5 8.24512e-16 4.61655e-17 1
6213 8.3097e-16 4.61655e-17 1
6214.5 8.34477e-16 4.61655e-17 1
6216 8.56281e-16 4.61655e-17 1
6217.5 8.35499e-16 4.61655e-17 1
6219 8.44992e-16 4.61655e-17 1
6220.5 8.50379e-16 4.19506e-17 1
6222 8.88233e-16 4.19506e-17 1
6223.5 9.09801e-16 4.19506e-17 1
6225 8.65946e-16 4.19506e-17 1
6226.5 8.02507e-16 4.19506e-17 1
6228 8.09714e-16 4.19506e-17 1
6229.5 8.68523e-16 4.19506e-17 1
6231 8.56465e-16 4.19506e-17 1
6232.5 8.57438e-16 4.19506e-17 1
6234 8.62372e-16 4.19506e-17 1
6235.5 8.25917e-16 4.19506e-17 1
6237 8.47402e-16 4.19506e-17 1
6238.5 8.75959e-16 4.19506e-17 1
6240 8.6767e-16 4.19506e-17 1
6241.5 8.20603e-16 4.19506e-17 1
6243 8.41977e-16 4.19506e-17 1
6244.5 8.36899e-16 4.19506e-17 1
6246 8.54934e-16 4.19506e-17 1
6247.5 8.7691e-16 4.19506e-17 1
6249 8.62435e-16 4.19506e-17 1
6250.5 8.61279e-16 4.19506e-17 1
6252 8.57456e-16 4.19506e-17 1
6253.5 8.03455e-16 4.19506e-17 1
6255 8.08763e-16 4.19506e-17 1
6256.5 8.5719e-16 4.19506e-17 1
6258 8.23249e-16 4.19506e-17 1
6259.5 7.81506e-16 4.19506e-17 1
6261 7.67092e-16 4.19506e-17 1
6262.5 7.4534e-16 4.19506e-17 1
6264 7.82695e-16 4.19506e-17 1
6265.5 8.12497e-16 4.19506e-17 1
6267 8.0128e-16 4.19506e-17 1
6268.5 7.9173e-16 4.19506e-17 1
6270 8.03676e-16 4.19506e-17 1
6271.5 7.71374e-16 4.19506e-17 1
6273 7.24187e-16 4.19506e-17 1
6274.5 7.11931e-16 4.19506e-17 1
6276 6.85347e-16 4.19506e-17 1
6277.5 6.52784e-16 4.19506e-17 1
6279 6.6959e-16 4.19506e-17 1
6280.5 7.10243e-16 4.19506e-17 1
6282 7.27284e-16 4.19506e-17 1
6283.5 7.51314e-16 4.19506e-17 1
6285 7.41426e-16 4.19506e-17 1
6286.5 7.01245e-16 4.19506e-17 1
6288 6.87383e-16 4.19506e-17 1
6289.5 6.98839e-16 4.19506e-17 1
6291 7.17235e-16 4.19506e-17 1
6292.5 7.24411e-16 4.19506e-17 1
6294 6.94079e-16 4.19506e-17 1
6295.5 7.11692e-16 4.19506e-17 1
6297 6.73999e-16 4.19506e-17 1
6298.5 6.27774e-16 4.19506e-17 1
6300 7.38866e-16 4.19506e-17 1
6301.5 7.14421e-16 4.19506e-17 1
6303 6.20124e-16 4.19506e-17 1
6304.5 6.82673e-16 4.19506e-17 1
6306 6.82968e-16 4.19506e-17 1
6307.5 7.08984e-16 4.19506e-17 1
6309 7.48814e-16 4.19506e-17 1
6310.5 7.47329e-16 4.19506e-17 1
6312 7.07135e-16 4.19506e-17 1
6313.5 6.85003e-16 4.19506e-17 1
6315 7.19776e-16 4.19506e-17 1
6316.5 7.70653e-16 4.19506e-17 1
6318 7.23334e-16 4.19506e-17 1
6319.5 7.46726e-16 4.19506e-17 1
6321 7.44164e-16 3.23188e-17 1
6322.5 7.59715e-16 3.23188e-17 1
6324 7.5951e-16 3.23188e-17 1
6325.5 7.02741e-16 3.23188e-17 1
6327 7.13302e-16 3.23188e-17 1
6328.5 7.55385e-16 3.23188e-17 1
6330 7.54951e-16 3.23188e-17 1
6331.5 7.27963e-16 3.23188e-17 1
6333 7.57911e-16 3.23188e-17 1
6334.5 7.50353e-16 3.23188e-17 1
6336 7.53243e-16 3.23188e-17 1
6337.5 7.64242e-16 3.23188e-17 1
6339 7.61526e-16 3.23188e-17 1
6340.5 7.72357e-16 3.23188e-17 1
6342 7.4919e-16 3.23188e-17 1
6343.5 7.45686e-16 3.23188e-17 1
6345 7.28212e-16 3.23188e-17 1
6346.5 7.35236e-16 3.23188e-17 1
6348 7.43703e-16 3.23188e-17 1
6349.5 7.27618e-16 3.23188e-17 1
6351 7.14332e-16 3.23188e-17 1
6352.5 7.24806e-16 3.23188e-17 1
6354 7.04471e-16 3.23188e-17 1
6355.5 6.5946e-16 3.23188e-17 1
6357 6.82614e-16 3.23188e-17 1
6358.5 7.28593e-16 3.23188e-17 1
6360 7.75956e-16 3.23188e-17 1
6361.5 7.51754e-16 3.23188e-17 1
6363 7.44967e-16 3.23188e-17 1
6364.5 7.4152e-16 3.23188e-17 1
6366 7.45238e-16 3.23188e-17 1
6367.5 7.07554e-16 3.23188e-17 1
6369 6.61001e-16 3.23188e-17 1
6370.5 6.91851e-16 3.23188e-17 1
6372 6.85429e-16 3.23188e-17 1
6373.5 7.28762e-16 3.23188e-17 1
6375 6.93031e-16 3.23188e-17 1
6376.5 6.64323e-16 3.23188e-17 1
6378 6.63034e-16 3.23188e-17 1
6379.5 7.34191e-16 3.23188e-17 1
6381 7.00559e-16 3.23188e-17 1
6382.5 6.14157e-16 3.23188e-17 1
6384 6.89887e-16 3.23188e-17 1
6385.5 6.22606e-16 3.23188e-17 1
6387 6.50394e-16 3.23188e-17 1
6388.5 7.15408e-16 3.23188e-17 1
6390 6.72218e-16 3.23188e-17 1
6391.5 6.68713e-16 3.23188e-17 1
6393 6.63334e-16 3.23188e-17 1
6394.5 6.49274e-16 3.23188e-17 1
6396 7.48532e-16 3.23188e-17 1
6397.5 7.39354e-16 3.23188e-17 1
6399 7.02573e-16 3.23188e-17 1
6400.5 6.70909e-16 3.23188e-17 1
6402 7.07925e-16 3.23188e-17 1
6403.5 7.21828e-16 3.23188e-17 1
6405 7.34416e-16 3.23188e-17 1
6406.5 7.26115e-16 3.23188e-17 1
6408 7.10506e-16 3.23188e-17 1
6409.5 7.30224e-16 3.23188e-17 1
6411 7.54347e-16 3.23188e-17 1
6412.5 7.61657e-16 3.23188e-17 1
6414 7.52314e-16 3.23188e-17 1
6415.5 7.18203e-16 3.23188e-17 1
6417 7.3132e-16 3.23188e-17 1
6418.5 7.81058e-16 3.23188e-17 1
6420 7.70855e-16 2.31162e-17 1
6421.5 7.89406e-16 2.31162e-17 1
6423 8.1927e-16 2.31162e-17 1
6424.5 8.02538e-16 2.31162e-17 1
6426 8.12591e-16 2.31162e-17 1
6427.5 7.91387e-16 2.31162e-17 1
6429 7.75221e-16 2.31162e-17 1
6430.5 8.0156e-16 2.31162e-17 1
6432 8.2446e-16 2.31162e-17 1
6433.5 8.21326e-16 2.31162e-17 1
6435 8.39467e-16 2.31162e-17 1
6436.5 8.00305e-16 2.31162e-17 1
6438 7.86923e-16 2.31162e-17 1
6439.5 7.92768e-16 2.31162e-17 1
6441 8.22618e-16 2.31162e-17 1
6442.5 8.57122e-16 2.31162e-17 1
6444 8.32133e-16 2.31162e-17 1
6445.5 8.13187e-16 2.31162e-17 1
6447 8.45809e-16 2.31162e-17 1
6448.5 8.30649e-16 2.31162e-17 1
6450 8.02651e-16 2.31162e-17 1
6451.5 8.54681e-16 2.31162e-17 1
6453 8.86054e-16 2.31162e-17 1
6454.5 8.28235e-16 2.31162e-17 1
6456 8.39915e-16 2.31162e-17 1
6457.5 8.73904e-16 2.31162e-17 1
6459 8.52681e-16 2.31162e-17 1
6460.5 8.59494e-16 2.31162e-17 1
6462 8.79711e-16 2.31162e-17 1
6463.5 8.67986e-16 2.31162e-17 1
6465 8.61301e-16 2.31162e-17 1
6466.5 8.45537e-16 2.31162e-17 1
6468 8.92511e-16 2.31162e-17 1
6469.5 9.20253e-16 2.31162e-17 1
6471 9.3778e-16 2.31162e-17 1
6472.5 9.597e-16 2.31162e-17 1
6474 9.38315e-16 2.31162e-17 1
6475.5 8.93317e-16 2.31162e-17 1
6477 9.0449e-16 2.31162e-17 1
6478.5 9.5555e-16 2.31162e-17 1
6480 9.26711e-16 2.31162e-17 1
6481.5 9.00101e-16 2.31162e-17 1
6483 9.19705e-16 2.31162e-17 1
6484.5 9.23461e-16 2.31162e-17 1
6486 9.16912e-16 2.31162e-17 1
6487.5 9.25018e-16 2.31162e-17 1
6489 9.2843e-16 2.31162e-17 1
6490.5 9.36813e-16 2.31162e-17 1
6492 9.37338e-16 2.31162e-17 1
6493.5 9.31863e-16 2.31162e-17 1
6495 9.59626e-16 2.31162e-17 1
6496.5 9.53251e-16 2.31162e-17 1
6498 9.52819e-16 2.31162e-17 1
6499.5 9.63775e-16 2.31162e-17 1
6501 9.4834e-16 2.31162e-17 1
6502.5 9.66996e-16 2.31162e-17 1
6504 9.73423e-16 2.31162e-17 1
6505.5 1.00694e-15 2.31162e-17 1
6507 1.01664e-15 2.31162e-17 1
6508.5 9.84535e-16 2.31162e-17 1
6510 9.75074e-16 2.31162e-17 1
6511.5 9.93807e-16 2.31162e-17 1
6513 9.97413e-16 2.31162e-17 1
6514.5 9.82411e-16 2.31162e-17 1
6516 9.59059e-16 2.31162e-17 1
6517.5 9.37317e-16 2.31162e-17 1
6519 9.81622e-16 2.31162e-17 1
6520.5 1.01009e-15 2.65552e-17 1
6522 9.61607e-16 2.65552e-17 1
6523.5 9.66098e-16 2.65552e-17 1
6525 1.03719e-15 2.65552e-17 1
6526.5 9.78533e-16 2.65552e-17 1
6528 9.98223e-16 2.65552e-17 1
6529.5 9.43274e-16 2.65552e-17 1
6531 9.48532e-16 2.65552e-17 1
6532.5 9.43956e-16 2.65552e-17 1
6534 9.77477e-16 2.65552e-17 1
6535.5 1.05371e-15 2.65552e-17 1
6537 1.00676e-15 2.65552e-17 1
6538.5 9.9667e-16 2.65552e-17 1
6540 1.01138e-15 2.65552e-17 1
6541.5 9.69326e-16 2.65552e-17 1
6543 9.79523e-16 2.65552e-17 1
6544.5 9.80034e-16 2.65552e-17 1
6546 9.97994e-16 2.65552e-17 1
6547.5 1.01268e-15 2.65552e-17 1
6549 9.89351e-16 2.65552e-17 1
6550.5 9.39981e-16 2.65552e-17 1
6552 9.60529e-16 2.65552e-17 1
6553.5 9.7419e-16 2.65552e-17 1
6555 1.01445e-15 2.65552e-17 1
6556.5 1.02242e-15 2.65552e-17 1
6558 9.9153e-16 2.65552e-17 1
6559.5 9.76784e-16 2.65552e-17 1
6561 9.42935e-16 2.65552e-17 1
6562.5 9.87088e-16 2.65552e-17 1
6564 1.0254e-15 2.65552e-17 1
6565.5 9.80457e-16 2.65552e-17 1
6567 9.67027e-16 2.65552e-17 1
6568.5 9.81267e-16 2.65552e-17 1
6570 9.97082e-16 2.65552e-17 1
6571.5 1.01296e-15 2.65552e-17 1
6573 1.03722e-15 2.65552e-17 1
6574.5 1.01148e-15 2.65552e-17 1
6576 9.89219e-16 2.65552e-17 1
6577.5 1.01603e-15 2.65552e-17 1
6579 1.03597e-15 2.65552e-17 1
6580.5 1.01414e-15 2.65552e-17 1
6582 9.98636e-16 2.65552e-17 1
6583.5 1.01477e-15 2.65552e-17 1
6585 1.02344e-15 2.65552e-17 1
6586.5 1.01491e-15 2.65552e-17 1
6588 9.9398e-16 2.65552e-17 1
6589.5 9.57726e-16 2.65552e-17 1
6591 9.43412e-16 2.65552e-17 1
6592.5 9.95634e-16 2.65552e-17 1
6594 9.97147e-16 2.65552e-17 1
6595.5 1.00602e-15 2.65552e-17 1
6597 9.73161e-16 2.65552e-17 1
6598.5 1.00216e-15 2.65552e-17 1
6600 1.00992e-15 2.65552e-17 1
6601.5 1.02496e-15 2.65552e-17 1
6603 1.00587e-15 2.65552e-17 1
6604.5 1.02319e-15 2.65552e-17 1
6606 9.99128e-16 2.65552e-17 1
6607.5 1.00885e-15 2.65552e-17 1
6609 1.02317e-15 2.65552e-17 1
6610.5 9.33366e-16 2.65552e-17 1
6612 1.0046e-15 2.65552e-17 1
6613.5 1.03299e-15 2.65552e-17 1
6615 1.03648e-15 2.65552e-17 1
6616.5 9.88532e-16 2.65552e-17 1
6618 1.01156e-15 2.65552e-17 1
6619.5 1.02708e-15 2.65552e-17 1
6621 1.00094e-15 2.85926e-17 1
6622.5 1.02446e-15 2.85926e-17 1
6624 1.03226e-15 2.85926e-17 1
6625.5 1.00081e-15 2.85926e-17 1
6627 1.00239e-15 2.85926e-17 1
6628.5 1.00845e-15 2.85926e-17 1
6630 9.89108e-16 2.85926e-17 1
6631.5 1.01898e-15 2.85926e-17 1
6633 1.01782e-15 2.85926e-17 1
6634.5 1.01374e-15 2.85926e-17 1
6636 9.93331e-16 2.85926e-17 1
6637.5 9.67207e-16 2.85926e-17 1
6639 9.61383e-16 2.85926e-17 1
6640.5 9.82238e-16 2.85926e-17 1
6642 1.03496e-15 2.85926e-17 1
6643.5 1.05894e-15 2.85926e-17 1
6645 1.03321e-15 2.85926e-17 1
6646.5 1.00875e-15 2.85926e-17 1
6648 9.97863e-16 2.85926e-17 1
6649.5 9.773e-16 2.85926e-17 1
6651 9.86524e-16 2.85926e-17 1
6652.5 1.03221e-15 2.85926e-17 1
6654 1.03747e-15 2.85926e-17 1
6655.5 1.00683e-15 2.85926e-17 1
6657 1.00402e-15 2.85926e-17 1
6658.5 1.03496e-15 2.85926e-17 1
6660 1.0496e-15 2.85926e-17 1
6661.5 1.05461e-15 2.85926e-17 1
6663 1.04542e-15 2.85926e-17 1
6664.5 9.90732e-16 2.85926e-17 1
6666 9.70266e-16 2.85926e-17 1
6667.5 1.00007e-15 2.85926e-17 1
6669 9.84029e-16 2.85926e-17 1
6670.5 9.62308e-16 2.85926e-17 1
6672 9.74244e-16 2.85926e-17 1
6673.5 9.70744e-16 2.85926e-17 1
6675 9.65535e-16 2.85926e-17 1
6676.5 1.02865e-15 2.85926e-17 1
6678 1.0322e-15 2.85926e-17 1
6679.5 9.86381e-16 2.85926e-17 1
6681 1.00372e-15 2.85926e-17 1
6682.5 9.83726e-16 2.85926e-17 1
6684 9.60575e-16 2.85926e-17 1
6685.5 1.00631e-15 2.85926e-17 1
6687 1.02687e-15 2.85926e-17 1
6688.5 1.0507e-15 2.85926e-17 1
6690 1.08686e-15 2.85926e-17 1
6691.5 1.04789e-15 2.85926e-17 1
6693 1.01407e-15 2.85926e-17 1
6694.5 1.02017e-15 2.85926e-17 1
6696 1.00866e-15 2.85926e-17 1
6697.5 1.00779e-15 2.85926e-17 1
6699 1.02034e-15 2.85926e-17 1
6700.5 1.01e-15 2.85926e-17 1
6702 9.90615e-16 2.85926e-17 1
6703.5 9.84516e-16 2.85926e-17 1
6705 9.8175e-16 2.85926e-17 1
6706.5 9.84121e-16 2.85926e-17 1
6708 1.00254e-15 2.85926e-17 1
6709.5 9.91207e-16 2.85926e-17 1
6711 9.95653e-16 2.85926e-17 1
6712.5 1.00852e-15 2.85926e-17 1
6714 1.005e-15 2.85926e-17 1
6715.5 1.00633e-15 2.85926e-17 1
6717 9.95696e-16 2.85926e-17 1
6718.5 1.00933e-15 2.85926e-17 1
6720 9.87426e-16 8.44352e-17 1
6721.5 9.60733e-16 8.44352e-17 1
6723 9.89262e-16 8.44352e-17 1
6724.5 1.02925e-15 8.44352e-17 1
6726 1.01458e-15 8.44352e-17 1
6727.5 1.02484e-15 8.44352e-17 1
6729 1.02188e-15 8.44352e-17 1
6730.5 9.72939e-16 8.44352e-17 1
6732 9.59435e-16 8.44352e-17 1
6733.5 9.81791e-16 8.44352e-17 1
6735 9.42805e-16 8.44352e-17 1
6736.5 9.71515e-16 8.44352e-17 1
6738 1.065e-15 8.44352e-17 1
6739.5 1.17236e-15 8.44352e-17 1
6741 1.31488e-15 8.44352e-17 1
6742.5 1.33993e-15 8.44352e-17 1
6744 1.29662e-15 8.44352e-17 1
6745.5 1.17639e-15 8.44352e-17 1
6747 1.03138e-15 8.44352e-17 1
6748.5 9.35184e-16 8.44352e-17 1
6750 8.93008e-16 8.44352e-17 1
6751.5 8.92781e-16 8.44352e-17 1
6753 9.5351e-16 8.44352e-17 1
6754.5 8.97225e-16 8.44352e-17 1
6756 9.05073e-16 8.44352e-17 1
6757.5 9.18587e-16 8.44352e-17 1
6759 9.27485e-16 8.44352e-17 1
6760.5 9.90359e-16 8.44352e-17 1
6762 1.06867e-15 8.44352e-17 1
6763.5 1.13677e-15 8.44352e-17 1
6765 1.08523e-15 8.44352e-17 1
6766.5 1.02665e-15 8.44352e-17 1
6768 9.58653e-16 8.44352e-17 1
6769.5 9.0564e-16 8.44352e-17 1
6771 9.11881e-16 8.44352e-17 1
6772.5 9.15692e-16 8.44352e-17 1
6774 8.87365e-16 8.44352e-17 1
6775.5 8.62188e-16 8.44352e-17 1
6777 8.55179e-16 8.44352e-17 1
6778.5 8.53206e-16 8.44352e-17 1
6780 8.64254e-16 8.44352e-17 1
6781.5 8.9217e-16 8.44352e-17 1
6783 8.95564e-16 8.44352e-17 1
6784.5 8.88359e-16 8.44352e-17 1
6786 8.6854e-16 8.44352e-17 1
6787.5 8.42887e-16 8.44352e-17 1
6789 8.36002e-16 8.44352e-17 1
6790.5 8.30607e-16 8.44352e-17 1
6792 8.73629e-16 8.44352e-17 1
6793.5 8.48842e-16 8.44352e-17 1
6795 8.45222e-16 8.44352e-17 1
6796.5 8.36284e-16 8.44352e-17 1
6798 8.35812e-16 8.44352e-17 1
6799.5 8.4652e-16 8.44352e-17 1
6801 8.48621e-16 8.44352e-17 1
6802.5 8.49416e-16 8.44352e-17 1
6804 7.90345e-16 8.44352e-17 1
6805.5 8.34863e-16 8.44352e-17 1
6807 8.277e-16 8.44352e-17 1
6808.5 7.64046e-16 8.44352e-17 1
6810 8.52722e-16 8.44352e-17 1
6811.5 8.26986e-16 8.44352e-17 1
6813 8.05465e-16 8.44352e-17 1
6814.5 8.15345e-16 8.44352e-17 1
6816 8.15177e-16 8.44352e-17 1
6817.5 7.87513e-16 8.44352e-17 1
6819 7.77467e-16 8.44352e-17 1
6820.5 8.27766e-16 3.91975e-17 1
6822 8.27197e-16 3.91975e-17 1
6823.5 8.15006e-16 3.91975e-17 1
6825 8.30844e-16 3.91975e-17 1
6826.5 7.78111e-16 3.91975e-17 1
6828 7.59384e-16 3.91975e-17 1
6829.5 7.66029e-16 3.91975e-17 1
6831 8.52384e-16 3.91975e-17 1
6832.5 8.48348e-16 3.91975e-17 1
6834 7.94944e-16 3.91975e-17 1
6835.5 7.85688e-16 3.91975e-17 1
6837 7.79622e-16 3.91975e-17 1
6838.5 7.72619e-16 3.91975e-17 1
6840 7.51975e-16 3.91975e-17 1
6841.5 7.51897e-16 3.91975e-17 1
6843 7.2973e-16 3.91975e-17 1
6844.5 7.30847e-16 3.91975e-17 1
6846 7.63187e-16 3.91975e-17 1
6847.5 7.50869e-16 3.91975e-17 1
6849 7.1397e-16 3.91975e-17 1
6850.5 7.2845e-16 3.91975e-17 1
6852 7.41822e-16 3.91975e-17 1
6853.5 7.09619e-16 3.91975e-17 1
6855 6.97178e-16 3.91975e-17 1
6856.5 7.12121e-16 3.91975e-17 1
6858 7.47725e-16 3.91975e-17 1
6859.5 8.05417e-16 3.91975e-17 1
6861 8.12956e-16 3.91975e-17 1
6862.5 7.57071e-16 3.91975e-17 1
6864 7.19101e-16 3.91975e-17 1
6865.5 7.24281e-16 3.91975e-17 1
6867 7.07513e-16 3.91975e-17 1
6868.5 7.03636e-16 3.91975e-17 1
6870 6.56092e-16 3.91975e-17 1
6871.5 6.35403e-16 3.91975e-17 1
6873 6.84709e-16 3.91975e-17 1
6874.5 7.2529e-16 3.91975e-17 1
6876 7.1007e-16 3.91975e-17 1
6877.5 6.89468e-16 3.91975e-17 1
6879 7.06397e-16 3.91975e-17 1
6880.5 7.23018e-16 3.91975e-17 1
6882 6.79799e-16 3.91975e-17 1
6883.5 6.78689e-16 3.91975e-17 1
6885 6.54125e-16 3.91975e-17 1
6886.5 6.34716e-16 3.91975e-17 1
6888 6.19005e-16 3.91975e-17 1
6889.5 6.27626e-16 3.91975e-17 1
6891 6.32077e-16 3.91975e-17 1
6892.5 6.04854e-16 3.91975e-17 1
6894 6.38524e-16 3.91975e-17 1
6895.5 6.51392e-16 3.91975e-17 1
6897 6.59426e-16 3.91975e-17 1
6898.5 7.02504e-16 3.91975e-17 1
6900 7.75498e-16 3.91975e-17 1
6901.5 7.16678e-16 3.91975e-17 1
6903 6.36561e-16 3.91975e-17 1
6904.5 6.09469e-16 3.91975e-17 1
6906 6.00081e-16 3.91975e-17 1
6907.5 6.11493e-16 3.91975e-17 1
6909 6.15656e-16 3.91975e-17 1
6910.5 6.27813e-16 3.91975e-17 1
6912 6.73193e-16 3.91975e-17 1
6913.5 6.89794e-16 3.91975e-17 1
6915 6.84062e-16 3.91975e-17 1
6916.5 6.56498e-16 3.91975e-17 1
6918 6.3297e-16 3.91975e-17 1
6919.5 6.50307e-16 3.91975e-17 1
6921 6.21554e-16 2.6494e-17 1
6922.5 5.77141e-16 2.6494e-17 1
6924 5.8702e-16 2.6494e-17 1
6925.5 5.98921e-16 2.6494e-17 1
6927 6.04533e-16 2.6494e-17 1
6928.5 5.99686e-16 2.6494e-17 1
6930 5.7109e-16 2.6494e-17 1
6931.5 5.69084e-16 2.6494e-17 1
6933 5.72801e-16 2.6494e-17 1
6934.5 5.64644e-16 2.6494e-17 1
6936 5.82962e-16 2.6494e-17 1
6937.5 5.99191e-16 2.6494e-17 1
6939 6.1593e-16 2.6494e-17 1
6940.5 6.02816e-16 2.6494e-17 1
6942 5.76271e-16 2.6494e-17 1
6943.5 5.78231e-16 2.6494e-17 1
6945 5.7774e-16 2.6494e-17 1
6946.5 5.52535e-16 2.6494e-17 1
6948 5.4768e-16 2.6494e-17 1
6949.5 5.14585e-16 2.6494e-17 1
6951 5.00511e-16 2.6494e-17 1
6952.5 5.63632e-16 2.6494e-17 1
6954 5.54047e-16 2.6494e-17 1
6955.5 5.44508e-16 2.6494e-17 1
6957 5.47976e-16 2.6494e-17 1
6958.5 5.28987e-16 2.6494e-17 1
6960 5.56219e-16 2.6494e-17 1
6961.5 5.65599e-16 2.6494e-17 1
6963 4.90597e-16 2.6494e-17 1
6964.5 4.59667e-16 2.6494e-17 1
6966 5.48355e-16 2.6494e-17 1
6967.5 5.78447e-16 2.6494e-17 1
6969 5.86917e-16 2.6494e-17 1
6970.5 5.92901e-16 2.6494e-17 1
6972 5.29933e-16 2.6494e-17 1
6973.5 5.21612e-16 2.6494e-17 1
6975 5.73861e-16 2.6494e-17 1
6976.5 5.36264e-16 2.6494e-17 1
6978 5.22308e-16 2.6494e-17 1
6979.5 5.50835e-16 2.6494e-17 1
6981 5.01429e-16 2.6494e-17 1
6982.5 4.93499e-16 2.6494e-17 1
6984 5.20803e-16 2.6494e-17 1
6985.5 5.36158e-16 2.6494e-17 1
6987 5.54743e-16 2.6494e-17 1
6988.5 5.47133e-16 2.6494e-17 1
6990 5.49351e-16 2.6494e-17 1
6991.5 5.4916e-16 2.6494e-17 1
6993 5.65664e-16 2.6494e-17 1
6994.5 5.77086e-16 2.6494e-17 1
6996 5.7614e-16 2.6494e-17 1
6997.5 5.6959e-16 2.6494e-17 1
6999 5.40888e-16 2.6494e-17 1
7000.5 5.38658e-16 2.6494e-17 1
7002 5.75326e-16 2.6494e-17 1
7003.5 5.76236e-16 2.6494e-17 1
7005 5.34552e-16 2.6494e-17 1
7006.5 5.31113e-16 2.6494e-17 1
7008 5.62572e-16 2.6494e-17 1
7009.5 5.38619e-16 2.6494e-17 1
7011 5.56993e-16 2.6494e-17 1
7012.5 5.20697e-16 2.6494e-17 1
7014 4.95603e-16 2.6494e-17 1
7015.5 5.48147e-16 2.6494e-17 1
7017 5.64215e-16 2.6494e-17 1
7018.5 5.42835e-16 2.6494e-17 1
7020 5.1569e-16 2.82923e-17 1
7021.5 5.02439e-16 2.82923e-17 1
7023 4.96027e-16 2.82923e-17 1
7024.5 5.21469e-16 2.82923e-17 1
7026 5.36237e-16 2.82923e-17 1
7027.5 5.00299e-16 2.82923e-17 1
7029 5.43042e-16 2.82923e-17 1
7030.5 5.30008e-16 2.82923e-17 1
7032 5.20376e-16 2.82923e-17 1
7033.5 5.72147e-16 2.82923e-17 1
7035 5.6237e-16 2.82923e-17 1
7036.5 5.69479e-16 2.82923e-17 1
7038 5.7408e-16 2.82923e-17 1
7039.5 5.3759e-16 2.82923e-17 1
7041 5.74149e-16 2.82923e-17 1
7042.5 5.28827e-16 2.82923e-17 1
7044 5.42651e-16 2.82923e-17 1
7045.5 5.29797e-16 2.82923e-17 1
7047 5.58539e-16 2.82923e-17 1
7048.5 5.68372e-16 2.82923e-17 1
7050 5.23002e-16 2.82923e-17 1
7051.5 5.2741e-16 2.82923e-17 1
7053 4.88527e-16 2.82923e-17 1
7054.5 5.03725e-16 2.82923e-17 1
7056 5.40245e-16 2.82923e-17 1
7057.5 5.4918e-16 2.82923e-17 1
7059 5.2112e-16 2.82923e-17 1
7060.5 5.403e-16 2.82923e-17 1
7062 5.56963e-16 2.82923e-17 1
7063.5 5.69375e-16 2.82923e-17 1
7065 5.81134e-16 2.82923e-17 1
7066.5 6.02955e-16 2.82923e-17 1
7068 6.00274e-16 2.82923e-17 1
7069.5 5.69066e-16 2.82923e-17 1
7071 5.23954e-16 2.82923e-17 1
7072.5 4.88333e-16 2.82923e-17 1
7074 4.92928e-16 2.82923e-17 1
7075.5 5.17232e-16 2.82923e-17 1
7077 5.23264e-16 2.82923e-17 1
7078.5 5.28632e-16 2.82923e-17 1
7080 5.10352e-16 2.82923e-17 1
7081.5 5.06168e-16 2.82923e-17 1
7083 5.45945e-16 2.82923e-17 1
7084.5 5.45064e-16 2.82923e-17 1
7086 5.18471e-16 2.82923e-17 1
7087.5 5.08907e-16 2.82923e-17 1
7089 5.22198e-16 2.82923e-17 1
7090.5 5.33467e-16 2.82923e-17 1
7092 4.93597e-16 2.82923e-17 1
7093.5 4.72546e-16 2.82923e-17 1
7095 5.15522e-16 2.82923e-17 1
7096.5 5.78197e-16 2.82923e-17 1
7098 5.14051e-16 2.82923e-17 1
7099.5 5.38923e-16 2.82923e-17 1
7101 5.20674e-16 2.82923e-17 1
7102.5 5.36844e-16 2.82923e-17 1
7104 5.50126e-16 2.82923e-17 1
7105.5 5.48316e-16 2.82923e-17 1
7107 5.35633e-16 2.82923e-17 1
7108.5 4.96092e-16 2.82923e-17 1
7110 5.82605e-16 2.82923e-17 1
7111.5 5.14071e-16 2.82923e-17 1
7113 5.21956e-16 2.82923e-17 1
7114.5 5.56121e-16 2.82923e-17 1
7116 5.46515e-16 2.82923e-17 1
7117.5 5.54033e-16 2.82923e-17 1
7119 5.27951e-16 2.82923e-17 1
7120.5 5.15406e-16 2.5006e-17 1
7122 5.09561e-16 2.5006e-17 1
7123.5 5.60026e-16 2.5006e-17 1
7125 5.8048e-16 2.5006e-17 1
7126.5 5.53615e-16 2.5006e-17 1
7128 5.27435e-16 2.5006e-17 1
7129.5 5.50392e-16 2.5006e-17 1
7131 5.59453e-16 2.5006e-17 1
7132.5 5.35149e-16 2.5006e-17 1
7134 4.94954e-16 2.5006e-17 1
7135.5 4.9258e-16 2.5006e-17 1
7137 4.74749e-16 2.5006e-17 1
7138.5 4.91733e-16 2.5006e-17 1
7140 5.12354e-16 2.5006e-17 1
7141.5 5.2423e-16 2.5006e-17 1
7143 5.35041e-16 2.5006e-17 1
7144.5 5.22502e-16 2.5006e-17 1
7146 5.0414e-16 2.5006e-17 1
7147.5 4.81629e-16 2.5006e-17 1
7149 4.49068e-16 2.5006e-17 1
7150.5 4.6593e-16 2.5006e-17 1
7152 4.73381e-16 2.5006e-17 1
7153.5 4.76603e-16 2.5006e-17 1
7155 4.93536e-16 2.5006e-17 1
7156.5 5.04877e-16 2.5006e-17 1
7158 5.00363e-16 2.5006e-17 1
7159.5 5.07618e-16 2.5006e-17 1
7161 5.22943e-16 2.5006e-17 1
7162.5 5.15044e-16 2.5006e-17 1
7164 5.07145e-16 2.5006e-17 1
7165.5 4.99245e-16 2.5006e-17 1
7167 4.91346e-16 2.5006e-17 1
7168.5 4.91346e-16 2.5006e-17 1
7170 4.8109e-16 2.5006e-17 1
7171.5 5.18415e-16 2.5006e-17 1
7173 5.34937e-16 2.5006e-17 1
7174.5 5.14105e-16 2.5006e-17 1
7176 4.9485e-16 2.5006e-17 1
7177.5 5.4519e-16 2.5006e-17 1
7179 5.27941e-16 2.5006e-17 1
7180.5 4.93452e-16 2.5006e-17 1
7182 4.23018e-16 2.5006e-17 1
7183.5 4.8136e-16 2.5006e-17 1
7185 5.26177e-16 2.5006e-17 1
7186.5 4.91122e-16 2.5006e-17 1
7188 4.67798e-16 2.5006e-17 1
7189.5 5.19396e-16 2.5006e-17 1
7191 5.02768e-16 2.5006e-17 1
7192.5 4.87742e-16 2.5006e-17 1
7194 5.26717e-16 2.5006e-17 1
7195.5 5.36854e-16 2.5006e-17 1
7197 4.9046e-16 2.5006e-17 1
7198.5 4.87049e-16 2.5006e-17 1
7200 4.79339e-16 2.5006e-17 1
7201.5 4.76228e-16 2.5006e-17 1
7203 5.05625e-16 2.5006e-17 1
7204.5 5.0121e-16 2.5006e-17 1
7206 4.79507e-16 2.5006e-17 1
7207.5 4.83894e-16 2.5006e-17 1
7209 5.01909e-16 2.5006e-17 1
7210.5 4.93792e-16 2.5006e-17 1
7212 4.8631e-16 2.5006e-17 1
7213.5 4.86558e-16 2.5006e-17 1
7215 4.67727e-16 2.5006e-17 1
7216.5 4.88708e-16 2.5006e-17 1
7218 5.10865e-16 2.5006e-17 1
7219.5 4.85837e-16 2.5006e-17 1
7221 4.73114e-16 3.41087e-17 1
7222.5 4.90781e-16 3.41087e-17 1
7224 5.16519e-16 3.41087e-17 1
7225.5 5.10806e-16 3.41087e-17 1
7227 4.88341e-16 3.41087e-17 1
7228.5 4.79049e-16 3.41087e-17 1
7230 4.89081e-16 3.41087e-17 1
7231.5 5.24169e-16 3.41087e-17 1
7233 5.41234e-16 3.41087e-17 1
7234.5 5.37785e-16 3.41087e-17 1
7236 5.87672e-16 3.41087e-17 1
7237.5 6.21489e-16 3.41087e-17 1
7239 5.29847e-16 3.41087e-17 1
7240.5 5.49296e-16 3.41087e-17 1
7242 6.12858e-16 3.41087e-17 1
7243.5 5.18843e-16 3.41087e-17 1
7245 5.27314e-16 3.41087e-17 1
7246.5 5.57381e-16 3.41087e-17 1
7248 4.96024e-16 3.41087e-17 1
7249.5 4.86939e-16 3.41087e-17 1
7251 5.30432e-16 3.41087e-17 1
7252.5 4.93751e-16 3.41087e-17 1
7254 4.37483e-16 3.41087e-17 1
7255.5 4.717e-16 3.41087e-17 1
7257 5.04152e-16 3.41087e-17 1
7258.5 5.37919e-16 3.41087e-17 1
7260 5.17702e-16 3.41087e-17 1
7261.5 4.77246e-16 3.41087e-17 1
7263 4.99939e-16 3.41087e-17 1
7264.5 4.90475e-16 3.41087e-17 1
7266 5.21134e-16 3.41087e-17 1
7267.5 5.20392e-16 3.41087e-17 1
7269 4.62592e-16 3.41087e-17 1
7270.5 4.63699e-16 3.41087e-17 1
7272 5.01377e-16 3.41087e-17 1
7273.5 5.22681e-16 3.41087e-17 1
7275 5.06174e-16 3.41087e-17 1
7276.5 4.68984e-16 3.41087e-17 1
7278 4.71012e-16 3.41087e-17 1
7279.5 5.0105e-16 3.41087e-17 1
7281 5.20482e-16 3.41087e-17 1
7282.5 5.36415e-16 3.41087e-17 1
7284 5.3495e-16 3.41087e-17 1
7285.5 5.11402e-16 3.41087e-17 1
7287 4.82074e-16 3.41087e-17 1
7288.5 4.76778e-16 3.41087e-17 1
7290 5.06892e-16 3.41087e-17 1
7291.5 5.2928e-16 3.41087e-17 1
7293 5.30233e-16 3.41087e-17 1
7294.5 5.24793e-16 3.41087e-17 1
7296 5.05262e-16 3.41087e-17 1
7297.5 4.94538e-16 3.41087e-17 1
7299 5.20461e-16 3.41087e-17 1
7300.5 5.57149e-16 3.41087e-17 1
7302 5.44843e-16 3.41087e-17 1
7303.5 5.41332e-16 3.41087e-17 1
7305 5.42648e-16 3.41087e-17 1
7306.5 4.99361e-16 3.41087e-17 1
7308 4.70751e-16 3.41087e-17 1
7309.5 5.27244e-16 3.41087e-17 1
7311 5.34038e-16 3.41087e-17 1
7312.5 5.05527e-16 3.41087e-17 1
7314 5.42407e-16 3.41087e-17 1
7315.5 5.51274e-16 3.41087e-17 1
7317 5.49713e-16 3.41087e-17 1
7318.5 5.31655e-16 3.41087e-17 1
7320 5.41039e-16 3.21844e-17 1
7321.5 5.15575e-16 3.21844e-17 1
7323 5.14673e-16 3.21844e-17 1
7324.5 5.54435e-16 3.21844e-17 1
7326 5.29939e-16 3.21844e-17 1
7327.5 5.53457e-16 3.21844e-17 1
7329 5.42928e-16 3.21844e-17 1
7330.5 5.28806e-16 3.21844e-17 1
7332 5.69898e-16 3.21844e-17 1
7333.5 5.42294e-16 3.21844e-17 1
7335 5.83023e-16 3.21844e-17 1
7336.5 5.47615e-16 3.21844e-17 1
7338 4.96437e-16 3.21844e-17 1
7339.5 4.85608e-16 3.21844e-17 1
7341 4.97077e-16 3.21844e-17 1
7342.5 4.89923e-16 3.21844e-17 1
7344 4.83732e-16 3.21844e-17 1
7345.5 5.17118e-16 3.21844e-17 1
7347 5.03281e-16 3.21844e-17 1
7348.5 4.74587e-16 3.21844e-17 1
7350 4.9015e-16 3.21844e-17 1
7351.5 5.63993e-16 3.21844e-17 1
7353 5.26676e-16 3.21844e-17 1
7354.5 5.21749e-16 3.21844e-17 1
7356 5.396e-16 3.21844e-17 1
7357.5 5.03084e-16 3.21844e-17 1
7359 4.86301e-16 3.21844e-17 1
7360.5 4.94097e-16 3.21844e-17 1
7362 4.89035e-16 3.21844e-17 1
7363.5 5.08005e-16 3.21844e-17 1
7365 5.42887e-16 3.21844e-17 1
7366.5 5.15058e-16 3.21844e-17 1
7368 4.97721e-16 3.21844e-17 1
7369.5 4.73888e-16 3.21844e-17 1
7371 4.35591e-16 3.21844e-17 1
7372.5 4.27035e-16 3.21844e-17 1
7374 4.53496e-16 3.21844e-17 1
7375.5 4.58081e-16 3.21844e-17 1
7377 4.4693e-16 3.21844e-17 1
7378.5 4.92016e-16 3.21844e-17 1
7380 5.41933e-16 3.21844e-17 1
7381.5 5.23123e-16 3.21844e-17 1
7383 5.09789e-16 3.21844e-17 1
7384.5 5.53347e-16 3.21844e-17 1
7386 5.01667e-16 3.21844e-17 1
7387.5 5.26114e-16 3.21844e-17 1
7389 5.34089e-16 3.21844e-17 1
7390.5 5.03537e-16 3.21844e-17 1
7392 5.36185e-16 3.21844e-17 1
7393.5 5.41765e-16 3.21844e-17 1
7395 5.09009e-16 3.21844e-17 1
7396.5 4.39293e-16 3.21844e-17 1
7398 4.92973e-16 3.21844e-17 1
7399.5 5.62634e-16 3.21844e-17 1
7401 5.38267e-16 3.21844e-17 1
7402.5 4.64935e-16 3.21844e-17 1
7404 4.68652e-16 3.21844e-17 1
7405.5 5.38042e-16 3.21844e-17 1
7407 5.08163e-16 3.21844e-17 1
7408.5 4.51893e-16 3.21844e-17 1
7410 4.8394e-16 3.21844e-17 1
7411.5 4.94149e-16 3.21844e-17 1
7413 4.89895e-16 3.21844e-17 1
7414.5 5.01779e-16 3.21844e-17 1
7416 4.86148e-16 3.21844e-17 1
7417.5 5.00004e-16 3.21844e-17 1
7419 4.82943e-16 3.21844e-17 1
7420.5 4.86568e-16 2.80597e-17 1
7422 4.74076e-16 2.80597e-17 1
7423.5 4.81542e-16 2.80597e-17 1
7425 4.84456e-16 2.80597e-17 1
7426.5 5.28022e-16 2.80597e-17 1
7428 5.33005e-16 2.80597e-17 1
7429.5 5.37551e-16 2.80597e-17 1
7431 5.47239e-16 2.80597e-17 1
7432.5 5.15768e-16 2.80597e-17 1
7434 4.98673e-16 2.80597e-17 1
7435.5 5.31594e-16 2.80597e-17 1
7437 5.41895e-16 2.80597e-17 1
7438.5 5.26279e-16 2.80597e-17 1
7440 5.37339e-16 2.80597e-17 1
7441.5 4.97172e-16 2.80597e-17 1
7443 4.5965e-16 2.80597e-17 1
7444.5 5.02686e-16 2.80597e-17 1
7446 5.40008e-16 2.80597e-17 1
7447.5 5.13751e-16 2.80597e-17 1
7449 5.06716e-16 2.80597e-17 1
7450.5 5.26321e-16 2.80597e-17 1
7452 5.10165e-16 2.80597e-17 1
7453.5 5.5346e-16 2.80597e-17 1
7455 5.40416e-16 2.80597e-17 1
7456.5 5.49486e-16 2.80597e-17 1
7458 5.64295e-16 2.80597e-17 1
7459.5 5.73081e-16 2.80597e-17 1
7461 5.39111e-16 2.80597e-17 1
7462.5 5.20924e-16 2.80597e-17 1
7464 5.11663e-16 2.80597e-17 1
7465.5 5.1806e-16 2.80597e-17 1
7467 5.09494e-16 2.80597e-17 1
7468.5 5.34535e-16 2.80597e-17 1
7470 5.91137e-16 2.80597e-17 1
7471.5 5.84922e-16 2.80597e-17 1
7473 5.55299e-16 2.80597e-17 1
7474.5 6.02648e-16 2.80597e-17 1
7476 5.75924e-16 2.80597e-17 1
7477.5 5.04263e-16 2.80597e-17 1
7479 5.5532e-16 2.80597e-17 1
7480.5 5.31662e-16 2.80597e-17 1
7482 5.21284e-16 2.80597e-17 1
7483.5 4.81943e-16 2.80597e-17 1
7485 5.35134e-16 2.80597e-17 1
7486.5 5.55336e-16 2.80597e-17 1
7488 4.82124e-16 2.80597e-17 1
7489.5 4.86851e-16 2.80597e-17 1
7491 5.19241e-16 2.80597e-17 1
7492.5 4.63648e-16 2.80597e-17 1
7494 4.66854e-16 2.80597e-17 1
7495.5 5.3582e-16 2.80597e-17 1
7497 5.28887e-16 2.80597e-17 1
7498.5 5.1026e-16 2.80597e-17 1
7500 5.11054e-16 2.80597e-17 1
7501.5 4.96507e-16 2.80597e-17 1
7503 5.10115e-16 2.80597e-17 1
7504.5 5.40923e-16 2.80597e-17 1
7506 5.44389e-16 2.80597e-17 1
7507.5 5.3652e-16 2.80597e-17 1
7509 5.00695e-16 2.80597e-17 1
7510.5 4.83144e-16 2.80597e-17 1
7512 5.29926e-16 2.80597e-17 1
7513.5 5.30897e-16 2.80597e-17 1
7515 4.94462e-16 2.80597e-17 1
7516.5 4.79937e-16 2.80597e-17 1
7518 5.04591e-16 2.80597e-17 1
7519.5 5.25237e-16 2.80597e-17 1
7521 5.65056e-16 2.80597e-17 1
7522.5 5.69769e-16 2.80597e-17 1
7524 5.44697e-16 2.80597e-17 1
7525.5 5.10343e-16 2.80597e-17 1
7527 5.01206e-16 2.80597e-17 1
7528.5 5.31104e-16 2.80597e-17 1
7530 5.42553e-16 2.80597e-17 1
7531.5 4.78493e-16 2.80597e-17 1
7533 4.73862e-16 2.80597e-17 1
7534.5 5.23506e-16 2.80597e-17 1
7536 4.91678e-16 2.80597e-17 1
7537.5 5.17405e-16 2.80597e-17 1
7539 5.38589e-16 2.80597e-17 1
7540.5 5.13448e-16 2.80597e-17 1
