# converted by J. Guy, 2010-10-18
# from  Balland et al. 2009A&A...507...85B
@Redshift 0.585
@FORMAT STD
@Date 53291.2
@EXTRACT_TYPE P
@GALAXY_MODEL E1
@SELECTED_FOR_SNLS3_TRAINING 1
@SN 04D1kj
@SURVEY SNLS_VLT_SPEC
@Source VLT
#WAVE : wavelength, observer frame, in A
#FLUX : erg/s/cm2/A
#ERR  : statistical uncertainty on flux
#VALID : 1=ok 0=ignore
#end
4254.27 1.877e-18 1.329e-18 1
4259.27 -1.133e-18 1.464e-18 1
4264.27 -1.787e-18 1.334e-18 1
4269.27 9.47e-19 1.222e-18 1
4274.27 -9.06e-19 1.14e-18 1
4279.27 -9.18e-19 1.068e-18 1
4284.27 6.79e-19 1.016e-18 1
4289.27 5.25e-19 9.49e-19 1
4294.27 -6.72e-19 8.95e-19 1
4299.27 6.2e-20 8.33e-19 1
4304.27 -1.01e-19 7.92e-19 1
4309.27 3.57e-19 7.68e-19 1
4314.27 1.2e-20 7.67e-19 1
4319.27 -5.03e-19 7.47e-19 1
4324.27 -3.19e-19 7.03e-19 1
4329.27 8.41e-19 6.79e-19 1
4334.27 1.222e-18 6.58e-19 1
4339.27 8.41e-19 6.46e-19 1
4344.27 1.05e-19 6.24e-19 1
4349.27 8.8e-20 6.09e-19 1
4354.27 -5.36e-19 5.95e-19 1
4359.27 5.87e-19 5.9e-19 1
4364.27 1.143e-18 5.81e-19 1
4369.27 -5.87e-19 5.72e-19 1
4374.27 4.97e-19 5.55e-19 1
4379.27 -3.73e-19 5.37e-19 1
4384.27 -2.62e-19 5.22e-19 1
4389.27 8.63e-19 5.12e-19 1
4394.27 5.56e-19 5.06e-19 1
4399.27 -6.01e-19 5.07e-19 1
4404.27 1.1e-20 5.09e-19 1
4409.27 1.34e-19 5.14e-19 1
4414.27 5.7e-19 5.12e-19 1
4419.27 6.82e-19 5.05e-19 1
4424.27 9.62e-19 5e-19 1
4429.27 4.09e-19 4.87e-19 1
4434.27 2.51e-19 4.79e-19 1
4439.27 -5.06e-19 4.67e-19 1
4444.27 3.51e-19 4.68e-19 1
4449.27 3.04e-19 4.55e-19 1
4454.27 7.39e-19 4.49e-19 1
4459.27 3.52e-19 4.39e-19 1
4464.27 3.91e-19 4.34e-19 1
4469.27 6.74e-19 4.34e-19 1
4474.27 3.96e-19 4.32e-19 1
4479.27 2.89e-19 4.29e-19 1
4484.27 7.87e-19 4.27e-19 1
4489.27 5.76e-19 4.31e-19 1
4494.27 9.82e-19 4.23e-19 1
4499.27 1.49e-19 4.19e-19 1
4504.27 2.79e-19 4.23e-19 1
4509.27 1.372e-18 4.22e-19 1
4514.27 1.779e-18 4.2e-19 1
4519.27 8.69e-19 4.16e-19 1
4524.27 1.197e-18 4.16e-19 1
4529.27 1.431e-18 4.14e-19 1
4534.27 1.016e-18 4.14e-19 1
4539.27 2.39e-19 4.18e-19 1
4544.27 8.24e-19 4.1e-19 1
4549.27 1.315e-18 4.09e-19 1
4554.27 4.1e-19 4e-19 1
4559.27 1.802e-18 4.03e-19 1
4564.27 9.9e-19 3.99e-19 1
4569.27 7.09e-19 3.98e-19 1
4574.27 1.146e-18 3.94e-19 1
4579.27 1.051e-18 3.93e-19 1
4584.27 1.311e-18 3.95e-19 1
4589.27 1.159e-18 3.87e-19 1
4594.27 1.817e-18 3.86e-19 1
4599.27 1.614e-18 3.81e-19 1
4604.27 1.517e-18 3.81e-19 1
4609.27 1.766e-18 3.76e-19 1
4614.27 9.92e-19 3.8e-19 1
4619.27 8e-19 3.76e-19 1
4624.27 8.14e-19 3.74e-19 1
4629.27 1.165e-18 3.74e-19 1
4634.27 1.31e-18 3.69e-19 1
4639.27 1.732e-18 3.71e-19 1
4644.27 6.27e-19 3.72e-19 1
4649.27 1.549e-18 3.66e-19 1
4654.27 1.575e-18 3.67e-19 1
4659.27 1.184e-18 3.7e-19 1
4664.27 3.73e-19 3.7e-19 1
4669.27 1.412e-18 3.66e-19 1
4674.27 7.64e-19 3.64e-19 1
4679.27 9.35e-19 3.64e-19 1
4684.27 8.83e-19 3.63e-19 1
4689.27 1.246e-18 3.61e-19 1
4694.27 1.564e-18 5.1e-19 1
4699.27 1.354e-18 3.54e-19 1
4704.27 1.322e-18 3.5e-19 1
4709.27 5.93e-19 3.5e-19 1
4714.27 1.234e-18 3.54e-19 1
4719.27 1.729e-18 3.55e-19 1
4724.27 4.84e-19 3.54e-19 1
4729.27 4.42e-19 3.47e-19 1
4734.27 7.45e-19 3.42e-19 1
4739.27 9.83e-19 3.45e-19 1
4744.27 1.69e-18 3.46e-19 1
4749.27 1.079e-18 3.44e-19 1
4754.27 1.504e-18 3.42e-19 1
4759.27 1.087e-18 3.4e-19 1
4764.27 7.95e-19 3.45e-19 1
4769.27 9.77e-19 3.41e-19 1
4774.27 9.29e-19 3.42e-19 1
4779.27 1.216e-18 3.42e-19 1
4784.27 1.019e-18 3.42e-19 1
4789.27 1.578e-18 3.43e-19 1
4794.27 1.262e-18 3.4e-19 1
4799.27 1.587e-18 3.42e-19 1
4804.27 8.84e-19 3.36e-19 1
4809.27 1.339e-18 3.39e-19 1
4814.27 9.11e-19 3.43e-19 1
4819.27 1.566e-18 3.49e-19 1
4824.27 8.39e-19 3.46e-19 1
4829.27 1.715e-18 3.45e-19 1
4834.27 1.201e-18 3.45e-19 1
4839.27 1.219e-18 3.42e-19 1
4844.27 1.499e-18 3.39e-19 1
4849.27 2.644e-18 4.77e-19 1
4854.27 1.477e-18 3.27e-19 1
4859.27 1.596e-18 3.25e-19 1
4864.27 1.141e-18 3.3e-19 1
4869.27 1.52e-18 3.2e-19 1
4874.27 1.554e-18 3.24e-19 1
4879.27 1.313e-18 3.26e-19 1
4884.27 1.399e-18 3.3e-19 1
4889.27 1.296e-18 3.29e-19 1
4894.27 1.24e-18 3.3e-19 1
4899.27 1.644e-18 3.29e-19 1
4904.27 1.341e-18 3.27e-19 1
4909.27 1.568e-18 3.28e-19 1
4914.27 2.264e-18 3.22e-19 1
4919.27 1.421e-18 3.18e-19 1
4924.27 2.189e-18 3.2e-19 1
4929.27 1.548e-18 3.2e-19 1
4934.27 1.751e-18 3.2e-19 1
4939.27 1.733e-18 3.2e-19 1
4944.27 1.417e-18 3.2e-19 1
4949.27 2.399e-18 3.22e-19 1
4954.27 1.772e-18 3.15e-19 1
4959.27 2.424e-18 4.48e-19 1
4964.27 2.049e-18 3.17e-19 1
4969.27 1.849e-18 3.23e-19 1
4974.27 2.177e-18 3.2e-19 1
4979.27 1.705e-18 3.12e-19 1
4984.27 1.926e-18 3.14e-19 1
4989.27 1.244e-18 3.12e-19 1
4994.27 1.984e-18 3.15e-19 1
4999.27 1.596e-18 3.14e-19 1
5004.27 1.258e-18 3.1e-19 1
5009.27 1.454e-18 3.08e-19 1
5014.27 1.794e-18 3.07e-19 1
5019.27 1.409e-18 3.04e-19 1
5024.27 8.57e-19 3.06e-19 1
5029.27 2.034e-18 3.07e-19 1
5034.27 1.489e-18 3.06e-19 1
5039.27 1.153e-18 3.04e-19 1
5044.27 1.093e-18 2.99e-19 1
5049.27 1.194e-18 4.25e-19 1
5054.27 1.617e-18 3.06e-19 1
5059.27 1.336e-18 3.03e-19 1
5064.27 1.679e-18 3.03e-19 1
5069.27 1.262e-18 3.02e-19 1
5074.27 1.169e-18 3.03e-19 1
5079.27 8.59e-19 2.96e-19 1
5084.27 8.88e-19 2.99e-19 1
5089.27 1.352e-18 2.99e-19 1
5094.27 1.133e-18 2.98e-19 1
5099.27 1.316e-18 2.98e-19 1
5104.27 1.269e-18 2.96e-19 1
5109.27 9.9e-19 2.96e-19 1
5114.27 7.54e-19 2.97e-19 1
5119.27 9.94e-19 2.98e-19 1
5124.27 2.94e-19 2.95e-19 1
5129.27 1.28e-18 2.95e-19 1
5134.27 1.215e-18 4.28e-19 1
5139.27 7.63e-19 3.01e-19 1
5144.27 1.557e-18 2.97e-19 1
5149.27 1.001e-18 2.98e-19 1
5154.27 7.94e-19 3.01e-19 1
5159.27 1.168e-18 2.98e-19 1
5164.27 1.322e-18 2.93e-19 1
5169.27 1.793e-18 2.84e-19 1
5174.27 1.188e-18 2.87e-19 1
5179.27 1.109e-18 2.86e-19 1
5184.27 9.29e-19 2.95e-19 1
5189.27 9.73e-19 2.99e-19 1
5194.27 1.225e-18 3.1e-19 1
5199.27 1.567e-18 3.15e-19 1
5204.27 1.324e-18 3.1e-19 1
5209.27 1.323e-18 4.23e-19 1
5214.27 1.014e-18 2.97e-19 1
5219.27 1.338e-18 3e-19 1
5224.27 1.249e-18 3.04e-19 1
5229.27 1.538e-18 3.03e-19 1
5234.27 9.21e-19 3e-19 1
5239.27 8.08e-19 3.05e-19 1
5244.27 1.77e-18 3.04e-19 1
5249.27 1.342e-18 2.98e-19 1
5254.27 8.65e-19 3.08e-19 1
5259.27 1.181e-18 3.01e-19 1
5264.27 1.981e-18 2.92e-19 1
5269.27 1.955e-18 2.92e-19 1
5274.27 1.613e-18 4.2e-19 1
5279.27 1.299e-18 3.03e-19 1
5284.27 7.58e-19 2.99e-19 1
5289.27 1.649e-18 2.97e-19 1
5294.27 1.531e-18 3.02e-19 1
5299.27 1.619e-18 3.03e-19 1
5304.27 1.93e-18 3.02e-19 1
5309.27 7.48e-19 3.03e-19 1
5314.27 1.88e-18 3.02e-19 1
5319.27 1.89e-18 3.02e-19 1
5324.27 1.213e-18 3.1e-19 1
5329.27 1.301e-18 3.11e-19 1
5334.27 1.411e-18 3.08e-19 1
5339.27 1.574e-18 4.19e-19 1
5344.27 1.15e-18 2.95e-19 1
5349.27 1.312e-18 2.96e-19 1
5354.27 1.082e-18 3.01e-19 1
5359.27 1.351e-18 2.99e-19 1
5364.27 1.15e-18 2.94e-19 1
5369.27 1.162e-18 2.94e-19 1
5374.27 1.764e-18 2.94e-19 1
5379.27 1.501e-18 2.97e-19 1
5384.27 9.5e-19 2.94e-19 1
5389.27 1.714e-18 2.9e-19 1
5394.27 1.449e-18 2.93e-19 1
5399.27 1.408e-18 2.91e-19 1
5404.27 1.304e-18 4.11e-19 1
5409.27 1.403e-18 2.91e-19 1
5414.27 2.009e-18 2.91e-19 1
5419.27 1.599e-18 2.92e-19 1
5424.27 1.688e-18 2.91e-19 1
5429.27 1.995e-18 2.95e-19 1
5434.27 1.534e-18 2.97e-19 1
5439.27 1.21e-18 2.98e-19 1
5444.27 1.858e-18 2.96e-19 1
5449.27 1.826e-18 2.97e-19 1
5454.27 2.224e-18 2.98e-19 1
5459.27 1.554e-18 4.22e-19 1
5464.27 1.334e-18 3.02e-19 1
5469.27 1.999e-18 2.98e-19 1
5474.27 1.409e-18 2.98e-19 1
5479.27 2.3e-18 3.01e-19 1
5484.27 2.628e-18 3.02e-19 1
5489.27 2.204e-18 3e-19 1
5494.27 2.192e-18 3.02e-19 1
5499.27 2.081e-18 3.02e-19 1
5504.27 2.548e-18 3.06e-19 1
5509.27 2.487e-18 3.06e-19 1
5514.27 2.363e-18 3.07e-19 1
5519.27 2.234e-18 4.35e-19 1
5524.27 2.124e-18 3.02e-19 1
5529.27 1.659e-18 3.06e-19 1
5534.27 1.648e-18 3.06e-19 1
5539.27 1.773e-18 3.16e-19 1
5544.27 2.049e-18 3.24e-19 1
5549.27 1.949e-18 3.22e-19 1
5554.27 2.583e-18 3.15e-19 1
5559.27 1.589e-18 3.2e-19 1
5564.27 2.628e-18 3.22e-19 1
5569.27 1.043e-18 4.9e-19 1
5574.27 3.096e-18 7.18e-19 1
5579.27 1.695e-18 8.32e-19 1
5584.27 3.749e-18 7.09e-19 1
5589.27 1.816e-18 3.27e-19 1
5594.27 1.859e-18 3.2e-19 1
5599.27 2.342e-18 3.19e-19 1
5604.27 2.403e-18 3.24e-19 1
5609.27 2.773e-18 3.21e-19 1
5614.27 2.084e-18 3.16e-19 1
5619.27 2.488e-18 3.22e-19 1
5624.27 3.003e-18 4.57e-19 1
5629.27 2.439e-18 3.23e-19 1
5634.27 3.042e-18 3.22e-19 1
5639.27 2.542e-18 3.17e-19 1
5644.27 2.489e-18 3.23e-19 1
5649.27 1.844e-18 3.21e-19 1
5654.27 2.242e-18 3.17e-19 1
5659.27 2.38e-18 3.17e-19 1
5664.27 1.8e-18 3.22e-19 1
5669.27 2.056e-18 3.24e-19 1
5674.27 1.645e-18 4.6e-19 1
5679.27 2.48e-18 3.22e-19 1
5684.27 2.285e-18 3.25e-19 1
5689.27 1.95e-18 3.31e-19 1
5694.27 2.563e-18 3.34e-19 1
5699.27 2.187e-18 3.32e-19 1
5704.27 2.149e-18 3.27e-19 1
5709.27 2.451e-18 3.28e-19 1
5714.27 2.35e-18 3.29e-19 1
5719.27 2.278e-18 3.3e-19 1
5724.27 2.534e-18 4.67e-19 1
5729.27 1.684e-18 3.31e-19 1
5734.27 2.008e-18 3.28e-19 1
5739.27 1.892e-18 3.26e-19 1
5744.27 1.334e-18 3.26e-19 1
5749.27 2.104e-18 3.26e-19 1
5754.27 1.985e-18 3.24e-19 1
5759.27 2.097e-18 3.26e-19 1
5764.27 1.014e-18 3.27e-19 1
5769.27 2.574e-18 4.62e-19 1
5774.27 8.51e-19 3.53e-19 1
5779.27 1.862e-18 3.25e-19 1
5784.27 1.491e-18 3.21e-19 1
5789.27 1.087e-18 3.24e-19 1
5794.27 1.298e-18 3.27e-19 1
5799.27 8.03e-19 3.3e-19 1
5804.27 1.544e-18 3.28e-19 1
5809.27 1.629e-18 3.31e-19 1
5814.27 1.297e-18 3.33e-19 1
5819.27 8.03e-19 4.68e-19 1
5824.27 1.039e-18 3.31e-19 1
5829.27 1.483e-18 3.33e-19 1
5834.27 6.36e-19 3.31e-19 1
5839.27 1.08e-18 3.35e-19 1
5844.27 1.198e-18 3.33e-19 1
5849.27 1.744e-18 3.32e-19 1
5854.27 1.534e-18 3.3e-19 1
5859.27 1.053e-18 3.48e-19 1
5864.27 1.504e-18 5.39e-19 1
5869.27 1.396e-18 3.9e-19 1
5874.27 1.529e-18 3.88e-19 1
5879.27 7.7e-19 3.61e-19 1
5884.27 7.26e-19 4.73e-19 1
5889.27 1.315e-18 6.55e-19 1
5894.27 7.87e-19 7.14e-19 1
5899.27 1.494e-18 5.4e-19 1
5904.27 8.45e-19 3.97e-19 1
5909.27 9.94e-19 5.34e-19 1
5914.27 1.601e-18 3.92e-19 1
5919.27 1.158e-18 3.91e-19 1
5924.27 1.524e-18 3.78e-19 1
5929.27 1.468e-18 3.97e-19 1
5934.27 9.19e-19 3.92e-19 1
5939.27 1.27e-18 3.78e-19 1
5944.27 1.049e-18 3.66e-19 1
5949.27 9.36e-19 3.91e-19 1
5954.27 2.021e-18 5.46e-19 1
5959.27 2.249e-18 3.82e-19 1
5964.27 8.42e-19 3.56e-19 1
5969.27 8.57e-19 3.62e-19 1
5974.27 7.05e-19 3.77e-19 1
5979.27 1.226e-18 3.7e-19 1
5984.27 5.51e-19 3.59e-19 1
5989.27 8.73e-19 3.46e-19 1
5994.27 4.41e-19 3.5e-19 1
5999.27 4.88e-19 5.05e-19 1
6004.27 1.359e-18 3.55e-19 1
6009.27 1.207e-18 3.47e-19 1
6014.27 1.691e-18 3.33e-19 1
6019.27 1.405e-18 3.3e-19 1
6024.27 1.066e-18 3.32e-19 1
6029.27 1.637e-18 3.33e-19 1
6034.27 1.504e-18 3.32e-19 1
6039.27 1.404e-18 4.65e-19 1
6044.27 1.483e-18 3.25e-19 1
6049.27 1.537e-18 3.21e-19 1
6054.27 2.127e-18 3.19e-19 1
6059.27 1.303e-18 3.19e-19 1
6064.27 1.938e-18 3.19e-19 1
6069.27 8.54e-19 3.19e-19 1
6074.27 1.435e-18 3.16e-19 1
6079.27 1.234e-18 3.13e-19 1
6084.27 8.77e-19 4.41e-19 1
6089.27 1.707e-18 3.11e-19 1
6094.27 1.93e-18 3.15e-19 1
6099.27 1.453e-18 3.17e-19 1
6104.27 2.002e-18 3.18e-19 1
6109.27 2.304e-18 3.2e-19 1
6114.27 2.242e-18 3.12e-19 1
6119.27 2.235e-18 3.11e-19 1
6124.27 2.942e-18 4.36e-19 1
6129.27 2.842e-18 3.09e-19 1
6134.27 2.013e-18 3.15e-19 1
6139.27 2.714e-18 3.27e-19 1
6144.27 2.189e-18 3.3e-19 1
6149.27 2.359e-18 3.23e-19 1
6154.27 1.966e-18 3.23e-19 1
6159.27 2.747e-18 3.21e-19 1
6164.27 2.148e-18 4.55e-19 1
6169.27 2.406e-18 3.27e-19 1
6174.27 2.553e-18 3.34e-19 1
6179.27 2.168e-18 3.24e-19 1
6184.27 2.091e-18 3.11e-19 1
6189.27 2.114e-18 3.09e-19 1
6194.27 2.735e-18 3.11e-19 1
6199.27 3.16e-18 3.23e-19 1
6204.27 2.071e-18 4.57e-19 1
6209.27 2.588e-18 3.22e-19 1
6214.27 2.981e-18 3.11e-19 1
6219.27 2.948e-18 3.31e-19 1
6224.27 2.518e-18 3.26e-19 1
6229.27 2.726e-18 3.5e-19 1
6234.27 3.027e-18 3.95e-19 1
6239.27 3.306e-18 4.14e-19 1
6244.27 2.775e-18 5.25e-19 1
6249.27 2.538e-18 3.38e-19 1
6254.27 2.625e-18 3.66e-19 1
6259.27 3.098e-18 3.88e-19 1
6264.27 2.485e-18 3.94e-19 1
6269.27 2.589e-18 3.54e-19 1
6274.27 2.63e-18 3.39e-19 1
6279.27 2.453e-18 3.46e-19 1
6284.27 2.609e-18 5.42e-19 1
6289.27 2.621e-18 3.75e-19 1
6294.27 3.001e-18 4.45e-19 1
6299.27 2.59e-18 5.9e-19 1
6304.27 2.674e-18 6.19e-19 1
6309.27 2.952e-18 4.33e-19 1
6314.27 2.412e-18 3.54e-19 1
6319.27 2.643e-18 3.4e-19 1
6324.27 2.26e-18 5.17e-19 1
6329.27 1.652e-18 3.85e-19 1
6334.27 2.724e-18 3.7e-19 1
6339.27 1.952e-18 3.25e-19 1
6344.27 2.1e-18 3.25e-19 1
6349.27 1.887e-18 3.37e-19 1
6354.27 2.936e-18 3.59e-19 1
6359.27 2.556e-18 4.28e-19 1
6364.27 2.326e-18 5.92e-19 1
6369.27 2.163e-18 4.05e-19 1
6374.27 2.109e-18 3.24e-19 1
6379.27 2.88e-18 3.18e-19 1
6384.27 2.761e-18 3.31e-19 1
6389.27 3.236e-18 3.2e-19 1
6394.27 3.17e-18 3.05e-19 1
6399.27 2.447e-18 2.98e-19 1
6404.27 3.036e-18 4.18e-19 1
6409.27 2.764e-18 2.98e-19 1
6414.27 2.483e-18 3.02e-19 1
6419.27 2.846e-18 3.07e-19 1
6424.27 2.462e-18 3.02e-19 1
6429.27 2.768e-18 2.94e-19 1
6434.27 3.239e-18 2.91e-19 1
6439.27 2.917e-18 4.1e-19 1
6444.27 2.567e-18 2.92e-19 1
6449.27 2.767e-18 2.96e-19 1
6454.27 2.604e-18 3.03e-19 1
6459.27 3.107e-18 3.29e-19 1
6464.27 3.099e-18 3.66e-19 1
6469.27 3.128e-18 3.8e-19 1
6474.27 2.427e-18 3.46e-19 1
6479.27 2.92e-18 4.37e-19 1
6484.27 2.086e-18 2.97e-19 1
6489.27 2.79e-18 2.85e-19 1
6494.27 2.447e-18 3.4e-19 1
6499.27 3.186e-18 3.82e-19 1
6504.27 2.399e-18 3.78e-19 1
6509.27 3.345e-18 3.17e-19 1
6514.27 1.555e-18 4.19e-19 1
6519.27 2.881e-18 3.05e-19 1
6524.27 2.552e-18 3.09e-19 1
6529.27 2.421e-18 3.51e-19 1
6534.27 1.956e-18 3.49e-19 1
6539.27 2.944e-18 3.5e-19 1
6544.27 1.978e-18 3.2e-19 1
6549.27 2.33e-18 3.72e-19 1
6554.27 1.448e-18 5.06e-19 1
6559.27 2.828e-18 3.61e-19 1
6564.27 2.482e-18 3.12e-19 1
6569.27 1.417e-18 3.17e-19 1
6574.27 2.059e-18 3.57e-19 1
6579.27 2.401e-18 3.45e-19 1
6584.27 2.389e-18 3.1e-19 1
6589.27 1.956e-18 4.01e-19 1
6594.27 2.44e-18 3e-19 1
6599.27 1.418e-18 3.17e-19 1
6604.27 2.582e-18 3.27e-19 1
6609.27 2.037e-18 3.12e-19 1
6614.27 2.518e-18 2.83e-19 1
6619.27 2.311e-18 2.84e-19 1
6624.27 2.026e-18 4.09e-19 1
6629.27 1.766e-18 2.98e-19 1
6634.27 2.336e-18 3.03e-19 1
6639.27 2.868e-18 2.98e-19 1
6644.27 1.472e-18 2.82e-19 1
6649.27 2.837e-18 2.8e-19 1
6654.27 2.217e-18 2.84e-19 1
6659.27 1.427e-18 4.09e-19 1
6664.27 1.841e-18 2.9e-19 1
6669.27 1.561e-18 2.92e-19 1
6674.27 1.758e-18 2.86e-19 1
6679.27 2.125e-18 2.8e-19 1
6684.27 1.602e-18 2.81e-19 1
6689.27 2.033e-18 2.82e-19 1
6694.27 1.959e-18 2.84e-19 1
6699.27 1.927e-18 4.07e-19 1
6704.27 2.187e-18 2.88e-19 1
6709.27 1.553e-18 2.84e-19 1
6714.27 1.802e-18 2.81e-19 1
6719.27 2.338e-18 2.81e-19 1
6724.27 1.977e-18 2.79e-19 1
6729.27 1.152e-18 2.83e-19 1
6734.27 1.697e-18 4e-19 1
6739.27 1.353e-18 2.84e-19 1
6744.27 1.633e-18 2.87e-19 1
6749.27 1.758e-18 2.82e-19 1
6754.27 1.563e-18 2.78e-19 1
6759.27 1.262e-18 2.78e-19 1
6764.27 1.837e-18 2.79e-19 1
6769.27 1.788e-18 3.9e-19 1
6774.27 1.357e-18 2.78e-19 1
6779.27 1.483e-18 2.77e-19 1
6784.27 1.541e-18 2.83e-19 1
6789.27 1.618e-18 2.8e-19 1
6794.27 1.243e-18 2.8e-19 1
6799.27 1.862e-18 2.79e-19 1
6804.27 1.149e-18 3.92e-19 1
6809.27 1.45e-18 2.8e-19 1
6814.27 2.158e-18 2.8e-19 1
6819.27 1.41e-18 2.81e-19 1
6824.27 1.725e-18 3.74e-19 1
6829.27 7.91e-19 4.75e-19 1
6834.27 1.581e-18 4.82e-19 1
6839.27 6.02e-19 5.97e-19 1
6844.27 1.71e-18 3.44e-19 1
6849.27 1.742e-18 3.1e-19 1
6854.27 1.548e-18 2.87e-19 1
6859.27 1.507e-18 4.14e-19 1
6864.27 1.659e-18 5e-19 1
6869.27 2.121e-18 5.16e-19 1
6874.27 2.194e-18 5.34e-19 1
6879.27 2.298e-18 3.72e-19 1
6884.27 1.784e-18 3.7e-19 1
6889.27 2.077e-18 3.81e-19 1
6894.27 2.064e-18 3.83e-19 1
6899.27 1.53e-18 3.69e-19 1
6904.27 2.201e-18 3.68e-19 1
6909.27 5.93e-19 5.42e-19 1
6914.27 2.103e-18 3.67e-19 1
6919.27 1.649e-18 4.23e-19 1
6924.27 2.832e-18 4.09e-19 1
6929.27 2.325e-18 3.81e-19 1
6934.27 1.641e-18 3.4e-19 1
6939.27 2.134e-18 3.64e-19 1
6944.27 1.039e-18 6.12e-19 1
6949.27 2.283e-18 4.29e-19 1
6954.27 1.102e-18 4.13e-19 1
6959.27 1.253e-18 3.11e-19 1
6964.27 1.722e-18 3.11e-19 1
6969.27 1.548e-18 3.32e-19 1
6974.27 2.624e-18 3.92e-19 1
6979.27 1.058e-18 5.28e-19 1
6984.27 1.736e-18 3.67e-19 1
6989.27 1.274e-18 2.99e-19 1
6994.27 1.808e-18 4.12e-19 1
6999.27 1.289e-18 3.11e-19 1
7004.27 1.352e-18 3.25e-19 1
7009.27 1.898e-18 3.41e-19 1
7014.27 7.68e-19 4.59e-19 1
7019.27 8.52e-19 3.1e-19 1
7024.27 9.87e-19 2.82e-19 1
7029.27 1.584e-18 2.87e-19 1
7034.27 9.61e-19 2.87e-19 1
7039.27 1.933e-18 2.98e-19 1
7044.27 1.408e-18 4.6e-19 1
7049.27 2.823e-18 3.32e-19 1
7054.27 1.922e-18 3.23e-19 1
7059.27 2.207e-18 3.03e-19 1
7064.27 1.869e-18 3.05e-19 1
7069.27 1.763e-18 3.05e-19 1
7074.27 1.593e-18 3.05e-19 1
7079.27 2.788e-18 4.34e-19 1
7084.27 1.74e-18 3.11e-19 1
7089.27 2.042e-18 3.11e-19 1
7094.27 1.623e-18 3.03e-19 1
7099.27 1.798e-18 2.92e-19 1
7104.27 1.808e-18 2.91e-19 1
7109.27 1.752e-18 2.94e-19 1
7114.27 2.337e-18 4.09e-19 1
7119.27 1.749e-18 2.91e-19 1
7124.27 1.667e-18 2.95e-19 1
7129.27 2.012e-18 3.06e-19 1
7134.27 1.899e-18 3.03e-19 1
7139.27 1.998e-18 3.1e-19 1
7144.27 1.688e-18 3.17e-19 1
7149.27 1.396e-18 4.52e-19 1
7154.27 1.668e-18 3.08e-19 1
7159.27 1.885e-18 3.09e-19 1
7164.27 1.744e-18 3.19e-19 1
7169.27 1.444e-18 3.31e-19 1
7174.27 2.492e-18 3.55e-19 1
7179.27 2.358e-18 5.07e-19 1
7184.27 2.224e-18 3.6e-19 1
7189.27 2.172e-18 3.64e-19 1
7194.27 2.233e-18 3.52e-19 1
7199.27 1.728e-18 3.41e-19 1
7204.27 2.033e-18 3.37e-19 1
7209.27 1.377e-18 3.14e-19 1
7214.27 2.028e-18 4.42e-19 1
7219.27 2.253e-18 3.1e-19 1
7224.27 1.805e-18 3.18e-19 1
7229.27 1.525e-18 3.3e-19 1
7234.27 1.377e-18 4.68e-19 1
7239.27 1.338e-18 7.07e-19 1
7244.27 1.473e-18 7.63e-19 1
7249.27 2.657e-18 9.38e-19 1
7254.27 1.835e-18 5.13e-19 1
7259.27 2.687e-18 4.15e-19 1
7264.27 1.097e-18 3.64e-19 1
7269.27 2.65e-18 4.4e-19 1
7274.27 6.66e-19 6.87e-19 1
7279.27 3.718e-18 1.047e-18 1
7284.27 3.172e-18 6.92e-19 1
7289.27 2.656e-18 5.21e-19 1
7294.27 2.367e-18 4.44e-19 1
7299.27 2.184e-18 4.59e-19 1
7304.27 1.867e-18 4.65e-19 1
7309.27 2.687e-18 5.23e-19 1
7314.27 6.68e-19 8.68e-19 1
7319.27 1.671e-18 6.08e-19 1
7324.27 1.847e-18 5.5e-19 1
7329.27 1.192e-18 4.63e-19 1
7334.27 1.99e-18 5.35e-19 1
7339.27 3.14e-19 6.31e-19 1
7344.27 6.45e-19 6.28e-19 1
7349.27 1.178e-18 6.53e-19 1
7354.27 1.583e-18 4.09e-19 1
7359.27 1.618e-18 4.6e-19 1
7364.27 1.261e-18 5.6e-19 1
7369.27 1.117e-18 5.85e-19 1
7374.27 2.188e-18 5.53e-19 1
7379.27 1.908e-18 5.2e-19 1
7384.27 1.617e-18 3.41e-19 1
7389.27 9.27e-19 4.12e-19 1
7394.27 2.1e-18 4.48e-19 1
7399.27 1.451e-18 5.39e-19 1
7404.27 1.782e-18 5.07e-19 1
7409.27 1.692e-18 4.04e-19 1
7414.27 9.38e-19 4.85e-19 1
7419.27 1.21e-18 3.41e-19 1
7424.27 1.746e-18 3.62e-19 1
7429.27 1.479e-18 3.92e-19 1
7434.27 1.954e-18 4.61e-19 1
7439.27 1.721e-18 4.39e-19 1
7444.27 1.739e-18 6.18e-19 1
7449.27 2.431e-18 3.57e-19 1
7454.27 1.704e-18 3.38e-19 1
7459.27 1.238e-18 3.63e-19 1
7464.27 2.322e-18 4.26e-19 1
7469.27 1.275e-18 4.82e-19 1
7474.27 8.28e-19 5.08e-19 1
7479.27 1.529e-18 7.75e-19 1
7484.27 1.239e-18 4.99e-19 1
7489.27 1.163e-18 4.58e-19 1
7494.27 1.304e-18 3.84e-19 1
7499.27 1.028e-18 3.74e-19 1
7504.27 1.745e-18 3.48e-19 1
7509.27 1.589e-18 4.83e-19 1
7514.27 1.933e-18 3.62e-19 1
7519.27 4.69e-19 4.84e-19 1
7524.27 1.915e-18 5.96e-19 1
7529.27 1.728e-18 6.02e-19 1
7534.27 1.242e-18 4.4e-19 1
7539.27 1.359e-18 3.81e-19 1
7544.27 1.608e-18 5.18e-19 1
7549.27 1.275e-18 3.58e-19 1
7554.27 1.214e-18 3.93e-19 1
7559.27 1.078e-18 4.04e-19 1
7564.27 1.711e-18 4.29e-19 1
7569.27 2.509e-18 5.2e-19 1
7574.27 4.39e-19 7.39e-19 1
7579.27 1.54e-18 4.9e-19 1
7584.27 1.579e-18 4.34e-19 1
7589.27 1.095e-18 4.61e-19 1
7594.27 2.42e-18 6.1e-19 1
7599.27 -6.94e-19 7.77e-19 1
7604.27 1.9e-20 1.334e-18 1
7614.27 9.51e-19 7.84e-19 1
7619.27 1.304e-18 7.05e-19 1
7624.27 2.445e-18 7.88e-19 1
7629.27 1.114e-18 7.71e-19 1
7634.27 2.008e-18 7.32e-19 1
7639.27 2.19e-18 8.44e-19 1
7644.27 7.85e-19 5.36e-19 1
7649.27 7.6e-19 5.29e-19 1
7654.27 1.152e-18 5.15e-19 1
7659.27 1.206e-18 5.39e-19 1
7664.27 1.563e-18 4.91e-19 1
7669.27 1.181e-18 4.34e-19 1
7674.27 1.692e-18 5.41e-19 1
7679.27 1.456e-18 3.86e-19 1
7684.27 8.32e-19 3.92e-19 1
7689.27 1.271e-18 4.06e-19 1
7694.27 1.082e-18 4.24e-19 1
7699.27 8.6e-19 4.22e-19 1
7704.27 3.55e-19 5.95e-19 1
7709.27 8.39e-19 6.04e-19 1
7714.27 5.66e-19 8.49e-19 1
7719.27 6.97e-19 8.55e-19 1
7724.27 5.49e-19 6.36e-19 1
7729.27 1.052e-18 5e-19 1
7734.27 1.866e-18 6.3e-19 1
7739.27 1.265e-18 4.15e-19 1
7744.27 1.271e-18 4.99e-19 1
7749.27 4.65e-19 7.68e-19 1
7754.27 8.08e-19 8.19e-19 1
7759.27 1.734e-18 6.34e-19 1
7764.27 1.004e-18 5.64e-19 1
7769.27 8.71e-19 8.19e-19 1
7774.27 1.121e-18 6.06e-19 1
7779.27 1.211e-18 6.41e-19 1
7784.27 1.329e-18 5.36e-19 1
7789.27 6.35e-19 6.55e-19 1
7794.27 1.481e-18 7.04e-19 1
7799.27 1.891e-18 9.7e-19 1
7804.27 1.143e-18 5.73e-19 1
7809.27 1.451e-18 5.52e-19 1
7814.27 1.211e-18 6.25e-19 1
7819.27 7.16e-19 7.86e-19 1
7824.27 1.343e-18 7.53e-19 1
7829.27 1.306e-18 5.23e-19 1
7834.27 2.1e-20 6.29e-19 1
7839.27 1.102e-18 5.34e-19 1
7844.27 1.277e-18 5.74e-19 1
7849.27 4.7e-19 8.01e-19 1
7854.27 1.024e-18 8.98e-19 1
7859.27 1.471e-18 8.45e-19 1
7864.27 -3.6e-19 1.053e-18 1
7869.27 1.602e-18 7.41e-19 1
7874.27 4.39e-19 7.23e-19 1
7879.27 1.153e-18 6.65e-19 1
7884.27 1.628e-18 6.99e-19 1
7889.27 4.57e-19 6.86e-19 1
7894.27 5.81e-19 9.27e-19 1
7899.27 1.592e-18 5.29e-19 1
7904.27 3.38e-19 4.54e-19 1
7909.27 7.44e-19 7.73e-19 1
7914.27 1.73e-19 9.65e-19 1
7919.27 3.68e-19 9.65e-19 1
7924.27 5.45e-19 7.55e-19 1
7929.27 1.582e-18 9.81e-19 1
7934.27 8.66e-19 6.17e-19 1
7939.27 2.437e-18 5.37e-19 1
7944.27 1.196e-18 5.41e-19 1
7949.27 -3e-21 5.91e-19 1
7954.27 1.961e-18 5.57e-19 1
7959.27 -3.78e-19 9.77e-19 1
7964.27 1.227e-18 8.12e-19 1
7969.27 1.973e-18 8.26e-19 1
7974.27 1.612e-18 6.85e-19 1
7979.27 8.95e-19 6.6e-19 1
7984.27 1.803e-18 6.71e-19 1
7989.27 -1.08e-19 1.17e-18 1
7994.27 1.292e-18 8.71e-19 1
7999.27 2.72e-19 8.31e-19 1
8004.27 7.77e-19 5.07e-19 1
8009.27 2.003e-18 5.52e-19 1
8014.27 5.63e-19 6.06e-19 1
8019.27 6.96e-19 7.33e-19 1
8024.27 8.62e-19 1.134e-18 1
8029.27 -4.3e-19 7.97e-19 1
8034.27 1.433e-18 6.21e-19 1
8039.27 5.82e-19 4.54e-19 1
8044.27 1.394e-18 4.74e-19 1
8049.27 1.503e-18 5.47e-19 1
8054.27 2.162e-18 7.98e-19 1
8059.27 1.759e-18 6.66e-19 1
8064.27 1.151e-18 6.48e-19 1
8069.27 1.407e-18 5.65e-19 1
8074.27 9.27e-19 4.61e-19 1
8079.27 1.766e-18 4.63e-19 1
8084.27 1.382e-18 6.55e-19 1
8089.27 1.691e-18 4.83e-19 1
8094.27 3.66e-19 5.06e-19 1
8099.27 1.348e-18 5.69e-19 1
8104.27 1.764e-18 5.6e-19 1
8109.27 7.75e-19 5.1e-19 1
8114.27 1.662e-18 6.39e-19 1
8119.27 9.88e-19 4.53e-19 1
8124.27 4.67e-19 4.59e-19 1
8129.27 1.59e-18 4.72e-19 1
8134.27 1.649e-18 5.12e-19 1
8139.27 2.16e-18 5.45e-19 1
8144.27 1.444e-18 5.67e-19 1
8149.27 9.23e-19 7.86e-19 1
8154.27 2.375e-18 5.46e-19 1
8159.27 7.78e-19 5.21e-19 1
8164.27 1.973e-18 5.43e-19 1
8169.27 1.293e-18 5.3e-19 1
8174.27 1.414e-18 5.25e-19 1
8179.27 1.904e-18 7.58e-19 1
8184.27 1.535e-18 5.28e-19 1
8189.27 1.619e-18 5.42e-19 1
8194.26 1.251e-18 5.39e-19 1
8199.26 9.69e-19 5.24e-19 1
8204.26 1.397e-18 5e-19 1
8209.26 6.24e-19 6.9e-19 1
8214.26 7.49e-19 5.02e-19 1
8219.26 1.86e-18 5.18e-19 1
8224.26 1.901e-18 5.6e-19 1
8229.26 6.04e-19 5.8e-19 1
8234.26 1.938e-18 5.49e-19 1
8239.26 1.914e-18 5.34e-19 1
8244.26 9.04e-19 7.46e-19 1
8249.26 2.058e-18 5.18e-19 1
8254.26 3.87e-19 5.21e-19 1
8259.26 1.359e-18 5.12e-19 1
8264.26 1.485e-18 5.08e-19 1
8269.26 9.19e-19 5.42e-19 1
8274.26 2.104e-18 1.02e-18 1
8279.26 7.73e-19 9.22e-19 1
8284.26 2.375e-18 1.185e-18 1
8289.26 1.139e-18 1.17e-18 1
8294.26 1.039e-18 1.227e-18 1
8299.26 2.482e-18 1.11e-18 1
8304.26 2.24e-19 1.499e-18 1
8309.26 1.7e-18 8.39e-19 1
8314.26 1.003e-18 7.48e-19 1
8319.26 8.88e-19 6.47e-19 1
8324.26 3.93e-19 5.68e-19 1
8329.26 3.2e-19 5.52e-19 1
8334.26 6.93e-19 7.98e-19 1
8339.26 1.077e-18 8.94e-19 1
8344.26 1.616e-18 1.374e-18 1
8349.26 1.04e-19 1.471e-18 1
8354.26 1.275e-18 1.06e-18 1
8359.26 6.65e-19 8.78e-19 1
8364.26 3.8e-19 7.26e-19 1
8369.26 1.295e-18 9.89e-19 1
8374.26 1.102e-18 6.51e-19 1
8379.26 2.865e-18 7.99e-19 1
8384.26 1.74e-19 8.34e-19 1
8389.26 1.558e-18 7.69e-19 1
8394.26 3.448e-18 1.103e-18 1
8399.26 1.563e-18 1.695e-18 1
8404.26 2.04e-19 1.166e-18 1
8409.26 9.12e-19 8.6e-19 1
8414.26 -5.37e-19 8.62e-19 1
8419.26 1.372e-18 8.72e-19 1
8424.26 1.086e-18 1.075e-18 1
8429.26 -4.97e-19 1.79e-18 1
8434.26 3.992e-18 1.277e-18 1
8439.26 1.773e-18 8.73e-19 1
8444.26 1.044e-18 6.77e-19 1
8449.26 1.96e-18 8.6e-19 1
8454.26 5.67e-19 8.71e-19 1
8459.26 8.05e-19 1.408e-18 1
8464.26 1.839e-18 1.114e-18 1
8469.26 -4.9e-19 1.133e-18 1
8474.26 9.7e-19 8.14e-19 1
8479.26 1.74e-19 5.93e-19 1
8484.26 2.51e-19 6.03e-19 1
8489.26 2.064e-18 1.034e-18 1
8494.26 7.86e-19 7.83e-19 1
8499.26 1.909e-18 9.01e-19 1
8504.26 -1.44e-19 9.69e-19 1
8509.26 1.978e-18 9.32e-19 1
8514.26 1.135e-18 6.74e-19 1
8519.26 1.031e-18 5.94e-19 1
8524.26 1.864e-18 8.34e-19 1
8529.26 1.86e-19 5.83e-19 1
8534.26 1.784e-18 6.43e-19 1
8539.26 9.03e-19 6.95e-19 1
8544.26 1.93e-18 8.1e-19 1
8549.26 1.801e-18 7.98e-19 1
8554.26 -1.456e-18 1.084e-18 1
8559.26 1.456e-18 6.42e-19 1
8564.26 1.063e-18 5.87e-19 1
8569.26 1.625e-18 5.95e-19 1
8574.26 2.2e-19 6.06e-19 1
8579.26 1.362e-18 6.06e-19 1
8584.26 1.05e-19 8.77e-19 1
8589.26 9.55e-19 6.4e-19 1
8594.26 4.44e-19 6.82e-19 1
8599.26 6.15e-19 6.59e-19 1
8604.26 1.021e-18 6.27e-19 1
8609.26 5.9e-19 6.49e-19 1
8614.26 1.185e-18 9.53e-19 1
8619.26 4.93e-19 7.54e-19 1
8624.26 -1.21e-19 8.72e-19 1
8629.26 -1.634e-18 9.58e-19 1
8634.26 1.805e-18 9.42e-19 1
8639.26 8.73e-19 8.54e-19 1
8644.26 1.354e-18 1.147e-18 1
8649.26 2.852e-18 8.49e-19 1
8654.26 3.44e-19 9.38e-19 1
8659.26 -9.17e-19 9.79e-19 1
8664.26 4.86e-19 9.57e-19 1
8669.26 -6.9e-19 8.95e-19 1
8674.26 6.35e-19 8.31e-19 1
8679.26 -6.85e-19 1.096e-18 1
8684.26 7.34e-19 7.4e-19 1
8689.26 7.91e-19 6.98e-19 1
8694.26 5.46e-19 7.11e-19 1
8699.26 2.777e-18 7.13e-19 1
8704.26 2.218e-18 6.83e-19 1
8709.26 2.115e-18 9.44e-19 1
8714.26 1.285e-18 6.55e-19 1
8719.26 1.495e-18 6.35e-19 1
8724.26 3.09e-19 6.41e-19 1
8729.26 9.29e-19 6.52e-19 1
8734.26 1.405e-18 6.54e-19 1
8739.26 1.045e-18 9.58e-19 1
8744.26 1.944e-18 6.74e-19 1
8749.26 1.099e-18 6.79e-19 1
8754.26 1.555e-18 8.85e-19 1
8759.26 2.445e-18 1.306e-18 1
8764.26 1.023e-18 1.633e-18 1
8769.26 -5.75e-19 2.228e-18 1
8774.26 1.886e-18 1.626e-18 1
8779.26 7.1e-20 1.49e-18 1
8784.26 9.44e-19 1.342e-18 1
8789.26 1.035e-18 1.057e-18 1
8794.26 1.27e-18 9.82e-19 1
8799.26 -5.25e-19 1.24e-18 1
8804.26 4.71e-19 7.61e-19 1
8809.26 4.53e-19 7.46e-19 1
8814.26 5.67e-19 7.5e-19 1
8819.26 1.302e-18 9.82e-19 1
8824.26 1.679e-18 1.775e-18 1
8829.26 8.83e-19 2.007e-18 1
8834.26 -4.35e-19 2.701e-18 1
8839.26 4.41e-19 1.487e-18 1
8844.26 -3.17e-19 1.223e-18 1
8849.26 8.36e-19 1.028e-18 1
8854.26 1.898e-18 9.85e-19 1
8859.26 3.7e-19 9.26e-19 1
8864.26 7.76e-19 1.596e-18 1
8869.26 5.7e-20 1.195e-18 1
8874.26 -3.02e-19 1.13e-18 1
8879.26 -1.89e-19 1.139e-18 1
8884.26 -2.062e-18 1.641e-18 1
8889.26 -6.6e-19 1.688e-18 1
8894.26 1.235e-18 1.944e-18 1
8899.26 2.441e-18 1.216e-18 1
