# converted by J. Guy, 2010-10-18
# from Matheson et al. 2008AJ....135.1598M
@Redshift 0.003699
@FORMAT STD
@Date 50981
@SELECTED_FOR_SNLS3_TRAINING 1
@SN sn1998aq
@SURVEY CFA_LOWZ_SPEC
@Source Matheson
#WAVE : wavelength, observer frame, in A
#FLUX : erg/s/cm2/A
#ERR  : statistical uncertainty on flux
#VALID : 1=ok 0=ignore
#end
3720 7.70487e-15 5.75599e-16 1
3721.5 7.44943e-15 5.75599e-16 1
3723 7.06181e-15 5.75599e-16 1
3724.5 7.03167e-15 5.75599e-16 1
3726 7.62024e-15 5.75599e-16 1
3727.5 8.1729e-15 5.75599e-16 1
3729 7.84712e-15 5.75599e-16 1
3730.5 7.06436e-15 5.75599e-16 1
3732 7.38169e-15 5.75599e-16 1
3733.5 7.78524e-15 5.75599e-16 1
3735 7.27007e-15 5.75599e-16 1
3736.5 7.06003e-15 5.75599e-16 1
3738 6.81046e-15 5.75599e-16 1
3739.5 6.91295e-15 5.75599e-16 1
3741 7.3997e-15 5.75599e-16 1
3742.5 6.73936e-15 5.75599e-16 1
3744 6.75304e-15 5.75599e-16 1
3745.5 7.23603e-15 5.75599e-16 1
3747 7.34515e-15 5.75599e-16 1
3748.5 6.97205e-15 5.75599e-16 1
3750 7.74242e-15 5.75599e-16 1
3751.5 7.36432e-15 5.75599e-16 1
3753 6.26625e-15 5.75599e-16 1
3754.5 6.64249e-15 5.75599e-16 1
3756 7.27866e-15 5.75599e-16 1
3757.5 7.62654e-15 5.75599e-16 1
3759 8.46844e-15 5.75599e-16 1
3760.5 8.0697e-15 5.75599e-16 1
3762 7.96894e-15 5.75599e-16 1
3763.5 6.84709e-15 5.75599e-16 1
3765 7.86886e-15 5.75599e-16 1
3766.5 7.62519e-15 5.75599e-16 1
3768 7.34615e-15 5.75599e-16 1
3769.5 7.24827e-15 5.75599e-16 1
3771 6.78928e-15 5.75599e-16 1
3772.5 6.9682e-15 5.75599e-16 1
3774 7.13654e-15 5.75599e-16 1
3775.5 6.56249e-15 5.75599e-16 1
3777 6.07684e-15 5.75599e-16 1
3778.5 6.24738e-15 5.75599e-16 1
3780 6.22442e-15 5.75599e-16 1
3781.5 5.79611e-15 5.75599e-16 1
3783 5.58424e-15 5.75599e-16 1
3784.5 5.37238e-15 5.75599e-16 1
3786 5.16052e-15 5.75599e-16 1
3787.5 4.94865e-15 5.75599e-16 1
3789 4.94865e-15 5.75599e-16 1
3790.5 4.7007e-15 5.75599e-16 1
3792 4.64205e-15 5.75599e-16 1
3793.5 4.6963e-15 5.75599e-16 1
3795 4.38254e-15 5.75599e-16 1
3796.5 4.18431e-15 5.75599e-16 1
3798 4.11955e-15 5.75599e-16 1
3799.5 3.93294e-15 5.75599e-16 1
3801 3.87051e-15 5.75599e-16 1
3802.5 3.98468e-15 5.75599e-16 1
3804 3.67104e-15 5.75599e-16 1
3805.5 3.19559e-15 5.75599e-16 1
3807 3.19598e-15 5.75599e-16 1
3808.5 3.0779e-15 5.75599e-16 1
3810 2.98838e-15 5.75599e-16 1
3811.5 2.88937e-15 5.75599e-16 1
3813 2.78706e-15 5.75599e-16 1
3814.5 2.9191e-15 5.75599e-16 1
3816 2.62559e-15 5.75599e-16 1
3817.5 2.35886e-15 5.75599e-16 1
3819 2.60451e-15 5.75599e-16 1
3820.5 1.98933e-15 3.66374e-16 1
3822 2.51302e-15 3.66374e-16 1
3823.5 2.90125e-15 3.66374e-16 1
3825 2.20663e-15 3.66374e-16 1
3826.5 2.45033e-15 3.66374e-16 1
3828 2.30383e-15 3.66374e-16 1
3829.5 2.48305e-15 3.66374e-16 1
3831 2.93011e-15 3.66374e-16 1
3832.5 2.7476e-15 3.66374e-16 1
3834 2.34545e-15 3.66374e-16 1
3835.5 2.78865e-15 3.66374e-16 1
3837 3.24851e-15 3.66374e-16 1
3838.5 2.85626e-15 3.66374e-16 1
3840 2.73058e-15 3.66374e-16 1
3841.5 3.09503e-15 3.66374e-16 1
3843 2.56523e-15 3.66374e-16 1
3844.5 2.67817e-15 3.66374e-16 1
3846 3.0503e-15 3.66374e-16 1
3847.5 2.93705e-15 3.66374e-16 1
3849 3.01707e-15 3.66374e-16 1
3850.5 3.13205e-15 3.66374e-16 1
3852 3.54281e-15 3.66374e-16 1
3853.5 3.75772e-15 3.66374e-16 1
3855 3.74178e-15 3.66374e-16 1
3856.5 3.83362e-15 3.66374e-16 1
3858 3.87498e-15 3.66374e-16 1
3859.5 3.75462e-15 3.66374e-16 1
3861 3.92885e-15 3.66374e-16 1
3862.5 4.0417e-15 3.66374e-16 1
3864 4.36985e-15 3.66374e-16 1
3865.5 4.73234e-15 3.66374e-16 1
3867 4.64335e-15 3.66374e-16 1
3868.5 5.06383e-15 3.66374e-16 1
3870 5.00365e-15 3.66374e-16 1
3871.5 4.30744e-15 3.66374e-16 1
3873 4.39855e-15 3.66374e-16 1
3874.5 5.0321e-15 3.66374e-16 1
3876 5.02694e-15 3.66374e-16 1
3877.5 5.32307e-15 3.66374e-16 1
3879 5.86861e-15 3.66374e-16 1
3880.5 6.07446e-15 3.66374e-16 1
3882 6.28301e-15 3.66374e-16 1
3883.5 6.63154e-15 3.66374e-16 1
3885 6.79532e-15 3.66374e-16 1
3886.5 6.57617e-15 3.66374e-16 1
3888 6.19707e-15 3.66374e-16 1
3889.5 6.12039e-15 3.66374e-16 1
3891 6.32211e-15 3.66374e-16 1
3892.5 6.62759e-15 3.66374e-16 1
3894 6.98285e-15 3.66374e-16 1
3895.5 6.67594e-15 3.66374e-16 1
3897 6.42256e-15 3.66374e-16 1
3898.5 6.80288e-15 3.66374e-16 1
3900 6.90146e-15 3.66374e-16 1
3901.5 7.26342e-15 3.66374e-16 1
3903 7.59912e-15 3.66374e-16 1
3904.5 7.23896e-15 3.66374e-16 1
3906 7.34326e-15 3.66374e-16 1
3907.5 7.50688e-15 3.66374e-16 1
3909 8.03554e-15 3.66374e-16 1
3910.5 8.34558e-15 3.66374e-16 1
3912 8.32331e-15 3.66374e-16 1
3913.5 8.16378e-15 3.66374e-16 1
3915 8.32442e-15 3.66374e-16 1
3916.5 8.37087e-15 3.66374e-16 1
3918 8.53539e-15 3.66374e-16 1
3919.5 8.24616e-15 3.66374e-16 1
3921 8.35251e-15 4.13723e-16 1
3922.5 8.55633e-15 4.13723e-16 1
3924 8.30199e-15 4.13723e-16 1
3925.5 8.3767e-15 4.13723e-16 1
3927 8.87911e-15 4.13723e-16 1
3928.5 8.89469e-15 4.13723e-16 1
3930 8.79731e-15 4.13723e-16 1
3931.5 8.31285e-15 4.13723e-16 1
3933 8.44442e-15 4.13723e-16 1
3934.5 8.49088e-15 4.13723e-16 1
3936 8.43492e-15 4.13723e-16 1
3937.5 8.54978e-15 4.13723e-16 1
3939 9.25098e-15 4.13723e-16 1
3940.5 9.38076e-15 4.13723e-16 1
3942 8.93552e-15 4.13723e-16 1
3943.5 8.85542e-15 4.13723e-16 1
3945 8.88155e-15 4.13723e-16 1
3946.5 8.96655e-15 4.13723e-16 1
3948 8.83597e-15 4.13723e-16 1
3949.5 8.70049e-15 4.13723e-16 1
3951 8.82685e-15 4.13723e-16 1
3952.5 9.72762e-15 4.13723e-16 1
3954 1.00982e-14 4.13723e-16 1
3955.5 1.01265e-14 4.13723e-16 1
3957 1.03588e-14 4.13723e-16 1
3958.5 9.84225e-15 4.13723e-16 1
3960 9.88875e-15 4.13723e-16 1
3961.5 1.02727e-14 4.13723e-16 1
3963 1.01288e-14 4.13723e-16 1
3964.5 9.70232e-15 4.13723e-16 1
3966 9.99755e-15 4.13723e-16 1
3967.5 1.02269e-14 4.13723e-16 1
3969 9.9215e-15 4.13723e-16 1
3970.5 1.01297e-14 4.13723e-16 1
3972 1.05729e-14 4.13723e-16 1
3973.5 1.05177e-14 4.13723e-16 1
3975 1.02892e-14 4.13723e-16 1
3976.5 1.03893e-14 4.13723e-16 1
3978 1.05796e-14 4.13723e-16 1
3979.5 1.05126e-14 4.13723e-16 1
3981 1.03105e-14 4.13723e-16 1
3982.5 1.02084e-14 4.13723e-16 1
3984 1.00352e-14 4.13723e-16 1
3985.5 1.05259e-14 4.13723e-16 1
3987 1.06823e-14 4.13723e-16 1
3988.5 1.05925e-14 4.13723e-16 1
3990 9.75093e-15 4.13723e-16 1
3991.5 8.82608e-15 4.13723e-16 1
3993 9.68317e-15 4.13723e-16 1
3994.5 1.02432e-14 4.13723e-16 1
3996 1.02427e-14 4.13723e-16 1
3997.5 1.05993e-14 4.13723e-16 1
3999 1.03581e-14 4.13723e-16 1
4000.5 1.03918e-14 4.13723e-16 1
4002 1.03131e-14 4.13723e-16 1
4003.5 9.96567e-15 4.13723e-16 1
4005 9.94011e-15 4.13723e-16 1
4006.5 9.70047e-15 4.13723e-16 1
4008 9.80825e-15 4.13723e-16 1
4009.5 9.87047e-15 4.13723e-16 1
4011 9.44397e-15 4.13723e-16 1
4012.5 9.10126e-15 4.13723e-16 1
4014 9.19845e-15 4.13723e-16 1
4015.5 9.76571e-15 4.13723e-16 1
4017 9.44064e-15 4.13723e-16 1
4018.5 8.77286e-15 4.13723e-16 1
4020 9.07939e-15 3.37462e-16 1
4021.5 9.34354e-15 3.37462e-16 1
4023 9.04683e-15 3.37462e-16 1
4024.5 9.07492e-15 3.37462e-16 1
4026 9.16556e-15 3.37462e-16 1
4027.5 8.68571e-15 3.37462e-16 1
4029 8.88213e-15 3.37462e-16 1
4030.5 8.98348e-15 3.37462e-16 1
4032 8.88319e-15 3.37462e-16 1
4033.5 8.32441e-15 3.37462e-16 1
4035 8.24978e-15 3.37462e-16 1
4036.5 8.80962e-15 3.37462e-16 1
4038 8.1389e-15 3.37462e-16 1
4039.5 7.98121e-15 3.37462e-16 1
4041 7.37012e-15 3.37462e-16 1
4042.5 7.43675e-15 3.37462e-16 1
4044 7.74771e-15 3.37462e-16 1
4045.5 7.79277e-15 3.37462e-16 1
4047 7.36457e-15 3.37462e-16 1
4048.5 7.44013e-15 3.37462e-16 1
4050 7.33724e-15 3.37462e-16 1
4051.5 7.06627e-15 3.37462e-16 1
4053 7.12378e-15 3.37462e-16 1
4054.5 7.40092e-15 3.37462e-16 1
4056 7.49279e-15 3.37462e-16 1
4057.5 7.47106e-15 3.37462e-16 1
4059 7.4202e-15 3.37462e-16 1
4060.5 7.40427e-15 3.37462e-16 1
4062 7.44416e-15 3.37462e-16 1
4063.5 7.68744e-15 3.37462e-16 1
4065 7.20092e-15 3.37462e-16 1
4066.5 6.97388e-15 3.37462e-16 1
4068 7.31028e-15 3.37462e-16 1
4069.5 7.31567e-15 3.37462e-16 1
4071 7.32105e-15 3.37462e-16 1
4072.5 7.32644e-15 3.37462e-16 1
4074 7.32644e-15 3.37462e-16 1
4075.5 7.46943e-15 3.37462e-16 1
4077 7.53968e-15 3.37462e-16 1
4078.5 7.48693e-15 3.37462e-16 1
4080 7.47896e-15 3.37462e-16 1
4081.5 7.48952e-15 3.37462e-16 1
4083 7.74925e-15 3.37462e-16 1
4084.5 7.57614e-15 3.37462e-16 1
4086 7.26696e-15 3.37462e-16 1
4087.5 7.15507e-15 3.37462e-16 1
4089 7.16764e-15 3.37462e-16 1
4090.5 7.25935e-15 3.37462e-16 1
4092 7.27125e-15 3.37462e-16 1
4093.5 7.05116e-15 3.37462e-16 1
4095 6.68436e-15 3.37462e-16 1
4096.5 6.66824e-15 3.37462e-16 1
4098 6.78694e-15 3.37462e-16 1
4099.5 6.50418e-15 3.37462e-16 1
4101 6.64964e-15 3.37462e-16 1
4102.5 6.87028e-15 3.37462e-16 1
4104 6.70106e-15 3.37462e-16 1
4105.5 6.40274e-15 3.37462e-16 1
4107 6.53994e-15 3.37462e-16 1
4108.5 6.06179e-15 3.37462e-16 1
4110 6.20945e-15 3.37462e-16 1
4111.5 5.99376e-15 3.37462e-16 1
4113 6.20154e-15 3.37462e-16 1
4114.5 6.56247e-15 3.37462e-16 1
4116 6.43345e-15 3.37462e-16 1
4117.5 6.32367e-15 3.37462e-16 1
4119 6.2792e-15 3.37462e-16 1
4120.5 6.10575e-15 2.14856e-16 1
4122 6.05639e-15 2.14856e-16 1
4123.5 6.41786e-15 2.14856e-16 1
4125 6.4049e-15 2.14856e-16 1
4126.5 6.23605e-15 2.14856e-16 1
4128 6.35181e-15 2.14856e-16 1
4129.5 6.41753e-15 2.14856e-16 1
4131 6.21258e-15 2.14856e-16 1
4132.5 6.20664e-15 2.14856e-16 1
4134 6.23488e-15 2.14856e-16 1
4135.5 6.14517e-15 2.14856e-16 1
4137 5.94348e-15 2.14856e-16 1
4138.5 5.83885e-15 2.14856e-16 1
4140 6.09295e-15 2.14856e-16 1
4141.5 6.03369e-15 2.14856e-16 1
4143 5.75845e-15 2.14856e-16 1
4144.5 6.00815e-15 2.14856e-16 1
4146 6.05821e-15 2.14856e-16 1
4147.5 5.96309e-15 2.14856e-16 1
4149 5.94414e-15 2.14856e-16 1
4150.5 5.98994e-15 2.14856e-16 1
4152 6.143e-15 2.14856e-16 1
4153.5 6.51832e-15 2.14856e-16 1
4155 6.26099e-15 2.14856e-16 1
4156.5 5.7542e-15 2.14856e-16 1
4158 5.68777e-15 2.14856e-16 1
4159.5 5.88926e-15 2.14856e-16 1
4161 6.06807e-15 2.14856e-16 1
4162.5 5.85316e-15 2.14856e-16 1
4164 5.69748e-15 2.14856e-16 1
4165.5 5.86247e-15 2.14856e-16 1
4167 6.18973e-15 2.14856e-16 1
4168.5 5.99178e-15 2.14856e-16 1
4170 5.76266e-15 2.14856e-16 1
4171.5 5.73909e-15 2.14856e-16 1
4173 5.86931e-15 2.14856e-16 1
4174.5 6.15775e-15 2.14856e-16 1
4176 6.1101e-15 2.14856e-16 1
4177.5 5.76238e-15 2.14856e-16 1
4179 5.62137e-15 2.14856e-16 1
4180.5 5.97824e-15 2.14856e-16 1
4182 6.08299e-15 2.14856e-16 1
4183.5 6.34708e-15 2.14856e-16 1
4185 6.51404e-15 2.14856e-16 1
4186.5 6.67174e-15 2.14856e-16 1
4188 6.34392e-15 2.14856e-16 1
4189.5 6.33466e-15 2.14856e-16 1
4191 6.56024e-15 2.14856e-16 1
4192.5 6.60005e-15 2.14856e-16 1
4194 6.17576e-15 2.14856e-16 1
4195.5 6.28861e-15 2.14856e-16 1
4197 6.67726e-15 2.14856e-16 1
4198.5 6.89401e-15 2.14856e-16 1
4200 7.01543e-15 2.14856e-16 1
4201.5 7.01652e-15 2.14856e-16 1
4203 6.77467e-15 2.14856e-16 1
4204.5 6.68873e-15 2.14856e-16 1
4206 6.97014e-15 2.14856e-16 1
4207.5 7.01936e-15 2.14856e-16 1
4209 6.67639e-15 2.14856e-16 1
4210.5 6.56727e-15 2.14856e-16 1
4212 6.64929e-15 2.14856e-16 1
4213.5 6.76243e-15 2.14856e-16 1
4215 6.5668e-15 2.14856e-16 1
4216.5 6.53506e-15 2.14856e-16 1
4218 6.72261e-15 2.14856e-16 1
4219.5 6.62127e-15 2.14856e-16 1
4221 6.46247e-15 2.73384e-16 1
4222.5 6.4055e-15 2.73384e-16 1
4224 6.46674e-15 2.73384e-16 1
4225.5 6.62711e-15 2.73384e-16 1
4227 6.96508e-15 2.73384e-16 1
4228.5 6.87215e-15 2.73384e-16 1
4230 6.84541e-15 2.73384e-16 1
4231.5 7.08792e-15 2.73384e-16 1
4233 7.13373e-15 2.73384e-16 1
4234.5 7.06434e-15 2.73384e-16 1
4236 7.06612e-15 2.73384e-16 1
4237.5 6.74619e-15 2.73384e-16 1
4239 6.63035e-15 2.73384e-16 1
4240.5 6.90139e-15 2.73384e-16 1
4242 6.95335e-15 2.73384e-16 1
4243.5 7.06809e-15 2.73384e-16 1
4245 7.21272e-15 2.73384e-16 1
4246.5 6.79771e-15 2.73384e-16 1
4248 6.98678e-15 2.73384e-16 1
4249.5 7.03491e-15 2.73384e-16 1
4251 6.34465e-15 2.73384e-16 1
4252.5 6.72403e-15 2.73384e-16 1
4254 7.06018e-15 2.73384e-16 1
4255.5 6.94241e-15 2.73384e-16 1
4257 7.16815e-15 2.73384e-16 1
4258.5 7.02912e-15 2.73384e-16 1
4260 6.95206e-15 2.73384e-16 1
4261.5 6.72644e-15 2.73384e-16 1
4263 6.76008e-15 2.73384e-16 1
4264.5 6.66443e-15 2.73384e-16 1
4266 6.82094e-15 2.73384e-16 1
4267.5 7.06282e-15 2.73384e-16 1
4269 7.16609e-15 2.73384e-16 1
4270.5 7.14892e-15 2.73384e-16 1
4272 7.00966e-15 2.73384e-16 1
4273.5 6.96251e-15 2.73384e-16 1
4275 6.79804e-15 2.73384e-16 1
4276.5 6.67985e-15 2.73384e-16 1
4278 6.81416e-15 2.73384e-16 1
4279.5 6.79171e-15 2.73384e-16 1
4281 7.08293e-15 2.73384e-16 1
4282.5 6.99408e-15 2.73384e-16 1
4284 7.05842e-15 2.73384e-16 1
4285.5 7.18902e-15 2.73384e-16 1
4287 7.00395e-15 2.73384e-16 1
4288.5 7.18534e-15 2.73384e-16 1
4290 7.42307e-15 2.73384e-16 1
4291.5 7.13533e-15 2.73384e-16 1
4293 7.05365e-15 2.73384e-16 1
4294.5 7.10141e-15 2.73384e-16 1
4296 7.27467e-15 2.73384e-16 1
4297.5 7.23318e-15 2.73384e-16 1
4299 7.05546e-15 2.73384e-16 1
4300.5 7.41395e-15 2.73384e-16 1
4302 7.66647e-15 2.73384e-16 1
4303.5 7.64104e-15 2.73384e-16 1
4305 7.41828e-15 2.73384e-16 1
4306.5 7.15517e-15 2.73384e-16 1
4308 7.41872e-15 2.73384e-16 1
4309.5 7.79488e-15 2.73384e-16 1
4311 7.61417e-15 2.73384e-16 1
4312.5 7.63348e-15 2.73384e-16 1
4314 7.83965e-15 2.73384e-16 1
4315.5 7.84657e-15 2.73384e-16 1
4317 7.68856e-15 2.73384e-16 1
4318.5 7.7832e-15 2.73384e-16 1
4320 8.15918e-15 3.48975e-16 1
4321.5 8.22891e-15 3.48975e-16 1
4323 8.10485e-15 3.48975e-16 1
4324.5 8.38275e-15 3.48975e-16 1
4326 8.31568e-15 3.48975e-16 1
4327.5 8.41402e-15 3.48975e-16 1
4329 8.29292e-15 3.48975e-16 1
4330.5 8.10177e-15 3.48975e-16 1
4332 8.67002e-15 3.48975e-16 1
4333.5 9.05074e-15 3.48975e-16 1
4335 8.70961e-15 3.48975e-16 1
4336.5 8.70205e-15 3.48975e-16 1
4338 8.52057e-15 3.48975e-16 1
4339.5 8.44035e-15 3.48975e-16 1
4341 8.62231e-15 3.48975e-16 1
4342.5 8.57081e-15 3.48975e-16 1
4344 8.35837e-15 3.48975e-16 1
4345.5 8.26777e-15 3.48975e-16 1
4347 8.56234e-15 3.48975e-16 1
4348.5 8.53679e-15 3.48975e-16 1
4350 8.4717e-15 3.48975e-16 1
4351.5 8.29322e-15 3.48975e-16 1
4353 8.07007e-15 3.48975e-16 1
4354.5 7.98051e-15 3.48975e-16 1
4356 7.89947e-15 3.48975e-16 1
4357.5 8.01807e-15 3.48975e-16 1
4359 7.76784e-15 3.48975e-16 1
4360.5 7.5202e-15 3.48975e-16 1
4362 7.31855e-15 3.48975e-16 1
4363.5 7.13797e-15 3.48975e-16 1
4365 7.1445e-15 3.48975e-16 1
4366.5 7.00604e-15 3.48975e-16 1
4368 7.0367e-15 3.48975e-16 1
4369.5 7.16952e-15 3.48975e-16 1
4371 7.05319e-15 3.48975e-16 1
4372.5 6.88241e-15 3.48975e-16 1
4374 6.78536e-15 3.48975e-16 1
4375.5 6.37598e-15 3.48975e-16 1
4377 6.15164e-15 3.48975e-16 1
4378.5 6.40698e-15 3.48975e-16 1
4380 6.254e-15 3.48975e-16 1
4381.5 5.90915e-15 3.48975e-16 1
4383 5.99375e-15 3.48975e-16 1
4384.5 5.99988e-15 3.48975e-16 1
4386 5.8483e-15 3.48975e-16 1
4387.5 6.11299e-15 3.48975e-16 1
4389 6.10844e-15 3.48975e-16 1
4390.5 5.85535e-15 3.48975e-16 1
4392 5.73532e-15 3.48975e-16 1
4393.5 5.61723e-15 3.48975e-16 1
4395 5.5099e-15 3.48975e-16 1
4396.5 5.33742e-15 3.48975e-16 1
4398 5.56473e-15 3.48975e-16 1
4399.5 5.4218e-15 3.48975e-16 1
4401 5.02557e-15 3.48975e-16 1
4402.5 5.2847e-15 3.48975e-16 1
4404 5.06874e-15 3.48975e-16 1
4405.5 4.78817e-15 3.48975e-16 1
4407 5.03038e-15 3.48975e-16 1
4408.5 5.04923e-15 3.48975e-16 1
4410 4.7611e-15 3.48975e-16 1
4411.5 4.63538e-15 3.48975e-16 1
4413 4.44604e-15 3.48975e-16 1
4414.5 4.48437e-15 3.48975e-16 1
4416 4.37299e-15 3.48975e-16 1
4417.5 4.29995e-15 3.48975e-16 1
4419 4.47119e-15 3.48975e-16 1
4420.5 4.36813e-15 1.77102e-16 1
4422 4.04931e-15 1.77102e-16 1
4423.5 4.27003e-15 1.77102e-16 1
4425 4.11882e-15 1.77102e-16 1
4426.5 3.97172e-15 1.77102e-16 1
4428 4.08458e-15 1.77102e-16 1
4429.5 4.1177e-15 1.77102e-16 1
4431 4.03739e-15 1.77102e-16 1
4432.5 4.0366e-15 1.77102e-16 1
4434 3.96241e-15 1.77102e-16 1
4435.5 3.90737e-15 1.77102e-16 1
4437 3.84951e-15 1.77102e-16 1
4438.5 3.92022e-15 1.77102e-16 1
4440 3.78864e-15 1.77102e-16 1
4441.5 3.81383e-15 1.77102e-16 1
4443 3.9483e-15 1.77102e-16 1
4444.5 3.82433e-15 1.77102e-16 1
4446 3.89893e-15 1.77102e-16 1
4447.5 4.11244e-15 1.77102e-16 1
4449 4.07919e-15 1.77102e-16 1
4450.5 4.0064e-15 1.77102e-16 1
4452 3.99318e-15 1.77102e-16 1
4453.5 4.10194e-15 1.77102e-16 1
4455 4.18833e-15 1.77102e-16 1
4456.5 4.3689e-15 1.77102e-16 1
4458 4.49343e-15 1.77102e-16 1
4459.5 4.41732e-15 1.77102e-16 1
4461 4.5431e-15 1.77102e-16 1
4462.5 4.54878e-15 1.77102e-16 1
4464 4.53855e-15 1.77102e-16 1
4465.5 4.51814e-15 1.77102e-16 1
4467 4.72656e-15 1.77102e-16 1
4468.5 4.56568e-15 1.77102e-16 1
4470 4.75596e-15 1.77102e-16 1
4471.5 4.37757e-15 1.77102e-16 1
4473 4.68533e-15 1.77102e-16 1
4474.5 4.55592e-15 1.77102e-16 1
4476 4.81434e-15 1.77102e-16 1
4477.5 4.5375e-15 1.77102e-16 1
4479 4.49798e-15 1.77102e-16 1
4480.5 4.59081e-15 1.77102e-16 1
4482 4.5927e-15 1.77102e-16 1
4483.5 4.66358e-15 1.77102e-16 1
4485 5.02944e-15 1.77102e-16 1
4486.5 4.60335e-15 1.77102e-16 1
4488 4.71658e-15 1.77102e-16 1
4489.5 5.10371e-15 1.77102e-16 1
4491 5.03329e-15 1.77102e-16 1
4492.5 4.93219e-15 1.77102e-16 1
4494 5.01125e-15 1.77102e-16 1
4495.5 5.12851e-15 1.77102e-16 1
4497 5.23006e-15 1.77102e-16 1
4498.5 5.22319e-15 1.77102e-16 1
4500 5.2952e-15 1.77102e-16 1
4501.5 5.43303e-15 1.77102e-16 1
4503 5.31406e-15 1.77102e-16 1
4504.5 5.5196e-15 1.77102e-16 1
4506 5.779e-15 1.77102e-16 1
4507.5 6.00943e-15 1.77102e-16 1
4509 6.05384e-15 1.77102e-16 1
4510.5 5.84318e-15 1.77102e-16 1
4512 5.6808e-15 1.77102e-16 1
4513.5 5.81626e-15 1.77102e-16 1
4515 6.09409e-15 1.77102e-16 1
4516.5 6.35474e-15 1.77102e-16 1
4518 6.57212e-15 1.77102e-16 1
4519.5 6.34547e-15 1.77102e-16 1
4521 6.19946e-15 2.73362e-16 1
4522.5 6.20435e-15 2.73362e-16 1
4524 6.29637e-15 2.73362e-16 1
4525.5 6.58778e-15 2.73362e-16 1
4527 6.9311e-15 2.73362e-16 1
4528.5 7.00288e-15 2.73362e-16 1
4530 7.05558e-15 2.73362e-16 1
4531.5 7.077e-15 2.73362e-16 1
4533 7.20539e-15 2.73362e-16 1
4534.5 7.3519e-15 2.73362e-16 1
4536 7.47129e-15 2.73362e-16 1
4537.5 7.66121e-15 2.73362e-16 1
4539 7.55026e-15 2.73362e-16 1
4540.5 7.70437e-15 2.73362e-16 1
4542 7.87038e-15 2.73362e-16 1
4543.5 7.79455e-15 2.73362e-16 1
4545 7.94969e-15 2.73362e-16 1
4546.5 8.4244e-15 2.73362e-16 1
4548 8.8786e-15 2.73362e-16 1
4549.5 8.83542e-15 2.73362e-16 1
4551 9.11896e-15 2.73362e-16 1
4552.5 9.17935e-15 2.73362e-16 1
4554 9.5029e-15 2.73362e-16 1
4555.5 9.7875e-15 2.73362e-16 1
4557 9.83407e-15 2.73362e-16 1
4558.5 9.47489e-15 2.73362e-16 1
4560 1.00052e-14 2.73362e-16 1
4561.5 1.05996e-14 2.73362e-16 1
4563 1.07488e-14 2.73362e-16 1
4564.5 1.05671e-14 2.73362e-16 1
4566 1.04946e-14 2.73362e-16 1
4567.5 1.07706e-14 2.73362e-16 1
4569 1.11375e-14 2.73362e-16 1
4570.5 1.1057e-14 2.73362e-16 1
4572 1.12759e-14 2.73362e-16 1
4573.5 1.17995e-14 2.73362e-16 1
4575 1.20716e-14 2.73362e-16 1
4576.5 1.20758e-14 2.73362e-16 1
4578 1.22346e-14 2.73362e-16 1
4579.5 1.24717e-14 2.73362e-16 1
4581 1.25845e-14 2.73362e-16 1
4582.5 1.28248e-14 2.73362e-16 1
4584 1.29963e-14 2.73362e-16 1
4585.5 1.30812e-14 2.73362e-16 1
4587 1.31747e-14 2.73362e-16 1
4588.5 1.31406e-14 2.73362e-16 1
4590 1.33311e-14 2.73362e-16 1
4591.5 1.34454e-14 2.73362e-16 1
4593 1.3383e-14 2.73362e-16 1
4594.5 1.35334e-14 2.73362e-16 1
4596 1.38575e-14 2.73362e-16 1
4597.5 1.386e-14 2.73362e-16 1
4599 1.38186e-14 2.73362e-16 1
4600.5 1.41523e-14 2.73362e-16 1
4602 1.40233e-14 2.73362e-16 1
4603.5 1.38953e-14 2.73362e-16 1
4605 1.41693e-14 2.73362e-16 1
4606.5 1.42037e-14 2.73362e-16 1
4608 1.42236e-14 2.73362e-16 1
4609.5 1.45157e-14 2.73362e-16 1
4611 1.42457e-14 2.73362e-16 1
4612.5 1.40754e-14 2.73362e-16 1
4614 1.44402e-14 2.73362e-16 1
4615.5 1.45707e-14 2.73362e-16 1
4617 1.45676e-14 2.73362e-16 1
4618.5 1.4627e-14 2.73362e-16 1
4620 1.48774e-14 6.47827e-16 1
4621.5 1.43787e-14 6.47827e-16 1
4623 1.41622e-14 6.47827e-16 1
4624.5 1.47024e-14 6.47827e-16 1
4626 1.52306e-14 6.47827e-16 1
4627.5 1.50366e-14 6.47827e-16 1
4629 1.47659e-14 6.47827e-16 1
4630.5 1.47664e-14 6.47827e-16 1
4632 1.49193e-14 6.47827e-16 1
4633.5 1.5106e-14 6.47827e-16 1
4635 1.51863e-14 6.47827e-16 1
4636.5 1.53111e-14 6.47827e-16 1
4638 1.51681e-14 6.47827e-16 1
4639.5 1.52083e-14 6.47827e-16 1
4641 1.55087e-14 6.47827e-16 1
4642.5 1.56385e-14 6.47827e-16 1
4644 1.5606e-14 6.47827e-16 1
4645.5 1.56668e-14 6.47827e-16 1
4647 1.565e-14 6.47827e-16 1
4648.5 1.55459e-14 6.47827e-16 1
4650 1.54592e-14 6.47827e-16 1
4651.5 1.55028e-14 6.47827e-16 1
4653 1.56153e-14 6.47827e-16 1
4654.5 1.58452e-14 6.47827e-16 1
4656 1.59559e-14 6.47827e-16 1
4657.5 1.57618e-14 6.47827e-16 1
4659 1.56091e-14 6.47827e-16 1
4660.5 1.56103e-14 6.47827e-16 1
4662 1.56012e-14 6.47827e-16 1
4663.5 1.54666e-14 6.47827e-16 1
4665 1.52838e-14 6.47827e-16 1
4666.5 1.50696e-14 6.47827e-16 1
4668 1.47347e-14 6.47827e-16 1
4669.5 1.44532e-14 6.47827e-16 1
4671 1.43866e-14 6.47827e-16 1
4672.5 1.41081e-14 6.47827e-16 1
4674 1.37156e-14 6.47827e-16 1
4675.5 1.3391e-14 6.47827e-16 1
4677 1.30857e-14 6.47827e-16 1
4678.5 1.28111e-14 6.47827e-16 1
4680 1.27857e-14 6.47827e-16 1
4681.5 1.24173e-14 6.47827e-16 1
4683 1.20388e-14 6.47827e-16 1
4684.5 1.18829e-14 6.47827e-16 1
4686 1.16598e-14 6.47827e-16 1
4687.5 1.14491e-14 6.47827e-16 1
4689 1.11389e-14 6.47827e-16 1
4690.5 1.09349e-14 6.47827e-16 1
4692 1.05905e-14 6.47827e-16 1
4693.5 1.01983e-14 6.47827e-16 1
4695 1.01469e-14 6.47827e-16 1
4696.5 1.02107e-14 6.47827e-16 1
4698 9.90632e-15 6.47827e-16 1
4699.5 9.68169e-15 6.47827e-16 1
4701 9.44063e-15 6.47827e-16 1
4702.5 9.28643e-15 6.47827e-16 1
4704 8.93198e-15 6.47827e-16 1
4705.5 8.61072e-15 6.47827e-16 1
4707 8.92005e-15 6.47827e-16 1
4708.5 8.90164e-15 6.47827e-16 1
4710 8.54891e-15 6.47827e-16 1
4711.5 8.3094e-15 6.47827e-16 1
4713 8.16278e-15 6.47827e-16 1
4714.5 7.93965e-15 6.47827e-16 1
4716 7.83228e-15 6.47827e-16 1
4717.5 7.85109e-15 6.47827e-16 1
4719 7.47302e-15 6.47827e-16 1
4720.5 7.33523e-15 4.98011e-16 1
4722 7.45017e-15 4.98011e-16 1
4723.5 7.36258e-15 4.98011e-16 1
4725 7.11825e-15 4.98011e-16 1
4726.5 7.01016e-15 4.98011e-16 1
4728 7.12605e-15 4.98011e-16 1
4729.5 6.89786e-15 4.98011e-16 1
4731 6.82529e-15 4.98011e-16 1
4732.5 6.92825e-15 4.98011e-16 1
4734 6.97179e-15 4.98011e-16 1
4735.5 7.01444e-15 4.98011e-16 1
4737 6.98605e-15 4.98011e-16 1
4738.5 6.88251e-15 4.98011e-16 1
4740 6.78217e-15 4.98011e-16 1
4741.5 6.7726e-15 4.98011e-16 1
4743 6.78971e-15 4.98011e-16 1
4744.5 6.76214e-15 4.98011e-16 1
4746 6.73539e-15 4.98011e-16 1
4747.5 6.70863e-15 4.98011e-16 1
4749 6.68187e-15 4.98011e-16 1
4750.5 6.65511e-15 4.98011e-16 1
4752 6.62835e-15 4.98011e-16 1
4753.5 6.62835e-15 4.98011e-16 1
4755 6.54124e-15 4.98011e-16 1
4756.5 6.23776e-15 4.98011e-16 1
4758 6.04662e-15 4.98011e-16 1
4759.5 6.20848e-15 4.98011e-16 1
4761 6.13678e-15 4.98011e-16 1
4762.5 6.26385e-15 4.98011e-16 1
4764 6.05297e-15 4.98011e-16 1
4765.5 5.76663e-15 4.98011e-16 1
4767 5.74004e-15 4.98011e-16 1
4768.5 5.57709e-15 4.98011e-16 1
4770 5.73465e-15 4.98011e-16 1
4771.5 5.73054e-15 4.98011e-16 1
4773 5.61823e-15 4.98011e-16 1
4774.5 5.73135e-15 4.98011e-16 1
4776 5.75177e-15 4.98011e-16 1
4777.5 5.82537e-15 4.98011e-16 1
4779 5.44438e-15 4.98011e-16 1
4780.5 5.42882e-15 4.98011e-16 1
4782 5.75067e-15 4.98011e-16 1
4783.5 5.69426e-15 4.98011e-16 1
4785 5.99323e-15 4.98011e-16 1
4786.5 5.82933e-15 4.98011e-16 1
4788 5.79668e-15 4.98011e-16 1
4789.5 5.883e-15 4.98011e-16 1
4791 5.90245e-15 4.98011e-16 1
4792.5 5.98312e-15 4.98011e-16 1
4794 6.00353e-15 4.98011e-16 1
4795.5 6.00588e-15 4.98011e-16 1
4797 6.15875e-15 4.98011e-16 1
4798.5 6.36084e-15 4.98011e-16 1
4800 6.30562e-15 4.98011e-16 1
4801.5 6.27806e-15 4.98011e-16 1
4803 6.44539e-15 4.98011e-16 1
4804.5 6.76306e-15 4.98011e-16 1
4806 6.93507e-15 4.98011e-16 1
4807.5 7.05241e-15 4.98011e-16 1
4809 7.21038e-15 4.98011e-16 1
4810.5 7.30068e-15 4.98011e-16 1
4812 7.3129e-15 4.98011e-16 1
4813.5 7.43229e-15 4.98011e-16 1
4815 7.64747e-15 4.98011e-16 1
4816.5 7.7814e-15 4.98011e-16 1
4818 7.92196e-15 4.98011e-16 1
4819.5 7.99559e-15 4.98011e-16 1
4821 7.92265e-15 3.43405e-16 1
4822.5 8.1166e-15 3.43405e-16 1
4824 8.37656e-15 3.43405e-16 1
4825.5 8.45065e-15 3.43405e-16 1
4827 8.54347e-15 3.43405e-16 1
4828.5 8.48716e-15 3.43405e-16 1
4830 8.66598e-15 3.43405e-16 1
4831.5 9.02192e-15 3.43405e-16 1
4833 9.04352e-15 3.43405e-16 1
4834.5 8.75344e-15 3.43405e-16 1
4836 8.88688e-15 3.43405e-16 1
4837.5 9.34737e-15 3.43405e-16 1
4839 9.13709e-15 3.43405e-16 1
4840.5 8.80078e-15 3.43405e-16 1
4842 8.48333e-15 3.43405e-16 1
4843.5 8.38018e-15 3.43405e-16 1
4845 8.73799e-15 3.43405e-16 1
4846.5 8.61152e-15 3.43405e-16 1
4848 8.58679e-15 3.43405e-16 1
4849.5 8.41638e-15 3.43405e-16 1
4851 7.90087e-15 3.43405e-16 1
4852.5 7.7184e-15 3.43405e-16 1
4854 7.97136e-15 3.43405e-16 1
4855.5 7.90509e-15 3.43405e-16 1
4857 7.57296e-15 3.43405e-16 1
4858.5 7.18198e-15 3.43405e-16 1
4860 7.2608e-15 3.43405e-16 1
4861.5 7.59863e-15 3.43405e-16 1
4863 7.72333e-15 3.43405e-16 1
4864.5 7.42051e-15 3.43405e-16 1
4866 7.22706e-15 3.43405e-16 1
4867.5 7.00503e-15 3.43405e-16 1
4869 6.79414e-15 3.43405e-16 1
4870.5 7.01973e-15 3.43405e-16 1
4872 7.09043e-15 3.43405e-16 1
4873.5 7.00816e-15 3.43405e-16 1
4875 6.9557e-15 3.43405e-16 1
4876.5 7.02828e-15 3.43405e-16 1
4878 7.07429e-15 3.43405e-16 1
4879.5 7.03613e-15 3.43405e-16 1
4881 7.23435e-15 3.43405e-16 1
4882.5 7.39479e-15 3.43405e-16 1
4884 7.42915e-15 3.43405e-16 1
4885.5 7.39867e-15 3.43405e-16 1
4887 7.42565e-15 3.43405e-16 1
4888.5 7.52165e-15 3.43405e-16 1
4890 7.51556e-15 3.43405e-16 1
4891.5 7.57225e-15 3.43405e-16 1
4893 7.56734e-15 3.43405e-16 1
4894.5 7.47138e-15 3.43405e-16 1
4896 7.52141e-15 3.43405e-16 1
4897.5 7.82719e-15 3.43405e-16 1
4899 7.88222e-15 3.43405e-16 1
4900.5 8.16528e-15 3.43405e-16 1
4902 8.64106e-15 3.43405e-16 1
4903.5 8.77239e-15 3.43405e-16 1
4905 8.61094e-15 3.43405e-16 1
4906.5 8.68868e-15 3.43405e-16 1
4908 8.70797e-15 3.43405e-16 1
4909.5 8.75859e-15 3.43405e-16 1
4911 9.05162e-15 3.43405e-16 1
4912.5 9.00972e-15 3.43405e-16 1
4914 9.12424e-15 3.43405e-16 1
4915.5 9.58198e-15 3.43405e-16 1
4917 1.0066e-14 3.43405e-16 1
4918.5 1.01996e-14 3.43405e-16 1
4920 1.01126e-14 6.92497e-16 1
4921.5 9.96311e-15 6.92497e-16 1
4923 1.01923e-14 6.92497e-16 1
4924.5 1.0152e-14 6.92497e-16 1
4926 1.0351e-14 6.92497e-16 1
4927.5 1.07402e-14 6.92497e-16 1
4929 1.1082e-14 6.92497e-16 1
4930.5 1.11932e-14 6.92497e-16 1
4932 1.1225e-14 6.92497e-16 1
4933.5 1.15028e-14 6.92497e-16 1
4935 1.14908e-14 6.92497e-16 1
4936.5 1.15847e-14 6.92497e-16 1
4938 1.1888e-14 6.92497e-16 1
4939.5 1.20794e-14 6.92497e-16 1
4941 1.21376e-14 6.92497e-16 1
4942.5 1.22843e-14 6.92497e-16 1
4944 1.2427e-14 6.92497e-16 1
4945.5 1.23971e-14 6.92497e-16 1
4947 1.24488e-14 6.92497e-16 1
4948.5 1.26359e-14 6.92497e-16 1
4950 1.28287e-14 6.92497e-16 1
4951.5 1.29951e-14 6.92497e-16 1
4953 1.30477e-14 6.92497e-16 1
4954.5 1.30011e-14 6.92497e-16 1
4956 1.30411e-14 6.92497e-16 1
4957.5 1.3348e-14 6.92497e-16 1
4959 1.34778e-14 6.92497e-16 1
4960.5 1.32036e-14 6.92497e-16 1
4962 1.33107e-14 6.92497e-16 1
4963.5 1.3431e-14 6.92497e-16 1
4965 1.32787e-14 6.92497e-16 1
4966.5 1.34744e-14 6.92497e-16 1
4968 1.32989e-14 6.92497e-16 1
4969.5 1.34145e-14 6.92497e-16 1
4971 1.3496e-14 6.92497e-16 1
4972.5 1.33623e-14 6.92497e-16 1
4974 1.34394e-14 6.92497e-16 1
4975.5 1.30364e-14 6.92497e-16 1
4977 1.29751e-14 6.92497e-16 1
4978.5 1.30107e-14 6.92497e-16 1
4980 1.2568e-14 6.92497e-16 1
4981.5 1.24744e-14 6.92497e-16 1
4983 1.24682e-14 6.92497e-16 1
4984.5 1.22052e-14 6.92497e-16 1
4986 1.17065e-14 6.92497e-16 1
4987.5 1.14828e-14 6.92497e-16 1
4989 1.12184e-14 6.92497e-16 1
4990.5 1.10746e-14 6.92497e-16 1
4992 1.077e-14 6.92497e-16 1
4993.5 1.01593e-14 6.92497e-16 1
4995 9.90894e-15 6.92497e-16 1
4996.5 9.81951e-15 6.92497e-16 1
4998 9.65403e-15 6.92497e-16 1
4999.5 9.36132e-15 6.92497e-16 1
5001 9.46021e-15 6.92497e-16 1
5002.5 9.22387e-15 6.92497e-16 1
5004 8.69621e-15 6.92497e-16 1
5005.5 8.72169e-15 6.92497e-16 1
5007 8.4141e-15 6.92497e-16 1
5008.5 8.80588e-15 6.92497e-16 1
5010 8.62163e-15 6.92497e-16 1
5011.5 8.22353e-15 6.92497e-16 1
5013 7.90113e-15 6.92497e-16 1
5014.5 7.95287e-15 6.92497e-16 1
5016 7.89775e-15 6.92497e-16 1
5017.5 7.87582e-15 6.92497e-16 1
5019 7.80153e-15 6.92497e-16 1
5020.5 7.63245e-15 3.41801e-16 1
5022 7.41015e-15 3.41801e-16 1
5023.5 7.44203e-15 3.41801e-16 1
5025 7.55868e-15 3.41801e-16 1
5026.5 7.63778e-15 3.41801e-16 1
5028 7.33279e-15 3.41801e-16 1
5029.5 7.0696e-15 3.41801e-16 1
5031 7.12285e-15 3.41801e-16 1
5032.5 7.16338e-15 3.41801e-16 1
5034 7.05403e-15 3.41801e-16 1
5035.5 6.95765e-15 3.41801e-16 1
5037 6.97319e-15 3.41801e-16 1
5038.5 6.87227e-15 3.41801e-16 1
5040 6.92599e-15 3.41801e-16 1
5041.5 6.99263e-15 3.41801e-16 1
5043 7.04384e-15 3.41801e-16 1
5044.5 6.82025e-15 3.41801e-16 1
5046 6.74729e-15 3.41801e-16 1
5047.5 6.82785e-15 3.41801e-16 1
5049 6.73602e-15 3.41801e-16 1
5050.5 6.58697e-15 3.41801e-16 1
5052 6.5238e-15 3.41801e-16 1
5053.5 6.61785e-15 3.41801e-16 1
5055 6.67002e-15 3.41801e-16 1
5056.5 6.89035e-15 3.41801e-16 1
5058 6.9718e-15 3.41801e-16 1
5059.5 6.79698e-15 3.41801e-16 1
5061 6.47488e-15 3.41801e-16 1
5062.5 6.96586e-15 3.41801e-16 1
5064 6.7625e-15 3.41801e-16 1
5065.5 6.36744e-15 3.41801e-16 1
5067 6.39224e-15 3.41801e-16 1
5068.5 6.45256e-15 3.41801e-16 1
5070 6.65557e-15 3.41801e-16 1
5071.5 6.49833e-15 3.41801e-16 1
5073 6.33598e-15 3.41801e-16 1
5074.5 6.4485e-15 3.41801e-16 1
5076 6.5028e-15 3.41801e-16 1
5077.5 6.19389e-15 3.41801e-16 1
5079 6.18264e-15 3.41801e-16 1
5080.5 6.14465e-15 3.41801e-16 1
5082 6.3555e-15 3.41801e-16 1
5083.5 6.45245e-15 3.41801e-16 1
5085 6.45617e-15 3.41801e-16 1
5086.5 6.49954e-15 3.41801e-16 1
5088 6.29105e-15 3.41801e-16 1
5089.5 6.19582e-15 3.41801e-16 1
5091 6.22048e-15 3.41801e-16 1
5092.5 6.2182e-15 3.41801e-16 1
5094 6.16468e-15 3.41801e-16 1
5095.5 6.33202e-15 3.41801e-16 1
5097 6.33594e-15 3.41801e-16 1
5098.5 6.2497e-15 3.41801e-16 1
5100 6.32444e-15 3.41801e-16 1
5101.5 6.37402e-15 3.41801e-16 1
5103 6.45192e-15 3.41801e-16 1
5104.5 6.42935e-15 3.41801e-16 1
5106 6.33131e-15 3.41801e-16 1
5107.5 6.25325e-15 3.41801e-16 1
5109 6.16609e-15 3.41801e-16 1
5110.5 6.29496e-15 3.41801e-16 1
5112 6.40024e-15 3.41801e-16 1
5113.5 6.24296e-15 3.41801e-16 1
5115 6.03092e-15 3.41801e-16 1
5116.5 6.35757e-15 3.41801e-16 1
5118 6.38167e-15 3.41801e-16 1
5119.5 6.20608e-15 3.41801e-16 1
5121 6.31453e-15 1.50532e-16 1
5122.5 6.43242e-15 1.50532e-16 1
5124 6.33341e-15 1.50532e-16 1
5125.5 6.08477e-15 1.50532e-16 1
5127 6.05515e-15 1.50532e-16 1
5128.5 6.22071e-15 1.50532e-16 1
5130 6.48138e-15 1.50532e-16 1
5131.5 6.15726e-15 1.50532e-16 1
5133 6.0881e-15 1.50532e-16 1
5134.5 6.37193e-15 1.50532e-16 1
5136 6.17898e-15 1.50532e-16 1
5137.5 6.31204e-15 1.50532e-16 1
5139 6.3116e-15 1.50532e-16 1
5140.5 5.90023e-15 1.50532e-16 1
5142 6.03686e-15 1.50532e-16 1
5143.5 6.19399e-15 1.50532e-16 1
5145 6.05718e-15 1.50532e-16 1
5146.5 5.90445e-15 1.50532e-16 1
5148 6.05143e-15 1.50532e-16 1
5149.5 6.15958e-15 1.50532e-16 1
5151 6.12501e-15 1.50532e-16 1
5152.5 6.12471e-15 1.50532e-16 1
5154 6.10211e-15 1.50532e-16 1
5155.5 6.00981e-15 1.50532e-16 1
5157 5.86339e-15 1.50532e-16 1
5158.5 6.01322e-15 1.50532e-16 1
5160 6.26845e-15 1.50532e-16 1
5161.5 6.16569e-15 1.50532e-16 1
5163 6.01632e-15 1.50532e-16 1
5164.5 5.91e-15 1.50532e-16 1
5166 6.02545e-15 1.50532e-16 1
5167.5 6.24905e-15 1.50532e-16 1
5169 6.4161e-15 1.50532e-16 1
5170.5 6.32027e-15 1.50532e-16 1
5172 6.20427e-15 1.50532e-16 1
5173.5 6.2038e-15 1.50532e-16 1
5175 6.18549e-15 1.50532e-16 1
5176.5 6.35064e-15 1.50532e-16 1
5178 6.42715e-15 1.50532e-16 1
5179.5 6.42642e-15 1.50532e-16 1
5181 6.62073e-15 1.50532e-16 1
5182.5 6.78189e-15 1.50532e-16 1
5184 6.88688e-15 1.50532e-16 1
5185.5 6.67042e-15 1.50532e-16 1
5187 6.42716e-15 1.50532e-16 1
5188.5 6.52728e-15 1.50532e-16 1
5190 6.7665e-15 1.50532e-16 1
5191.5 6.79531e-15 1.50532e-16 1
5193 6.75449e-15 1.50532e-16 1
5194.5 6.83237e-15 1.50532e-16 1
5196 7.22498e-15 1.50532e-16 1
5197.5 7.17065e-15 1.50532e-16 1
5199 7.16327e-15 1.50532e-16 1
5200.5 7.07254e-15 1.50532e-16 1
5202 7.06361e-15 1.50532e-16 1
5203.5 7.10822e-15 1.50532e-16 1
5205 7.39214e-15 1.50532e-16 1
5206.5 7.54013e-15 1.50532e-16 1
5208 7.41924e-15 1.50532e-16 1
5209.5 7.55391e-15 1.50532e-16 1
5211 7.68195e-15 1.50532e-16 1
5212.5 7.72525e-15 1.50532e-16 1
5214 7.86714e-15 1.50532e-16 1
5215.5 7.95707e-15 1.50532e-16 1
5217 7.86903e-15 1.50532e-16 1
5218.5 7.98698e-15 1.50532e-16 1
5220 8.17643e-15 1.59147e-16 1
5221.5 7.99501e-15 1.59147e-16 1
5223 8.10588e-15 1.59147e-16 1
5224.5 8.38457e-15 1.59147e-16 1
5226 8.4858e-15 1.59147e-16 1
5227.5 8.45501e-15 1.59147e-16 1
5229 8.66191e-15 1.59147e-16 1
5230.5 8.79697e-15 1.59147e-16 1
5232 8.66687e-15 1.59147e-16 1
5233.5 8.73733e-15 1.59147e-16 1
5235 8.83788e-15 1.59147e-16 1
5236.5 8.94785e-15 1.59147e-16 1
5238 9.13831e-15 1.59147e-16 1
5239.5 9.09396e-15 1.59147e-16 1
5241 9.14231e-15 1.59147e-16 1
5242.5 9.2967e-15 1.59147e-16 1
5244 9.27878e-15 1.59147e-16 1
5245.5 9.21448e-15 1.59147e-16 1
5247 9.40301e-15 1.59147e-16 1
5248.5 9.46885e-15 1.59147e-16 1
5250 9.30103e-15 1.59147e-16 1
5251.5 9.32615e-15 1.59147e-16 1
5253 9.63521e-15 1.59147e-16 1
5254.5 9.72891e-15 1.59147e-16 1
5256 9.89292e-15 1.59147e-16 1
5257.5 9.89213e-15 1.59147e-16 1
5259 9.70092e-15 1.59147e-16 1
5260.5 9.82023e-15 1.59147e-16 1
5262 9.80163e-15 1.59147e-16 1
5263.5 9.85712e-15 1.59147e-16 1
5265 9.9389e-15 1.59147e-16 1
5266.5 9.95433e-15 1.59147e-16 1
5268 9.99984e-15 1.59147e-16 1
5269.5 1.02764e-14 1.59147e-16 1
5271 1.04169e-14 1.59147e-16 1
5272.5 1.04699e-14 1.59147e-16 1
5274 1.0476e-14 1.59147e-16 1
5275.5 1.05149e-14 1.59147e-16 1
5277 1.07916e-14 1.59147e-16 1
5278.5 1.0741e-14 1.59147e-16 1
5280 1.08759e-14 1.59147e-16 1
5281.5 1.10852e-14 1.59147e-16 1
5283 1.09158e-14 1.59147e-16 1
5284.5 1.11599e-14 1.59147e-16 1
5286 1.12478e-14 1.59147e-16 1
5287.5 1.10429e-14 1.59147e-16 1
5289 1.12354e-14 1.59147e-16 1
5290.5 1.12475e-14 1.59147e-16 1
5292 1.11411e-14 1.59147e-16 1
5293.5 1.14415e-14 1.59147e-16 1
5295 1.15086e-14 1.59147e-16 1
5296.5 1.16296e-14 1.59147e-16 1
5298 1.19847e-14 1.59147e-16 1
5299.5 1.18217e-14 1.59147e-16 1
5301 1.16673e-14 1.59147e-16 1
5302.5 1.18127e-14 1.59147e-16 1
5304 1.19071e-14 1.59147e-16 1
5305.5 1.19165e-14 1.59147e-16 1
5307 1.18766e-14 1.59147e-16 1
5308.5 1.19366e-14 1.59147e-16 1
5310 1.20102e-14 1.59147e-16 1
5311.5 1.21487e-14 1.59147e-16 1
5313 1.2229e-14 1.59147e-16 1
5314.5 1.22459e-14 1.59147e-16 1
5316 1.23059e-14 1.59147e-16 1
5317.5 1.21278e-14 1.59147e-16 1
5319 1.19958e-14 1.59147e-16 1
5320.5 1.21524e-14 2.01247e-16 1
5322 1.21217e-14 2.01247e-16 1
5323.5 1.21244e-14 2.01247e-16 1
5325 1.23354e-14 2.01247e-16 1
5326.5 1.23287e-14 2.01247e-16 1
5328 1.24538e-14 2.01247e-16 1
5329.5 1.25742e-14 2.01247e-16 1
5331 1.23936e-14 2.01247e-16 1
5332.5 1.22617e-14 2.01247e-16 1
5334 1.22713e-14 2.01247e-16 1
5335.5 1.22796e-14 2.01247e-16 1
5337 1.24618e-14 2.01247e-16 1
5338.5 1.22019e-14 2.01247e-16 1
5340 1.22234e-14 2.01247e-16 1
5341.5 1.2599e-14 2.01247e-16 1
5343 1.25e-14 2.01247e-16 1
5344.5 1.23703e-14 2.01247e-16 1
5346 1.2198e-14 2.01247e-16 1
5347.5 1.21893e-14 2.01247e-16 1
5349 1.24777e-14 2.01247e-16 1
5350.5 1.25758e-14 2.01247e-16 1
5352 1.27262e-14 2.01247e-16 1
5353.5 1.27671e-14 2.01247e-16 1
5355 1.26917e-14 2.01247e-16 1
5356.5 1.25358e-14 2.01247e-16 1
5358 1.26477e-14 2.01247e-16 1
5359.5 1.25772e-14 2.01247e-16 1
5361 1.25817e-14 2.01247e-16 1
5362.5 1.25894e-14 2.01247e-16 1
5364 1.23082e-14 2.01247e-16 1
5365.5 1.2084e-14 2.01247e-16 1
5367 1.22486e-14 2.01247e-16 1
5368.5 1.2473e-14 2.01247e-16 1
5370 1.25187e-14 2.01247e-16 1
5371.5 1.26269e-14 2.01247e-16 1
5373 1.27887e-14 2.01247e-16 1
5374.5 1.27075e-14 2.01247e-16 1
5376 1.25745e-14 2.01247e-16 1
5377.5 1.27843e-14 2.01247e-16 1
5379 1.29498e-14 2.01247e-16 1
5380.5 1.29185e-14 2.01247e-16 1
5382 1.27995e-14 2.01247e-16 1
5383.5 1.26284e-14 2.01247e-16 1
5385 1.26968e-14 2.01247e-16 1
5386.5 1.27771e-14 2.01247e-16 1
5388 1.26998e-14 2.01247e-16 1
5389.5 1.28115e-14 2.01247e-16 1
5391 1.28893e-14 2.01247e-16 1
5392.5 1.27745e-14 2.01247e-16 1
5394 1.2748e-14 2.01247e-16 1
5395.5 1.27533e-14 2.01247e-16 1
5397 1.27509e-14 2.01247e-16 1
5398.5 1.26491e-14 2.01247e-16 1
5400 1.25253e-14 2.01247e-16 1
5401.5 1.25175e-14 2.01247e-16 1
5403 1.2627e-14 2.01247e-16 1
5404.5 1.2632e-14 2.01247e-16 1
5406 1.2624e-14 2.01247e-16 1
5407.5 1.25058e-14 2.01247e-16 1
5409 1.25159e-14 2.01247e-16 1
5410.5 1.25075e-14 2.01247e-16 1
5412 1.27261e-14 2.01247e-16 1
5413.5 1.25953e-14 2.01247e-16 1
5415 1.23704e-14 2.01247e-16 1
5416.5 1.22486e-14 2.01247e-16 1
5418 1.23553e-14 2.01247e-16 1
5419.5 1.24692e-14 2.01247e-16 1
5421 1.24406e-14 1.72686e-16 1
5422.5 1.26618e-14 1.72686e-16 1
5424 1.29455e-14 1.72686e-16 1
5425.5 1.26765e-14 1.72686e-16 1
5427 1.29486e-14 1.72686e-16 1
5428.5 1.29455e-14 1.72686e-16 1
5430 1.28497e-14 1.72686e-16 1
5431.5 1.2552e-14 1.72686e-16 1
5433 1.27112e-14 1.72686e-16 1
5434.5 1.27694e-14 1.72686e-16 1
5436 1.27196e-14 1.72686e-16 1
5437.5 1.29967e-14 1.72686e-16 1
5439 1.30473e-14 1.72686e-16 1
5440.5 1.32114e-14 1.72686e-16 1
5442 1.36954e-14 1.72686e-16 1
5443.5 1.36718e-14 1.72686e-16 1
5445 1.32612e-14 1.72686e-16 1
5446.5 1.33868e-14 1.72686e-16 1
5448 1.39181e-14 1.72686e-16 1
5449.5 1.38545e-14 1.72686e-16 1
5451 1.38551e-14 1.72686e-16 1
5452.5 1.38825e-14 1.72686e-16 1
5454 1.37657e-14 1.72686e-16 1
5455.5 1.40503e-14 1.72686e-16 1
5457 1.42269e-14 1.72686e-16 1
5458.5 1.42645e-14 1.72686e-16 1
5460 1.43399e-14 1.72686e-16 1
5461.5 1.43664e-14 1.72686e-16 1
5463 1.4546e-14 1.72686e-16 1
5464.5 1.46981e-14 1.72686e-16 1
5466 1.47111e-14 1.72686e-16 1
5467.5 1.47208e-14 1.72686e-16 1
5469 1.50469e-14 1.72686e-16 1
5470.5 1.51731e-14 1.72686e-16 1
5472 1.54612e-14 1.72686e-16 1
5473.5 1.54285e-14 1.72686e-16 1
5475 1.53929e-14 1.72686e-16 1
5476.5 1.56103e-14 1.72686e-16 1
5478 1.57435e-14 1.72686e-16 1
5479.5 1.58617e-14 1.72686e-16 1
5481 1.57882e-14 1.72686e-16 1
5482.5 1.60075e-14 1.72686e-16 1
5484 1.60366e-14 1.72686e-16 1
5485.5 1.61994e-14 1.72686e-16 1
5487 1.6328e-14 1.72686e-16 1
5488.5 1.63808e-14 1.72686e-16 1
5490 1.65408e-14 1.72686e-16 1
5491.5 1.65601e-14 1.72686e-16 1
5493 1.63706e-14 1.72686e-16 1
5494.5 1.66072e-14 1.72686e-16 1
5496 1.67134e-14 1.72686e-16 1
5497.5 1.69083e-14 1.72686e-16 1
5499 1.71122e-14 1.72686e-16 1
5500.5 1.69375e-14 1.72686e-16 1
5502 1.69448e-14 1.72686e-16 1
5503.5 1.70283e-14 1.72686e-16 1
5505 1.66979e-14 1.72686e-16 1
5506.5 1.68452e-14 1.72686e-16 1
5508 1.70569e-14 1.72686e-16 1
5509.5 1.72773e-14 1.72686e-16 1
5511 1.69877e-14 1.72686e-16 1
5512.5 1.71054e-14 1.72686e-16 1
5514 1.69582e-14 1.72686e-16 1
5515.5 1.6885e-14 1.72686e-16 1
5517 1.70475e-14 1.72686e-16 1
5518.5 1.71291e-14 1.72686e-16 1
5520 1.6826e-14 1.98751e-16 1
5521.5 1.67351e-14 1.98751e-16 1
5523 1.69433e-14 1.98751e-16 1
5524.5 1.71599e-14 1.98751e-16 1
5526 1.70845e-14 1.98751e-16 1
5527.5 1.66828e-14 1.98751e-16 1
5529 1.65385e-14 1.98751e-16 1
5530.5 1.65387e-14 1.98751e-16 1
5532 1.67713e-14 1.98751e-16 1
5533.5 1.68826e-14 1.98751e-16 1
5535 1.6884e-14 1.98751e-16 1
5536.5 1.6942e-14 1.98751e-16 1
5538 1.67874e-14 1.98751e-16 1
5539.5 1.65389e-14 1.98751e-16 1
5541 1.63834e-14 1.98751e-16 1
5542.5 1.63564e-14 1.98751e-16 1
5544 1.63292e-14 1.98751e-16 1
5545.5 1.64277e-14 1.98751e-16 1
5547 1.63982e-14 1.98751e-16 1
5548.5 1.61475e-14 1.98751e-16 1
5550 1.61226e-14 1.98751e-16 1
5551.5 1.58959e-14 1.98751e-16 1
5553 1.5982e-14 1.98751e-16 1
5554.5 1.6054e-14 1.98751e-16 1
5556 1.61798e-14 1.98751e-16 1
5557.5 1.58979e-14 1.98751e-16 1
5559 1.57384e-14 1.98751e-16 1
5560.5 1.56072e-14 1.98751e-16 1
5562 1.58352e-14 1.98751e-16 1
5563.5 1.57834e-14 1.98751e-16 1
5565 1.53491e-14 1.98751e-16 1
5566.5 1.53281e-14 1.98751e-16 1
5568 1.53441e-14 1.98751e-16 1
5569.5 1.51656e-14 1.98751e-16 1
5571 1.52165e-14 1.98751e-16 1
5572.5 1.50506e-14 1.98751e-16 1
5574 1.50515e-14 1.98751e-16 1
5575.5 1.55201e-14 1.98751e-16 1
5577 1.50474e-14 1.98751e-16 1
5578.5 1.44237e-14 1.98751e-16 1
5580 1.43548e-14 1.98751e-16 1
5581.5 1.39613e-14 1.98751e-16 1
5583 1.38701e-14 1.98751e-16 1
5584.5 1.3946e-14 1.98751e-16 1
5586 1.43085e-14 1.98751e-16 1
5587.5 1.42349e-14 1.98751e-16 1
5589 1.3825e-14 1.98751e-16 1
5590.5 1.38787e-14 1.98751e-16 1
5592 1.37625e-14 1.98751e-16 1
5593.5 1.35423e-14 1.98751e-16 1
5595 1.34528e-14 1.98751e-16 1
5596.5 1.322e-14 1.98751e-16 1
5598 1.32203e-14 1.98751e-16 1
5599.5 1.3188e-14 1.98751e-16 1
5601 1.29285e-14 1.98751e-16 1
5602.5 1.27797e-14 1.98751e-16 1
5604 1.27148e-14 1.98751e-16 1
5605.5 1.27879e-14 1.98751e-16 1
5607 1.27271e-14 1.98751e-16 1
5608.5 1.23708e-14 1.98751e-16 1
5610 1.21983e-14 1.98751e-16 1
5611.5 1.21975e-14 1.98751e-16 1
5613 1.2263e-14 1.98751e-16 1
5614.5 1.20744e-14 1.98751e-16 1
5616 1.1765e-14 1.98751e-16 1
5617.5 1.17359e-14 1.98751e-16 1
5619 1.17496e-14 1.98751e-16 1
5620.5 1.16709e-14 1.42059e-16 1
5622 1.17147e-14 1.42059e-16 1
5623.5 1.15473e-14 1.42059e-16 1
5625 1.12449e-14 1.42059e-16 1
5626.5 1.1196e-14 1.42059e-16 1
5628 1.10668e-14 1.42059e-16 1
5629.5 1.07979e-14 1.42059e-16 1
5631 1.07419e-14 1.42059e-16 1
5632.5 1.09014e-14 1.42059e-16 1
5634 1.07592e-14 1.42059e-16 1
5635.5 1.06049e-14 1.42059e-16 1
5637 1.03917e-14 1.42059e-16 1
5638.5 1.02763e-14 1.42059e-16 1
5640 1.03018e-14 1.42059e-16 1
5641.5 9.79851e-15 1.42059e-16 1
5643 9.75105e-15 1.42059e-16 1
5644.5 1.00215e-14 1.42059e-16 1
5646 9.5765e-15 1.42059e-16 1
5647.5 9.34617e-15 1.42059e-16 1
5649 9.30375e-15 1.42059e-16 1
5650.5 9.00289e-15 1.42059e-16 1
5652 9.02705e-15 1.42059e-16 1
5653.5 9.034e-15 1.42059e-16 1
5655 8.92173e-15 1.42059e-16 1
5656.5 8.76048e-15 1.42059e-16 1
5658 8.6746e-15 1.42059e-16 1
5659.5 8.59865e-15 1.42059e-16 1
5661 8.38819e-15 1.42059e-16 1
5662.5 8.24002e-15 1.42059e-16 1
5664 8.01219e-15 1.42059e-16 1
5665.5 7.96743e-15 1.42059e-16 1
5667 7.89087e-15 1.42059e-16 1
5668.5 7.80169e-15 1.42059e-16 1
5670 7.68234e-15 1.42059e-16 1
5671.5 7.54506e-15 1.42059e-16 1
5673 7.46374e-15 1.42059e-16 1
5674.5 7.19745e-15 1.42059e-16 1
5676 7.11947e-15 1.42059e-16 1
5677.5 7.13745e-15 1.42059e-16 1
5679 6.93173e-15 1.42059e-16 1
5680.5 6.93719e-15 1.42059e-16 1
5682 6.97e-15 1.42059e-16 1
5683.5 6.76577e-15 1.42059e-16 1
5685 6.66384e-15 1.42059e-16 1
5686.5 6.70696e-15 1.42059e-16 1
5688 6.6784e-15 1.42059e-16 1
5689.5 6.61514e-15 1.42059e-16 1
5691 6.49289e-15 1.42059e-16 1
5692.5 6.56599e-15 1.42059e-16 1
5694 6.62618e-15 1.42059e-16 1
5695.5 6.5092e-15 1.42059e-16 1
5697 6.41008e-15 1.42059e-16 1
5698.5 6.4337e-15 1.42059e-16 1
5700 6.42446e-15 1.42059e-16 1
5701.5 6.25378e-15 1.42059e-16 1
5703 6.34171e-15 1.42059e-16 1
5704.5 6.25299e-15 1.42059e-16 1
5706 6.39146e-15 1.42059e-16 1
5707.5 6.35217e-15 1.42059e-16 1
5709 6.45563e-15 1.42059e-16 1
5710.5 6.49327e-15 1.42059e-16 1
5712 6.49858e-15 1.42059e-16 1
5713.5 6.47489e-15 1.42059e-16 1
5715 6.45866e-15 1.42059e-16 1
5716.5 6.63325e-15 1.42059e-16 1
5718 6.63493e-15 1.42059e-16 1
5719.5 6.53001e-15 1.42059e-16 1
5721 6.66398e-15 1.81292e-16 1
5722.5 6.675e-15 1.81292e-16 1
5724 6.99099e-15 1.81292e-16 1
5725.5 6.9539e-15 1.81292e-16 1
5727 6.94275e-15 1.81292e-16 1
5728.5 7.00937e-15 1.81292e-16 1
5730 6.90854e-15 1.81292e-16 1
5731.5 7.35835e-15 1.81292e-16 1
5733 7.56777e-15 1.81292e-16 1
5734.5 7.5927e-15 1.81292e-16 1
5736 7.48735e-15 1.81292e-16 1
5737.5 7.56379e-15 1.81292e-16 1
5739 7.53739e-15 1.81292e-16 1
5740.5 7.64546e-15 1.81292e-16 1
5742 7.73736e-15 1.81292e-16 1
5743.5 8.02326e-15 1.81292e-16 1
5745 8.15273e-15 1.81292e-16 1
5746.5 7.96911e-15 1.81292e-16 1
5748 8.17357e-15 1.81292e-16 1
5749.5 8.72224e-15 1.81292e-16 1
5751 8.90802e-15 1.81292e-16 1
5752.5 9.18552e-15 1.81292e-16 1
5754 9.48111e-15 1.81292e-16 1
5755.5 9.30207e-15 1.81292e-16 1
5757 9.24857e-15 1.81292e-16 1
5758.5 9.53172e-15 1.81292e-16 1
5760 9.87351e-15 1.81292e-16 1
5761.5 9.97369e-15 1.81292e-16 1
5763 9.8648e-15 1.81292e-16 1
5764.5 9.90354e-15 1.81292e-16 1
5766 1.02681e-14 1.81292e-16 1
5767.5 1.0401e-14 1.81292e-16 1
5769 1.0689e-14 1.81292e-16 1
5770.5 1.09102e-14 1.81292e-16 1
5772 1.10454e-14 1.81292e-16 1
5773.5 1.10573e-14 1.81292e-16 1
5775 1.08267e-14 1.81292e-16 1
5776.5 1.12274e-14 1.81292e-16 1
5778 1.14444e-14 1.81292e-16 1
5779.5 1.14788e-14 1.81292e-16 1
5781 1.14882e-14 1.81292e-16 1
5782.5 1.15669e-14 1.81292e-16 1
5784 1.19068e-14 1.81292e-16 1
5785.5 1.19424e-14 1.81292e-16 1
5787 1.23301e-14 1.81292e-16 1
5788.5 1.25921e-14 1.81292e-16 1
5790 1.26377e-14 1.81292e-16 1
5791.5 1.28898e-14 1.81292e-16 1
5793 1.27297e-14 1.81292e-16 1
5794.5 1.28714e-14 1.81292e-16 1
5796 1.31004e-14 1.81292e-16 1
5797.5 1.30787e-14 1.81292e-16 1
5799 1.32778e-14 1.81292e-16 1
5800.5 1.32802e-14 1.81292e-16 1
5802 1.34774e-14 1.81292e-16 1
5803.5 1.36377e-14 1.81292e-16 1
5805 1.37899e-14 1.81292e-16 1
5806.5 1.38086e-14 1.81292e-16 1
5808 1.39843e-14 1.81292e-16 1
5809.5 1.40893e-14 1.81292e-16 1
5811 1.42447e-14 1.81292e-16 1
5812.5 1.44362e-14 1.81292e-16 1
5814 1.44732e-14 1.81292e-16 1
5815.5 1.43229e-14 1.81292e-16 1
5817 1.45453e-14 1.81292e-16 1
5818.5 1.45143e-14 1.81292e-16 1
5820 1.43313e-14 2.26519e-16 1
5821.5 1.44581e-14 2.26519e-16 1
5823 1.43858e-14 2.26519e-16 1
5824.5 1.4325e-14 2.26519e-16 1
5826 1.46719e-14 2.26519e-16 1
5827.5 1.47229e-14 2.26519e-16 1
5829 1.45919e-14 2.26519e-16 1
5830.5 1.45725e-14 2.26519e-16 1
5832 1.4732e-14 2.26519e-16 1
5833.5 1.50511e-14 2.26519e-16 1
5835 1.50542e-14 2.26519e-16 1
5836.5 1.4936e-14 2.26519e-16 1
5838 1.4828e-14 2.26519e-16 1
5839.5 1.47204e-14 2.26519e-16 1
5841 1.47558e-14 2.26519e-16 1
5842.5 1.49094e-14 2.26519e-16 1
5844 1.46521e-14 2.26519e-16 1
5845.5 1.44432e-14 2.26519e-16 1
5847 1.45576e-14 2.26519e-16 1
5848.5 1.45322e-14 2.26519e-16 1
5850 1.45609e-14 2.26519e-16 1
5851.5 1.44889e-14 2.26519e-16 1
5853 1.45862e-14 2.26519e-16 1
5854.5 1.4622e-14 2.26519e-16 1
5856 1.44952e-14 2.26519e-16 1
5857.5 1.42211e-14 2.26519e-16 1
5859 1.42267e-14 2.26519e-16 1
5860.5 1.43778e-14 2.26519e-16 1
5862 1.45268e-14 2.26519e-16 1
5863.5 1.41558e-14 2.26519e-16 1
5865 1.40964e-14 2.26519e-16 1
5866.5 1.42187e-14 2.26519e-16 1
5868 1.39024e-14 2.26519e-16 1
5869.5 1.39387e-14 2.26519e-16 1
5871 1.4162e-14 2.26519e-16 1
5872.5 1.43862e-14 2.26519e-16 1
5874 1.41511e-14 2.26519e-16 1
5875.5 1.37872e-14 2.26519e-16 1
5877 1.3431e-14 2.26519e-16 1
5878.5 1.34425e-14 2.26519e-16 1
5880 1.37503e-14 2.26519e-16 1
5881.5 1.3623e-14 2.26519e-16 1
5883 1.34848e-14 2.26519e-16 1
5884.5 1.35605e-14 2.26519e-16 1
5886 1.3425e-14 2.26519e-16 1
5887.5 1.3134e-14 2.26519e-16 1
5889 1.30754e-14 2.26519e-16 1
5890.5 1.30501e-14 2.26519e-16 1
5892 1.30002e-14 2.26519e-16 1
5893.5 1.31666e-14 2.26519e-16 1
5895 1.33463e-14 2.26519e-16 1
5896.5 1.3309e-14 2.26519e-16 1
5898 1.33577e-14 2.26519e-16 1
5899.5 1.33172e-14 2.26519e-16 1
5901 1.32767e-14 2.26519e-16 1
5902.5 1.32363e-14 2.26519e-16 1
5904 1.31958e-14 2.26519e-16 1
5905.5 1.31553e-14 2.26519e-16 1
5907 1.31148e-14 2.26519e-16 1
5908.5 1.31148e-14 2.26519e-16 1
5910 1.27826e-14 2.26519e-16 1
5911.5 1.26804e-14 2.26519e-16 1
5913 1.24263e-14 2.26519e-16 1
5914.5 1.24431e-14 2.26519e-16 1
5916 1.26828e-14 2.26519e-16 1
5917.5 1.2596e-14 2.26519e-16 1
5919 1.26053e-14 2.26519e-16 1
5920.5 1.26188e-14 2.31247e-16 1
5922 1.22862e-14 2.31247e-16 1
5923.5 1.21056e-14 2.31247e-16 1
5925 1.21468e-14 2.31247e-16 1
5926.5 1.22468e-14 2.31247e-16 1
5928 1.2487e-14 2.31247e-16 1
5929.5 1.24217e-14 2.31247e-16 1
5931 1.19821e-14 2.31247e-16 1
5932.5 1.18856e-14 2.31247e-16 1
5934 1.19495e-14 2.31247e-16 1
5935.5 1.17551e-14 2.31247e-16 1
5937 1.18545e-14 2.31247e-16 1
5938.5 1.18943e-14 2.31247e-16 1
5940 1.18537e-14 2.31247e-16 1
5941.5 1.18491e-14 2.31247e-16 1
5943 1.17194e-14 2.31247e-16 1
5944.5 1.14814e-14 2.31247e-16 1
5946 1.12814e-14 2.31247e-16 1
5947.5 1.12565e-14 2.31247e-16 1
5949 1.12414e-14 2.31247e-16 1
5950.5 1.11314e-14 2.31247e-16 1
5952 1.12051e-14 2.31247e-16 1
5953.5 1.11936e-14 2.31247e-16 1
5955 1.09506e-14 2.31247e-16 1
5956.5 1.08383e-14 2.31247e-16 1
5958 1.06794e-14 2.31247e-16 1
5959.5 1.04951e-14 2.31247e-16 1
5961 1.03417e-14 2.31247e-16 1
5962.5 1.01898e-14 2.31247e-16 1
5964 9.95021e-15 2.31247e-16 1
5965.5 9.89062e-15 2.31247e-16 1
5967 9.81708e-15 2.31247e-16 1
5968.5 9.87304e-15 2.31247e-16 1
5970 9.73977e-15 2.31247e-16 1
5971.5 9.4624e-15 2.31247e-16 1
5973 9.40317e-15 2.31247e-16 1
5974.5 9.38772e-15 2.31247e-16 1
5976 9.31855e-15 2.31247e-16 1
5977.5 9.09691e-15 2.31247e-16 1
5979 8.82237e-15 2.31247e-16 1
5980.5 8.75266e-15 2.31247e-16 1
5982 9.05196e-15 2.31247e-16 1
5983.5 8.81034e-15 2.31247e-16 1
5985 8.64178e-15 2.31247e-16 1
5986.5 8.85238e-15 2.31247e-16 1
5988 8.92991e-15 2.31247e-16 1
5989.5 8.65957e-15 2.31247e-16 1
5991 8.67426e-15 2.31247e-16 1
5992.5 8.65676e-15 2.31247e-16 1
5994 8.44637e-15 2.31247e-16 1
5995.5 8.5329e-15 2.31247e-16 1
5997 8.55929e-15 2.31247e-16 1
5998.5 8.1559e-15 2.31247e-16 1
6000 8.08986e-15 2.31247e-16 1
6001.5 7.93465e-15 2.31247e-16 1
6003 7.69935e-15 2.31247e-16 1
6004.5 7.87472e-15 2.31247e-16 1
6006 7.94809e-15 2.31247e-16 1
6007.5 7.62142e-15 2.31247e-16 1
6009 7.76899e-15 2.31247e-16 1
6010.5 7.86551e-15 2.31247e-16 1
6012 7.6554e-15 2.31247e-16 1
6013.5 7.75084e-15 2.31247e-16 1
6015 7.55556e-15 2.31247e-16 1
6016.5 7.47862e-15 2.31247e-16 1
6018 7.47306e-15 2.31247e-16 1
6019.5 7.67837e-15 2.31247e-16 1
6021 7.63254e-15 1.75816e-16 1
6022.5 7.36304e-15 1.75816e-16 1
6024 7.39995e-15 1.75816e-16 1
6025.5 7.53752e-15 1.75816e-16 1
6027 7.48328e-15 1.75816e-16 1
6028.5 7.38104e-15 1.75816e-16 1
6030 7.34691e-15 1.75816e-16 1
6031.5 7.37747e-15 1.75816e-16 1
6033 7.62825e-15 1.75816e-16 1
6034.5 7.61262e-15 1.75816e-16 1
6036 7.44468e-15 1.75816e-16 1
6037.5 7.33096e-15 1.75816e-16 1
6039 7.38962e-15 1.75816e-16 1
6040.5 7.39641e-15 1.75816e-16 1
6042 7.4032e-15 1.75816e-16 1
6043.5 7.40998e-15 1.75816e-16 1
6045 7.41677e-15 1.75816e-16 1
6046.5 7.42356e-15 1.75816e-16 1
6048 7.42356e-15 1.75816e-16 1
6049.5 7.41939e-15 1.75816e-16 1
6051 7.37e-15 1.75816e-16 1
6052.5 7.27721e-15 1.75816e-16 1
6054 7.28916e-15 1.75816e-16 1
6055.5 7.34534e-15 1.75816e-16 1
6057 7.23082e-15 1.75816e-16 1
6058.5 7.23471e-15 1.75816e-16 1
6060 7.23578e-15 1.75816e-16 1
6061.5 6.97457e-15 1.75816e-16 1
6063 7.0607e-15 1.75816e-16 1
6064.5 7.32646e-15 1.75816e-16 1
6066 7.20517e-15 1.75816e-16 1
6067.5 7.27427e-15 1.75816e-16 1
6069 7.23323e-15 1.75816e-16 1
6070.5 7.0907e-15 1.75816e-16 1
6072 7.22804e-15 1.75816e-16 1
6073.5 7.0246e-15 1.75816e-16 1
6075 6.86999e-15 1.75816e-16 1
6076.5 7.15911e-15 1.75816e-16 1
6078 7.27284e-15 1.75816e-16 1
6079.5 7.2966e-15 1.75816e-16 1
6081 7.18578e-15 1.75816e-16 1
6082.5 7.19977e-15 1.75816e-16 1
6084 7.30638e-15 1.75816e-16 1
6085.5 7.14124e-15 1.75816e-16 1
6087 6.99276e-15 1.75816e-16 1
6088.5 7.07806e-15 1.75816e-16 1
6090 7.03582e-15 1.75816e-16 1
6091.5 6.85771e-15 1.75816e-16 1
6093 6.99722e-15 1.75816e-16 1
6094.5 7.14032e-15 1.75816e-16 1
6096 7.21681e-15 1.75816e-16 1
6097.5 7.27831e-15 1.75816e-16 1
6099 7.23363e-15 1.75816e-16 1
6100.5 7.19936e-15 1.75816e-16 1
6102 7.44891e-15 1.75816e-16 1
6103.5 7.54704e-15 1.75816e-16 1
6105 7.32207e-15 1.75816e-16 1
6106.5 7.13844e-15 1.75816e-16 1
6108 7.23646e-15 1.75816e-16 1
6109.5 7.39842e-15 1.75816e-16 1
6111 7.4147e-15 1.75816e-16 1
6112.5 7.54122e-15 1.75816e-16 1
6114 7.60779e-15 1.75816e-16 1
6115.5 7.63925e-15 1.75816e-16 1
6117 7.63599e-15 1.75816e-16 1
6118.5 7.55853e-15 1.75816e-16 1
6120 7.63326e-15 1.19352e-16 1
6121.5 7.65718e-15 1.19352e-16 1
6123 7.70084e-15 1.19352e-16 1
6124.5 7.69864e-15 1.19352e-16 1
6126 7.72908e-15 1.19352e-16 1
6127.5 7.87931e-15 1.19352e-16 1
6129 7.86443e-15 1.19352e-16 1
6130.5 7.96315e-15 1.19352e-16 1
6132 8.05108e-15 1.19352e-16 1
6133.5 8.06606e-15 1.19352e-16 1
6135 8.18537e-15 1.19352e-16 1
6136.5 8.12475e-15 1.19352e-16 1
6138 8.06651e-15 1.19352e-16 1
6139.5 7.97053e-15 1.19352e-16 1
6141 8.05329e-15 1.19352e-16 1
6142.5 8.03125e-15 1.19352e-16 1
6144 8.03036e-15 1.19352e-16 1
6145.5 8.08277e-15 1.19352e-16 1
6147 8.12597e-15 1.19352e-16 1
6148.5 8.20203e-15 1.19352e-16 1
6150 8.16433e-15 1.19352e-16 1
6151.5 8.07064e-15 1.19352e-16 1
6153 8.01613e-15 1.19352e-16 1
6154.5 8.04199e-15 1.19352e-16 1
6156 8.27309e-15 1.19352e-16 1
6157.5 8.35108e-15 1.19352e-16 1
6159 8.07678e-15 1.19352e-16 1
6160.5 8.20396e-15 1.19352e-16 1
6162 8.2954e-15 1.19352e-16 1
6163.5 8.42518e-15 1.19352e-16 1
6165 8.33619e-15 1.19352e-16 1
6166.5 8.40692e-15 1.19352e-16 1
6168 8.54715e-15 1.19352e-16 1
6169.5 8.47577e-15 1.19352e-16 1
6171 8.51582e-15 1.19352e-16 1
6172.5 8.55987e-15 1.19352e-16 1
6174 8.51168e-15 1.19352e-16 1
6175.5 8.56216e-15 1.19352e-16 1
6177 8.50598e-15 1.19352e-16 1
6178.5 8.71884e-15 1.19352e-16 1
6180 8.8862e-15 1.19352e-16 1
6181.5 8.71606e-15 1.19352e-16 1
6183 8.76511e-15 1.19352e-16 1
6184.5 9.04896e-15 1.19352e-16 1
6186 9.15763e-15 1.19352e-16 1
6187.5 9.13541e-15 1.19352e-16 1
6189 9.15449e-15 1.19352e-16 1
6190.5 9.17313e-15 1.19352e-16 1
6192 9.1616e-15 1.19352e-16 1
6193.5 9.23921e-15 1.19352e-16 1
6195 9.46032e-15 1.19352e-16 1
6196.5 9.53447e-15 1.19352e-16 1
6198 9.58936e-15 1.19352e-16 1
6199.5 9.61823e-15 1.19352e-16 1
6201 9.66008e-15 1.19352e-16 1
6202.5 9.83486e-15 1.19352e-16 1
6204 9.73805e-15 1.19352e-16 1
6205.5 9.82758e-15 1.19352e-16 1
6207 9.9046e-15 1.19352e-16 1
6208.5 9.95734e-15 1.19352e-16 1
6210 9.95253e-15 1.19352e-16 1
6211.5 9.92451e-15 1.19352e-16 1
6213 1.00253e-14 1.19352e-16 1
6214.5 9.90867e-15 1.19352e-16 1
6216 9.85971e-15 1.19352e-16 1
6217.5 9.91983e-15 1.19352e-16 1
6219 9.9205e-15 1.19352e-16 1
6220.5 9.96366e-15 1.32923e-16 1
6222 9.92333e-15 1.32923e-16 1
6223.5 9.77916e-15 1.32923e-16 1
6225 9.89675e-15 1.32923e-16 1
6226.5 9.6533e-15 1.32923e-16 1
6228 9.76494e-15 1.32923e-16 1
6229.5 9.86606e-15 1.32923e-16 1
6231 9.68664e-15 1.32923e-16 1
6232.5 9.46467e-15 1.32923e-16 1
6234 9.46049e-15 1.32923e-16 1
6235.5 9.19586e-15 1.32923e-16 1
6237 9.30906e-15 1.32923e-16 1
6238.5 9.35493e-15 1.32923e-16 1
6240 9.29438e-15 1.32923e-16 1
6241.5 9.41459e-15 1.32923e-16 1
6243 9.26227e-15 1.32923e-16 1
6244.5 8.95965e-15 1.32923e-16 1
6246 9.07218e-15 1.32923e-16 1
6247.5 9.04845e-15 1.32923e-16 1
6249 8.7514e-15 1.32923e-16 1
6250.5 8.64939e-15 1.32923e-16 1
6252 8.74642e-15 1.32923e-16 1
6253.5 8.68171e-15 1.32923e-16 1
6255 8.59556e-15 1.32923e-16 1
6256.5 8.49545e-15 1.32923e-16 1
6258 8.14178e-15 1.32923e-16 1
6259.5 7.91323e-15 1.32923e-16 1
6261 7.92964e-15 1.32923e-16 1
6262.5 7.88923e-15 1.32923e-16 1
6264 7.89583e-15 1.32923e-16 1
6265.5 7.72107e-15 1.32923e-16 1
6267 7.5147e-15 1.32923e-16 1
6268.5 7.4229e-15 1.32923e-16 1
6270 7.47945e-15 1.32923e-16 1
6271.5 7.54452e-15 1.32923e-16 1
6273 7.42843e-15 1.32923e-16 1
6274.5 7.34717e-15 1.32923e-16 1
6276 7.17275e-15 1.32923e-16 1
6277.5 6.96489e-15 1.32923e-16 1
6279 7.09147e-15 1.32923e-16 1
6280.5 7.07121e-15 1.32923e-16 1
6282 6.929e-15 1.32923e-16 1
6283.5 6.84585e-15 1.32923e-16 1
6285 6.64882e-15 1.32923e-16 1
6286.5 6.63783e-15 1.32923e-16 1
6288 6.76572e-15 1.32923e-16 1
6289.5 6.70045e-15 1.32923e-16 1
6291 6.62587e-15 1.32923e-16 1
6292.5 6.56151e-15 1.32923e-16 1
6294 6.58266e-15 1.32923e-16 1
6295.5 6.77393e-15 1.32923e-16 1
6297 6.62661e-15 1.32923e-16 1
6298.5 6.71374e-15 1.32923e-16 1
6300 6.45228e-15 1.32923e-16 1
6301.5 6.21744e-15 1.32923e-16 1
6303 6.51869e-15 1.32923e-16 1
6304.5 6.59194e-15 1.32923e-16 1
6306 6.37412e-15 1.32923e-16 1
6307.5 6.19862e-15 1.32923e-16 1
6309 6.39061e-15 1.32923e-16 1
6310.5 6.51702e-15 1.32923e-16 1
6312 6.32568e-15 1.32923e-16 1
6313.5 6.38761e-15 1.32923e-16 1
6315 6.43364e-15 1.32923e-16 1
6316.5 6.29789e-15 1.32923e-16 1
6318 6.27422e-15 1.32923e-16 1
6319.5 6.29598e-15 1.32923e-16 1
6321 6.36046e-15 1.28736e-16 1
6322.5 6.38484e-15 1.28736e-16 1
6324 6.4407e-15 1.28736e-16 1
6325.5 6.40844e-15 1.28736e-16 1
6327 6.36635e-15 1.28736e-16 1
6328.5 6.59362e-15 1.28736e-16 1
6330 6.61492e-15 1.28736e-16 1
6331.5 6.597e-15 1.28736e-16 1
6333 6.77396e-15 1.28736e-16 1
6334.5 6.77313e-15 1.28736e-16 1
6336 6.73419e-15 1.28736e-16 1
6337.5 6.74867e-15 1.28736e-16 1
6339 6.80014e-15 1.28736e-16 1
6340.5 6.77067e-15 1.28736e-16 1
6342 6.80852e-15 1.28736e-16 1
6343.5 7.03923e-15 1.28736e-16 1
6345 7.0889e-15 1.28736e-16 1
6346.5 7.2328e-15 1.28736e-16 1
6348 7.26731e-15 1.28736e-16 1
6349.5 7.06237e-15 1.28736e-16 1
6351 7.08911e-15 1.28736e-16 1
6352.5 7.36059e-15 1.28736e-16 1
6354 7.11038e-15 1.28736e-16 1
6355.5 7.15618e-15 1.28736e-16 1
6357 7.38688e-15 1.28736e-16 1
6358.5 7.42741e-15 1.28736e-16 1
6360 7.64727e-15 1.28736e-16 1
6361.5 7.70794e-15 1.28736e-16 1
6363 7.58202e-15 1.28736e-16 1
6364.5 7.68688e-15 1.28736e-16 1
6366 7.79195e-15 1.28736e-16 1
6367.5 7.86711e-15 1.28736e-16 1
6369 7.99512e-15 1.28736e-16 1
6370.5 7.90926e-15 1.28736e-16 1
6372 7.97379e-15 1.28736e-16 1
6373.5 7.90828e-15 1.28736e-16 1
6375 7.97309e-15 1.28736e-16 1
6376.5 8.10408e-15 1.28736e-16 1
6378 8.13799e-15 1.28736e-16 1
6379.5 8.26348e-15 1.28736e-16 1
6381 8.30281e-15 1.28736e-16 1
6382.5 8.35458e-15 1.28736e-16 1
6384 8.23825e-15 1.28736e-16 1
6385.5 8.3992e-15 1.28736e-16 1
6387 8.37076e-15 1.28736e-16 1
6388.5 8.46265e-15 1.28736e-16 1
6390 8.60124e-15 1.28736e-16 1
6391.5 8.70967e-15 1.28736e-16 1
6393 8.73549e-15 1.28736e-16 1
6394.5 8.97057e-15 1.28736e-16 1
6396 9.12346e-15 1.28736e-16 1
6397.5 9.14402e-15 1.28736e-16 1
6399 9.16396e-15 1.28736e-16 1
6400.5 9.15307e-15 1.28736e-16 1
6402 9.14261e-15 1.28736e-16 1
6403.5 9.3399e-15 1.28736e-16 1
6405 9.46108e-15 1.28736e-16 1
6406.5 9.45604e-15 1.28736e-16 1
6408 9.62893e-15 1.28736e-16 1
6409.5 9.83159e-15 1.28736e-16 1
6411 1.00238e-14 1.28736e-16 1
6412.5 1.00127e-14 1.28736e-16 1
6414 9.98574e-15 1.28736e-16 1
6415.5 9.9875e-15 1.28736e-16 1
6417 1.01323e-14 1.28736e-16 1
6418.5 1.04805e-14 1.28736e-16 1
6420 1.05511e-14 1.54103e-16 1
6421.5 1.07002e-14 1.54103e-16 1
6423 1.08097e-14 1.54103e-16 1
6424.5 1.07789e-14 1.54103e-16 1
6426 1.08165e-14 1.54103e-16 1
6427.5 1.08022e-14 1.54103e-16 1
6429 1.0931e-14 1.54103e-16 1
6430.5 1.0895e-14 1.54103e-16 1
6432 1.122e-14 1.54103e-16 1
6433.5 1.11661e-14 1.54103e-16 1
6435 1.10956e-14 1.54103e-16 1
6436.5 1.11704e-14 1.54103e-16 1
6438 1.1207e-14 1.54103e-16 1
6439.5 1.1421e-14 1.54103e-16 1
6441 1.13425e-14 1.54103e-16 1
6442.5 1.16393e-14 1.54103e-16 1
6444 1.15639e-14 1.54103e-16 1
6445.5 1.14239e-14 1.54103e-16 1
6447 1.17077e-14 1.54103e-16 1
6448.5 1.19032e-14 1.54103e-16 1
6450 1.1466e-14 1.54103e-16 1
6451.5 1.19342e-14 1.54103e-16 1
6453 1.19913e-14 1.54103e-16 1
6454.5 1.21528e-14 1.54103e-16 1
6456 1.19561e-14 1.54103e-16 1
6457.5 1.20436e-14 1.54103e-16 1
6459 1.21061e-14 1.54103e-16 1
6460.5 1.23478e-14 1.54103e-16 1
6462 1.2233e-14 1.54103e-16 1
6463.5 1.22391e-14 1.54103e-16 1
6465 1.24622e-14 1.54103e-16 1
6466.5 1.26393e-14 1.54103e-16 1
6468 1.27053e-14 1.54103e-16 1
6469.5 1.26464e-14 1.54103e-16 1
6471 1.28004e-14 1.54103e-16 1
6472.5 1.30491e-14 1.54103e-16 1
6474 1.30094e-14 1.54103e-16 1
6475.5 1.29169e-14 1.54103e-16 1
6477 1.29271e-14 1.54103e-16 1
6478.5 1.27603e-14 1.54103e-16 1
6480 1.27151e-14 1.54103e-16 1
6481.5 1.28319e-14 1.54103e-16 1
6483 1.29017e-14 1.54103e-16 1
6484.5 1.27689e-14 1.54103e-16 1
6486 1.26312e-14 1.54103e-16 1
6487.5 1.28592e-14 1.54103e-16 1
6489 1.28804e-14 1.54103e-16 1
6490.5 1.2937e-14 1.54103e-16 1
6492 1.31373e-14 1.54103e-16 1
6493.5 1.31756e-14 1.54103e-16 1
6495 1.306e-14 1.54103e-16 1
6496.5 1.30389e-14 1.54103e-16 1
6498 1.31215e-14 1.54103e-16 1
6499.5 1.3175e-14 1.54103e-16 1
6501 1.31848e-14 1.54103e-16 1
6502.5 1.30718e-14 1.54103e-16 1
6504 1.30597e-14 1.54103e-16 1
6505.5 1.31986e-14 1.54103e-16 1
6507 1.29923e-14 1.54103e-16 1
6508.5 1.29097e-14 1.54103e-16 1
6510 1.3034e-14 1.54103e-16 1
6511.5 1.30722e-14 1.54103e-16 1
6513 1.29785e-14 1.54103e-16 1
6514.5 1.29007e-14 1.54103e-16 1
6516 1.27961e-14 1.54103e-16 1
6517.5 1.26503e-14 1.54103e-16 1
6519 1.23353e-14 1.54103e-16 1
6520.5 1.24684e-14 1.46973e-16 1
6522 1.28398e-14 1.46973e-16 1
6523.5 1.27102e-14 1.46973e-16 1
6525 1.28216e-14 1.46973e-16 1
6526.5 1.27626e-14 1.46973e-16 1
6528 1.25448e-14 1.46973e-16 1
6529.5 1.2565e-14 1.46973e-16 1
6531 1.25766e-14 1.46973e-16 1
6532.5 1.25317e-14 1.46973e-16 1
6534 1.24402e-14 1.46973e-16 1
6535.5 1.24633e-14 1.46973e-16 1
6537 1.24453e-14 1.46973e-16 1
6538.5 1.23762e-14 1.46973e-16 1
6540 1.23171e-14 1.46973e-16 1
6541.5 1.22167e-14 1.46973e-16 1
6543 1.2088e-14 1.46973e-16 1
6544.5 1.1984e-14 1.46973e-16 1
6546 1.18656e-14 1.46973e-16 1
6547.5 1.1729e-14 1.46973e-16 1
6549 1.1762e-14 1.46973e-16 1
6550.5 1.18514e-14 1.46973e-16 1
6552 1.1747e-14 1.46973e-16 1
6553.5 1.15524e-14 1.46973e-16 1
6555 1.14149e-14 1.46973e-16 1
6556.5 1.12521e-14 1.46973e-16 1
6558 1.12582e-14 1.46973e-16 1
6559.5 1.12442e-14 1.46973e-16 1
6561 1.10962e-14 1.46973e-16 1
6562.5 1.09963e-14 1.46973e-16 1
6564 1.10464e-14 1.46973e-16 1
6565.5 1.1113e-14 1.46973e-16 1
6567 1.08555e-14 1.46973e-16 1
6568.5 1.08159e-14 1.46973e-16 1
6570 1.10177e-14 1.46973e-16 1
6571.5 1.08884e-14 1.46973e-16 1
6573 1.06795e-14 1.46973e-16 1
6574.5 1.06354e-14 1.46973e-16 1
6576 1.04262e-14 1.46973e-16 1
6577.5 1.04456e-14 1.46973e-16 1
6579 1.02485e-14 1.46973e-16 1
6580.5 1.02661e-14 1.46973e-16 1
6582 1.04183e-14 1.46973e-16 1
6583.5 1.01007e-14 1.46973e-16 1
6585 1.04482e-14 1.46973e-16 1
6586.5 1.0412e-14 1.46973e-16 1
6588 1.00333e-14 1.46973e-16 1
6589.5 1.00561e-14 1.46973e-16 1
6591 9.69983e-15 1.46973e-16 1
6592.5 9.76914e-15 1.46973e-16 1
6594 9.80991e-15 1.46973e-16 1
6595.5 9.28717e-15 1.46973e-16 1
6597 9.24723e-15 1.46973e-16 1
6598.5 9.10122e-15 1.46973e-16 1
6600 9.24227e-15 1.46973e-16 1
6601.5 9.08241e-15 1.46973e-16 1
6603 8.93111e-15 1.46973e-16 1
6604.5 8.96963e-15 1.46973e-16 1
6606 8.8621e-15 1.46973e-16 1
6607.5 8.8246e-15 1.46973e-16 1
6609 8.67967e-15 1.46973e-16 1
6610.5 8.62962e-15 1.46973e-16 1
6612 8.59472e-15 1.46973e-16 1
6613.5 8.39455e-15 1.46973e-16 1
6615 8.15304e-15 1.46973e-16 1
6616.5 8.02301e-15 1.46973e-16 1
6618 7.97793e-15 1.46973e-16 1
6619.5 8.07583e-15 1.46973e-16 1
6621 8.082e-15 1.00085e-16 1
6622.5 7.91839e-15 1.00085e-16 1
6624 7.75268e-15 1.00085e-16 1
6625.5 7.76724e-15 1.00085e-16 1
6627 7.65238e-15 1.00085e-16 1
6628.5 7.59464e-15 1.00085e-16 1
6630 7.52178e-15 1.00085e-16 1
6631.5 7.22718e-15 1.00085e-16 1
6633 7.1307e-15 1.00085e-16 1
6634.5 7.01732e-15 1.00085e-16 1
6636 7.09092e-15 1.00085e-16 1
6637.5 7.2671e-15 1.00085e-16 1
6639 7.06342e-15 1.00085e-16 1
6640.5 7.11199e-15 1.00085e-16 1
6642 6.87545e-15 1.00085e-16 1
6643.5 6.74396e-15 1.00085e-16 1
6645 6.74223e-15 1.00085e-16 1
6646.5 6.48105e-15 1.00085e-16 1
6648 6.44654e-15 1.00085e-16 1
6649.5 6.39777e-15 1.00085e-16 1
6651 6.2778e-15 1.00085e-16 1
6652.5 6.29963e-15 1.00085e-16 1
6654 6.29821e-15 1.00085e-16 1
6655.5 6.03524e-15 1.00085e-16 1
6657 5.91518e-15 1.00085e-16 1
6658.5 6.04366e-15 1.00085e-16 1
6660 5.882e-15 1.00085e-16 1
6661.5 5.88438e-15 1.00085e-16 1
6663 5.79008e-15 1.00085e-16 1
6664.5 5.61547e-15 1.00085e-16 1
6666 5.62061e-15 1.00085e-16 1
6667.5 5.32123e-15 1.00085e-16 1
6669 5.47299e-15 1.00085e-16 1
6670.5 5.52995e-15 1.00085e-16 1
6672 5.41819e-15 1.00085e-16 1
6673.5 5.37056e-15 1.00085e-16 1
6675 5.26978e-15 1.00085e-16 1
6676.5 5.12873e-15 1.00085e-16 1
6678 5.00393e-15 1.00085e-16 1
6679.5 4.9091e-15 1.00085e-16 1
6681 5.07153e-15 1.00085e-16 1
6682.5 4.9979e-15 1.00085e-16 1
6684 4.86698e-15 1.00085e-16 1
6685.5 4.73426e-15 1.00085e-16 1
6687 4.64609e-15 1.00085e-16 1
6688.5 4.65768e-15 1.00085e-16 1
6690 4.73698e-15 1.00085e-16 1
6691.5 4.7114e-15 1.00085e-16 1
6693 4.60274e-15 1.00085e-16 1
6694.5 4.55145e-15 1.00085e-16 1
6696 4.46166e-15 1.00085e-16 1
6697.5 4.36441e-15 1.00085e-16 1
6699 4.41536e-15 1.00085e-16 1
6700.5 4.51799e-15 1.00085e-16 1
6702 4.40934e-15 1.00085e-16 1
6703.5 4.32839e-15 1.00085e-16 1
6705 4.41907e-15 1.00085e-16 1
6706.5 4.4162e-15 1.00085e-16 1
6708 4.3023e-15 1.00085e-16 1
6709.5 4.31407e-15 1.00085e-16 1
6711 4.26035e-15 1.00085e-16 1
6712.5 4.11465e-15 1.00085e-16 1
6714 4.03902e-15 1.00085e-16 1
6715.5 4.0788e-15 1.00085e-16 1
6717 4.17533e-15 1.00085e-16 1
6718.5 4.31138e-15 1.00085e-16 1
6720 4.21672e-15 1.15405e-16 1
6721.5 4.00177e-15 1.15405e-16 1
6723 4.05784e-15 1.15405e-16 1
6724.5 4.10288e-15 1.15405e-16 1
6726 4.05477e-15 1.15405e-16 1
6727.5 4.01289e-15 1.15405e-16 1
6729 3.89083e-15 1.15405e-16 1
6730.5 3.72561e-15 1.15405e-16 1
6732 3.58342e-15 1.15405e-16 1
6733.5 3.63766e-15 1.15405e-16 1
6735 3.7059e-15 1.15405e-16 1
6736.5 3.67854e-15 1.15405e-16 1
6738 3.65025e-15 1.15405e-16 1
6739.5 3.76503e-15 1.15405e-16 1
6741 3.85315e-15 1.15405e-16 1
6742.5 3.79755e-15 1.15405e-16 1
6744 3.79827e-15 1.15405e-16 1
6745.5 3.75081e-15 1.15405e-16 1
6747 3.59451e-15 1.15405e-16 1
6748.5 3.69828e-15 1.15405e-16 1
6750 3.80948e-15 1.15405e-16 1
6751.5 3.68522e-15 1.15405e-16 1
6753 3.63825e-15 1.15405e-16 1
6754.5 3.59381e-15 1.15405e-16 1
6756 3.42455e-15 1.15405e-16 1
6757.5 3.39884e-15 1.15405e-16 1
6759 3.64566e-15 1.15405e-16 1
6760.5 3.63411e-15 1.15405e-16 1
6762 3.50327e-15 1.15405e-16 1
6763.5 3.49366e-15 1.15405e-16 1
6765 3.3915e-15 1.15405e-16 1
6766.5 3.35769e-15 1.15405e-16 1
6768 3.37384e-15 1.15405e-16 1
6769.5 3.35491e-15 1.15405e-16 1
6771 3.36519e-15 1.15405e-16 1
6772.5 3.31374e-15 1.15405e-16 1
6774 3.357e-15 1.15405e-16 1
6775.5 3.52643e-15 1.15405e-16 1
6777 3.49639e-15 1.15405e-16 1
6778.5 3.34408e-15 1.15405e-16 1
6780 3.37892e-15 1.15405e-16 1
6781.5 3.50945e-15 1.15405e-16 1
6783 3.49682e-15 1.15405e-16 1
6784.5 3.42581e-15 1.15405e-16 1
6786 3.42766e-15 1.15405e-16 1
6787.5 3.36128e-15 1.15405e-16 1
6789 3.40678e-15 1.15405e-16 1
6790.5 3.46896e-15 1.15405e-16 1
6792 3.41507e-15 1.15405e-16 1
6793.5 3.30049e-15 1.15405e-16 1
6795 3.35208e-15 1.15405e-16 1
6796.5 3.37556e-15 1.15405e-16 1
6798 3.16468e-15 1.15405e-16 1
6799.5 3.28544e-15 1.15405e-16 1
6801 3.5002e-15 1.15405e-16 1
6802.5 3.63244e-15 1.15405e-16 1
6804 3.45977e-15 1.15405e-16 1
6805.5 3.2387e-15 1.15405e-16 1
6807 3.42759e-15 1.15405e-16 1
6808.5 3.54461e-15 1.15405e-16 1
6810 3.25308e-15 1.15405e-16 1
6811.5 3.27985e-15 1.15405e-16 1
6813 3.38733e-15 1.15405e-16 1
6814.5 3.56858e-15 1.15405e-16 1
6816 3.39847e-15 1.15405e-16 1
6817.5 3.4603e-15 1.15405e-16 1
6819 3.36928e-15 1.15405e-16 1
6820.5 3.3403e-15 1.00856e-16 1
6822 3.20943e-15 1.00856e-16 1
6823.5 3.0226e-15 1.00856e-16 1
6825 3.04926e-15 1.00856e-16 1
6826.5 3.25952e-15 1.00856e-16 1
6828 3.39414e-15 1.00856e-16 1
6829.5 3.29984e-15 1.00856e-16 1
6831 3.40336e-15 1.00856e-16 1
6832.5 3.34416e-15 1.00856e-16 1
6834 3.21694e-15 1.00856e-16 1
6835.5 3.22757e-15 1.00856e-16 1
6837 3.38512e-15 1.00856e-16 1
6838.5 3.36276e-15 1.00856e-16 1
6840 3.33153e-15 1.00856e-16 1
6841.5 3.34374e-15 1.00856e-16 1
6843 3.38377e-15 1.00856e-16 1
6844.5 3.3221e-15 1.00856e-16 1
6846 3.31054e-15 1.00856e-16 1
6847.5 3.26343e-15 1.00856e-16 1
6849 3.24163e-15 1.00856e-16 1
6850.5 3.32865e-15 1.00856e-16 1
6852 3.44836e-15 1.00856e-16 1
6853.5 3.43002e-15 1.00856e-16 1
6855 3.33546e-15 1.00856e-16 1
6856.5 3.31016e-15 1.00856e-16 1
6858 3.20186e-15 1.00856e-16 1
6859.5 3.29019e-15 1.00856e-16 1
6861 3.27375e-15 1.00856e-16 1
6862.5 3.27124e-15 1.00856e-16 1
6864 3.44496e-15 1.00856e-16 1
6865.5 3.38088e-15 1.00856e-16 1
6867 3.44145e-15 1.00856e-16 1
6868.5 3.5091e-15 1.00856e-16 1
6870 3.27183e-15 1.00856e-16 1
6871.5 3.32564e-15 1.00856e-16 1
6873 3.36721e-15 1.00856e-16 1
6874.5 3.5154e-15 1.00856e-16 1
6876 3.37773e-15 1.00856e-16 1
6877.5 3.36611e-15 1.00856e-16 1
6879 3.31827e-15 1.00856e-16 1
6880.5 3.41067e-15 1.00856e-16 1
6882 3.44434e-15 1.00856e-16 1
6883.5 3.48467e-15 1.00856e-16 1
6885 3.34562e-15 1.00856e-16 1
6886.5 3.68275e-15 1.00856e-16 1
6888 3.63202e-15 1.00856e-16 1
6889.5 3.46934e-15 1.00856e-16 1
6891 3.4126e-15 1.00856e-16 1
6892.5 3.48337e-15 1.00856e-16 1
6894 3.47814e-15 1.00856e-16 1
6895.5 3.57999e-15 1.00856e-16 1
6897 3.64692e-15 1.00856e-16 1
6898.5 3.59372e-15 1.00856e-16 1
6900 3.70463e-15 1.00856e-16 1
6901.5 3.73366e-15 1.00856e-16 1
6903 3.79542e-15 1.00856e-16 1
6904.5 3.69814e-15 1.00856e-16 1
6906 3.69293e-15 1.00856e-16 1
6907.5 3.57949e-15 1.00856e-16 1
6909 3.52407e-15 1.00856e-16 1
6910.5 3.5975e-15 1.00856e-16 1
6912 3.61583e-15 1.00856e-16 1
6913.5 3.69243e-15 1.00856e-16 1
6915 3.5768e-15 1.00856e-16 1
6916.5 3.60508e-15 1.00856e-16 1
6918 3.72709e-15 1.00856e-16 1
6919.5 3.83407e-15 1.00856e-16 1
6921 3.78905e-15 1.01574e-16 1
6922.5 3.81181e-15 1.01574e-16 1
6924 3.89037e-15 1.01574e-16 1
6925.5 3.90888e-15 1.01574e-16 1
6927 3.93135e-15 1.01574e-16 1
6928.5 4.03613e-15 1.01574e-16 1
6930 4.05677e-15 1.01574e-16 1
6931.5 4.12007e-15 1.01574e-16 1
6933 4.16881e-15 1.01574e-16 1
6934.5 4.00625e-15 1.01574e-16 1
6936 3.88642e-15 1.01574e-16 1
6937.5 4.08905e-15 1.01574e-16 1
6939 4.2238e-15 1.01574e-16 1
6940.5 4.27131e-15 1.01574e-16 1
6942 4.08828e-15 1.01574e-16 1
6943.5 4.0688e-15 1.01574e-16 1
6945 4.13729e-15 1.01574e-16 1
6946.5 4.134e-15 1.01574e-16 1
6948 4.06434e-15 1.01574e-16 1
6949.5 3.91828e-15 1.01574e-16 1
6951 3.85786e-15 1.01574e-16 1
6952.5 4.03745e-15 1.01574e-16 1
6954 4.00166e-15 1.01574e-16 1
6955.5 3.95615e-15 1.01574e-16 1
6957 4.15006e-15 1.01574e-16 1
6958.5 4.21853e-15 1.01574e-16 1
6960 3.98747e-15 1.01574e-16 1
6961.5 3.95519e-15 1.01574e-16 1
6963 4.18652e-15 1.01574e-16 1
6964.5 4.19917e-15 1.01574e-16 1
6966 4.02777e-15 1.01574e-16 1
6967.5 3.8798e-15 1.01574e-16 1
6969 3.89108e-15 1.01574e-16 1
6970.5 3.89666e-15 1.01574e-16 1
6972 3.80857e-15 1.01574e-16 1
6973.5 3.97862e-15 1.01574e-16 1
6975 4.01691e-15 1.01574e-16 1
6976.5 3.90025e-15 1.01574e-16 1
6978 3.81121e-15 1.01574e-16 1
6979.5 3.69217e-15 1.01574e-16 1
6981 3.78989e-15 1.01574e-16 1
6982.5 3.92119e-15 1.01574e-16 1
6984 3.87676e-15 1.01574e-16 1
6985.5 3.74876e-15 1.01574e-16 1
6987 3.63475e-15 1.01574e-16 1
6988.5 3.70485e-15 1.01574e-16 1
6990 3.80097e-15 1.01574e-16 1
6991.5 3.84041e-15 1.01574e-16 1
6993 3.86659e-15 1.01574e-16 1
6994.5 3.84316e-15 1.01574e-16 1
6996 3.78083e-15 1.01574e-16 1
6997.5 3.76137e-15 1.01574e-16 1
6999 3.76045e-15 1.01574e-16 1
7000.5 3.71502e-15 1.01574e-16 1
7002 3.67189e-15 1.01574e-16 1
7003.5 3.70163e-15 1.01574e-16 1
7005 3.71793e-15 1.01574e-16 1
7006.5 3.53384e-15 1.01574e-16 1
7008 3.65639e-15 1.01574e-16 1
7009.5 3.77899e-15 1.01574e-16 1
7011 3.73666e-15 1.01574e-16 1
7012.5 3.92832e-15 1.01574e-16 1
7014 3.91431e-15 1.01574e-16 1
7015.5 3.73744e-15 1.01574e-16 1
7017 3.63731e-15 1.01574e-16 1
7018.5 3.71558e-15 1.01574e-16 1
7020 3.60807e-15 9.26329e-17 1
7021.5 3.66078e-15 9.26329e-17 1
7023 3.7921e-15 9.26329e-17 1
7024.5 3.64215e-15 9.26329e-17 1
7026 3.78538e-15 9.26329e-17 1
7027.5 3.69393e-15 9.26329e-17 1
7029 3.59116e-15 9.26329e-17 1
7030.5 3.64494e-15 9.26329e-17 1
7032 3.73183e-15 9.26329e-17 1
7033.5 3.66473e-15 9.26329e-17 1
7035 3.65219e-15 9.26329e-17 1
7036.5 3.84642e-15 9.26329e-17 1
7038 3.93225e-15 9.26329e-17 1
7039.5 4.02524e-15 9.26329e-17 1
7041 3.95151e-15 9.26329e-17 1
7042.5 3.90165e-15 9.26329e-17 1
7044 3.89624e-15 9.26329e-17 1
7045.5 3.84629e-15 9.26329e-17 1
7047 3.87495e-15 9.26329e-17 1
7048.5 3.91967e-15 9.26329e-17 1
7050 3.85901e-15 9.26329e-17 1
7051.5 3.84415e-15 9.26329e-17 1
7053 3.82402e-15 9.26329e-17 1
7054.5 3.78194e-15 9.26329e-17 1
7056 3.85221e-15 9.26329e-17 1
7057.5 3.89892e-15 9.26329e-17 1
7059 3.86355e-15 9.26329e-17 1
7060.5 3.80503e-15 9.26329e-17 1
7062 3.80414e-15 9.26329e-17 1
7063.5 3.82114e-15 9.26329e-17 1
7065 3.96911e-15 9.26329e-17 1
7066.5 4.1184e-15 9.26329e-17 1
7068 4.07843e-15 9.26329e-17 1
7069.5 3.97851e-15 9.26329e-17 1
7071 3.88641e-15 9.26329e-17 1
7072.5 3.91399e-15 9.26329e-17 1
7074 4.04111e-15 9.26329e-17 1
7075.5 4.16102e-15 9.26329e-17 1
7077 4.20048e-15 9.26329e-17 1
7078.5 4.10193e-15 9.26329e-17 1
7080 4.105e-15 9.26329e-17 1
7081.5 4.16494e-15 9.26329e-17 1
7083 4.07664e-15 9.26329e-17 1
7084.5 4.12278e-15 9.26329e-17 1
7086 4.12568e-15 9.26329e-17 1
7087.5 4.11321e-15 9.26329e-17 1
7089 4.09119e-15 9.26329e-17 1
7090.5 4.11935e-15 9.26329e-17 1
7092 4.04381e-15 9.26329e-17 1
7093.5 4.05264e-15 9.26329e-17 1
7095 4.23747e-15 9.26329e-17 1
7096.5 4.12282e-15 9.26329e-17 1
7098 4.14854e-15 9.26329e-17 1
7099.5 4.27158e-15 9.26329e-17 1
7101 4.09965e-15 9.26329e-17 1
7102.5 4.20836e-15 9.26329e-17 1
7104 4.23249e-15 9.26329e-17 1
7105.5 4.22756e-15 9.26329e-17 1
7107 4.47007e-15 9.26329e-17 1
7108.5 4.3416e-15 9.26329e-17 1
7110 4.34839e-15 9.26329e-17 1
7111.5 4.38711e-15 9.26329e-17 1
7113 4.24966e-15 9.26329e-17 1
7114.5 4.38627e-15 9.26329e-17 1
7116 4.37097e-15 9.26329e-17 1
7117.5 4.58258e-15 9.26329e-17 1
7119 4.42676e-15 9.26329e-17 1
7120.5 4.26258e-15 2.58508e-16 1
7122 4.44905e-15 2.58508e-16 1
7123.5 4.54137e-15 2.58508e-16 1
7125 4.53767e-15 2.58508e-16 1
7126.5 4.50365e-15 2.58508e-16 1
7128 4.51578e-15 2.58508e-16 1
7129.5 4.6722e-15 2.58508e-16 1
7131 4.78436e-15 2.58508e-16 1
7132.5 4.8426e-15 2.58508e-16 1
7134 4.81613e-15 2.58508e-16 1
7135.5 4.69079e-15 2.58508e-16 1
7137 4.58266e-15 2.58508e-16 1
7138.5 4.62377e-15 2.58508e-16 1
7140 4.76475e-15 2.58508e-16 1
7141.5 4.87469e-15 2.58508e-16 1
7143 4.81497e-15 2.58508e-16 1
7144.5 4.82963e-15 2.58508e-16 1
7146 4.97151e-15 2.58508e-16 1
7147.5 4.89752e-15 2.58508e-16 1
7149 4.84954e-15 2.58508e-16 1
7150.5 4.90194e-15 2.58508e-16 1
7152 4.7906e-15 2.58508e-16 1
7153.5 4.83699e-15 2.58508e-16 1
7155 4.92552e-15 2.58508e-16 1
7156.5 4.98619e-15 2.58508e-16 1
7158 5.12003e-15 2.58508e-16 1
7159.5 5.01177e-15 2.58508e-16 1
7161 4.98198e-15 2.58508e-16 1
7162.5 5.03874e-15 2.58508e-16 1
7164 5.1685e-15 2.58508e-16 1
7165.5 5.28011e-15 2.58508e-16 1
7167 5.61707e-15 2.58508e-16 1
7168.5 5.5864e-15 2.58508e-16 1
7170 5.60052e-15 2.58508e-16 1
7171.5 5.79738e-15 2.58508e-16 1
7173 6.1011e-15 2.58508e-16 1
7174.5 6.18165e-15 2.58508e-16 1
7176 5.66541e-15 2.58508e-16 1
7177.5 5.98861e-15 2.58508e-16 1
7179 6.18228e-15 2.58508e-16 1
7180.5 5.79947e-15 2.58508e-16 1
7182 5.88657e-15 2.58508e-16 1
7183.5 5.95301e-15 2.58508e-16 1
7185 6.09393e-15 2.58508e-16 1
7186.5 6.30993e-15 2.58508e-16 1
7188 6.03854e-15 2.58508e-16 1
7189.5 5.98951e-15 2.58508e-16 1
7191 6.13207e-15 2.58508e-16 1
7192.5 6.3888e-15 2.58508e-16 1
7194 6.42856e-15 2.58508e-16 1
7195.5 6.36858e-15 2.58508e-16 1
7197 6.43669e-15 2.58508e-16 1
7198.5 6.44467e-15 2.58508e-16 1
7200 6.33988e-15 2.58508e-16 1
7201.5 6.22382e-15 2.58508e-16 1
7203 6.08183e-15 2.58508e-16 1
7204.5 6.07055e-15 2.58508e-16 1
7206 6.08366e-15 2.58508e-16 1
7207.5 6.00823e-15 2.58508e-16 1
7209 6.10464e-15 2.58508e-16 1
7210.5 5.98106e-15 2.58508e-16 1
7212 5.82495e-15 2.58508e-16 1
7213.5 6.03655e-15 2.58508e-16 1
7215 6.06477e-15 2.58508e-16 1
7216.5 5.85874e-15 2.58508e-16 1
7218 5.8332e-15 2.58508e-16 1
7219.5 5.98838e-15 2.58508e-16 1
7221 6.0327e-15 2.59185e-16 1
7222.5 6.11624e-15 2.59185e-16 1
7224 6.15833e-15 2.59185e-16 1
7225.5 5.97766e-15 2.59185e-16 1
7227 6.0469e-15 2.59185e-16 1
7228.5 6.2633e-15 2.59185e-16 1
7230 6.39596e-15 2.59185e-16 1
7231.5 6.47222e-15 2.59185e-16 1
7233 6.6179e-15 2.59185e-16 1
7234.5 6.53063e-15 2.59185e-16 1
7236 6.63522e-15 2.59185e-16 1
7237.5 6.89532e-15 2.59185e-16 1
7239 6.82922e-15 2.59185e-16 1
7240.5 7.00783e-15 2.59185e-16 1
7242 6.969e-15 2.59185e-16 1
7243.5 6.57079e-15 2.59185e-16 1
7245 6.2172e-15 2.59185e-16 1
7246.5 6.3615e-15 2.59185e-16 1
7248 6.42791e-15 2.59185e-16 1
7249.5 6.31078e-15 2.59185e-16 1
7251 6.52545e-15 2.59185e-16 1
7252.5 6.58173e-15 2.59185e-16 1
7254 6.44833e-15 2.59185e-16 1
7255.5 6.38203e-15 2.59185e-16 1
7257 6.36989e-15 2.59185e-16 1
7258.5 6.31447e-15 2.59185e-16 1
7260 6.61666e-15 2.59185e-16 1
7261.5 6.96668e-15 2.59185e-16 1
7263 6.73478e-15 2.59185e-16 1
7264.5 6.55355e-15 2.59185e-16 1
7266 6.39574e-15 2.59185e-16 1
7267.5 6.22989e-15 2.59185e-16 1
7269 6.29251e-15 2.59185e-16 1
7270.5 6.23477e-15 2.59185e-16 1
7272 6.24042e-15 2.59185e-16 1
7273.5 6.48281e-15 2.59185e-16 1
7275 6.57055e-15 2.59185e-16 1
7276.5 6.41182e-15 2.59185e-16 1
7278 6.2948e-15 2.59185e-16 1
7279.5 6.20161e-15 2.59185e-16 1
7281 5.9747e-15 2.59185e-16 1
7282.5 5.71388e-15 2.59185e-16 1
7284 5.61798e-15 2.59185e-16 1
7285.5 5.63343e-15 2.59185e-16 1
7287 5.71306e-15 2.59185e-16 1
7288.5 5.94422e-15 2.59185e-16 1
7290 6.2203e-15 2.59185e-16 1
7291.5 6.58301e-15 2.59185e-16 1
7293 6.50048e-15 2.59185e-16 1
7294.5 6.0587e-15 2.59185e-16 1
7296 5.63341e-15 2.59185e-16 1
7297.5 5.56481e-15 2.59185e-16 1
7299 5.68143e-15 2.59185e-16 1
7300.5 5.51877e-15 2.59185e-16 1
7302 5.4537e-15 2.59185e-16 1
7303.5 5.49971e-15 2.59185e-16 1
7305 5.39624e-15 2.59185e-16 1
7306.5 5.15234e-15 2.59185e-16 1
7308 5.28481e-15 2.59185e-16 1
7309.5 5.53763e-15 2.59185e-16 1
7311 5.50447e-15 2.59185e-16 1
7312.5 5.54413e-15 2.59185e-16 1
7314 5.35616e-15 2.59185e-16 1
7315.5 5.24484e-15 2.59185e-16 1
7317 5.46607e-15 2.59185e-16 1
7318.5 5.34499e-15 2.59185e-16 1
7320 5.16711e-15 1.328e-16 1
7321.5 5.11797e-15 1.328e-16 1
7323 4.96218e-15 1.328e-16 1
7324.5 5.04581e-15 1.328e-16 1
7326 5.18409e-15 1.328e-16 1
7327.5 5.11089e-15 1.328e-16 1
7329 5.15459e-15 1.328e-16 1
7330.5 5.32689e-15 1.328e-16 1
7332 5.50525e-15 1.328e-16 1
7333.5 5.42459e-15 1.328e-16 1
7335 5.26478e-15 1.328e-16 1
7336.5 5.25804e-15 1.328e-16 1
7338 5.32832e-15 1.328e-16 1
7339.5 5.3001e-15 1.328e-16 1
7341 5.24757e-15 1.328e-16 1
7342.5 5.08177e-15 1.328e-16 1
7344 5.41149e-15 1.328e-16 1
7345.5 5.52034e-15 1.328e-16 1
7347 5.26447e-15 1.328e-16 1
7348.5 5.1795e-15 1.328e-16 1
7350 5.18394e-15 1.328e-16 1
7351.5 5.27949e-15 1.328e-16 1
7353 5.30076e-15 1.328e-16 1
7354.5 5.25863e-15 1.328e-16 1
7356 5.30885e-15 1.328e-16 1
7357.5 5.2389e-15 1.328e-16 1
7359 5.20115e-15 1.328e-16 1
7360.5 5.36988e-15 1.328e-16 1
7362 5.24251e-15 1.328e-16 1
7363.5 5.0688e-15 1.328e-16 1
7365 5.19185e-15 1.328e-16 1
7366.5 5.30955e-15 1.328e-16 1
7368 5.36465e-15 1.328e-16 1
7369.5 5.31869e-15 1.328e-16 1
7371 5.36279e-15 1.328e-16 1
7372.5 5.45794e-15 1.328e-16 1
7374 5.37795e-15 1.328e-16 1
7375.5 5.42527e-15 1.328e-16 1
7377 5.49947e-15 1.328e-16 1
7378.5 5.48623e-15 1.328e-16 1
7380 5.40515e-15 1.328e-16 1
7381.5 5.4268e-15 1.328e-16 1
7383 5.53139e-15 1.328e-16 1
7384.5 5.57127e-15 1.328e-16 1
7386 5.79471e-15 1.328e-16 1
7387.5 5.96742e-15 1.328e-16 1
7389 5.70669e-15 1.328e-16 1
7390.5 5.7172e-15 1.328e-16 1
7392 5.70387e-15 1.328e-16 1
7393.5 5.64675e-15 1.328e-16 1
7395 5.98902e-15 1.328e-16 1
7396.5 6.05776e-15 1.328e-16 1
7398 5.86805e-15 1.328e-16 1
7399.5 5.70067e-15 1.328e-16 1
7401 5.695e-15 1.328e-16 1
7402.5 5.96329e-15 1.328e-16 1
7404 6.11355e-15 1.328e-16 1
7405.5 6.09682e-15 1.328e-16 1
7407 6.16912e-15 1.328e-16 1
7408.5 6.07957e-15 1.328e-16 1
7410 5.96271e-15 1.328e-16 1
7411.5 6.00801e-15 1.328e-16 1
7413 5.93831e-15 1.328e-16 1
7414.5 5.94548e-15 1.328e-16 1
7416 6.00305e-15 1.328e-16 1
7417.5 6.03663e-15 1.328e-16 1
7419 5.97836e-15 1.328e-16 1
7420.5 5.94935e-15 1.006e-16 1
7422 6.09713e-15 1.006e-16 1
7423.5 6.06647e-15 1.006e-16 1
7425 6.00737e-15 1.006e-16 1
7426.5 6.08761e-15 1.006e-16 1
7428 6.10052e-15 1.006e-16 1
7429.5 6.20691e-15 1.006e-16 1
7431 6.22791e-15 1.006e-16 1
7432.5 6.16447e-15 1.006e-16 1
7434 6.21804e-15 1.006e-16 1
7435.5 6.23343e-15 1.006e-16 1
7437 6.1498e-15 1.006e-16 1
7438.5 6.08593e-15 1.006e-16 1
7440 6.20842e-15 1.006e-16 1
7441.5 6.06579e-15 1.006e-16 1
7443 6.12579e-15 1.006e-16 1
7444.5 6.2414e-15 1.006e-16 1
7446 6.23157e-15 1.006e-16 1
7447.5 6.03136e-15 1.006e-16 1
7449 6.02093e-15 1.006e-16 1
7450.5 6.10463e-15 1.006e-16 1
7452 6.07331e-15 1.006e-16 1
7453.5 6.01053e-15 1.006e-16 1
7455 6.19321e-15 1.006e-16 1
7456.5 6.10503e-15 1.006e-16 1
7458 6.19324e-15 1.006e-16 1
7459.5 6.1823e-15 1.006e-16 1
7461 6.14431e-15 1.006e-16 1
7462.5 6.08592e-15 1.006e-16 1
7464 6.21432e-15 1.006e-16 1
7465.5 5.96422e-15 1.006e-16 1
7467 5.94401e-15 1.006e-16 1
7468.5 6.01596e-15 1.006e-16 1
7470 6.03077e-15 1.006e-16 1
7471.5 5.874e-15 1.006e-16 1
7473 5.97999e-15 1.006e-16 1
7474.5 5.6687e-15 1.006e-16 1
7476 5.50607e-15 1.006e-16 1
7477.5 5.69486e-15 1.006e-16 1
7479 5.60935e-15 1.006e-16 1
7480.5 5.63263e-15 1.006e-16 1
7482 5.45253e-15 1.006e-16 1
7483.5 5.43123e-15 1.006e-16 1
7485 5.27465e-15 1.006e-16 1
7486.5 5.16267e-15 1.006e-16 1
7488 5.23427e-15 1.006e-16 1
7489.5 5.24683e-15 1.006e-16 1
7491 5.16592e-15 1.006e-16 1
7492.5 5.10952e-15 1.006e-16 1
7494 5.00945e-15 1.006e-16 1
7495.5 5.04158e-15 1.006e-16 1
7497 5.03219e-15 1.006e-16 1
7498.5 5.0162e-15 1.006e-16 1
7500 4.94242e-15 1.006e-16 1
7501.5 4.93986e-15 1.006e-16 1
7503 5.03384e-15 1.006e-16 1
7504.5 4.92917e-15 1.006e-16 1
7506 4.75999e-15 1.006e-16 1
7507.5 4.65068e-15 1.006e-16 1
7509 4.80161e-15 1.006e-16 1
7510.5 4.72491e-15 1.006e-16 1
7512 4.61365e-15 1.006e-16 1
7513.5 4.58468e-15 1.006e-16 1
7515 4.48036e-15 1.006e-16 1
7516.5 4.45185e-15 1.006e-16 1
7518 4.36604e-15 1.006e-16 1
7519.5 4.36816e-15 1.006e-16 1
7521 4.25332e-15 1.006e-16 1
7522.5 4.4057e-15 1.006e-16 1
7524 4.28575e-15 1.006e-16 1
7525.5 4.11367e-15 1.006e-16 1
7527 4.22986e-15 1.006e-16 1
7528.5 4.11346e-15 1.006e-16 1
7530 4.01496e-15 1.006e-16 1
7531.5 4.0532e-15 1.006e-16 1
7533 4.12444e-15 1.006e-16 1
7534.5 3.96263e-15 1.006e-16 1
7536 3.8338e-15 1.006e-16 1
7537.5 4.0445e-15 1.006e-16 1
7539 4.12633e-15 1.006e-16 1
7540.5 3.66872e-15 1.006e-16 1
