# converted by J. Guy, 2010-10-18
# from Matheson et al. 2008AJ....135.1598M
@Redshift 0.026745
@FORMAT STD
@Date 51553
@SELECTED_FOR_SNLS3_TRAINING 1
@SN sn1999gp
@SURVEY CFA_LOWZ_SPEC
@Source Matheson
#WAVE : wavelength, observer frame, in A
#FLUX : erg/s/cm2/A
#ERR  : statistical uncertainty on flux
#VALID : 1=ok 0=ignore
#end
3720 2.44958e-15 7.87357e-17 1
3721.5 2.44042e-15 7.87357e-17 1
3723 2.5134e-15 7.87357e-17 1
3724.5 2.54293e-15 7.87357e-17 1
3726 2.50322e-15 7.87357e-17 1
3727.5 2.37871e-15 7.87357e-17 1
3729 2.41183e-15 7.87357e-17 1
3730.5 2.37716e-15 7.87357e-17 1
3732 2.55417e-15 7.87357e-17 1
3733.5 2.61766e-15 7.87357e-17 1
3735 2.43745e-15 7.87357e-17 1
3736.5 2.36857e-15 7.87357e-17 1
3738 2.22988e-15 7.87357e-17 1
3739.5 2.40104e-15 7.87357e-17 1
3741 2.23096e-15 7.87357e-17 1
3742.5 2.23531e-15 7.87357e-17 1
3744 2.36005e-15 7.87357e-17 1
3745.5 2.39891e-15 7.87357e-17 1
3747 2.21376e-15 7.87357e-17 1
3748.5 2.19082e-15 7.87357e-17 1
3750 2.35943e-15 7.87357e-17 1
3751.5 2.27297e-15 7.87357e-17 1
3753 2.03147e-15 7.87357e-17 1
3754.5 1.91722e-15 7.87357e-17 1
3756 2.11155e-15 7.87357e-17 1
3757.5 2.02531e-15 7.87357e-17 1
3759 1.81291e-15 7.87357e-17 1
3760.5 1.90208e-15 7.87357e-17 1
3762 1.84944e-15 7.87357e-17 1
3763.5 1.95721e-15 7.87357e-17 1
3765 1.91008e-15 7.87357e-17 1
3766.5 1.75636e-15 7.87357e-17 1
3768 1.77254e-15 7.87357e-17 1
3769.5 1.71762e-15 7.87357e-17 1
3771 1.70261e-15 7.87357e-17 1
3772.5 1.73529e-15 7.87357e-17 1
3774 1.6413e-15 7.87357e-17 1
3775.5 1.54551e-15 7.87357e-17 1
3777 1.56062e-15 7.87357e-17 1
3778.5 1.53502e-15 7.87357e-17 1
3780 1.48536e-15 7.87357e-17 1
3781.5 1.45986e-15 7.87357e-17 1
3783 1.49004e-15 7.87357e-17 1
3784.5 1.51295e-15 7.87357e-17 1
3786 1.43892e-15 7.87357e-17 1
3787.5 1.43149e-15 7.87357e-17 1
3789 1.41596e-15 7.87357e-17 1
3790.5 1.2625e-15 7.87357e-17 1
3792 1.21871e-15 7.87357e-17 1
3793.5 1.24346e-15 7.87357e-17 1
3795 1.30476e-15 7.87357e-17 1
3796.5 1.34008e-15 7.87357e-17 1
3798 1.26566e-15 7.87357e-17 1
3799.5 1.2901e-15 7.87357e-17 1
3801 1.25987e-15 7.87357e-17 1
3802.5 1.23267e-15 7.87357e-17 1
3804 1.25722e-15 7.87357e-17 1
3805.5 1.16053e-15 7.87357e-17 1
3807 1.08438e-15 7.87357e-17 1
3808.5 1.084e-15 7.87357e-17 1
3810 1.15626e-15 7.87357e-17 1
3811.5 1.14652e-15 7.87357e-17 1
3813 1.11316e-15 7.87357e-17 1
3814.5 1.12495e-15 7.87357e-17 1
3816 1.11615e-15 7.87357e-17 1
3817.5 1.05184e-15 7.87357e-17 1
3819 9.78405e-16 7.87357e-17 1
3820.5 1.08704e-15 5.96062e-17 1
3822 1.26425e-15 5.96062e-17 1
3823.5 1.23204e-15 5.96062e-17 1
3825 1.24524e-15 5.96062e-17 1
3826.5 1.09121e-15 5.96062e-17 1
3828 1.17628e-15 5.96062e-17 1
3829.5 1.16271e-15 5.96062e-17 1
3831 1.23252e-15 5.96062e-17 1
3832.5 1.25612e-15 5.96062e-17 1
3834 1.14586e-15 5.96062e-17 1
3835.5 1.22194e-15 5.96062e-17 1
3837 1.19007e-15 5.96062e-17 1
3838.5 1.1376e-15 5.96062e-17 1
3840 1.13063e-15 5.96062e-17 1
3841.5 1.31895e-15 5.96062e-17 1
3843 1.29053e-15 5.96062e-17 1
3844.5 1.22088e-15 5.96062e-17 1
3846 1.25083e-15 5.96062e-17 1
3847.5 1.23009e-15 5.96062e-17 1
3849 1.24124e-15 5.96062e-17 1
3850.5 1.18495e-15 5.96062e-17 1
3852 1.21297e-15 5.96062e-17 1
3853.5 1.24589e-15 5.96062e-17 1
3855 1.24947e-15 5.96062e-17 1
3856.5 1.28908e-15 5.96062e-17 1
3858 1.23973e-15 5.96062e-17 1
3859.5 1.22084e-15 5.96062e-17 1
3861 1.26015e-15 5.96062e-17 1
3862.5 1.2573e-15 5.96062e-17 1
3864 1.25701e-15 5.96062e-17 1
3865.5 1.22823e-15 5.96062e-17 1
3867 1.31859e-15 5.96062e-17 1
3868.5 1.3378e-15 5.96062e-17 1
3870 1.26848e-15 5.96062e-17 1
3871.5 1.33557e-15 5.96062e-17 1
3873 1.38412e-15 5.96062e-17 1
3874.5 1.3295e-15 5.96062e-17 1
3876 1.39041e-15 5.96062e-17 1
3877.5 1.36531e-15 5.96062e-17 1
3879 1.31684e-15 5.96062e-17 1
3880.5 1.33931e-15 5.96062e-17 1
3882 1.29771e-15 5.96062e-17 1
3883.5 1.29202e-15 5.96062e-17 1
3885 1.43225e-15 5.96062e-17 1
3886.5 1.45358e-15 5.96062e-17 1
3888 1.37563e-15 5.96062e-17 1
3889.5 1.3915e-15 5.96062e-17 1
3891 1.47879e-15 5.96062e-17 1
3892.5 1.50304e-15 5.96062e-17 1
3894 1.5482e-15 5.96062e-17 1
3895.5 1.49751e-15 5.96062e-17 1
3897 1.46513e-15 5.96062e-17 1
3898.5 1.46151e-15 5.96062e-17 1
3900 1.50314e-15 5.96062e-17 1
3901.5 1.45431e-15 5.96062e-17 1
3903 1.54357e-15 5.96062e-17 1
3904.5 1.63308e-15 5.96062e-17 1
3906 1.7211e-15 5.96062e-17 1
3907.5 1.76029e-15 5.96062e-17 1
3909 1.66046e-15 5.96062e-17 1
3910.5 1.6224e-15 5.96062e-17 1
3912 1.63529e-15 5.96062e-17 1
3913.5 1.6121e-15 5.96062e-17 1
3915 1.66116e-15 5.96062e-17 1
3916.5 1.70775e-15 5.96062e-17 1
3918 1.65796e-15 5.96062e-17 1
3919.5 1.65478e-15 5.96062e-17 1
3921 1.71362e-15 8.78049e-17 1
3922.5 1.6813e-15 8.78049e-17 1
3924 1.74986e-15 8.78049e-17 1
3925.5 1.83126e-15 8.78049e-17 1
3927 1.80391e-15 8.78049e-17 1
3928.5 1.74101e-15 8.78049e-17 1
3930 1.76674e-15 8.78049e-17 1
3931.5 1.786e-15 8.78049e-17 1
3933 1.78275e-15 8.78049e-17 1
3934.5 1.6728e-15 8.78049e-17 1
3936 1.65065e-15 8.78049e-17 1
3937.5 1.82179e-15 8.78049e-17 1
3939 1.87738e-15 8.78049e-17 1
3940.5 1.89591e-15 8.78049e-17 1
3942 1.89801e-15 8.78049e-17 1
3943.5 1.90813e-15 8.78049e-17 1
3945 2.00262e-15 8.78049e-17 1
3946.5 1.99205e-15 8.78049e-17 1
3948 2.04617e-15 8.78049e-17 1
3949.5 2.08133e-15 8.78049e-17 1
3951 2.15894e-15 8.78049e-17 1
3952.5 2.31818e-15 8.78049e-17 1
3954 2.18781e-15 8.78049e-17 1
3955.5 2.21032e-15 8.78049e-17 1
3957 2.30859e-15 8.78049e-17 1
3958.5 2.26729e-15 8.78049e-17 1
3960 2.26154e-15 8.78049e-17 1
3961.5 2.21978e-15 8.78049e-17 1
3963 2.2623e-15 8.78049e-17 1
3964.5 2.45316e-15 8.78049e-17 1
3966 2.2858e-15 8.78049e-17 1
3967.5 2.13651e-15 8.78049e-17 1
3969 2.23966e-15 8.78049e-17 1
3970.5 2.28068e-15 8.78049e-17 1
3972 2.26976e-15 8.78049e-17 1
3973.5 2.30677e-15 8.78049e-17 1
3975 2.48097e-15 8.78049e-17 1
3976.5 2.46999e-15 8.78049e-17 1
3978 2.4109e-15 8.78049e-17 1
3979.5 2.36499e-15 8.78049e-17 1
3981 2.40151e-15 8.78049e-17 1
3982.5 2.43487e-15 8.78049e-17 1
3984 2.41454e-15 8.78049e-17 1
3985.5 2.45797e-15 8.78049e-17 1
3987 2.47452e-15 8.78049e-17 1
3988.5 2.40911e-15 8.78049e-17 1
3990 2.37867e-15 8.78049e-17 1
3991.5 2.43265e-15 8.78049e-17 1
3993 2.43318e-15 8.78049e-17 1
3994.5 2.41496e-15 8.78049e-17 1
3996 2.43225e-15 8.78049e-17 1
3997.5 2.4173e-15 8.78049e-17 1
3999 2.391e-15 8.78049e-17 1
4000.5 2.41323e-15 8.78049e-17 1
4002 2.47047e-15 8.78049e-17 1
4003.5 2.47726e-15 8.78049e-17 1
4005 2.44889e-15 8.78049e-17 1
4006.5 2.46725e-15 8.78049e-17 1
4008 2.463e-15 8.78049e-17 1
4009.5 2.39943e-15 8.78049e-17 1
4011 2.42005e-15 8.78049e-17 1
4012.5 2.4396e-15 8.78049e-17 1
4014 2.37608e-15 8.78049e-17 1
4015.5 2.37959e-15 8.78049e-17 1
4017 2.36982e-15 8.78049e-17 1
4018.5 2.47521e-15 8.78049e-17 1
4020 2.44623e-15 9.54534e-17 1
4021.5 2.45749e-15 9.54534e-17 1
4023 2.39809e-15 9.54534e-17 1
4024.5 2.22773e-15 9.54534e-17 1
4026 2.28683e-15 9.54534e-17 1
4027.5 2.3166e-15 9.54534e-17 1
4029 2.48953e-15 9.54534e-17 1
4030.5 2.49584e-15 9.54534e-17 1
4032 2.4793e-15 9.54534e-17 1
4033.5 2.53635e-15 9.54534e-17 1
4035 2.38531e-15 9.54534e-17 1
4036.5 2.45557e-15 9.54534e-17 1
4038 2.42015e-15 9.54534e-17 1
4039.5 2.24792e-15 9.54534e-17 1
4041 2.18164e-15 9.54534e-17 1
4042.5 2.34238e-15 9.54534e-17 1
4044 2.37791e-15 9.54534e-17 1
4045.5 2.46826e-15 9.54534e-17 1
4047 2.50435e-15 9.54534e-17 1
4048.5 2.44785e-15 9.54534e-17 1
4050 2.36668e-15 9.54534e-17 1
4051.5 2.48601e-15 9.54534e-17 1
4053 2.53941e-15 9.54534e-17 1
4054.5 2.52019e-15 9.54534e-17 1
4056 2.4602e-15 9.54534e-17 1
4057.5 2.43462e-15 9.54534e-17 1
4059 2.45215e-15 9.54534e-17 1
4060.5 2.46992e-15 9.54534e-17 1
4062 2.45399e-15 9.54534e-17 1
4063.5 2.44252e-15 9.54534e-17 1
4065 2.55919e-15 9.54534e-17 1
4066.5 2.587e-15 9.54534e-17 1
4068 2.51027e-15 9.54534e-17 1
4069.5 2.41687e-15 9.54534e-17 1
4071 2.31005e-15 9.54534e-17 1
4072.5 2.29007e-15 9.54534e-17 1
4074 2.32949e-15 9.54534e-17 1
4075.5 2.27562e-15 9.54534e-17 1
4077 2.22269e-15 9.54534e-17 1
4078.5 2.22967e-15 9.54534e-17 1
4080 2.21576e-15 9.54534e-17 1
4081.5 2.20467e-15 9.54534e-17 1
4083 2.1928e-15 9.54534e-17 1
4084.5 2.30013e-15 9.54534e-17 1
4086 2.35564e-15 9.54534e-17 1
4087.5 2.32496e-15 9.54534e-17 1
4089 2.38204e-15 9.54534e-17 1
4090.5 2.42196e-15 9.54534e-17 1
4092 2.34371e-15 9.54534e-17 1
4093.5 2.38258e-15 9.54534e-17 1
4095 2.44972e-15 9.54534e-17 1
4096.5 2.48714e-15 9.54534e-17 1
4098 2.44891e-15 9.54534e-17 1
4099.5 2.24119e-15 9.54534e-17 1
4101 2.30506e-15 9.54534e-17 1
4102.5 2.29235e-15 9.54534e-17 1
4104 2.28054e-15 9.54534e-17 1
4105.5 2.32671e-15 9.54534e-17 1
4107 2.35018e-15 9.54534e-17 1
4108.5 2.2848e-15 9.54534e-17 1
4110 2.41995e-15 9.54534e-17 1
4111.5 2.40808e-15 9.54534e-17 1
4113 2.40085e-15 9.54534e-17 1
4114.5 2.39817e-15 9.54534e-17 1
4116 2.34624e-15 9.54534e-17 1
4117.5 2.29896e-15 9.54534e-17 1
4119 2.39743e-15 9.54534e-17 1
4120.5 2.42278e-15 6.09465e-17 1
4122 2.40893e-15 6.09465e-17 1
4123.5 2.43078e-15 6.09465e-17 1
4125 2.51744e-15 6.09465e-17 1
4126.5 2.43968e-15 6.09465e-17 1
4128 2.48928e-15 6.09465e-17 1
4129.5 2.50207e-15 6.09465e-17 1
4131 2.55183e-15 6.09465e-17 1
4132.5 2.58104e-15 6.09465e-17 1
4134 2.52513e-15 6.09465e-17 1
4135.5 2.47076e-15 6.09465e-17 1
4137 2.53568e-15 6.09465e-17 1
4138.5 2.54848e-15 6.09465e-17 1
4140 2.5521e-15 6.09465e-17 1
4141.5 2.60162e-15 6.09465e-17 1
4143 2.63343e-15 6.09465e-17 1
4144.5 2.6624e-15 6.09465e-17 1
4146 2.65149e-15 6.09465e-17 1
4147.5 2.54489e-15 6.09465e-17 1
4149 2.5837e-15 6.09465e-17 1
4150.5 2.65512e-15 6.09465e-17 1
4152 2.6757e-15 6.09465e-17 1
4153.5 2.71407e-15 6.09465e-17 1
4155 2.71774e-15 6.09465e-17 1
4156.5 2.73577e-15 6.09465e-17 1
4158 2.74384e-15 6.09465e-17 1
4159.5 2.77104e-15 6.09465e-17 1
4161 2.66741e-15 6.09465e-17 1
4162.5 2.68904e-15 6.09465e-17 1
4164 2.69803e-15 6.09465e-17 1
4165.5 2.76164e-15 6.09465e-17 1
4167 2.799e-15 6.09465e-17 1
4168.5 2.65891e-15 6.09465e-17 1
4170 2.598e-15 6.09465e-17 1
4171.5 2.6546e-15 6.09465e-17 1
4173 2.69732e-15 6.09465e-17 1
4174.5 2.79699e-15 6.09465e-17 1
4176 2.86827e-15 6.09465e-17 1
4177.5 2.62063e-15 6.09465e-17 1
4179 2.55516e-15 6.09465e-17 1
4180.5 2.74272e-15 6.09465e-17 1
4182 2.69023e-15 6.09465e-17 1
4183.5 2.71018e-15 6.09465e-17 1
4185 2.65217e-15 6.09465e-17 1
4186.5 2.61121e-15 6.09465e-17 1
4188 2.68589e-15 6.09465e-17 1
4189.5 2.61974e-15 6.09465e-17 1
4191 2.52604e-15 6.09465e-17 1
4192.5 2.53409e-15 6.09465e-17 1
4194 2.4856e-15 6.09465e-17 1
4195.5 2.49182e-15 6.09465e-17 1
4197 2.57363e-15 6.09465e-17 1
4198.5 2.58077e-15 6.09465e-17 1
4200 2.59632e-15 6.09465e-17 1
4201.5 2.59644e-15 6.09465e-17 1
4203 2.5517e-15 6.09465e-17 1
4204.5 2.50002e-15 6.09465e-17 1
4206 2.49958e-15 6.09465e-17 1
4207.5 2.4833e-15 6.09465e-17 1
4209 2.46119e-15 6.09465e-17 1
4210.5 2.4998e-15 6.09465e-17 1
4212 2.52195e-15 6.09465e-17 1
4213.5 2.44479e-15 6.09465e-17 1
4215 2.36173e-15 6.09465e-17 1
4216.5 2.31986e-15 6.09465e-17 1
4218 2.35843e-15 6.09465e-17 1
4219.5 2.38616e-15 6.09465e-17 1
4221 2.37623e-15 5.83956e-17 1
4222.5 2.40697e-15 5.83956e-17 1
4224 2.40749e-15 5.83956e-17 1
4225.5 2.39686e-15 5.83956e-17 1
4227 2.38572e-15 5.83956e-17 1
4228.5 2.33662e-15 5.83956e-17 1
4230 2.30639e-15 5.83956e-17 1
4231.5 2.31206e-15 5.83956e-17 1
4233 2.34773e-15 5.83956e-17 1
4234.5 2.3656e-15 5.83956e-17 1
4236 2.33018e-15 5.83956e-17 1
4237.5 2.35523e-15 5.83956e-17 1
4239 2.26575e-15 5.83956e-17 1
4240.5 2.24088e-15 5.83956e-17 1
4242 2.20207e-15 5.83956e-17 1
4243.5 2.17402e-15 5.83956e-17 1
4245 2.28494e-15 5.83956e-17 1
4246.5 2.40053e-15 5.83956e-17 1
4248 2.40337e-15 5.83956e-17 1
4249.5 2.29568e-15 5.83956e-17 1
4251 2.29596e-15 5.83956e-17 1
4252.5 2.32276e-15 5.83956e-17 1
4254 2.31629e-15 5.83956e-17 1
4255.5 2.3371e-15 5.83956e-17 1
4257 2.34623e-15 5.83956e-17 1
4258.5 2.35119e-15 5.83956e-17 1
4260 2.37956e-15 5.83956e-17 1
4261.5 2.38365e-15 5.83956e-17 1
4263 2.3821e-15 5.83956e-17 1
4264.5 2.34451e-15 5.83956e-17 1
4266 2.3658e-15 5.83956e-17 1
4267.5 2.33629e-15 5.83956e-17 1
4269 2.33511e-15 5.83956e-17 1
4270.5 2.35019e-15 5.83956e-17 1
4272 2.412e-15 5.83956e-17 1
4273.5 2.3856e-15 5.83956e-17 1
4275 2.32153e-15 5.83956e-17 1
4276.5 2.33982e-15 5.83956e-17 1
4278 2.29582e-15 5.83956e-17 1
4279.5 2.27939e-15 5.83956e-17 1
4281 2.31258e-15 5.83956e-17 1
4282.5 2.31343e-15 5.83956e-17 1
4284 2.30146e-15 5.83956e-17 1
4285.5 2.28002e-15 5.83956e-17 1
4287 2.25853e-15 5.83956e-17 1
4288.5 2.19586e-15 5.83956e-17 1
4290 2.20744e-15 5.83956e-17 1
4291.5 2.32246e-15 5.83956e-17 1
4293 2.28112e-15 5.83956e-17 1
4294.5 2.16233e-15 5.83956e-17 1
4296 2.14814e-15 5.83956e-17 1
4297.5 2.19762e-15 5.83956e-17 1
4299 2.19557e-15 5.83956e-17 1
4300.5 2.24175e-15 5.83956e-17 1
4302 2.12999e-15 5.83956e-17 1
4303.5 2.10086e-15 5.83956e-17 1
4305 2.06602e-15 5.83956e-17 1
4306.5 2.10179e-15 5.83956e-17 1
4308 2.12983e-15 5.83956e-17 1
4309.5 2.12013e-15 5.83956e-17 1
4311 2.14166e-15 5.83956e-17 1
4312.5 2.14353e-15 5.83956e-17 1
4314 2.04315e-15 5.83956e-17 1
4315.5 2.05535e-15 5.83956e-17 1
4317 2.03442e-15 5.83956e-17 1
4318.5 1.93406e-15 5.83956e-17 1
4320 1.93438e-15 3.69148e-17 1
4321.5 2.02082e-15 3.69148e-17 1
4323 2.04731e-15 3.69148e-17 1
4324.5 2.06864e-15 3.69148e-17 1
4326 1.96786e-15 3.69148e-17 1
4327.5 1.939e-15 3.69148e-17 1
4329 1.87299e-15 3.69148e-17 1
4330.5 1.92575e-15 3.69148e-17 1
4332 1.8983e-15 3.69148e-17 1
4333.5 1.90087e-15 3.69148e-17 1
4335 1.86195e-15 3.69148e-17 1
4336.5 1.84387e-15 3.69148e-17 1
4338 1.80904e-15 3.69148e-17 1
4339.5 1.79782e-15 3.69148e-17 1
4341 1.75509e-15 3.69148e-17 1
4342.5 1.72417e-15 3.69148e-17 1
4344 1.74928e-15 3.69148e-17 1
4345.5 1.77279e-15 3.69148e-17 1
4347 1.72861e-15 3.69148e-17 1
4348.5 1.69127e-15 3.69148e-17 1
4350 1.67253e-15 3.69148e-17 1
4351.5 1.64747e-15 3.69148e-17 1
4353 1.59981e-15 3.69148e-17 1
4354.5 1.56473e-15 3.69148e-17 1
4356 1.61678e-15 3.69148e-17 1
4357.5 1.63286e-15 3.69148e-17 1
4359 1.63811e-15 3.69148e-17 1
4360.5 1.63474e-15 3.69148e-17 1
4362 1.57494e-15 3.69148e-17 1
4363.5 1.52581e-15 3.69148e-17 1
4365 1.47504e-15 3.69148e-17 1
4366.5 1.49386e-15 3.69148e-17 1
4368 1.55029e-15 3.69148e-17 1
4369.5 1.5181e-15 3.69148e-17 1
4371 1.46751e-15 3.69148e-17 1
4372.5 1.46368e-15 3.69148e-17 1
4374 1.45726e-15 3.69148e-17 1
4375.5 1.43307e-15 3.69148e-17 1
4377 1.41901e-15 3.69148e-17 1
4378.5 1.45317e-15 3.69148e-17 1
4380 1.42395e-15 3.69148e-17 1
4381.5 1.38862e-15 3.69148e-17 1
4383 1.43075e-15 3.69148e-17 1
4384.5 1.41073e-15 3.69148e-17 1
4386 1.41108e-15 3.69148e-17 1
4387.5 1.39916e-15 3.69148e-17 1
4389 1.37889e-15 3.69148e-17 1
4390.5 1.38494e-15 3.69148e-17 1
4392 1.30199e-15 3.69148e-17 1
4393.5 1.32928e-15 3.69148e-17 1
4395 1.35339e-15 3.69148e-17 1
4396.5 1.31354e-15 3.69148e-17 1
4398 1.3643e-15 3.69148e-17 1
4399.5 1.33472e-15 3.69148e-17 1
4401 1.38719e-15 3.69148e-17 1
4402.5 1.46082e-15 3.69148e-17 1
4404 1.34156e-15 3.69148e-17 1
4405.5 1.3072e-15 3.69148e-17 1
4407 1.30001e-15 3.69148e-17 1
4408.5 1.30562e-15 3.69148e-17 1
4410 1.37786e-15 3.69148e-17 1
4411.5 1.37018e-15 3.69148e-17 1
4413 1.33133e-15 3.69148e-17 1
4414.5 1.32789e-15 3.69148e-17 1
4416 1.30876e-15 3.69148e-17 1
4417.5 1.26214e-15 3.69148e-17 1
4419 1.29223e-15 3.69148e-17 1
4420.5 1.33407e-15 3.70459e-17 1
4422 1.30895e-15 3.70459e-17 1
4423.5 1.3119e-15 3.70459e-17 1
4425 1.32982e-15 3.70459e-17 1
4426.5 1.34273e-15 3.70459e-17 1
4428 1.37048e-15 3.70459e-17 1
4429.5 1.35845e-15 3.70459e-17 1
4431 1.34986e-15 3.70459e-17 1
4432.5 1.40691e-15 3.70459e-17 1
4434 1.43908e-15 3.70459e-17 1
4435.5 1.40295e-15 3.70459e-17 1
4437 1.38215e-15 3.70459e-17 1
4438.5 1.36467e-15 3.70459e-17 1
4440 1.36872e-15 3.70459e-17 1
4441.5 1.37495e-15 3.70459e-17 1
4443 1.34745e-15 3.70459e-17 1
4444.5 1.37072e-15 3.70459e-17 1
4446 1.43582e-15 3.70459e-17 1
4447.5 1.4632e-15 3.70459e-17 1
4449 1.49724e-15 3.70459e-17 1
4450.5 1.46677e-15 3.70459e-17 1
4452 1.49643e-15 3.70459e-17 1
4453.5 1.46668e-15 3.70459e-17 1
4455 1.46028e-15 3.70459e-17 1
4456.5 1.3808e-15 3.70459e-17 1
4458 1.41792e-15 3.70459e-17 1
4459.5 1.51748e-15 3.70459e-17 1
4461 1.52249e-15 3.70459e-17 1
4462.5 1.56291e-15 3.70459e-17 1
4464 1.45402e-15 3.70459e-17 1
4465.5 1.52965e-15 3.70459e-17 1
4467 1.51625e-15 3.70459e-17 1
4468.5 1.54365e-15 3.70459e-17 1
4470 1.54276e-15 3.70459e-17 1
4471.5 1.51859e-15 3.70459e-17 1
4473 1.52681e-15 3.70459e-17 1
4474.5 1.59474e-15 3.70459e-17 1
4476 1.61463e-15 3.70459e-17 1
4477.5 1.57013e-15 3.70459e-17 1
4479 1.63676e-15 3.70459e-17 1
4480.5 1.62334e-15 3.70459e-17 1
4482 1.6251e-15 3.70459e-17 1
4483.5 1.73008e-15 3.70459e-17 1
4485 1.71926e-15 3.70459e-17 1
4486.5 1.67659e-15 3.70459e-17 1
4488 1.6749e-15 3.70459e-17 1
4489.5 1.6924e-15 3.70459e-17 1
4491 1.70489e-15 3.70459e-17 1
4492.5 1.69461e-15 3.70459e-17 1
4494 1.70965e-15 3.70459e-17 1
4495.5 1.71902e-15 3.70459e-17 1
4497 1.73544e-15 3.70459e-17 1
4498.5 1.7141e-15 3.70459e-17 1
4500 1.71553e-15 3.70459e-17 1
4501.5 1.72741e-15 3.70459e-17 1
4503 1.76861e-15 3.70459e-17 1
4504.5 1.77088e-15 3.70459e-17 1
4506 1.72602e-15 3.70459e-17 1
4507.5 1.70928e-15 3.70459e-17 1
4509 1.76761e-15 3.70459e-17 1
4510.5 1.78666e-15 3.70459e-17 1
4512 1.76861e-15 3.70459e-17 1
4513.5 1.76751e-15 3.70459e-17 1
4515 1.75651e-15 3.70459e-17 1
4516.5 1.75973e-15 3.70459e-17 1
4518 1.79007e-15 3.70459e-17 1
4519.5 1.82551e-15 3.70459e-17 1
4521 1.81499e-15 4.04895e-17 1
4522.5 1.78228e-15 4.04895e-17 1
4524 1.79122e-15 4.04895e-17 1
4525.5 1.82888e-15 4.04895e-17 1
4527 1.84691e-15 4.04895e-17 1
4528.5 1.86109e-15 4.04895e-17 1
4530 1.92284e-15 4.04895e-17 1
4531.5 1.89954e-15 4.04895e-17 1
4533 1.90691e-15 4.04895e-17 1
4534.5 1.91712e-15 4.04895e-17 1
4536 1.88738e-15 4.04895e-17 1
4537.5 1.89464e-15 4.04895e-17 1
4539 1.9673e-15 4.04895e-17 1
4540.5 2.02539e-15 4.04895e-17 1
4542 1.93771e-15 4.04895e-17 1
4543.5 1.98047e-15 4.04895e-17 1
4545 2.00927e-15 4.04895e-17 1
4546.5 2.00052e-15 4.04895e-17 1
4548 2.02488e-15 4.04895e-17 1
4549.5 2.01514e-15 4.04895e-17 1
4551 1.95166e-15 4.04895e-17 1
4552.5 1.96894e-15 4.04895e-17 1
4554 1.9524e-15 4.04895e-17 1
4555.5 2.00896e-15 4.04895e-17 1
4557 2.0409e-15 4.04895e-17 1
4558.5 2.04491e-15 4.04895e-17 1
4560 2.0459e-15 4.04895e-17 1
4561.5 2.09073e-15 4.04895e-17 1
4563 2.18067e-15 4.04895e-17 1
4564.5 2.16937e-15 4.04895e-17 1
4566 2.13066e-15 4.04895e-17 1
4567.5 2.14348e-15 4.04895e-17 1
4569 2.11166e-15 4.04895e-17 1
4570.5 2.11722e-15 4.04895e-17 1
4572 2.15241e-15 4.04895e-17 1
4573.5 2.18264e-15 4.04895e-17 1
4575 2.17847e-15 4.04895e-17 1
4576.5 2.19278e-15 4.04895e-17 1
4578 2.19069e-15 4.04895e-17 1
4579.5 2.20553e-15 4.04895e-17 1
4581 2.21386e-15 4.04895e-17 1
4582.5 2.14871e-15 4.04895e-17 1
4584 2.15084e-15 4.04895e-17 1
4585.5 2.22601e-15 4.04895e-17 1
4587 2.27522e-15 4.04895e-17 1
4588.5 2.26719e-15 4.04895e-17 1
4590 2.23325e-15 4.04895e-17 1
4591.5 2.20066e-15 4.04895e-17 1
4593 2.19585e-15 4.04895e-17 1
4594.5 2.23447e-15 4.04895e-17 1
4596 2.23412e-15 4.04895e-17 1
4597.5 2.26917e-15 4.04895e-17 1
4599 2.22611e-15 4.04895e-17 1
4600.5 2.22028e-15 4.04895e-17 1
4602 2.19731e-15 4.04895e-17 1
4603.5 2.13545e-15 4.04895e-17 1
4605 2.19153e-15 4.04895e-17 1
4606.5 2.2352e-15 4.04895e-17 1
4608 2.21522e-15 4.04895e-17 1
4609.5 2.20704e-15 4.04895e-17 1
4611 2.17073e-15 4.04895e-17 1
4612.5 2.1691e-15 4.04895e-17 1
4614 2.16198e-15 4.04895e-17 1
4615.5 2.23041e-15 4.04895e-17 1
4617 2.28284e-15 4.04895e-17 1
4618.5 2.24788e-15 4.04895e-17 1
4620 2.27043e-15 3.46568e-17 1
4621.5 2.22927e-15 3.46568e-17 1
4623 2.30961e-15 3.46568e-17 1
4624.5 2.23524e-15 3.46568e-17 1
4626 2.12637e-15 3.46568e-17 1
4627.5 2.20929e-15 3.46568e-17 1
4629 2.28609e-15 3.46568e-17 1
4630.5 2.26084e-15 3.46568e-17 1
4632 2.21581e-15 3.46568e-17 1
4633.5 2.23832e-15 3.46568e-17 1
4635 2.22227e-15 3.46568e-17 1
4636.5 2.20366e-15 3.46568e-17 1
4638 2.18882e-15 3.46568e-17 1
4639.5 2.18363e-15 3.46568e-17 1
4641 2.18554e-15 3.46568e-17 1
4642.5 2.17625e-15 3.46568e-17 1
4644 2.16881e-15 3.46568e-17 1
4645.5 2.14395e-15 3.46568e-17 1
4647 2.17236e-15 3.46568e-17 1
4648.5 2.20414e-15 3.46568e-17 1
4650 2.15733e-15 3.46568e-17 1
4651.5 2.14774e-15 3.46568e-17 1
4653 2.19458e-15 3.46568e-17 1
4654.5 2.1828e-15 3.46568e-17 1
4656 2.13509e-15 3.46568e-17 1
4657.5 2.11291e-15 3.46568e-17 1
4659 2.09134e-15 3.46568e-17 1
4660.5 2.08494e-15 3.46568e-17 1
4662 2.13033e-15 3.46568e-17 1
4663.5 2.12374e-15 3.46568e-17 1
4665 2.06838e-15 3.46568e-17 1
4666.5 2.04848e-15 3.46568e-17 1
4668 2.06754e-15 3.46568e-17 1
4669.5 2.10344e-15 3.46568e-17 1
4671 2.06552e-15 3.46568e-17 1
4672.5 2.02265e-15 3.46568e-17 1
4674 2.04233e-15 3.46568e-17 1
4675.5 2.08211e-15 3.46568e-17 1
4677 2.08185e-15 3.46568e-17 1
4678.5 2.0777e-15 3.46568e-17 1
4680 2.09354e-15 3.46568e-17 1
4681.5 2.05847e-15 3.46568e-17 1
4683 2.01486e-15 3.46568e-17 1
4684.5 1.94621e-15 3.46568e-17 1
4686 2.0334e-15 3.46568e-17 1
4687.5 2.04515e-15 3.46568e-17 1
4689 2.072e-15 3.46568e-17 1
4690.5 2.0878e-15 3.46568e-17 1
4692 2.09469e-15 3.46568e-17 1
4693.5 2.09922e-15 3.46568e-17 1
4695 2.05798e-15 3.46568e-17 1
4696.5 2.07689e-15 3.46568e-17 1
4698 2.06924e-15 3.46568e-17 1
4699.5 2.11268e-15 3.46568e-17 1
4701 2.09365e-15 3.46568e-17 1
4702.5 2.07349e-15 3.46568e-17 1
4704 2.08978e-15 3.46568e-17 1
4705.5 2.07476e-15 3.46568e-17 1
4707 2.07465e-15 3.46568e-17 1
4708.5 2.03879e-15 3.46568e-17 1
4710 2.07411e-15 3.46568e-17 1
4711.5 2.09154e-15 3.46568e-17 1
4713 2.08723e-15 3.46568e-17 1
4714.5 2.07292e-15 3.46568e-17 1
4716 2.0494e-15 3.46568e-17 1
4717.5 2.02023e-15 3.46568e-17 1
4719 1.9801e-15 3.46568e-17 1
4720.5 2.01427e-15 4.19218e-17 1
4722 2.10474e-15 4.19218e-17 1
4723.5 2.09276e-15 4.19218e-17 1
4725 2.0281e-15 4.19218e-17 1
4726.5 1.9905e-15 4.19218e-17 1
4728 2.01881e-15 4.19218e-17 1
4729.5 2.0369e-15 4.19218e-17 1
4731 2.01114e-15 4.19218e-17 1
4732.5 2.04333e-15 4.19218e-17 1
4734 2.08701e-15 4.19218e-17 1
4735.5 2.05547e-15 4.19218e-17 1
4737 1.951e-15 4.19218e-17 1
4738.5 1.99603e-15 4.19218e-17 1
4740 2.00329e-15 4.19218e-17 1
4741.5 1.97509e-15 4.19218e-17 1
4743 1.94174e-15 4.19218e-17 1
4744.5 1.92278e-15 4.19218e-17 1
4746 1.90334e-15 4.19218e-17 1
4747.5 1.96668e-15 4.19218e-17 1
4749 1.89546e-15 4.19218e-17 1
4750.5 1.84459e-15 4.19218e-17 1
4752 1.83319e-15 4.19218e-17 1
4753.5 1.76274e-15 4.19218e-17 1
4755 1.80206e-15 4.19218e-17 1
4756.5 1.80995e-15 4.19218e-17 1
4758 1.77715e-15 4.19218e-17 1
4759.5 1.75803e-15 4.19218e-17 1
4761 1.76476e-15 4.19218e-17 1
4762.5 1.73215e-15 4.19218e-17 1
4764 1.66142e-15 4.19218e-17 1
4765.5 1.60131e-15 4.19218e-17 1
4767 1.59649e-15 4.19218e-17 1
4768.5 1.62882e-15 4.19218e-17 1
4770 1.66198e-15 4.19218e-17 1
4771.5 1.71084e-15 4.19218e-17 1
4773 1.65835e-15 4.19218e-17 1
4774.5 1.57054e-15 4.19218e-17 1
4776 1.58191e-15 4.19218e-17 1
4777.5 1.55481e-15 4.19218e-17 1
4779 1.56011e-15 4.19218e-17 1
4780.5 1.5738e-15 4.19218e-17 1
4782 1.56296e-15 4.19218e-17 1
4783.5 1.56151e-15 4.19218e-17 1
4785 1.61465e-15 4.19218e-17 1
4786.5 1.61898e-15 4.19218e-17 1
4788 1.64271e-15 4.19218e-17 1
4789.5 1.62387e-15 4.19218e-17 1
4791 1.59619e-15 4.19218e-17 1
4792.5 1.56996e-15 4.19218e-17 1
4794 1.56762e-15 4.19218e-17 1
4795.5 1.57951e-15 4.19218e-17 1
4797 1.5727e-15 4.19218e-17 1
4798.5 1.57147e-15 4.19218e-17 1
4800 1.5798e-15 4.19218e-17 1
4801.5 1.57028e-15 4.19218e-17 1
4803 1.55624e-15 4.19218e-17 1
4804.5 1.56986e-15 4.19218e-17 1
4806 1.58017e-15 4.19218e-17 1
4807.5 1.59522e-15 4.19218e-17 1
4809 1.60106e-15 4.19218e-17 1
4810.5 1.63645e-15 4.19218e-17 1
4812 1.60412e-15 4.19218e-17 1
4813.5 1.59767e-15 4.19218e-17 1
4815 1.57684e-15 4.19218e-17 1
4816.5 1.58197e-15 4.19218e-17 1
4818 1.56421e-15 4.19218e-17 1
4819.5 1.55438e-15 4.19218e-17 1
4821 1.49597e-15 3.82318e-17 1
4822.5 1.51426e-15 3.82318e-17 1
4824 1.55107e-15 3.82318e-17 1
4825.5 1.54943e-15 3.82318e-17 1
4827 1.54803e-15 3.82318e-17 1
4828.5 1.54924e-15 3.82318e-17 1
4830 1.58482e-15 3.82318e-17 1
4831.5 1.47368e-15 3.82318e-17 1
4833 1.44804e-15 3.82318e-17 1
4834.5 1.48466e-15 3.82318e-17 1
4836 1.4568e-15 3.82318e-17 1
4837.5 1.46742e-15 3.82318e-17 1
4839 1.48779e-15 3.82318e-17 1
4840.5 1.50889e-15 3.82318e-17 1
4842 1.47505e-15 3.82318e-17 1
4843.5 1.4803e-15 3.82318e-17 1
4845 1.48235e-15 3.82318e-17 1
4846.5 1.40795e-15 3.82318e-17 1
4848 1.3708e-15 3.82318e-17 1
4849.5 1.44398e-15 3.82318e-17 1
4851 1.43931e-15 3.82318e-17 1
4852.5 1.3838e-15 3.82318e-17 1
4854 1.36026e-15 3.82318e-17 1
4855.5 1.36062e-15 3.82318e-17 1
4857 1.40016e-15 3.82318e-17 1
4858.5 1.36832e-15 3.82318e-17 1
4860 1.29609e-15 3.82318e-17 1
4861.5 1.30321e-15 3.82318e-17 1
4863 1.30521e-15 3.82318e-17 1
4864.5 1.32439e-15 3.82318e-17 1
4866 1.31251e-15 3.82318e-17 1
4867.5 1.30067e-15 3.82318e-17 1
4869 1.29479e-15 3.82318e-17 1
4870.5 1.27682e-15 3.82318e-17 1
4872 1.28864e-15 3.82318e-17 1
4873.5 1.32073e-15 3.82318e-17 1
4875 1.30071e-15 3.82318e-17 1
4876.5 1.27062e-15 3.82318e-17 1
4878 1.28072e-15 3.82318e-17 1
4879.5 1.25665e-15 3.82318e-17 1
4881 1.26901e-15 3.82318e-17 1
4882.5 1.31019e-15 3.82318e-17 1
4884 1.2839e-15 3.82318e-17 1
4885.5 1.33947e-15 3.82318e-17 1
4887 1.3306e-15 3.82318e-17 1
4888.5 1.31721e-15 3.82318e-17 1
4890 1.33258e-15 3.82318e-17 1
4891.5 1.30728e-15 3.82318e-17 1
4893 1.3168e-15 3.82318e-17 1
4894.5 1.36188e-15 3.82318e-17 1
4896 1.40713e-15 3.82318e-17 1
4897.5 1.40728e-15 3.82318e-17 1
4899 1.40589e-15 3.82318e-17 1
4900.5 1.35274e-15 3.82318e-17 1
4902 1.4038e-15 3.82318e-17 1
4903.5 1.44441e-15 3.82318e-17 1
4905 1.42593e-15 3.82318e-17 1
4906.5 1.44513e-15 3.82318e-17 1
4908 1.45446e-15 3.82318e-17 1
4909.5 1.44224e-15 3.82318e-17 1
4911 1.44293e-15 3.82318e-17 1
4912.5 1.47035e-15 3.82318e-17 1
4914 1.52449e-15 3.82318e-17 1
4915.5 1.51356e-15 3.82318e-17 1
4917 1.49677e-15 3.82318e-17 1
4918.5 1.4932e-15 3.82318e-17 1
4920 1.46236e-15 3.151e-17 1
4921.5 1.51479e-15 3.151e-17 1
4923 1.52879e-15 3.151e-17 1
4924.5 1.48832e-15 3.151e-17 1
4926 1.48121e-15 3.151e-17 1
4927.5 1.47656e-15 3.151e-17 1
4929 1.50484e-15 3.151e-17 1
4930.5 1.46967e-15 3.151e-17 1
4932 1.463e-15 3.151e-17 1
4933.5 1.47125e-15 3.151e-17 1
4935 1.47972e-15 3.151e-17 1
4936.5 1.47276e-15 3.151e-17 1
4938 1.45884e-15 3.151e-17 1
4939.5 1.43323e-15 3.151e-17 1
4941 1.45217e-15 3.151e-17 1
4942.5 1.44701e-15 3.151e-17 1
4944 1.40412e-15 3.151e-17 1
4945.5 1.40371e-15 3.151e-17 1
4947 1.3865e-15 3.151e-17 1
4948.5 1.35382e-15 3.151e-17 1
4950 1.33383e-15 3.151e-17 1
4951.5 1.36776e-15 3.151e-17 1
4953 1.37807e-15 3.151e-17 1
4954.5 1.33615e-15 3.151e-17 1
4956 1.28148e-15 3.151e-17 1
4957.5 1.28896e-15 3.151e-17 1
4959 1.28267e-15 3.151e-17 1
4960.5 1.28743e-15 3.151e-17 1
4962 1.27171e-15 3.151e-17 1
4963.5 1.27196e-15 3.151e-17 1
4965 1.29011e-15 3.151e-17 1
4966.5 1.29335e-15 3.151e-17 1
4968 1.25652e-15 3.151e-17 1
4969.5 1.2414e-15 3.151e-17 1
4971 1.18465e-15 3.151e-17 1
4972.5 1.22896e-15 3.151e-17 1
4974 1.25038e-15 3.151e-17 1
4975.5 1.20886e-15 3.151e-17 1
4977 1.2116e-15 3.151e-17 1
4978.5 1.18834e-15 3.151e-17 1
4980 1.1716e-15 3.151e-17 1
4981.5 1.16922e-15 3.151e-17 1
4983 1.21709e-15 3.151e-17 1
4984.5 1.20291e-15 3.151e-17 1
4986 1.16718e-15 3.151e-17 1
4987.5 1.17784e-15 3.151e-17 1
4989 1.16938e-15 3.151e-17 1
4990.5 1.16369e-15 3.151e-17 1
4992 1.16295e-15 3.151e-17 1
4993.5 1.17791e-15 3.151e-17 1
4995 1.14908e-15 3.151e-17 1
4996.5 1.16203e-15 3.151e-17 1
4998 1.15938e-15 3.151e-17 1
4999.5 1.14485e-15 3.151e-17 1
5001 1.1137e-15 3.151e-17 1
5002.5 1.13242e-15 3.151e-17 1
5004 1.13352e-15 3.151e-17 1
5005.5 1.13375e-15 3.151e-17 1
5007 1.15237e-15 3.151e-17 1
5008.5 1.16565e-15 3.151e-17 1
5010 1.14844e-15 3.151e-17 1
5011.5 1.15676e-15 3.151e-17 1
5013 1.15305e-15 3.151e-17 1
5014.5 1.12247e-15 3.151e-17 1
5016 1.12113e-15 3.151e-17 1
5017.5 1.14351e-15 3.151e-17 1
5019 1.15029e-15 3.151e-17 1
5020.5 1.14642e-15 2.50673e-17 1
5022 1.15559e-15 2.50673e-17 1
5023.5 1.1351e-15 2.50673e-17 1
5025 1.11186e-15 2.50673e-17 1
5026.5 1.13298e-15 2.50673e-17 1
5028 1.15686e-15 2.50673e-17 1
5029.5 1.15509e-15 2.50673e-17 1
5031 1.11745e-15 2.50673e-17 1
5032.5 1.11442e-15 2.50673e-17 1
5034 1.15181e-15 2.50673e-17 1
5035.5 1.17066e-15 2.50673e-17 1
5037 1.13073e-15 2.50673e-17 1
5038.5 1.14262e-15 2.50673e-17 1
5040 1.12755e-15 2.50673e-17 1
5041.5 1.11956e-15 2.50673e-17 1
5043 1.13201e-15 2.50673e-17 1
5044.5 1.12946e-15 2.50673e-17 1
5046 1.09933e-15 2.50673e-17 1
5047.5 1.16187e-15 2.50673e-17 1
5049 1.13261e-15 2.50673e-17 1
5050.5 1.09188e-15 2.50673e-17 1
5052 1.11122e-15 2.50673e-17 1
5053.5 1.1114e-15 2.50673e-17 1
5055 1.11821e-15 2.50673e-17 1
5056.5 1.15951e-15 2.50673e-17 1
5058 1.16766e-15 2.50673e-17 1
5059.5 1.19431e-15 2.50673e-17 1
5061 1.17135e-15 2.50673e-17 1
5062.5 1.16907e-15 2.50673e-17 1
5064 1.18236e-15 2.50673e-17 1
5065.5 1.18162e-15 2.50673e-17 1
5067 1.20501e-15 2.50673e-17 1
5068.5 1.19023e-15 2.50673e-17 1
5070 1.15436e-15 2.50673e-17 1
5071.5 1.13892e-15 2.50673e-17 1
5073 1.16692e-15 2.50673e-17 1
5074.5 1.1206e-15 2.50673e-17 1
5076 1.13736e-15 2.50673e-17 1
5077.5 1.17684e-15 2.50673e-17 1
5079 1.14672e-15 2.50673e-17 1
5080.5 1.1549e-15 2.50673e-17 1
5082 1.1502e-15 2.50673e-17 1
5083.5 1.15362e-15 2.50673e-17 1
5085 1.14013e-15 2.50673e-17 1
5086.5 1.13111e-15 2.50673e-17 1
5088 1.13413e-15 2.50673e-17 1
5089.5 1.16667e-15 2.50673e-17 1
5091 1.17768e-15 2.50673e-17 1
5092.5 1.18012e-15 2.50673e-17 1
5094 1.18075e-15 2.50673e-17 1
5095.5 1.15106e-15 2.50673e-17 1
5097 1.1385e-15 2.50673e-17 1
5098.5 1.13408e-15 2.50673e-17 1
5100 1.14867e-15 2.50673e-17 1
5101.5 1.19067e-15 2.50673e-17 1
5103 1.15712e-15 2.50673e-17 1
5104.5 1.12154e-15 2.50673e-17 1
5106 1.14049e-15 2.50673e-17 1
5107.5 1.16438e-15 2.50673e-17 1
5109 1.14979e-15 2.50673e-17 1
5110.5 1.19498e-15 2.50673e-17 1
5112 1.18435e-15 2.50673e-17 1
5113.5 1.1579e-15 2.50673e-17 1
5115 1.16541e-15 2.50673e-17 1
5116.5 1.17068e-15 2.50673e-17 1
5118 1.1726e-15 2.50673e-17 1
5119.5 1.23242e-15 2.50673e-17 1
5121 1.21222e-15 3.28635e-17 1
5122.5 1.1791e-15 3.28635e-17 1
5124 1.23469e-15 3.28635e-17 1
5125.5 1.22415e-15 3.28635e-17 1
5127 1.21382e-15 3.28635e-17 1
5128.5 1.22528e-15 3.28635e-17 1
5130 1.21759e-15 3.28635e-17 1
5131.5 1.27984e-15 3.28635e-17 1
5133 1.29013e-15 3.28635e-17 1
5134.5 1.24998e-15 3.28635e-17 1
5136 1.29475e-15 3.28635e-17 1
5137.5 1.30291e-15 3.28635e-17 1
5139 1.27566e-15 3.28635e-17 1
5140.5 1.23219e-15 3.28635e-17 1
5142 1.2745e-15 3.28635e-17 1
5143.5 1.29223e-15 3.28635e-17 1
5145 1.29538e-15 3.28635e-17 1
5146.5 1.27327e-15 3.28635e-17 1
5148 1.26433e-15 3.28635e-17 1
5149.5 1.25579e-15 3.28635e-17 1
5151 1.24458e-15 3.28635e-17 1
5152.5 1.2476e-15 3.28635e-17 1
5154 1.26564e-15 3.28635e-17 1
5155.5 1.28388e-15 3.28635e-17 1
5157 1.27901e-15 3.28635e-17 1
5158.5 1.28841e-15 3.28635e-17 1
5160 1.29117e-15 3.28635e-17 1
5161.5 1.28149e-15 3.28635e-17 1
5163 1.26097e-15 3.28635e-17 1
5164.5 1.28146e-15 3.28635e-17 1
5166 1.29803e-15 3.28635e-17 1
5167.5 1.30327e-15 3.28635e-17 1
5169 1.33386e-15 3.28635e-17 1
5170.5 1.34381e-15 3.28635e-17 1
5172 1.32613e-15 3.28635e-17 1
5173.5 1.35172e-15 3.28635e-17 1
5175 1.39931e-15 3.28635e-17 1
5176.5 1.43182e-15 3.28635e-17 1
5178 1.41502e-15 3.28635e-17 1
5179.5 1.37355e-15 3.28635e-17 1
5181 1.41748e-15 3.28635e-17 1
5182.5 1.42851e-15 3.28635e-17 1
5184 1.39373e-15 3.28635e-17 1
5185.5 1.40611e-15 3.28635e-17 1
5187 1.46712e-15 3.28635e-17 1
5188.5 1.47076e-15 3.28635e-17 1
5190 1.46259e-15 3.28635e-17 1
5191.5 1.49724e-15 3.28635e-17 1
5193 1.46587e-15 3.28635e-17 1
5194.5 1.51802e-15 3.28635e-17 1
5196 1.55129e-15 3.28635e-17 1
5197.5 1.48605e-15 3.28635e-17 1
5199 1.52554e-15 3.28635e-17 1
5200.5 1.54973e-15 3.28635e-17 1
5202 1.51826e-15 3.28635e-17 1
5203.5 1.52251e-15 3.28635e-17 1
5205 1.50549e-15 3.28635e-17 1
5206.5 1.54433e-15 3.28635e-17 1
5208 1.59769e-15 3.28635e-17 1
5209.5 1.58372e-15 3.28635e-17 1
5211 1.57727e-15 3.28635e-17 1
5212.5 1.5923e-15 3.28635e-17 1
5214 1.60161e-15 3.28635e-17 1
5215.5 1.6138e-15 3.28635e-17 1
5217 1.59387e-15 3.28635e-17 1
5218.5 1.56871e-15 3.28635e-17 1
5220 1.60952e-15 2.95497e-17 1
5221.5 1.6261e-15 2.95497e-17 1
5223 1.62309e-15 2.95497e-17 1
5224.5 1.64676e-15 2.95497e-17 1
5226 1.6475e-15 2.95497e-17 1
5227.5 1.64398e-15 2.95497e-17 1
5229 1.64184e-15 2.95497e-17 1
5230.5 1.64604e-15 2.95497e-17 1
5232 1.64829e-15 2.95497e-17 1
5233.5 1.66043e-15 2.95497e-17 1
5235 1.67857e-15 2.95497e-17 1
5236.5 1.67408e-15 2.95497e-17 1
5238 1.6801e-15 2.95497e-17 1
5239.5 1.68819e-15 2.95497e-17 1
5241 1.68088e-15 2.95497e-17 1
5242.5 1.71742e-15 2.95497e-17 1
5244 1.72085e-15 2.95497e-17 1
5245.5 1.67995e-15 2.95497e-17 1
5247 1.68325e-15 2.95497e-17 1
5248.5 1.7212e-15 2.95497e-17 1
5250 1.7039e-15 2.95497e-17 1
5251.5 1.68493e-15 2.95497e-17 1
5253 1.67439e-15 2.95497e-17 1
5254.5 1.68822e-15 2.95497e-17 1
5256 1.70404e-15 2.95497e-17 1
5257.5 1.64096e-15 2.95497e-17 1
5259 1.65908e-15 2.95497e-17 1
5260.5 1.64818e-15 2.95497e-17 1
5262 1.60403e-15 2.95497e-17 1
5263.5 1.64012e-15 2.95497e-17 1
5265 1.62207e-15 2.95497e-17 1
5266.5 1.64316e-15 2.95497e-17 1
5268 1.63015e-15 2.95497e-17 1
5269.5 1.64049e-15 2.95497e-17 1
5271 1.75069e-15 2.95497e-17 1
5272.5 1.71966e-15 2.95497e-17 1
5274 1.67423e-15 2.95497e-17 1
5275.5 1.63594e-15 2.95497e-17 1
5277 1.65562e-15 2.95497e-17 1
5278.5 1.69979e-15 2.95497e-17 1
5280 1.66021e-15 2.95497e-17 1
5281.5 1.66929e-15 2.95497e-17 1
5283 1.66253e-15 2.95497e-17 1
5284.5 1.62822e-15 2.95497e-17 1
5286 1.6217e-15 2.95497e-17 1
5287.5 1.65025e-15 2.95497e-17 1
5289 1.68978e-15 2.95497e-17 1
5290.5 1.67137e-15 2.95497e-17 1
5292 1.66289e-15 2.95497e-17 1
5293.5 1.63517e-15 2.95497e-17 1
5295 1.60075e-15 2.95497e-17 1
5296.5 1.605e-15 2.95497e-17 1
5298 1.61073e-15 2.95497e-17 1
5299.5 1.63757e-15 2.95497e-17 1
5301 1.68445e-15 2.95497e-17 1
5302.5 1.67306e-15 2.95497e-17 1
5304 1.65685e-15 2.95497e-17 1
5305.5 1.66615e-15 2.95497e-17 1
5307 1.64672e-15 2.95497e-17 1
5308.5 1.65087e-15 2.95497e-17 1
5310 1.65038e-15 2.95497e-17 1
5311.5 1.62502e-15 2.95497e-17 1
5313 1.62248e-15 2.95497e-17 1
5314.5 1.66121e-15 2.95497e-17 1
5316 1.68347e-15 2.95497e-17 1
5317.5 1.65918e-15 2.95497e-17 1
5319 1.61063e-15 2.95497e-17 1
5320.5 1.60996e-15 2.65882e-17 1
5322 1.60067e-15 2.65882e-17 1
5323.5 1.62056e-15 2.65882e-17 1
5325 1.6246e-15 2.65882e-17 1
5326.5 1.60536e-15 2.65882e-17 1
5328 1.6442e-15 2.65882e-17 1
5329.5 1.65618e-15 2.65882e-17 1
5331 1.66119e-15 2.65882e-17 1
5332.5 1.67521e-15 2.65882e-17 1
5334 1.65123e-15 2.65882e-17 1
5335.5 1.62433e-15 2.65882e-17 1
5337 1.63691e-15 2.65882e-17 1
5338.5 1.62631e-15 2.65882e-17 1
5340 1.60236e-15 2.65882e-17 1
5341.5 1.58647e-15 2.65882e-17 1
5343 1.5854e-15 2.65882e-17 1
5344.5 1.60867e-15 2.65882e-17 1
5346 1.63876e-15 2.65882e-17 1
5347.5 1.59231e-15 2.65882e-17 1
5349 1.55691e-15 2.65882e-17 1
5350.5 1.58839e-15 2.65882e-17 1
5352 1.55433e-15 2.65882e-17 1
5353.5 1.56226e-15 2.65882e-17 1
5355 1.55713e-15 2.65882e-17 1
5356.5 1.49622e-15 2.65882e-17 1
5358 1.47197e-15 2.65882e-17 1
5359.5 1.51113e-15 2.65882e-17 1
5361 1.50907e-15 2.65882e-17 1
5362.5 1.4566e-15 2.65882e-17 1
5364 1.45188e-15 2.65882e-17 1
5365.5 1.462e-15 2.65882e-17 1
5367 1.47358e-15 2.65882e-17 1
5368.5 1.46179e-15 2.65882e-17 1
5370 1.42005e-15 2.65882e-17 1
5371.5 1.4105e-15 2.65882e-17 1
5373 1.43201e-15 2.65882e-17 1
5374.5 1.38898e-15 2.65882e-17 1
5376 1.36887e-15 2.65882e-17 1
5377.5 1.40738e-15 2.65882e-17 1
5379 1.42651e-15 2.65882e-17 1
5380.5 1.40165e-15 2.65882e-17 1
5382 1.37636e-15 2.65882e-17 1
5383.5 1.35811e-15 2.65882e-17 1
5385 1.32688e-15 2.65882e-17 1
5386.5 1.3156e-15 2.65882e-17 1
5388 1.31116e-15 2.65882e-17 1
5389.5 1.32897e-15 2.65882e-17 1
5391 1.32197e-15 2.65882e-17 1
5392.5 1.27512e-15 2.65882e-17 1
5394 1.26694e-15 2.65882e-17 1
5395.5 1.27299e-15 2.65882e-17 1
5397 1.24741e-15 2.65882e-17 1
5398.5 1.29058e-15 2.65882e-17 1
5400 1.2955e-15 2.65882e-17 1
5401.5 1.26867e-15 2.65882e-17 1
5403 1.2607e-15 2.65882e-17 1
5404.5 1.24251e-15 2.65882e-17 1
5406 1.24917e-15 2.65882e-17 1
5407.5 1.2178e-15 2.65882e-17 1
5409 1.25624e-15 2.65882e-17 1
5410.5 1.28953e-15 2.65882e-17 1
5412 1.28144e-15 2.65882e-17 1
5413.5 1.22659e-15 2.65882e-17 1
5415 1.20509e-15 2.65882e-17 1
5416.5 1.20726e-15 2.65882e-17 1
5418 1.25139e-15 2.65882e-17 1
5419.5 1.24006e-15 2.65882e-17 1
5421 1.22873e-15 2.28238e-17 1
5422.5 1.2174e-15 2.28238e-17 1
5424 1.20607e-15 2.28238e-17 1
5425.5 1.20607e-15 2.28238e-17 1
5427 1.22302e-15 2.28238e-17 1
5428.5 1.27193e-15 2.28238e-17 1
5430 1.21778e-15 2.28238e-17 1
5431.5 1.17598e-15 2.28238e-17 1
5433 1.21094e-15 2.28238e-17 1
5434.5 1.20225e-15 2.28238e-17 1
5436 1.16603e-15 2.28238e-17 1
5437.5 1.18782e-15 2.28238e-17 1
5439 1.18083e-15 2.28238e-17 1
5440.5 1.1683e-15 2.28238e-17 1
5442 1.16019e-15 2.28238e-17 1
5443.5 1.18347e-15 2.28238e-17 1
5445 1.20224e-15 2.28238e-17 1
5446.5 1.1947e-15 2.28238e-17 1
5448 1.15391e-15 2.28238e-17 1
5449.5 1.1671e-15 2.28238e-17 1
5451 1.14937e-15 2.28238e-17 1
5452.5 1.16293e-15 2.28238e-17 1
5454 1.19319e-15 2.28238e-17 1
5455.5 1.17783e-15 2.28238e-17 1
5457 1.17975e-15 2.28238e-17 1
5458.5 1.17499e-15 2.28238e-17 1
5460 1.18278e-15 2.28238e-17 1
5461.5 1.18717e-15 2.28238e-17 1
5463 1.19431e-15 2.28238e-17 1
5464.5 1.18838e-15 2.28238e-17 1
5466 1.13602e-15 2.28238e-17 1
5467.5 1.15558e-15 2.28238e-17 1
5469 1.21014e-15 2.28238e-17 1
5470.5 1.21002e-15 2.28238e-17 1
5472 1.18007e-15 2.28238e-17 1
5473.5 1.1848e-15 2.28238e-17 1
5475 1.20954e-15 2.28238e-17 1
5476.5 1.20942e-15 2.28238e-17 1
5478 1.21524e-15 2.28238e-17 1
5479.5 1.23765e-15 2.28238e-17 1
5481 1.25329e-15 2.28238e-17 1
5482.5 1.24893e-15 2.28238e-17 1
5484 1.2933e-15 2.28238e-17 1
5485.5 1.21491e-15 2.28238e-17 1
5487 1.26075e-15 2.28238e-17 1
5488.5 1.23777e-15 2.28238e-17 1
5490 1.23555e-15 2.28238e-17 1
5491.5 1.26536e-15 2.28238e-17 1
5493 1.22109e-15 2.28238e-17 1
5494.5 1.21184e-15 2.28238e-17 1
5496 1.26664e-15 2.28238e-17 1
5497.5 1.26503e-15 2.28238e-17 1
5499 1.24443e-15 2.28238e-17 1
5500.5 1.25055e-15 2.28238e-17 1
5502 1.27351e-15 2.28238e-17 1
5503.5 1.25885e-15 2.28238e-17 1
5505 1.26331e-15 2.28238e-17 1
5506.5 1.24544e-15 2.28238e-17 1
5508 1.24228e-15 2.28238e-17 1
5509.5 1.24491e-15 2.28238e-17 1
5511 1.24163e-15 2.28238e-17 1
5512.5 1.27024e-15 2.28238e-17 1
5514 1.28579e-15 2.28238e-17 1
5515.5 1.2709e-15 2.28238e-17 1
5517 1.25899e-15 2.28238e-17 1
5518.5 1.21667e-15 2.28238e-17 1
5520 1.202e-15 3.15136e-17 1
5521.5 1.24775e-15 3.15136e-17 1
5523 1.2528e-15 3.15136e-17 1
5524.5 1.23939e-15 3.15136e-17 1
5526 1.23974e-15 3.15136e-17 1
5527.5 1.26559e-15 3.15136e-17 1
5529 1.28073e-15 3.15136e-17 1
5530.5 1.2887e-15 3.15136e-17 1
5532 1.26584e-15 3.15136e-17 1
5533.5 1.22748e-15 3.15136e-17 1
5535 1.22751e-15 3.15136e-17 1
5536.5 1.26329e-15 3.15136e-17 1
5538 1.28242e-15 3.15136e-17 1
5539.5 1.27195e-15 3.15136e-17 1
5541 1.20419e-15 3.15136e-17 1
5542.5 1.20528e-15 3.15136e-17 1
5544 1.24451e-15 3.15136e-17 1
5545.5 1.24121e-15 3.15136e-17 1
5547 1.22347e-15 3.15136e-17 1
5548.5 1.20656e-15 3.15136e-17 1
5550 1.20157e-15 3.15136e-17 1
5551.5 1.20063e-15 3.15136e-17 1
5553 1.20851e-15 3.15136e-17 1
5554.5 1.22957e-15 3.15136e-17 1
5556 1.19423e-15 3.15136e-17 1
5557.5 1.1762e-15 3.15136e-17 1
5559 1.19164e-15 3.15136e-17 1
5560.5 1.16605e-15 3.15136e-17 1
5562 1.20058e-15 3.15136e-17 1
5563.5 1.23418e-15 3.15136e-17 1
5565 1.20792e-15 3.15136e-17 1
5566.5 1.17823e-15 3.15136e-17 1
5568 1.18302e-15 3.15136e-17 1
5569.5 1.1654e-15 3.15136e-17 1
5571 1.20675e-15 3.15136e-17 1
5572.5 1.21178e-15 3.15136e-17 1
5574 1.23514e-15 3.15136e-17 1
5575.5 1.16463e-15 3.15136e-17 1
5577 1.07759e-15 3.15136e-17 1
5578.5 1.07099e-15 3.15136e-17 1
5580 1.07849e-15 3.15136e-17 1
5581.5 1.0878e-15 3.15136e-17 1
5583 1.1199e-15 3.15136e-17 1
5584.5 1.13805e-15 3.15136e-17 1
5586 1.12199e-15 3.15136e-17 1
5587.5 1.10055e-15 3.15136e-17 1
5589 1.11745e-15 3.15136e-17 1
5590.5 1.13814e-15 3.15136e-17 1
5592 1.14119e-15 3.15136e-17 1
5593.5 1.11077e-15 3.15136e-17 1
5595 1.09697e-15 3.15136e-17 1
5596.5 1.10995e-15 3.15136e-17 1
5598 1.10482e-15 3.15136e-17 1
5599.5 1.10938e-15 3.15136e-17 1
5601 1.13104e-15 3.15136e-17 1
5602.5 1.14698e-15 3.15136e-17 1
5604 1.13528e-15 3.15136e-17 1
5605.5 1.12098e-15 3.15136e-17 1
5607 1.11289e-15 3.15136e-17 1
5608.5 1.1334e-15 3.15136e-17 1
5610 1.16114e-15 3.15136e-17 1
5611.5 1.16789e-15 3.15136e-17 1
5613 1.16298e-15 3.15136e-17 1
5614.5 1.14516e-15 3.15136e-17 1
5616 1.17491e-15 3.15136e-17 1
5617.5 1.22031e-15 3.15136e-17 1
5619 1.22934e-15 3.15136e-17 1
5620.5 1.23163e-15 2.50243e-17 1
5622 1.22465e-15 2.50243e-17 1
5623.5 1.23578e-15 2.50243e-17 1
5625 1.23789e-15 2.50243e-17 1
5626.5 1.20519e-15 2.50243e-17 1
5628 1.25116e-15 2.50243e-17 1
5629.5 1.24889e-15 2.50243e-17 1
5631 1.23583e-15 2.50243e-17 1
5632.5 1.24547e-15 2.50243e-17 1
5634 1.25656e-15 2.50243e-17 1
5635.5 1.26716e-15 2.50243e-17 1
5637 1.26902e-15 2.50243e-17 1
5638.5 1.28037e-15 2.50243e-17 1
5640 1.27893e-15 2.50243e-17 1
5641.5 1.29208e-15 2.50243e-17 1
5643 1.29266e-15 2.50243e-17 1
5644.5 1.2542e-15 2.50243e-17 1
5646 1.26728e-15 2.50243e-17 1
5647.5 1.29284e-15 2.50243e-17 1
5649 1.26469e-15 2.50243e-17 1
5650.5 1.29422e-15 2.50243e-17 1
5652 1.31377e-15 2.50243e-17 1
5653.5 1.2963e-15 2.50243e-17 1
5655 1.31845e-15 2.50243e-17 1
5656.5 1.328e-15 2.50243e-17 1
5658 1.33912e-15 2.50243e-17 1
5659.5 1.32916e-15 2.50243e-17 1
5661 1.31431e-15 2.50243e-17 1
5662.5 1.33513e-15 2.50243e-17 1
5664 1.3354e-15 2.50243e-17 1
5665.5 1.29828e-15 2.50243e-17 1
5667 1.325e-15 2.50243e-17 1
5668.5 1.37663e-15 2.50243e-17 1
5670 1.3949e-15 2.50243e-17 1
5671.5 1.39689e-15 2.50243e-17 1
5673 1.38401e-15 2.50243e-17 1
5674.5 1.39749e-15 2.50243e-17 1
5676 1.40184e-15 2.50243e-17 1
5677.5 1.39766e-15 2.50243e-17 1
5679 1.39286e-15 2.50243e-17 1
5680.5 1.41414e-15 2.50243e-17 1
5682 1.41911e-15 2.50243e-17 1
5683.5 1.39995e-15 2.50243e-17 1
5685 1.3756e-15 2.50243e-17 1
5686.5 1.37055e-15 2.50243e-17 1
5688 1.39289e-15 2.50243e-17 1
5689.5 1.41465e-15 2.50243e-17 1
5691 1.40423e-15 2.50243e-17 1
5692.5 1.43116e-15 2.50243e-17 1
5694 1.41341e-15 2.50243e-17 1
5695.5 1.42276e-15 2.50243e-17 1
5697 1.44544e-15 2.50243e-17 1
5698.5 1.45067e-15 2.50243e-17 1
5700 1.48017e-15 2.50243e-17 1
5701.5 1.45419e-15 2.50243e-17 1
5703 1.44155e-15 2.50243e-17 1
5704.5 1.38755e-15 2.50243e-17 1
5706 1.43491e-15 2.50243e-17 1
5707.5 1.47357e-15 2.50243e-17 1
5709 1.48414e-15 2.50243e-17 1
5710.5 1.45392e-15 2.50243e-17 1
5712 1.4579e-15 2.50243e-17 1
5713.5 1.46154e-15 2.50243e-17 1
5715 1.47352e-15 2.50243e-17 1
5716.5 1.47667e-15 2.50243e-17 1
5718 1.46966e-15 2.50243e-17 1
5719.5 1.47496e-15 2.50243e-17 1
5721 1.51692e-15 2.67379e-17 1
5722.5 1.50535e-15 2.67379e-17 1
5724 1.50393e-15 2.67379e-17 1
5725.5 1.53388e-15 2.67379e-17 1
5727 1.49583e-15 2.67379e-17 1
5728.5 1.47975e-15 2.67379e-17 1
5730 1.48676e-15 2.67379e-17 1
5731.5 1.51561e-15 2.67379e-17 1
5733 1.51916e-15 2.67379e-17 1
5734.5 1.51032e-15 2.67379e-17 1
5736 1.47521e-15 2.67379e-17 1
5737.5 1.45859e-15 2.67379e-17 1
5739 1.48427e-15 2.67379e-17 1
5740.5 1.46594e-15 2.67379e-17 1
5742 1.44411e-15 2.67379e-17 1
5743.5 1.46491e-15 2.67379e-17 1
5745 1.48148e-15 2.67379e-17 1
5746.5 1.4379e-15 2.67379e-17 1
5748 1.45537e-15 2.67379e-17 1
5749.5 1.51367e-15 2.67379e-17 1
5751 1.52471e-15 2.67379e-17 1
5752.5 1.49832e-15 2.67379e-17 1
5754 1.48809e-15 2.67379e-17 1
5755.5 1.48095e-15 2.67379e-17 1
5757 1.49201e-15 2.67379e-17 1
5758.5 1.44576e-15 2.67379e-17 1
5760 1.41719e-15 2.67379e-17 1
5761.5 1.46256e-15 2.67379e-17 1
5763 1.46908e-15 2.67379e-17 1
5764.5 1.47368e-15 2.67379e-17 1
5766 1.44569e-15 2.67379e-17 1
5767.5 1.43808e-15 2.67379e-17 1
5769 1.42925e-15 2.67379e-17 1
5770.5 1.44461e-15 2.67379e-17 1
5772 1.43646e-15 2.67379e-17 1
5773.5 1.43984e-15 2.67379e-17 1
5775 1.47596e-15 2.67379e-17 1
5776.5 1.40084e-15 2.67379e-17 1
5778 1.42709e-15 2.67379e-17 1
5779.5 1.41792e-15 2.67379e-17 1
5781 1.43951e-15 2.67379e-17 1
5782.5 1.4119e-15 2.67379e-17 1
5784 1.43698e-15 2.67379e-17 1
5785.5 1.47342e-15 2.67379e-17 1
5787 1.43552e-15 2.67379e-17 1
5788.5 1.42315e-15 2.67379e-17 1
5790 1.41028e-15 2.67379e-17 1
5791.5 1.41698e-15 2.67379e-17 1
5793 1.39883e-15 2.67379e-17 1
5794.5 1.39548e-15 2.67379e-17 1
5796 1.40231e-15 2.67379e-17 1
5797.5 1.38345e-15 2.67379e-17 1
5799 1.40996e-15 2.67379e-17 1
5800.5 1.41272e-15 2.67379e-17 1
5802 1.44776e-15 2.67379e-17 1
5803.5 1.46309e-15 2.67379e-17 1
5805 1.41599e-15 2.67379e-17 1
5806.5 1.42913e-15 2.67379e-17 1
5808 1.46398e-15 2.67379e-17 1
5809.5 1.4545e-15 2.67379e-17 1
5811 1.43322e-15 2.67379e-17 1
5812.5 1.41783e-15 2.67379e-17 1
5814 1.42011e-15 2.67379e-17 1
5815.5 1.43721e-15 2.67379e-17 1
5817 1.42354e-15 2.67379e-17 1
5818.5 1.40541e-15 2.67379e-17 1
5820 1.39682e-15 2.80672e-17 1
5821.5 1.42278e-15 2.80672e-17 1
5823 1.44109e-15 2.80672e-17 1
5824.5 1.43359e-15 2.80672e-17 1
5826 1.41849e-15 2.80672e-17 1
5827.5 1.41757e-15 2.80672e-17 1
5829 1.43083e-15 2.80672e-17 1
5830.5 1.38987e-15 2.80672e-17 1
5832 1.36163e-15 2.80672e-17 1
5833.5 1.37733e-15 2.80672e-17 1
5835 1.37287e-15 2.80672e-17 1
5836.5 1.4155e-15 2.80672e-17 1
5838 1.42078e-15 2.80672e-17 1
5839.5 1.43857e-15 2.80672e-17 1
5841 1.42209e-15 2.80672e-17 1
5842.5 1.37081e-15 2.80672e-17 1
5844 1.37281e-15 2.80672e-17 1
5845.5 1.41553e-15 2.80672e-17 1
5847 1.44255e-15 2.80672e-17 1
5848.5 1.41206e-15 2.80672e-17 1
5850 1.36839e-15 2.80672e-17 1
5851.5 1.38951e-15 2.80672e-17 1
5853 1.4093e-15 2.80672e-17 1
5854.5 1.39142e-15 2.80672e-17 1
5856 1.40058e-15 2.80672e-17 1
5857.5 1.40892e-15 2.80672e-17 1
5859 1.38792e-15 2.80672e-17 1
5860.5 1.32935e-15 2.80672e-17 1
5862 1.34349e-15 2.80672e-17 1
5863.5 1.41103e-15 2.80672e-17 1
5865 1.39216e-15 2.80672e-17 1
5866.5 1.35525e-15 2.80672e-17 1
5868 1.35744e-15 2.80672e-17 1
5869.5 1.36561e-15 2.80672e-17 1
5871 1.37397e-15 2.80672e-17 1
5872.5 1.37088e-15 2.80672e-17 1
5874 1.37685e-15 2.80672e-17 1
5875.5 1.39374e-15 2.80672e-17 1
5877 1.36499e-15 2.80672e-17 1
5878.5 1.3322e-15 2.80672e-17 1
5880 1.33363e-15 2.80672e-17 1
5881.5 1.35184e-15 2.80672e-17 1
5883 1.38611e-15 2.80672e-17 1
5884.5 1.37548e-15 2.80672e-17 1
5886 1.32793e-15 2.80672e-17 1
5887.5 1.29874e-15 2.80672e-17 1
5889 1.26919e-15 2.80672e-17 1
5890.5 1.22977e-15 2.80672e-17 1
5892 1.2435e-15 2.80672e-17 1
5893.5 1.288e-15 2.80672e-17 1
5895 1.30647e-15 2.80672e-17 1
5896.5 1.30085e-15 2.80672e-17 1
5898 1.26377e-15 2.80672e-17 1
5899.5 1.24553e-15 2.80672e-17 1
5901 1.27934e-15 2.80672e-17 1
5902.5 1.30788e-15 2.80672e-17 1
5904 1.3033e-15 2.80672e-17 1
5905.5 1.29875e-15 2.80672e-17 1
5907 1.31818e-15 2.80672e-17 1
5908.5 1.32163e-15 2.80672e-17 1
5910 1.30815e-15 2.80672e-17 1
5911.5 1.28332e-15 2.80672e-17 1
5913 1.29142e-15 2.80672e-17 1
5914.5 1.30182e-15 2.80672e-17 1
5916 1.29123e-15 2.80672e-17 1
5917.5 1.28932e-15 2.80672e-17 1
5919 1.26234e-15 2.80672e-17 1
5920.5 1.25587e-15 2.51183e-17 1
5922 1.31584e-15 2.51183e-17 1
5923.5 1.28662e-15 2.51183e-17 1
5925 1.29457e-15 2.51183e-17 1
5926.5 1.27234e-15 2.51183e-17 1
5928 1.34816e-15 2.51183e-17 1
5929.5 1.33105e-15 2.51183e-17 1
5931 1.33469e-15 2.51183e-17 1
5932.5 1.30059e-15 2.51183e-17 1
5934 1.2708e-15 2.51183e-17 1
5935.5 1.27334e-15 2.51183e-17 1
5937 1.27098e-15 2.51183e-17 1
5938.5 1.30697e-15 2.51183e-17 1
5940 1.33582e-15 2.51183e-17 1
5941.5 1.32883e-15 2.51183e-17 1
5943 1.30506e-15 2.51183e-17 1
5944.5 1.27757e-15 2.51183e-17 1
5946 1.28138e-15 2.51183e-17 1
5947.5 1.31037e-15 2.51183e-17 1
5949 1.31248e-15 2.51183e-17 1
5950.5 1.33841e-15 2.51183e-17 1
5952 1.3535e-15 2.51183e-17 1
5953.5 1.31076e-15 2.51183e-17 1
5955 1.29819e-15 2.51183e-17 1
5956.5 1.32998e-15 2.51183e-17 1
5958 1.33313e-15 2.51183e-17 1
5959.5 1.34296e-15 2.51183e-17 1
5961 1.34581e-15 2.51183e-17 1
5962.5 1.33196e-15 2.51183e-17 1
5964 1.33e-15 2.51183e-17 1
5965.5 1.31959e-15 2.51183e-17 1
5967 1.34561e-15 2.51183e-17 1
5968.5 1.38365e-15 2.51183e-17 1
5970 1.33094e-15 2.51183e-17 1
5971.5 1.3048e-15 2.51183e-17 1
5973 1.3173e-15 2.51183e-17 1
5974.5 1.35816e-15 2.51183e-17 1
5976 1.34157e-15 2.51183e-17 1
5977.5 1.31539e-15 2.51183e-17 1
5979 1.32457e-15 2.51183e-17 1
5980.5 1.33241e-15 2.51183e-17 1
5982 1.34519e-15 2.51183e-17 1
5983.5 1.35028e-15 2.51183e-17 1
5985 1.31699e-15 2.51183e-17 1
5986.5 1.33674e-15 2.51183e-17 1
5988 1.35105e-15 2.51183e-17 1
5989.5 1.38016e-15 2.51183e-17 1
5991 1.29314e-15 2.51183e-17 1
5992.5 1.32189e-15 2.51183e-17 1
5994 1.36138e-15 2.51183e-17 1
5995.5 1.31301e-15 2.51183e-17 1
5997 1.32332e-15 2.51183e-17 1
5998.5 1.30687e-15 2.51183e-17 1
6000 1.31409e-15 2.51183e-17 1
6001.5 1.32986e-15 2.51183e-17 1
6003 1.32011e-15 2.51183e-17 1
6004.5 1.34e-15 2.51183e-17 1
6006 1.33264e-15 2.51183e-17 1
6007.5 1.28837e-15 2.51183e-17 1
6009 1.28535e-15 2.51183e-17 1
6010.5 1.28891e-15 2.51183e-17 1
6012 1.30991e-15 2.51183e-17 1
6013.5 1.2816e-15 2.51183e-17 1
6015 1.288e-15 2.51183e-17 1
6016.5 1.36837e-15 2.51183e-17 1
6018 1.37032e-15 2.51183e-17 1
6019.5 1.31431e-15 2.51183e-17 1
6021 1.27469e-15 2.87499e-17 1
6022.5 1.29584e-15 2.87499e-17 1
6024 1.34256e-15 2.87499e-17 1
6025.5 1.31348e-15 2.87499e-17 1
6027 1.31179e-15 2.87499e-17 1
6028.5 1.32706e-15 2.87499e-17 1
6030 1.30864e-15 2.87499e-17 1
6031.5 1.28796e-15 2.87499e-17 1
6033 1.30245e-15 2.87499e-17 1
6034.5 1.2955e-15 2.87499e-17 1
6036 1.28856e-15 2.87499e-17 1
6037.5 1.28161e-15 2.87499e-17 1
6039 1.27466e-15 2.87499e-17 1
6040.5 1.26771e-15 2.87499e-17 1
6042 1.26771e-15 2.87499e-17 1
6043.5 1.26788e-15 2.87499e-17 1
6045 1.26951e-15 2.87499e-17 1
6046.5 1.25116e-15 2.87499e-17 1
6048 1.24804e-15 2.87499e-17 1
6049.5 1.24339e-15 2.87499e-17 1
6051 1.23217e-15 2.87499e-17 1
6052.5 1.2606e-15 2.87499e-17 1
6054 1.27531e-15 2.87499e-17 1
6055.5 1.27073e-15 2.87499e-17 1
6057 1.21286e-15 2.87499e-17 1
6058.5 1.19573e-15 2.87499e-17 1
6060 1.24673e-15 2.87499e-17 1
6061.5 1.27199e-15 2.87499e-17 1
6063 1.30666e-15 2.87499e-17 1
6064.5 1.34603e-15 2.87499e-17 1
6066 1.33231e-15 2.87499e-17 1
6067.5 1.30576e-15 2.87499e-17 1
6069 1.30751e-15 2.87499e-17 1
6070.5 1.31054e-15 2.87499e-17 1
6072 1.29958e-15 2.87499e-17 1
6073.5 1.26135e-15 2.87499e-17 1
6075 1.22416e-15 2.87499e-17 1
6076.5 1.27441e-15 2.87499e-17 1
6078 1.27107e-15 2.87499e-17 1
6079.5 1.26524e-15 2.87499e-17 1
6081 1.28788e-15 2.87499e-17 1
6082.5 1.26741e-15 2.87499e-17 1
6084 1.25917e-15 2.87499e-17 1
6085.5 1.26626e-15 2.87499e-17 1
6087 1.24801e-15 2.87499e-17 1
6088.5 1.23138e-15 2.87499e-17 1
6090 1.29905e-15 2.87499e-17 1
6091.5 1.32665e-15 2.87499e-17 1
6093 1.30521e-15 2.87499e-17 1
6094.5 1.28636e-15 2.87499e-17 1
6096 1.27441e-15 2.87499e-17 1
6097.5 1.30206e-15 2.87499e-17 1
6099 1.31465e-15 2.87499e-17 1
6100.5 1.29496e-15 2.87499e-17 1
6102 1.28164e-15 2.87499e-17 1
6103.5 1.29379e-15 2.87499e-17 1
6105 1.30753e-15 2.87499e-17 1
6106.5 1.29472e-15 2.87499e-17 1
6108 1.2749e-15 2.87499e-17 1
6109.5 1.25779e-15 2.87499e-17 1
6111 1.25675e-15 2.87499e-17 1
6112.5 1.29002e-15 2.87499e-17 1
6114 1.2894e-15 2.87499e-17 1
6115.5 1.25275e-15 2.87499e-17 1
6117 1.25891e-15 2.87499e-17 1
6118.5 1.24599e-15 2.87499e-17 1
6120 1.20706e-15 2.30372e-17 1
6121.5 1.22394e-15 2.30372e-17 1
6123 1.2473e-15 2.30372e-17 1
6124.5 1.25603e-15 2.30372e-17 1
6126 1.25898e-15 2.30372e-17 1
6127.5 1.24257e-15 2.30372e-17 1
6129 1.21829e-15 2.30372e-17 1
6130.5 1.25397e-15 2.30372e-17 1
6132 1.27432e-15 2.30372e-17 1
6133.5 1.24937e-15 2.30372e-17 1
6135 1.26485e-15 2.30372e-17 1
6136.5 1.25459e-15 2.30372e-17 1
6138 1.20137e-15 2.30372e-17 1
6139.5 1.19946e-15 2.30372e-17 1
6141 1.23261e-15 2.30372e-17 1
6142.5 1.23494e-15 2.30372e-17 1
6144 1.20136e-15 2.30372e-17 1
6145.5 1.2436e-15 2.30372e-17 1
6147 1.23305e-15 2.30372e-17 1
6148.5 1.20703e-15 2.30372e-17 1
6150 1.17885e-15 2.30372e-17 1
6151.5 1.18754e-15 2.30372e-17 1
6153 1.18952e-15 2.30372e-17 1
6154.5 1.15986e-15 2.30372e-17 1
6156 1.14725e-15 2.30372e-17 1
6157.5 1.18732e-15 2.30372e-17 1
6159 1.19685e-15 2.30372e-17 1
6160.5 1.17659e-15 2.30372e-17 1
6162 1.15345e-15 2.30372e-17 1
6163.5 1.1809e-15 2.30372e-17 1
6165 1.16311e-15 2.30372e-17 1
6166.5 1.13577e-15 2.30372e-17 1
6168 1.13447e-15 2.30372e-17 1
6169.5 1.13319e-15 2.30372e-17 1
6171 1.13666e-15 2.30372e-17 1
6172.5 1.13336e-15 2.30372e-17 1
6174 1.12425e-15 2.30372e-17 1
6175.5 1.11789e-15 2.30372e-17 1
6177 1.13516e-15 2.30372e-17 1
6178.5 1.14018e-15 2.30372e-17 1
6180 1.14483e-15 2.30372e-17 1
6181.5 1.12774e-15 2.30372e-17 1
6183 1.12462e-15 2.30372e-17 1
6184.5 1.11388e-15 2.30372e-17 1
6186 1.10667e-15 2.30372e-17 1
6187.5 1.09178e-15 2.30372e-17 1
6189 1.09191e-15 2.30372e-17 1
6190.5 1.09779e-15 2.30372e-17 1
6192 1.08771e-15 2.30372e-17 1
6193.5 1.09669e-15 2.30372e-17 1
6195 1.08112e-15 2.30372e-17 1
6196.5 1.07773e-15 2.30372e-17 1
6198 1.10359e-15 2.30372e-17 1
6199.5 1.06729e-15 2.30372e-17 1
6201 1.06563e-15 2.30372e-17 1
6202.5 1.08126e-15 2.30372e-17 1
6204 1.09716e-15 2.30372e-17 1
6205.5 1.09583e-15 2.30372e-17 1
6207 1.05563e-15 2.30372e-17 1
6208.5 1.08288e-15 2.30372e-17 1
6210 1.05088e-15 2.30372e-17 1
6211.5 1.00764e-15 2.30372e-17 1
6213 1.01942e-15 2.30372e-17 1
6214.5 1.02663e-15 2.30372e-17 1
6216 1.00832e-15 2.30372e-17 1
6217.5 9.79703e-16 2.30372e-17 1
6219 9.81486e-16 2.30372e-17 1
6220.5 9.94436e-16 2.4454e-17 1
6222 9.25974e-16 2.4454e-17 1
6223.5 9.18222e-16 2.4454e-17 1
6225 9.24655e-16 2.4454e-17 1
6226.5 9.35779e-16 2.4454e-17 1
6228 8.87919e-16 2.4454e-17 1
6229.5 9.02951e-16 2.4454e-17 1
6231 9.09405e-16 2.4454e-17 1
6232.5 9.20338e-16 2.4454e-17 1
6234 8.87583e-16 2.4454e-17 1
6235.5 8.49154e-16 2.4454e-17 1
6237 8.87085e-16 2.4454e-17 1
6238.5 8.92135e-16 2.4454e-17 1
6240 8.20945e-16 2.4454e-17 1
6241.5 8.04365e-16 2.4454e-17 1
6243 8.08871e-16 2.4454e-17 1
6244.5 8.0419e-16 2.4454e-17 1
6246 8.23079e-16 2.4454e-17 1
6247.5 7.97706e-16 2.4454e-17 1
6249 7.95703e-16 2.4454e-17 1
6250.5 7.86768e-16 2.4454e-17 1
6252 7.69215e-16 2.4454e-17 1
6253.5 7.69468e-16 2.4454e-17 1
6255 7.46263e-16 2.4454e-17 1
6256.5 7.3026e-16 2.4454e-17 1
6258 7.3172e-16 2.4454e-17 1
6259.5 7.3536e-16 2.4454e-17 1
6261 7.36482e-16 2.4454e-17 1
6262.5 7.3112e-16 2.4454e-17 1
6264 7.23028e-16 2.4454e-17 1
6265.5 7.14258e-16 2.4454e-17 1
6267 7.05491e-16 2.4454e-17 1
6268.5 7.10618e-16 2.4454e-17 1
6270 7.01504e-16 2.4454e-17 1
6271.5 6.97104e-16 2.4454e-17 1
6273 7.25084e-16 2.4454e-17 1
6274.5 7.0922e-16 2.4454e-17 1
6276 6.70981e-16 2.4454e-17 1
6277.5 6.53267e-16 2.4454e-17 1
6279 6.51842e-16 2.4454e-17 1
6280.5 6.7381e-16 2.4454e-17 1
6282 6.78295e-16 2.4454e-17 1
6283.5 7.04004e-16 2.4454e-17 1
6285 7.13616e-16 2.4454e-17 1
6286.5 7.00296e-16 2.4454e-17 1
6288 6.9563e-16 2.4454e-17 1
6289.5 6.83722e-16 2.4454e-17 1
6291 6.79002e-16 2.4454e-17 1
6292.5 6.80954e-16 2.4454e-17 1
6294 7.11307e-16 2.4454e-17 1
6295.5 7.38726e-16 2.4454e-17 1
6297 7.38969e-16 2.4454e-17 1
6298.5 7.39059e-16 2.4454e-17 1
6300 6.84544e-16 2.4454e-17 1
6301.5 6.57594e-16 2.4454e-17 1
6303 6.90778e-16 2.4454e-17 1
6304.5 6.7979e-16 2.4454e-17 1
6306 6.90011e-16 2.4454e-17 1
6307.5 7.06316e-16 2.4454e-17 1
6309 7.22512e-16 2.4454e-17 1
6310.5 7.12542e-16 2.4454e-17 1
6312 7.07055e-16 2.4454e-17 1
6313.5 7.33841e-16 2.4454e-17 1
6315 7.34225e-16 2.4454e-17 1
6316.5 7.41715e-16 2.4454e-17 1
6318 7.37131e-16 2.4454e-17 1
6319.5 7.06248e-16 2.4454e-17 1
6321 7.22713e-16 2.70124e-17 1
6322.5 7.83665e-16 2.70124e-17 1
6324 8.36899e-16 2.70124e-17 1
6325.5 8.57904e-16 2.70124e-17 1
6327 8.79851e-16 2.70124e-17 1
6328.5 8.28569e-16 2.70124e-17 1
6330 7.7841e-16 2.70124e-17 1
6331.5 7.8831e-16 2.70124e-17 1
6333 7.80434e-16 2.70124e-17 1
6334.5 7.67386e-16 2.70124e-17 1
6336 7.71235e-16 2.70124e-17 1
6337.5 7.83294e-16 2.70124e-17 1
6339 7.85908e-16 2.70124e-17 1
6340.5 8.08551e-16 2.70124e-17 1
6342 8.04644e-16 2.70124e-17 1
6343.5 8.33187e-16 2.70124e-17 1
6345 8.55046e-16 2.70124e-17 1
6346.5 8.3571e-16 2.70124e-17 1
6348 8.4243e-16 2.70124e-17 1
6349.5 8.40481e-16 2.70124e-17 1
6351 8.47498e-16 2.70124e-17 1
6352.5 8.73889e-16 2.70124e-17 1
6354 9.09369e-16 2.70124e-17 1
6355.5 8.52693e-16 2.70124e-17 1
6357 8.53934e-16 2.70124e-17 1
6358.5 8.88903e-16 2.70124e-17 1
6360 8.97997e-16 2.70124e-17 1
6361.5 9.31512e-16 2.70124e-17 1
6363 8.61484e-16 2.70124e-17 1
6364.5 8.86885e-16 2.70124e-17 1
6366 8.8675e-16 2.70124e-17 1
6367.5 8.71795e-16 2.70124e-17 1
6369 8.89383e-16 2.70124e-17 1
6370.5 9.00445e-16 2.70124e-17 1
6372 9.21576e-16 2.70124e-17 1
6373.5 9.23376e-16 2.70124e-17 1
6375 9.42166e-16 2.70124e-17 1
6376.5 9.45634e-16 2.70124e-17 1
6378 9.65559e-16 2.70124e-17 1
6379.5 9.5167e-16 2.70124e-17 1
6381 9.05037e-16 2.70124e-17 1
6382.5 9.07384e-16 2.70124e-17 1
6384 9.32657e-16 2.70124e-17 1
6385.5 9.41202e-16 2.70124e-17 1
6387 9.44805e-16 2.70124e-17 1
6388.5 9.53299e-16 2.70124e-17 1
6390 9.78845e-16 2.70124e-17 1
6391.5 9.65326e-16 2.70124e-17 1
6393 9.61309e-16 2.70124e-17 1
6394.5 9.74758e-16 2.70124e-17 1
6396 9.61936e-16 2.70124e-17 1
6397.5 9.65957e-16 2.70124e-17 1
6399 9.80248e-16 2.70124e-17 1
6400.5 9.93491e-16 2.70124e-17 1
6402 9.94936e-16 2.70124e-17 1
6403.5 9.75962e-16 2.70124e-17 1
6405 9.73251e-16 2.70124e-17 1
6406.5 9.83551e-16 2.70124e-17 1
6408 1.02411e-15 2.70124e-17 1
6409.5 1.01271e-15 2.70124e-17 1
6411 9.86788e-16 2.70124e-17 1
6412.5 1.01902e-15 2.70124e-17 1
6414 1.00785e-15 2.70124e-17 1
6415.5 9.96812e-16 2.70124e-17 1
6417 9.67389e-16 2.70124e-17 1
6418.5 1.00549e-15 2.70124e-17 1
6420 9.99334e-16 1.98854e-17 1
6421.5 1.00817e-15 1.98854e-17 1
6423 1.02451e-15 1.98854e-17 1
6424.5 1.01213e-15 1.98854e-17 1
6426 1.01544e-15 1.98854e-17 1
6427.5 1.0013e-15 1.98854e-17 1
6429 9.97122e-16 1.98854e-17 1
6430.5 9.94056e-16 1.98854e-17 1
6432 1.03606e-15 1.98854e-17 1
6433.5 1.0362e-15 1.98854e-17 1
6435 1.04742e-15 1.98854e-17 1
6436.5 1.03594e-15 1.98854e-17 1
6438 1.02876e-15 1.98854e-17 1
6439.5 1.01794e-15 1.98854e-17 1
6441 9.96323e-16 1.98854e-17 1
6442.5 1.05061e-15 1.98854e-17 1
6444 1.04723e-15 1.98854e-17 1
6445.5 1.05524e-15 1.98854e-17 1
6447 1.01231e-15 1.98854e-17 1
6448.5 1.00178e-15 1.98854e-17 1
6450 1.00968e-15 1.98854e-17 1
6451.5 1.03238e-15 1.98854e-17 1
6453 1.04992e-15 1.98854e-17 1
6454.5 1.05455e-15 1.98854e-17 1
6456 1.04785e-15 1.98854e-17 1
6457.5 1.03674e-15 1.98854e-17 1
6459 1.04183e-15 1.98854e-17 1
6460.5 1.054e-15 1.98854e-17 1
6462 1.05903e-15 1.98854e-17 1
6463.5 1.06669e-15 1.98854e-17 1
6465 1.0535e-15 1.98854e-17 1
6466.5 1.00395e-15 1.98854e-17 1
6468 9.93009e-16 1.98854e-17 1
6469.5 1.01291e-15 1.98854e-17 1
6471 1.04155e-15 1.98854e-17 1
6472.5 1.06199e-15 1.98854e-17 1
6474 1.04458e-15 1.98854e-17 1
6475.5 1.02418e-15 1.98854e-17 1
6477 1.01471e-15 1.98854e-17 1
6478.5 1.01226e-15 1.98854e-17 1
6480 1.04661e-15 1.98854e-17 1
6481.5 1.05251e-15 1.98854e-17 1
6483 1.01133e-15 1.98854e-17 1
6484.5 1.02666e-15 1.98854e-17 1
6486 1.01773e-15 1.98854e-17 1
6487.5 9.82134e-16 1.98854e-17 1
6489 1.01368e-15 1.98854e-17 1
6490.5 1.04289e-15 1.98854e-17 1
6492 1.02039e-15 1.98854e-17 1
6493.5 1.00002e-15 1.98854e-17 1
6495 1.02221e-15 1.98854e-17 1
6496.5 1.03891e-15 1.98854e-17 1
6498 1.02941e-15 1.98854e-17 1
6499.5 1.02338e-15 1.98854e-17 1
6501 9.9915e-16 1.98854e-17 1
6502.5 1.01421e-15 1.98854e-17 1
6504 1.00825e-15 1.98854e-17 1
6505.5 9.72598e-16 1.98854e-17 1
6507 1.01122e-15 1.98854e-17 1
6508.5 1.01846e-15 1.98854e-17 1
6510 9.90726e-16 1.98854e-17 1
6511.5 9.8528e-16 1.98854e-17 1
6513 1.01749e-15 1.98854e-17 1
6514.5 1.01701e-15 1.98854e-17 1
6516 9.85446e-16 1.98854e-17 1
6517.5 1.01206e-15 1.98854e-17 1
6519 1.04922e-15 1.98854e-17 1
6520.5 1.0041e-15 2.06387e-17 1
6522 9.86662e-16 2.06387e-17 1
6523.5 9.96171e-16 2.06387e-17 1
6525 9.9642e-16 2.06387e-17 1
6526.5 9.79781e-16 2.06387e-17 1
6528 9.73581e-16 2.06387e-17 1
6529.5 1.00404e-15 2.06387e-17 1
6531 1.02558e-15 2.06387e-17 1
6532.5 1.02035e-15 2.06387e-17 1
6534 1.0048e-15 2.06387e-17 1
6535.5 9.61596e-16 2.06387e-17 1
6537 9.58753e-16 2.06387e-17 1
6538.5 9.81599e-16 2.06387e-17 1
6540 9.89842e-16 2.06387e-17 1
6541.5 1.02618e-15 2.06387e-17 1
6543 1.04666e-15 2.06387e-17 1
6544.5 1.02952e-15 2.06387e-17 1
6546 1.01856e-15 2.06387e-17 1
6547.5 1.01307e-15 2.06387e-17 1
6549 1.00531e-15 2.06387e-17 1
6550.5 1.00542e-15 2.06387e-17 1
6552 9.8996e-16 2.06387e-17 1
6553.5 9.88636e-16 2.06387e-17 1
6555 9.84273e-16 2.06387e-17 1
6556.5 9.64919e-16 2.06387e-17 1
6558 9.85291e-16 2.06387e-17 1
6559.5 1.01755e-15 2.06387e-17 1
6561 1.00805e-15 2.06387e-17 1
6562.5 9.87948e-16 2.06387e-17 1
6564 9.91917e-16 2.06387e-17 1
6565.5 9.7577e-16 2.06387e-17 1
6567 9.53727e-16 2.06387e-17 1
6568.5 9.49489e-16 2.06387e-17 1
6570 9.90417e-16 2.06387e-17 1
6571.5 9.59558e-16 2.06387e-17 1
6573 9.32451e-16 2.06387e-17 1
6574.5 9.55992e-16 2.06387e-17 1
6576 9.4835e-16 2.06387e-17 1
6577.5 9.78755e-16 2.06387e-17 1
6579 9.92378e-16 2.06387e-17 1
6580.5 9.6531e-16 2.06387e-17 1
6582 9.45972e-16 2.06387e-17 1
6583.5 9.43146e-16 2.06387e-17 1
6585 9.12295e-16 2.06387e-17 1
6586.5 9.64509e-16 2.06387e-17 1
6588 9.4006e-16 2.06387e-17 1
6589.5 9.40215e-16 2.06387e-17 1
6591 9.23606e-16 2.06387e-17 1
6592.5 9.47365e-16 2.06387e-17 1
6594 9.66266e-16 2.06387e-17 1
6595.5 9.68532e-16 2.06387e-17 1
6597 9.43476e-16 2.06387e-17 1
6598.5 9.18246e-16 2.06387e-17 1
6600 9.472e-16 2.06387e-17 1
6601.5 9.72507e-16 2.06387e-17 1
6603 9.42165e-16 2.06387e-17 1
6604.5 9.48975e-16 2.06387e-17 1
6606 9.71e-16 2.06387e-17 1
6607.5 9.60771e-16 2.06387e-17 1
6609 9.5179e-16 2.06387e-17 1
6610.5 9.24251e-16 2.06387e-17 1
6612 9.27373e-16 2.06387e-17 1
6613.5 9.25529e-16 2.06387e-17 1
6615 9.27655e-16 2.06387e-17 1
6616.5 9.3384e-16 2.06387e-17 1
6618 9.34638e-16 2.06387e-17 1
6619.5 9.37627e-16 2.06387e-17 1
6621 9.46583e-16 2.08942e-17 1
6622.5 9.27158e-16 2.08942e-17 1
6624 9.06826e-16 2.08942e-17 1
6625.5 8.95315e-16 2.08942e-17 1
6627 8.99811e-16 2.08942e-17 1
6628.5 9.0023e-16 2.08942e-17 1
6630 9.15186e-16 2.08942e-17 1
6631.5 9.32769e-16 2.08942e-17 1
6633 9.19819e-16 2.08942e-17 1
6634.5 9.14255e-16 2.08942e-17 1
6636 9.03645e-16 2.08942e-17 1
6637.5 9.03418e-16 2.08942e-17 1
6639 9.22991e-16 2.08942e-17 1
6640.5 8.86384e-16 2.08942e-17 1
6642 8.90728e-16 2.08942e-17 1
6643.5 8.84468e-16 2.08942e-17 1
6645 9.14788e-16 2.08942e-17 1
6646.5 8.89767e-16 2.08942e-17 1
6648 8.98167e-16 2.08942e-17 1
6649.5 8.80825e-16 2.08942e-17 1
6651 8.85941e-16 2.08942e-17 1
6652.5 8.89843e-16 2.08942e-17 1
6654 8.90384e-16 2.08942e-17 1
6655.5 9.07835e-16 2.08942e-17 1
6657 9.10376e-16 2.08942e-17 1
6658.5 8.79166e-16 2.08942e-17 1
6660 8.62981e-16 2.08942e-17 1
6661.5 8.53689e-16 2.08942e-17 1
6663 8.84012e-16 2.08942e-17 1
6664.5 9.18187e-16 2.08942e-17 1
6666 8.7029e-16 2.08942e-17 1
6667.5 8.50143e-16 2.08942e-17 1
6669 8.53496e-16 2.08942e-17 1
6670.5 8.56717e-16 2.08942e-17 1
6672 8.39233e-16 2.08942e-17 1
6673.5 8.24713e-16 2.08942e-17 1
6675 8.33369e-16 2.08942e-17 1
6676.5 8.2061e-16 2.08942e-17 1
6678 8.37214e-16 2.08942e-17 1
6679.5 8.75161e-16 2.08942e-17 1
6681 8.74898e-16 2.08942e-17 1
6682.5 8.78835e-16 2.08942e-17 1
6684 8.66162e-16 2.08942e-17 1
6685.5 8.26835e-16 2.08942e-17 1
6687 8.36754e-16 2.08942e-17 1
6688.5 8.82402e-16 2.08942e-17 1
6690 8.761e-16 2.08942e-17 1
6691.5 8.37633e-16 2.08942e-17 1
6693 8.24171e-16 2.08942e-17 1
6694.5 8.23934e-16 2.08942e-17 1
6696 8.217e-16 2.08942e-17 1
6697.5 8.24791e-16 2.08942e-17 1
6699 8.23974e-16 2.08942e-17 1
6700.5 8.12428e-16 2.08942e-17 1
6702 8.33436e-16 2.08942e-17 1
6703.5 8.55765e-16 2.08942e-17 1
6705 8.49449e-16 2.08942e-17 1
6706.5 8.36988e-16 2.08942e-17 1
6708 8.33302e-16 2.08942e-17 1
6709.5 8.0675e-16 2.08942e-17 1
6711 8.11181e-16 2.08942e-17 1
6712.5 8.04694e-16 2.08942e-17 1
6714 8.15233e-16 2.08942e-17 1
6715.5 8.50358e-16 2.08942e-17 1
6717 8.39152e-16 2.08942e-17 1
6718.5 8.51194e-16 2.08942e-17 1
6720 8.17823e-16 6.05903e-17 1
6721.5 7.82023e-16 6.05903e-17 1
6723 8.06174e-16 6.05903e-17 1
6724.5 8.38475e-16 6.05903e-17 1
6726 8.32978e-16 6.05903e-17 1
6727.5 8.40711e-16 6.05903e-17 1
6729 8.64448e-16 6.05903e-17 1
6730.5 8.39798e-16 6.05903e-17 1
6732 8.1021e-16 6.05903e-17 1
6733.5 8.26977e-16 6.05903e-17 1
6735 8.10729e-16 6.05903e-17 1
6736.5 8.15319e-16 6.05903e-17 1
6738 8.87773e-16 6.05903e-17 1
6739.5 9.61996e-16 6.05903e-17 1
6741 1.07007e-15 6.05903e-17 1
6742.5 1.09507e-15 6.05903e-17 1
6744 1.04154e-15 6.05903e-17 1
6745.5 9.7707e-16 6.05903e-17 1
6747 8.58055e-16 6.05903e-17 1
6748.5 7.94626e-16 6.05903e-17 1
6750 8.171e-16 6.05903e-17 1
6751.5 8.23241e-16 6.05903e-17 1
6753 7.82705e-16 6.05903e-17 1
6754.5 7.76759e-16 6.05903e-17 1
6756 8.10613e-16 6.05903e-17 1
6757.5 8.13004e-16 6.05903e-17 1
6759 8.02994e-16 6.05903e-17 1
6760.5 8.362e-16 6.05903e-17 1
6762 8.97506e-16 6.05903e-17 1
6763.5 9.32278e-16 6.05903e-17 1
6765 9.07545e-16 6.05903e-17 1
6766.5 8.52179e-16 6.05903e-17 1
6768 8.05667e-16 6.05903e-17 1
6769.5 7.65407e-16 6.05903e-17 1
6771 7.58456e-16 6.05903e-17 1
6772.5 7.70743e-16 6.05903e-17 1
6774 7.61091e-16 6.05903e-17 1
6775.5 7.81076e-16 6.05903e-17 1
6777 7.95812e-16 6.05903e-17 1
6778.5 7.93984e-16 6.05903e-17 1
6780 7.5692e-16 6.05903e-17 1
6781.5 7.63885e-16 6.05903e-17 1
6783 7.92765e-16 6.05903e-17 1
6784.5 7.80385e-16 6.05903e-17 1
6786 7.55222e-16 6.05903e-17 1
6787.5 7.60226e-16 6.05903e-17 1
6789 7.35406e-16 6.05903e-17 1
6790.5 7.44103e-16 6.05903e-17 1
6792 7.51699e-16 6.05903e-17 1
6793.5 7.87924e-16 6.05903e-17 1
6795 7.76618e-16 6.05903e-17 1
6796.5 8.05936e-16 6.05903e-17 1
6798 8.0983e-16 6.05903e-17 1
6799.5 7.89843e-16 6.05903e-17 1
6801 7.89546e-16 6.05903e-17 1
6802.5 7.84997e-16 6.05903e-17 1
6804 8.22011e-16 6.05903e-17 1
6805.5 7.98329e-16 6.05903e-17 1
6807 7.73295e-16 6.05903e-17 1
6808.5 7.27713e-16 6.05903e-17 1
6810 7.42331e-16 6.05903e-17 1
6811.5 7.5348e-16 6.05903e-17 1
6813 7.41581e-16 6.05903e-17 1
6814.5 7.41912e-16 6.05903e-17 1
6816 7.4741e-16 6.05903e-17 1
6817.5 7.64677e-16 6.05903e-17 1
6819 7.50698e-16 6.05903e-17 1
6820.5 7.3989e-16 2.9079e-17 1
6822 7.38641e-16 2.9079e-17 1
6823.5 7.38966e-16 2.9079e-17 1
6825 7.45334e-16 2.9079e-17 1
6826.5 7.71109e-16 2.9079e-17 1
6828 7.98062e-16 2.9079e-17 1
6829.5 7.92767e-16 2.9079e-17 1
6831 7.54908e-16 2.9079e-17 1
6832.5 7.24039e-16 2.9079e-17 1
6834 7.291e-16 2.9079e-17 1
6835.5 7.51043e-16 2.9079e-17 1
6837 7.54625e-16 2.9079e-17 1
6838.5 7.15938e-16 2.9079e-17 1
6840 7.20227e-16 2.9079e-17 1
6841.5 7.27226e-16 2.9079e-17 1
6843 7.37825e-16 2.9079e-17 1
6844.5 7.45293e-16 2.9079e-17 1
6846 7.3253e-16 2.9079e-17 1
6847.5 7.24914e-16 2.9079e-17 1
6849 7.21901e-16 2.9079e-17 1
6850.5 7.66857e-16 2.9079e-17 1
6852 7.6451e-16 2.9079e-17 1
6853.5 7.21753e-16 2.9079e-17 1
6855 7.15903e-16 2.9079e-17 1
6856.5 7.42058e-16 2.9079e-17 1
6858 7.63921e-16 2.9079e-17 1
6859.5 7.73991e-16 2.9079e-17 1
6861 8.16916e-16 2.9079e-17 1
6862.5 7.9351e-16 2.9079e-17 1
6864 7.04591e-16 2.9079e-17 1
6865.5 7.01868e-16 2.9079e-17 1
6867 7.08758e-16 2.9079e-17 1
6868.5 7.89356e-16 2.9079e-17 1
6870 6.79271e-16 2.9079e-17 1
6871.5 6.6254e-16 2.9079e-17 1
6873 7.10693e-16 2.9079e-17 1
6874.5 7.45747e-16 2.9079e-17 1
6876 7.21744e-16 2.9079e-17 1
6877.5 6.88616e-16 2.9079e-17 1
6879 7.2416e-16 2.9079e-17 1
6880.5 7.08665e-16 2.9079e-17 1
6882 7.05064e-16 2.9079e-17 1
6883.5 6.88e-16 2.9079e-17 1
6885 7.20728e-16 2.9079e-17 1
6886.5 7.30782e-16 2.9079e-17 1
6888 7.3011e-16 2.9079e-17 1
6889.5 7.57888e-16 2.9079e-17 1
6891 7.43086e-16 2.9079e-17 1
6892.5 7.25015e-16 2.9079e-17 1
6894 7.11841e-16 2.9079e-17 1
6895.5 7.29168e-16 2.9079e-17 1
6897 7.57783e-16 2.9079e-17 1
6898.5 7.66855e-16 2.9079e-17 1
6900 7.573e-16 2.9079e-17 1
6901.5 7.64611e-16 2.9079e-17 1
6903 7.32816e-16 2.9079e-17 1
6904.5 6.97553e-16 2.9079e-17 1
6906 6.99855e-16 2.9079e-17 1
6907.5 6.93267e-16 2.9079e-17 1
6909 6.91092e-16 2.9079e-17 1
6910.5 7.07446e-16 2.9079e-17 1
6912 7.27524e-16 2.9079e-17 1
6913.5 7.37186e-16 2.9079e-17 1
6915 7.33584e-16 2.9079e-17 1
6916.5 7.37951e-16 2.9079e-17 1
6918 7.06454e-16 2.9079e-17 1
6919.5 6.9066e-16 2.9079e-17 1
6921 7.14323e-16 2.02524e-17 1
6922.5 6.86903e-16 2.02524e-17 1
6924 6.62572e-16 2.02524e-17 1
6925.5 6.38743e-16 2.02524e-17 1
6927 6.33817e-16 2.02524e-17 1
6928.5 6.66961e-16 2.02524e-17 1
6930 6.69604e-16 2.02524e-17 1
6931.5 6.77376e-16 2.02524e-17 1
6933 6.87368e-16 2.02524e-17 1
6934.5 6.80896e-16 2.02524e-17 1
6936 6.56963e-16 2.02524e-17 1
6937.5 6.53008e-16 2.02524e-17 1
6939 6.87425e-16 2.02524e-17 1
6940.5 7.11133e-16 2.02524e-17 1
6942 6.98936e-16 2.02524e-17 1
6943.5 6.75e-16 2.02524e-17 1
6945 6.90219e-16 2.02524e-17 1
6946.5 6.68949e-16 2.02524e-17 1
6948 6.62603e-16 2.02524e-17 1
6949.5 6.5255e-16 2.02524e-17 1
6951 6.30547e-16 2.02524e-17 1
6952.5 6.67114e-16 2.02524e-17 1
6954 6.65036e-16 2.02524e-17 1
6955.5 6.44344e-16 2.02524e-17 1
6957 6.3052e-16 2.02524e-17 1
6958.5 6.37114e-16 2.02524e-17 1
6960 6.64538e-16 2.02524e-17 1
6961.5 6.79728e-16 2.02524e-17 1
6963 6.75597e-16 2.02524e-17 1
6964.5 6.6755e-16 2.02524e-17 1
6966 6.53664e-16 2.02524e-17 1
6967.5 6.59261e-16 2.02524e-17 1
6969 6.71701e-16 2.02524e-17 1
6970.5 6.62994e-16 2.02524e-17 1
6972 6.36196e-16 2.02524e-17 1
6973.5 6.11599e-16 2.02524e-17 1
6975 6.43154e-16 2.02524e-17 1
6976.5 6.79854e-16 2.02524e-17 1
6978 6.68851e-16 2.02524e-17 1
6979.5 6.52627e-16 2.02524e-17 1
6981 6.58001e-16 2.02524e-17 1
6982.5 6.36704e-16 2.02524e-17 1
6984 6.27284e-16 2.02524e-17 1
6985.5 6.39716e-16 2.02524e-17 1
6987 6.29976e-16 2.02524e-17 1
6988.5 6.29157e-16 2.02524e-17 1
6990 6.3378e-16 2.02524e-17 1
6991.5 6.25734e-16 2.02524e-17 1
6993 6.20319e-16 2.02524e-17 1
6994.5 6.15723e-16 2.02524e-17 1
6996 6.12932e-16 2.02524e-17 1
6997.5 6.21828e-16 2.02524e-17 1
6999 6.02807e-16 2.02524e-17 1
7000.5 6.21912e-16 2.02524e-17 1
7002 6.36861e-16 2.02524e-17 1
7003.5 6.29995e-16 2.02524e-17 1
7005 6.51591e-16 2.02524e-17 1
7006.5 6.09458e-16 2.02524e-17 1
7008 5.95876e-16 2.02524e-17 1
7009.5 6.48171e-16 2.02524e-17 1
7011 6.61455e-16 2.02524e-17 1
7012.5 6.05905e-16 2.02524e-17 1
7014 6.01567e-16 2.02524e-17 1
7015.5 6.00195e-16 2.02524e-17 1
7017 6.1044e-16 2.02524e-17 1
7018.5 6.2984e-16 2.02524e-17 1
7020 6.14721e-16 1.57367e-17 1
7021.5 6.18564e-16 1.57367e-17 1
7023 6.17915e-16 1.57367e-17 1
7024.5 6.17262e-16 1.57367e-17 1
7026 6.32115e-16 1.57367e-17 1
7027.5 6.17547e-16 1.57367e-17 1
7029 6.25113e-16 1.57367e-17 1
7030.5 6.33697e-16 1.57367e-17 1
7032 6.46191e-16 1.57367e-17 1
7033.5 6.27654e-16 1.57367e-17 1
7035 5.90205e-16 1.57367e-17 1
7036.5 6.08943e-16 1.57367e-17 1
7038 6.17028e-16 1.57367e-17 1
7039.5 5.97296e-16 1.57367e-17 1
7041 5.76578e-16 1.57367e-17 1
7042.5 5.72057e-16 1.57367e-17 1
7044 5.80896e-16 1.57367e-17 1
7045.5 5.80134e-16 1.57367e-17 1
7047 5.61499e-16 1.57367e-17 1
7048.5 5.77823e-16 1.57367e-17 1
7050 6.03314e-16 1.57367e-17 1
7051.5 6.03637e-16 1.57367e-17 1
7053 5.86239e-16 1.57367e-17 1
7054.5 5.97102e-16 1.57367e-17 1
7056 6.10213e-16 1.57367e-17 1
7057.5 5.98719e-16 1.57367e-17 1
7059 5.93823e-16 1.57367e-17 1
7060.5 6.05704e-16 1.57367e-17 1
7062 6.05028e-16 1.57367e-17 1
7063.5 5.95058e-16 1.57367e-17 1
7065 5.77777e-16 1.57367e-17 1
7066.5 5.80427e-16 1.57367e-17 1
7068 5.80294e-16 1.57367e-17 1
7069.5 5.82757e-16 1.57367e-17 1
7071 5.64784e-16 1.57367e-17 1
7072.5 5.79308e-16 1.57367e-17 1
7074 5.88397e-16 1.57367e-17 1
7075.5 5.60996e-16 1.57367e-17 1
7077 5.57864e-16 1.57367e-17 1
7078.5 5.51152e-16 1.57367e-17 1
7080 5.78177e-16 1.57367e-17 1
7081.5 5.99098e-16 1.57367e-17 1
7083 6.26622e-16 1.57367e-17 1
7084.5 5.72804e-16 1.57367e-17 1
7086 5.8296e-16 1.57367e-17 1
7087.5 6.02042e-16 1.57367e-17 1
7089 5.89878e-16 1.57367e-17 1
7090.5 5.89963e-16 1.57367e-17 1
7092 5.81553e-16 1.57367e-17 1
7093.5 5.7636e-16 1.57367e-17 1
7095 5.86975e-16 1.57367e-17 1
7096.5 5.6628e-16 1.57367e-17 1
7098 5.8043e-16 1.57367e-17 1
7099.5 5.73618e-16 1.57367e-17 1
7101 5.61734e-16 1.57367e-17 1
7102.5 5.61468e-16 1.57367e-17 1
7104 5.48188e-16 1.57367e-17 1
7105.5 5.54915e-16 1.57367e-17 1
7107 5.63002e-16 1.57367e-17 1
7108.5 5.60697e-16 1.57367e-17 1
7110 5.74949e-16 1.57367e-17 1
7111.5 5.66302e-16 1.57367e-17 1
7113 5.78411e-16 1.57367e-17 1
7114.5 5.62417e-16 1.57367e-17 1
7116 5.69789e-16 1.57367e-17 1
7117.5 5.72619e-16 1.57367e-17 1
7119 5.63764e-16 1.57367e-17 1
7120.5 5.48838e-16 1.72779e-17 1
7122 5.44285e-16 1.72779e-17 1
7123.5 5.3991e-16 1.72779e-17 1
7125 5.54611e-16 1.72779e-17 1
7126.5 5.45662e-16 1.72779e-17 1
7128 5.44336e-16 1.72779e-17 1
7129.5 5.716e-16 1.72779e-17 1
7131 5.67649e-16 1.72779e-17 1
7132.5 5.62052e-16 1.72779e-17 1
7134 5.65986e-16 1.72779e-17 1
7135.5 5.63558e-16 1.72779e-17 1
7137 5.47878e-16 1.72779e-17 1
7138.5 5.16754e-16 1.72779e-17 1
7140 5.30069e-16 1.72779e-17 1
7141.5 5.68365e-16 1.72779e-17 1
7143 5.63601e-16 1.72779e-17 1
7144.5 5.58401e-16 1.72779e-17 1
7146 5.4102e-16 1.72779e-17 1
7147.5 5.61049e-16 1.72779e-17 1
7149 5.44925e-16 1.72779e-17 1
7150.5 5.62643e-16 1.72779e-17 1
7152 5.98554e-16 1.72779e-17 1
7153.5 5.51783e-16 1.72779e-17 1
7155 5.30736e-16 1.72779e-17 1
7156.5 5.34662e-16 1.72779e-17 1
7158 5.74779e-16 1.72779e-17 1
7159.5 5.76664e-16 1.72779e-17 1
7161 5.38498e-16 1.72779e-17 1
7162.5 5.33475e-16 1.72779e-17 1
7164 5.32151e-16 1.72779e-17 1
7165.5 5.26767e-16 1.72779e-17 1
7167 5.21383e-16 1.72779e-17 1
7168.5 5.21383e-16 1.72779e-17 1
7170 5.33253e-16 1.72779e-17 1
7171.5 5.1496e-16 1.72779e-17 1
7173 5.11881e-16 1.72779e-17 1
7174.5 5.49795e-16 1.72779e-17 1
7176 5.40852e-16 1.72779e-17 1
7177.5 5.36643e-16 1.72779e-17 1
7179 5.34836e-16 1.72779e-17 1
7180.5 5.3819e-16 1.72779e-17 1
7182 5.62936e-16 1.72779e-17 1
7183.5 5.37796e-16 1.72779e-17 1
7185 5.22803e-16 1.72779e-17 1
7186.5 5.39888e-16 1.72779e-17 1
7188 5.32463e-16 1.72779e-17 1
7189.5 5.10721e-16 1.72779e-17 1
7191 5.00674e-16 1.72779e-17 1
7192.5 5.07447e-16 1.72779e-17 1
7194 5.06197e-16 1.72779e-17 1
7195.5 5.10268e-16 1.72779e-17 1
7197 5.41508e-16 1.72779e-17 1
7198.5 5.54305e-16 1.72779e-17 1
7200 5.51806e-16 1.72779e-17 1
7201.5 5.51698e-16 1.72779e-17 1
7203 5.41836e-16 1.72779e-17 1
7204.5 5.21387e-16 1.72779e-17 1
7206 5.25219e-16 1.72779e-17 1
7207.5 5.50042e-16 1.72779e-17 1
7209 5.54037e-16 1.72779e-17 1
7210.5 5.36849e-16 1.72779e-17 1
7212 5.27581e-16 1.72779e-17 1
7213.5 5.20892e-16 1.72779e-17 1
7215 5.25563e-16 1.72779e-17 1
7216.5 5.3308e-16 1.72779e-17 1
7218 5.21168e-16 1.72779e-17 1
7219.5 5.33208e-16 1.72779e-17 1
7221 5.28284e-16 2.10096e-17 1
7222.5 5.49154e-16 2.10096e-17 1
7224 5.46856e-16 2.10096e-17 1
7225.5 5.12296e-16 2.10096e-17 1
7227 5.2313e-16 2.10096e-17 1
7228.5 5.09398e-16 2.10096e-17 1
7230 5.34362e-16 2.10096e-17 1
7231.5 5.12585e-16 2.10096e-17 1
7233 4.99661e-16 2.10096e-17 1
7234.5 5.58211e-16 2.10096e-17 1
7236 5.36245e-16 2.10096e-17 1
7237.5 5.31115e-16 2.10096e-17 1
7239 5.24993e-16 2.10096e-17 1
7240.5 5.21715e-16 2.10096e-17 1
7242 5.44957e-16 2.10096e-17 1
7243.5 5.49309e-16 2.10096e-17 1
7245 4.96709e-16 2.10096e-17 1
7246.5 4.65698e-16 2.10096e-17 1
7248 4.65417e-16 2.10096e-17 1
7249.5 4.61377e-16 2.10096e-17 1
7251 4.94852e-16 2.10096e-17 1
7252.5 4.99976e-16 2.10096e-17 1
7254 4.937e-16 2.10096e-17 1
7255.5 4.92266e-16 2.10096e-17 1
7257 4.86411e-16 2.10096e-17 1
7258.5 5.11174e-16 2.10096e-17 1
7260 5.27389e-16 2.10096e-17 1
7261.5 5.14237e-16 2.10096e-17 1
7263 5.03011e-16 2.10096e-17 1
7264.5 5.21901e-16 2.10096e-17 1
7266 5.18218e-16 2.10096e-17 1
7267.5 5.03811e-16 2.10096e-17 1
7269 5.07374e-16 2.10096e-17 1
7270.5 5.05631e-16 2.10096e-17 1
7272 5.16083e-16 2.10096e-17 1
7273.5 5.4103e-16 2.10096e-17 1
7275 5.28002e-16 2.10096e-17 1
7276.5 5.05268e-16 2.10096e-17 1
7278 4.99078e-16 2.10096e-17 1
7279.5 4.81804e-16 2.10096e-17 1
7281 4.89528e-16 2.10096e-17 1
7282.5 5.04148e-16 2.10096e-17 1
7284 5.01655e-16 2.10096e-17 1
7285.5 5.03315e-16 2.10096e-17 1
7287 5.00676e-16 2.10096e-17 1
7288.5 4.86656e-16 2.10096e-17 1
7290 4.79472e-16 2.10096e-17 1
7291.5 4.75445e-16 2.10096e-17 1
7293 4.71275e-16 2.10096e-17 1
7294.5 4.67863e-16 2.10096e-17 1
7296 4.88727e-16 2.10096e-17 1
7297.5 5.11519e-16 2.10096e-17 1
7299 4.9863e-16 2.10096e-17 1
7300.5 5.20156e-16 2.10096e-17 1
7302 5.38598e-16 2.10096e-17 1
7303.5 5.29794e-16 2.10096e-17 1
7305 4.86533e-16 2.10096e-17 1
7306.5 4.75816e-16 2.10096e-17 1
7308 4.91329e-16 2.10096e-17 1
7309.5 4.7889e-16 2.10096e-17 1
7311 5.05878e-16 2.10096e-17 1
7312.5 5.36738e-16 2.10096e-17 1
7314 5.05686e-16 2.10096e-17 1
7315.5 5.01425e-16 2.10096e-17 1
7317 5.06971e-16 2.10096e-17 1
7318.5 4.7624e-16 2.10096e-17 1
7320 4.70502e-16 1.7401e-17 1
7321.5 4.83768e-16 1.7401e-17 1
7323 4.76451e-16 1.7401e-17 1
7324.5 4.79015e-16 1.7401e-17 1
7326 4.80042e-16 1.7401e-17 1
7327.5 4.86175e-16 1.7401e-17 1
7329 4.78623e-16 1.7401e-17 1
7330.5 4.62799e-16 1.7401e-17 1
7332 4.73241e-16 1.7401e-17 1
7333.5 4.71884e-16 1.7401e-17 1
7335 4.64107e-16 1.7401e-17 1
7336.5 4.9373e-16 1.7401e-17 1
7338 5.13418e-16 1.7401e-17 1
7339.5 4.98931e-16 1.7401e-17 1
7341 4.95218e-16 1.7401e-17 1
7342.5 4.86934e-16 1.7401e-17 1
7344 4.85967e-16 1.7401e-17 1
7345.5 4.81772e-16 1.7401e-17 1
7347 4.73238e-16 1.7401e-17 1
7348.5 4.7943e-16 1.7401e-17 1
7350 4.78429e-16 1.7401e-17 1
7351.5 4.66911e-16 1.7401e-17 1
7353 4.67335e-16 1.7401e-17 1
7354.5 4.74213e-16 1.7401e-17 1
7356 4.87892e-16 1.7401e-17 1
7357.5 4.71845e-16 1.7401e-17 1
7359 4.62263e-16 1.7401e-17 1
7360.5 4.71785e-16 1.7401e-17 1
7362 4.72252e-16 1.7401e-17 1
7363.5 4.85032e-16 1.7401e-17 1
7365 5.09989e-16 1.7401e-17 1
7366.5 5.22375e-16 1.7401e-17 1
7368 4.98873e-16 1.7401e-17 1
7369.5 4.79539e-16 1.7401e-17 1
7371 4.66941e-16 1.7401e-17 1
7372.5 4.6863e-16 1.7401e-17 1
7374 4.94056e-16 1.7401e-17 1
7375.5 4.6075e-16 1.7401e-17 1
7377 4.66768e-16 1.7401e-17 1
7378.5 4.64134e-16 1.7401e-17 1
7380 4.51006e-16 1.7401e-17 1
7381.5 4.76941e-16 1.7401e-17 1
7383 4.6673e-16 1.7401e-17 1
7384.5 4.6589e-16 1.7401e-17 1
7386 5.05948e-16 1.7401e-17 1
7387.5 4.77137e-16 1.7401e-17 1
7389 4.93009e-16 1.7401e-17 1
7390.5 5.04785e-16 1.7401e-17 1
7392 4.89604e-16 1.7401e-17 1
7393.5 4.81567e-16 1.7401e-17 1
7395 4.67691e-16 1.7401e-17 1
7396.5 4.79317e-16 1.7401e-17 1
7398 4.83249e-16 1.7401e-17 1
7399.5 4.75675e-16 1.7401e-17 1
7401 4.95622e-16 1.7401e-17 1
7402.5 4.82741e-16 1.7401e-17 1
7404 4.75602e-16 1.7401e-17 1
7405.5 4.53516e-16 1.7401e-17 1
7407 4.36743e-16 1.7401e-17 1
7408.5 4.45399e-16 1.7401e-17 1
7410 4.28907e-16 1.7401e-17 1
7411.5 4.2177e-16 1.7401e-17 1
7413 4.34859e-16 1.7401e-17 1
7414.5 4.43886e-16 1.7401e-17 1
7416 4.44914e-16 1.7401e-17 1
7417.5 4.58737e-16 1.7401e-17 1
7419 4.62857e-16 1.7401e-17 1
7420.5 4.61894e-16 1.74243e-17 1
7422 4.44862e-16 1.74243e-17 1
7423.5 4.32502e-16 1.74243e-17 1
7425 4.39852e-16 1.74243e-17 1
7426.5 4.45422e-16 1.74243e-17 1
7428 4.56677e-16 1.74243e-17 1
7429.5 4.60891e-16 1.74243e-17 1
7431 4.6541e-16 1.74243e-17 1
7432.5 4.68432e-16 1.74243e-17 1
7434 4.59365e-16 1.74243e-17 1
7435.5 4.48598e-16 1.74243e-17 1
7437 4.5455e-16 1.74243e-17 1
7438.5 4.68588e-16 1.74243e-17 1
7440 4.61127e-16 1.74243e-17 1
7441.5 4.39295e-16 1.74243e-17 1
7443 4.02322e-16 1.74243e-17 1
7444.5 4.40774e-16 1.74243e-17 1
7446 4.31768e-16 1.74243e-17 1
7447.5 4.55173e-16 1.74243e-17 1
7449 4.48276e-16 1.74243e-17 1
7450.5 4.36396e-16 1.74243e-17 1
7452 4.44728e-16 1.74243e-17 1
7453.5 4.52572e-16 1.74243e-17 1
7455 4.91576e-16 1.74243e-17 1
7456.5 4.5092e-16 1.74243e-17 1
7458 4.67415e-16 1.74243e-17 1
7459.5 4.35069e-16 1.74243e-17 1
7461 4.19133e-16 1.74243e-17 1
7462.5 4.82144e-16 1.74243e-17 1
7464 4.76123e-16 1.74243e-17 1
7465.5 4.25149e-16 1.74243e-17 1
7467 4.42213e-16 1.74243e-17 1
7468.5 4.44072e-16 1.74243e-17 1
7470 4.61456e-16 1.74243e-17 1
7471.5 4.40146e-16 1.74243e-17 1
7473 4.37462e-16 1.74243e-17 1
7474.5 4.46888e-16 1.74243e-17 1
7476 4.53829e-16 1.74243e-17 1
7477.5 4.26341e-16 1.74243e-17 1
7479 4.40675e-16 1.74243e-17 1
7480.5 4.48457e-16 1.74243e-17 1
7482 4.47153e-16 1.74243e-17 1
7483.5 4.47338e-16 1.74243e-17 1
7485 4.38925e-16 1.74243e-17 1
7486.5 4.2718e-16 1.74243e-17 1
7488 4.09476e-16 1.74243e-17 1
7489.5 4.30541e-16 1.74243e-17 1
7491 4.49336e-16 1.74243e-17 1
7492.5 4.24265e-16 1.74243e-17 1
7494 3.95772e-16 1.74243e-17 1
7495.5 4.1293e-16 1.74243e-17 1
7497 4.02156e-16 1.74243e-17 1
7498.5 3.88634e-16 1.74243e-17 1
7500 4.08351e-16 1.74243e-17 1
7501.5 4.30519e-16 1.74243e-17 1
7503 4.1985e-16 1.74243e-17 1
7504.5 4.1185e-16 1.74243e-17 1
7506 4.05526e-16 1.74243e-17 1
7507.5 3.77252e-16 1.74243e-17 1
7509 3.9086e-16 1.74243e-17 1
7510.5 4.04597e-16 1.74243e-17 1
7512 3.93555e-16 1.74243e-17 1
7513.5 3.92298e-16 1.74243e-17 1
7515 4.28226e-16 1.74243e-17 1
7516.5 3.99425e-16 1.74243e-17 1
7518 4.00961e-16 1.74243e-17 1
7519.5 4.4517e-16 1.74243e-17 1
7521 4.3846e-16 1.74243e-17 1
7522.5 4.32784e-16 1.74243e-17 1
7524 4.26265e-16 1.74243e-17 1
7525.5 4.12235e-16 1.74243e-17 1
7527 3.91074e-16 1.74243e-17 1
7528.5 4.20169e-16 1.74243e-17 1
7530 3.99942e-16 1.74243e-17 1
7531.5 3.85277e-16 1.74243e-17 1
7533 3.84632e-16 1.74243e-17 1
7534.5 3.78247e-16 1.74243e-17 1
7536 3.87152e-16 1.74243e-17 1
7537.5 3.80275e-16 1.74243e-17 1
7539 4.01336e-16 1.74243e-17 1
7540.5 4.01336e-16 1.74243e-17 1
