# converted by J. Guy, 2010-10-18
# downloaded from bruford.nhn.ou.edu/~suspect/index1.html
# from  Valentini et al. 2003ApJ...595..779V
@Redshift 0.00475
@FORMAT STD
@Date 51698.1
@SELECTED_FOR_SNLS3_TRAINING 1
@SN sn2000e
@SURVEY OTHER_LOWZ_SPEC
@Source SUSPECT_DB
#WAVE : wavelength, observer frame, in A
#FLUX : erg/s/cm2/A
#ERR  : statistical uncertainty on flux
#VALID : 1=ok 0=ignore
#end
4403.94 1.16213e-16 3.40549e-17 1
4408.11 1.01225e-16 3.40549e-17 1
4412.29 1.31927e-16 3.40549e-17 1
4416.46 1.64642e-16 3.40549e-17 1
4420.64 1.85388e-16 3.40549e-17 1
4424.81 1.60651e-16 3.40549e-17 1
4428.98 1.02843e-16 3.40549e-17 1
4433.16 9.31673e-17 3.40549e-17 1
4437.33 1.0908e-16 3.40549e-17 1
4441.51 1.0732e-16 3.40549e-17 1
4445.68 1.62133e-16 3.40549e-17 1
4449.86 1.27574e-16 3.40549e-17 1
4454.03 7.73582e-17 3.40549e-17 1
4458.21 1.38479e-16 3.40549e-17 1
4462.38 1.48849e-16 3.40549e-17 1
4466.56 6.40956e-17 3.40549e-17 1
4470.73 3.30761e-17 3.40549e-17 1
4474.91 3.50326e-17 3.40549e-17 1
4479.08 1.02631e-16 3.40549e-17 1
4483.26 1.47214e-16 3.40549e-17 1
4487.43 1.21515e-16 3.40549e-17 1
4491.61 7.90659e-17 3.40549e-17 1
4495.78 8.26163e-17 3.40549e-17 1
4499.96 7.95245e-17 3.40549e-17 1
4504.13 8.7376e-17 2.89581e-17 1
4508.31 6.72969e-17 2.89581e-17 1
4512.48 9.66044e-17 2.89581e-17 1
4516.66 1.12887e-16 2.89581e-17 1
4520.83 4.31699e-17 2.89581e-17 1
4525.01 5.00907e-17 2.89581e-17 1
4529.18 1.01187e-16 2.89581e-17 1
4533.36 1.32937e-16 2.89581e-17 1
4537.53 1.4329e-16 2.89581e-17 1
4541.71 1.68635e-16 2.89581e-17 1
4545.88 1.01516e-16 2.89581e-17 1
4550.06 6.90187e-17 2.89581e-17 1
4554.23 1.59241e-16 2.89581e-17 1
4558.41 1.66395e-16 2.89581e-17 1
4562.58 1.34174e-16 2.89581e-17 1
4566.76 1.75461e-16 2.89581e-17 1
4570.93 1.81767e-16 2.89581e-17 1
4575.11 1.71783e-16 2.89581e-17 1
4579.28 1.6511e-16 2.89581e-17 1
4583.46 1.46409e-16 2.89581e-17 1
4587.63 2.03216e-16 2.89581e-17 1
4591.81 2.15662e-16 2.89581e-17 1
4595.98 2.43308e-16 2.89581e-17 1
4600.16 2.65156e-16 2.89581e-17 1
4604.33 2.553e-16 3.38259e-17 1
4608.51 2.58586e-16 3.38259e-17 1
4612.68 2.75751e-16 3.38259e-17 1
4616.86 2.80971e-16 3.38259e-17 1
4621.03 2.39312e-16 3.38259e-17 1
4625.21 2.16808e-16 3.38259e-17 1
4629.38 3.32732e-16 3.38259e-17 1
4633.56 3.28256e-16 3.38259e-17 1
4637.73 3.25988e-16 3.38259e-17 1
4641.9 3.29802e-16 3.38259e-17 1
4646.08 3.99697e-16 3.38259e-17 1
4650.25 4.19346e-16 3.38259e-17 1
4654.43 3.80397e-16 3.38259e-17 1
4658.6 3.79183e-16 3.38259e-17 1
4662.78 3.64995e-16 3.38259e-17 1
4666.95 3.58988e-16 3.38259e-17 1
4671.13 3.59503e-16 3.38259e-17 1
4675.3 3.63018e-16 3.38259e-17 1
4679.48 3.59884e-16 3.38259e-17 1
4683.65 4.19968e-16 3.38259e-17 1
4687.83 4.67166e-16 3.38259e-17 1
4692 4.25136e-16 3.38259e-17 1
4696.18 4.23307e-16 3.38259e-17 1
4700.35 3.93011e-16 3.38259e-17 1
4704.53 3.90986e-16 2.88974e-17 1
4708.7 3.67545e-16 2.88974e-17 1
4712.88 3.4768e-16 2.88974e-17 1
4717.05 3.94504e-16 2.88974e-17 1
4721.23 4.20438e-16 2.88974e-17 1
4725.4 3.76178e-16 2.88974e-17 1
4729.58 3.32823e-16 2.88974e-17 1
4733.75 3.46356e-16 2.88974e-17 1
4737.93 3.48794e-16 2.88974e-17 1
4742.1 3.23619e-16 2.88974e-17 1
4746.28 3.21046e-16 2.88974e-17 1
4750.45 3.57989e-16 2.88974e-17 1
4754.63 3.88711e-16 2.88974e-17 1
4758.8 3.30465e-16 2.88974e-17 1
4762.98 2.93364e-16 2.88974e-17 1
4767.15 2.67503e-16 2.88974e-17 1
4771.33 2.53762e-16 2.88974e-17 1
4775.5 2.71358e-16 2.88974e-17 1
4779.68 2.67383e-16 2.88974e-17 1
4783.85 3.00749e-16 2.88974e-17 1
4788.03 2.5168e-16 2.88974e-17 1
4792.2 1.88922e-16 2.88974e-17 1
4796.38 1.78759e-16 2.88974e-17 1
4800.55 1.83182e-16 2.88974e-17 1
4804.73 1.88213e-16 1.70966e-17 1
4808.9 1.41493e-16 1.70966e-17 1
4813.08 1.38765e-16 1.70966e-17 1
4817.25 1.45628e-16 1.70966e-17 1
4821.43 1.40077e-16 1.70966e-17 1
4825.6 1.51768e-16 1.70966e-17 1
4829.78 1.35564e-16 1.70966e-17 1
4833.95 8.64023e-17 1.70966e-17 1
4838.13 6.60803e-17 1.70966e-17 1
4842.3 1.09329e-16 1.70966e-17 1
4846.48 1.20924e-16 1.70966e-17 1
4850.65 9.50973e-17 1.70966e-17 1
4854.83 1.01566e-16 1.70966e-17 1
4859 1.00811e-16 1.70966e-17 1
4863.18 1.08327e-16 1.70966e-17 1
4867.35 1.26412e-16 1.70966e-17 1
4871.52 1.11566e-16 1.70966e-17 1
4875.7 1.14186e-16 1.70966e-17 1
4879.87 1.04308e-16 1.70966e-17 1
4884.05 1.03005e-16 1.70966e-17 1
4888.22 1.05695e-16 1.70966e-17 1
4892.4 1.03543e-16 1.70966e-17 1
4896.57 1.36363e-16 1.70966e-17 1
4900.75 1.28576e-16 1.70966e-17 1
4904.92 9.10453e-17 2.64309e-17 1
4909.1 1.20589e-16 2.64309e-17 1
4913.27 1.70403e-16 2.64309e-17 1
4917.45 1.50483e-16 2.64309e-17 1
4921.62 1.40527e-16 2.64309e-17 1
4925.8 1.44544e-16 2.64309e-17 1
4929.97 1.25605e-16 2.64309e-17 1
4934.15 1.11077e-16 2.64309e-17 1
4938.32 1.46116e-16 2.64309e-17 1
4942.5 1.05638e-16 2.64309e-17 1
4946.67 1.02803e-16 2.64309e-17 1
4950.85 1.35415e-16 2.64309e-17 1
4955.02 1.80129e-16 2.64309e-17 1
4959.2 2.02958e-16 2.64309e-17 1
4963.37 2.20496e-16 2.64309e-17 1
4967.55 2.0556e-16 2.64309e-17 1
4971.72 1.81568e-16 2.64309e-17 1
4975.9 2.01659e-16 2.64309e-17 1
4980.07 2.12373e-16 2.64309e-17 1
4984.25 2.08018e-16 2.64309e-17 1
4988.42 1.96746e-16 2.64309e-17 1
4992.6 1.86361e-16 2.64309e-17 1
4996.77 2.18651e-16 2.64309e-17 1
5000.95 2.64021e-16 2.64309e-17 1
5005.12 2.34954e-16 2.14188e-17 1
5009.3 2.1402e-16 2.14188e-17 1
5013.47 2.58726e-16 2.14188e-17 1
5017.65 2.35409e-16 2.14188e-17 1
5021.82 1.85861e-16 2.14188e-17 1
5026 1.86025e-16 2.14188e-17 1
5030.17 1.96653e-16 2.14188e-17 1
5034.35 1.63718e-16 2.14188e-17 1
5038.52 1.65377e-16 2.14188e-17 1
5042.7 1.93693e-16 2.14188e-17 1
5046.87 1.82131e-16 2.14188e-17 1
5051.05 1.97265e-16 2.14188e-17 1
5055.22 1.93426e-16 2.14188e-17 1
5059.4 1.69535e-16 2.14188e-17 1
5063.57 1.66619e-16 2.14188e-17 1
5067.75 1.76805e-16 2.14188e-17 1
5071.92 1.87221e-16 2.14188e-17 1
5076.1 2.02366e-16 2.14188e-17 1
5080.27 1.60181e-16 2.14188e-17 1
5084.44 1.29264e-16 2.14188e-17 1
5088.62 1.29643e-16 2.14188e-17 1
5092.79 1.24657e-16 2.14188e-17 1
5096.97 1.30654e-16 2.14188e-17 1
5101.14 1.45217e-16 2.14188e-17 1
5105.32 1.47033e-16 1.39558e-17 1
5109.49 1.28202e-16 1.39558e-17 1
5113.67 1.33443e-16 1.39558e-17 1
5117.84 1.54002e-16 1.39558e-17 1
5122.02 1.47165e-16 1.39558e-17 1
5126.19 1.29214e-16 1.39558e-17 1
5130.37 1.44658e-16 1.39558e-17 1
5134.54 1.81871e-16 1.39558e-17 1
5138.72 1.60717e-16 1.39558e-17 1
5142.89 1.38073e-16 1.39558e-17 1
5147.07 1.66421e-16 1.39558e-17 1
5151.24 1.8247e-16 1.39558e-17 1
5155.42 1.80965e-16 1.39558e-17 1
5159.59 1.68907e-16 1.39558e-17 1
5163.77 1.75589e-16 1.39558e-17 1
5167.94 1.77374e-16 1.39558e-17 1
5172.12 1.77889e-16 1.39558e-17 1
5176.29 2.12348e-16 1.39558e-17 1
5180.47 2.25511e-16 1.39558e-17 1
5184.64 2.39773e-16 1.39558e-17 1
5188.82 2.53297e-16 1.39558e-17 1
5192.99 2.57837e-16 1.39558e-17 1
5197.17 2.42399e-16 1.39558e-17 1
5201.34 2.35549e-16 1.39558e-17 1
5205.52 2.38756e-16 1.5561e-17 1
5209.69 2.7109e-16 1.5561e-17 1
5213.87 2.7514e-16 1.5561e-17 1
5218.04 2.54572e-16 1.5561e-17 1
5222.22 2.65803e-16 1.5561e-17 1
5226.39 2.76125e-16 1.5561e-17 1
5230.57 2.9231e-16 1.5561e-17 1
5234.74 2.95108e-16 1.5561e-17 1
5238.92 2.45892e-16 1.5561e-17 1
5243.09 2.29407e-16 1.5561e-17 1
5247.27 2.66864e-16 1.5561e-17 1
5251.44 2.7315e-16 1.5561e-17 1
5255.62 2.46777e-16 1.5561e-17 1
5259.79 2.63403e-16 1.5561e-17 1
5263.97 2.69951e-16 1.5561e-17 1
5268.14 2.40834e-16 1.5561e-17 1
5272.32 2.50068e-16 1.5561e-17 1
5276.49 2.64644e-16 1.5561e-17 1
5280.67 2.67133e-16 1.5561e-17 1
5284.84 2.66062e-16 1.5561e-17 1
5289.02 2.66289e-16 1.5561e-17 1
5293.19 2.56358e-16 1.5561e-17 1
5297.37 2.54999e-16 1.5561e-17 1
5301.54 2.71716e-16 1.5561e-17 1
5305.72 2.73839e-16 1.58843e-17 1
5309.89 2.82793e-16 1.58843e-17 1
5314.06 3.09032e-16 1.58843e-17 1
5318.24 3.24909e-16 1.58843e-17 1
5322.41 3.30427e-16 1.58843e-17 1
5326.59 3.09299e-16 1.58843e-17 1
5330.76 2.95527e-16 1.58843e-17 1
5334.94 3.10218e-16 1.58843e-17 1
5339.11 2.94138e-16 1.58843e-17 1
5343.29 2.91614e-16 1.58843e-17 1
5347.46 2.95031e-16 1.58843e-17 1
5351.64 2.89575e-16 1.58843e-17 1
5355.81 3.03861e-16 1.58843e-17 1
5359.99 3.14185e-16 1.58843e-17 1
5364.16 2.94265e-16 1.58843e-17 1
5368.34 2.83084e-16 1.58843e-17 1
5372.51 2.93099e-16 1.58843e-17 1
5376.69 3.12446e-16 1.58843e-17 1
5380.86 3.21698e-16 1.58843e-17 1
5385.04 2.91339e-16 1.58843e-17 1
5389.21 2.61669e-16 1.58843e-17 1
5393.39 2.58381e-16 1.58843e-17 1
5397.56 2.69624e-16 1.58843e-17 1
5401.74 2.82893e-16 1.58843e-17 1
5405.91 2.76214e-16 1.67746e-17 1
5410.09 2.67301e-16 1.67746e-17 1
5414.26 2.71476e-16 1.67746e-17 1
5418.44 2.81422e-16 1.67746e-17 1
5422.61 2.87688e-16 1.67746e-17 1
5426.79 2.52999e-16 1.67746e-17 1
5430.96 2.24545e-16 1.67746e-17 1
5435.14 2.24617e-16 1.67746e-17 1
5439.31 2.44245e-16 1.67746e-17 1
5443.49 2.4286e-16 1.67746e-17 1
5447.66 2.24837e-16 1.67746e-17 1
5451.84 1.96885e-16 1.67746e-17 1
5456.01 2.21344e-16 1.67746e-17 1
5460.19 2.37339e-16 1.67746e-17 1
5464.36 2.0778e-16 1.67746e-17 1
5468.54 2.03542e-16 1.67746e-17 1
5472.71 2.05781e-16 1.67746e-17 1
5476.89 1.92967e-16 1.67746e-17 1
5481.06 1.86787e-16 1.67746e-17 1
5485.24 1.60427e-16 1.67746e-17 1
5489.41 1.40127e-16 1.67746e-17 1
5493.59 1.53583e-16 1.67746e-17 1
5497.76 1.63189e-16 1.67746e-17 1
5501.94 1.66626e-16 1.67746e-17 1
5506.11 1.65192e-16 1.09213e-17 1
5510.29 1.76161e-16 1.09213e-17 1
5514.46 1.67595e-16 1.09213e-17 1
5518.64 1.88667e-16 1.09213e-17 1
5522.81 1.85092e-16 1.09213e-17 1
5526.98 1.88971e-16 1.09213e-17 1
5531.16 1.63049e-16 1.09213e-17 1
5535.33 1.55761e-16 1.09213e-17 1
5539.51 1.8125e-16 1.09213e-17 1
5543.68 1.78953e-16 1.09213e-17 1
5547.86 1.6198e-16 1.09213e-17 1
5552.03 1.75049e-16 1.09213e-17 1
5556.21 1.88957e-16 1.09213e-17 1
5560.38 1.77077e-16 1.09213e-17 1
5564.56 1.73223e-16 1.09213e-17 1
5568.73 1.74252e-16 1.09213e-17 1
5572.91 1.5674e-16 1.09213e-17 1
5577.08 1.56486e-16 1.09213e-17 1
5581.26 1.7803e-16 1.09213e-17 1
5585.43 1.70933e-16 1.09213e-17 1
5589.61 1.49345e-16 1.09213e-17 1
5593.78 1.54016e-16 1.09213e-17 1
5597.96 1.34773e-16 1.09213e-17 1
5602.13 1.35983e-16 1.09213e-17 1
5606.31 1.43167e-16 8.85384e-18 1
5610.48 1.51511e-16 8.85384e-18 1
5614.66 1.59609e-16 8.85384e-18 1
5618.83 1.36951e-16 8.85384e-18 1
5623.01 1.17154e-16 8.85384e-18 1
5627.18 1.21841e-16 8.85384e-18 1
5631.36 1.1408e-16 8.85384e-18 1
5635.53 1.08706e-16 8.85384e-18 1
5639.71 1.02872e-16 8.85384e-18 1
5643.88 9.21516e-17 8.85384e-18 1
5648.06 1.043e-16 8.85384e-18 1
5652.23 8.33566e-17 8.85384e-18 1
5656.41 8.45297e-17 8.85384e-18 1
5660.58 6.34034e-17 8.85384e-18 1
5664.76 7.24392e-17 8.85384e-18 1
5668.93 8.44689e-17 8.85384e-18 1
5673.11 7.03965e-17 8.85384e-18 1
5677.28 6.11142e-17 8.85384e-18 1
5681.46 7.27463e-17 8.85384e-18 1
5685.63 5.73185e-17 8.85384e-18 1
5689.81 4.53868e-17 8.85384e-18 1
5693.98 5.72069e-17 8.85384e-18 1
5698.16 5.42555e-17 8.85384e-18 1
5702.33 4.88873e-17 8.85384e-18 1
5706.51 4.83098e-17 1.28294e-17 1
5710.68 3.73164e-17 1.28294e-17 1
5714.86 2.99917e-17 1.28294e-17 1
5719.03 4.40952e-17 1.28294e-17 1
5723.21 6.10078e-17 1.28294e-17 1
5727.38 5.82336e-17 1.28294e-17 1
5731.56 3.34619e-17 1.28294e-17 1
5735.73 3.38086e-17 1.28294e-17 1
5739.91 4.77367e-17 1.28294e-17 1
5744.08 5.24255e-17 1.28294e-17 1
5748.25 6.65876e-17 1.28294e-17 1
5752.43 8.06143e-17 1.28294e-17 1
5756.6 5.40348e-17 1.28294e-17 1
5760.78 3.42813e-17 1.28294e-17 1
5764.95 5.44989e-17 1.28294e-17 1
5769.13 7.7759e-17 1.28294e-17 1
5773.3 9.25414e-17 1.28294e-17 1
5777.48 8.40676e-17 1.28294e-17 1
5781.65 8.65366e-17 1.28294e-17 1
5785.83 1.11297e-16 1.28294e-17 1
5790 1.05025e-16 1.28294e-17 1
5794.18 9.35594e-17 1.28294e-17 1
5798.35 1.10463e-16 1.28294e-17 1
5802.53 1.3821e-16 1.28294e-17 1
5806.7 1.37632e-16 1.32693e-17 1
5810.88 1.39394e-16 1.32693e-17 1
5815.05 1.37912e-16 1.32693e-17 1
5819.23 1.35717e-16 1.32693e-17 1
5823.4 1.53179e-16 1.32693e-17 1
5827.58 1.59042e-16 1.32693e-17 1
5831.75 1.56514e-16 1.32693e-17 1
5835.93 1.83903e-16 1.32693e-17 1
5840.1 2.0662e-16 1.32693e-17 1
5844.28 2.05858e-16 1.32693e-17 1
5848.45 2.0825e-16 1.32693e-17 1
5852.63 1.9717e-16 1.32693e-17 1
5856.8 2.01783e-16 1.32693e-17 1
5860.98 2.40146e-16 1.32693e-17 1
5865.15 2.28118e-16 1.32693e-17 1
5869.33 2.42388e-16 1.32693e-17 1
5873.5 2.60196e-16 1.32693e-17 1
5877.68 2.53099e-16 1.32693e-17 1
5881.85 2.57743e-16 1.32693e-17 1
5886.03 2.75424e-16 1.32693e-17 1
5890.2 2.79614e-16 1.32693e-17 1
5894.38 2.68887e-16 1.32693e-17 1
5898.55 2.5342e-16 1.32693e-17 1
5902.73 2.40727e-16 1.32693e-17 1
5906.9 2.50672e-16 1.3483e-17 1
5911.08 2.8137e-16 1.3483e-17 1
5915.25 2.96658e-16 1.3483e-17 1
5919.43 2.8905e-16 1.3483e-17 1
5923.6 2.90662e-16 1.3483e-17 1
5927.78 3.03106e-16 1.3483e-17 1
5931.95 2.8507e-16 1.3483e-17 1
5936.13 2.66763e-16 1.3483e-17 1
5940.3 2.69842e-16 1.3483e-17 1
5944.48 2.76757e-16 1.3483e-17 1
5948.65 2.76376e-16 1.3483e-17 1
5952.83 2.87452e-16 1.3483e-17 1
5957 2.78509e-16 1.3483e-17 1
5961.18 2.63603e-16 1.3483e-17 1
5965.35 2.88255e-16 1.3483e-17 1
5969.52 2.75771e-16 1.3483e-17 1
5973.7 2.69896e-16 1.3483e-17 1
5977.87 2.58983e-16 1.3483e-17 1
5982.05 2.67367e-16 1.3483e-17 1
5986.22 2.5861e-16 1.3483e-17 1
5990.4 2.26588e-16 1.3483e-17 1
5994.57 2.07196e-16 1.3483e-17 1
5998.75 2.17653e-16 1.3483e-17 1
6002.92 2.15894e-16 1.3483e-17 1
6007.1 2.08608e-16 1.28111e-17 1
6011.27 2.01923e-16 1.28111e-17 1
6015.45 2.04514e-16 1.28111e-17 1
6019.62 2.1884e-16 1.28111e-17 1
6023.8 2.05594e-16 1.28111e-17 1
6027.97 2.01294e-16 1.28111e-17 1
6032.15 2.02411e-16 1.28111e-17 1
6036.32 1.73057e-16 1.28111e-17 1
6040.5 1.62006e-16 1.28111e-17 1
6044.67 1.63396e-16 1.28111e-17 1
6048.85 1.6908e-16 1.28111e-17 1
6053.02 1.69113e-16 1.28111e-17 1
6057.2 1.48949e-16 1.28111e-17 1
6061.37 1.36711e-16 1.28111e-17 1
6065.55 1.43013e-16 1.28111e-17 1
6069.72 1.61747e-16 1.28111e-17 1
6073.9 1.62607e-16 1.28111e-17 1
6078.07 1.40364e-16 1.28111e-17 1
6082.25 1.37125e-16 1.28111e-17 1
6086.42 1.27372e-16 1.28111e-17 1
6090.6 1.14026e-16 1.28111e-17 1
6094.77 1.48361e-16 1.28111e-17 1
6098.95 1.62081e-16 1.28111e-17 1
6103.12 1.45982e-16 1.28111e-17 1
6107.3 1.45593e-16 1.14279e-17 1
6111.47 1.41663e-16 1.14279e-17 1
6115.65 1.35996e-16 1.14279e-17 1
6119.82 1.5629e-16 1.14279e-17 1
6124 1.38419e-16 1.14279e-17 1
6128.17 1.17635e-16 1.14279e-17 1
6132.35 1.28801e-16 1.14279e-17 1
6136.52 1.26661e-16 1.14279e-17 1
6140.7 1.42031e-16 1.14279e-17 1
6144.87 1.63135e-16 1.14279e-17 1
6149.05 1.62582e-16 1.14279e-17 1
6153.22 1.56196e-16 1.14279e-17 1
6157.4 1.44426e-16 1.14279e-17 1
6161.57 1.44791e-16 1.14279e-17 1
6165.75 1.54815e-16 1.14279e-17 1
6169.92 1.50226e-16 1.14279e-17 1
6174.1 1.48804e-16 1.14279e-17 1
6178.27 1.52854e-16 1.14279e-17 1
6182.45 1.42706e-16 1.14279e-17 1
6186.62 1.3333e-16 1.14279e-17 1
6190.79 1.33399e-16 1.14279e-17 1
6194.97 1.50303e-16 1.14279e-17 1
6199.14 1.6865e-16 1.14279e-17 1
6203.32 1.49138e-16 1.14279e-17 1
6207.49 1.36884e-16 9.92251e-18 1
6211.67 1.29696e-16 9.92251e-18 1
6215.84 1.51817e-16 9.92251e-18 1
6220.02 1.60918e-16 9.92251e-18 1
6224.19 1.43885e-16 9.92251e-18 1
6228.37 1.57722e-16 9.92251e-18 1
6232.54 1.5579e-16 9.92251e-18 1
6236.72 1.31547e-16 9.92251e-18 1
6240.89 1.34871e-16 9.92251e-18 1
6245.07 1.67503e-16 9.92251e-18 1
6249.24 1.64462e-16 9.92251e-18 1
6253.42 1.41188e-16 9.92251e-18 1
6257.59 1.52383e-16 9.92251e-18 1
6261.77 1.42021e-16 9.92251e-18 1
6265.94 1.49996e-16 9.92251e-18 1
6270.12 1.60153e-16 9.92251e-18 1
6274.29 1.64885e-16 9.92251e-18 1
6278.47 1.50156e-16 9.92251e-18 1
6282.64 1.49495e-16 9.92251e-18 1
6286.82 1.53531e-16 9.92251e-18 1
6290.99 1.44467e-16 9.92251e-18 1
6295.17 1.461e-16 9.92251e-18 1
6299.34 1.49007e-16 9.92251e-18 1
6303.52 1.33467e-16 9.92251e-18 1
6307.69 1.31761e-16 9.65075e-18 1
6311.87 1.37183e-16 9.65075e-18 1
6316.04 1.16832e-16 9.65075e-18 1
6320.22 1.14825e-16 9.65075e-18 1
6324.39 1.18129e-16 9.65075e-18 1
6328.57 1.104e-16 9.65075e-18 1
6332.74 1.2378e-16 9.65075e-18 1
6336.92 1.05407e-16 9.65075e-18 1
6341.09 1.01565e-16 9.65075e-18 1
6345.27 9.05054e-17 9.65075e-18 1
6349.44 8.68043e-17 9.65075e-18 1
6353.62 9.44678e-17 9.65075e-18 1
6357.79 7.40711e-17 9.65075e-18 1
6361.97 6.96951e-17 9.65075e-18 1
6366.14 9.61775e-17 9.65075e-18 1
6370.32 8.68234e-17 9.65075e-18 1
6374.49 6.58777e-17 9.65075e-18 1
6378.67 7.09717e-17 9.65075e-18 1
6382.84 8.43622e-17 9.65075e-18 1
6387.02 7.45538e-17 9.65075e-18 1
6391.19 7.04621e-17 9.65075e-18 1
6395.37 7.31108e-17 9.65075e-18 1
6399.54 9.6995e-17 9.65075e-18 1
6403.72 1.05202e-16 9.65075e-18 1
6407.89 8.25767e-17 1.20087e-17 1
6412.06 6.79012e-17 1.20087e-17 1
6416.24 8.46803e-17 1.20087e-17 1
6420.41 1.03659e-16 1.20087e-17 1
6424.59 9.33049e-17 1.20087e-17 1
6428.76 1.01534e-16 1.20087e-17 1
6432.94 1.21815e-16 1.20087e-17 1
6437.11 1.10277e-16 1.20087e-17 1
6441.29 1.31971e-16 1.20087e-17 1
6445.46 1.27935e-16 1.20087e-17 1
6449.64 1.1503e-16 1.20087e-17 1
6453.81 1.26349e-16 1.20087e-17 1
6457.99 1.46254e-16 1.20087e-17 1
6462.16 1.48246e-16 1.20087e-17 1
6466.34 1.45945e-16 1.20087e-17 1
6470.51 1.55412e-16 1.20087e-17 1
6474.69 1.60958e-16 1.20087e-17 1
6478.86 1.62684e-16 1.20087e-17 1
6483.04 1.63868e-16 1.20087e-17 1
6487.21 1.6494e-16 1.20087e-17 1
6491.39 1.73659e-16 1.20087e-17 1
6495.56 1.87492e-16 1.20087e-17 1
6499.74 2.26745e-16 1.20087e-17 1
6503.91 2.03488e-16 1.20087e-17 1
6508.09 1.94653e-16 7.57256e-18 1
6512.26 1.97271e-16 7.57256e-18 1
6516.44 1.83691e-16 7.57256e-18 1
6520.61 1.83862e-16 7.57256e-18 1
6524.79 1.85474e-16 7.57256e-18 1
6528.96 1.8435e-16 7.57256e-18 1
6533.14 1.90973e-16 7.57256e-18 1
6537.31 1.97848e-16 7.57256e-18 1
6541.49 1.9437e-16 7.57256e-18 1
6545.66 1.81504e-16 7.57256e-18 1
6549.84 1.78148e-16 7.57256e-18 1
6554.01 1.86464e-16 7.57256e-18 1
6558.19 1.82408e-16 7.57256e-18 1
6562.36 1.89566e-16 7.57256e-18 1
6566.54 1.91546e-16 7.57256e-18 1
6570.71 1.7925e-16 7.57256e-18 1
6574.89 1.66627e-16 7.57256e-18 1
6579.06 1.66335e-16 7.57256e-18 1
6583.24 1.72523e-16 7.57256e-18 1
6587.41 1.59564e-16 7.57256e-18 1
6591.59 1.65041e-16 7.57256e-18 1
6595.76 1.58415e-16 7.57256e-18 1
6599.94 1.36525e-16 7.57256e-18 1
6604.11 1.42875e-16 8.77002e-18 1
6608.29 1.52937e-16 8.77002e-18 1
6612.46 1.40215e-16 8.77002e-18 1
6616.64 1.21659e-16 8.77002e-18 1
6620.81 1.07796e-16 8.77002e-18 1
6624.98 1.19016e-16 8.77002e-18 1
6629.16 1.20599e-16 8.77002e-18 1
6633.33 1.04204e-16 8.77002e-18 1
6637.51 1.11315e-16 8.77002e-18 1
6641.68 9.09797e-17 8.77002e-18 1
6645.86 8.3804e-17 8.77002e-18 1
6650.03 8.1511e-17 8.77002e-18 1
6654.21 9.30521e-17 8.77002e-18 1
6658.38 8.96462e-17 8.77002e-18 1
6662.56 7.69263e-17 8.77002e-18 1
6666.73 7.87443e-17 8.77002e-18 1
6670.91 6.72851e-17 8.77002e-18 1
6675.08 5.58854e-17 8.77002e-18 1
6679.26 6.64046e-17 8.77002e-18 1
6683.43 6.77758e-17 8.77002e-18 1
6687.61 6.08007e-17 8.77002e-18 1
6691.78 7.16808e-17 8.77002e-18 1
6695.96 7.98595e-17 8.77002e-18 1
6700.13 6.82412e-17 8.77002e-18 1
6704.31 5.9495e-17 6.15361e-18 1
6708.48 5.64121e-17 6.15361e-18 1
6712.66 5.67149e-17 6.15361e-18 1
6716.83 5.26699e-17 6.15361e-18 1
6721.01 5.43916e-17 6.15361e-18 1
6725.18 5.17102e-17 6.15361e-18 1
6729.36 4.95739e-17 6.15361e-18 1
6733.53 4.55378e-17 6.15361e-18 1
6737.71 4.4506e-17 6.15361e-18 1
6741.88 5.13046e-17 6.15361e-18 1
6746.06 3.44761e-17 6.15361e-18 1
6750.23 4.76836e-17 6.15361e-18 1
6754.41 4.1395e-17 6.15361e-18 1
6758.58 4.38378e-17 6.15361e-18 1
6762.76 3.11263e-17 6.15361e-18 1
6766.93 3.69716e-17 6.15361e-18 1
6771.11 3.6041e-17 6.15361e-18 1
6775.28 1.99484e-17 6.15361e-18 1
6779.46 2.95328e-17 6.15361e-18 1
6783.63 4.47461e-17 6.15361e-18 1
6787.81 3.66925e-17 6.15361e-18 1
6791.98 3.27941e-17 6.15361e-18 1
6796.16 4.06032e-17 6.15361e-18 1
6800.33 4.97445e-17 6.15361e-18 1
6804.51 4.77874e-17 9.53042e-18 1
6808.68 3.37913e-17 9.53042e-18 1
6812.86 2.93843e-17 9.53042e-18 1
6817.03 2.97966e-17 9.53042e-18 1
6821.21 2.82116e-17 9.53042e-18 1
6825.38 2.67737e-17 9.53042e-18 1
6829.56 2.83492e-17 9.53042e-18 1
6833.73 3.72696e-17 9.53042e-18 1
6837.91 5.1013e-17 9.53042e-18 1
6842.08 6.18741e-17 9.53042e-18 1
6846.26 5.73141e-17 9.53042e-18 1
6850.43 3.54915e-17 9.53042e-18 1
6854.6 3.38075e-17 9.53042e-18 1
6858.78 3.58983e-17 9.53042e-18 1
6862.95 3.67156e-17 9.53042e-18 1
6867.13 4.49683e-17 9.53042e-18 1
6871.3 3.94074e-17 9.53042e-18 1
6875.48 3.95267e-17 9.53042e-18 1
6879.65 3.12526e-17 9.53042e-18 1
6883.83 3.72591e-17 9.53042e-18 1
6888 5.82522e-17 9.53042e-18 1
6892.18 5.27811e-17 9.53042e-18 1
6896.35 5.13547e-17 9.53042e-18 1
6900.53 3.90915e-17 9.53042e-18 1
6904.7 4.06777e-17 9.60866e-18 1
6908.88 5.39219e-17 9.60866e-18 1
6913.05 5.13539e-17 9.60866e-18 1
6917.23 5.75752e-17 9.60866e-18 1
6921.4 5.7331e-17 9.60866e-18 1
6925.58 5.92292e-17 9.60866e-18 1
6929.75 7.15103e-17 9.60866e-18 1
6933.93 6.62687e-17 9.60866e-18 1
6938.1 5.18825e-17 9.60866e-18 1
6942.28 4.96803e-17 9.60866e-18 1
6946.45 4.04026e-17 9.60866e-18 1
6950.63 5.0978e-17 9.60866e-18 1
6954.8 9.11013e-17 9.60866e-18 1
6958.98 7.76402e-17 9.60866e-18 1
6963.15 7.67803e-17 9.60866e-18 1
6967.33 7.48417e-17 9.60866e-18 1
6971.5 7.58921e-17 9.60866e-18 1
6975.68 7.52636e-17 9.60866e-18 1
6979.85 6.80397e-17 9.60866e-18 1
6984.03 7.46077e-17 9.60866e-18 1
6988.2 8.34934e-17 9.60866e-18 1
6992.38 7.77305e-17 9.60866e-18 1
6996.55 7.90364e-17 9.60866e-18 1
7000.73 8.45877e-17 9.60866e-18 1
7004.9 8.36465e-17 7.5018e-18 1
7009.08 9.0154e-17 7.5018e-18 1
7013.25 8.57972e-17 7.5018e-18 1
7017.43 7.03036e-17 7.5018e-18 1
7021.6 8.03787e-17 7.5018e-18 1
7025.78 7.98927e-17 7.5018e-18 1
7029.95 6.33297e-17 7.5018e-18 1
7034.13 5.7285e-17 7.5018e-18 1
7038.3 6.56506e-17 7.5018e-18 1
7042.48 7.08113e-17 7.5018e-18 1
7046.65 6.98578e-17 7.5018e-18 1
7050.83 8.58457e-17 7.5018e-18 1
7055 8.17179e-17 7.5018e-18 1
7059.18 8.87292e-17 7.5018e-18 1
7063.35 9.40778e-17 7.5018e-18 1
7067.52 9.83161e-17 7.5018e-18 1
7071.7 9.30942e-17 7.5018e-18 1
7075.87 1.03621e-16 7.5018e-18 1
7080.05 1.03353e-16 7.5018e-18 1
7084.22 9.92905e-17 7.5018e-18 1
7088.4 1.07e-16 7.5018e-18 1
7092.57 1.06859e-16 7.5018e-18 1
7096.75 1.13159e-16 7.5018e-18 1
7100.92 1.04856e-16 7.5018e-18 1
7105.1 9.6163e-17 1.26535e-17 1
7109.27 9.04456e-17 1.26535e-17 1
7113.45 9.24252e-17 1.26535e-17 1
7117.62 1.09963e-16 1.26535e-17 1
7121.8 1.14408e-16 1.26535e-17 1
7125.97 9.27015e-17 1.26535e-17 1
7130.15 9.55737e-17 1.26535e-17 1
7134.32 1.22798e-16 1.26535e-17 1
7138.5 1.31575e-16 1.26535e-17 1
7142.67 1.25229e-16 1.26535e-17 1
7146.85 1.17553e-16 1.26535e-17 1
7151.02 1.11719e-16 1.26535e-17 1
7155.2 1.0923e-16 1.26535e-17 1
7159.37 1.28492e-16 1.26535e-17 1
7163.55 1.17305e-16 1.26535e-17 1
7167.72 1.15727e-16 1.26535e-17 1
7171.9 1.39811e-16 1.26535e-17 1
7176.07 1.50329e-16 1.26535e-17 1
7180.25 1.44362e-16 1.26535e-17 1
7184.42 1.38819e-16 1.26535e-17 1
7188.6 1.33291e-16 1.26535e-17 1
7192.77 1.19211e-16 1.26535e-17 1
7196.95 1.10976e-16 1.26535e-17 1
7201.12 1.29615e-16 1.26535e-17 1
7205.3 1.26316e-16 1.12193e-17 1
7209.47 1.20212e-16 1.12193e-17 1
7213.65 1.29886e-16 1.12193e-17 1
7217.82 1.40087e-16 1.12193e-17 1
7222 1.43301e-16 1.12193e-17 1
7226.17 1.58751e-16 1.12193e-17 1
7230.35 1.46541e-16 1.12193e-17 1
7234.52 1.33419e-16 1.12193e-17 1
7238.7 1.42082e-16 1.12193e-17 1
7242.87 1.28647e-16 1.12193e-17 1
7247.05 1.30037e-16 1.12193e-17 1
7251.22 1.20362e-16 1.12193e-17 1
7255.4 1.18157e-16 1.12193e-17 1
7259.57 1.23889e-16 1.12193e-17 1
7263.75 1.32132e-16 1.12193e-17 1
7267.92 1.10269e-16 1.12193e-17 1
7272.1 1.18457e-16 1.12193e-17 1
7276.27 1.30619e-16 1.12193e-17 1
7280.45 1.22157e-16 1.12193e-17 1
7284.62 1.17445e-16 1.12193e-17 1
7288.8 1.19401e-16 1.12193e-17 1
7292.97 1.34729e-16 1.12193e-17 1
7297.14 1.46232e-16 1.12193e-17 1
7301.32 1.3978e-16 1.12193e-17 1
7305.49 1.11492e-16 8.37094e-18 1
7309.67 1.09709e-16 8.37094e-18 1
7313.84 1.18603e-16 8.37094e-18 1
7318.02 1.21272e-16 8.37094e-18 1
7322.19 1.23879e-16 8.37094e-18 1
7326.37 1.32332e-16 8.37094e-18 1
7330.54 1.28109e-16 8.37094e-18 1
7334.72 1.2059e-16 8.37094e-18 1
7338.89 1.36456e-16 8.37094e-18 1
7343.07 1.51571e-16 8.37094e-18 1
7347.24 1.41965e-16 8.37094e-18 1
7351.42 1.28576e-16 8.37094e-18 1
7355.59 1.49974e-16 8.37094e-18 1
7359.77 1.5016e-16 8.37094e-18 1
7363.94 1.40986e-16 8.37094e-18 1
7368.12 1.35051e-16 8.37094e-18 1
7372.29 1.45745e-16 8.37094e-18 1
7376.47 1.51531e-16 8.37094e-18 1
7380.64 1.41911e-16 8.37094e-18 1
7384.82 1.24858e-16 8.37094e-18 1
7388.99 1.13558e-16 8.37094e-18 1
7393.17 1.27177e-16 8.37094e-18 1
7397.34 1.29019e-16 8.37094e-18 1
7401.52 1.28008e-16 8.37094e-18 1
7405.69 1.3197e-16 8.37094e-18 1
7409.87 1.50278e-16 8.37094e-18 1
7414.04 1.34782e-16 8.37094e-18 1
7418.22 1.28247e-16 8.37094e-18 1
7422.39 1.31894e-16 8.37094e-18 1
7426.57 1.31749e-16 8.37094e-18 1
7430.74 1.2731e-16 8.37094e-18 1
7434.92 1.22358e-16 8.37094e-18 1
7439.09 1.28289e-16 8.37094e-18 1
7443.27 1.17738e-16 8.37094e-18 1
7447.44 1.08847e-16 8.37094e-18 1
7451.62 1.2443e-16 8.37094e-18 1
7455.79 1.23303e-16 8.37094e-18 1
7459.97 1.11279e-16 8.37094e-18 1
7464.14 1.07997e-16 8.37094e-18 1
7468.32 1.1137e-16 8.37094e-18 1
7472.49 1.16259e-16 8.37094e-18 1
7476.67 1.1844e-16 8.37094e-18 1
7480.84 1.09446e-16 8.37094e-18 1
