# converted by J. Guy, 2010-10-18
# from Matheson et al. 2008AJ....135.1598M
@Redshift 0.010567
@FORMAT STD
@Date 51135
@SELECTED_FOR_SNLS3_TRAINING 1
@SN sn1998es
@SURVEY CFA_LOWZ_SPEC
@Source Matheson
#WAVE : wavelength, observer frame, in A
#FLUX : erg/s/cm2/A
#ERR  : statistical uncertainty on flux
#VALID : 1=ok 0=ignore
#end
3400 8.01767e-15 9.28524e-16 1
3401.5 7.01779e-15 9.28524e-16 1
3403 6.13259e-15 9.28524e-16 1
3404.5 7.14719e-15 9.28524e-16 1
3406 6.40379e-15 9.28524e-16 1
3407.5 5.94934e-15 9.28524e-16 1
3409 7.09439e-15 9.28524e-16 1
3410.5 6.7222e-15 9.28524e-16 1
3412 6.38707e-15 9.28524e-16 1
3413.5 6.70733e-15 9.28524e-16 1
3415 5.49864e-15 9.28524e-16 1
3416.5 5.61213e-15 9.28524e-16 1
3418 7.14466e-15 9.28524e-16 1
3419.5 6.69006e-15 9.28524e-16 1
3421 6.8234e-15 9.28524e-16 1
3422.5 7.37237e-15 9.28524e-16 1
3424 7.1163e-15 9.28524e-16 1
3425.5 6.68229e-15 9.28524e-16 1
3427 6.76898e-15 9.28524e-16 1
3428.5 8.12351e-15 9.28524e-16 1
3430 8.18383e-15 9.28524e-16 1
3431.5 6.72616e-15 9.28524e-16 1
3433 7.28061e-15 9.28524e-16 1
3434.5 8.64118e-15 9.28524e-16 1
3436 8.88362e-15 9.28524e-16 1
3437.5 6.60741e-15 9.28524e-16 1
3439 5.92134e-15 9.28524e-16 1
3440.5 8.40705e-15 9.28524e-16 1
3442 9.26e-15 9.28524e-16 1
3443.5 6.07364e-15 9.28524e-16 1
3445 5.97949e-15 9.28524e-16 1
3446.5 7.0018e-15 9.28524e-16 1
3448 7.06088e-15 9.28524e-16 1
3449.5 6.73103e-15 9.28524e-16 1
3451 7.14155e-15 9.28524e-16 1
3452.5 6.67305e-15 9.28524e-16 1
3454 7.26413e-15 9.28524e-16 1
3455.5 8.17828e-15 9.28524e-16 1
3457 9.00199e-15 9.28524e-16 1
3458.5 9.94224e-15 9.28524e-16 1
3460 7.6707e-15 9.28524e-16 1
3461.5 7.4012e-15 9.28524e-16 1
3463 8.16056e-15 9.28524e-16 1
3464.5 9.47212e-15 9.28524e-16 1
3466 9.90955e-15 9.28524e-16 1
3467.5 9.57746e-15 9.28524e-16 1
3469 8.87419e-15 9.28524e-16 1
3470.5 7.63358e-15 9.28524e-16 1
3472 8.95813e-15 9.28524e-16 1
3473.5 1.11083e-14 9.28524e-16 1
3475 1.07307e-14 9.28524e-16 1
3476.5 9.33443e-15 9.28524e-16 1
3478 9.58107e-15 9.28524e-16 1
3479.5 1.15954e-14 9.28524e-16 1
3481 1.13719e-14 9.28524e-16 1
3482.5 1.01612e-14 9.28524e-16 1
3484 1.01277e-14 9.28524e-16 1
3485.5 1.08711e-14 9.28524e-16 1
3487 1.13057e-14 9.28524e-16 1
3488.5 1.11612e-14 9.28524e-16 1
3490 1.11934e-14 9.28524e-16 1
3491.5 1.18499e-14 9.28524e-16 1
3493 1.27544e-14 9.28524e-16 1
3494.5 1.12742e-14 9.28524e-16 1
3496 1.11278e-14 9.28524e-16 1
3497.5 1.24713e-14 9.28524e-16 1
3499 1.19405e-14 9.28524e-16 1
3500.5 1.12607e-14 4.5178e-16 1
3502 1.1609e-14 4.5178e-16 1
3503.5 1.23545e-14 4.5178e-16 1
3505 1.19041e-14 4.5178e-16 1
3506.5 1.09228e-14 4.5178e-16 1
3508 1.06087e-14 4.5178e-16 1
3509.5 1.19013e-14 4.5178e-16 1
3511 1.18867e-14 4.5178e-16 1
3512.5 1.1925e-14 4.5178e-16 1
3514 1.21001e-14 4.5178e-16 1
3515.5 1.16488e-14 4.5178e-16 1
3517 1.14881e-14 4.5178e-16 1
3518.5 1.24413e-14 4.5178e-16 1
3520 1.20756e-14 4.5178e-16 1
3521.5 1.26274e-14 4.5178e-16 1
3523 1.31461e-14 4.5178e-16 1
3524.5 1.215e-14 4.5178e-16 1
3526 1.30546e-14 4.5178e-16 1
3527.5 1.32935e-14 4.5178e-16 1
3529 1.2264e-14 4.5178e-16 1
3530.5 1.18507e-14 4.5178e-16 1
3532 1.20776e-14 4.5178e-16 1
3533.5 1.22291e-14 4.5178e-16 1
3535 1.2575e-14 4.5178e-16 1
3536.5 1.28909e-14 4.5178e-16 1
3538 1.23511e-14 4.5178e-16 1
3539.5 1.17146e-14 4.5178e-16 1
3541 1.22067e-14 4.5178e-16 1
3542.5 1.25919e-14 4.5178e-16 1
3544 1.19293e-14 4.5178e-16 1
3545.5 1.20542e-14 4.5178e-16 1
3547 1.25357e-14 4.5178e-16 1
3548.5 1.25837e-14 4.5178e-16 1
3550 1.25403e-14 4.5178e-16 1
3551.5 1.23631e-14 4.5178e-16 1
3553 1.27758e-14 4.5178e-16 1
3554.5 1.35796e-14 4.5178e-16 1
3556 1.31691e-14 4.5178e-16 1
3557.5 1.248e-14 4.5178e-16 1
3559 1.25008e-14 4.5178e-16 1
3560.5 1.29429e-14 4.5178e-16 1
3562 1.28281e-14 4.5178e-16 1
3563.5 1.27998e-14 4.5178e-16 1
3565 1.30494e-14 4.5178e-16 1
3566.5 1.31647e-14 4.5178e-16 1
3568 1.32073e-14 4.5178e-16 1
3569.5 1.31115e-14 4.5178e-16 1
3571 1.33417e-14 4.5178e-16 1
3572.5 1.34108e-14 4.5178e-16 1
3574 1.28941e-14 4.5178e-16 1
3575.5 1.31244e-14 4.5178e-16 1
3577 1.34771e-14 4.5178e-16 1
3578.5 1.33891e-14 4.5178e-16 1
3580 1.35226e-14 4.5178e-16 1
3581.5 1.35164e-14 4.5178e-16 1
3583 1.28224e-14 4.5178e-16 1
3584.5 1.25571e-14 4.5178e-16 1
3586 1.34028e-14 4.5178e-16 1
3587.5 1.39253e-14 4.5178e-16 1
3589 1.45704e-14 4.5178e-16 1
3590.5 1.44984e-14 4.5178e-16 1
3592 1.40981e-14 4.5178e-16 1
3593.5 1.41535e-14 4.5178e-16 1
3595 1.39431e-14 4.5178e-16 1
3596.5 1.41215e-14 4.5178e-16 1
3598 1.44814e-14 4.5178e-16 1
3599.5 1.42788e-14 4.5178e-16 1
3601 1.43289e-14 4.02388e-16 1
3602.5 1.42823e-14 4.02388e-16 1
3604 1.45664e-14 4.02388e-16 1
3605.5 1.47967e-14 4.02388e-16 1
3607 1.42501e-14 4.02388e-16 1
3608.5 1.45226e-14 4.02388e-16 1
3610 1.46333e-14 4.02388e-16 1
3611.5 1.47439e-14 4.02388e-16 1
3613 1.48546e-14 4.02388e-16 1
3614.5 1.49652e-14 4.02388e-16 1
3616 1.50759e-14 4.02388e-16 1
3617.5 1.51865e-14 4.02388e-16 1
3619 1.52972e-14 4.02388e-16 1
3620.5 1.54078e-14 4.02388e-16 1
3622 1.55185e-14 4.02388e-16 1
3623.5 1.55185e-14 4.02388e-16 1
3625 1.51783e-14 4.02388e-16 1
3626.5 1.55525e-14 4.02388e-16 1
3628 1.53819e-14 4.02388e-16 1
3629.5 1.51169e-14 4.02388e-16 1
3631 1.55841e-14 4.02388e-16 1
3632.5 1.59701e-14 4.02388e-16 1
3634 1.55927e-14 4.02388e-16 1
3635.5 1.57716e-14 4.02388e-16 1
3637 1.61027e-14 4.02388e-16 1
3638.5 1.61896e-14 4.02388e-16 1
3640 1.62751e-14 4.02388e-16 1
3641.5 1.63929e-14 4.02388e-16 1
3643 1.60783e-14 4.02388e-16 1
3644.5 1.6151e-14 4.02388e-16 1
3646 1.61144e-14 4.02388e-16 1
3647.5 1.58742e-14 4.02388e-16 1
3649 1.55608e-14 4.02388e-16 1
3650.5 1.55833e-14 4.02388e-16 1
3652 1.59564e-14 4.02388e-16 1
3653.5 1.48026e-14 4.02388e-16 1
3655 1.51805e-14 4.02388e-16 1
3656.5 1.53297e-14 4.02388e-16 1
3658 1.51033e-14 4.02388e-16 1
3659.5 1.48297e-14 4.02388e-16 1
3661 1.44487e-14 4.02388e-16 1
3662.5 1.42358e-14 4.02388e-16 1
3664 1.47163e-14 4.02388e-16 1
3665.5 1.45098e-14 4.02388e-16 1
3667 1.44687e-14 4.02388e-16 1
3668.5 1.43172e-14 4.02388e-16 1
3670 1.38856e-14 4.02388e-16 1
3671.5 1.33027e-14 4.02388e-16 1
3673 1.30663e-14 4.02388e-16 1
3674.5 1.33536e-14 4.02388e-16 1
3676 1.27928e-14 4.02388e-16 1
3677.5 1.26156e-14 4.02388e-16 1
3679 1.2567e-14 4.02388e-16 1
3680.5 1.26238e-14 4.02388e-16 1
3682 1.26622e-14 4.02388e-16 1
3683.5 1.2389e-14 4.02388e-16 1
3685 1.21102e-14 4.02388e-16 1
3686.5 1.17886e-14 4.02388e-16 1
3688 1.18809e-14 4.02388e-16 1
3689.5 1.19956e-14 4.02388e-16 1
3691 1.17397e-14 4.02388e-16 1
3692.5 1.12731e-14 4.02388e-16 1
3694 1.1236e-14 4.02388e-16 1
3695.5 1.117e-14 4.02388e-16 1
3697 1.09018e-14 4.02388e-16 1
3698.5 1.06449e-14 4.02388e-16 1
3700 1.04511e-14 4.17415e-16 1
3701.5 1.02552e-14 4.17415e-16 1
3703 9.97352e-15 4.17415e-16 1
3704.5 9.8763e-15 4.17415e-16 1
3706 1.00103e-14 4.17415e-16 1
3707.5 1.02082e-14 4.17415e-16 1
3709 1.03946e-14 4.17415e-16 1
3710.5 1.03457e-14 4.17415e-16 1
3712 9.94308e-15 4.17415e-16 1
3713.5 9.75486e-15 4.17415e-16 1
3715 9.42198e-15 4.17415e-16 1
3716.5 9.96845e-15 4.17415e-16 1
3718 1.0253e-14 4.17415e-16 1
3719.5 9.99758e-15 4.17415e-16 1
3721 9.98103e-15 4.17415e-16 1
3722.5 1.02464e-14 4.17415e-16 1
3724 9.95299e-15 4.17415e-16 1
3725.5 9.90578e-15 4.17415e-16 1
3727 9.97321e-15 4.17415e-16 1
3728.5 9.93417e-15 4.17415e-16 1
3730 1.02268e-14 4.17415e-16 1
3731.5 9.87657e-15 4.17415e-16 1
3733 9.50029e-15 4.17415e-16 1
3734.5 9.96876e-15 4.17415e-16 1
3736 9.93501e-15 4.17415e-16 1
3737.5 1.00481e-14 4.17415e-16 1
3739 9.5005e-15 4.17415e-16 1
3740.5 9.35661e-15 4.17415e-16 1
3742 9.62975e-15 4.17415e-16 1
3743.5 9.70046e-15 4.17415e-16 1
3745 9.38412e-15 4.17415e-16 1
3746.5 9.34902e-15 4.17415e-16 1
3748 9.25915e-15 4.17415e-16 1
3749.5 9.1645e-15 4.17415e-16 1
3751 9.18479e-15 4.17415e-16 1
3752.5 9.21723e-15 4.17415e-16 1
3754 9.16283e-15 4.17415e-16 1
3755.5 9.36756e-15 4.17415e-16 1
3757 9.34822e-15 4.17415e-16 1
3758.5 9.62612e-15 4.17415e-16 1
3760 9.80628e-15 4.17415e-16 1
3761.5 9.73827e-15 4.17415e-16 1
3763 9.6946e-15 4.17415e-16 1
3764.5 9.76981e-15 4.17415e-16 1
3766 1.00376e-14 4.17415e-16 1
3767.5 1.00632e-14 4.17415e-16 1
3769 1.0057e-14 4.17415e-16 1
3770.5 1.05297e-14 4.17415e-16 1
3772 1.06927e-14 4.17415e-16 1
3773.5 1.04225e-14 4.17415e-16 1
3775 1.06217e-14 4.17415e-16 1
3776.5 1.08595e-14 4.17415e-16 1
3778 1.06572e-14 4.17415e-16 1
3779.5 1.10332e-14 4.17415e-16 1
3781 1.12675e-14 4.17415e-16 1
3782.5 1.14474e-14 4.17415e-16 1
3784 1.1887e-14 4.17415e-16 1
3785.5 1.17472e-14 4.17415e-16 1
3787 1.13858e-14 4.17415e-16 1
3788.5 1.1663e-14 4.17415e-16 1
3790 1.20098e-14 4.17415e-16 1
3791.5 1.18886e-14 4.17415e-16 1
3793 1.20108e-14 4.17415e-16 1
3794.5 1.21576e-14 4.17415e-16 1
3796 1.21364e-14 4.17415e-16 1
3797.5 1.21522e-14 4.17415e-16 1
3799 1.21077e-14 4.17415e-16 1
3800.5 1.22047e-14 2.56604e-16 1
3802 1.21909e-14 2.56604e-16 1
3803.5 1.26202e-14 2.56604e-16 1
3805 1.26541e-14 2.56604e-16 1
3806.5 1.28153e-14 2.56604e-16 1
3808 1.2954e-14 2.56604e-16 1
3809.5 1.28406e-14 2.56604e-16 1
3811 1.25393e-14 2.56604e-16 1
3812.5 1.28298e-14 2.56604e-16 1
3814 1.26817e-14 2.56604e-16 1
3815.5 1.24187e-14 2.56604e-16 1
3817 1.25275e-14 2.56604e-16 1
3818.5 1.25939e-14 2.56604e-16 1
3820 1.23346e-14 2.56604e-16 1
3821.5 1.24144e-14 2.56604e-16 1
3823 1.25188e-14 2.56604e-16 1
3824.5 1.26989e-14 2.56604e-16 1
3826 1.26709e-14 2.56604e-16 1
3827.5 1.22621e-14 2.56604e-16 1
3829 1.24444e-14 2.56604e-16 1
3830.5 1.28133e-14 2.56604e-16 1
3832 1.29101e-14 2.56604e-16 1
3833.5 1.30089e-14 2.56604e-16 1
3835 1.29475e-14 2.56604e-16 1
3836.5 1.28431e-14 2.56604e-16 1
3838 1.29107e-14 2.56604e-16 1
3839.5 1.3058e-14 2.56604e-16 1
3841 1.29724e-14 2.56604e-16 1
3842.5 1.28678e-14 2.56604e-16 1
3844 1.30653e-14 2.56604e-16 1
3845.5 1.31888e-14 2.56604e-16 1
3847 1.33565e-14 2.56604e-16 1
3848.5 1.3166e-14 2.56604e-16 1
3850 1.31339e-14 2.56604e-16 1
3851.5 1.31232e-14 2.56604e-16 1
3853 1.32188e-14 2.56604e-16 1
3854.5 1.3371e-14 2.56604e-16 1
3856 1.29717e-14 2.56604e-16 1
3857.5 1.26806e-14 2.56604e-16 1
3859 1.31028e-14 2.56604e-16 1
3860.5 1.27752e-14 2.56604e-16 1
3862 1.32432e-14 2.56604e-16 1
3863.5 1.28355e-14 2.56604e-16 1
3865 1.25516e-14 2.56604e-16 1
3866.5 1.29308e-14 2.56604e-16 1
3868 1.34082e-14 2.56604e-16 1
3869.5 1.33491e-14 2.56604e-16 1
3871 1.34157e-14 2.56604e-16 1
3872.5 1.33579e-14 2.56604e-16 1
3874 1.32156e-14 2.56604e-16 1
3875.5 1.33438e-14 2.56604e-16 1
3877 1.33476e-14 2.56604e-16 1
3878.5 1.34566e-14 2.56604e-16 1
3880 1.37793e-14 2.56604e-16 1
3881.5 1.38777e-14 2.56604e-16 1
3883 1.37198e-14 2.56604e-16 1
3884.5 1.34485e-14 2.56604e-16 1
3886 1.34422e-14 2.56604e-16 1
3887.5 1.36025e-14 2.56604e-16 1
3889 1.37054e-14 2.56604e-16 1
3890.5 1.38217e-14 2.56604e-16 1
3892 1.37896e-14 2.56604e-16 1
3893.5 1.37602e-14 2.56604e-16 1
3895 1.38736e-14 2.56604e-16 1
3896.5 1.38263e-14 2.56604e-16 1
3898 1.38308e-14 2.56604e-16 1
3899.5 1.38817e-14 2.56604e-16 1
3901 1.41053e-14 4.1758e-16 1
3902.5 1.41759e-14 4.1758e-16 1
3904 1.4054e-14 4.1758e-16 1
3905.5 1.40163e-14 4.1758e-16 1
3907 1.39882e-14 4.1758e-16 1
3908.5 1.41572e-14 4.1758e-16 1
3910 1.42384e-14 4.1758e-16 1
3911.5 1.41958e-14 4.1758e-16 1
3913 1.42127e-14 4.1758e-16 1
3914.5 1.42046e-14 4.1758e-16 1
3916 1.39543e-14 4.1758e-16 1
3917.5 1.38345e-14 4.1758e-16 1
3919 1.39367e-14 4.1758e-16 1
3920.5 1.39891e-14 4.1758e-16 1
3922 1.42671e-14 4.1758e-16 1
3923.5 1.41155e-14 4.1758e-16 1
3925 1.4209e-14 4.1758e-16 1
3926.5 1.4308e-14 4.1758e-16 1
3928 1.43486e-14 4.1758e-16 1
3929.5 1.42173e-14 4.1758e-16 1
3931 1.45339e-14 4.1758e-16 1
3932.5 1.44003e-14 4.1758e-16 1
3934 1.41626e-14 4.1758e-16 1
3935.5 1.43517e-14 4.1758e-16 1
3937 1.47466e-14 4.1758e-16 1
3938.5 1.48988e-14 4.1758e-16 1
3940 1.49195e-14 4.1758e-16 1
3941.5 1.50892e-14 4.1758e-16 1
3943 1.50584e-14 4.1758e-16 1
3944.5 1.53229e-14 4.1758e-16 1
3946 1.53821e-14 4.1758e-16 1
3947.5 1.55423e-14 4.1758e-16 1
3949 1.55201e-14 4.1758e-16 1
3950.5 1.57762e-14 4.1758e-16 1
3952 1.56726e-14 4.1758e-16 1
3953.5 1.57126e-14 4.1758e-16 1
3955 1.57508e-14 4.1758e-16 1
3956.5 1.56286e-14 4.1758e-16 1
3958 1.57555e-14 4.1758e-16 1
3959.5 1.59041e-14 4.1758e-16 1
3961 1.58955e-14 4.1758e-16 1
3962.5 1.58622e-14 4.1758e-16 1
3964 1.59444e-14 4.1758e-16 1
3965.5 1.60173e-14 4.1758e-16 1
3967 1.58526e-14 4.1758e-16 1
3968.5 1.57994e-14 4.1758e-16 1
3970 1.55972e-14 4.1758e-16 1
3971.5 1.53559e-14 4.1758e-16 1
3973 1.50034e-14 4.1758e-16 1
3974.5 1.45155e-14 4.1758e-16 1
3976 1.42432e-14 4.1758e-16 1
3977.5 1.45847e-14 4.1758e-16 1
3979 1.52363e-14 4.1758e-16 1
3980.5 1.58202e-14 4.1758e-16 1
3982 1.60024e-14 4.1758e-16 1
3983.5 1.57962e-14 4.1758e-16 1
3985 1.58219e-14 4.1758e-16 1
3986.5 1.57584e-14 4.1758e-16 1
3988 1.57979e-14 4.1758e-16 1
3989.5 1.59977e-14 4.1758e-16 1
3991 1.57364e-14 4.1758e-16 1
3992.5 1.57679e-14 4.1758e-16 1
3994 1.59126e-14 4.1758e-16 1
3995.5 1.58344e-14 4.1758e-16 1
3997 1.58208e-14 4.1758e-16 1
3998.5 1.58602e-14 4.1758e-16 1
4000 1.57908e-14 3.67509e-16 1
4001.5 1.57986e-14 3.67509e-16 1
4003 1.58958e-14 3.67509e-16 1
4004.5 1.595e-14 3.67509e-16 1
4006 1.5413e-14 3.67509e-16 1
4007.5 1.50063e-14 3.67509e-16 1
4009 1.44822e-14 3.67509e-16 1
4010.5 1.41032e-14 3.67509e-16 1
4012 1.40161e-14 3.67509e-16 1
4013.5 1.43107e-14 3.67509e-16 1
4015 1.48032e-14 3.67509e-16 1
4016.5 1.50758e-14 3.67509e-16 1
4018 1.51059e-14 3.67509e-16 1
4019.5 1.50983e-14 3.67509e-16 1
4021 1.50092e-14 3.67509e-16 1
4022.5 1.49715e-14 3.67509e-16 1
4024 1.49288e-14 3.67509e-16 1
4025.5 1.49594e-14 3.67509e-16 1
4027 1.4938e-14 3.67509e-16 1
4028.5 1.49805e-14 3.67509e-16 1
4030 1.50114e-14 3.67509e-16 1
4031.5 1.4915e-14 3.67509e-16 1
4033 1.49692e-14 3.67509e-16 1
4034.5 1.51165e-14 3.67509e-16 1
4036 1.52074e-14 3.67509e-16 1
4037.5 1.51784e-14 3.67509e-16 1
4039 1.53116e-14 3.67509e-16 1
4040.5 1.55023e-14 3.67509e-16 1
4042 1.54309e-14 3.67509e-16 1
4043.5 1.54621e-14 3.67509e-16 1
4045 1.55981e-14 3.67509e-16 1
4046.5 1.56917e-14 3.67509e-16 1
4048 1.5566e-14 3.67509e-16 1
4049.5 1.55349e-14 3.67509e-16 1
4051 1.56631e-14 3.67509e-16 1
4052.5 1.58319e-14 3.67509e-16 1
4054 1.60032e-14 3.67509e-16 1
4055.5 1.57877e-14 3.67509e-16 1
4057 1.5583e-14 3.67509e-16 1
4058.5 1.5756e-14 3.67509e-16 1
4060 1.58737e-14 3.67509e-16 1
4061.5 1.58362e-14 3.67509e-16 1
4063 1.60232e-14 3.67509e-16 1
4064.5 1.62066e-14 3.67509e-16 1
4066 1.61116e-14 3.67509e-16 1
4067.5 1.60986e-14 3.67509e-16 1
4069 1.61995e-14 3.67509e-16 1
4070.5 1.62489e-14 3.67509e-16 1
4072 1.65751e-14 3.67509e-16 1
4073.5 1.61448e-14 3.67509e-16 1
4075 1.60855e-14 3.67509e-16 1
4076.5 1.64633e-14 3.67509e-16 1
4078 1.6257e-14 3.67509e-16 1
4079.5 1.67208e-14 3.67509e-16 1
4081 1.64861e-14 3.67509e-16 1
4082.5 1.61692e-14 3.67509e-16 1
4084 1.6427e-14 3.67509e-16 1
4085.5 1.66403e-14 3.67509e-16 1
4087 1.6636e-14 3.67509e-16 1
4088.5 1.63281e-14 3.67509e-16 1
4090 1.62944e-14 3.67509e-16 1
4091.5 1.6469e-14 3.67509e-16 1
4093 1.66144e-14 3.67509e-16 1
4094.5 1.67259e-14 3.67509e-16 1
4096 1.63926e-14 3.67509e-16 1
4097.5 1.65035e-14 3.67509e-16 1
4099 1.64175e-14 3.67509e-16 1
4100.5 1.62484e-14 2.45639e-16 1
4102 1.62042e-14 2.45639e-16 1
4103.5 1.63197e-14 2.45639e-16 1
4105 1.64003e-14 2.45639e-16 1
4106.5 1.6527e-14 2.45639e-16 1
4108 1.66284e-14 2.45639e-16 1
4109.5 1.62305e-14 2.45639e-16 1
4111 1.61952e-14 2.45639e-16 1
4112.5 1.64154e-14 2.45639e-16 1
4114 1.63431e-14 2.45639e-16 1
4115.5 1.60801e-14 2.45639e-16 1
4117 1.62586e-14 2.45639e-16 1
4118.5 1.6271e-14 2.45639e-16 1
4120 1.60087e-14 2.45639e-16 1
4121.5 1.58339e-14 2.45639e-16 1
4123 1.6074e-14 2.45639e-16 1
4124.5 1.61724e-14 2.45639e-16 1
4126 1.59873e-14 2.45639e-16 1
4127.5 1.58708e-14 2.45639e-16 1
4129 1.60374e-14 2.45639e-16 1
4130.5 1.58573e-14 2.45639e-16 1
4132 1.5678e-14 2.45639e-16 1
4133.5 1.53958e-14 2.45639e-16 1
4135 1.53023e-14 2.45639e-16 1
4136.5 1.51072e-14 2.45639e-16 1
4138 1.4807e-14 2.45639e-16 1
4139.5 1.48148e-14 2.45639e-16 1
4141 1.45114e-14 2.45639e-16 1
4142.5 1.45691e-14 2.45639e-16 1
4144 1.45149e-14 2.45639e-16 1
4145.5 1.45222e-14 2.45639e-16 1
4147 1.43526e-14 2.45639e-16 1
4148.5 1.42059e-14 2.45639e-16 1
4150 1.41735e-14 2.45639e-16 1
4151.5 1.42583e-14 2.45639e-16 1
4153 1.43266e-14 2.45639e-16 1
4154.5 1.4061e-14 2.45639e-16 1
4156 1.40545e-14 2.45639e-16 1
4157.5 1.39851e-14 2.45639e-16 1
4159 1.41745e-14 2.45639e-16 1
4160.5 1.418e-14 2.45639e-16 1
4162 1.39819e-14 2.45639e-16 1
4163.5 1.38932e-14 2.45639e-16 1
4165 1.37007e-14 2.45639e-16 1
4166.5 1.37172e-14 2.45639e-16 1
4168 1.34532e-14 2.45639e-16 1
4169.5 1.33635e-14 2.45639e-16 1
4171 1.35542e-14 2.45639e-16 1
4172.5 1.33792e-14 2.45639e-16 1
4174 1.30962e-14 2.45639e-16 1
4175.5 1.30762e-14 2.45639e-16 1
4177 1.31008e-14 2.45639e-16 1
4178.5 1.3011e-14 2.45639e-16 1
4180 1.299e-14 2.45639e-16 1
4181.5 1.28743e-14 2.45639e-16 1
4183 1.28728e-14 2.45639e-16 1
4184.5 1.31864e-14 2.45639e-16 1
4186 1.30523e-14 2.45639e-16 1
4187.5 1.28632e-14 2.45639e-16 1
4189 1.28511e-14 2.45639e-16 1
4190.5 1.30667e-14 2.45639e-16 1
4192 1.32185e-14 2.45639e-16 1
4193.5 1.31764e-14 2.45639e-16 1
4195 1.28475e-14 2.45639e-16 1
4196.5 1.26072e-14 2.45639e-16 1
4198 1.27704e-14 2.45639e-16 1
4199.5 1.28097e-14 2.45639e-16 1
4201 1.26794e-14 1.44119e-16 1
4202.5 1.27019e-14 1.44119e-16 1
4204 1.2683e-14 1.44119e-16 1
4205.5 1.25809e-14 1.44119e-16 1
4207 1.27787e-14 1.44119e-16 1
4208.5 1.25183e-14 1.44119e-16 1
4210 1.22165e-14 1.44119e-16 1
4211.5 1.23538e-14 1.44119e-16 1
4213 1.20816e-14 1.44119e-16 1
4214.5 1.21545e-14 1.44119e-16 1
4216 1.18852e-14 1.44119e-16 1
4217.5 1.17828e-14 1.44119e-16 1
4219 1.19875e-14 1.44119e-16 1
4220.5 1.17131e-14 1.44119e-16 1
4222 1.15016e-14 1.44119e-16 1
4223.5 1.14685e-14 1.44119e-16 1
4225 1.1494e-14 1.44119e-16 1
4226.5 1.13571e-14 1.44119e-16 1
4228 1.13137e-14 1.44119e-16 1
4229.5 1.11575e-14 1.44119e-16 1
4231 1.103e-14 1.44119e-16 1
4232.5 1.10113e-14 1.44119e-16 1
4234 1.08805e-14 1.44119e-16 1
4235.5 1.09612e-14 1.44119e-16 1
4237 1.09355e-14 1.44119e-16 1
4238.5 1.07574e-14 1.44119e-16 1
4240 1.07198e-14 1.44119e-16 1
4241.5 1.06584e-14 1.44119e-16 1
4243 1.06173e-14 1.44119e-16 1
4244.5 1.06042e-14 1.44119e-16 1
4246 1.04926e-14 1.44119e-16 1
4247.5 1.03694e-14 1.44119e-16 1
4249 1.033e-14 1.44119e-16 1
4250.5 1.02545e-14 1.44119e-16 1
4252 1.00259e-14 1.44119e-16 1
4253.5 1.00095e-14 1.44119e-16 1
4255 1.01785e-14 1.44119e-16 1
4256.5 1.01305e-14 1.44119e-16 1
4258 9.99317e-15 1.44119e-16 1
4259.5 9.96319e-15 1.44119e-16 1
4261 9.94131e-15 1.44119e-16 1
4262.5 9.81894e-15 1.44119e-16 1
4264 9.82073e-15 1.44119e-16 1
4265.5 9.76155e-15 1.44119e-16 1
4267 9.53897e-15 1.44119e-16 1
4268.5 9.56353e-15 1.44119e-16 1
4270 9.56069e-15 1.44119e-16 1
4271.5 9.40458e-15 1.44119e-16 1
4273 9.19324e-15 1.44119e-16 1
4274.5 9.25375e-15 1.44119e-16 1
4276 9.45549e-15 1.44119e-16 1
4277.5 9.37316e-15 1.44119e-16 1
4279 9.36773e-15 1.44119e-16 1
4280.5 9.14934e-15 1.44119e-16 1
4282 9.04792e-15 1.44119e-16 1
4283.5 9.19754e-15 1.44119e-16 1
4285 9.23923e-15 1.44119e-16 1
4286.5 9.0611e-15 1.44119e-16 1
4288 9.01872e-15 1.44119e-16 1
4289.5 9.0822e-15 1.44119e-16 1
4291 8.89566e-15 1.44119e-16 1
4292.5 8.89646e-15 1.44119e-16 1
4294 8.75794e-15 1.44119e-16 1
4295.5 8.81137e-15 1.44119e-16 1
4297 8.81503e-15 1.44119e-16 1
4298.5 8.64121e-15 1.44119e-16 1
4300 8.69934e-15 1.59105e-16 1
4301.5 8.72044e-15 1.59105e-16 1
4303 8.62599e-15 1.59105e-16 1
4304.5 8.47979e-15 1.59105e-16 1
4306 8.55649e-15 1.59105e-16 1
4307.5 8.59825e-15 1.59105e-16 1
4309 8.41485e-15 1.59105e-16 1
4310.5 8.34127e-15 1.59105e-16 1
4312 8.46681e-15 1.59105e-16 1
4313.5 8.53974e-15 1.59105e-16 1
4315 8.51035e-15 1.59105e-16 1
4316.5 8.50248e-15 1.59105e-16 1
4318 8.65431e-15 1.59105e-16 1
4319.5 8.76009e-15 1.59105e-16 1
4321 8.74711e-15 1.59105e-16 1
4322.5 8.65017e-15 1.59105e-16 1
4324 8.70057e-15 1.59105e-16 1
4325.5 8.89858e-15 1.59105e-16 1
4327 8.91258e-15 1.59105e-16 1
4328.5 8.94408e-15 1.59105e-16 1
4330 9.07764e-15 1.59105e-16 1
4331.5 9.04596e-15 1.59105e-16 1
4333 9.01443e-15 1.59105e-16 1
4334.5 9.08776e-15 1.59105e-16 1
4336 9.25226e-15 1.59105e-16 1
4337.5 9.39049e-15 1.59105e-16 1
4339 9.67935e-15 1.59105e-16 1
4340.5 9.88432e-15 1.59105e-16 1
4342 9.86122e-15 1.59105e-16 1
4343.5 9.60468e-15 1.59105e-16 1
4345 9.66655e-15 1.59105e-16 1
4346.5 9.78171e-15 1.59105e-16 1
4348 9.59899e-15 1.59105e-16 1
4349.5 9.76517e-15 1.59105e-16 1
4351 9.83372e-15 1.59105e-16 1
4352.5 9.79402e-15 1.59105e-16 1
4354 9.80508e-15 1.59105e-16 1
4355.5 9.83996e-15 1.59105e-16 1
4357 1.00424e-14 1.59105e-16 1
4358.5 1.02145e-14 1.59105e-16 1
4360 1.01012e-14 1.59105e-16 1
4361.5 1.01378e-14 1.59105e-16 1
4363 1.03705e-14 1.59105e-16 1
4364.5 1.04977e-14 1.59105e-16 1
4366 1.05442e-14 1.59105e-16 1
4367.5 1.0621e-14 1.59105e-16 1
4369 1.0739e-14 1.59105e-16 1
4370.5 1.09351e-14 1.59105e-16 1
4372 1.09213e-14 1.59105e-16 1
4373.5 1.09495e-14 1.59105e-16 1
4375 1.10883e-14 1.59105e-16 1
4376.5 1.12318e-14 1.59105e-16 1
4378 1.13639e-14 1.59105e-16 1
4379.5 1.15754e-14 1.59105e-16 1
4381 1.15834e-14 1.59105e-16 1
4382.5 1.15517e-14 1.59105e-16 1
4384 1.16741e-14 1.59105e-16 1
4385.5 1.16446e-14 1.59105e-16 1
4387 1.16454e-14 1.59105e-16 1
4388.5 1.16893e-14 1.59105e-16 1
4390 1.1703e-14 1.59105e-16 1
4391.5 1.18571e-14 1.59105e-16 1
4393 1.20211e-14 1.59105e-16 1
4394.5 1.21017e-14 1.59105e-16 1
4396 1.2058e-14 1.59105e-16 1
4397.5 1.20795e-14 1.59105e-16 1
4399 1.23454e-14 1.59105e-16 1
4400.5 1.24326e-14 1.61056e-16 1
4402 1.25155e-14 1.61056e-16 1
4403.5 1.24909e-14 1.61056e-16 1
4405 1.24804e-14 1.61056e-16 1
4406.5 1.25243e-14 1.61056e-16 1
4408 1.24832e-14 1.61056e-16 1
4409.5 1.24708e-14 1.61056e-16 1
4411 1.24239e-14 1.61056e-16 1
4412.5 1.24476e-14 1.61056e-16 1
4414 1.24001e-14 1.61056e-16 1
4415.5 1.23651e-14 1.61056e-16 1
4417 1.21202e-14 1.61056e-16 1
4418.5 1.22345e-14 1.61056e-16 1
4420 1.20061e-14 1.61056e-16 1
4421.5 1.1853e-14 1.61056e-16 1
4423 1.17456e-14 1.61056e-16 1
4424.5 1.15234e-14 1.61056e-16 1
4426 1.16113e-14 1.61056e-16 1
4427.5 1.15579e-14 1.61056e-16 1
4429 1.1454e-14 1.61056e-16 1
4430.5 1.13799e-14 1.61056e-16 1
4432 1.1146e-14 1.61056e-16 1
4433.5 1.11775e-14 1.61056e-16 1
4435 1.11391e-14 1.61056e-16 1
4436.5 1.11512e-14 1.61056e-16 1
4438 1.09574e-14 1.61056e-16 1
4439.5 1.0832e-14 1.61056e-16 1
4441 1.0848e-14 1.61056e-16 1
4442.5 1.07496e-14 1.61056e-16 1
4444 1.06177e-14 1.61056e-16 1
4445.5 1.04794e-14 1.61056e-16 1
4447 1.03565e-14 1.61056e-16 1
4448.5 1.03977e-14 1.61056e-16 1
4450 1.03656e-14 1.61056e-16 1
4451.5 1.02472e-14 1.61056e-16 1
4453 1.02359e-14 1.61056e-16 1
4454.5 1.03193e-14 1.61056e-16 1
4456 1.0356e-14 1.61056e-16 1
4457.5 1.04209e-14 1.61056e-16 1
4459 1.03718e-14 1.61056e-16 1
4460.5 1.04009e-14 1.61056e-16 1
4462 1.04812e-14 1.61056e-16 1
4463.5 1.05044e-14 1.61056e-16 1
4465 1.0538e-14 1.61056e-16 1
4466.5 1.05638e-14 1.61056e-16 1
4468 1.07897e-14 1.61056e-16 1
4469.5 1.08786e-14 1.61056e-16 1
4471 1.08449e-14 1.61056e-16 1
4472.5 1.07207e-14 1.61056e-16 1
4474 1.08219e-14 1.61056e-16 1
4475.5 1.08938e-14 1.61056e-16 1
4477 1.09758e-14 1.61056e-16 1
4478.5 1.12626e-14 1.61056e-16 1
4480 1.12367e-14 1.61056e-16 1
4481.5 1.14169e-14 1.61056e-16 1
4483 1.16484e-14 1.61056e-16 1
4484.5 1.15919e-14 1.61056e-16 1
4486 1.18111e-14 1.61056e-16 1
4487.5 1.17512e-14 1.61056e-16 1
4489 1.16876e-14 1.61056e-16 1
4490.5 1.1603e-14 1.61056e-16 1
4492 1.18241e-14 1.61056e-16 1
4493.5 1.17191e-14 1.61056e-16 1
4495 1.18231e-14 1.61056e-16 1
4496.5 1.19359e-14 1.61056e-16 1
4498 1.20983e-14 1.61056e-16 1
4499.5 1.20113e-14 1.61056e-16 1
4501 1.19499e-14 1.20065e-16 1
4502.5 1.19905e-14 1.20065e-16 1
4504 1.22115e-14 1.20065e-16 1
4505.5 1.2267e-14 1.20065e-16 1
4507 1.21296e-14 1.20065e-16 1
4508.5 1.21792e-14 1.20065e-16 1
4510 1.22016e-14 1.20065e-16 1
4511.5 1.21272e-14 1.20065e-16 1
4513 1.20947e-14 1.20065e-16 1
4514.5 1.23583e-14 1.20065e-16 1
4516 1.24919e-14 1.20065e-16 1
4517.5 1.23753e-14 1.20065e-16 1
4519 1.23811e-14 1.20065e-16 1
4520.5 1.24632e-14 1.20065e-16 1
4522 1.24729e-14 1.20065e-16 1
4523.5 1.24051e-14 1.20065e-16 1
4525 1.24519e-14 1.20065e-16 1
4526.5 1.23708e-14 1.20065e-16 1
4528 1.23045e-14 1.20065e-16 1
4529.5 1.23914e-14 1.20065e-16 1
4531 1.24144e-14 1.20065e-16 1
4532.5 1.23694e-14 1.20065e-16 1
4534 1.23182e-14 1.20065e-16 1
4535.5 1.23777e-14 1.20065e-16 1
4537 1.23781e-14 1.20065e-16 1
4538.5 1.23979e-14 1.20065e-16 1
4540 1.2537e-14 1.20065e-16 1
4541.5 1.25793e-14 1.20065e-16 1
4543 1.2566e-14 1.20065e-16 1
4544.5 1.23588e-14 1.20065e-16 1
4546 1.23682e-14 1.20065e-16 1
4547.5 1.22326e-14 1.20065e-16 1
4549 1.22546e-14 1.20065e-16 1
4550.5 1.22582e-14 1.20065e-16 1
4552 1.21904e-14 1.20065e-16 1
4553.5 1.21907e-14 1.20065e-16 1
4555 1.22879e-14 1.20065e-16 1
4556.5 1.22056e-14 1.20065e-16 1
4558 1.20828e-14 1.20065e-16 1
4559.5 1.21573e-14 1.20065e-16 1
4561 1.21393e-14 1.20065e-16 1
4562.5 1.20718e-14 1.20065e-16 1
4564 1.21201e-14 1.20065e-16 1
4565.5 1.21997e-14 1.20065e-16 1
4567 1.22142e-14 1.20065e-16 1
4568.5 1.21091e-14 1.20065e-16 1
4570 1.21389e-14 1.20065e-16 1
4571.5 1.21695e-14 1.20065e-16 1
4573 1.22388e-14 1.20065e-16 1
4574.5 1.2348e-14 1.20065e-16 1
4576 1.23438e-14 1.20065e-16 1
4577.5 1.24362e-14 1.20065e-16 1
4579 1.2515e-14 1.20065e-16 1
4580.5 1.24436e-14 1.20065e-16 1
4582 1.23168e-14 1.20065e-16 1
4583.5 1.22896e-14 1.20065e-16 1
4585 1.23261e-14 1.20065e-16 1
4586.5 1.23124e-14 1.20065e-16 1
4588 1.23178e-14 1.20065e-16 1
4589.5 1.23682e-14 1.20065e-16 1
4591 1.24055e-14 1.20065e-16 1
4592.5 1.24657e-14 1.20065e-16 1
4594 1.23594e-14 1.20065e-16 1
4595.5 1.22011e-14 1.20065e-16 1
4597 1.21753e-14 1.20065e-16 1
4598.5 1.2154e-14 1.20065e-16 1
4600 1.21146e-14 1.76475e-16 1
4601.5 1.21215e-14 1.76475e-16 1
4603 1.21056e-14 1.76475e-16 1
4604.5 1.20741e-14 1.76475e-16 1
4606 1.20862e-14 1.76475e-16 1
4607.5 1.20935e-14 1.76475e-16 1
4609 1.20939e-14 1.76475e-16 1
4610.5 1.21323e-14 1.76475e-16 1
4612 1.21852e-14 1.76475e-16 1
4613.5 1.22032e-14 1.76475e-16 1
4615 1.22914e-14 1.76475e-16 1
4616.5 1.22049e-14 1.76475e-16 1
4618 1.21768e-14 1.76475e-16 1
4619.5 1.22041e-14 1.76475e-16 1
4621 1.22121e-14 1.76475e-16 1
4622.5 1.21644e-14 1.76475e-16 1
4624 1.20662e-14 1.76475e-16 1
4625.5 1.21538e-14 1.76475e-16 1
4627 1.21902e-14 1.76475e-16 1
4628.5 1.21438e-14 1.76475e-16 1
4630 1.226e-14 1.76475e-16 1
4631.5 1.22425e-14 1.76475e-16 1
4633 1.23045e-14 1.76475e-16 1
4634.5 1.23132e-14 1.76475e-16 1
4636 1.23588e-14 1.76475e-16 1
4637.5 1.22979e-14 1.76475e-16 1
4639 1.23446e-14 1.76475e-16 1
4640.5 1.23203e-14 1.76475e-16 1
4642 1.22154e-14 1.76475e-16 1
4643.5 1.20743e-14 1.76475e-16 1
4645 1.21579e-14 1.76475e-16 1
4646.5 1.22989e-14 1.76475e-16 1
4648 1.24041e-14 1.76475e-16 1
4649.5 1.23569e-14 1.76475e-16 1
4651 1.23422e-14 1.76475e-16 1
4652.5 1.22618e-14 1.76475e-16 1
4654 1.22036e-14 1.76475e-16 1
4655.5 1.21944e-14 1.76475e-16 1
4657 1.22415e-14 1.76475e-16 1
4658.5 1.22051e-14 1.76475e-16 1
4660 1.19958e-14 1.76475e-16 1
4661.5 1.19019e-14 1.76475e-16 1
4663 1.19113e-14 1.76475e-16 1
4664.5 1.19592e-14 1.76475e-16 1
4666 1.19289e-14 1.76475e-16 1
4667.5 1.17764e-14 1.76475e-16 1
4669 1.17435e-14 1.76475e-16 1
4670.5 1.16551e-14 1.76475e-16 1
4672 1.15214e-14 1.76475e-16 1
4673.5 1.15457e-14 1.76475e-16 1
4675 1.14723e-14 1.76475e-16 1
4676.5 1.13999e-14 1.76475e-16 1
4678 1.11981e-14 1.76475e-16 1
4679.5 1.09218e-14 1.76475e-16 1
4681 1.08659e-14 1.76475e-16 1
4682.5 1.09517e-14 1.76475e-16 1
4684 1.08616e-14 1.76475e-16 1
4685.5 1.06824e-14 1.76475e-16 1
4687 1.06335e-14 1.76475e-16 1
4688.5 1.07252e-14 1.76475e-16 1
4690 1.0651e-14 1.76475e-16 1
4691.5 1.04938e-14 1.76475e-16 1
4693 1.05718e-14 1.76475e-16 1
4694.5 1.04028e-14 1.76475e-16 1
4696 1.03858e-14 1.76475e-16 1
4697.5 1.03479e-14 1.76475e-16 1
4699 1.03047e-14 1.76475e-16 1
4700.5 1.01947e-14 1.86564e-16 1
4702 1.00997e-14 1.86564e-16 1
4703.5 1.00562e-14 1.86564e-16 1
4705 1.01306e-14 1.86564e-16 1
4706.5 1.01485e-14 1.86564e-16 1
4708 1.01454e-14 1.86564e-16 1
4709.5 1.01372e-14 1.86564e-16 1
4711 1.00905e-14 1.86564e-16 1
4712.5 1.00418e-14 1.86564e-16 1
4714 1.01046e-14 1.86564e-16 1
4715.5 1.00299e-14 1.86564e-16 1
4717 1.00033e-14 1.86564e-16 1
4718.5 1.00256e-14 1.86564e-16 1
4720 1.00515e-14 1.86564e-16 1
4721.5 9.93395e-15 1.86564e-16 1
4723 9.98024e-15 1.86564e-16 1
4724.5 1.01332e-14 1.86564e-16 1
4726 1.00916e-14 1.86564e-16 1
4727.5 1.00148e-14 1.86564e-16 1
4729 1.00393e-14 1.86564e-16 1
4730.5 1.0097e-14 1.86564e-16 1
4732 1.00934e-14 1.86564e-16 1
4733.5 1.00742e-14 1.86564e-16 1
4735 9.99277e-15 1.86564e-16 1
4736.5 9.9432e-15 1.86564e-16 1
4738 9.93927e-15 1.86564e-16 1
4739.5 9.98781e-15 1.86564e-16 1
4741 1.00683e-14 1.86564e-16 1
4742.5 1.00434e-14 1.86564e-16 1
4744 9.98111e-15 1.86564e-16 1
4745.5 9.98996e-15 1.86564e-16 1
4747 9.9708e-15 1.86564e-16 1
4748.5 9.89767e-15 1.86564e-16 1
4750 9.89583e-15 1.86564e-16 1
4751.5 9.97735e-15 1.86564e-16 1
4753 9.86189e-15 1.86564e-16 1
4754.5 9.85814e-15 1.86564e-16 1
4756 9.93546e-15 1.86564e-16 1
4757.5 9.98076e-15 1.86564e-16 1
4759 9.83533e-15 1.86564e-16 1
4760.5 9.86591e-15 1.86564e-16 1
4762 9.82275e-15 1.86564e-16 1
4763.5 9.80534e-15 1.86564e-16 1
4765 9.85444e-15 1.86564e-16 1
4766.5 9.84082e-15 1.86564e-16 1
4768 9.9317e-15 1.86564e-16 1
4769.5 9.81046e-15 1.86564e-16 1
4771 9.91679e-15 1.86564e-16 1
4772.5 9.76631e-15 1.86564e-16 1
4774 9.62341e-15 1.86564e-16 1
4775.5 9.67175e-15 1.86564e-16 1
4777 9.73844e-15 1.86564e-16 1
4778.5 9.74086e-15 1.86564e-16 1
4780 9.66488e-15 1.86564e-16 1
4781.5 9.6926e-15 1.86564e-16 1
4783 9.73119e-15 1.86564e-16 1
4784.5 9.6915e-15 1.86564e-16 1
4786 9.60725e-15 1.86564e-16 1
4787.5 9.78945e-15 1.86564e-16 1
4789 9.87744e-15 1.86564e-16 1
4790.5 9.7794e-15 1.86564e-16 1
4792 9.76261e-15 1.86564e-16 1
4793.5 9.74478e-15 1.86564e-16 1
4795 9.7163e-15 1.86564e-16 1
4796.5 9.7827e-15 1.86564e-16 1
4798 9.84945e-15 1.86564e-16 1
4799.5 9.88991e-15 1.86564e-16 1
4801 9.88691e-15 1.49281e-16 1
4802.5 9.91758e-15 1.49281e-16 1
4804 9.89001e-15 1.49281e-16 1
4805.5 9.95128e-15 1.49281e-16 1
4807 1.00647e-14 1.49281e-16 1
4808.5 1.0081e-14 1.49281e-16 1
4810 1.00771e-14 1.49281e-16 1
4811.5 1.00525e-14 1.49281e-16 1
4813 1.00642e-14 1.49281e-16 1
4814.5 1.01059e-14 1.49281e-16 1
4816 1.004e-14 1.49281e-16 1
4817.5 1.01462e-14 1.49281e-16 1
4819 1.02865e-14 1.49281e-16 1
4820.5 1.02428e-14 1.49281e-16 1
4822 1.02787e-14 1.49281e-16 1
4823.5 1.02137e-14 1.49281e-16 1
4825 1.02504e-14 1.49281e-16 1
4826.5 1.03266e-14 1.49281e-16 1
4828 1.03401e-14 1.49281e-16 1
4829.5 1.03315e-14 1.49281e-16 1
4831 1.02055e-14 1.49281e-16 1
4832.5 1.02597e-14 1.49281e-16 1
4834 1.02958e-14 1.49281e-16 1
4835.5 1.01916e-14 1.49281e-16 1
4837 1.02203e-14 1.49281e-16 1
4838.5 1.01734e-14 1.49281e-16 1
4840 1.01183e-14 1.49281e-16 1
4841.5 1.01786e-14 1.49281e-16 1
4843 1.01142e-14 1.49281e-16 1
4844.5 1.00361e-14 1.49281e-16 1
4846 1.01514e-14 1.49281e-16 1
4847.5 1.00632e-14 1.49281e-16 1
4849 9.92699e-15 1.49281e-16 1
4850.5 1.00113e-14 1.49281e-16 1
4852 1.00254e-14 1.49281e-16 1
4853.5 9.8784e-15 1.49281e-16 1
4855 9.83977e-15 1.49281e-16 1
4856.5 9.88374e-15 1.49281e-16 1
4858 9.90026e-15 1.49281e-16 1
4859.5 9.79287e-15 1.49281e-16 1
4861 9.68472e-15 1.49281e-16 1
4862.5 9.56833e-15 1.49281e-16 1
4864 9.59035e-15 1.49281e-16 1
4865.5 9.52082e-15 1.49281e-16 1
4867 9.53416e-15 1.49281e-16 1
4868.5 9.43871e-15 1.49281e-16 1
4870 9.37407e-15 1.49281e-16 1
4871.5 9.32072e-15 1.49281e-16 1
4873 9.30682e-15 1.49281e-16 1
4874.5 9.22062e-15 1.49281e-16 1
4876 9.09722e-15 1.49281e-16 1
4877.5 9.08925e-15 1.49281e-16 1
4879 9.07278e-15 1.49281e-16 1
4880.5 9.01586e-15 1.49281e-16 1
4882 8.94293e-15 1.49281e-16 1
4883.5 8.90724e-15 1.49281e-16 1
4885 8.79236e-15 1.49281e-16 1
4886.5 8.74323e-15 1.49281e-16 1
4888 8.64309e-15 1.49281e-16 1
4889.5 8.64401e-15 1.49281e-16 1
4891 8.61799e-15 1.49281e-16 1
4892.5 8.60492e-15 1.49281e-16 1
4894 8.61207e-15 1.49281e-16 1
4895.5 8.61779e-15 1.49281e-16 1
4897 8.62528e-15 1.49281e-16 1
4898.5 8.51554e-15 1.49281e-16 1
4900 8.52721e-15 9.2778e-17 1
4901.5 8.39296e-15 9.2778e-17 1
4903 8.47279e-15 9.2778e-17 1
4904.5 8.40057e-15 9.2778e-17 1
4906 8.36682e-15 9.2778e-17 1
4907.5 8.39389e-15 9.2778e-17 1
4909 8.36507e-15 9.2778e-17 1
4910.5 8.1903e-15 9.2778e-17 1
4912 8.17597e-15 9.2778e-17 1
4913.5 8.08613e-15 9.2778e-17 1
4915 7.96414e-15 9.2778e-17 1
4916.5 8.12592e-15 9.2778e-17 1
4918 8.10217e-15 9.2778e-17 1
4919.5 8.08237e-15 9.2778e-17 1
4921 7.90408e-15 9.2778e-17 1
4922.5 7.82246e-15 9.2778e-17 1
4924 7.82089e-15 9.2778e-17 1
4925.5 7.79093e-15 9.2778e-17 1
4927 7.75339e-15 9.2778e-17 1
4928.5 7.66112e-15 9.2778e-17 1
4930 7.62954e-15 9.2778e-17 1
4931.5 7.54626e-15 9.2778e-17 1
4933 7.5236e-15 9.2778e-17 1
4934.5 7.56579e-15 9.2778e-17 1
4936 7.59041e-15 9.2778e-17 1
4937.5 7.50326e-15 9.2778e-17 1
4939 7.44364e-15 9.2778e-17 1
4940.5 7.50523e-15 9.2778e-17 1
4942 7.58897e-15 9.2778e-17 1
4943.5 7.60177e-15 9.2778e-17 1
4945 7.51775e-15 9.2778e-17 1
4946.5 7.42504e-15 9.2778e-17 1
4948 7.40146e-15 9.2778e-17 1
4949.5 7.43021e-15 9.2778e-17 1
4951 7.36573e-15 9.2778e-17 1
4952.5 7.3588e-15 9.2778e-17 1
4954 7.38726e-15 9.2778e-17 1
4955.5 7.34446e-15 9.2778e-17 1
4957 7.39568e-15 9.2778e-17 1
4958.5 7.52612e-15 9.2778e-17 1
4960 7.56306e-15 9.2778e-17 1
4961.5 7.49973e-15 9.2778e-17 1
4963 7.48098e-15 9.2778e-17 1
4964.5 7.45811e-15 9.2778e-17 1
4966 7.48887e-15 9.2778e-17 1
4967.5 7.44737e-15 9.2778e-17 1
4969 7.31564e-15 9.2778e-17 1
4970.5 7.3679e-15 9.2778e-17 1
4972 7.41953e-15 9.2778e-17 1
4973.5 7.29105e-15 9.2778e-17 1
4975 7.27214e-15 9.2778e-17 1
4976.5 7.3167e-15 9.2778e-17 1
4978 7.24402e-15 9.2778e-17 1
4979.5 7.22584e-15 9.2778e-17 1
4981 7.13833e-15 9.2778e-17 1
4982.5 7.14719e-15 9.2778e-17 1
4984 7.13848e-15 9.2778e-17 1
4985.5 7.09984e-15 9.2778e-17 1
4987 7.03451e-15 9.2778e-17 1
4988.5 7.05702e-15 9.2778e-17 1
4990 7.02946e-15 9.2778e-17 1
4991.5 7.07933e-15 9.2778e-17 1
4993 7.09857e-15 9.2778e-17 1
4994.5 6.95505e-15 9.2778e-17 1
4996 7.01096e-15 9.2778e-17 1
4997.5 6.98881e-15 9.2778e-17 1
4999 6.97253e-15 9.2778e-17 1
5000.5 6.9937e-15 1.28349e-16 1
5002 6.96222e-15 1.28349e-16 1
5003.5 6.94623e-15 1.28349e-16 1
5005 6.94452e-15 1.28349e-16 1
5006.5 6.95166e-15 1.28349e-16 1
5008 6.93469e-15 1.28349e-16 1
5009.5 6.90438e-15 1.28349e-16 1
5011 6.90324e-15 1.28349e-16 1
5012.5 6.94184e-15 1.28349e-16 1
5014 6.97271e-15 1.28349e-16 1
5015.5 6.93433e-15 1.28349e-16 1
5017 6.908e-15 1.28349e-16 1
5018.5 6.89429e-15 1.28349e-16 1
5020 6.92236e-15 1.28349e-16 1
5021.5 6.97692e-15 1.28349e-16 1
5023 6.9353e-15 1.28349e-16 1
5024.5 7.00885e-15 1.28349e-16 1
5026 7.09477e-15 1.28349e-16 1
5027.5 7.15058e-15 1.28349e-16 1
5029 7.24368e-15 1.28349e-16 1
5030.5 7.3165e-15 1.28349e-16 1
5032 7.37937e-15 1.28349e-16 1
5033.5 7.29317e-15 1.28349e-16 1
5035 7.34292e-15 1.28349e-16 1
5036.5 7.50538e-15 1.28349e-16 1
5038 7.54195e-15 1.28349e-16 1
5039.5 7.58671e-15 1.28349e-16 1
5041 7.61526e-15 1.28349e-16 1
5042.5 7.66431e-15 1.28349e-16 1
5044 7.73128e-15 1.28349e-16 1
5045.5 7.74595e-15 1.28349e-16 1
5047 7.71941e-15 1.28349e-16 1
5048.5 7.7505e-15 1.28349e-16 1
5050 7.83334e-15 1.28349e-16 1
5051.5 7.83882e-15 1.28349e-16 1
5053 7.78023e-15 1.28349e-16 1
5054.5 7.86273e-15 1.28349e-16 1
5056 7.87156e-15 1.28349e-16 1
5057.5 7.92641e-15 1.28349e-16 1
5059 7.97828e-15 1.28349e-16 1
5060.5 8.04027e-15 1.28349e-16 1
5062 8.04387e-15 1.28349e-16 1
5063.5 8.17e-15 1.28349e-16 1
5065 8.21614e-15 1.28349e-16 1
5066.5 8.2389e-15 1.28349e-16 1
5068 8.22037e-15 1.28349e-16 1
5069.5 8.16842e-15 1.28349e-16 1
5071 8.2381e-15 1.28349e-16 1
5072.5 8.30969e-15 1.28349e-16 1
5074 8.25391e-15 1.28349e-16 1
5075.5 8.22529e-15 1.28349e-16 1
5077 8.32988e-15 1.28349e-16 1
5078.5 8.42007e-15 1.28349e-16 1
5080 8.45805e-15 1.28349e-16 1
5081.5 8.38401e-15 1.28349e-16 1
5083 8.38293e-15 1.28349e-16 1
5084.5 8.45004e-15 1.28349e-16 1
5086 8.45802e-15 1.28349e-16 1
5087.5 8.40442e-15 1.28349e-16 1
5089 8.41921e-15 1.28349e-16 1
5090.5 8.51639e-15 1.28349e-16 1
5092 8.59669e-15 1.28349e-16 1
5093.5 8.62543e-15 1.28349e-16 1
5095 8.6475e-15 1.28349e-16 1
5096.5 8.72895e-15 1.28349e-16 1
5098 8.79918e-15 1.28349e-16 1
5099.5 8.87295e-15 1.28349e-16 1
5101 8.94131e-15 9.77392e-17 1
5102.5 8.85085e-15 9.77392e-17 1
5104 8.80655e-15 9.77392e-17 1
5105.5 8.99614e-15 9.77392e-17 1
5107 9.01935e-15 9.77392e-17 1
5108.5 8.91196e-15 9.77392e-17 1
5110 9.00056e-15 9.77392e-17 1
5111.5 9.11106e-15 9.77392e-17 1
5113 9.13057e-15 9.77392e-17 1
5114.5 9.04462e-15 9.77392e-17 1
5116 9.03072e-15 9.77392e-17 1
5117.5 9.11878e-15 9.77392e-17 1
5119 9.20898e-15 9.77392e-17 1
5120.5 9.24479e-15 9.77392e-17 1
5122 9.28726e-15 9.77392e-17 1
5123.5 9.42273e-15 9.77392e-17 1
5125 9.4727e-15 9.77392e-17 1
5126.5 9.47754e-15 9.77392e-17 1
5128 9.4202e-15 9.77392e-17 1
5129.5 9.41074e-15 9.77392e-17 1
5131 9.5382e-15 9.77392e-17 1
5132.5 9.61821e-15 9.77392e-17 1
5134 9.52554e-15 9.77392e-17 1
5135.5 9.65147e-15 9.77392e-17 1
5137 9.72904e-15 9.77392e-17 1
5138.5 9.67139e-15 9.77392e-17 1
5140 9.69112e-15 9.77392e-17 1
5141.5 9.64441e-15 9.77392e-17 1
5143 9.6752e-15 9.77392e-17 1
5144.5 9.74169e-15 9.77392e-17 1
5146 9.70885e-15 9.77392e-17 1
5147.5 9.59834e-15 9.77392e-17 1
5149 9.55535e-15 9.77392e-17 1
5150.5 9.61055e-15 9.77392e-17 1
5152 9.67979e-15 9.77392e-17 1
5153.5 9.75588e-15 9.77392e-17 1
5155 9.77039e-15 9.77392e-17 1
5156.5 9.65354e-15 9.77392e-17 1
5158 9.6309e-15 9.77392e-17 1
5159.5 9.63817e-15 9.77392e-17 1
5161 9.64201e-15 9.77392e-17 1
5162.5 9.68788e-15 9.77392e-17 1
5164 9.64421e-15 9.77392e-17 1
5165.5 9.63657e-15 9.77392e-17 1
5167 9.66406e-15 9.77392e-17 1
5168.5 9.68424e-15 9.77392e-17 1
5170 9.73404e-15 9.77392e-17 1
5171.5 9.67426e-15 9.77392e-17 1
5173 9.7058e-15 9.77392e-17 1
5174.5 9.72809e-15 9.77392e-17 1
5176 9.66223e-15 9.77392e-17 1
5177.5 9.62852e-15 9.77392e-17 1
5179 9.70421e-15 9.77392e-17 1
5180.5 9.6941e-15 9.77392e-17 1
5182 9.64149e-15 9.77392e-17 1
5183.5 9.61772e-15 9.77392e-17 1
5185 9.68222e-15 9.77392e-17 1
5186.5 9.6539e-15 9.77392e-17 1
5188 9.69544e-15 9.77392e-17 1
5189.5 9.7672e-15 9.77392e-17 1
5191 9.6227e-15 9.77392e-17 1
5192.5 9.62366e-15 9.77392e-17 1
5194 9.7547e-15 9.77392e-17 1
5195.5 9.79555e-15 9.77392e-17 1
5197 9.70608e-15 9.77392e-17 1
5198.5 9.78738e-15 9.77392e-17 1
5200 9.87408e-15 9.73187e-17 1
5201.5 9.83944e-15 9.73187e-17 1
5203 9.73269e-15 9.73187e-17 1
5204.5 9.67862e-15 9.73187e-17 1
5206 9.70321e-15 9.73187e-17 1
5207.5 9.75407e-15 9.73187e-17 1
5209 9.84377e-15 9.73187e-17 1
5210.5 9.79418e-15 9.73187e-17 1
5212 9.76747e-15 9.73187e-17 1
5213.5 9.76825e-15 9.73187e-17 1
5215 9.77274e-15 9.73187e-17 1
5216.5 9.7234e-15 9.73187e-17 1
5218 9.65631e-15 9.73187e-17 1
5219.5 9.70391e-15 9.73187e-17 1
5221 9.75699e-15 9.73187e-17 1
5222.5 9.79262e-15 9.73187e-17 1
5224 9.76943e-15 9.73187e-17 1
5225.5 9.79541e-15 9.73187e-17 1
5227 9.71931e-15 9.73187e-17 1
5228.5 9.62739e-15 9.73187e-17 1
5230 9.68831e-15 9.73187e-17 1
5231.5 9.80085e-15 9.73187e-17 1
5233 9.77894e-15 9.73187e-17 1
5234.5 9.64582e-15 9.73187e-17 1
5236 9.57474e-15 9.73187e-17 1
5237.5 9.6917e-15 9.73187e-17 1
5239 9.78127e-15 9.73187e-17 1
5240.5 9.64999e-15 9.73187e-17 1
5242 9.5958e-15 9.73187e-17 1
5243.5 9.63689e-15 9.73187e-17 1
5245 9.61829e-15 9.73187e-17 1
5246.5 9.57494e-15 9.73187e-17 1
5248 9.51802e-15 9.73187e-17 1
5249.5 9.51381e-15 9.73187e-17 1
5251 9.50707e-15 9.73187e-17 1
5252.5 9.4098e-15 9.73187e-17 1
5254 9.38242e-15 9.73187e-17 1
5255.5 9.37519e-15 9.73187e-17 1
5257 9.37779e-15 9.73187e-17 1
5258.5 9.22007e-15 9.73187e-17 1
5260 9.23691e-15 9.73187e-17 1
5261.5 9.21681e-15 9.73187e-17 1
5263 9.2364e-15 9.73187e-17 1
5264.5 9.33584e-15 9.73187e-17 1
5266 9.20728e-15 9.73187e-17 1
5267.5 9.03583e-15 9.73187e-17 1
5269 9.02065e-15 9.73187e-17 1
5270.5 9.04795e-15 9.73187e-17 1
5272 8.96026e-15 9.73187e-17 1
5273.5 8.89364e-15 9.73187e-17 1
5275 8.93446e-15 9.73187e-17 1
5276.5 8.86362e-15 9.73187e-17 1
5278 8.72281e-15 9.73187e-17 1
5279.5 8.67127e-15 9.73187e-17 1
5281 8.69586e-15 9.73187e-17 1
5282.5 8.6172e-15 9.73187e-17 1
5284 8.52052e-15 9.73187e-17 1
5285.5 8.54263e-15 9.73187e-17 1
5287 8.50687e-15 9.73187e-17 1
5288.5 8.42621e-15 9.73187e-17 1
5290 8.37163e-15 9.73187e-17 1
5291.5 8.25343e-15 9.73187e-17 1
5293 8.15892e-15 9.73187e-17 1
5294.5 8.19717e-15 9.73187e-17 1
5296 8.21788e-15 9.73187e-17 1
5297.5 8.21555e-15 9.73187e-17 1
5299 8.19167e-15 9.73187e-17 1
5300.5 8.08265e-15 7.91871e-17 1
5302 8.01352e-15 7.91871e-17 1
5303.5 7.9983e-15 7.91871e-17 1
5305 8.01009e-15 7.91871e-17 1
5306.5 7.98355e-15 7.91871e-17 1
5308 7.98986e-15 7.91871e-17 1
5309.5 7.95121e-15 7.91871e-17 1
5311 7.93107e-15 7.91871e-17 1
5312.5 7.91156e-15 7.91871e-17 1
5314 7.91089e-15 7.91871e-17 1
5315.5 7.92638e-15 7.91871e-17 1
5317 7.91611e-15 7.91871e-17 1
5318.5 7.88859e-15 7.91871e-17 1
5320 7.85454e-15 7.91871e-17 1
5321.5 7.82541e-15 7.91871e-17 1
5323 7.79157e-15 7.91871e-17 1
5324.5 7.82632e-15 7.91871e-17 1
5326 7.82253e-15 7.91871e-17 1
5327.5 7.84244e-15 7.91871e-17 1
5329 7.81462e-15 7.91871e-17 1
5330.5 7.78242e-15 7.91871e-17 1
5332 7.76475e-15 7.91871e-17 1
5333.5 7.70634e-15 7.91871e-17 1
5335 7.74075e-15 7.91871e-17 1
5336.5 7.74062e-15 7.91871e-17 1
5338 7.7225e-15 7.91871e-17 1
5339.5 7.65742e-15 7.91871e-17 1
5341 7.63503e-15 7.91871e-17 1
5342.5 7.75356e-15 7.91871e-17 1
5344 7.71408e-15 7.91871e-17 1
5345.5 7.81523e-15 7.91871e-17 1
5347 7.80226e-15 7.91871e-17 1
5348.5 7.59252e-15 7.91871e-17 1
5350 7.65698e-15 7.91871e-17 1
5351.5 7.67603e-15 7.91871e-17 1
5353 7.6667e-15 7.91871e-17 1
5354.5 7.67105e-15 7.91871e-17 1
5356 7.71762e-15 7.91871e-17 1
5357.5 7.72143e-15 7.91871e-17 1
5359 7.75357e-15 7.91871e-17 1
5360.5 7.66748e-15 7.91871e-17 1
5362 7.69739e-15 7.91871e-17 1
5363.5 7.76653e-15 7.91871e-17 1
5365 7.76666e-15 7.91871e-17 1
5366.5 7.75521e-15 7.91871e-17 1
5368 7.76368e-15 7.91871e-17 1
5369.5 7.80511e-15 7.91871e-17 1
5371 7.85285e-15 7.91871e-17 1
5372.5 7.91161e-15 7.91871e-17 1
5374 7.90947e-15 7.91871e-17 1
5375.5 7.82528e-15 7.91871e-17 1
5377 7.81948e-15 7.91871e-17 1
5378.5 7.87252e-15 7.91871e-17 1
5380 7.89052e-15 7.91871e-17 1
5381.5 7.88049e-15 7.91871e-17 1
5383 7.84394e-15 7.91871e-17 1
5384.5 7.79194e-15 7.91871e-17 1
5386 7.79734e-15 7.91871e-17 1
5387.5 7.83241e-15 7.91871e-17 1
5389 7.81779e-15 7.91871e-17 1
5390.5 7.78324e-15 7.91871e-17 1
5392 7.83966e-15 7.91871e-17 1
5393.5 7.80977e-15 7.91871e-17 1
5395 7.77961e-15 7.91871e-17 1
5396.5 7.85638e-15 7.91871e-17 1
5398 7.8459e-15 7.91871e-17 1
5399.5 7.7353e-15 7.91871e-17 1
5401 7.67095e-15 8.28584e-17 1
5402.5 7.68483e-15 8.28584e-17 1
5404 7.71587e-15 8.28584e-17 1
5405.5 7.78423e-15 8.28584e-17 1
5407 7.73953e-15 8.28584e-17 1
5408.5 7.72254e-15 8.28584e-17 1
5410 7.76651e-15 8.28584e-17 1
5411.5 7.73061e-15 8.28584e-17 1
5413 7.69375e-15 8.28584e-17 1
5414.5 7.66126e-15 8.28584e-17 1
5416 7.70348e-15 8.28584e-17 1
5417.5 7.76665e-15 8.28584e-17 1
5419 7.70254e-15 8.28584e-17 1
5420.5 7.79756e-15 8.28584e-17 1
5422 7.77501e-15 8.28584e-17 1
5423.5 7.75346e-15 8.28584e-17 1
5425 7.71979e-15 8.28584e-17 1
5426.5 7.7143e-15 8.28584e-17 1
5428 7.69225e-15 8.28584e-17 1
5429.5 7.64512e-15 8.28584e-17 1
5431 7.66176e-15 8.28584e-17 1
5432.5 7.74227e-15 8.28584e-17 1
5434 7.75975e-15 8.28584e-17 1
5435.5 7.62679e-15 8.28584e-17 1
5437 7.66135e-15 8.28584e-17 1
5438.5 7.67022e-15 8.28584e-17 1
5440 7.68901e-15 8.28584e-17 1
5441.5 7.6951e-15 8.28584e-17 1
5443 7.70217e-15 8.28584e-17 1
5444.5 7.74111e-15 8.28584e-17 1
5446 7.68733e-15 8.28584e-17 1
5447.5 7.65816e-15 8.28584e-17 1
5449 7.6472e-15 8.28584e-17 1
5450.5 7.64238e-15 8.28584e-17 1
5452 7.64205e-15 8.28584e-17 1
5453.5 7.56498e-15 8.28584e-17 1
5455 7.59324e-15 8.28584e-17 1
5456.5 7.58546e-15 8.28584e-17 1
5458 7.54712e-15 8.28584e-17 1
5459.5 7.53451e-15 8.28584e-17 1
5461 7.54706e-15 8.28584e-17 1
5462.5 7.5199e-15 8.28584e-17 1
5464 7.53052e-15 8.28584e-17 1
5465.5 7.47409e-15 8.28584e-17 1
5467 7.4788e-15 8.28584e-17 1
5468.5 7.51051e-15 8.28584e-17 1
5470 7.44285e-15 8.28584e-17 1
5471.5 7.45402e-15 8.28584e-17 1
5473 7.45668e-15 8.28584e-17 1
5474.5 7.49655e-15 8.28584e-17 1
5476 7.39292e-15 8.28584e-17 1
5477.5 7.34726e-15 8.28584e-17 1
5479 7.39094e-15 8.28584e-17 1
5480.5 7.28169e-15 8.28584e-17 1
5482 7.22757e-15 8.28584e-17 1
5483.5 7.25156e-15 8.28584e-17 1
5485 7.28255e-15 8.28584e-17 1
5486.5 7.3214e-15 8.28584e-17 1
5488 7.20895e-15 8.28584e-17 1
5489.5 7.23275e-15 8.28584e-17 1
5491 7.13682e-15 8.28584e-17 1
5492.5 7.22509e-15 8.28584e-17 1
5494 7.23026e-15 8.28584e-17 1
5495.5 7.20321e-15 8.28584e-17 1
5497 7.20178e-15 8.28584e-17 1
5498.5 7.24981e-15 8.28584e-17 1
5500 7.29233e-15 1.16621e-16 1
5501.5 7.31603e-15 1.16621e-16 1
5503 7.31023e-15 1.16621e-16 1
5504.5 7.23324e-15 1.16621e-16 1
5506 7.27751e-15 1.16621e-16 1
5507.5 7.37005e-15 1.16621e-16 1
5509 7.39924e-15 1.16621e-16 1
5510.5 7.40182e-15 1.16621e-16 1
5512 7.40432e-15 1.16621e-16 1
5513.5 7.37694e-15 1.16621e-16 1
5515 7.35453e-15 1.16621e-16 1
5516.5 7.40842e-15 1.16621e-16 1
5518 7.45606e-15 1.16621e-16 1
5519.5 7.45805e-15 1.16621e-16 1
5521 7.35805e-15 1.16621e-16 1
5522.5 7.33219e-15 1.16621e-16 1
5524 7.41633e-15 1.16621e-16 1
5525.5 7.47158e-15 1.16621e-16 1
5527 7.40464e-15 1.16621e-16 1
5528.5 7.46654e-15 1.16621e-16 1
5530 7.46538e-15 1.16621e-16 1
5531.5 7.43188e-15 1.16621e-16 1
5533 7.53257e-15 1.16621e-16 1
5534.5 7.49976e-15 1.16621e-16 1
5536 7.44771e-15 1.16621e-16 1
5537.5 7.41826e-15 1.16621e-16 1
5539 7.45382e-15 1.16621e-16 1
5540.5 7.50003e-15 1.16621e-16 1
5542 7.46629e-15 1.16621e-16 1
5543.5 7.38993e-15 1.16621e-16 1
5545 7.40694e-15 1.16621e-16 1
5546.5 7.49734e-15 1.16621e-16 1
5548 7.39736e-15 1.16621e-16 1
5549.5 7.40654e-15 1.16621e-16 1
5551 7.51947e-15 1.16621e-16 1
5552.5 7.57643e-15 1.16621e-16 1
5554 7.56714e-15 1.16621e-16 1
5555.5 7.54579e-15 1.16621e-16 1
5557 7.53335e-15 1.16621e-16 1
5559 7.3777e-15 1.16621e-16 1
5560.5 7.34049e-15 1.16621e-16 1
5562 7.33968e-15 1.16621e-16 1
5563.5 7.33596e-15 1.16621e-16 1
5565 7.31701e-15 1.16621e-16 1
5566.5 7.2507e-15 1.16621e-16 1
5568 7.18719e-15 1.16621e-16 1
5569.5 7.23543e-15 1.16621e-16 1
5571 7.1282e-15 1.16621e-16 1
5572.5 7.02032e-15 1.16621e-16 1
5574 7.04733e-15 1.16621e-16 1
5575.5 7.14787e-15 1.16621e-16 1
5577 7.10379e-15 1.16621e-16 1
5578.5 6.92871e-15 1.16621e-16 1
5580 6.72928e-15 1.16621e-16 1
5581.5 6.72211e-15 1.16621e-16 1
5583 6.81389e-15 1.16621e-16 1
5584.5 6.65241e-15 1.16621e-16 1
5586 6.70489e-15 1.16621e-16 1
5587.5 6.6884e-15 1.16621e-16 1
5589 6.62359e-15 1.16621e-16 1
5590.5 6.64113e-15 1.16621e-16 1
5592 6.60155e-15 1.16621e-16 1
5593.5 6.65503e-15 1.16621e-16 1
5595 6.65638e-15 1.16621e-16 1
5596.5 6.66815e-15 1.16621e-16 1
5598 6.69277e-15 1.16621e-16 1
5599.5 6.65077e-15 1.16621e-16 1
5601 6.56564e-15 9.4493e-17 1
5602.5 6.54589e-15 9.4493e-17 1
5604 6.63335e-15 9.4493e-17 1
5605.5 6.66087e-15 9.4493e-17 1
5607 6.68185e-15 9.4493e-17 1
5608.5 6.68207e-15 9.4493e-17 1
5610 6.74033e-15 9.4493e-17 1
5611.5 6.86805e-15 9.4493e-17 1
5613 6.89367e-15 9.4493e-17 1
5614.5 6.79994e-15 9.4493e-17 1
5616 6.73282e-15 9.4493e-17 1
5617.5 6.83766e-15 9.4493e-17 1
5619 6.83599e-15 9.4493e-17 1
5620.5 6.85642e-15 9.4493e-17 1
5622 6.89836e-15 9.4493e-17 1
5623.5 6.92093e-15 9.4493e-17 1
5625 6.92928e-15 9.4493e-17 1
5626.5 6.98025e-15 9.4493e-17 1
5628 6.98022e-15 9.4493e-17 1
5629.5 7.01353e-15 9.4493e-17 1
5631 7.1302e-15 9.4493e-17 1
5632.5 7.09474e-15 9.4493e-17 1
5634 7.14197e-15 9.4493e-17 1
5635.5 7.17149e-15 9.4493e-17 1
5637 7.0093e-15 9.4493e-17 1
5638.5 7.08732e-15 9.4493e-17 1
5640 7.10114e-15 9.4493e-17 1
5641.5 7.10232e-15 9.4493e-17 1
5643 7.00201e-15 9.4493e-17 1
5644.5 6.87359e-15 9.4493e-17 1
5646 6.95566e-15 9.4493e-17 1
5647.5 6.93537e-15 9.4493e-17 1
5649 6.88078e-15 9.4493e-17 1
5650.5 7.05994e-15 9.4493e-17 1
5652 7.06237e-15 9.4493e-17 1
5653.5 6.99168e-15 9.4493e-17 1
5655 6.96051e-15 9.4493e-17 1
5656.5 6.90945e-15 9.4493e-17 1
5658 6.91568e-15 9.4493e-17 1
5659.5 6.95198e-15 9.4493e-17 1
5661 6.89858e-15 9.4493e-17 1
5662.5 6.99781e-15 9.4493e-17 1
5664 7.10255e-15 9.4493e-17 1
5665.5 7.14834e-15 9.4493e-17 1
5667 7.12076e-15 9.4493e-17 1
5668.5 7.10976e-15 9.4493e-17 1
5670 7.04333e-15 9.4493e-17 1
5671.5 7.02816e-15 9.4493e-17 1
5673 7.07086e-15 9.4493e-17 1
5674.5 7.13961e-15 9.4493e-17 1
5676 7.12992e-15 9.4493e-17 1
5677.5 6.98822e-15 9.4493e-17 1
5679 7.02829e-15 9.4493e-17 1
5680.5 7.11819e-15 9.4493e-17 1
5682 7.07754e-15 9.4493e-17 1
5683.5 7.09602e-15 9.4493e-17 1
5685 7.1023e-15 9.4493e-17 1
5686.5 7.09905e-15 9.4493e-17 1
5688 7.11046e-15 9.4493e-17 1
5689.5 7.03856e-15 9.4493e-17 1
5691 7.00764e-15 9.4493e-17 1
5692.5 7.01236e-15 9.4493e-17 1
5694 7.08884e-15 9.4493e-17 1
5695.5 7.0975e-15 9.4493e-17 1
5697 6.97789e-15 9.4493e-17 1
5698.5 7.03035e-15 9.4493e-17 1
5700 7.02559e-15 7.92616e-17 1
5701.5 7.10159e-15 7.92616e-17 1
5703 7.20395e-15 7.92616e-17 1
5704.5 7.15507e-15 7.92616e-17 1
5706 7.18116e-15 7.92616e-17 1
5707.5 7.11914e-15 7.92616e-17 1
5709 7.19326e-15 7.92616e-17 1
5710.5 7.14356e-15 7.92616e-17 1
5712 7.13357e-15 7.92616e-17 1
5713.5 7.32676e-15 7.92616e-17 1
5715 7.21301e-15 7.92616e-17 1
5716.5 7.16313e-15 7.92616e-17 1
5718 7.1876e-15 7.92616e-17 1
5719.5 7.05685e-15 7.92616e-17 1
5721 7.0109e-15 7.92616e-17 1
5722.5 7.07229e-15 7.92616e-17 1
5724 7.1345e-15 7.92616e-17 1
5725.5 6.96985e-15 7.92616e-17 1
5727 7.01901e-15 7.92616e-17 1
5728.5 7.09412e-15 7.92616e-17 1
5730 6.98061e-15 7.92616e-17 1
5731.5 7.00891e-15 7.92616e-17 1
5733 7.13032e-15 7.92616e-17 1
5734.5 7.1448e-15 7.92616e-17 1
5736 7.06541e-15 7.92616e-17 1
5737.5 7.09097e-15 7.92616e-17 1
5739 6.96271e-15 7.92616e-17 1
5740.5 6.94576e-15 7.92616e-17 1
5742 7.00184e-15 7.92616e-17 1
5743.5 6.93142e-15 7.92616e-17 1
5745 6.95012e-15 7.92616e-17 1
5746.5 6.96709e-15 7.92616e-17 1
5748 7.00758e-15 7.92616e-17 1
5749.5 7.00516e-15 7.92616e-17 1
5751 6.90291e-15 7.92616e-17 1
5752.5 6.92474e-15 7.92616e-17 1
5754 6.91309e-15 7.92616e-17 1
5755.5 6.86131e-15 7.92616e-17 1
5757 6.85946e-15 7.92616e-17 1
5758.5 6.87059e-15 7.92616e-17 1
5760 6.87185e-15 7.92616e-17 1
5761.5 6.86773e-15 7.92616e-17 1
5763 6.72888e-15 7.92616e-17 1
5764.5 6.90324e-15 7.92616e-17 1
5766 7.04425e-15 7.92616e-17 1
5767.5 6.87857e-15 7.92616e-17 1
5769 6.90814e-15 7.92616e-17 1
5770.5 6.81251e-15 7.92616e-17 1
5772 6.78498e-15 7.92616e-17 1
5773.5 6.91995e-15 7.92616e-17 1
5775 6.84337e-15 7.92616e-17 1
5776.5 6.74121e-15 7.92616e-17 1
5778 6.81606e-15 7.92616e-17 1
5779.5 6.88455e-15 7.92616e-17 1
5781 6.82198e-15 7.92616e-17 1
5782.5 6.74576e-15 7.92616e-17 1
5784 6.78445e-15 7.92616e-17 1
5785.5 6.74945e-15 7.92616e-17 1
5787 6.82021e-15 7.92616e-17 1
5788.5 6.97581e-15 7.92616e-17 1
5790 6.84503e-15 7.92616e-17 1
5791.5 6.9517e-15 7.92616e-17 1
5793 6.86158e-15 7.92616e-17 1
5794.5 6.7417e-15 7.92616e-17 1
5796 6.79472e-15 7.92616e-17 1
5797.5 6.81579e-15 7.92616e-17 1
5799 6.83252e-15 7.92616e-17 1
5800.5 6.92927e-15 1.25081e-16 1
5802 6.82028e-15 1.25081e-16 1
5803.5 6.73165e-15 1.25081e-16 1
5805 6.72984e-15 1.25081e-16 1
5806.5 6.77193e-15 1.25081e-16 1
5808 6.82479e-15 1.25081e-16 1
5809.5 6.79097e-15 1.25081e-16 1
5811 6.81724e-15 1.25081e-16 1
5812.5 6.95467e-15 1.25081e-16 1
5814 6.93026e-15 1.25081e-16 1
5815.5 6.83836e-15 1.25081e-16 1
5817 6.77038e-15 1.25081e-16 1
5818.5 6.74907e-15 1.25081e-16 1
5820 6.86801e-15 1.25081e-16 1
5821.5 6.95091e-15 1.25081e-16 1
5823 6.95788e-15 1.25081e-16 1
5824.5 6.94292e-15 1.25081e-16 1
5826 6.9274e-15 1.25081e-16 1
5827.5 6.91233e-15 1.25081e-16 1
5829 6.81856e-15 1.25081e-16 1
5830.5 6.81201e-15 1.25081e-16 1
5832 6.9389e-15 1.25081e-16 1
5833.5 6.91398e-15 1.25081e-16 1
5835 6.87569e-15 1.25081e-16 1
5836.5 6.885e-15 1.25081e-16 1
5838 6.91131e-15 1.25081e-16 1
5839.5 6.99475e-15 1.25081e-16 1
5841 6.9472e-15 1.25081e-16 1
5842.5 6.86893e-15 1.25081e-16 1
5844 6.76176e-15 1.25081e-16 1
5845.5 6.76059e-15 1.25081e-16 1
5847 6.82543e-15 1.25081e-16 1
5848.5 6.75087e-15 1.25081e-16 1
5850 6.81957e-15 1.25081e-16 1
5851.5 6.8788e-15 1.25081e-16 1
5853 6.75734e-15 1.25081e-16 1
5854.5 6.72921e-15 1.25081e-16 1
5856 6.8698e-15 1.25081e-16 1
5857.5 6.90576e-15 1.25081e-16 1
5859 6.8691e-15 1.25081e-16 1
5860.5 6.73185e-15 1.25081e-16 1
5862 6.73783e-15 1.25081e-16 1
5863.5 6.82436e-15 1.25081e-16 1
5865 6.67917e-15 1.25081e-16 1
5866.5 6.7362e-15 1.25081e-16 1
5868 6.89826e-15 1.25081e-16 1
5869.5 6.80181e-15 1.25081e-16 1
5871 6.68436e-15 1.25081e-16 1
5872.5 6.77635e-15 1.25081e-16 1
5874 6.75734e-15 1.25081e-16 1
5875.5 6.73268e-15 1.25081e-16 1
5877 6.71436e-15 1.25081e-16 1
5878.5 6.6416e-15 1.25081e-16 1
5880 6.62864e-15 1.25081e-16 1
5881.5 6.76148e-15 1.25081e-16 1
5883 6.70767e-15 1.25081e-16 1
5884.5 6.71166e-15 1.25081e-16 1
5886 6.67587e-15 1.25081e-16 1
5887.5 6.57617e-15 1.25081e-16 1
5889 6.47427e-15 1.25081e-16 1
5890.5 6.41861e-15 1.25081e-16 1
5892 6.39135e-15 1.25081e-16 1
5893.5 6.41853e-15 1.25081e-16 1
5895 6.48072e-15 1.25081e-16 1
5896.5 6.44972e-15 1.25081e-16 1
5898 6.49339e-15 1.25081e-16 1
5899.5 6.65313e-15 1.25081e-16 1
5901 6.7737e-15 2.68921e-16 1
5902.5 6.82406e-15 2.68921e-16 1
5904 6.83016e-15 2.68921e-16 1
5905.5 6.74839e-15 2.68921e-16 1
5907 6.6798e-15 2.68921e-16 1
5908.5 6.80116e-15 2.68921e-16 1
5910 6.89724e-15 2.68921e-16 1
5911.5 6.88459e-15 2.68921e-16 1
5913 6.84522e-15 2.68921e-16 1
5914.5 6.94267e-15 2.68921e-16 1
5916 6.78693e-15 2.68921e-16 1
5917.5 6.7746e-15 2.68921e-16 1
5919 6.81395e-15 2.68921e-16 1
5920.5 6.82112e-15 2.68921e-16 1
5922 6.70365e-15 2.68921e-16 1
5923.5 6.75663e-15 2.68921e-16 1
5925 6.78129e-15 2.68921e-16 1
5926.5 6.78532e-15 2.68921e-16 1
5928 6.80245e-15 2.68921e-16 1
5929.5 6.79157e-15 2.68921e-16 1
5931 6.79783e-15 2.68921e-16 1
5932.5 6.69146e-15 2.68921e-16 1
5934 6.73664e-15 2.68921e-16 1
5935.5 6.75694e-15 2.68921e-16 1
5937 6.74255e-15 2.68921e-16 1
5938.5 6.79554e-15 2.68921e-16 1
5940 6.63562e-15 2.68921e-16 1
5941.5 6.66191e-15 2.68921e-16 1
5943 6.83863e-15 2.68921e-16 1
5944.5 6.68659e-15 2.68921e-16 1
5946 6.60764e-15 2.68921e-16 1
5947.5 6.41493e-15 2.68921e-16 1
5949 6.07436e-15 2.68921e-16 1
5950.5 5.84211e-15 2.68921e-16 1
5952 5.69148e-15 2.68921e-16 1
5953.5 5.80064e-15 2.68921e-16 1
5955 5.87534e-15 2.68921e-16 1
5956.5 5.82978e-15 2.68921e-16 1
5958 5.78887e-15 2.68921e-16 1
5959.5 5.94437e-15 2.68921e-16 1
5961 6.24654e-15 2.68921e-16 1
5962.5 6.45555e-15 2.68921e-16 1
5964 6.55549e-15 2.68921e-16 1
5965.5 6.54558e-15 2.68921e-16 1
5967 6.58899e-15 2.68921e-16 1
5968.5 6.65374e-15 2.68921e-16 1
5970 6.64112e-15 2.68921e-16 1
5971.5 6.69224e-15 2.68921e-16 1
5973 6.66723e-15 2.68921e-16 1
5974.5 6.5656e-15 2.68921e-16 1
5976 6.64061e-15 2.68921e-16 1
5977.5 6.66302e-15 2.68921e-16 1
5979 6.68746e-15 2.68921e-16 1
5980.5 6.61441e-15 2.68921e-16 1
5982 6.6137e-15 2.68921e-16 1
5983.5 6.65133e-15 2.68921e-16 1
5985 6.65984e-15 2.68921e-16 1
5986.5 6.54683e-15 2.68921e-16 1
5988 6.62677e-15 2.68921e-16 1
5989.5 6.59732e-15 2.68921e-16 1
5991 6.35595e-15 2.68921e-16 1
5992.5 6.37208e-15 2.68921e-16 1
5994 6.51057e-15 2.68921e-16 1
5995.5 6.61288e-15 2.68921e-16 1
5997 6.62495e-15 2.68921e-16 1
5998.5 6.42652e-15 2.68921e-16 1
6000 6.41408e-15 7.91871e-17 1
6001.5 6.53946e-15 7.91871e-17 1
6003 6.60948e-15 7.91871e-17 1
6004.5 6.40029e-15 7.91871e-17 1
6006 6.42108e-15 7.91871e-17 1
6007.5 6.49661e-15 7.91871e-17 1
6009 6.3328e-15 7.91871e-17 1
6010.5 6.39161e-15 7.91871e-17 1
6012 6.3073e-15 7.91871e-17 1
6013.5 6.42614e-15 7.91871e-17 1
6015 6.54014e-15 7.91871e-17 1
6016.5 6.3848e-15 7.91871e-17 1
6018 6.34126e-15 7.91871e-17 1
6019.5 6.29627e-15 7.91871e-17 1
6021 6.25129e-15 7.91871e-17 1
6022.5 6.20631e-15 7.91871e-17 1
6024 6.16133e-15 7.91871e-17 1
6025.5 6.16133e-15 7.91871e-17 1
6027 6.23343e-15 7.91871e-17 1
6028.5 6.275e-15 7.91871e-17 1
6030 6.22609e-15 7.91871e-17 1
6031.5 6.18017e-15 7.91871e-17 1
6033 6.0948e-15 7.91871e-17 1
6034.5 6.01859e-15 7.91871e-17 1
6036 6.03942e-15 7.91871e-17 1
6037.5 6.10462e-15 7.91871e-17 1
6039 6.17845e-15 7.91871e-17 1
6040.5 6.11156e-15 7.91871e-17 1
6042 6.10041e-15 7.91871e-17 1
6043.5 6.08083e-15 7.91871e-17 1
6045 6.0617e-15 7.91871e-17 1
6046.5 6.09563e-15 7.91871e-17 1
6048 6.06815e-15 7.91871e-17 1
6049.5 6.04268e-15 7.91871e-17 1
6051 5.97052e-15 7.91871e-17 1
6052.5 5.9507e-15 7.91871e-17 1
6054 6.00211e-15 7.91871e-17 1
6055.5 5.99912e-15 7.91871e-17 1
6057 5.83629e-15 7.91871e-17 1
6058.5 5.94726e-15 7.91871e-17 1
6060 5.9712e-15 7.91871e-17 1
6061.5 5.82265e-15 7.91871e-17 1
6063 5.93459e-15 7.91871e-17 1
6064.5 5.94912e-15 7.91871e-17 1
6066 5.8018e-15 7.91871e-17 1
6067.5 5.72721e-15 7.91871e-17 1
6069 5.72073e-15 7.91871e-17 1
6070.5 5.73272e-15 7.91871e-17 1
6072 5.81417e-15 7.91871e-17 1
6073.5 5.68525e-15 7.91871e-17 1
6075 5.7102e-15 7.91871e-17 1
6076.5 5.74216e-15 7.91871e-17 1
6078 5.66182e-15 7.91871e-17 1
6079.5 5.63558e-15 7.91871e-17 1
6081 5.70765e-15 7.91871e-17 1
6082.5 5.69005e-15 7.91871e-17 1
6084 5.52875e-15 7.91871e-17 1
6085.5 5.55784e-15 7.91871e-17 1
6087 5.6489e-15 7.91871e-17 1
6088.5 5.77433e-15 7.91871e-17 1
6090 5.78871e-15 7.91871e-17 1
6091.5 5.68698e-15 7.91871e-17 1
6093 5.61184e-15 7.91871e-17 1
6094.5 5.64906e-15 7.91871e-17 1
6096 5.60504e-15 7.91871e-17 1
6097.5 5.50965e-15 7.91871e-17 1
6099 5.57257e-15 7.91871e-17 1
6100.5 5.59008e-15 7.91871e-17 1
6102 5.55932e-15 7.91871e-17 1
6103.5 5.59453e-15 7.91871e-17 1
6105 5.6392e-15 7.91871e-17 1
6106.5 5.58124e-15 7.91871e-17 1
6108 5.47213e-15 7.91871e-17 1
6109.5 5.39262e-15 7.91871e-17 1
6111 5.39045e-15 7.91871e-17 1
6112.5 5.40851e-15 7.91871e-17 1
6114 5.39761e-15 7.91871e-17 1
6115.5 5.44096e-15 7.91871e-17 1
6117 5.4775e-15 7.91871e-17 1
6118.5 5.43819e-15 7.91871e-17 1
6120 5.41006e-15 7.91871e-17 1
6121.5 5.34936e-15 7.91871e-17 1
6123 5.30093e-15 7.91871e-17 1
6124.5 5.33456e-15 7.91871e-17 1
6126 5.28377e-15 7.91871e-17 1
6127.5 5.21117e-15 7.91871e-17 1
6129 5.24362e-15 7.91871e-17 1
6130.5 5.19825e-15 7.91871e-17 1
6132 5.23433e-15 7.91871e-17 1
6133.5 5.1832e-15 7.91871e-17 1
6135 5.14319e-15 7.91871e-17 1
6136.5 5.24872e-15 7.91871e-17 1
6138 5.29868e-15 7.91871e-17 1
6139.5 5.20411e-15 7.91871e-17 1
6141 5.12398e-15 7.91871e-17 1
6142.5 5.10006e-15 7.91871e-17 1
6144 5.0781e-15 7.91871e-17 1
6145.5 5.00643e-15 7.91871e-17 1
6147 5.03605e-15 7.91871e-17 1
6148.5 5.2065e-15 7.91871e-17 1
6150 5.04943e-15 7.91871e-17 1
6151.5 4.98504e-15 7.91871e-17 1
6153 5.07548e-15 7.91871e-17 1
6154.5 4.98629e-15 7.91871e-17 1
6156 4.92041e-15 7.91871e-17 1
6157.5 5.03264e-15 7.91871e-17 1
6159 4.98562e-15 7.91871e-17 1
6160.5 4.92536e-15 7.91871e-17 1
6162 4.7902e-15 7.91871e-17 1
6163.5 4.80506e-15 7.91871e-17 1
6165 4.75692e-15 7.91871e-17 1
6166.5 4.81419e-15 7.91871e-17 1
6168 4.76684e-15 7.91871e-17 1
6169.5 4.78866e-15 7.91871e-17 1
6171 4.77554e-15 7.91871e-17 1
6172.5 4.6959e-15 7.91871e-17 1
6174 4.60186e-15 7.91871e-17 1
6175.5 4.64703e-15 7.91871e-17 1
6177 4.72095e-15 7.91871e-17 1
6178.5 4.67083e-15 7.91871e-17 1
6180 4.58664e-15 7.91871e-17 1
6181.5 4.55331e-15 7.91871e-17 1
6183 4.5746e-15 7.91871e-17 1
6184.5 4.62089e-15 7.91871e-17 1
6186 4.57946e-15 7.91871e-17 1
6187.5 4.59307e-15 7.91871e-17 1
6189 4.67788e-15 7.91871e-17 1
6190.5 4.72041e-15 7.91871e-17 1
6192 4.67498e-15 7.91871e-17 1
6193.5 4.67918e-15 7.91871e-17 1
6195 4.66889e-15 7.91871e-17 1
6196.5 4.67102e-15 7.91871e-17 1
6198 4.65652e-15 7.91871e-17 1
6199.5 4.64836e-15 7.91871e-17 1
6201 4.67285e-15 9.30255e-17 1
6202.5 4.63345e-15 9.30255e-17 1
6204 4.60643e-15 9.30255e-17 1
6205.5 4.63993e-15 9.30255e-17 1
6207 4.70551e-15 9.30255e-17 1
6208.5 4.67764e-15 9.30255e-17 1
6210 4.69002e-15 9.30255e-17 1
6211.5 4.76793e-15 9.30255e-17 1
6213 4.74823e-15 9.30255e-17 1
6214.5 4.78563e-15 9.30255e-17 1
6216 4.70231e-15 9.30255e-17 1
6217.5 4.65725e-15 9.30255e-17 1
6219 4.73142e-15 9.30255e-17 1
6220.5 4.8079e-15 9.30255e-17 1
6222 4.82191e-15 9.30255e-17 1
6223.5 4.78762e-15 9.30255e-17 1
6225 4.75146e-15 9.30255e-17 1
6226.5 4.80325e-15 9.30255e-17 1
6228 4.92922e-15 9.30255e-17 1
6229.5 4.89929e-15 9.30255e-17 1
6231 4.83512e-15 9.30255e-17 1
6232.5 4.96342e-15 9.30255e-17 1
6234 4.97062e-15 9.30255e-17 1
6235.5 4.92698e-15 9.30255e-17 1
6237 4.88469e-15 9.30255e-17 1
6238.5 4.8452e-15 9.30255e-17 1
6240 4.97521e-15 9.30255e-17 1
6241.5 5.02036e-15 9.30255e-17 1
6243 5.02626e-15 9.30255e-17 1
6244.5 5.11117e-15 9.30255e-17 1
6246 5.09873e-15 9.30255e-17 1
6247.5 4.91414e-15 9.30255e-17 1
6249 4.79302e-15 9.30255e-17 1
6250.5 4.89715e-15 9.30255e-17 1
6252 5.00278e-15 9.30255e-17 1
6253.5 5.04328e-15 9.30255e-17 1
6255 5.08428e-15 9.30255e-17 1
6256.5 5.06544e-15 9.30255e-17 1
6258 5.01102e-15 9.30255e-17 1
6259.5 4.96286e-15 9.30255e-17 1
6261 4.9888e-15 9.30255e-17 1
6262.5 4.99544e-15 9.30255e-17 1
6264 4.93725e-15 9.30255e-17 1
6265.5 4.915e-15 9.30255e-17 1
6267 5.01863e-15 9.30255e-17 1
6268.5 5.13841e-15 9.30255e-17 1
6270 5.11009e-15 9.30255e-17 1
6271.5 5.02389e-15 9.30255e-17 1
6273 5.02224e-15 9.30255e-17 1
6274.5 5.05948e-15 9.30255e-17 1
6276 5.08254e-15 9.30255e-17 1
6277.5 4.99735e-15 9.30255e-17 1
6279 4.93566e-15 9.30255e-17 1
6280.5 5.02262e-15 9.30255e-17 1
6282 5.12873e-15 9.30255e-17 1
6283.5 5.12596e-15 9.30255e-17 1
6285 5.19072e-15 9.30255e-17 1
6286.5 5.15855e-15 9.30255e-17 1
6288 5.1108e-15 9.30255e-17 1
6289.5 5.17672e-15 9.30255e-17 1
6291 5.31157e-15 9.30255e-17 1
6292.5 5.32048e-15 9.30255e-17 1
6294 5.36736e-15 9.30255e-17 1
6295.5 5.43447e-15 9.30255e-17 1
6297 5.31312e-15 9.30255e-17 1
6298.5 5.12163e-15 9.30255e-17 1
6300 5.21643e-15 8.07509e-17 1
6301.5 5.33543e-15 8.07509e-17 1
6303 5.38796e-15 8.07509e-17 1
6304.5 5.36732e-15 8.07509e-17 1
6306 5.32166e-15 8.07509e-17 1
6307.5 5.45996e-15 8.07509e-17 1
6309 5.41645e-15 8.07509e-17 1
6310.5 5.3343e-15 8.07509e-17 1
6312 5.43696e-15 8.07509e-17 1
6313.5 5.39822e-15 8.07509e-17 1
6315 5.30159e-15 8.07509e-17 1
6316.5 5.23382e-15 8.07509e-17 1
6318 5.25936e-15 8.07509e-17 1
6319.5 5.3017e-15 8.07509e-17 1
6321 5.32819e-15 8.07509e-17 1
6322.5 5.26186e-15 8.07509e-17 1
6324 5.26911e-15 8.07509e-17 1
6325.5 5.37541e-15 8.07509e-17 1
6327 5.47231e-15 8.07509e-17 1
6328.5 5.44206e-15 8.07509e-17 1
6330 5.30583e-15 8.07509e-17 1
6331.5 5.33762e-15 8.07509e-17 1
6333 5.44184e-15 8.07509e-17 1
6334.5 5.40623e-15 8.07509e-17 1
6336 5.4628e-15 8.07509e-17 1
6337.5 5.5089e-15 8.07509e-17 1
6339 5.50481e-15 8.07509e-17 1
6340.5 5.54289e-15 8.07509e-17 1
6342 5.56273e-15 8.07509e-17 1
6343.5 5.52969e-15 8.07509e-17 1
6345 5.4215e-15 8.07509e-17 1
6346.5 5.44313e-15 8.07509e-17 1
6348 5.54426e-15 8.07509e-17 1
6349.5 5.47361e-15 8.07509e-17 1
6351 5.37594e-15 8.07509e-17 1
6352.5 5.24368e-15 8.07509e-17 1
6354 5.37354e-15 8.07509e-17 1
6355.5 5.47931e-15 8.07509e-17 1
6357 5.45201e-15 8.07509e-17 1
6358.5 5.42439e-15 8.07509e-17 1
6360 5.31023e-15 8.07509e-17 1
6361.5 5.27673e-15 8.07509e-17 1
6363 5.39224e-15 8.07509e-17 1
6364.5 5.41137e-15 8.07509e-17 1
6366 5.44275e-15 8.07509e-17 1
6367.5 5.44268e-15 8.07509e-17 1
6369 5.42978e-15 8.07509e-17 1
6370.5 5.5562e-15 8.07509e-17 1
6372 5.37051e-15 8.07509e-17 1
6373.5 5.25342e-15 8.07509e-17 1
6375 5.47687e-15 8.07509e-17 1
6376.5 5.5646e-15 8.07509e-17 1
6378 5.37094e-15 8.07509e-17 1
6379.5 5.38128e-15 8.07509e-17 1
6381 5.43555e-15 8.07509e-17 1
6382.5 5.46771e-15 8.07509e-17 1
6384 5.28724e-15 8.07509e-17 1
6385.5 5.33364e-15 8.07509e-17 1
6387 5.39077e-15 8.07509e-17 1
6388.5 5.47619e-15 8.07509e-17 1
6390 5.44979e-15 8.07509e-17 1
6391.5 5.45027e-15 8.07509e-17 1
6393 5.43791e-15 8.07509e-17 1
6394.5 5.42276e-15 8.07509e-17 1
6396 5.36769e-15 8.07509e-17 1
6397.5 5.31292e-15 8.07509e-17 1
6399 5.36434e-15 8.07509e-17 1
6400.5 5.40854e-15 7.91871e-17 1
6402 5.38627e-15 7.91871e-17 1
6403.5 5.36869e-15 7.91871e-17 1
6405 5.30196e-15 7.91871e-17 1
6406.5 5.31368e-15 7.91871e-17 1
6408 5.4052e-15 7.91871e-17 1
6409.5 5.42837e-15 7.91871e-17 1
6411 5.34276e-15 7.91871e-17 1
6412.5 5.3374e-15 7.91871e-17 1
6414 5.2493e-15 7.91871e-17 1
6415.5 5.244e-15 7.91871e-17 1
6417 5.41299e-15 7.91871e-17 1
6418.5 5.33658e-15 7.91871e-17 1
6420 5.25021e-15 7.91871e-17 1
6421.5 5.27404e-15 7.91871e-17 1
6423 5.20006e-15 7.91871e-17 1
6424.5 5.20186e-15 7.91871e-17 1
6426 5.27693e-15 7.91871e-17 1
6427.5 5.23717e-15 7.91871e-17 1
6429 5.22991e-15 7.91871e-17 1
6430.5 5.31439e-15 7.91871e-17 1
6432 5.37492e-15 7.91871e-17 1
6433.5 5.22849e-15 7.91871e-17 1
6435 5.15713e-15 7.91871e-17 1
6436.5 5.18159e-15 7.91871e-17 1
6438 5.21622e-15 7.91871e-17 1
6439.5 5.19405e-15 7.91871e-17 1
6441 5.24344e-15 7.91871e-17 1
6442.5 5.23983e-15 7.91871e-17 1
6444 5.24573e-15 7.91871e-17 1
6445.5 5.18316e-15 7.91871e-17 1
6447 5.22918e-15 7.91871e-17 1
6448.5 5.2087e-15 7.91871e-17 1
6450 5.12532e-15 7.91871e-17 1
6451.5 5.1587e-15 7.91871e-17 1
6453 5.12925e-15 7.91871e-17 1
6454.5 5.01513e-15 7.91871e-17 1
6456 5.13287e-15 7.91871e-17 1
6457.5 5.15873e-15 7.91871e-17 1
6459 4.97957e-15 7.91871e-17 1
6460.5 4.95577e-15 7.91871e-17 1
6462 5.02618e-15 7.91871e-17 1
6463.5 5.03899e-15 7.91871e-17 1
6465 5.01354e-15 7.91871e-17 1
6466.5 4.91106e-15 7.91871e-17 1
6468 4.80443e-15 7.91871e-17 1
6469.5 4.78936e-15 7.91871e-17 1
6471 4.80838e-15 7.91871e-17 1
6472.5 4.80048e-15 7.91871e-17 1
6474 4.83407e-15 7.91871e-17 1
6475.5 4.91509e-15 7.91871e-17 1
6477 4.90303e-15 7.91871e-17 1
6478.5 4.88156e-15 7.91871e-17 1
6480 4.94142e-15 7.91871e-17 1
6481.5 4.99072e-15 7.91871e-17 1
6483 4.94229e-15 7.91871e-17 1
6484.5 4.88449e-15 7.91871e-17 1
6486 4.81887e-15 7.91871e-17 1
6487.5 4.71853e-15 7.91871e-17 1
6489 4.78274e-15 7.91871e-17 1
6490.5 4.8539e-15 7.91871e-17 1
6492 4.80645e-15 7.91871e-17 1
6493.5 4.81766e-15 7.91871e-17 1
6495 4.82119e-15 7.91871e-17 1
6496.5 4.84839e-15 7.91871e-17 1
6498 4.81322e-15 7.91871e-17 1
6499.5 4.76665e-15 7.91871e-17 1
6501 4.80735e-15 7.91871e-17 1
6502.5 4.75495e-15 7.91871e-17 1
6504 4.75177e-15 7.91871e-17 1
6505.5 4.78783e-15 7.91871e-17 1
6507 4.67344e-15 7.91871e-17 1
6508.5 4.72264e-15 7.91871e-17 1
6510 4.87661e-15 7.91871e-17 1
6511.5 4.69895e-15 7.91871e-17 1
6513 4.62604e-15 7.91871e-17 1
6514.5 4.7079e-15 7.91871e-17 1
6516 4.5715e-15 7.91871e-17 1
6517.5 4.5493e-15 7.91871e-17 1
6519 4.5981e-15 7.91871e-17 1
6520.5 4.61965e-15 7.91871e-17 1
6522 4.57941e-15 7.91871e-17 1
6523.5 4.70273e-15 7.91871e-17 1
6525 4.76137e-15 7.91871e-17 1
6526.5 4.65305e-15 7.91871e-17 1
6528 4.63017e-15 7.91871e-17 1
6529.5 4.64704e-15 7.91871e-17 1
6531 4.65765e-15 7.91871e-17 1
6532.5 4.62701e-15 7.91871e-17 1
6534 4.60847e-15 7.91871e-17 1
6535.5 4.65393e-15 7.91871e-17 1
6537 4.71427e-15 7.91871e-17 1
6538.5 4.66088e-15 7.91871e-17 1
6540 4.6306e-15 7.91871e-17 1
6541.5 4.61855e-15 7.91871e-17 1
6543 4.64382e-15 7.91871e-17 1
6544.5 4.61389e-15 7.91871e-17 1
6546 4.5775e-15 7.91871e-17 1
6547.5 4.61573e-15 7.91871e-17 1
6549 4.49577e-15 7.91871e-17 1
6550.5 4.54979e-15 7.91871e-17 1
6552 4.62775e-15 7.91871e-17 1
6553.5 4.5748e-15 7.91871e-17 1
6555 4.57902e-15 7.91871e-17 1
6556.5 4.53638e-15 7.91871e-17 1
6558 4.43509e-15 7.91871e-17 1
6559.5 4.46325e-15 7.91871e-17 1
6561 4.47836e-15 7.91871e-17 1
6562.5 4.48426e-15 7.91871e-17 1
6564 4.49482e-15 7.91871e-17 1
6565.5 4.65088e-15 7.91871e-17 1
6567 4.713e-15 7.91871e-17 1
6568.5 4.51484e-15 7.91871e-17 1
6570 4.46982e-15 7.91871e-17 1
6571.5 4.63235e-15 7.91871e-17 1
6573 4.69911e-15 7.91871e-17 1
6574.5 4.5135e-15 7.91871e-17 1
6576 4.47824e-15 7.91871e-17 1
6577.5 4.48651e-15 7.91871e-17 1
6579 4.55359e-15 7.91871e-17 1
6580.5 4.59474e-15 7.91871e-17 1
6582 4.51126e-15 7.91871e-17 1
6583.5 4.60093e-15 7.91871e-17 1
6585 4.50604e-15 7.91871e-17 1
6586.5 4.48142e-15 7.91871e-17 1
6588 4.41613e-15 7.91871e-17 1
6589.5 4.44536e-15 7.91871e-17 1
6591 4.52988e-15 7.91871e-17 1
6592.5 4.48762e-15 7.91871e-17 1
6594 4.5321e-15 7.91871e-17 1
6595.5 4.51453e-15 7.91871e-17 1
6597 4.52917e-15 7.91871e-17 1
6598.5 4.35607e-15 7.91871e-17 1
6600 4.34673e-15 7.91871e-17 1
6601.5 4.40875e-15 7.91871e-17 1
6603 4.54693e-15 7.91871e-17 1
6604.5 4.4736e-15 7.91871e-17 1
6606 4.37454e-15 7.91871e-17 1
6607.5 4.40904e-15 7.91871e-17 1
6609 4.44714e-15 7.91871e-17 1
6610.5 4.44104e-15 7.91871e-17 1
6612 4.41398e-15 7.91871e-17 1
6613.5 4.40922e-15 7.91871e-17 1
6615 4.40238e-15 7.91871e-17 1
6616.5 4.47667e-15 7.91871e-17 1
6618 4.46597e-15 7.91871e-17 1
6619.5 4.49326e-15 7.91871e-17 1
6621 4.47274e-15 7.91871e-17 1
6622.5 4.46029e-15 7.91871e-17 1
6624 4.44492e-15 7.91871e-17 1
6625.5 4.39422e-15 7.91871e-17 1
6627 4.40701e-15 7.91871e-17 1
6628.5 4.4432e-15 7.91871e-17 1
6630 4.31115e-15 7.91871e-17 1
6631.5 4.17467e-15 7.91871e-17 1
6633 4.17287e-15 7.91871e-17 1
6634.5 4.18883e-15 7.91871e-17 1
6636 4.29116e-15 7.91871e-17 1
6637.5 4.31128e-15 7.91871e-17 1
6639 4.27809e-15 7.91871e-17 1
6640.5 4.40741e-15 7.91871e-17 1
6642 4.45402e-15 7.91871e-17 1
6643.5 4.33097e-15 7.91871e-17 1
6645 4.42968e-15 7.91871e-17 1
6646.5 4.4721e-15 7.91871e-17 1
6648 4.34001e-15 7.91871e-17 1
6649.5 4.30018e-15 7.91871e-17 1
6651 4.25079e-15 7.91871e-17 1
6652.5 4.2945e-15 7.91871e-17 1
6654 4.31821e-15 7.91871e-17 1
6655.5 4.43491e-15 7.91871e-17 1
6657 4.41088e-15 7.91871e-17 1
6658.5 4.3704e-15 7.91871e-17 1
6660 4.31404e-15 7.91871e-17 1
6661.5 4.31632e-15 7.91871e-17 1
6663 4.30326e-15 7.91871e-17 1
6664.5 4.37117e-15 7.91871e-17 1
6666 4.42278e-15 7.91871e-17 1
6667.5 4.31827e-15 7.91871e-17 1
6669 4.30872e-15 7.91871e-17 1
6670.5 4.38209e-15 7.91871e-17 1
6672 4.37315e-15 7.91871e-17 1
6673.5 4.29632e-15 7.91871e-17 1
6675 4.3216e-15 7.91871e-17 1
6676.5 4.35582e-15 7.91871e-17 1
6678 4.31132e-15 7.91871e-17 1
6679.5 4.32397e-15 7.91871e-17 1
6681 4.27481e-15 7.91871e-17 1
6682.5 4.22311e-15 7.91871e-17 1
6684 4.24744e-15 7.91871e-17 1
6685.5 4.21832e-15 7.91871e-17 1
6687 4.29143e-15 7.91871e-17 1
6688.5 4.31364e-15 7.91871e-17 1
6690 4.23338e-15 7.91871e-17 1
6691.5 4.2838e-15 7.91871e-17 1
6693 4.35977e-15 7.91871e-17 1
6694.5 4.31179e-15 7.91871e-17 1
6696 4.1929e-15 7.91871e-17 1
6697.5 4.20515e-15 7.91871e-17 1
6699 4.21188e-15 7.91871e-17 1
6700.5 4.17289e-15 7.91871e-17 1
6702 4.25672e-15 7.91871e-17 1
6703.5 4.35071e-15 7.91871e-17 1
6705 4.39353e-15 7.91871e-17 1
6706.5 4.29721e-15 7.91871e-17 1
6708 4.20902e-15 7.91871e-17 1
6709.5 4.28739e-15 7.91871e-17 1
6711 4.36994e-15 7.91871e-17 1
6712.5 4.37152e-15 7.91871e-17 1
6714 4.3424e-15 7.91871e-17 1
6715.5 4.26297e-15 7.91871e-17 1
6717 4.24368e-15 7.91871e-17 1
6718.5 4.34e-15 7.91871e-17 1
6720 4.42715e-15 7.91871e-17 1
6721.5 4.3531e-15 7.91871e-17 1
6723 4.34166e-15 7.91871e-17 1
6724.5 4.41648e-15 7.91871e-17 1
6726 4.33119e-15 7.91871e-17 1
6727.5 4.30573e-15 7.91871e-17 1
6729 4.31591e-15 7.91871e-17 1
6730.5 4.27141e-15 7.91871e-17 1
6732 4.3356e-15 7.91871e-17 1
6733.5 4.21025e-15 7.91871e-17 1
6735 4.14844e-15 7.91871e-17 1
6736.5 4.21166e-15 7.91871e-17 1
6738 4.26508e-15 7.91871e-17 1
6739.5 4.2893e-15 7.91871e-17 1
6741 4.28199e-15 7.91871e-17 1
6742.5 4.07024e-15 7.91871e-17 1
6744 4.24067e-15 7.91871e-17 1
6745.5 4.2501e-15 7.91871e-17 1
6747 4.13982e-15 7.91871e-17 1
6748.5 4.1422e-15 7.91871e-17 1
6750 4.10667e-15 7.91871e-17 1
6751.5 4.12457e-15 7.91871e-17 1
6753 4.13293e-15 7.91871e-17 1
6754.5 4.1427e-15 7.91871e-17 1
6756 4.26254e-15 7.91871e-17 1
6757.5 4.22461e-15 7.91871e-17 1
6759 4.18774e-15 7.91871e-17 1
6760.5 4.24281e-15 7.91871e-17 1
6762 4.13624e-15 7.91871e-17 1
6763.5 4.12438e-15 7.91871e-17 1
6765 4.21313e-15 7.91871e-17 1
6766.5 4.1376e-15 7.91871e-17 1
6768 4.0061e-15 7.91871e-17 1
6769.5 4.06463e-15 7.91871e-17 1
6771 4.19474e-15 7.91871e-17 1
6772.5 4.18783e-15 7.91871e-17 1
6774 4.18085e-15 7.91871e-17 1
6775.5 4.13854e-15 7.91871e-17 1
6777 4.11491e-15 7.91871e-17 1
6778.5 4.15398e-15 7.91871e-17 1
6780 4.17941e-15 7.91871e-17 1
6781.5 4.0561e-15 7.91871e-17 1
6783 3.95953e-15 7.91871e-17 1
6784.5 3.95579e-15 7.91871e-17 1
6786 3.98841e-15 7.91871e-17 1
6787.5 3.93035e-15 7.91871e-17 1
6789 3.98208e-15 7.91871e-17 1
6790.5 4.01592e-15 7.91871e-17 1
6792 3.98291e-15 7.91871e-17 1
6793.5 4.22998e-15 7.91871e-17 1
6795 4.23341e-15 7.91871e-17 1
6796.5 4.06976e-15 7.91871e-17 1
6798 3.9926e-15 7.91871e-17 1
6799.5 3.94294e-15 7.91871e-17 1
6801 3.94738e-15 7.91871e-17 1
6802.5 3.95555e-15 7.91871e-17 1
6804 3.93685e-15 7.91871e-17 1
6805.5 3.9838e-15 7.91871e-17 1
6807 3.87565e-15 7.91871e-17 1
6808.5 3.96437e-15 7.91871e-17 1
6810 3.96489e-15 7.91871e-17 1
6811.5 4.04796e-15 7.91871e-17 1
6813 4.0728e-15 7.91871e-17 1
6814.5 4.03812e-15 7.91871e-17 1
6816 4.02242e-15 7.91871e-17 1
6817.5 3.99807e-15 7.91871e-17 1
6819 4.06931e-15 7.91871e-17 1
6820.5 4.05901e-15 7.91871e-17 1
6822 4.04055e-15 7.91871e-17 1
6823.5 3.94173e-15 7.91871e-17 1
6825 3.93169e-15 7.91871e-17 1
6826.5 3.98008e-15 7.91871e-17 1
6828 4.00108e-15 7.91871e-17 1
6829.5 3.97031e-15 7.91871e-17 1
6831 3.91365e-15 7.91871e-17 1
6832.5 3.93881e-15 7.91871e-17 1
6834 3.91408e-15 7.91871e-17 1
6835.5 3.91752e-15 7.91871e-17 1
6837 3.90328e-15 7.91871e-17 1
6838.5 3.91884e-15 7.91871e-17 1
6840 3.95798e-15 7.91871e-17 1
6841.5 3.90072e-15 7.91871e-17 1
6843 3.96068e-15 7.91871e-17 1
6844.5 3.92139e-15 7.91871e-17 1
6846 3.87395e-15 7.91871e-17 1
6847.5 3.85195e-15 7.91871e-17 1
6849 3.8405e-15 7.91871e-17 1
6850.5 3.80712e-15 7.91871e-17 1
6852 3.87348e-15 7.91871e-17 1
6853.5 3.97413e-15 7.91871e-17 1
6855 3.85478e-15 7.91871e-17 1
6856.5 3.89599e-15 7.91871e-17 1
6858 3.97665e-15 7.91871e-17 1
6859.5 3.96862e-15 7.91871e-17 1
6861 4.04306e-15 7.91871e-17 1
6862.5 4.03257e-15 7.91871e-17 1
6864 3.95398e-15 7.91871e-17 1
6865.5 3.82396e-15 7.91871e-17 1
6867 3.81261e-15 7.91871e-17 1
6868.5 3.94605e-15 7.91871e-17 1
6870 3.98482e-15 7.91871e-17 1
6871.5 4.07027e-15 7.91871e-17 1
6873 3.93687e-15 7.91871e-17 1
6874.5 3.83738e-15 7.91871e-17 1
6876 3.95421e-15 7.91871e-17 1
6877.5 3.99556e-15 7.91871e-17 1
6879 3.98915e-15 7.91871e-17 1
6880.5 3.99404e-15 7.91871e-17 1
6882 4.02256e-15 7.91871e-17 1
6883.5 3.85267e-15 7.91871e-17 1
6885 3.76496e-15 7.91871e-17 1
6886.5 3.80567e-15 7.91871e-17 1
6888 3.87466e-15 7.91871e-17 1
6889.5 3.84453e-15 7.91871e-17 1
6891 3.74456e-15 7.91871e-17 1
6892.5 3.82703e-15 7.91871e-17 1
6894 3.90443e-15 7.91871e-17 1
6895.5 3.98089e-15 7.91871e-17 1
6897 3.98456e-15 7.91871e-17 1
6898.5 3.99504e-15 7.91871e-17 1
6900 3.8971e-15 7.91871e-17 1
6901.5 3.80307e-15 7.91871e-17 1
6903 3.75647e-15 7.91871e-17 1
6904.5 3.76739e-15 7.91871e-17 1
6906 3.71072e-15 7.91871e-17 1
6907.5 3.6082e-15 7.91871e-17 1
6909 3.62375e-15 7.91871e-17 1
6910.5 3.72995e-15 7.91871e-17 1
6912 3.80251e-15 7.91871e-17 1
6913.5 3.82919e-15 7.91871e-17 1
6915 3.85411e-15 7.91871e-17 1
6916.5 3.8032e-15 7.91871e-17 1
6918 3.76216e-15 7.91871e-17 1
6919.5 3.80805e-15 7.91871e-17 1
6921 3.80578e-15 7.91871e-17 1
6922.5 3.76457e-15 7.91871e-17 1
6924 3.75499e-15 7.91871e-17 1
6925.5 3.82401e-15 7.91871e-17 1
6927 3.85287e-15 7.91871e-17 1
6928.5 3.78299e-15 7.91871e-17 1
6930 3.61441e-15 7.91871e-17 1
6931.5 3.48783e-15 7.91871e-17 1
6933 3.6491e-15 7.91871e-17 1
6934.5 3.71944e-15 7.91871e-17 1
6936 3.71519e-15 7.91871e-17 1
6937.5 3.77349e-15 7.91871e-17 1
6939 3.61096e-15 7.91871e-17 1
6940.5 3.50854e-15 7.91871e-17 1
6942 3.56134e-15 7.91871e-17 1
6943.5 3.67548e-15 7.91871e-17 1
6945 3.70942e-15 7.91871e-17 1
6946.5 3.59443e-15 7.91871e-17 1
6948 3.53931e-15 7.91871e-17 1
6949.5 3.60247e-15 7.91871e-17 1
6951 3.65164e-15 7.91871e-17 1
6952.5 3.58626e-15 7.91871e-17 1
6954 3.56091e-15 7.91871e-17 1
6955.5 3.55378e-15 7.91871e-17 1
6957 3.63097e-15 7.91871e-17 1
6958.5 3.67151e-15 7.91871e-17 1
6960 3.55046e-15 7.91871e-17 1
6961.5 3.63292e-15 7.91871e-17 1
6963 3.7293e-15 7.91871e-17 1
6964.5 3.64544e-15 7.91871e-17 1
6966 3.52327e-15 7.91871e-17 1
6967.5 3.53525e-15 7.91871e-17 1
6969 3.60131e-15 7.91871e-17 1
6970.5 3.60197e-15 7.91871e-17 1
6972 3.55391e-15 7.91871e-17 1
6973.5 3.51759e-15 7.91871e-17 1
6975 3.5267e-15 7.91871e-17 1
6976.5 3.54397e-15 7.91871e-17 1
6978 3.52121e-15 7.91871e-17 1
6979.5 3.57124e-15 7.91871e-17 1
6981 3.57512e-15 7.91871e-17 1
6982.5 3.4991e-15 7.91871e-17 1
6984 3.47063e-15 7.91871e-17 1
6985.5 3.51005e-15 7.91871e-17 1
6987 3.56356e-15 7.91871e-17 1
6988.5 3.53494e-15 7.91871e-17 1
6990 3.51971e-15 7.91871e-17 1
6991.5 3.51085e-15 7.91871e-17 1
6993 3.5084e-15 7.91871e-17 1
6994.5 3.61269e-15 7.91871e-17 1
6996 3.56989e-15 7.91871e-17 1
6997.5 3.42762e-15 7.91871e-17 1
6999 3.44575e-15 7.91871e-17 1
7000.5 3.51276e-15 7.91871e-17 1
7002 3.54451e-15 7.91871e-17 1
7003.5 3.59124e-15 7.91871e-17 1
7005 3.50167e-15 7.91871e-17 1
7006.5 3.49657e-15 7.91871e-17 1
7008 3.4823e-15 7.91871e-17 1
7009.5 3.51757e-15 7.91871e-17 1
7011 3.50871e-15 7.91871e-17 1
7012.5 3.55663e-15 7.91871e-17 1
7014 3.56483e-15 7.91871e-17 1
7015.5 3.49765e-15 7.91871e-17 1
7017 3.46883e-15 7.91871e-17 1
7018.5 3.47014e-15 7.91871e-17 1
7020 3.41309e-15 7.91871e-17 1
7021.5 3.52985e-15 7.91871e-17 1
7023 3.4193e-15 7.91871e-17 1
7024.5 3.39807e-15 7.91871e-17 1
7026 3.43754e-15 7.91871e-17 1
7027.5 3.55933e-15 7.91871e-17 1
7029 3.58138e-15 7.91871e-17 1
7030.5 3.56538e-15 7.91871e-17 1
7032 3.46508e-15 7.91871e-17 1
7033.5 3.45243e-15 7.91871e-17 1
7035 3.52822e-15 7.91871e-17 1
7036.5 3.48898e-15 7.91871e-17 1
7038 3.42982e-15 7.91871e-17 1
7039.5 3.46232e-15 7.91871e-17 1
7041 3.49599e-15 7.91871e-17 1
7042.5 3.43608e-15 7.91871e-17 1
7044 3.48786e-15 7.91871e-17 1
7045.5 3.52569e-15 7.91871e-17 1
7047 3.66338e-15 7.91871e-17 1
7048.5 3.60232e-15 7.91871e-17 1
7050 3.50557e-15 7.91871e-17 1
7051.5 3.48957e-15 7.91871e-17 1
7053 3.36636e-15 7.91871e-17 1
7054.5 3.37145e-15 7.91871e-17 1
7056 3.42924e-15 7.91871e-17 1
7057.5 3.39574e-15 7.91871e-17 1
7059 3.33275e-15 7.91871e-17 1
7060.5 3.36686e-15 7.91871e-17 1
7062 3.37507e-15 7.91871e-17 1
7063.5 3.40943e-15 7.91871e-17 1
7065 3.36593e-15 7.91871e-17 1
7066.5 3.48121e-15 7.91871e-17 1
7068 3.46247e-15 7.91871e-17 1
7069.5 3.49137e-15 7.91871e-17 1
7071 3.55766e-15 7.91871e-17 1
7072.5 3.47052e-15 7.91871e-17 1
7074 3.45156e-15 7.91871e-17 1
7075.5 3.3725e-15 7.91871e-17 1
7077 3.38523e-15 7.91871e-17 1
7078.5 3.40268e-15 7.91871e-17 1
7080 3.4679e-15 7.91871e-17 1
7081.5 3.47095e-15 7.91871e-17 1
7083 3.44153e-15 7.91871e-17 1
7084.5 3.38401e-15 7.91871e-17 1
7086 3.35603e-15 7.91871e-17 1
7087.5 3.55231e-15 7.91871e-17 1
7089 3.46757e-15 7.91871e-17 1
7090.5 3.49275e-15 7.91871e-17 1
7092 3.58238e-15 7.91871e-17 1
7093.5 3.43478e-15 7.91871e-17 1
7095 3.39128e-15 7.91871e-17 1
7096.5 3.48628e-15 7.91871e-17 1
7098 3.51651e-15 7.91871e-17 1
7099.5 3.46322e-15 7.91871e-17 1
7101 3.46293e-15 7.91871e-17 1
7102.5 3.39523e-15 7.91871e-17 1
7104 3.36778e-15 7.91871e-17 1
7105.5 3.36284e-15 7.91871e-17 1
7107 3.39736e-15 7.91871e-17 1
7108.5 3.34286e-15 7.91871e-17 1
7110 3.36489e-15 7.91871e-17 1
7111.5 3.39472e-15 7.91871e-17 1
7113 3.38864e-15 7.91871e-17 1
7114.5 3.30937e-15 7.91871e-17 1
7116 3.30909e-15 7.91871e-17 1
7117.5 3.34457e-15 7.91871e-17 1
7119 3.35427e-15 7.91871e-17 1
7120.5 3.34443e-15 7.91871e-17 1
7122 3.35602e-15 7.91871e-17 1
7123.5 3.42374e-15 7.91871e-17 1
7125 3.42318e-15 7.91871e-17 1
7126.5 3.43031e-15 7.91871e-17 1
7128 3.43235e-15 7.91871e-17 1
7129.5 3.32698e-15 7.91871e-17 1
7131 3.2962e-15 7.91871e-17 1
7132.5 3.30865e-15 7.91871e-17 1
7134 3.33344e-15 7.91871e-17 1
7135.5 3.34056e-15 7.91871e-17 1
7137 3.26432e-15 7.91871e-17 1
7138.5 3.24713e-15 7.91871e-17 1
7140 3.31761e-15 7.91871e-17 1
7141.5 3.34988e-15 7.91871e-17 1
7143 3.27055e-15 7.91871e-17 1
7144.5 3.29428e-15 7.91871e-17 1
7146 3.3584e-15 7.91871e-17 1
7147.5 3.26243e-15 7.91871e-17 1
7149 3.28779e-15 7.91871e-17 1
7150.5 3.31888e-15 7.91871e-17 1
7152 3.4028e-15 7.91871e-17 1
7153.5 3.30767e-15 7.91871e-17 1
7155 3.21573e-15 7.91871e-17 1
7156.5 3.34782e-15 7.91871e-17 1
7158 3.39317e-15 7.91871e-17 1
7159.5 3.23619e-15 7.91871e-17 1
7161 3.21413e-15 7.91871e-17 1
7162.5 3.27494e-15 7.91871e-17 1
7164 3.33113e-15 7.91871e-17 1
7165.5 3.23804e-15 7.91871e-17 1
7167 3.2177e-15 7.91871e-17 1
7168.5 3.29993e-15 7.91871e-17 1
7170 3.22849e-15 7.91871e-17 1
7171.5 3.1634e-15 7.91871e-17 1
7173 3.05314e-15 7.91871e-17 1
7174.5 3.05413e-15 7.91871e-17 1
7176 3.12815e-15 7.91871e-17 1
7177.5 3.16678e-15 7.91871e-17 1
7179 3.11465e-15 7.91871e-17 1
7180.5 3.09068e-15 7.91871e-17 1
7182 3.16138e-15 7.91871e-17 1
7183.5 3.11401e-15 7.91871e-17 1
7185 3.01906e-15 7.91871e-17 1
7186.5 3.03893e-15 7.91871e-17 1
7188 3.05256e-15 7.91871e-17 1
7189.5 3.11752e-15 7.91871e-17 1
7191 3.09813e-15 7.91871e-17 1
7192.5 3.08477e-15 7.91871e-17 1
7194 3.15479e-15 7.91871e-17 1
7195.5 3.14292e-15 7.91871e-17 1
7197 3.1277e-15 7.91871e-17 1
7198.5 3.12995e-15 7.91871e-17 1
7200 3.08233e-15 7.91871e-17 1
7201.5 3.02634e-15 7.91871e-17 1
7203 3.01435e-15 7.91871e-17 1
7204.5 3.0097e-15 7.91871e-17 1
7206 2.98898e-15 7.91871e-17 1
7207.5 3.07497e-15 7.91871e-17 1
7209 3.24808e-15 7.91871e-17 1
7210.5 3.27771e-15 7.91871e-17 1
7212 3.15104e-15 7.91871e-17 1
7213.5 3.11619e-15 7.91871e-17 1
7215 3.18492e-15 7.91871e-17 1
7216.5 3.1378e-15 7.91871e-17 1
7218 3.10684e-15 7.91871e-17 1
7219.5 3.10117e-15 7.91871e-17 1
7221 3.13203e-15 7.91871e-17 1
7222.5 3.15224e-15 7.91871e-17 1
7224 3.13584e-15 7.91871e-17 1
7225.5 3.16374e-15 7.91871e-17 1
7227 3.13194e-15 7.91871e-17 1
7228.5 3.18329e-15 7.91871e-17 1
7230 3.0905e-15 7.91871e-17 1
7231.5 3.09785e-15 7.91871e-17 1
7233 3.1507e-15 7.91871e-17 1
7234.5 2.99448e-15 7.91871e-17 1
7236 2.97381e-15 7.91871e-17 1
7237.5 3.04821e-15 7.91871e-17 1
7239 3.03623e-15 7.91871e-17 1
7240.5 2.99724e-15 7.91871e-17 1
7242 3.12741e-15 7.91871e-17 1
7243.5 3.14246e-15 7.91871e-17 1
7245 3.07562e-15 7.91871e-17 1
7246.5 3.02848e-15 7.91871e-17 1
7248 3.05414e-15 7.91871e-17 1
7249.5 3.1338e-15 7.91871e-17 1
7251 3.0669e-15 7.91871e-17 1
7252.5 2.98217e-15 7.91871e-17 1
7254 2.98998e-15 7.91871e-17 1
7255.5 2.97169e-15 7.91871e-17 1
7257 2.90609e-15 7.91871e-17 1
7258.5 2.93659e-15 7.91871e-17 1
7260 3.06316e-15 7.91871e-17 1
7261.5 3.11868e-15 7.91871e-17 1
7263 3.08048e-15 7.91871e-17 1
7264.5 2.99349e-15 7.91871e-17 1
7266 2.8809e-15 7.91871e-17 1
7267.5 2.84122e-15 7.91871e-17 1
7269 2.85553e-15 7.91871e-17 1
7270.5 2.89958e-15 7.91871e-17 1
7272 2.93644e-15 7.91871e-17 1
7273.5 2.90088e-15 7.91871e-17 1
7275 2.79096e-15 7.91871e-17 1
7276.5 2.77164e-15 7.91871e-17 1
7278 2.79775e-15 7.91871e-17 1
7279.5 2.80024e-15 7.91871e-17 1
7281 2.85827e-15 7.91871e-17 1
7282.5 2.92078e-15 7.91871e-17 1
7284 2.91312e-15 7.91871e-17 1
7285.5 2.83994e-15 7.91871e-17 1
7287 2.79416e-15 7.91871e-17 1
7288.5 2.8275e-15 7.91871e-17 1
7290 2.81927e-15 7.91871e-17 1
7291.5 2.75038e-15 7.91871e-17 1
7293 2.81481e-15 7.91871e-17 1
7294.5 2.87746e-15 7.91871e-17 1
7296 2.87654e-15 7.91871e-17 1
7297.5 2.88087e-15 7.91871e-17 1
7299 2.85387e-15 7.91871e-17 1
7300.5 2.77362e-15 7.91871e-17 1
7302 2.73552e-15 7.91871e-17 1
7303.5 2.85497e-15 7.91871e-17 1
7305 2.96556e-15 7.91871e-17 1
7306.5 2.84578e-15 7.91871e-17 1
7308 2.82188e-15 7.91871e-17 1
7309.5 2.73567e-15 7.91871e-17 1
7311 2.78547e-15 7.91871e-17 1
7312.5 3.0127e-15 7.91871e-17 1
7314 2.94591e-15 7.91871e-17 1
7315.5 2.79892e-15 7.91871e-17 1
7317 2.78454e-15 7.91871e-17 1
7318.5 2.91071e-15 7.91871e-17 1
7320 2.88411e-15 7.91871e-17 1
7321.5 2.87098e-15 7.91871e-17 1
7323 2.93669e-15 7.91871e-17 1
7324.5 2.93455e-15 7.91871e-17 1
7326 2.90292e-15 7.91871e-17 1
7327.5 2.96802e-15 7.91871e-17 1
7329 2.9524e-15 7.91871e-17 1
7330.5 2.92749e-15 7.91871e-17 1
7332 2.86082e-15 7.91871e-17 1
7333.5 2.82189e-15 7.91871e-17 1
7335 2.83844e-15 7.91871e-17 1
7336.5 2.91296e-15 7.91871e-17 1
7338 2.92153e-15 7.91871e-17 1
7339.5 2.87246e-15 7.91871e-17 1
7341 2.91317e-15 7.91871e-17 1
7342.5 2.88297e-15 7.91871e-17 1
7344 2.78587e-15 7.91871e-17 1
7345.5 2.76614e-15 7.91871e-17 1
7347 2.86774e-15 7.91871e-17 1
7348.5 2.83256e-15 7.91871e-17 1
7350 2.78151e-15 7.91871e-17 1
7351.5 2.7251e-15 7.91871e-17 1
7353 2.75315e-15 7.91871e-17 1
7354.5 2.77353e-15 7.91871e-17 1
7356 2.74839e-15 7.91871e-17 1
7357.5 2.74476e-15 7.91871e-17 1
7359 2.7956e-15 7.91871e-17 1
7360.5 2.85372e-15 7.91871e-17 1
7362 2.85536e-15 7.91871e-17 1
7363.5 2.77606e-15 7.91871e-17 1
7365 2.77422e-15 7.91871e-17 1
7366.5 2.81852e-15 7.91871e-17 1
7368 2.82578e-15 7.91871e-17 1
7369.5 2.76871e-15 7.91871e-17 1
7371 2.69144e-15 7.91871e-17 1
7372.5 2.68942e-15 7.91871e-17 1
7374 2.80367e-15 7.91871e-17 1
7375.5 2.77595e-15 7.91871e-17 1
7377 2.7104e-15 7.91871e-17 1
7378.5 2.80959e-15 7.91871e-17 1
7380 2.80231e-15 7.91871e-17 1
7381.5 2.89849e-15 7.91871e-17 1
7383 2.8185e-15 7.91871e-17 1
7384.5 2.77985e-15 7.91871e-17 1
7386 2.71815e-15 7.91871e-17 1
7387.5 2.7069e-15 7.91871e-17 1
7389 2.7758e-15 7.91871e-17 1
7390.5 2.77427e-15 7.91871e-17 1
7392 2.77756e-15 7.91871e-17 1
7393.5 2.74387e-15 7.91871e-17 1
7395 2.73939e-15 7.91871e-17 1
7396.5 2.77064e-15 7.91871e-17 1
7398 2.85612e-15 7.91871e-17 1
7399.5 2.8621e-15 7.91871e-17 1
7401 2.94426e-15 7.91871e-17 1
7402.5 2.96653e-15 7.91871e-17 1
7404 2.93516e-15 7.91871e-17 1
7405.5 2.793e-15 7.91871e-17 1
7407 2.74908e-15 7.91871e-17 1
7408.5 2.70852e-15 7.91871e-17 1
7410 2.67011e-15 7.91871e-17 1
7411.5 2.65108e-15 7.91871e-17 1
7413 2.69381e-15 7.91871e-17 1
7414.5 2.72642e-15 7.91871e-17 1
7416 2.66069e-15 7.91871e-17 1
7417.5 2.61624e-15 7.91871e-17 1
7419 2.69895e-15 7.91871e-17 1
7420.5 2.70559e-15 7.91871e-17 1
7422 2.64925e-15 7.91871e-17 1
7423.5 2.63461e-15 7.91871e-17 1
7425 2.58171e-15 7.91871e-17 1
7426.5 2.54943e-15 7.91871e-17 1
7428 2.57108e-15 7.91871e-17 1
7429.5 2.60139e-15 7.91871e-17 1
7431 2.57824e-15 7.91871e-17 1
7432.5 2.5672e-15 7.91871e-17 1
7434 2.60746e-15 7.91871e-17 1
7435.5 2.6379e-15 7.91871e-17 1
7437 2.59783e-15 7.91871e-17 1
7438.5 2.57235e-15 7.91871e-17 1
7440 2.55508e-15 7.91871e-17 1
7441.5 2.55398e-15 7.91871e-17 1
7443 2.56793e-15 7.91871e-17 1
7444.5 2.52654e-15 7.91871e-17 1
7446 2.57931e-15 7.91871e-17 1
7447.5 2.56573e-15 7.91871e-17 1
7449 2.57763e-15 7.91871e-17 1
7450.5 2.62399e-15 7.91871e-17 1
7452 2.64827e-15 7.91871e-17 1
7453.5 2.73428e-15 7.91871e-17 1
7455 2.61909e-15 7.91871e-17 1
7456.5 2.63857e-15 7.91871e-17 1
7458 2.67082e-15 7.91871e-17 1
7459.5 2.50316e-15 7.91871e-17 1
7461 2.57755e-15 7.91871e-17 1
7462.5 2.55635e-15 7.91871e-17 1
7464 2.48275e-15 7.91871e-17 1
7465.5 2.42822e-15 7.91871e-17 1
7467 2.40383e-15 7.91871e-17 1
7468.5 2.476e-15 7.91871e-17 1
7470 2.49472e-15 7.91871e-17 1
7471.5 2.49467e-15 7.91871e-17 1
7473 2.54634e-15 7.91871e-17 1
7474.5 2.60823e-15 7.91871e-17 1
7476 2.59486e-15 7.91871e-17 1
7477.5 2.60202e-15 7.91871e-17 1
7479 2.5869e-15 7.91871e-17 1
7480.5 2.54261e-15 7.91871e-17 1
7482 2.52462e-15 7.91871e-17 1
7483.5 2.4967e-15 7.91871e-17 1
7485 2.54428e-15 7.91871e-17 1
7486.5 2.58879e-15 7.91871e-17 1
7488 2.52312e-15 7.91871e-17 1
7489.5 2.45069e-15 7.91871e-17 1
7491 2.36334e-15 7.91871e-17 1
7492.5 2.37609e-15 7.91871e-17 1
7494 2.42107e-15 7.91871e-17 1
7495.5 2.41243e-15 7.91871e-17 1
7497 2.45845e-15 7.91871e-17 1
7498.5 2.49916e-15 7.91871e-17 1
7500 2.4762e-15 7.91871e-17 1
7501.5 2.44485e-15 7.91871e-17 1
7503 2.42967e-15 7.91871e-17 1
7504.5 2.40239e-15 7.91871e-17 1
7506 2.38995e-15 7.91871e-17 1
7507.5 2.37396e-15 7.91871e-17 1
7509 2.35915e-15 7.91871e-17 1
7510.5 2.32605e-15 7.91871e-17 1
7512 2.26766e-15 7.91871e-17 1
7513.5 2.27274e-15 7.91871e-17 1
7515 2.35496e-15 7.91871e-17 1
7516.5 2.3223e-15 7.91871e-17 1
7518 2.23316e-15 7.91871e-17 1
7519.5 2.29166e-15 7.91871e-17 1
7521 2.26417e-15 7.91871e-17 1
