# converted by J. Guy, 2010-10-18
# from Matheson et al. 2008AJ....135.1598M
@Redshift 0.014327
@FORMAT STD
@Date 51427
@SELECTED_FOR_SNLS3_TRAINING 1
@SN sn1999dq
@SURVEY CFA_LOWZ_SPEC
@Source Matheson
#WAVE : wavelength, observer frame, in A
#FLUX : erg/s/cm2/A
#ERR  : statistical uncertainty on flux
#VALID : 1=ok 0=ignore
#end
3720 4.04736e-15 1.19401e-16 1
3721.5 3.91751e-15 1.19401e-16 1
3723 3.83786e-15 1.19401e-16 1
3724.5 3.95706e-15 1.19401e-16 1
3726 4.1056e-15 1.19401e-16 1
3727.5 4.16198e-15 1.19401e-16 1
3729 4.12421e-15 1.19401e-16 1
3730.5 4.01694e-15 1.19401e-16 1
3732 3.86594e-15 1.19401e-16 1
3733.5 3.83154e-15 1.19401e-16 1
3735 3.8476e-15 1.19401e-16 1
3736.5 3.86827e-15 1.19401e-16 1
3738 3.82199e-15 1.19401e-16 1
3739.5 3.65867e-15 1.19401e-16 1
3741 3.73018e-15 1.19401e-16 1
3742.5 3.84306e-15 1.19401e-16 1
3744 3.69754e-15 1.19401e-16 1
3745.5 3.73813e-15 1.19401e-16 1
3747 3.85616e-15 1.19401e-16 1
3748.5 3.85434e-15 1.19401e-16 1
3750 3.85321e-15 1.19401e-16 1
3751.5 3.86377e-15 1.19401e-16 1
3753 3.93424e-15 1.19401e-16 1
3754.5 3.91e-15 1.19401e-16 1
3756 3.84815e-15 1.19401e-16 1
3757.5 3.88884e-15 1.19401e-16 1
3759 3.78245e-15 1.19401e-16 1
3760.5 3.91888e-15 1.19401e-16 1
3762 3.97071e-15 1.19401e-16 1
3763.5 3.95273e-15 1.19401e-16 1
3765 3.99475e-15 1.19401e-16 1
3766.5 4.15519e-15 1.19401e-16 1
3768 4.03893e-15 1.19401e-16 1
3769.5 4.28903e-15 1.19401e-16 1
3771 4.01124e-15 1.19401e-16 1
3772.5 4.00638e-15 1.19401e-16 1
3774 4.29715e-15 1.19401e-16 1
3775.5 4.3354e-15 1.19401e-16 1
3777 4.45275e-15 1.19401e-16 1
3778.5 4.6374e-15 1.19401e-16 1
3780 4.60369e-15 1.19401e-16 1
3781.5 4.57094e-15 1.19401e-16 1
3783 4.81208e-15 1.19401e-16 1
3784.5 4.8432e-15 1.19401e-16 1
3786 4.55112e-15 1.19401e-16 1
3787.5 4.5541e-15 1.19401e-16 1
3789 4.62799e-15 1.19401e-16 1
3790.5 4.74759e-15 1.19401e-16 1
3792 4.85002e-15 1.19401e-16 1
3793.5 4.94097e-15 1.19401e-16 1
3795 5.00276e-15 1.19401e-16 1
3796.5 5.1107e-15 1.19401e-16 1
3798 5.04044e-15 1.19401e-16 1
3799.5 4.90208e-15 1.19401e-16 1
3801 4.86645e-15 1.19401e-16 1
3802.5 4.9062e-15 1.19401e-16 1
3804 5.01769e-15 1.19401e-16 1
3805.5 5.21305e-15 1.19401e-16 1
3807 5.29384e-15 1.19401e-16 1
3808.5 5.25505e-15 1.19401e-16 1
3810 5.27323e-15 1.19401e-16 1
3811.5 5.20813e-15 1.19401e-16 1
3813 5.10212e-15 1.19401e-16 1
3814.5 5.19283e-15 1.19401e-16 1
3816 5.27172e-15 1.19401e-16 1
3817.5 5.20958e-15 1.19401e-16 1
3819 5.24363e-15 1.19401e-16 1
3820.5 5.12576e-15 1.10526e-16 1
3822 4.99465e-15 1.10526e-16 1
3823.5 4.95058e-15 1.10526e-16 1
3825 4.93014e-15 1.10526e-16 1
3826.5 4.84719e-15 1.10526e-16 1
3828 4.8453e-15 1.10526e-16 1
3829.5 4.83768e-15 1.10526e-16 1
3831 4.974e-15 1.10526e-16 1
3832.5 5.10017e-15 1.10526e-16 1
3834 5.01415e-15 1.10526e-16 1
3835.5 5.0529e-15 1.10526e-16 1
3837 5.08343e-15 1.10526e-16 1
3838.5 5.00295e-15 1.10526e-16 1
3840 4.97154e-15 1.10526e-16 1
3841.5 5.10197e-15 1.10526e-16 1
3843 5.08241e-15 1.10526e-16 1
3844.5 5.08746e-15 1.10526e-16 1
3846 5.17869e-15 1.10526e-16 1
3847.5 5.03717e-15 1.10526e-16 1
3849 4.9677e-15 1.10526e-16 1
3850.5 4.99965e-15 1.10526e-16 1
3852 5.02754e-15 1.10526e-16 1
3853.5 5.09948e-15 1.10526e-16 1
3855 5.04169e-15 1.10526e-16 1
3856.5 5.04303e-15 1.10526e-16 1
3858 5.14435e-15 1.10526e-16 1
3859.5 5.15474e-15 1.10526e-16 1
3861 5.03449e-15 1.10526e-16 1
3862.5 5.00057e-15 1.10526e-16 1
3864 4.98938e-15 1.10526e-16 1
3865.5 5.12561e-15 1.10526e-16 1
3867 5.16423e-15 1.10526e-16 1
3868.5 5.02461e-15 1.10526e-16 1
3870 5.01257e-15 1.10526e-16 1
3871.5 4.94525e-15 1.10526e-16 1
3873 4.99939e-15 1.10526e-16 1
3874.5 5.07959e-15 1.10526e-16 1
3876 4.97189e-15 1.10526e-16 1
3877.5 4.8312e-15 1.10526e-16 1
3879 4.86991e-15 1.10526e-16 1
3880.5 4.88182e-15 1.10526e-16 1
3882 4.97962e-15 1.10526e-16 1
3883.5 5.00029e-15 1.10526e-16 1
3885 5.00106e-15 1.10526e-16 1
3886.5 4.987e-15 1.10526e-16 1
3888 4.96406e-15 1.10526e-16 1
3889.5 5.05277e-15 1.10526e-16 1
3891 5.03078e-15 1.10526e-16 1
3892.5 5.09823e-15 1.10526e-16 1
3894 5.14668e-15 1.10526e-16 1
3895.5 5.1192e-15 1.10526e-16 1
3897 4.94846e-15 1.10526e-16 1
3898.5 4.96162e-15 1.10526e-16 1
3900 5.28755e-15 1.10526e-16 1
3901.5 5.32813e-15 1.10526e-16 1
3903 5.23852e-15 1.10526e-16 1
3904.5 5.21805e-15 1.10526e-16 1
3906 5.26502e-15 1.10526e-16 1
3907.5 5.05074e-15 1.10526e-16 1
3909 5.09506e-15 1.10526e-16 1
3910.5 5.29549e-15 1.10526e-16 1
3912 5.19262e-15 1.10526e-16 1
3913.5 5.12009e-15 1.10526e-16 1
3915 5.1857e-15 1.10526e-16 1
3916.5 5.22992e-15 1.10526e-16 1
3918 5.2605e-15 1.10526e-16 1
3919.5 5.36099e-15 1.10526e-16 1
3921 5.46306e-15 1.97504e-16 1
3922.5 5.41882e-15 1.97504e-16 1
3924 5.31974e-15 1.97504e-16 1
3925.5 5.22383e-15 1.97504e-16 1
3927 5.14395e-15 1.97504e-16 1
3928.5 5.20891e-15 1.97504e-16 1
3930 5.22076e-15 1.97504e-16 1
3931.5 5.16576e-15 1.97504e-16 1
3933 4.87197e-15 1.97504e-16 1
3934.5 5.01244e-15 1.97504e-16 1
3936 5.11759e-15 1.97504e-16 1
3937.5 5.16445e-15 1.97504e-16 1
3939 5.35219e-15 1.97504e-16 1
3940.5 5.40611e-15 1.97504e-16 1
3942 5.40223e-15 1.97504e-16 1
3943.5 5.4814e-15 1.97504e-16 1
3945 5.56737e-15 1.97504e-16 1
3946.5 5.6421e-15 1.97504e-16 1
3948 5.68443e-15 1.97504e-16 1
3949.5 5.75264e-15 1.97504e-16 1
3951 5.78822e-15 1.97504e-16 1
3952.5 5.83244e-15 1.97504e-16 1
3954 5.72727e-15 1.97504e-16 1
3955.5 5.74541e-15 1.97504e-16 1
3957 5.84323e-15 1.97504e-16 1
3958.5 5.91362e-15 1.97504e-16 1
3960 6.1029e-15 1.97504e-16 1
3961.5 6.10831e-15 1.97504e-16 1
3963 6.05525e-15 1.97504e-16 1
3964.5 6.07912e-15 1.97504e-16 1
3966 5.99036e-15 1.97504e-16 1
3967.5 5.93322e-15 1.97504e-16 1
3969 5.8695e-15 1.97504e-16 1
3970.5 5.887e-15 1.97504e-16 1
3972 5.96772e-15 1.97504e-16 1
3973.5 6.1272e-15 1.97504e-16 1
3975 6.06468e-15 1.97504e-16 1
3976.5 6.13781e-15 1.97504e-16 1
3978 6.10342e-15 1.97504e-16 1
3979.5 5.9978e-15 1.97504e-16 1
3981 5.92182e-15 1.97504e-16 1
3982.5 5.93023e-15 1.97504e-16 1
3984 5.93496e-15 1.97504e-16 1
3985.5 5.9134e-15 1.97504e-16 1
3987 5.82003e-15 1.97504e-16 1
3988.5 5.69674e-15 1.97504e-16 1
3990 5.77045e-15 1.97504e-16 1
3991.5 5.8782e-15 1.97504e-16 1
3993 5.86108e-15 1.97504e-16 1
3994.5 5.81658e-15 1.97504e-16 1
3996 5.92956e-15 1.97504e-16 1
3997.5 5.88006e-15 1.97504e-16 1
3999 5.87582e-15 1.97504e-16 1
4000.5 5.81278e-15 1.97504e-16 1
4002 5.77965e-15 1.97504e-16 1
4003.5 5.83393e-15 1.97504e-16 1
4005 5.98353e-15 1.97504e-16 1
4006.5 5.99034e-15 1.97504e-16 1
4008 5.87402e-15 1.97504e-16 1
4009.5 5.8988e-15 1.97504e-16 1
4011 5.92986e-15 1.97504e-16 1
4012.5 5.88078e-15 1.97504e-16 1
4014 5.74677e-15 1.97504e-16 1
4015.5 5.67614e-15 1.97504e-16 1
4017 5.73353e-15 1.97504e-16 1
4018.5 5.63284e-15 1.97504e-16 1
4020 5.47278e-15 1.83809e-16 1
4021.5 5.45565e-15 1.83809e-16 1
4023 5.40263e-15 1.83809e-16 1
4024.5 5.35887e-15 1.83809e-16 1
4026 5.41458e-15 1.83809e-16 1
4027.5 5.49753e-15 1.83809e-16 1
4029 5.44357e-15 1.83809e-16 1
4030.5 5.42354e-15 1.83809e-16 1
4032 5.56632e-15 1.83809e-16 1
4033.5 5.5555e-15 1.83809e-16 1
4035 5.52412e-15 1.83809e-16 1
4036.5 5.58116e-15 1.83809e-16 1
4038 5.70861e-15 1.83809e-16 1
4039.5 5.71552e-15 1.83809e-16 1
4041 5.66263e-15 1.83809e-16 1
4042.5 5.8606e-15 1.83809e-16 1
4044 5.94585e-15 1.83809e-16 1
4045.5 5.93753e-15 1.83809e-16 1
4047 5.87279e-15 1.83809e-16 1
4048.5 6.10257e-15 1.83809e-16 1
4050 6.10282e-15 1.83809e-16 1
4051.5 6.04658e-15 1.83809e-16 1
4053 5.82523e-15 1.83809e-16 1
4054.5 5.9407e-15 1.83809e-16 1
4056 6.16156e-15 1.83809e-16 1
4057.5 6.15413e-15 1.83809e-16 1
4059 6.13464e-15 1.83809e-16 1
4060.5 6.09658e-15 1.83809e-16 1
4062 6.08156e-15 1.83809e-16 1
4063.5 6.05782e-15 1.83809e-16 1
4065 6.13325e-15 1.83809e-16 1
4066.5 6.23074e-15 1.83809e-16 1
4068 6.38362e-15 1.83809e-16 1
4069.5 6.35362e-15 1.83809e-16 1
4071 6.3414e-15 1.83809e-16 1
4072.5 6.25581e-15 1.83809e-16 1
4074 6.29844e-15 1.83809e-16 1
4075.5 6.32409e-15 1.83809e-16 1
4077 6.27968e-15 1.83809e-16 1
4078.5 6.25253e-15 1.83809e-16 1
4080 6.1379e-15 1.83809e-16 1
4081.5 6.19438e-15 1.83809e-16 1
4083 6.30529e-15 1.83809e-16 1
4084.5 6.36494e-15 1.83809e-16 1
4086 6.3579e-15 1.83809e-16 1
4087.5 6.29835e-15 1.83809e-16 1
4089 6.39374e-15 1.83809e-16 1
4090.5 6.39278e-15 1.83809e-16 1
4092 6.34398e-15 1.83809e-16 1
4093.5 6.36945e-15 1.83809e-16 1
4095 6.40553e-15 1.83809e-16 1
4096.5 6.40185e-15 1.83809e-16 1
4098 6.32705e-15 1.83809e-16 1
4099.5 6.32027e-15 1.83809e-16 1
4101 6.32626e-15 1.83809e-16 1
4102.5 6.3115e-15 1.83809e-16 1
4104 6.31647e-15 1.83809e-16 1
4105.5 6.26591e-15 1.83809e-16 1
4107 6.27366e-15 1.83809e-16 1
4108.5 6.34505e-15 1.83809e-16 1
4110 6.33345e-15 1.83809e-16 1
4111.5 6.30073e-15 1.83809e-16 1
4113 6.29287e-15 1.83809e-16 1
4114.5 6.25754e-15 1.83809e-16 1
4116 6.35592e-15 1.83809e-16 1
4117.5 6.43544e-15 1.83809e-16 1
4119 6.34947e-15 1.83809e-16 1
4120.5 6.30092e-15 8.94503e-17 1
4122 6.35212e-15 8.94503e-17 1
4123.5 6.39308e-15 8.94503e-17 1
4125 6.54587e-15 8.94503e-17 1
4126.5 6.3823e-15 8.94503e-17 1
4128 6.45846e-15 8.94503e-17 1
4129.5 6.39929e-15 8.94503e-17 1
4131 6.27663e-15 8.94503e-17 1
4132.5 6.13806e-15 8.94503e-17 1
4134 6.14444e-15 8.94503e-17 1
4135.5 6.08895e-15 8.94503e-17 1
4137 6.12361e-15 8.94503e-17 1
4138.5 6.10517e-15 8.94503e-17 1
4140 5.86995e-15 8.94503e-17 1
4141.5 5.79267e-15 8.94503e-17 1
4143 5.88494e-15 8.94503e-17 1
4144.5 5.74451e-15 8.94503e-17 1
4146 5.80075e-15 8.94503e-17 1
4147.5 5.81786e-15 8.94503e-17 1
4149 5.7716e-15 8.94503e-17 1
4150.5 5.72713e-15 8.94503e-17 1
4152 5.55682e-15 8.94503e-17 1
4153.5 5.56564e-15 8.94503e-17 1
4155 5.64513e-15 8.94503e-17 1
4156.5 5.68971e-15 8.94503e-17 1
4158 5.63233e-15 8.94503e-17 1
4159.5 5.5897e-15 8.94503e-17 1
4161 5.5811e-15 8.94503e-17 1
4162.5 5.46101e-15 8.94503e-17 1
4164 5.44833e-15 8.94503e-17 1
4165.5 5.45975e-15 8.94503e-17 1
4167 5.39514e-15 8.94503e-17 1
4168.5 5.36187e-15 8.94503e-17 1
4170 5.36421e-15 8.94503e-17 1
4171.5 5.38786e-15 8.94503e-17 1
4173 5.37816e-15 8.94503e-17 1
4174.5 5.4372e-15 8.94503e-17 1
4176 5.38742e-15 8.94503e-17 1
4177.5 5.35019e-15 8.94503e-17 1
4179 5.40004e-15 8.94503e-17 1
4180.5 5.38653e-15 8.94503e-17 1
4182 5.26781e-15 8.94503e-17 1
4183.5 5.25489e-15 8.94503e-17 1
4185 5.34057e-15 8.94503e-17 1
4186.5 5.32872e-15 8.94503e-17 1
4188 5.2322e-15 8.94503e-17 1
4189.5 5.26417e-15 8.94503e-17 1
4191 5.30286e-15 8.94503e-17 1
4192.5 5.27703e-15 8.94503e-17 1
4194 5.2687e-15 8.94503e-17 1
4195.5 5.22788e-15 8.94503e-17 1
4197 5.26804e-15 8.94503e-17 1
4198.5 5.352e-15 8.94503e-17 1
4200 5.29724e-15 8.94503e-17 1
4201.5 5.22124e-15 8.94503e-17 1
4203 5.21599e-15 8.94503e-17 1
4204.5 5.32373e-15 8.94503e-17 1
4206 5.23599e-15 8.94503e-17 1
4207.5 5.20799e-15 8.94503e-17 1
4209 5.23742e-15 8.94503e-17 1
4210.5 5.20764e-15 8.94503e-17 1
4212 5.19299e-15 8.94503e-17 1
4213.5 5.18779e-15 8.94503e-17 1
4215 5.11719e-15 8.94503e-17 1
4216.5 5.00434e-15 8.94503e-17 1
4218 5.02945e-15 8.94503e-17 1
4219.5 5.06346e-15 8.94503e-17 1
4221 4.93762e-15 7.10445e-17 1
4222.5 4.89328e-15 7.10445e-17 1
4224 4.93258e-15 7.10445e-17 1
4225.5 4.91479e-15 7.10445e-17 1
4227 4.83889e-15 7.10445e-17 1
4228.5 4.70319e-15 7.10445e-17 1
4230 4.67405e-15 7.10445e-17 1
4231.5 4.75783e-15 7.10445e-17 1
4233 4.72481e-15 7.10445e-17 1
4234.5 4.56529e-15 7.10445e-17 1
4236 4.52746e-15 7.10445e-17 1
4237.5 4.55669e-15 7.10445e-17 1
4239 4.535e-15 7.10445e-17 1
4240.5 4.52867e-15 7.10445e-17 1
4242 4.52188e-15 7.10445e-17 1
4243.5 4.40993e-15 7.10445e-17 1
4245 4.36216e-15 7.10445e-17 1
4246.5 4.43065e-15 7.10445e-17 1
4248 4.43398e-15 7.10445e-17 1
4249.5 4.33263e-15 7.10445e-17 1
4251 4.28059e-15 7.10445e-17 1
4252.5 4.26925e-15 7.10445e-17 1
4254 4.26541e-15 7.10445e-17 1
4255.5 4.25456e-15 7.10445e-17 1
4257 4.21994e-15 7.10445e-17 1
4258.5 4.19688e-15 7.10445e-17 1
4260 4.18373e-15 7.10445e-17 1
4261.5 4.18193e-15 7.10445e-17 1
4263 4.10923e-15 7.10445e-17 1
4264.5 4.04892e-15 7.10445e-17 1
4266 4.04798e-15 7.10445e-17 1
4267.5 4.02968e-15 7.10445e-17 1
4269 4.13919e-15 7.10445e-17 1
4270.5 4.21153e-15 7.10445e-17 1
4272 4.11902e-15 7.10445e-17 1
4273.5 4.06365e-15 7.10445e-17 1
4275 4.04222e-15 7.10445e-17 1
4276.5 4.02589e-15 7.10445e-17 1
4278 3.96267e-15 7.10445e-17 1
4279.5 3.9839e-15 7.10445e-17 1
4281 3.88428e-15 7.10445e-17 1
4282.5 3.89616e-15 7.10445e-17 1
4284 3.93433e-15 7.10445e-17 1
4285.5 3.84752e-15 7.10445e-17 1
4287 3.81985e-15 7.10445e-17 1
4288.5 3.77498e-15 7.10445e-17 1
4290 3.66898e-15 7.10445e-17 1
4291.5 3.79971e-15 7.10445e-17 1
4293 3.80681e-15 7.10445e-17 1
4294.5 3.78966e-15 7.10445e-17 1
4296 3.78517e-15 7.10445e-17 1
4297.5 3.65858e-15 7.10445e-17 1
4299 3.6806e-15 7.10445e-17 1
4300.5 3.69377e-15 7.10445e-17 1
4302 3.65297e-15 7.10445e-17 1
4303.5 3.65918e-15 7.10445e-17 1
4305 3.66882e-15 7.10445e-17 1
4306.5 3.66932e-15 7.10445e-17 1
4308 3.60105e-15 7.10445e-17 1
4309.5 3.51144e-15 7.10445e-17 1
4311 3.6082e-15 7.10445e-17 1
4312.5 3.70849e-15 7.10445e-17 1
4314 3.70802e-15 7.10445e-17 1
4315.5 3.56023e-15 7.10445e-17 1
4317 3.52989e-15 7.10445e-17 1
4318.5 3.61873e-15 7.10445e-17 1
4320 3.636e-15 8.32575e-17 1
4321.5 3.6423e-15 8.32575e-17 1
4323 3.68825e-15 8.32575e-17 1
4324.5 3.78119e-15 8.32575e-17 1
4326 3.78083e-15 8.32575e-17 1
4327.5 3.77328e-15 8.32575e-17 1
4329 3.78915e-15 8.32575e-17 1
4330.5 3.79285e-15 8.32575e-17 1
4332 3.74012e-15 8.32575e-17 1
4333.5 3.73734e-15 8.32575e-17 1
4335 3.74221e-15 8.32575e-17 1
4336.5 3.79388e-15 8.32575e-17 1
4338 3.8368e-15 8.32575e-17 1
4339.5 3.95353e-15 8.32575e-17 1
4341 4.00904e-15 8.32575e-17 1
4342.5 3.9237e-15 8.32575e-17 1
4344 3.90633e-15 8.32575e-17 1
4345.5 3.95961e-15 8.32575e-17 1
4347 3.96873e-15 8.32575e-17 1
4348.5 3.97268e-15 8.32575e-17 1
4350 4.00832e-15 8.32575e-17 1
4351.5 4.08237e-15 8.32575e-17 1
4353 4.10484e-15 8.32575e-17 1
4354.5 4.18205e-15 8.32575e-17 1
4356 4.11422e-15 8.32575e-17 1
4357.5 4.14198e-15 8.32575e-17 1
4359 4.16404e-15 8.32575e-17 1
4360.5 4.15817e-15 8.32575e-17 1
4362 4.2137e-15 8.32575e-17 1
4363.5 4.25234e-15 8.32575e-17 1
4365 4.20871e-15 8.32575e-17 1
4366.5 4.29176e-15 8.32575e-17 1
4368 4.42427e-15 8.32575e-17 1
4369.5 4.44077e-15 8.32575e-17 1
4371 4.38844e-15 8.32575e-17 1
4372.5 4.43227e-15 8.32575e-17 1
4374 4.53661e-15 8.32575e-17 1
4375.5 4.55281e-15 8.32575e-17 1
4377 4.56171e-15 8.32575e-17 1
4378.5 4.62228e-15 8.32575e-17 1
4380 4.64939e-15 8.32575e-17 1
4381.5 4.75797e-15 8.32575e-17 1
4383 4.84092e-15 8.32575e-17 1
4384.5 4.79858e-15 8.32575e-17 1
4386 4.7744e-15 8.32575e-17 1
4387.5 4.8077e-15 8.32575e-17 1
4389 4.82048e-15 8.32575e-17 1
4390.5 4.83726e-15 8.32575e-17 1
4392 4.86553e-15 8.32575e-17 1
4393.5 4.88785e-15 8.32575e-17 1
4395 4.88959e-15 8.32575e-17 1
4396.5 5.02927e-15 8.32575e-17 1
4398 5.17386e-15 8.32575e-17 1
4399.5 5.1757e-15 8.32575e-17 1
4401 5.16993e-15 8.32575e-17 1
4402.5 5.15594e-15 8.32575e-17 1
4404 5.16012e-15 8.32575e-17 1
4405.5 5.13524e-15 8.32575e-17 1
4407 5.10475e-15 8.32575e-17 1
4408.5 5.03663e-15 8.32575e-17 1
4410 5.10706e-15 8.32575e-17 1
4411.5 5.10249e-15 8.32575e-17 1
4413 5.12391e-15 8.32575e-17 1
4414.5 5.15728e-15 8.32575e-17 1
4416 5.15961e-15 8.32575e-17 1
4417.5 5.19304e-15 8.32575e-17 1
4419 5.15683e-15 8.32575e-17 1
4420.5 5.06253e-15 1.17335e-16 1
4422 5.02863e-15 1.17335e-16 1
4423.5 5.07328e-15 1.17335e-16 1
4425 5.04465e-15 1.17335e-16 1
4426.5 4.97297e-15 1.17335e-16 1
4428 4.90384e-15 1.17335e-16 1
4429.5 4.8029e-15 1.17335e-16 1
4431 4.91878e-15 1.17335e-16 1
4432.5 4.79619e-15 1.17335e-16 1
4434 4.64128e-15 1.17335e-16 1
4435.5 4.69894e-15 1.17335e-16 1
4437 4.80474e-15 1.17335e-16 1
4438.5 4.7823e-15 1.17335e-16 1
4440 4.62954e-15 1.17335e-16 1
4441.5 4.59426e-15 1.17335e-16 1
4443 4.53632e-15 1.17335e-16 1
4444.5 4.53772e-15 1.17335e-16 1
4446 4.4838e-15 1.17335e-16 1
4447.5 4.37858e-15 1.17335e-16 1
4449 4.33806e-15 1.17335e-16 1
4450.5 4.39585e-15 1.17335e-16 1
4452 4.4902e-15 1.17335e-16 1
4453.5 4.4914e-15 1.17335e-16 1
4455 4.47123e-15 1.17335e-16 1
4456.5 4.48155e-15 1.17335e-16 1
4458 4.46e-15 1.17335e-16 1
4459.5 4.42755e-15 1.17335e-16 1
4461 4.4197e-15 1.17335e-16 1
4462.5 4.47748e-15 1.17335e-16 1
4464 4.53359e-15 1.17335e-16 1
4465.5 4.50437e-15 1.17335e-16 1
4467 4.44769e-15 1.17335e-16 1
4468.5 4.41905e-15 1.17335e-16 1
4470 4.43165e-15 1.17335e-16 1
4471.5 4.50865e-15 1.17335e-16 1
4473 4.54679e-15 1.17335e-16 1
4474.5 4.51704e-15 1.17335e-16 1
4476 4.48859e-15 1.17335e-16 1
4477.5 4.54378e-15 1.17335e-16 1
4479 4.64596e-15 1.17335e-16 1
4480.5 4.69807e-15 1.17335e-16 1
4482 4.6729e-15 1.17335e-16 1
4483.5 4.66871e-15 1.17335e-16 1
4485 4.67531e-15 1.17335e-16 1
4486.5 4.76994e-15 1.17335e-16 1
4488 4.77637e-15 1.17335e-16 1
4489.5 4.84641e-15 1.17335e-16 1
4491 4.7922e-15 1.17335e-16 1
4492.5 4.73735e-15 1.17335e-16 1
4494 4.828e-15 1.17335e-16 1
4495.5 4.84087e-15 1.17335e-16 1
4497 4.83287e-15 1.17335e-16 1
4498.5 4.87006e-15 1.17335e-16 1
4500 4.87682e-15 1.17335e-16 1
4501.5 4.88672e-15 1.17335e-16 1
4503 4.98558e-15 1.17335e-16 1
4504.5 5.07425e-15 1.17335e-16 1
4506 5.01015e-15 1.17335e-16 1
4507.5 5.11919e-15 1.17335e-16 1
4509 5.14908e-15 1.17335e-16 1
4510.5 5.13038e-15 1.17335e-16 1
4512 5.03863e-15 1.17335e-16 1
4513.5 4.92882e-15 1.17335e-16 1
4515 5.09755e-15 1.17335e-16 1
4516.5 5.06663e-15 1.17335e-16 1
4518 5.0903e-15 1.17335e-16 1
4519.5 5.09269e-15 1.17335e-16 1
4521 5.01863e-15 6.28251e-17 1
4522.5 5.04242e-15 6.28251e-17 1
4524 5.07843e-15 6.28251e-17 1
4525.5 5.09723e-15 6.28251e-17 1
4527 5.08564e-15 6.28251e-17 1
4528.5 5.0534e-15 6.28251e-17 1
4530 5.05147e-15 6.28251e-17 1
4531.5 5.08435e-15 6.28251e-17 1
4533 5.09349e-15 6.28251e-17 1
4534.5 5.11611e-15 6.28251e-17 1
4536 5.13084e-15 6.28251e-17 1
4537.5 5.13174e-15 6.28251e-17 1
4539 5.14639e-15 6.28251e-17 1
4540.5 5.12815e-15 6.28251e-17 1
4542 5.09708e-15 6.28251e-17 1
4543.5 5.021e-15 6.28251e-17 1
4545 5.03531e-15 6.28251e-17 1
4546.5 5.1241e-15 6.28251e-17 1
4548 5.16885e-15 6.28251e-17 1
4549.5 5.17412e-15 6.28251e-17 1
4551 5.14483e-15 6.28251e-17 1
4552.5 5.12856e-15 6.28251e-17 1
4554 5.05326e-15 6.28251e-17 1
4555.5 5.03996e-15 6.28251e-17 1
4557 5.07417e-15 6.28251e-17 1
4558.5 5.13084e-15 6.28251e-17 1
4560 5.06569e-15 6.28251e-17 1
4561.5 5.00544e-15 6.28251e-17 1
4563 5.03805e-15 6.28251e-17 1
4564.5 5.04507e-15 6.28251e-17 1
4566 5.08087e-15 6.28251e-17 1
4567.5 5.0979e-15 6.28251e-17 1
4569 5.15306e-15 6.28251e-17 1
4570.5 5.06854e-15 6.28251e-17 1
4572 5.07429e-15 6.28251e-17 1
4573.5 5.14026e-15 6.28251e-17 1
4575 5.11175e-15 6.28251e-17 1
4576.5 5.13061e-15 6.28251e-17 1
4578 5.04914e-15 6.28251e-17 1
4579.5 5.03487e-15 6.28251e-17 1
4581 5.10774e-15 6.28251e-17 1
4582.5 5.12881e-15 6.28251e-17 1
4584 5.15167e-15 6.28251e-17 1
4585.5 5.1137e-15 6.28251e-17 1
4587 5.10803e-15 6.28251e-17 1
4588.5 5.1247e-15 6.28251e-17 1
4590 5.09473e-15 6.28251e-17 1
4591.5 5.03277e-15 6.28251e-17 1
4593 5.06985e-15 6.28251e-17 1
4594.5 5.08734e-15 6.28251e-17 1
4596 5.04601e-15 6.28251e-17 1
4597.5 5.05515e-15 6.28251e-17 1
4599 5.10701e-15 6.28251e-17 1
4600.5 5.12394e-15 6.28251e-17 1
4602 5.07964e-15 6.28251e-17 1
4603.5 5.07743e-15 6.28251e-17 1
4605 5.08502e-15 6.28251e-17 1
4606.5 5.07817e-15 6.28251e-17 1
4608 5.05874e-15 6.28251e-17 1
4609.5 5.10249e-15 6.28251e-17 1
4611 5.164e-15 6.28251e-17 1
4612.5 5.15868e-15 6.28251e-17 1
4614 5.13301e-15 6.28251e-17 1
4615.5 5.10857e-15 6.28251e-17 1
4617 5.07163e-15 6.28251e-17 1
4618.5 5.02793e-15 6.28251e-17 1
4620 5.05112e-15 5.14729e-17 1
4621.5 5.06836e-15 5.14729e-17 1
4623 5.09342e-15 5.14729e-17 1
4624.5 5.10908e-15 5.14729e-17 1
4626 5.12287e-15 5.14729e-17 1
4627.5 5.15034e-15 5.14729e-17 1
4629 5.13764e-15 5.14729e-17 1
4630.5 5.18379e-15 5.14729e-17 1
4632 5.14523e-15 5.14729e-17 1
4633.5 5.14157e-15 5.14729e-17 1
4635 5.16645e-15 5.14729e-17 1
4636.5 5.0742e-15 5.14729e-17 1
4638 5.00552e-15 5.14729e-17 1
4639.5 5.0798e-15 5.14729e-17 1
4641 5.12499e-15 5.14729e-17 1
4642.5 5.12308e-15 5.14729e-17 1
4644 5.16326e-15 5.14729e-17 1
4645.5 5.0981e-15 5.14729e-17 1
4647 5.05419e-15 5.14729e-17 1
4648.5 5.06485e-15 5.14729e-17 1
4650 5.03781e-15 5.14729e-17 1
4651.5 4.97585e-15 5.14729e-17 1
4653 5.09407e-15 5.14729e-17 1
4654.5 5.10669e-15 5.14729e-17 1
4656 5.1471e-15 5.14729e-17 1
4657.5 5.14712e-15 5.14729e-17 1
4659 5.08197e-15 5.14729e-17 1
4660.5 5.0628e-15 5.14729e-17 1
4662 5.03066e-15 5.14729e-17 1
4663.5 5.04173e-15 5.14729e-17 1
4665 5.03349e-15 5.14729e-17 1
4666.5 5.00039e-15 5.14729e-17 1
4668 4.99829e-15 5.14729e-17 1
4669.5 5.00772e-15 5.14729e-17 1
4671 4.95413e-15 5.14729e-17 1
4672.5 4.93432e-15 5.14729e-17 1
4674 4.96429e-15 5.14729e-17 1
4675.5 4.95346e-15 5.14729e-17 1
4677 4.95482e-15 5.14729e-17 1
4678.5 4.9786e-15 5.14729e-17 1
4680 4.88555e-15 5.14729e-17 1
4681.5 4.83295e-15 5.14729e-17 1
4683 4.83517e-15 5.14729e-17 1
4684.5 4.81019e-15 5.14729e-17 1
4686 4.77297e-15 5.14729e-17 1
4687.5 4.78053e-15 5.14729e-17 1
4689 4.75764e-15 5.14729e-17 1
4690.5 4.69425e-15 5.14729e-17 1
4692 4.68103e-15 5.14729e-17 1
4693.5 4.65392e-15 5.14729e-17 1
4695 4.66896e-15 5.14729e-17 1
4696.5 4.62994e-15 5.14729e-17 1
4698 4.55933e-15 5.14729e-17 1
4699.5 4.5959e-15 5.14729e-17 1
4701 4.5113e-15 5.14729e-17 1
4702.5 4.44595e-15 5.14729e-17 1
4704 4.44601e-15 5.14729e-17 1
4705.5 4.46854e-15 5.14729e-17 1
4707 4.52261e-15 5.14729e-17 1
4708.5 4.41009e-15 5.14729e-17 1
4710 4.29807e-15 5.14729e-17 1
4711.5 4.40135e-15 5.14729e-17 1
4713 4.42993e-15 5.14729e-17 1
4714.5 4.35865e-15 5.14729e-17 1
4716 4.30139e-15 5.14729e-17 1
4717.5 4.34316e-15 5.14729e-17 1
4719 4.37546e-15 5.14729e-17 1
4720.5 4.31447e-15 4.9661e-17 1
4722 4.32609e-15 4.9661e-17 1
4723.5 4.40096e-15 4.9661e-17 1
4725 4.33824e-15 4.9661e-17 1
4726.5 4.3076e-15 4.9661e-17 1
4728 4.30172e-15 4.9661e-17 1
4729.5 4.28983e-15 4.9661e-17 1
4731 4.20585e-15 4.9661e-17 1
4732.5 4.19798e-15 4.9661e-17 1
4734 4.26291e-15 4.9661e-17 1
4735.5 4.30349e-15 4.9661e-17 1
4737 4.27065e-15 4.9661e-17 1
4738.5 4.18799e-15 4.9661e-17 1
4740 4.23705e-15 4.9661e-17 1
4741.5 4.29785e-15 4.9661e-17 1
4743 4.3124e-15 4.9661e-17 1
4744.5 4.25391e-15 4.9661e-17 1
4746 4.22402e-15 4.9661e-17 1
4747.5 4.23918e-15 4.9661e-17 1
4749 4.2657e-15 4.9661e-17 1
4750.5 4.22214e-15 4.9661e-17 1
4752 4.21593e-15 4.9661e-17 1
4753.5 4.23589e-15 4.9661e-17 1
4755 4.23491e-15 4.9661e-17 1
4756.5 4.29682e-15 4.9661e-17 1
4758 4.31985e-15 4.9661e-17 1
4759.5 4.26336e-15 4.9661e-17 1
4761 4.27377e-15 4.9661e-17 1
4762.5 4.2701e-15 4.9661e-17 1
4764 4.21885e-15 4.9661e-17 1
4765.5 4.24649e-15 4.9661e-17 1
4767 4.24776e-15 4.9661e-17 1
4768.5 4.23061e-15 4.9661e-17 1
4770 4.25602e-15 4.9661e-17 1
4771.5 4.34183e-15 4.9661e-17 1
4773 4.27063e-15 4.9661e-17 1
4774.5 4.24907e-15 4.9661e-17 1
4776 4.28805e-15 4.9661e-17 1
4777.5 4.3257e-15 4.9661e-17 1
4779 4.32054e-15 4.9661e-17 1
4780.5 4.3441e-15 4.9661e-17 1
4782 4.3176e-15 4.9661e-17 1
4783.5 4.30341e-15 4.9661e-17 1
4785 4.36869e-15 4.9661e-17 1
4786.5 4.29016e-15 4.9661e-17 1
4788 4.33172e-15 4.9661e-17 1
4789.5 4.3605e-15 4.9661e-17 1
4791 4.33655e-15 4.9661e-17 1
4792.5 4.29592e-15 4.9661e-17 1
4794 4.23346e-15 4.9661e-17 1
4795.5 4.27878e-15 4.9661e-17 1
4797 4.24013e-15 4.9661e-17 1
4798.5 4.34795e-15 4.9661e-17 1
4800 4.31385e-15 4.9661e-17 1
4801.5 4.27196e-15 4.9661e-17 1
4803 4.26845e-15 4.9661e-17 1
4804.5 4.31773e-15 4.9661e-17 1
4806 4.35608e-15 4.9661e-17 1
4807.5 4.35879e-15 4.9661e-17 1
4809 4.38714e-15 4.9661e-17 1
4810.5 4.36574e-15 4.9661e-17 1
4812 4.41075e-15 4.9661e-17 1
4813.5 4.45496e-15 4.9661e-17 1
4815 4.40663e-15 4.9661e-17 1
4816.5 4.41465e-15 4.9661e-17 1
4818 4.43583e-15 4.9661e-17 1
4819.5 4.42605e-15 4.9661e-17 1
4821 4.41353e-15 5.11388e-17 1
4822.5 4.36614e-15 5.11388e-17 1
4824 4.41319e-15 5.11388e-17 1
4825.5 4.47368e-15 5.11388e-17 1
4827 4.47884e-15 5.11388e-17 1
4828.5 4.44551e-15 5.11388e-17 1
4830 4.4133e-15 5.11388e-17 1
4831.5 4.45468e-15 5.11388e-17 1
4833 4.47868e-15 5.11388e-17 1
4834.5 4.48892e-15 5.11388e-17 1
4836 4.46738e-15 5.11388e-17 1
4837.5 4.44369e-15 5.11388e-17 1
4839 4.47781e-15 5.11388e-17 1
4840.5 4.43845e-15 5.11388e-17 1
4842 4.43118e-15 5.11388e-17 1
4843.5 4.49641e-15 5.11388e-17 1
4845 4.49595e-15 5.11388e-17 1
4846.5 4.47101e-15 5.11388e-17 1
4848 4.37284e-15 5.11388e-17 1
4849.5 4.32646e-15 5.11388e-17 1
4851 4.34748e-15 5.11388e-17 1
4852.5 4.3654e-15 5.11388e-17 1
4854 4.39427e-15 5.11388e-17 1
4855.5 4.36831e-15 5.11388e-17 1
4857 4.33148e-15 5.11388e-17 1
4858.5 4.38471e-15 5.11388e-17 1
4860 4.33956e-15 5.11388e-17 1
4861.5 4.34915e-15 5.11388e-17 1
4863 4.29392e-15 5.11388e-17 1
4864.5 4.2157e-15 5.11388e-17 1
4866 4.21182e-15 5.11388e-17 1
4867.5 4.18149e-15 5.11388e-17 1
4869 4.18019e-15 5.11388e-17 1
4870.5 4.14206e-15 5.11388e-17 1
4872 4.20403e-15 5.11388e-17 1
4873.5 4.095e-15 5.11388e-17 1
4875 4.10308e-15 5.11388e-17 1
4876.5 4.09934e-15 5.11388e-17 1
4878 4.08481e-15 5.11388e-17 1
4879.5 4.0916e-15 5.11388e-17 1
4881 4.09175e-15 5.11388e-17 1
4882.5 4.03525e-15 5.11388e-17 1
4884 3.99862e-15 5.11388e-17 1
4885.5 3.95241e-15 5.11388e-17 1
4887 3.98785e-15 5.11388e-17 1
4888.5 3.94359e-15 5.11388e-17 1
4890 4.00648e-15 5.11388e-17 1
4891.5 4.01784e-15 5.11388e-17 1
4893 3.92846e-15 5.11388e-17 1
4894.5 3.92634e-15 5.11388e-17 1
4896 3.92965e-15 5.11388e-17 1
4897.5 3.90821e-15 5.11388e-17 1
4899 3.81138e-15 5.11388e-17 1
4900.5 3.80473e-15 5.11388e-17 1
4902 3.87854e-15 5.11388e-17 1
4903.5 3.90275e-15 5.11388e-17 1
4905 3.91379e-15 5.11388e-17 1
4906.5 3.85529e-15 5.11388e-17 1
4908 3.84419e-15 5.11388e-17 1
4909.5 3.81304e-15 5.11388e-17 1
4911 3.75613e-15 5.11388e-17 1
4912.5 3.77615e-15 5.11388e-17 1
4914 3.81767e-15 5.11388e-17 1
4915.5 3.8387e-15 5.11388e-17 1
4917 3.82131e-15 5.11388e-17 1
4918.5 3.7315e-15 5.11388e-17 1
4920 3.7091e-15 9.05141e-17 1
4921.5 3.64761e-15 9.05141e-17 1
4923 3.60979e-15 9.05141e-17 1
4924.5 3.68174e-15 9.05141e-17 1
4926 3.76428e-15 9.05141e-17 1
4927.5 3.88813e-15 9.05141e-17 1
4929 3.87661e-15 9.05141e-17 1
4930.5 3.80848e-15 9.05141e-17 1
4932 3.74577e-15 9.05141e-17 1
4933.5 3.57236e-15 9.05141e-17 1
4935 3.42919e-15 9.05141e-17 1
4936.5 3.37967e-15 9.05141e-17 1
4938 3.45487e-15 9.05141e-17 1
4939.5 3.45357e-15 9.05141e-17 1
4941 3.36892e-15 9.05141e-17 1
4942.5 3.37054e-15 9.05141e-17 1
4944 3.42048e-15 9.05141e-17 1
4945.5 3.36434e-15 9.05141e-17 1
4947 3.35654e-15 9.05141e-17 1
4948.5 3.39436e-15 9.05141e-17 1
4950 3.37676e-15 9.05141e-17 1
4951.5 3.35815e-15 9.05141e-17 1
4953 3.34769e-15 9.05141e-17 1
4954.5 3.39135e-15 9.05141e-17 1
4956 3.42837e-15 9.05141e-17 1
4957.5 3.33958e-15 9.05141e-17 1
4959 3.31971e-15 9.05141e-17 1
4960.5 3.3437e-15 9.05141e-17 1
4962 3.37446e-15 9.05141e-17 1
4963.5 3.39004e-15 9.05141e-17 1
4965 3.43688e-15 9.05141e-17 1
4966.5 3.41724e-15 9.05141e-17 1
4968 3.41774e-15 9.05141e-17 1
4969.5 3.44424e-15 9.05141e-17 1
4971 3.36955e-15 9.05141e-17 1
4972.5 3.3913e-15 9.05141e-17 1
4974 3.4303e-15 9.05141e-17 1
4975.5 3.40989e-15 9.05141e-17 1
4977 3.45761e-15 9.05141e-17 1
4978.5 3.43032e-15 9.05141e-17 1
4980 3.3623e-15 9.05141e-17 1
4981.5 3.29415e-15 9.05141e-17 1
4983 3.29003e-15 9.05141e-17 1
4984.5 3.27163e-15 9.05141e-17 1
4986 3.2375e-15 9.05141e-17 1
4987.5 3.22438e-15 9.05141e-17 1
4989 3.22362e-15 9.05141e-17 1
4990.5 3.19279e-15 9.05141e-17 1
4992 3.22263e-15 9.05141e-17 1
4993.5 3.24904e-15 9.05141e-17 1
4995 3.29782e-15 9.05141e-17 1
4996.5 3.26888e-15 9.05141e-17 1
4998 3.23577e-15 9.05141e-17 1
4999.5 3.27268e-15 9.05141e-17 1
5001 3.22332e-15 9.05141e-17 1
5002.5 3.26007e-15 9.05141e-17 1
5004 3.22204e-15 9.05141e-17 1
5005.5 3.18108e-15 9.05141e-17 1
5007 3.17351e-15 9.05141e-17 1
5008.5 3.15291e-15 9.05141e-17 1
5010 3.18901e-15 9.05141e-17 1
5011.5 3.20788e-15 9.05141e-17 1
5013 3.17138e-15 9.05141e-17 1
5014.5 3.22264e-15 9.05141e-17 1
5016 3.31631e-15 9.05141e-17 1
5017.5 3.21138e-15 9.05141e-17 1
5019 3.13551e-15 9.05141e-17 1
5020.5 3.18823e-15 6.07498e-17 1
5022 3.14994e-15 6.07498e-17 1
5023.5 3.2119e-15 6.07498e-17 1
5025 3.2397e-15 6.07498e-17 1
5026.5 3.25688e-15 6.07498e-17 1
5028 3.15988e-15 6.07498e-17 1
5029.5 3.19851e-15 6.07498e-17 1
5031 3.24567e-15 6.07498e-17 1
5032.5 3.23902e-15 6.07498e-17 1
5034 3.20294e-15 6.07498e-17 1
5035.5 3.22512e-15 6.07498e-17 1
5037 3.29843e-15 6.07498e-17 1
5038.5 3.3056e-15 6.07498e-17 1
5040 3.28256e-15 6.07498e-17 1
5041.5 3.29825e-15 6.07498e-17 1
5043 3.38321e-15 6.07498e-17 1
5044.5 3.43308e-15 6.07498e-17 1
5046 3.43368e-15 6.07498e-17 1
5047.5 3.43642e-15 6.07498e-17 1
5049 3.39818e-15 6.07498e-17 1
5050.5 3.39949e-15 6.07498e-17 1
5052 3.44981e-15 6.07498e-17 1
5053.5 3.47339e-15 6.07498e-17 1
5055 3.49126e-15 6.07498e-17 1
5056.5 3.54297e-15 6.07498e-17 1
5058 3.56023e-15 6.07498e-17 1
5059.5 3.58587e-15 6.07498e-17 1
5061 3.63431e-15 6.07498e-17 1
5062.5 3.63313e-15 6.07498e-17 1
5064 3.60297e-15 6.07498e-17 1
5065.5 3.60122e-15 6.07498e-17 1
5067 3.63368e-15 6.07498e-17 1
5068.5 3.64821e-15 6.07498e-17 1
5070 3.61314e-15 6.07498e-17 1
5071.5 3.65948e-15 6.07498e-17 1
5073 3.7171e-15 6.07498e-17 1
5074.5 3.73818e-15 6.07498e-17 1
5076 3.74869e-15 6.07498e-17 1
5077.5 3.80991e-15 6.07498e-17 1
5079 3.80522e-15 6.07498e-17 1
5080.5 3.73517e-15 6.07498e-17 1
5082 3.77783e-15 6.07498e-17 1
5083.5 3.80701e-15 6.07498e-17 1
5085 3.745e-15 6.07498e-17 1
5086.5 3.69933e-15 6.07498e-17 1
5088 3.6902e-15 6.07498e-17 1
5089.5 3.77304e-15 6.07498e-17 1
5091 3.76427e-15 6.07498e-17 1
5092.5 3.82025e-15 6.07498e-17 1
5094 3.8329e-15 6.07498e-17 1
5095.5 3.81431e-15 6.07498e-17 1
5097 3.82485e-15 6.07498e-17 1
5098.5 3.92763e-15 6.07498e-17 1
5100 3.96664e-15 6.07498e-17 1
5101.5 3.96129e-15 6.07498e-17 1
5103 3.91131e-15 6.07498e-17 1
5104.5 3.93953e-15 6.07498e-17 1
5106 3.92864e-15 6.07498e-17 1
5107.5 3.94234e-15 6.07498e-17 1
5109 3.98473e-15 6.07498e-17 1
5110.5 4.06969e-15 6.07498e-17 1
5112 4.04462e-15 6.07498e-17 1
5113.5 4.00296e-15 6.07498e-17 1
5115 4.02505e-15 6.07498e-17 1
5116.5 4.04471e-15 6.07498e-17 1
5118 4.05713e-15 6.07498e-17 1
5119.5 4.12913e-15 6.07498e-17 1
5121 4.18673e-15 3.67666e-17 1
5122.5 4.2053e-15 3.67666e-17 1
5124 4.21488e-15 3.67666e-17 1
5125.5 4.20503e-15 3.67666e-17 1
5127 4.22143e-15 3.67666e-17 1
5128.5 4.24641e-15 3.67666e-17 1
5130 4.24161e-15 3.67666e-17 1
5131.5 4.26131e-15 3.67666e-17 1
5133 4.29516e-15 3.67666e-17 1
5134.5 4.29068e-15 3.67666e-17 1
5136 4.26174e-15 3.67666e-17 1
5137.5 4.22441e-15 3.67666e-17 1
5139 4.2733e-15 3.67666e-17 1
5140.5 4.29502e-15 3.67666e-17 1
5142 4.3086e-15 3.67666e-17 1
5143.5 4.32217e-15 3.67666e-17 1
5145 4.34113e-15 3.67666e-17 1
5146.5 4.3089e-15 3.67666e-17 1
5148 4.30579e-15 3.67666e-17 1
5149.5 4.36378e-15 3.67666e-17 1
5151 4.33517e-15 3.67666e-17 1
5152.5 4.367e-15 3.67666e-17 1
5154 4.31451e-15 3.67666e-17 1
5155.5 4.33335e-15 3.67666e-17 1
5157 4.39415e-15 3.67666e-17 1
5158.5 4.37182e-15 3.67666e-17 1
5160 4.41432e-15 3.67666e-17 1
5161.5 4.38423e-15 3.67666e-17 1
5163 4.37104e-15 3.67666e-17 1
5164.5 4.41728e-15 3.67666e-17 1
5166 4.3892e-15 3.67666e-17 1
5167.5 4.41133e-15 3.67666e-17 1
5169 4.38752e-15 3.67666e-17 1
5170.5 4.30444e-15 3.67666e-17 1
5172 4.3692e-15 3.67666e-17 1
5173.5 4.3786e-15 3.67666e-17 1
5175 4.41555e-15 3.67666e-17 1
5176.5 4.39159e-15 3.67666e-17 1
5178 4.33611e-15 3.67666e-17 1
5179.5 4.37157e-15 3.67666e-17 1
5181 4.44099e-15 3.67666e-17 1
5182.5 4.50482e-15 3.67666e-17 1
5184 4.45781e-15 3.67666e-17 1
5185.5 4.47318e-15 3.67666e-17 1
5187 4.51131e-15 3.67666e-17 1
5188.5 4.47202e-15 3.67666e-17 1
5190 4.49704e-15 3.67666e-17 1
5191.5 4.51844e-15 3.67666e-17 1
5193 4.48952e-15 3.67666e-17 1
5194.5 4.47812e-15 3.67666e-17 1
5196 4.47884e-15 3.67666e-17 1
5197.5 4.44551e-15 3.67666e-17 1
5199 4.41146e-15 3.67666e-17 1
5200.5 4.41882e-15 3.67666e-17 1
5202 4.48582e-15 3.67666e-17 1
5203.5 4.54005e-15 3.67666e-17 1
5205 4.53381e-15 3.67666e-17 1
5206.5 4.50963e-15 3.67666e-17 1
5208 4.52705e-15 3.67666e-17 1
5209.5 4.51199e-15 3.67666e-17 1
5211 4.49793e-15 3.67666e-17 1
5212.5 4.48632e-15 3.67666e-17 1
5214 4.49494e-15 3.67666e-17 1
5215.5 4.5497e-15 3.67666e-17 1
5217 4.52846e-15 3.67666e-17 1
5218.5 4.49795e-15 3.67666e-17 1
5220 4.54398e-15 5.09273e-17 1
5221.5 4.51135e-15 5.09273e-17 1
5223 4.44096e-15 5.09273e-17 1
5224.5 4.44402e-15 5.09273e-17 1
5226 4.51302e-15 5.09273e-17 1
5227.5 4.53877e-15 5.09273e-17 1
5229 4.46861e-15 5.09273e-17 1
5230.5 4.50005e-15 5.09273e-17 1
5232 4.59133e-15 5.09273e-17 1
5233.5 4.58251e-15 5.09273e-17 1
5235 4.53229e-15 5.09273e-17 1
5236.5 4.48924e-15 5.09273e-17 1
5238 4.46128e-15 5.09273e-17 1
5239.5 4.54349e-15 5.09273e-17 1
5241 4.55519e-15 5.09273e-17 1
5242.5 4.47458e-15 5.09273e-17 1
5244 4.4317e-15 5.09273e-17 1
5245.5 4.44276e-15 5.09273e-17 1
5247 4.47707e-15 5.09273e-17 1
5248.5 4.52271e-15 5.09273e-17 1
5250 4.50684e-15 5.09273e-17 1
5251.5 4.46588e-15 5.09273e-17 1
5253 4.47577e-15 5.09273e-17 1
5254.5 4.47996e-15 5.09273e-17 1
5256 4.49021e-15 5.09273e-17 1
5257.5 4.47166e-15 5.09273e-17 1
5259 4.46248e-15 5.09273e-17 1
5260.5 4.473e-15 5.09273e-17 1
5262 4.47227e-15 5.09273e-17 1
5263.5 4.49843e-15 5.09273e-17 1
5265 4.50571e-15 5.09273e-17 1
5266.5 4.48726e-15 5.09273e-17 1
5268 4.47429e-15 5.09273e-17 1
5269.5 4.43718e-15 5.09273e-17 1
5271 4.44923e-15 5.09273e-17 1
5272.5 4.49589e-15 5.09273e-17 1
5274 4.47127e-15 5.09273e-17 1
5275.5 4.42835e-15 5.09273e-17 1
5277 4.37544e-15 5.09273e-17 1
5278.5 4.34921e-15 5.09273e-17 1
5280 4.36244e-15 5.09273e-17 1
5281.5 4.32554e-15 5.09273e-17 1
5283 4.28766e-15 5.09273e-17 1
5284.5 4.27912e-15 5.09273e-17 1
5286 4.23004e-15 5.09273e-17 1
5287.5 4.23482e-15 5.09273e-17 1
5289 4.27406e-15 5.09273e-17 1
5290.5 4.2827e-15 5.09273e-17 1
5292 4.23353e-15 5.09273e-17 1
5293.5 4.19041e-15 5.09273e-17 1
5295 4.19339e-15 5.09273e-17 1
5296.5 4.12659e-15 5.09273e-17 1
5298 4.06919e-15 5.09273e-17 1
5299.5 4.10371e-15 5.09273e-17 1
5301 4.10777e-15 5.09273e-17 1
5302.5 4.12511e-15 5.09273e-17 1
5304 4.1949e-15 5.09273e-17 1
5305.5 4.22285e-15 5.09273e-17 1
5307 4.16298e-15 5.09273e-17 1
5308.5 4.10156e-15 5.09273e-17 1
5310 4.11337e-15 5.09273e-17 1
5311.5 4.04516e-15 5.09273e-17 1
5313 4.04115e-15 5.09273e-17 1
5314.5 4.02467e-15 5.09273e-17 1
5316 4.0096e-15 5.09273e-17 1
5317.5 4.04833e-15 5.09273e-17 1
5319 4.07944e-15 5.09273e-17 1
5320.5 4.09276e-15 4.62792e-17 1
5322 4.04984e-15 4.62792e-17 1
5323.5 3.95966e-15 4.62792e-17 1
5325 3.91363e-15 4.62792e-17 1
5326.5 3.94829e-15 4.62792e-17 1
5328 4.00156e-15 4.62792e-17 1
5329.5 4.04472e-15 4.62792e-17 1
5331 4.01584e-15 4.62792e-17 1
5332.5 3.95026e-15 4.62792e-17 1
5334 3.95477e-15 4.62792e-17 1
5335.5 3.96596e-15 4.62792e-17 1
5337 3.95277e-15 4.62792e-17 1
5338.5 3.89722e-15 4.62792e-17 1
5340 3.81588e-15 4.62792e-17 1
5341.5 3.77325e-15 4.62792e-17 1
5343 3.82987e-15 4.62792e-17 1
5344.5 3.91237e-15 4.62792e-17 1
5346 3.88901e-15 4.62792e-17 1
5347.5 3.82278e-15 4.62792e-17 1
5349 3.82795e-15 4.62792e-17 1
5350.5 3.85456e-15 4.62792e-17 1
5352 3.81481e-15 4.62792e-17 1
5353.5 3.83159e-15 4.62792e-17 1
5355 3.87472e-15 4.62792e-17 1
5356.5 3.89647e-15 4.62792e-17 1
5358 3.91577e-15 4.62792e-17 1
5359.5 3.90819e-15 4.62792e-17 1
5361 3.90659e-15 4.62792e-17 1
5362.5 3.86724e-15 4.62792e-17 1
5364 3.89073e-15 4.62792e-17 1
5365.5 3.9432e-15 4.62792e-17 1
5367 3.94546e-15 4.62792e-17 1
5368.5 3.91038e-15 4.62792e-17 1
5370 3.89989e-15 4.62792e-17 1
5371.5 3.8901e-15 4.62792e-17 1
5373 3.88577e-15 4.62792e-17 1
5374.5 3.94786e-15 4.62792e-17 1
5376 3.95276e-15 4.62792e-17 1
5377.5 3.92474e-15 4.62792e-17 1
5379 3.88032e-15 4.62792e-17 1
5380.5 3.94094e-15 4.62792e-17 1
5382 3.92894e-15 4.62792e-17 1
5383.5 3.90536e-15 4.62792e-17 1
5385 3.97634e-15 4.62792e-17 1
5386.5 3.96356e-15 4.62792e-17 1
5388 3.95724e-15 4.62792e-17 1
5389.5 3.99201e-15 4.62792e-17 1
5391 3.90638e-15 4.62792e-17 1
5392.5 3.91074e-15 4.62792e-17 1
5394 3.91043e-15 4.62792e-17 1
5395.5 3.91444e-15 4.62792e-17 1
5397 3.89523e-15 4.62792e-17 1
5398.5 3.91906e-15 4.62792e-17 1
5400 3.86526e-15 4.62792e-17 1
5401.5 3.85655e-15 4.62792e-17 1
5403 3.90841e-15 4.62792e-17 1
5404.5 3.89461e-15 4.62792e-17 1
5406 3.87251e-15 4.62792e-17 1
5407.5 3.87512e-15 4.62792e-17 1
5409 3.8607e-15 4.62792e-17 1
5410.5 3.85069e-15 4.62792e-17 1
5412 3.87303e-15 4.62792e-17 1
5413.5 3.85063e-15 4.62792e-17 1
5415 3.8782e-15 4.62792e-17 1
5416.5 3.89028e-15 4.62792e-17 1
5418 3.86942e-15 4.62792e-17 1
5419.5 3.86469e-15 4.62792e-17 1
5421 3.82982e-15 3.63771e-17 1
5422.5 3.82064e-15 3.63771e-17 1
5424 3.85537e-15 3.63771e-17 1
5425.5 3.89678e-15 3.63771e-17 1
5427 3.89643e-15 3.63771e-17 1
5428.5 3.91207e-15 3.63771e-17 1
5430 3.94536e-15 3.63771e-17 1
5431.5 3.94538e-15 3.63771e-17 1
5433 3.90678e-15 3.63771e-17 1
5434.5 3.90167e-15 3.63771e-17 1
5436 3.89409e-15 3.63771e-17 1
5437.5 3.88762e-15 3.63771e-17 1
5439 3.89102e-15 3.63771e-17 1
5440.5 3.83989e-15 3.63771e-17 1
5442 3.84775e-15 3.63771e-17 1
5443.5 3.78819e-15 3.63771e-17 1
5445 3.77449e-15 3.63771e-17 1
5446.5 3.82438e-15 3.63771e-17 1
5448 3.79307e-15 3.63771e-17 1
5449.5 3.85319e-15 3.63771e-17 1
5451 3.88296e-15 3.63771e-17 1
5452.5 3.84931e-15 3.63771e-17 1
5454 3.81327e-15 3.63771e-17 1
5455.5 3.85729e-15 3.63771e-17 1
5457 3.86887e-15 3.63771e-17 1
5458.5 3.83187e-15 3.63771e-17 1
5460 3.78724e-15 3.63771e-17 1
5461.5 3.78633e-15 3.63771e-17 1
5463 3.81883e-15 3.63771e-17 1
5464.5 3.80223e-15 3.63771e-17 1
5466 3.79913e-15 3.63771e-17 1
5467.5 3.78832e-15 3.63771e-17 1
5469 3.78461e-15 3.63771e-17 1
5470.5 3.82096e-15 3.63771e-17 1
5472 3.79309e-15 3.63771e-17 1
5473.5 3.76945e-15 3.63771e-17 1
5475 3.79012e-15 3.63771e-17 1
5476.5 3.78419e-15 3.63771e-17 1
5478 3.77857e-15 3.63771e-17 1
5479.5 3.74342e-15 3.63771e-17 1
5481 3.68495e-15 3.63771e-17 1
5482.5 3.74608e-15 3.63771e-17 1
5484 3.71872e-15 3.63771e-17 1
5485.5 3.66324e-15 3.63771e-17 1
5487 3.67953e-15 3.63771e-17 1
5488.5 3.71896e-15 3.63771e-17 1
5490 3.68188e-15 3.63771e-17 1
5491.5 3.66222e-15 3.63771e-17 1
5493 3.7155e-15 3.63771e-17 1
5494.5 3.73965e-15 3.63771e-17 1
5496 3.73336e-15 3.63771e-17 1
5497.5 3.75289e-15 3.63771e-17 1
5499 3.73444e-15 3.63771e-17 1
5500.5 3.71313e-15 3.63771e-17 1
5502 3.71193e-15 3.63771e-17 1
5503.5 3.70898e-15 3.63771e-17 1
5505 3.73866e-15 3.63771e-17 1
5506.5 3.68404e-15 3.63771e-17 1
5508 3.66276e-15 3.63771e-17 1
5509.5 3.714e-15 3.63771e-17 1
5511 3.68789e-15 3.63771e-17 1
5512.5 3.71966e-15 3.63771e-17 1
5514 3.73389e-15 3.63771e-17 1
5515.5 3.68662e-15 3.63771e-17 1
5517 3.7411e-15 3.63771e-17 1
5518.5 3.77145e-15 3.63771e-17 1
5520 3.69924e-15 4.66977e-17 1
5521.5 3.73203e-15 4.66977e-17 1
5523 3.72166e-15 4.66977e-17 1
5524.5 3.64564e-15 4.66977e-17 1
5526 3.70677e-15 4.66977e-17 1
5527.5 3.74188e-15 4.66977e-17 1
5529 3.77594e-15 4.66977e-17 1
5530.5 3.69802e-15 4.66977e-17 1
5532 3.73078e-15 4.66977e-17 1
5533.5 3.73437e-15 4.66977e-17 1
5535 3.68303e-15 4.66977e-17 1
5536.5 3.73753e-15 4.66977e-17 1
5538 3.7466e-15 4.66977e-17 1
5539.5 3.70834e-15 4.66977e-17 1
5541 3.69409e-15 4.66977e-17 1
5542.5 3.71216e-15 4.66977e-17 1
5544 3.64525e-15 4.66977e-17 1
5545.5 3.71504e-15 4.66977e-17 1
5547 3.72204e-15 4.66977e-17 1
5548.5 3.69896e-15 4.66977e-17 1
5550 3.70408e-15 4.66977e-17 1
5551.5 3.71916e-15 4.66977e-17 1
5553 3.70113e-15 4.66977e-17 1
5554.5 3.62125e-15 4.66977e-17 1
5556 3.63028e-15 4.66977e-17 1
5557.5 3.64764e-15 4.66977e-17 1
5559 3.61847e-15 4.66977e-17 1
5560.5 3.64381e-15 4.66977e-17 1
5562 3.68306e-15 4.66977e-17 1
5563.5 3.72774e-15 4.66977e-17 1
5565 3.69804e-15 4.66977e-17 1
5566.5 3.67426e-15 4.66977e-17 1
5568 3.66452e-15 4.66977e-17 1
5569.5 3.66597e-15 4.66977e-17 1
5571 3.6348e-15 4.66977e-17 1
5572.5 3.63513e-15 4.66977e-17 1
5574 3.67226e-15 4.66977e-17 1
5575.5 3.69018e-15 4.66977e-17 1
5577 3.67915e-15 4.66977e-17 1
5578.5 3.62868e-15 4.66977e-17 1
5580 3.56067e-15 4.66977e-17 1
5581.5 3.5032e-15 4.66977e-17 1
5583 3.45639e-15 4.66977e-17 1
5584.5 3.44091e-15 4.66977e-17 1
5586 3.43163e-15 4.66977e-17 1
5587.5 3.41987e-15 4.66977e-17 1
5589 3.40724e-15 4.66977e-17 1
5590.5 3.4314e-15 4.66977e-17 1
5592 3.40938e-15 4.66977e-17 1
5593.5 3.39446e-15 4.66977e-17 1
5595 3.45573e-15 4.66977e-17 1
5596.5 3.44985e-15 4.66977e-17 1
5598 3.43962e-15 4.66977e-17 1
5599.5 3.47483e-15 4.66977e-17 1
5601 3.49008e-15 4.66977e-17 1
5602.5 3.44015e-15 4.66977e-17 1
5604 3.37925e-15 4.66977e-17 1
5605.5 3.37971e-15 4.66977e-17 1
5607 3.42178e-15 4.66977e-17 1
5608.5 3.40892e-15 4.66977e-17 1
5610 3.38364e-15 4.66977e-17 1
5611.5 3.40393e-15 4.66977e-17 1
5613 3.44868e-15 4.66977e-17 1
5614.5 3.46206e-15 4.66977e-17 1
5616 3.3864e-15 4.66977e-17 1
5617.5 3.36431e-15 4.66977e-17 1
5619 3.39449e-15 4.66977e-17 1
5620.5 3.44249e-15 4.0901e-17 1
5622 3.49656e-15 4.0901e-17 1
5623.5 3.51439e-15 4.0901e-17 1
5625 3.51908e-15 4.0901e-17 1
5626.5 3.54728e-15 4.0901e-17 1
5628 3.54733e-15 4.0901e-17 1
5629.5 3.50271e-15 4.0901e-17 1
5631 3.50357e-15 4.0901e-17 1
5632.5 3.50951e-15 4.0901e-17 1
5634 3.52242e-15 4.0901e-17 1
5635.5 3.5489e-15 4.0901e-17 1
5637 3.53373e-15 4.0901e-17 1
5638.5 3.48269e-15 4.0901e-17 1
5640 3.50586e-15 4.0901e-17 1
5641.5 3.56063e-15 4.0901e-17 1
5643 3.53143e-15 4.0901e-17 1
5644.5 3.52825e-15 4.0901e-17 1
5646 3.53772e-15 4.0901e-17 1
5647.5 3.52293e-15 4.0901e-17 1
5649 3.54868e-15 4.0901e-17 1
5650.5 3.57122e-15 4.0901e-17 1
5652 3.57875e-15 4.0901e-17 1
5653.5 3.56637e-15 4.0901e-17 1
5655 3.58855e-15 4.0901e-17 1
5656.5 3.60508e-15 4.0901e-17 1
5658 3.5918e-15 4.0901e-17 1
5659.5 3.57688e-15 4.0901e-17 1
5661 3.61608e-15 4.0901e-17 1
5662.5 3.60345e-15 4.0901e-17 1
5664 3.52344e-15 4.0901e-17 1
5665.5 3.54996e-15 4.0901e-17 1
5667 3.57918e-15 4.0901e-17 1
5668.5 3.52611e-15 4.0901e-17 1
5670 3.50387e-15 4.0901e-17 1
5671.5 3.56329e-15 4.0901e-17 1
5673 3.5989e-15 4.0901e-17 1
5674.5 3.60763e-15 4.0901e-17 1
5676 3.60581e-15 4.0901e-17 1
5677.5 3.56972e-15 4.0901e-17 1
5679 3.51035e-15 4.0901e-17 1
5680.5 3.514e-15 4.0901e-17 1
5682 3.53652e-15 4.0901e-17 1
5683.5 3.54666e-15 4.0901e-17 1
5685 3.56634e-15 4.0901e-17 1
5686.5 3.58476e-15 4.0901e-17 1
5688 3.60124e-15 4.0901e-17 1
5689.5 3.58402e-15 4.0901e-17 1
5691 3.59405e-15 4.0901e-17 1
5692.5 3.57602e-15 4.0901e-17 1
5694 3.50067e-15 4.0901e-17 1
5695.5 3.53051e-15 4.0901e-17 1
5697 3.51894e-15 4.0901e-17 1
5698.5 3.48371e-15 4.0901e-17 1
5700 3.50192e-15 4.0901e-17 1
5701.5 3.57285e-15 4.0901e-17 1
5703 3.57904e-15 4.0901e-17 1
5704.5 3.59609e-15 4.0901e-17 1
5706 3.59222e-15 4.0901e-17 1
5707.5 3.61006e-15 4.0901e-17 1
5709 3.62213e-15 4.0901e-17 1
5710.5 3.60134e-15 4.0901e-17 1
5712 3.59596e-15 4.0901e-17 1
5713.5 3.5814e-15 4.0901e-17 1
5715 3.58163e-15 4.0901e-17 1
5716.5 3.58186e-15 4.0901e-17 1
5718 3.5821e-15 4.0901e-17 1
5719.5 3.58233e-15 4.0901e-17 1
5721 3.58256e-15 6.03675e-17 1
5722.5 3.58256e-15 6.03675e-17 1
5724 3.57055e-15 6.03675e-17 1
5725.5 3.56783e-15 6.03675e-17 1
5727 3.64493e-15 6.03675e-17 1
5728.5 3.64046e-15 6.03675e-17 1
5730 3.59169e-15 6.03675e-17 1
5731.5 3.59779e-15 6.03675e-17 1
5733 3.62641e-15 6.03675e-17 1
5734.5 3.64401e-15 6.03675e-17 1
5736 3.59128e-15 6.03675e-17 1
5737.5 3.47556e-15 6.03675e-17 1
5739 3.48403e-15 6.03675e-17 1
5740.5 3.4969e-15 6.03675e-17 1
5742 3.50058e-15 6.03675e-17 1
5743.5 3.54323e-15 6.03675e-17 1
5745 3.56627e-15 6.03675e-17 1
5746.5 3.56403e-15 6.03675e-17 1
5748 3.57997e-15 6.03675e-17 1
5749.5 3.53776e-15 6.03675e-17 1
5751 3.5604e-15 6.03675e-17 1
5752.5 3.67737e-15 6.03675e-17 1
5754 3.64102e-15 6.03675e-17 1
5755.5 3.63065e-15 6.03675e-17 1
5757 3.60704e-15 6.03675e-17 1
5758.5 3.57399e-15 6.03675e-17 1
5760 3.59793e-15 6.03675e-17 1
5761.5 3.54832e-15 6.03675e-17 1
5763 3.50001e-15 6.03675e-17 1
5764.5 3.57251e-15 6.03675e-17 1
5766 3.59933e-15 6.03675e-17 1
5767.5 3.55935e-15 6.03675e-17 1
5769 3.50207e-15 6.03675e-17 1
5770.5 3.52783e-15 6.03675e-17 1
5772 3.51657e-15 6.03675e-17 1
5773.5 3.54369e-15 6.03675e-17 1
5775 3.52535e-15 6.03675e-17 1
5776.5 3.4906e-15 6.03675e-17 1
5778 3.51621e-15 6.03675e-17 1
5779.5 3.47502e-15 6.03675e-17 1
5781 3.42667e-15 6.03675e-17 1
5782.5 3.42194e-15 6.03675e-17 1
5784 3.45962e-15 6.03675e-17 1
5785.5 3.46527e-15 6.03675e-17 1
5787 3.48528e-15 6.03675e-17 1
5788.5 3.5229e-15 6.03675e-17 1
5790 3.51477e-15 6.03675e-17 1
5791.5 3.5045e-15 6.03675e-17 1
5793 3.5124e-15 6.03675e-17 1
5794.5 3.49076e-15 6.03675e-17 1
5796 3.49301e-15 6.03675e-17 1
5797.5 3.62245e-15 6.03675e-17 1
5799 3.65927e-15 6.03675e-17 1
5800.5 3.66152e-15 6.03675e-17 1
5802 3.66792e-15 6.03675e-17 1
5803.5 3.66518e-15 6.03675e-17 1
5805 3.6201e-15 6.03675e-17 1
5806.5 3.56933e-15 6.03675e-17 1
5808 3.55192e-15 6.03675e-17 1
5809.5 3.54018e-15 6.03675e-17 1
5811 3.56901e-15 6.03675e-17 1
5812.5 3.5971e-15 6.03675e-17 1
5814 3.59396e-15 6.03675e-17 1
5815.5 3.57291e-15 6.03675e-17 1
5817 3.55311e-15 6.03675e-17 1
5818.5 3.57065e-15 6.03675e-17 1
5820 3.56835e-15 7.87756e-17 1
5821.5 3.55769e-15 7.87756e-17 1
5823 3.58007e-15 7.87756e-17 1
5824.5 3.57687e-15 7.87756e-17 1
5826 3.58974e-15 7.87756e-17 1
5827.5 3.59399e-15 7.87756e-17 1
5829 3.59435e-15 7.87756e-17 1
5830.5 3.62146e-15 7.87756e-17 1
5832 3.5916e-15 7.87756e-17 1
5833.5 3.5784e-15 7.87756e-17 1
5835 3.57628e-15 7.87756e-17 1
5836.5 3.61596e-15 7.87756e-17 1
5838 3.65707e-15 7.87756e-17 1
5839.5 3.65328e-15 7.87756e-17 1
5841 3.66071e-15 7.87756e-17 1
5842.5 3.59254e-15 7.87756e-17 1
5844 3.58636e-15 7.87756e-17 1
5845.5 3.58571e-15 7.87756e-17 1
5847 3.55536e-15 7.87756e-17 1
5848.5 3.5062e-15 7.87756e-17 1
5850 3.52958e-15 7.87756e-17 1
5851.5 3.55455e-15 7.87756e-17 1
5853 3.54203e-15 7.87756e-17 1
5854.5 3.5763e-15 7.87756e-17 1
5856 3.65151e-15 7.87756e-17 1
5857.5 3.6586e-15 7.87756e-17 1
5859 3.59284e-15 7.87756e-17 1
5860.5 3.57814e-15 7.87756e-17 1
5862 3.58122e-15 7.87756e-17 1
5863.5 3.50786e-15 7.87756e-17 1
5865 3.5016e-15 7.87756e-17 1
5866.5 3.54989e-15 7.87756e-17 1
5868 3.56206e-15 7.87756e-17 1
5869.5 3.54525e-15 7.87756e-17 1
5871 3.57411e-15 7.87756e-17 1
5872.5 3.60626e-15 7.87756e-17 1
5874 3.56814e-15 7.87756e-17 1
5875.5 3.5309e-15 7.87756e-17 1
5877 3.53882e-15 7.87756e-17 1
5878.5 3.56169e-15 7.87756e-17 1
5880 3.56575e-15 7.87756e-17 1
5881.5 3.56433e-15 7.87756e-17 1
5883 3.51608e-15 7.87756e-17 1
5884.5 3.48272e-15 7.87756e-17 1
5886 3.42339e-15 7.87756e-17 1
5887.5 3.36711e-15 7.87756e-17 1
5889 3.35274e-15 7.87756e-17 1
5890.5 3.30528e-15 7.87756e-17 1
5892 3.36997e-15 7.87756e-17 1
5893.5 3.41423e-15 7.87756e-17 1
5895 3.36649e-15 7.87756e-17 1
5896.5 3.36242e-15 7.87756e-17 1
5898 3.38657e-15 7.87756e-17 1
5899.5 3.44183e-15 7.87756e-17 1
5901 3.46458e-15 7.87756e-17 1
5902.5 3.5777e-15 7.87756e-17 1
5904 3.50587e-15 7.87756e-17 1
5905.5 3.53465e-15 7.87756e-17 1
5907 3.56623e-15 7.87756e-17 1
5908.5 3.5461e-15 7.87756e-17 1
5910 3.53998e-15 7.87756e-17 1
5911.5 3.66295e-15 7.87756e-17 1
5913 3.65015e-15 7.87756e-17 1
5914.5 3.55511e-15 7.87756e-17 1
5916 3.60401e-15 7.87756e-17 1
5917.5 3.62182e-15 7.87756e-17 1
5919 3.50465e-15 7.87756e-17 1
5920.5 3.50258e-15 1.05022e-16 1
5922 3.55474e-15 1.05022e-16 1
5923.5 3.5729e-15 1.05022e-16 1
5925 3.57585e-15 1.05022e-16 1
5926.5 3.61967e-15 1.05022e-16 1
5928 3.64342e-15 1.05022e-16 1
5929.5 3.67208e-15 1.05022e-16 1
5931 3.67891e-15 1.05022e-16 1
5932.5 3.63533e-15 1.05022e-16 1
5934 3.61302e-15 1.05022e-16 1
5935.5 3.64834e-15 1.05022e-16 1
5937 3.62779e-15 1.05022e-16 1
5938.5 3.60517e-15 1.05022e-16 1
5940 3.58473e-15 1.05022e-16 1
5941.5 3.55847e-15 1.05022e-16 1
5943 3.55558e-15 1.05022e-16 1
5944.5 3.52189e-15 1.05022e-16 1
5946 3.50049e-15 1.05022e-16 1
5947.5 3.50485e-15 1.05022e-16 1
5949 3.55204e-15 1.05022e-16 1
5950.5 3.62024e-15 1.05022e-16 1
5952 3.61309e-15 1.05022e-16 1
5953.5 3.57769e-15 1.05022e-16 1
5955 3.5926e-15 1.05022e-16 1
5956.5 3.60527e-15 1.05022e-16 1
5958 3.60641e-15 1.05022e-16 1
5959.5 3.58355e-15 1.05022e-16 1
5961 3.63155e-15 1.05022e-16 1
5962.5 3.6034e-15 1.05022e-16 1
5964 3.64085e-15 1.05022e-16 1
5965.5 3.60258e-15 1.05022e-16 1
5967 3.47333e-15 1.05022e-16 1
5968.5 3.37724e-15 1.05022e-16 1
5970 3.32862e-15 1.05022e-16 1
5971.5 3.22783e-15 1.05022e-16 1
5973 3.17635e-15 1.05022e-16 1
5974.5 3.25827e-15 1.05022e-16 1
5976 3.30158e-15 1.05022e-16 1
5977.5 3.27092e-15 1.05022e-16 1
5979 3.27751e-15 1.05022e-16 1
5980.5 3.39193e-15 1.05022e-16 1
5982 3.53023e-15 1.05022e-16 1
5983.5 3.59705e-15 1.05022e-16 1
5985 3.60989e-15 1.05022e-16 1
5986.5 3.57081e-15 1.05022e-16 1
5988 3.53731e-15 1.05022e-16 1
5989.5 3.54875e-15 1.05022e-16 1
5991 3.63118e-15 1.05022e-16 1
5992.5 3.56924e-15 1.05022e-16 1
5994 3.53021e-15 1.05022e-16 1
5995.5 3.52041e-15 1.05022e-16 1
5997 3.47032e-15 1.05022e-16 1
5998.5 3.48027e-15 1.05022e-16 1
6000 3.5278e-15 1.05022e-16 1
6001.5 3.53756e-15 1.05022e-16 1
6003 3.56381e-15 1.05022e-16 1
6004.5 3.55124e-15 1.05022e-16 1
6006 3.54078e-15 1.05022e-16 1
6007.5 3.51735e-15 1.05022e-16 1
6009 3.48964e-15 1.05022e-16 1
6010.5 3.46524e-15 1.05022e-16 1
6012 3.48362e-15 1.05022e-16 1
6013.5 3.48775e-15 1.05022e-16 1
6015 3.43445e-15 1.05022e-16 1
6016.5 3.41382e-15 1.05022e-16 1
6018 3.44496e-15 1.05022e-16 1
6019.5 3.44293e-15 1.05022e-16 1
6021 3.4153e-15 3.63771e-17 1
6022.5 3.37766e-15 3.63771e-17 1
6024 3.4018e-15 3.63771e-17 1
6025.5 3.42994e-15 3.63771e-17 1
6027 3.38797e-15 3.63771e-17 1
6028.5 3.38414e-15 3.63771e-17 1
6030 3.42686e-15 3.63771e-17 1
6031.5 3.39662e-15 3.63771e-17 1
6033 3.37179e-15 3.63771e-17 1
6034.5 3.39584e-15 3.63771e-17 1
6036 3.41008e-15 3.63771e-17 1
6037.5 3.3891e-15 3.63771e-17 1
6039 3.36486e-15 3.63771e-17 1
6040.5 3.40043e-15 3.63771e-17 1
6042 3.40873e-15 3.63771e-17 1
6043.5 3.35234e-15 3.63771e-17 1
6045 3.41492e-15 3.63771e-17 1
6046.5 3.42342e-15 3.63771e-17 1
6048 3.35849e-15 3.63771e-17 1
6049.5 3.30251e-15 3.63771e-17 1
6051 3.35515e-15 3.63771e-17 1
6052.5 3.36583e-15 3.63771e-17 1
6054 3.35037e-15 3.63771e-17 1
6055.5 3.33492e-15 3.63771e-17 1
6057 3.31946e-15 3.63771e-17 1
6058.5 3.31946e-15 3.63771e-17 1
6060 3.34869e-15 3.63771e-17 1
6061.5 3.31418e-15 3.63771e-17 1
6063 3.28716e-15 3.63771e-17 1
6064.5 3.25642e-15 3.63771e-17 1
6066 3.28062e-15 3.63771e-17 1
6067.5 3.26097e-15 3.63771e-17 1
6069 3.22564e-15 3.63771e-17 1
6070.5 3.24036e-15 3.63771e-17 1
6072 3.26939e-15 3.63771e-17 1
6073.5 3.29955e-15 3.63771e-17 1
6075 3.27749e-15 3.63771e-17 1
6076.5 3.25759e-15 3.63771e-17 1
6078 3.2809e-15 3.63771e-17 1
6079.5 3.2492e-15 3.63771e-17 1
6081 3.23294e-15 3.63771e-17 1
6082.5 3.25155e-15 3.63771e-17 1
6084 3.2511e-15 3.63771e-17 1
6085.5 3.24955e-15 3.63771e-17 1
6087 3.28468e-15 3.63771e-17 1
6088.5 3.2877e-15 3.63771e-17 1
6090 3.24074e-15 3.63771e-17 1
6091.5 3.22194e-15 3.63771e-17 1
6093 3.22031e-15 3.63771e-17 1
6094.5 3.25891e-15 3.63771e-17 1
6096 3.25522e-15 3.63771e-17 1
6097.5 3.20138e-15 3.63771e-17 1
6099 3.21497e-15 3.63771e-17 1
6100.5 3.28565e-15 3.63771e-17 1
6102 3.28412e-15 3.63771e-17 1
6103.5 3.19516e-15 3.63771e-17 1
6105 3.17165e-15 3.63771e-17 1
6106.5 3.20604e-15 3.63771e-17 1
6108 3.24914e-15 3.63771e-17 1
6109.5 3.25175e-15 3.63771e-17 1
6111 3.17822e-15 3.63771e-17 1
6112.5 3.16067e-15 3.63771e-17 1
6114 3.1686e-15 3.63771e-17 1
6115.5 3.18112e-15 3.63771e-17 1
6117 3.18374e-15 3.63771e-17 1
6118.5 3.22166e-15 3.63771e-17 1
6120 3.18692e-15 5.2156e-17 1
6121.5 3.13328e-15 5.2156e-17 1
6123 3.22734e-15 5.2156e-17 1
6124.5 3.21398e-15 5.2156e-17 1
6126 3.16149e-15 5.2156e-17 1
6127.5 3.15424e-15 5.2156e-17 1
6129 3.13228e-15 5.2156e-17 1
6130.5 3.12393e-15 5.2156e-17 1
6132 3.19763e-15 5.2156e-17 1
6133.5 3.14847e-15 5.2156e-17 1
6135 3.10585e-15 5.2156e-17 1
6136.5 3.15761e-15 5.2156e-17 1
6138 3.1658e-15 5.2156e-17 1
6139.5 3.21277e-15 5.2156e-17 1
6141 3.17719e-15 5.2156e-17 1
6142.5 3.09727e-15 5.2156e-17 1
6144 3.08114e-15 5.2156e-17 1
6145.5 3.10863e-15 5.2156e-17 1
6147 3.09076e-15 5.2156e-17 1
6148.5 3.09313e-15 5.2156e-17 1
6150 3.04331e-15 5.2156e-17 1
6151.5 3.04748e-15 5.2156e-17 1
6153 3.10516e-15 5.2156e-17 1
6154.5 3.11149e-15 5.2156e-17 1
6156 3.07643e-15 5.2156e-17 1
6157.5 3.06003e-15 5.2156e-17 1
6159 3.04539e-15 5.2156e-17 1
6160.5 3.01399e-15 5.2156e-17 1
6162 2.97668e-15 5.2156e-17 1
6163.5 2.97586e-15 5.2156e-17 1
6165 2.94394e-15 5.2156e-17 1
6166.5 2.93951e-15 5.2156e-17 1
6168 2.96316e-15 5.2156e-17 1
6169.5 2.90791e-15 5.2156e-17 1
6171 2.86438e-15 5.2156e-17 1
6172.5 2.85646e-15 5.2156e-17 1
6174 2.8614e-15 5.2156e-17 1
6175.5 2.87389e-15 5.2156e-17 1
6177 2.92011e-15 5.2156e-17 1
6178.5 2.941e-15 5.2156e-17 1
6180 2.8538e-15 5.2156e-17 1
6181.5 2.7792e-15 5.2156e-17 1
6183 2.84834e-15 5.2156e-17 1
6184.5 2.88715e-15 5.2156e-17 1
6186 2.81937e-15 5.2156e-17 1
6187.5 2.79054e-15 5.2156e-17 1
6189 2.77993e-15 5.2156e-17 1
6190.5 2.76201e-15 5.2156e-17 1
6192 2.80638e-15 5.2156e-17 1
6193.5 2.77279e-15 5.2156e-17 1
6195 2.75654e-15 5.2156e-17 1
6196.5 2.7994e-15 5.2156e-17 1
6198 2.84928e-15 5.2156e-17 1
6199.5 2.80303e-15 5.2156e-17 1
6201 2.7288e-15 5.2156e-17 1
6202.5 2.75694e-15 5.2156e-17 1
6204 2.72586e-15 5.2156e-17 1
6205.5 2.75856e-15 5.2156e-17 1
6207 2.76225e-15 5.2156e-17 1
6208.5 2.76422e-15 5.2156e-17 1
6210 2.72018e-15 5.2156e-17 1
6211.5 2.77086e-15 5.2156e-17 1
6213 2.83071e-15 5.2156e-17 1
6214.5 2.83215e-15 5.2156e-17 1
6216 2.86032e-15 5.2156e-17 1
6217.5 2.84701e-15 5.2156e-17 1
6219 2.81973e-15 5.2156e-17 1
6220.5 2.84477e-15 4.76251e-17 1
6222 2.84879e-15 4.76251e-17 1
6223.5 2.77752e-15 4.76251e-17 1
6225 2.77203e-15 4.76251e-17 1
6226.5 2.83011e-15 4.76251e-17 1
6228 2.83583e-15 4.76251e-17 1
6229.5 2.86401e-15 4.76251e-17 1
6231 2.88083e-15 4.76251e-17 1
6232.5 2.8665e-15 4.76251e-17 1
6234 2.85947e-15 4.76251e-17 1
6235.5 2.87622e-15 4.76251e-17 1
6237 2.90622e-15 4.76251e-17 1
6238.5 2.88076e-15 4.76251e-17 1
6240 2.848e-15 4.76251e-17 1
6241.5 2.84656e-15 4.76251e-17 1
6243 2.83619e-15 4.76251e-17 1
6244.5 2.85356e-15 4.76251e-17 1
6246 2.8488e-15 4.76251e-17 1
6247.5 2.81677e-15 4.76251e-17 1
6249 2.83205e-15 4.76251e-17 1
6250.5 2.83333e-15 4.76251e-17 1
6252 2.85964e-15 4.76251e-17 1
6253.5 2.89249e-15 4.76251e-17 1
6255 2.85388e-15 4.76251e-17 1
6256.5 2.80386e-15 4.76251e-17 1
6258 2.78494e-15 4.76251e-17 1
6259.5 2.81785e-15 4.76251e-17 1
6261 2.87881e-15 4.76251e-17 1
6262.5 2.91567e-15 4.76251e-17 1
6264 2.92453e-15 4.76251e-17 1
6265.5 2.91644e-15 4.76251e-17 1
6267 2.8502e-15 4.76251e-17 1
6268.5 2.81542e-15 4.76251e-17 1
6270 2.88199e-15 4.76251e-17 1
6271.5 2.88868e-15 4.76251e-17 1
6273 2.81831e-15 4.76251e-17 1
6274.5 2.8084e-15 4.76251e-17 1
6276 2.83625e-15 4.76251e-17 1
6277.5 2.85148e-15 4.76251e-17 1
6279 2.79837e-15 4.76251e-17 1
6280.5 2.80212e-15 4.76251e-17 1
6282 2.77662e-15 4.76251e-17 1
6283.5 2.77046e-15 4.76251e-17 1
6285 2.80626e-15 4.76251e-17 1
6286.5 2.88348e-15 4.76251e-17 1
6288 2.87025e-15 4.76251e-17 1
6289.5 2.82821e-15 4.76251e-17 1
6291 2.87609e-15 4.76251e-17 1
6292.5 2.92142e-15 4.76251e-17 1
6294 2.97895e-15 4.76251e-17 1
6295.5 3.00208e-15 4.76251e-17 1
6297 2.96707e-15 4.76251e-17 1
6298.5 2.94241e-15 4.76251e-17 1
6300 2.93118e-15 4.76251e-17 1
6301.5 2.9431e-15 4.76251e-17 1
6303 2.94272e-15 4.76251e-17 1
6304.5 2.90999e-15 4.76251e-17 1
6306 2.89628e-15 4.76251e-17 1
6307.5 2.91087e-15 4.76251e-17 1
6309 2.92079e-15 4.76251e-17 1
6310.5 2.92762e-15 4.76251e-17 1
6312 2.95116e-15 4.76251e-17 1
6313.5 2.99065e-15 4.76251e-17 1
6315 3.02e-15 4.76251e-17 1
6316.5 3.02843e-15 4.76251e-17 1
6318 2.9927e-15 4.76251e-17 1
6319.5 2.92701e-15 4.76251e-17 1
6321 2.92316e-15 4.3509e-17 1
6322.5 3.00524e-15 4.3509e-17 1
6324 3.00189e-15 4.3509e-17 1
6325.5 3.02588e-15 4.3509e-17 1
6327 2.9867e-15 4.3509e-17 1
6328.5 2.93407e-15 4.3509e-17 1
6330 2.92467e-15 4.3509e-17 1
6331.5 2.98831e-15 4.3509e-17 1
6333 3.0376e-15 4.3509e-17 1
6334.5 2.98001e-15 4.3509e-17 1
6336 2.94703e-15 4.3509e-17 1
6337.5 2.99305e-15 4.3509e-17 1
6339 3.05929e-15 4.3509e-17 1
6340.5 3.05364e-15 4.3509e-17 1
6342 2.98664e-15 4.3509e-17 1
6343.5 2.96567e-15 4.3509e-17 1
6345 3.01609e-15 4.3509e-17 1
6346.5 3.06813e-15 4.3509e-17 1
6348 2.95371e-15 4.3509e-17 1
6349.5 3.03533e-15 4.3509e-17 1
6351 3.12065e-15 4.3509e-17 1
6352.5 3.08232e-15 4.3509e-17 1
6354 3.06267e-15 4.3509e-17 1
6355.5 3.07438e-15 4.3509e-17 1
6357 3.10393e-15 4.3509e-17 1
6358.5 3.12743e-15 4.3509e-17 1
6360 3.10499e-15 4.3509e-17 1
6361.5 3.09098e-15 4.3509e-17 1
6363 3.03345e-15 4.3509e-17 1
6364.5 2.99774e-15 4.3509e-17 1
6366 3.04253e-15 4.3509e-17 1
6367.5 3.04721e-15 4.3509e-17 1
6369 3.00875e-15 4.3509e-17 1
6370.5 3.00382e-15 4.3509e-17 1
6372 2.97014e-15 4.3509e-17 1
6373.5 2.95119e-15 4.3509e-17 1
6375 3.00427e-15 4.3509e-17 1
6376.5 3.04666e-15 4.3509e-17 1
6378 3.06023e-15 4.3509e-17 1
6379.5 3.03264e-15 4.3509e-17 1
6381 3.00809e-15 4.3509e-17 1
6382.5 3.01234e-15 4.3509e-17 1
6384 3.03836e-15 4.3509e-17 1
6385.5 3.09664e-15 4.3509e-17 1
6387 3.09703e-15 4.3509e-17 1
6388.5 3.11511e-15 4.3509e-17 1
6390 3.08814e-15 4.3509e-17 1
6391.5 3.09464e-15 4.3509e-17 1
6393 3.04339e-15 4.3509e-17 1
6394.5 3.01755e-15 4.3509e-17 1
6396 3.04823e-15 4.3509e-17 1
6397.5 3.08471e-15 4.3509e-17 1
6399 3.09543e-15 4.3509e-17 1
6400.5 3.05677e-15 4.3509e-17 1
6402 3.0932e-15 4.3509e-17 1
6403.5 3.07789e-15 4.3509e-17 1
6405 3.04999e-15 4.3509e-17 1
6406.5 3.04519e-15 4.3509e-17 1
6408 3.03629e-15 4.3509e-17 1
6409.5 3.09749e-15 4.3509e-17 1
6411 3.02882e-15 4.3509e-17 1
6412.5 3.01863e-15 4.3509e-17 1
6414 3.05701e-15 4.3509e-17 1
6415.5 3.05883e-15 4.3509e-17 1
6417 3.10757e-15 4.3509e-17 1
6418.5 3.13276e-15 4.3509e-17 1
6420 3.12136e-15 3.72142e-17 1
6421.5 3.08731e-15 3.72142e-17 1
6423 3.12602e-15 3.72142e-17 1
6424.5 3.12227e-15 3.72142e-17 1
6426 3.04113e-15 3.72142e-17 1
6427.5 3.09557e-15 3.72142e-17 1
6429 3.14258e-15 3.72142e-17 1
6430.5 3.06744e-15 3.72142e-17 1
6432 3.04524e-15 3.72142e-17 1
6433.5 3.05805e-15 3.72142e-17 1
6435 3.07355e-15 3.72142e-17 1
6436.5 3.08787e-15 3.72142e-17 1
6438 3.07539e-15 3.72142e-17 1
6439.5 3.05967e-15 3.72142e-17 1
6441 3.05206e-15 3.72142e-17 1
6442.5 3.05486e-15 3.72142e-17 1
6444 3.03606e-15 3.72142e-17 1
6445.5 2.9925e-15 3.72142e-17 1
6447 3.00423e-15 3.72142e-17 1
6448.5 2.96089e-15 3.72142e-17 1
6450 2.94829e-15 3.72142e-17 1
6451.5 2.98348e-15 3.72142e-17 1
6453 3.00175e-15 3.72142e-17 1
6454.5 2.96535e-15 3.72142e-17 1
6456 2.96512e-15 3.72142e-17 1
6457.5 2.97198e-15 3.72142e-17 1
6459 2.9693e-15 3.72142e-17 1
6460.5 2.97801e-15 3.72142e-17 1
6462 2.97424e-15 3.72142e-17 1
6463.5 2.98347e-15 3.72142e-17 1
6465 2.98193e-15 3.72142e-17 1
6466.5 2.95047e-15 3.72142e-17 1
6468 2.89307e-15 3.72142e-17 1
6469.5 2.93365e-15 3.72142e-17 1
6471 2.96952e-15 3.72142e-17 1
6472.5 2.99308e-15 3.72142e-17 1
6474 2.95241e-15 3.72142e-17 1
6475.5 2.91271e-15 3.72142e-17 1
6477 2.96199e-15 3.72142e-17 1
6478.5 2.96994e-15 3.72142e-17 1
6480 2.93856e-15 3.72142e-17 1
6481.5 2.885e-15 3.72142e-17 1
6483 2.85329e-15 3.72142e-17 1
6484.5 2.95421e-15 3.72142e-17 1
6486 2.93416e-15 3.72142e-17 1
6487.5 2.86844e-15 3.72142e-17 1
6489 2.84879e-15 3.72142e-17 1
6490.5 2.83432e-15 3.72142e-17 1
6492 2.90816e-15 3.72142e-17 1
6493.5 2.90964e-15 3.72142e-17 1
6495 2.8968e-15 3.72142e-17 1
6496.5 2.92471e-15 3.72142e-17 1
6498 2.92385e-15 3.72142e-17 1
6499.5 2.95655e-15 3.72142e-17 1
6501 2.96468e-15 3.72142e-17 1
6502.5 2.87292e-15 3.72142e-17 1
6504 2.85557e-15 3.72142e-17 1
6505.5 2.89157e-15 3.72142e-17 1
6507 2.90092e-15 3.72142e-17 1
6508.5 2.94218e-15 3.72142e-17 1
6510 2.93069e-15 3.72142e-17 1
6511.5 2.84883e-15 3.72142e-17 1
6513 2.84393e-15 3.72142e-17 1
6514.5 2.86469e-15 3.72142e-17 1
6516 2.83429e-15 3.72142e-17 1
6517.5 2.81929e-15 3.72142e-17 1
6519 2.8463e-15 3.72142e-17 1
6520.5 2.90275e-15 7.3427e-17 1
6522 2.89003e-15 7.3427e-17 1
6523.5 2.86006e-15 7.3427e-17 1
6525 2.84633e-15 7.3427e-17 1
6526.5 2.82189e-15 7.3427e-17 1
6528 2.85465e-15 7.3427e-17 1
6529.5 2.90119e-15 7.3427e-17 1
6531 2.91168e-15 7.3427e-17 1
6532.5 2.86861e-15 7.3427e-17 1
6534 2.84913e-15 7.3427e-17 1
6535.5 2.81137e-15 7.3427e-17 1
6537 2.79253e-15 7.3427e-17 1
6538.5 2.79687e-15 7.3427e-17 1
6540 2.8439e-15 7.3427e-17 1
6541.5 2.89041e-15 7.3427e-17 1
6543 2.83584e-15 7.3427e-17 1
6544.5 2.80411e-15 7.3427e-17 1
6546 2.77454e-15 7.3427e-17 1
6547.5 2.80886e-15 7.3427e-17 1
6549 2.86327e-15 7.3427e-17 1
6550.5 2.80488e-15 7.3427e-17 1
6552 2.77134e-15 7.3427e-17 1
6553.5 2.74997e-15 7.3427e-17 1
6555 2.77122e-15 7.3427e-17 1
6556.5 2.83415e-15 7.3427e-17 1
6558 2.84174e-15 7.3427e-17 1
6559.5 2.76163e-15 7.3427e-17 1
6561 2.74358e-15 7.3427e-17 1
6562.5 2.7585e-15 7.3427e-17 1
6564 2.80312e-15 7.3427e-17 1
6565.5 2.78613e-15 7.3427e-17 1
6567 2.76636e-15 7.3427e-17 1
6568.5 2.83349e-15 7.3427e-17 1
6570 2.8062e-15 7.3427e-17 1
6571.5 2.8069e-15 7.3427e-17 1
6573 2.73328e-15 7.3427e-17 1
6574.5 2.78107e-15 7.3427e-17 1
6576 2.85664e-15 7.3427e-17 1
6577.5 2.84016e-15 7.3427e-17 1
6579 2.86286e-15 7.3427e-17 1
6580.5 2.79149e-15 7.3427e-17 1
6582 2.77507e-15 7.3427e-17 1
6583.5 2.76457e-15 7.3427e-17 1
6585 2.73115e-15 7.3427e-17 1
6586.5 2.69341e-15 7.3427e-17 1
6588 2.71506e-15 7.3427e-17 1
6589.5 2.75121e-15 7.3427e-17 1
6591 2.76827e-15 7.3427e-17 1
6592.5 2.77531e-15 7.3427e-17 1
6594 2.77582e-15 7.3427e-17 1
6595.5 2.78608e-15 7.3427e-17 1
6597 2.77462e-15 7.3427e-17 1
6598.5 2.81041e-15 7.3427e-17 1
6600 2.83243e-15 7.3427e-17 1
6601.5 2.84383e-15 7.3427e-17 1
6603 2.83318e-15 7.3427e-17 1
6604.5 2.80282e-15 7.3427e-17 1
6606 2.79248e-15 7.3427e-17 1
6607.5 2.76715e-15 7.3427e-17 1
6609 2.79103e-15 7.3427e-17 1
6610.5 2.79503e-15 7.3427e-17 1
6612 2.75977e-15 7.3427e-17 1
6613.5 2.73087e-15 7.3427e-17 1
6615 2.73546e-15 7.3427e-17 1
6616.5 2.73153e-15 7.3427e-17 1
6618 2.73963e-15 7.3427e-17 1
6619.5 2.78114e-15 7.3427e-17 1
6621 2.79274e-15 3.80742e-16 1
6622.5 2.74541e-15 3.80742e-16 1
6624 2.72674e-15 3.80742e-16 1
6625.5 2.68232e-15 3.80742e-16 1
6627 2.74376e-15 3.80742e-16 1
6628.5 2.76539e-15 3.80742e-16 1
6630 2.82796e-15 3.80742e-16 1
6631.5 2.80387e-15 3.80742e-16 1
6633 2.81027e-15 3.80742e-16 1
6634.5 2.8631e-15 3.80742e-16 1
6636 2.92483e-15 3.80742e-16 1
6637.5 2.97073e-15 3.80742e-16 1
6639 2.99113e-15 3.80742e-16 1
6640.5 2.94401e-15 3.80742e-16 1
6642 2.88487e-15 3.80742e-16 1
6643.5 2.84166e-15 3.80742e-16 1
6645 2.74095e-15 3.80742e-16 1
6646.5 2.74856e-15 3.80742e-16 1
6648 2.83149e-15 3.80742e-16 1
6649.5 3.04892e-15 3.80742e-16 1
6651 3.56695e-15 3.80742e-16 1
6652.5 4.16418e-15 3.80742e-16 1
6654 4.54756e-15 3.80742e-16 1
6655.5 4.50972e-15 3.80742e-16 1
6657 4.00503e-15 3.80742e-16 1
6658.5 3.38756e-15 3.80742e-16 1
6660 2.94519e-15 3.80742e-16 1
6661.5 2.77472e-15 3.80742e-16 1
6663 2.69583e-15 3.80742e-16 1
6664.5 2.6741e-15 3.80742e-16 1
6666 2.66024e-15 3.80742e-16 1
6667.5 2.66427e-15 3.80742e-16 1
6669 2.76612e-15 3.80742e-16 1
6670.5 2.86893e-15 3.80742e-16 1
6672 3.04424e-15 3.80742e-16 1
6673.5 3.33197e-15 3.80742e-16 1
6675 3.49259e-15 3.80742e-16 1
6676.5 3.39175e-15 3.80742e-16 1
6678 3.19054e-15 3.80742e-16 1
6679.5 3.00125e-15 3.80742e-16 1
6681 2.83031e-15 3.80742e-16 1
6682.5 2.75226e-15 3.80742e-16 1
6684 2.69768e-15 3.80742e-16 1
6685.5 2.6836e-15 3.80742e-16 1
6687 2.71251e-15 3.80742e-16 1
6688.5 2.68991e-15 3.80742e-16 1
6690 2.63813e-15 3.80742e-16 1
6691.5 2.67323e-15 3.80742e-16 1
6693 2.70636e-15 3.80742e-16 1
6694.5 2.71457e-15 3.80742e-16 1
6696 2.69311e-15 3.80742e-16 1
6697.5 2.74575e-15 3.80742e-16 1
6699 2.72501e-15 3.80742e-16 1
6700.5 2.66751e-15 3.80742e-16 1
6702 2.6772e-15 3.80742e-16 1
6703.5 2.70468e-15 3.80742e-16 1
6705 2.73317e-15 3.80742e-16 1
6706.5 2.67732e-15 3.80742e-16 1
6708 2.71025e-15 3.80742e-16 1
6709.5 2.74727e-15 3.80742e-16 1
6711 2.70888e-15 3.80742e-16 1
6712.5 2.69349e-15 3.80742e-16 1
6714 2.70968e-15 3.80742e-16 1
6715.5 2.72054e-15 3.80742e-16 1
6717 2.74534e-15 3.80742e-16 1
6718.5 2.72399e-15 3.80742e-16 1
6720 2.66149e-15 5.62808e-17 1
6721.5 2.74178e-15 5.62808e-17 1
6723 2.75798e-15 5.62808e-17 1
6724.5 2.69457e-15 5.62808e-17 1
6726 2.7084e-15 5.62808e-17 1
6727.5 2.70427e-15 5.62808e-17 1
6729 2.65538e-15 5.62808e-17 1
6730.5 2.6675e-15 5.62808e-17 1
6732 2.7041e-15 5.62808e-17 1
6733.5 2.69943e-15 5.62808e-17 1
6735 2.70041e-15 5.62808e-17 1
6736.5 2.70043e-15 5.62808e-17 1
6738 2.67966e-15 5.62808e-17 1
6739.5 2.6352e-15 5.62808e-17 1
6741 2.62689e-15 5.62808e-17 1
6742.5 2.64105e-15 5.62808e-17 1
6744 2.64064e-15 5.62808e-17 1
6745.5 2.67612e-15 5.62808e-17 1
6747 2.70663e-15 5.62808e-17 1
6748.5 2.67632e-15 5.62808e-17 1
6750 2.71028e-15 5.62808e-17 1
6751.5 2.72827e-15 5.62808e-17 1
6753 2.63909e-15 5.62808e-17 1
6754.5 2.61071e-15 5.62808e-17 1
6756 2.63866e-15 5.62808e-17 1
6757.5 2.6352e-15 5.62808e-17 1
6759 2.63582e-15 5.62808e-17 1
6760.5 2.68463e-15 5.62808e-17 1
6762 2.69753e-15 5.62808e-17 1
6763.5 2.69514e-15 5.62808e-17 1
6765 2.70461e-15 5.62808e-17 1
6766.5 2.66446e-15 5.62808e-17 1
6768 2.63569e-15 5.62808e-17 1
6769.5 2.67614e-15 5.62808e-17 1
6771 2.67083e-15 5.62808e-17 1
6772.5 2.60198e-15 5.62808e-17 1
6774 2.58444e-15 5.62808e-17 1
6775.5 2.59261e-15 5.62808e-17 1
6777 2.61854e-15 5.62808e-17 1
6778.5 2.66718e-15 5.62808e-17 1
6780 2.66346e-15 5.62808e-17 1
6781.5 2.65935e-15 5.62808e-17 1
6783 2.61746e-15 5.62808e-17 1
6784.5 2.62672e-15 5.62808e-17 1
6786 2.71512e-15 5.62808e-17 1
6787.5 2.61539e-15 5.62808e-17 1
6789 2.63109e-15 5.62808e-17 1
6790.5 2.66726e-15 5.62808e-17 1
6792 2.69464e-15 5.62808e-17 1
6793.5 2.6591e-15 5.62808e-17 1
6795 2.60444e-15 5.62808e-17 1
6796.5 2.59434e-15 5.62808e-17 1
6798 2.64632e-15 5.62808e-17 1
6799.5 2.63142e-15 5.62808e-17 1
6801 2.58426e-15 5.62808e-17 1
6802.5 2.60989e-15 5.62808e-17 1
6804 2.64945e-15 5.62808e-17 1
6805.5 2.667e-15 5.62808e-17 1
6807 2.71013e-15 5.62808e-17 1
6808.5 2.81148e-15 5.62808e-17 1
6810 2.81593e-15 5.62808e-17 1
6811.5 2.79813e-15 5.62808e-17 1
6813 2.77551e-15 5.62808e-17 1
6814.5 2.7052e-15 5.62808e-17 1
6816 2.61693e-15 5.62808e-17 1
6817.5 2.59242e-15 5.62808e-17 1
6819 2.58673e-15 5.62808e-17 1
6820.5 2.63417e-15 5.32026e-17 1
6822 2.7096e-15 5.32026e-17 1
6823.5 2.77734e-15 5.32026e-17 1
6825 2.81637e-15 5.32026e-17 1
6826.5 2.76537e-15 5.32026e-17 1
6828 2.75701e-15 5.32026e-17 1
6829.5 2.69567e-15 5.32026e-17 1
6831 2.59276e-15 5.32026e-17 1
6832.5 2.56641e-15 5.32026e-17 1
6834 2.54972e-15 5.32026e-17 1
6835.5 2.57504e-15 5.32026e-17 1
6837 2.55034e-15 5.32026e-17 1
6838.5 2.53393e-15 5.32026e-17 1
6840 2.59853e-15 5.32026e-17 1
6841.5 2.58791e-15 5.32026e-17 1
6843 2.54243e-15 5.32026e-17 1
6844.5 2.55147e-15 5.32026e-17 1
6846 2.55761e-15 5.32026e-17 1
6847.5 2.54296e-15 5.32026e-17 1
6849 2.52986e-15 5.32026e-17 1
6850.5 2.5378e-15 5.32026e-17 1
6852 2.59643e-15 5.32026e-17 1
6853.5 2.5993e-15 5.32026e-17 1
6855 2.574e-15 5.32026e-17 1
6856.5 2.53681e-15 5.32026e-17 1
6858 2.54052e-15 5.32026e-17 1
6859.5 2.52062e-15 5.32026e-17 1
6861 2.59391e-15 5.32026e-17 1
6862.5 2.58227e-15 5.32026e-17 1
6864 2.54274e-15 5.32026e-17 1
6865.5 2.51246e-15 5.32026e-17 1
6867 2.52977e-15 5.32026e-17 1
6868.5 2.54732e-15 5.32026e-17 1
6870 2.58221e-15 5.32026e-17 1
6871.5 2.55705e-15 5.32026e-17 1
6873 2.5077e-15 5.32026e-17 1
6874.5 2.52563e-15 5.32026e-17 1
6876 2.55287e-15 5.32026e-17 1
6877.5 2.56297e-15 5.32026e-17 1
6879 2.5102e-15 5.32026e-17 1
6880.5 2.50038e-15 5.32026e-17 1
6882 2.49465e-15 5.32026e-17 1
6883.5 2.47746e-15 5.32026e-17 1
6885 2.51299e-15 5.32026e-17 1
6886.5 2.54262e-15 5.32026e-17 1
6888 2.54595e-15 5.32026e-17 1
6889.5 2.4954e-15 5.32026e-17 1
6891 2.45375e-15 5.32026e-17 1
6892.5 2.45547e-15 5.32026e-17 1
6894 2.47697e-15 5.32026e-17 1
6895.5 2.493e-15 5.32026e-17 1
6897 2.53191e-15 5.32026e-17 1
6898.5 2.52848e-15 5.32026e-17 1
6900 2.48828e-15 5.32026e-17 1
6901.5 2.49422e-15 5.32026e-17 1
6903 2.49553e-15 5.32026e-17 1
6904.5 2.46325e-15 5.32026e-17 1
6906 2.47379e-15 5.32026e-17 1
6907.5 2.54072e-15 5.32026e-17 1
6909 2.53846e-15 5.32026e-17 1
6910.5 2.51898e-15 5.32026e-17 1
6912 2.52347e-15 5.32026e-17 1
6913.5 2.55567e-15 5.32026e-17 1
6915 2.5376e-15 5.32026e-17 1
6916.5 2.55216e-15 5.32026e-17 1
6918 2.61107e-15 5.32026e-17 1
6919.5 2.54327e-15 5.32026e-17 1
6921 2.47052e-15 3.68439e-17 1
6922.5 2.46499e-15 3.68439e-17 1
6924 2.44301e-15 3.68439e-17 1
6925.5 2.55747e-15 3.68439e-17 1
6927 2.5544e-15 3.68439e-17 1
6928.5 2.46942e-15 3.68439e-17 1
6930 2.50467e-15 3.68439e-17 1
6931.5 2.51183e-15 3.68439e-17 1
6933 2.45183e-15 3.68439e-17 1
6934.5 2.49019e-15 3.68439e-17 1
6936 2.5173e-15 3.68439e-17 1
6937.5 2.50099e-15 3.68439e-17 1
6939 2.49447e-15 3.68439e-17 1
6940.5 2.45233e-15 3.68439e-17 1
6942 2.46101e-15 3.68439e-17 1
6943.5 2.4583e-15 3.68439e-17 1
6945 2.47271e-15 3.68439e-17 1
6946.5 2.49939e-15 3.68439e-17 1
6948 2.5303e-15 3.68439e-17 1
6949.5 2.46275e-15 3.68439e-17 1
6951 2.42864e-15 3.68439e-17 1
6952.5 2.4309e-15 3.68439e-17 1
6954 2.42968e-15 3.68439e-17 1
6955.5 2.43464e-15 3.68439e-17 1
6957 2.41416e-15 3.68439e-17 1
6958.5 2.39787e-15 3.68439e-17 1
6960 2.373e-15 3.68439e-17 1
6961.5 2.37156e-15 3.68439e-17 1
6963 2.42382e-15 3.68439e-17 1
6964.5 2.45281e-15 3.68439e-17 1
6966 2.43415e-15 3.68439e-17 1
6967.5 2.43195e-15 3.68439e-17 1
6969 2.4549e-15 3.68439e-17 1
6970.5 2.41526e-15 3.68439e-17 1
6972 2.39346e-15 3.68439e-17 1
6973.5 2.44359e-15 3.68439e-17 1
6975 2.46113e-15 3.68439e-17 1
6976.5 2.44061e-15 3.68439e-17 1
6978 2.41711e-15 3.68439e-17 1
6979.5 2.39162e-15 3.68439e-17 1
6981 2.38943e-15 3.68439e-17 1
6982.5 2.40111e-15 3.68439e-17 1
6984 2.41171e-15 3.68439e-17 1
6985.5 2.45773e-15 3.68439e-17 1
6987 2.4653e-15 3.68439e-17 1
6988.5 2.43047e-15 3.68439e-17 1
6990 2.45573e-15 3.68439e-17 1
6991.5 2.45864e-15 3.68439e-17 1
6993 2.46047e-15 3.68439e-17 1
6994.5 2.41901e-15 3.68439e-17 1
6996 2.38101e-15 3.68439e-17 1
6997.5 2.36978e-15 3.68439e-17 1
6999 2.32628e-15 3.68439e-17 1
7000.5 2.33868e-15 3.68439e-17 1
7002 2.4512e-15 3.68439e-17 1
7003.5 2.4495e-15 3.68439e-17 1
7005 2.41677e-15 3.68439e-17 1
7006.5 2.38901e-15 3.68439e-17 1
7008 2.34401e-15 3.68439e-17 1
7009.5 2.43008e-15 3.68439e-17 1
7011 2.43104e-15 3.68439e-17 1
7012.5 2.37565e-15 3.68439e-17 1
7014 2.39514e-15 3.68439e-17 1
7015.5 2.3675e-15 3.68439e-17 1
7017 2.41357e-15 3.68439e-17 1
7018.5 2.43131e-15 3.68439e-17 1
7020 2.3858e-15 3.63771e-17 1
7021.5 2.42984e-15 3.63771e-17 1
7023 2.43344e-15 3.63771e-17 1
7024.5 2.41012e-15 3.63771e-17 1
7026 2.35838e-15 3.63771e-17 1
7027.5 2.35373e-15 3.63771e-17 1
7029 2.38005e-15 3.63771e-17 1
7030.5 2.36406e-15 3.63771e-17 1
7032 2.374e-15 3.63771e-17 1
7033.5 2.37361e-15 3.63771e-17 1
7035 2.37396e-15 3.63771e-17 1
7036.5 2.32674e-15 3.63771e-17 1
7038 2.36366e-15 3.63771e-17 1
7039.5 2.39793e-15 3.63771e-17 1
7041 2.34767e-15 3.63771e-17 1
7042.5 2.31273e-15 3.63771e-17 1
7044 2.32095e-15 3.63771e-17 1
7045.5 2.34012e-15 3.63771e-17 1
7047 2.41533e-15 3.63771e-17 1
7048.5 2.40777e-15 3.63771e-17 1
7050 2.35146e-15 3.63771e-17 1
7051.5 2.32367e-15 3.63771e-17 1
7053 2.32672e-15 3.63771e-17 1
7054.5 2.30776e-15 3.63771e-17 1
7056 2.32543e-15 3.63771e-17 1
7057.5 2.3705e-15 3.63771e-17 1
7059 2.4024e-15 3.63771e-17 1
7060.5 2.383e-15 3.63771e-17 1
7062 2.34734e-15 3.63771e-17 1
7063.5 2.31731e-15 3.63771e-17 1
7065 2.30051e-15 3.63771e-17 1
7066.5 2.3852e-15 3.63771e-17 1
7068 2.33034e-15 3.63771e-17 1
7069.5 2.34403e-15 3.63771e-17 1
7071 2.33027e-15 3.63771e-17 1
7072.5 2.37381e-15 3.63771e-17 1
7074 2.37762e-15 3.63771e-17 1
7075.5 2.26001e-15 3.63771e-17 1
7077 2.28972e-15 3.63771e-17 1
7078.5 2.2744e-15 3.63771e-17 1
7080 2.25177e-15 3.63771e-17 1
7081.5 2.33651e-15 3.63771e-17 1
7083 2.40666e-15 3.63771e-17 1
7084.5 2.29088e-15 3.63771e-17 1
7086 2.30723e-15 3.63771e-17 1
7087.5 2.3108e-15 3.63771e-17 1
7089 2.34051e-15 3.63771e-17 1
7090.5 2.31698e-15 3.63771e-17 1
7092 2.29013e-15 3.63771e-17 1
7093.5 2.336e-15 3.63771e-17 1
7095 2.28809e-15 3.63771e-17 1
7096.5 2.25561e-15 3.63771e-17 1
7098 2.24303e-15 3.63771e-17 1
7099.5 2.24152e-15 3.63771e-17 1
7101 2.2571e-15 3.63771e-17 1
7102.5 2.25026e-15 3.63771e-17 1
7104 2.23864e-15 3.63771e-17 1
7105.5 2.29572e-15 3.63771e-17 1
7107 2.32397e-15 3.63771e-17 1
7108.5 2.29626e-15 3.63771e-17 1
7110 2.29858e-15 3.63771e-17 1
7111.5 2.28636e-15 3.63771e-17 1
7113 2.25712e-15 3.63771e-17 1
7114.5 2.25895e-15 3.63771e-17 1
7116 2.27929e-15 3.63771e-17 1
7117.5 2.26722e-15 3.63771e-17 1
7119 2.22411e-15 3.63771e-17 1
7120.5 2.266e-15 3.63771e-17 1
7122 2.29328e-15 3.63771e-17 1
7123.5 2.23885e-15 3.63771e-17 1
7125 2.24674e-15 3.63771e-17 1
7126.5 2.27155e-15 3.63771e-17 1
7128 2.265e-15 3.63771e-17 1
7129.5 2.26587e-15 3.63771e-17 1
7131 2.29924e-15 3.63771e-17 1
7132.5 2.26699e-15 3.63771e-17 1
7134 2.25273e-15 3.63771e-17 1
7135.5 2.30301e-15 3.63771e-17 1
7137 2.33439e-15 3.63771e-17 1
7138.5 2.30451e-15 3.63771e-17 1
7140 2.28802e-15 3.63771e-17 1
7141.5 2.2354e-15 3.63771e-17 1
7143 2.21e-15 3.63771e-17 1
7144.5 2.20391e-15 3.63771e-17 1
7146 2.2162e-15 3.63771e-17 1
7147.5 2.17171e-15 3.63771e-17 1
7149 2.24457e-15 3.63771e-17 1
7150.5 2.27606e-15 3.63771e-17 1
7152 2.26847e-15 3.63771e-17 1
7153.5 2.22177e-15 3.63771e-17 1
7155 2.21017e-15 3.63771e-17 1
7156.5 2.26842e-15 3.63771e-17 1
7158 2.22582e-15 3.63771e-17 1
7159.5 2.12624e-15 3.63771e-17 1
7161 2.15436e-15 3.63771e-17 1
7162.5 2.20494e-15 3.63771e-17 1
7164 2.27097e-15 3.63771e-17 1
7165.5 2.20757e-15 3.63771e-17 1
7167 2.18986e-15 3.63771e-17 1
7168.5 2.18505e-15 3.63771e-17 1
7170 2.16646e-15 3.63771e-17 1
7171.5 2.22848e-15 3.63771e-17 1
7173 2.26761e-15 3.63771e-17 1
7174.5 2.26039e-15 3.63771e-17 1
7176 2.21885e-15 3.63771e-17 1
7177.5 2.16523e-15 3.63771e-17 1
7179 2.20135e-15 3.63771e-17 1
7180.5 2.1669e-15 3.63771e-17 1
7182 2.1578e-15 3.63771e-17 1
7183.5 2.14869e-15 3.63771e-17 1
7185 2.13959e-15 3.63771e-17 1
7186.5 2.13049e-15 3.63771e-17 1
7188 2.12138e-15 3.63771e-17 1
7189.5 2.12138e-15 3.63771e-17 1
7191 2.13916e-15 3.63771e-17 1
7192.5 2.1615e-15 3.63771e-17 1
7194 2.17733e-15 3.63771e-17 1
7195.5 2.17633e-15 3.63771e-17 1
7197 2.16726e-15 3.63771e-17 1
7198.5 2.15701e-15 3.63771e-17 1
7200 2.18591e-15 3.63771e-17 1
7201.5 2.19368e-15 3.63771e-17 1
7203 2.15257e-15 3.63771e-17 1
7204.5 2.13017e-15 3.63771e-17 1
7206 2.11871e-15 3.63771e-17 1
7207.5 2.12748e-15 3.63771e-17 1
7209 2.16369e-15 3.63771e-17 1
7210.5 2.15117e-15 3.63771e-17 1
7212 2.12339e-15 3.63771e-17 1
7213.5 2.11972e-15 3.63771e-17 1
7215 2.12443e-15 3.63771e-17 1
7216.5 2.0947e-15 3.63771e-17 1
7218 2.10976e-15 3.63771e-17 1
7219.5 2.0927e-15 3.63771e-17 1
7221 2.09849e-15 3.63771e-17 1
7222.5 2.17252e-15 3.63771e-17 1
7224 2.12975e-15 3.63771e-17 1
7225.5 2.08479e-15 3.63771e-17 1
7227 2.11304e-15 3.63771e-17 1
7228.5 2.14333e-15 3.63771e-17 1
7230 2.17706e-15 3.63771e-17 1
7231.5 2.1485e-15 3.63771e-17 1
7233 2.13709e-15 3.63771e-17 1
7234.5 2.12366e-15 3.63771e-17 1
7236 2.07538e-15 3.63771e-17 1
7237.5 2.13458e-15 3.63771e-17 1
7239 2.17355e-15 3.63771e-17 1
7240.5 2.14776e-15 3.63771e-17 1
7242 2.11618e-15 3.63771e-17 1
7243.5 2.09508e-15 3.63771e-17 1
7245 2.10361e-15 3.63771e-17 1
7246.5 2.11936e-15 3.63771e-17 1
7248 2.0961e-15 3.63771e-17 1
7249.5 2.04918e-15 3.63771e-17 1
7251 2.0073e-15 3.63771e-17 1
7252.5 2.03471e-15 3.63771e-17 1
7254 2.11888e-15 3.63771e-17 1
7255.5 2.10711e-15 3.63771e-17 1
7257 2.04e-15 3.63771e-17 1
7258.5 2.03876e-15 3.63771e-17 1
7260 2.06515e-15 3.63771e-17 1
7261.5 2.07715e-15 3.63771e-17 1
7263 2.09449e-15 3.63771e-17 1
7264.5 2.07617e-15 3.63771e-17 1
7266 2.02752e-15 3.63771e-17 1
7267.5 2.01365e-15 3.63771e-17 1
7269 2.04385e-15 3.63771e-17 1
7270.5 2.05091e-15 3.63771e-17 1
7272 2.03537e-15 3.63771e-17 1
7273.5 2.06163e-15 3.63771e-17 1
7275 2.06579e-15 3.63771e-17 1
7276.5 2.0298e-15 3.63771e-17 1
7278 2.01107e-15 3.63771e-17 1
7279.5 2.0013e-15 3.63771e-17 1
7281 1.96898e-15 3.63771e-17 1
7282.5 2.02374e-15 3.63771e-17 1
7284 2.07127e-15 3.63771e-17 1
7285.5 2.03361e-15 3.63771e-17 1
7287 2.01355e-15 3.63771e-17 1
7288.5 1.98002e-15 3.63771e-17 1
7290 1.95428e-15 3.63771e-17 1
7291.5 1.99791e-15 3.63771e-17 1
7293 2.02505e-15 3.63771e-17 1
7294.5 1.9913e-15 3.63771e-17 1
7296 1.98533e-15 3.63771e-17 1
7297.5 1.97199e-15 3.63771e-17 1
7299 1.99268e-15 3.63771e-17 1
7300.5 2.05185e-15 3.63771e-17 1
7302 1.99255e-15 3.63771e-17 1
7303.5 1.957e-15 3.63771e-17 1
7305 2.01188e-15 3.63771e-17 1
7306.5 1.96314e-15 3.63771e-17 1
7308 1.91403e-15 3.63771e-17 1
7309.5 1.95569e-15 3.63771e-17 1
7311 1.97387e-15 3.63771e-17 1
7312.5 1.97853e-15 3.63771e-17 1
7314 1.95168e-15 3.63771e-17 1
7315.5 2.00517e-15 3.63771e-17 1
7317 2.02605e-15 3.63771e-17 1
7318.5 1.94743e-15 3.63771e-17 1
7320 1.9376e-15 3.63771e-17 1
7321.5 1.95774e-15 3.63771e-17 1
7323 1.96119e-15 3.63771e-17 1
7324.5 1.95555e-15 3.63771e-17 1
7326 1.96829e-15 3.63771e-17 1
7327.5 2.01477e-15 3.63771e-17 1
7329 1.98966e-15 3.63771e-17 1
7330.5 1.99924e-15 3.63771e-17 1
7332 1.9966e-15 3.63771e-17 1
7333.5 1.94479e-15 3.63771e-17 1
7335 1.96509e-15 3.63771e-17 1
7336.5 2.00001e-15 3.63771e-17 1
7338 2.00431e-15 3.63771e-17 1
7339.5 2.01968e-15 3.63771e-17 1
7341 2.01067e-15 3.63771e-17 1
7342.5 1.98026e-15 3.63771e-17 1
7344 1.98207e-15 3.63771e-17 1
7345.5 1.98254e-15 3.63771e-17 1
7347 1.93455e-15 3.63771e-17 1
7348.5 1.94156e-15 3.63771e-17 1
7350 1.95092e-15 3.63771e-17 1
7351.5 1.92464e-15 3.63771e-17 1
7353 1.91884e-15 3.63771e-17 1
7354.5 1.91567e-15 3.63771e-17 1
7356 1.9554e-15 3.63771e-17 1
7357.5 1.96759e-15 3.63771e-17 1
7359 1.94702e-15 3.63771e-17 1
7360.5 1.93018e-15 3.63771e-17 1
7362 1.92783e-15 3.63771e-17 1
7363.5 1.93207e-15 3.63771e-17 1
7365 1.91802e-15 3.63771e-17 1
7366.5 1.95653e-15 3.63771e-17 1
7368 1.98149e-15 3.63771e-17 1
7369.5 2.0162e-15 3.63771e-17 1
7371 1.99976e-15 3.63771e-17 1
7372.5 1.93288e-15 3.63771e-17 1
7374 1.98349e-15 3.63771e-17 1
7375.5 1.94229e-15 3.63771e-17 1
7377 1.94908e-15 3.63771e-17 1
7378.5 1.97207e-15 3.63771e-17 1
7380 2.0374e-15 3.63771e-17 1
7381.5 2.00607e-15 3.63771e-17 1
7383 1.97858e-15 3.63771e-17 1
7384.5 1.94996e-15 3.63771e-17 1
7386 1.95843e-15 3.63771e-17 1
7387.5 1.93467e-15 3.63771e-17 1
7389 1.95381e-15 3.63771e-17 1
7390.5 2.00572e-15 3.63771e-17 1
7392 1.96468e-15 3.63771e-17 1
7393.5 1.93784e-15 3.63771e-17 1
7395 1.99147e-15 3.63771e-17 1
7396.5 2.0014e-15 3.63771e-17 1
7398 1.98858e-15 3.63771e-17 1
7399.5 1.98817e-15 3.63771e-17 1
7401 1.95396e-15 3.63771e-17 1
7402.5 1.95964e-15 3.63771e-17 1
7404 2.01247e-15 3.63771e-17 1
7405.5 2.00925e-15 3.63771e-17 1
7407 1.98605e-15 3.63771e-17 1
7408.5 1.97279e-15 3.63771e-17 1
7410 1.91876e-15 3.63771e-17 1
7411.5 1.86471e-15 3.63771e-17 1
7413 1.88894e-15 3.63771e-17 1
7414.5 1.92087e-15 3.63771e-17 1
7416 1.89729e-15 3.63771e-17 1
7417.5 1.89441e-15 3.63771e-17 1
7419 1.90405e-15 3.63771e-17 1
7420.5 1.91701e-15 3.63771e-17 1
7422 1.90249e-15 3.63771e-17 1
7423.5 1.91999e-15 3.63771e-17 1
7425 1.95192e-15 3.63771e-17 1
7426.5 1.91809e-15 3.63771e-17 1
7428 1.85114e-15 3.63771e-17 1
7429.5 1.85978e-15 3.63771e-17 1
7431 1.91268e-15 3.63771e-17 1
7432.5 1.878e-15 3.63771e-17 1
7434 1.86272e-15 3.63771e-17 1
7435.5 1.83819e-15 3.63771e-17 1
7437 1.82032e-15 3.63771e-17 1
7438.5 1.86165e-15 3.63771e-17 1
7440 1.88511e-15 3.63771e-17 1
7441.5 1.86776e-15 3.63771e-17 1
7443 1.85296e-15 3.63771e-17 1
7444.5 1.83245e-15 3.63771e-17 1
7446 1.82354e-15 3.63771e-17 1
7447.5 1.85773e-15 3.63771e-17 1
7449 1.88912e-15 3.63771e-17 1
7450.5 1.88364e-15 3.63771e-17 1
7452 1.85311e-15 3.63771e-17 1
7453.5 1.85113e-15 3.63771e-17 1
7455 1.84914e-15 3.63771e-17 1
7456.5 1.84716e-15 3.63771e-17 1
7458 1.84517e-15 3.63771e-17 1
7459.5 1.84319e-15 3.63771e-17 1
7461 1.8412e-15 3.63771e-17 1
7462.5 1.8412e-15 3.63771e-17 1
7464 1.84773e-15 3.63771e-17 1
7465.5 1.83718e-15 3.63771e-17 1
7467 1.8345e-15 3.63771e-17 1
7468.5 1.84669e-15 3.63771e-17 1
7470 1.8042e-15 3.63771e-17 1
7471.5 1.82139e-15 3.63771e-17 1
7473 1.85944e-15 3.63771e-17 1
7474.5 1.86215e-15 3.63771e-17 1
7476 1.84305e-15 3.63771e-17 1
7477.5 1.83021e-15 3.63771e-17 1
7479 1.87806e-15 3.63771e-17 1
7480.5 1.88068e-15 3.63771e-17 1
7482 1.83927e-15 3.63771e-17 1
7483.5 1.8152e-15 3.63771e-17 1
7485 1.85092e-15 3.63771e-17 1
7486.5 1.85625e-15 3.63771e-17 1
7488 1.82157e-15 3.63771e-17 1
7489.5 1.76176e-15 3.63771e-17 1
7491 1.75557e-15 3.63771e-17 1
7492.5 1.80131e-15 3.63771e-17 1
7494 1.80438e-15 3.63771e-17 1
7495.5 1.82617e-15 3.63771e-17 1
7497 1.82948e-15 3.63771e-17 1
7498.5 1.81173e-15 3.63771e-17 1
7500 1.81866e-15 3.63771e-17 1
7501.5 1.83018e-15 3.63771e-17 1
7503 1.84262e-15 3.63771e-17 1
7504.5 1.85458e-15 3.63771e-17 1
7506 1.83983e-15 3.63771e-17 1
7507.5 1.84331e-15 3.63771e-17 1
7509 1.86687e-15 3.63771e-17 1
7510.5 1.80434e-15 3.63771e-17 1
7512 1.80514e-15 3.63771e-17 1
7513.5 1.86105e-15 3.63771e-17 1
7515 1.81654e-15 3.63771e-17 1
7516.5 1.8687e-15 3.63771e-17 1
7518 1.83479e-15 3.63771e-17 1
7519.5 1.75947e-15 3.63771e-17 1
7521 1.80861e-15 3.63771e-17 1
7522.5 1.78721e-15 3.63771e-17 1
7524 1.72806e-15 3.63771e-17 1
7525.5 1.76869e-15 3.63771e-17 1
7527 1.80471e-15 3.63771e-17 1
7528.5 1.81141e-15 3.63771e-17 1
7530 1.74954e-15 3.63771e-17 1
7531.5 1.75633e-15 3.63771e-17 1
7533 1.81768e-15 3.63771e-17 1
7534.5 1.84237e-15 3.63771e-17 1
7536 1.80053e-15 3.63771e-17 1
7537.5 1.76728e-15 3.63771e-17 1
7539 1.77315e-15 3.63771e-17 1
7540.5 1.67974e-15 3.63771e-17 1
