# converted by J. Guy, 2010-10-18
# downloaded from www.cfa.harvard.edu/supernova//SNarchive.html
# from  Jeffery et al. 1992ApJ...397..304J, Schmidt et al. 1994ApJ...434L..19S 
@Redshift 0.006
@FORMAT STD
@Date 48392.5
@INST mmt
@SELECTED_FOR_SNLS3_TRAINING 1
@SN sn1991t
@SURVEY CFA_LOWZ_SPEC
@Source CFA
#WAVE : wavelength, observer frame, in A
#FLUX : erg/s/cm2/A
#ERR  : statistical uncertainty on flux
#VALID : 1=ok 0=ignore
#end
4306.6 4.54398e-14 3.10466e-16 1
4313.02 4.57287e-14 3.10466e-16 1
4319.44 4.5646e-14 3.10466e-16 1
4325.86 4.47348e-14 3.10466e-16 1
4332.29 4.34381e-14 3.10466e-16 1
4338.71 4.16282e-14 3.10466e-16 1
4345.13 4.05077e-14 3.10466e-16 1
4351.55 3.88676e-14 3.10466e-16 1
4357.97 3.67444e-14 3.10466e-16 1
4364.4 3.47112e-14 3.10466e-16 1
4370.82 3.30682e-14 3.10466e-16 1
4377.24 3.16079e-14 3.10466e-16 1
4383.66 3.06273e-14 3.10466e-16 1
4390.08 2.94075e-14 3.10466e-16 1
4396.5 2.8529e-14 3.10466e-16 1
4402.93 2.76585e-14 3.10466e-16 1
4409.35 2.69991e-14 5.50991e-16 1
4415.77 2.67284e-14 5.50991e-16 1
4422.19 2.62747e-14 5.50991e-16 1
4428.61 2.58307e-14 5.50991e-16 1
4435.04 2.56234e-14 5.50991e-16 1
4441.46 2.61884e-14 5.50991e-16 1
4447.88 2.66454e-14 5.50991e-16 1
4454.3 2.74981e-14 5.50991e-16 1
4460.72 2.87216e-14 5.50991e-16 1
4467.14 2.96547e-14 5.50991e-16 1
4473.57 3.04974e-14 5.50991e-16 1
4479.99 3.14941e-14 5.50991e-16 1
4486.41 3.22496e-14 5.50991e-16 1
4492.83 3.31406e-14 5.50991e-16 1
4499.25 3.40366e-14 5.50991e-16 1
4505.68 3.55034e-14 5.50991e-16 1
4512.1 3.69618e-14 1.74006e-15 1
4518.52 3.88269e-14 1.74006e-15 1
4524.94 4.09355e-14 1.74006e-15 1
4531.36 4.30414e-14 1.74006e-15 1
4537.78 4.61922e-14 1.74006e-15 1
4544.21 4.98941e-14 1.74006e-15 1
4550.63 5.46942e-14 1.74006e-15 1
4557.05 5.96643e-14 1.74006e-15 1
4563.47 6.41832e-14 1.74006e-15 1
4569.89 6.88937e-14 1.74006e-15 1
4576.32 7.29935e-14 1.74006e-15 1
4582.74 7.57298e-14 1.74006e-15 1
4589.16 7.8242e-14 1.74006e-15 1
4595.58 7.9636e-14 1.74006e-15 1
4602 7.99993e-14 1.74006e-15 1
4608.42 8.12641e-14 3.1539e-15 1
4614.85 8.22465e-14 3.1539e-15 1
4621.27 8.3637e-14 3.1539e-15 1
4627.69 8.5821e-14 3.1539e-15 1
4634.11 8.70145e-14 3.1539e-15 1
4640.53 8.87782e-14 3.1539e-15 1
4646.96 8.98545e-14 3.1539e-15 1
4653.38 8.93001e-14 3.1539e-15 1
4659.8 8.74647e-14 3.1539e-15 1
4666.22 8.39998e-14 3.1539e-15 1
4672.64 7.99748e-14 3.1539e-15 1
4679.07 7.51322e-14 3.1539e-15 1
4685.49 6.93007e-14 3.1539e-15 1
4691.91 6.42788e-14 3.1539e-15 1
4698.33 5.94205e-14 3.1539e-15 1
4704.75 5.50553e-14 3.1539e-15 1
4711.17 5.18562e-14 1.96853e-15 1
4717.6 4.8046e-14 1.96853e-15 1
4724.02 4.57072e-14 1.96853e-15 1
4730.44 4.33056e-14 1.96853e-15 1
4736.86 4.22198e-14 1.96853e-15 1
4743.28 4.14786e-14 1.96853e-15 1
4749.71 4.10012e-14 1.96853e-15 1
4756.13 4.01953e-14 1.96853e-15 1
4762.55 4.01358e-14 1.96853e-15 1
4768.97 3.81794e-14 1.96853e-15 1
4775.39 3.68788e-14 1.96853e-15 1
4781.81 3.63745e-14 1.96853e-15 1
4788.24 3.57757e-14 1.96853e-15 1
4794.66 3.61325e-14 1.96853e-15 1
4801.08 3.68868e-14 1.96853e-15 1
4807.5 3.8405e-14 1.02867e-15 1
4813.92 3.98481e-14 1.02867e-15 1
4820.35 4.17338e-14 1.02867e-15 1
4826.77 4.30903e-14 1.02867e-15 1
4833.19 4.38043e-14 1.02867e-15 1
4839.61 4.47018e-14 1.02867e-15 1
4846.03 4.53002e-14 1.02867e-15 1
4852.45 4.47045e-14 1.02867e-15 1
4858.88 4.3532e-14 1.02867e-15 1
4865.3 4.24981e-14 1.02867e-15 1
4871.72 4.20936e-14 1.02867e-15 1
4878.14 4.21249e-14 1.02867e-15 1
4884.56 4.28741e-14 1.02867e-15 1
4890.99 4.43716e-14 1.02867e-15 1
4897.41 4.59733e-14 1.02867e-15 1
4903.83 4.79543e-14 1.02867e-15 1
4910.25 5.01508e-14 9.24521e-16 1
4916.67 5.26621e-14 9.24521e-16 1
4923.09 5.49723e-14 9.24521e-16 1
4929.52 5.66525e-14 9.24521e-16 1
4935.94 5.78374e-14 9.24521e-16 1
4942.36 5.80178e-14 9.24521e-16 1
4948.78 5.75906e-14 9.24521e-16 1
4955.2 5.67868e-14 9.24521e-16 1
4961.63 5.58442e-14 9.24521e-16 1
4968.05 5.4434e-14 9.24521e-16 1
4974.47 5.35058e-14 9.24521e-16 1
4980.89 5.12282e-14 9.24521e-16 1
4987.31 4.94197e-14 9.24521e-16 1
4993.73 4.7596e-14 9.24521e-16 1
5000.16 4.5891e-14 9.24521e-16 1
5006.58 4.39627e-14 9.24521e-16 1
5013 4.21529e-14 4.65419e-16 1
5019.42 4.09446e-14 4.65419e-16 1
5025.84 3.99934e-14 4.65419e-16 1
5032.27 3.90746e-14 4.65419e-16 1
5038.69 3.85553e-14 4.65419e-16 1
5045.11 3.84952e-14 4.65419e-16 1
5051.53 3.82571e-14 4.65419e-16 1
5057.95 3.84911e-14 4.65419e-16 1
5064.37 3.8266e-14 4.65419e-16 1
5070.8 3.78784e-14 4.65419e-16 1
5077.22 3.75799e-14 4.65419e-16 1
5083.64 3.73283e-14 4.65419e-16 1
5090.06 3.69165e-14 4.65419e-16 1
5096.48 3.64127e-14 4.65419e-16 1
5102.91 3.64007e-14 4.65419e-16 1
5109.33 3.6057e-14 7.65788e-16 1
5115.75 3.58757e-14 7.65788e-16 1
5122.17 3.5935e-14 7.65788e-16 1
5128.59 3.60434e-14 7.65788e-16 1
5135.01 3.6851e-14 7.65788e-16 1
5141.44 3.72027e-14 7.65788e-16 1
5147.86 3.76406e-14 7.65788e-16 1
5154.28 3.77713e-14 7.65788e-16 1
5160.7 3.84376e-14 7.65788e-16 1
5167.12 3.93775e-14 7.65788e-16 1
5173.55 4.01576e-14 7.65788e-16 1
5179.97 4.20305e-14 7.65788e-16 1
5186.39 4.44194e-14 7.65788e-16 1
5192.81 4.61186e-14 7.65788e-16 1
5199.23 4.79627e-14 7.65788e-16 1
5205.66 5.02471e-14 7.65788e-16 1
5212.08 5.32617e-14 1.49532e-15 1
5218.5 5.65667e-14 1.49532e-15 1
5224.92 5.96787e-14 1.49532e-15 1
5231.34 6.32646e-14 1.49532e-15 1
5237.76 6.51345e-14 1.49532e-15 1
5244.19 6.66808e-14 1.49532e-15 1
5250.61 6.7633e-14 1.49532e-15 1
5257.03 6.8259e-14 1.49532e-15 1
5263.45 6.97677e-14 1.49532e-15 1
5269.87 7.02735e-14 1.49532e-15 1
5276.3 7.17789e-14 1.49532e-15 1
5282.72 7.38798e-14 1.49532e-15 1
5289.14 7.60026e-14 1.49532e-15 1
5295.56 7.72892e-14 1.49532e-15 1
5301.98 7.88909e-14 1.49532e-15 1
5308.4 7.76169e-14 6.13966e-16 1
5314.83 7.74235e-14 6.13966e-16 1
5321.25 7.69812e-14 6.13966e-16 1
5327.67 7.6665e-14 6.13966e-16 1
5334.09 7.56445e-14 6.13966e-16 1
5340.51 7.42187e-14 6.13966e-16 1
5346.94 7.31439e-14 6.13966e-16 1
5353.36 7.20641e-14 6.13966e-16 1
5359.78 7.11088e-14 6.13966e-16 1
5366.2 7.02104e-14 6.13966e-16 1
5372.62 6.96992e-14 6.13966e-16 1
5379.04 6.9403e-14 6.13966e-16 1
5385.47 6.92542e-14 6.13966e-16 1
5391.89 7.00178e-14 6.13966e-16 1
5398.31 7.06594e-14 6.13966e-16 1
5404.73 7.06336e-14 6.13966e-16 1
5411.15 7.15783e-14 4.0377e-16 1
5417.58 7.16767e-14 4.0377e-16 1
5424 7.15374e-14 4.0377e-16 1
5430.42 7.18901e-14 4.0377e-16 1
5436.84 7.16493e-14 4.0377e-16 1
5443.26 7.20142e-14 4.0377e-16 1
5449.68 7.1894e-14 4.0377e-16 1
5456.11 7.13597e-14 4.0377e-16 1
5462.53 7.07395e-14 4.0377e-16 1
5468.95 7.02338e-14 4.0377e-16 1
5475.37 6.94793e-14 4.0377e-16 1
5481.79 6.90477e-14 4.0377e-16 1
5488.22 6.84238e-14 4.0377e-16 1
5494.64 6.75075e-14 4.0377e-16 1
5501.06 6.64053e-14 4.0377e-16 1
5507.48 6.50441e-14 3.10466e-16 1
5513.9 6.40642e-14 3.10466e-16 1
5520.32 6.31782e-14 3.10466e-16 1
5526.75 6.20994e-14 3.10466e-16 1
5533.17 6.09801e-14 3.10466e-16 1
5539.59 5.99425e-14 3.10466e-16 1
5546.01 5.92824e-14 3.10466e-16 1
5552.43 5.78539e-14 3.10466e-16 1
5558.86 5.67613e-14 3.10466e-16 1
5565.28 5.51815e-14 3.10466e-16 1
5571.7 5.42381e-14 3.10466e-16 1
5578.12 5.33719e-14 3.10466e-16 1
5584.54 5.21193e-14 3.10466e-16 1
5590.96 5.08123e-14 3.10466e-16 1
5597.39 4.95521e-14 3.10466e-16 1
5603.81 4.81935e-14 3.10466e-16 1
5610.23 4.72624e-14 4.35859e-16 1
5616.65 4.60074e-14 4.35859e-16 1
5623.07 4.45604e-14 4.35859e-16 1
5629.5 4.35201e-14 4.35859e-16 1
5635.92 4.23873e-14 4.35859e-16 1
5642.34 4.12337e-14 4.35859e-16 1
5648.76 4.00871e-14 4.35859e-16 1
5655.18 3.9385e-14 4.35859e-16 1
5661.6 3.82086e-14 4.35859e-16 1
5668.03 3.74494e-14 4.35859e-16 1
5674.45 3.65227e-14 4.35859e-16 1
5680.87 3.56782e-14 4.35859e-16 1
5687.29 3.53948e-14 4.35859e-16 1
5693.71 3.45216e-14 4.35859e-16 1
5700.14 3.39082e-14 4.35859e-16 1
5706.56 3.32103e-14 4.35859e-16 1
5712.98 3.28101e-14 5.86482e-16 1
5719.4 3.27686e-14 5.86482e-16 1
5725.82 3.28959e-14 5.86482e-16 1
5732.25 3.33283e-14 5.86482e-16 1
5738.67 3.38976e-14 5.86482e-16 1
5745.09 3.5644e-14 5.86482e-16 1
5751.51 3.74191e-14 5.86482e-16 1
5757.93 3.86202e-14 5.86482e-16 1
5764.35 4.07317e-14 5.86482e-16 1
5770.78 4.24863e-14 5.86482e-16 1
5777.2 4.38932e-14 5.86482e-16 1
5783.62 4.54141e-14 5.86482e-16 1
5790.04 4.71282e-14 5.86482e-16 1
5796.46 4.80027e-14 5.86482e-16 1
5802.89 4.92555e-14 5.86482e-16 1
5809.31 5.01496e-14 3.31975e-16 1
5815.73 5.12262e-14 3.31975e-16 1
5822.15 5.24943e-14 3.31975e-16 1
5828.57 5.36617e-14 3.31975e-16 1
5834.99 5.46174e-14 3.31975e-16 1
5841.42 5.62373e-14 3.31975e-16 1
5847.84 5.71121e-14 3.31975e-16 1
5854.26 5.77439e-14 3.31975e-16 1
5860.68 5.85476e-14 3.31975e-16 1
5867.1 5.94425e-14 3.31975e-16 1
5873.53 5.98078e-14 3.31975e-16 1
5879.95 5.96082e-14 3.31975e-16 1
5886.37 5.934e-14 3.31975e-16 1
5892.79 5.92975e-14 3.31975e-16 1
5899.21 5.97999e-14 3.31975e-16 1
5905.63 5.92535e-14 3.31975e-16 1
5912.06 5.78657e-14 1.22802e-15 1
5918.48 5.60058e-14 1.22802e-15 1
5924.9 5.49463e-14 1.22802e-15 1
5931.32 5.46913e-14 1.22802e-15 1
5937.74 5.50874e-14 1.22802e-15 1
5944.17 5.48716e-14 1.22802e-15 1
5950.59 5.42138e-14 1.22802e-15 1
5957.01 5.21563e-14 1.22802e-15 1
5963.43 5.0069e-14 1.22802e-15 1
5969.85 4.86642e-14 1.22802e-15 1
5976.27 4.71162e-14 1.22802e-15 1
5982.7 4.65618e-14 1.22802e-15 1
5989.12 4.59266e-14 1.22802e-15 1
5995.54 4.5952e-14 1.22802e-15 1
6001.96 4.59692e-14 1.22802e-15 1
6008.38 4.5844e-14 7.21232e-16 1
6014.81 4.59317e-14 7.21232e-16 1
6021.23 4.60266e-14 7.21232e-16 1
6027.65 4.59213e-14 7.21232e-16 1
6034.07 4.57562e-14 7.21232e-16 1
6040.49 4.55274e-14 7.21232e-16 1
6046.91 4.44555e-14 7.21232e-16 1
6053.34 4.32387e-14 7.21232e-16 1
6059.76 4.18483e-14 7.21232e-16 1
6066.18 4.04977e-14 7.21232e-16 1
6072.6 4.05969e-14 7.21232e-16 1
6079.02 4.05079e-14 7.21232e-16 1
6085.45 4.1363e-14 7.21232e-16 1
6091.87 4.28408e-14 7.21232e-16 1
6098.29 4.36054e-14 7.21232e-16 1
6104.71 4.45366e-14 7.21232e-16 1
6111.13 4.4932e-14 3.10466e-16 1
6117.55 4.56662e-14 3.10466e-16 1
6123.98 4.53786e-14 3.10466e-16 1
6130.4 4.48067e-14 3.10466e-16 1
6136.82 4.40673e-14 3.10466e-16 1
6143.24 4.29754e-14 3.10466e-16 1
6149.66 4.14783e-14 3.10466e-16 1
6156.09 3.94577e-14 3.10466e-16 1
6162.51 3.72793e-14 3.10466e-16 1
6168.93 3.54048e-14 3.10466e-16 1
6175.35 3.45862e-14 3.10466e-16 1
6181.77 3.35378e-14 3.10466e-16 1
6188.19 3.27807e-14 3.10466e-16 1
6194.62 3.2946e-14 3.10466e-16 1
6201.04 3.31305e-14 3.10466e-16 1
6207.46 3.33648e-14 3.10466e-16 1
6213.88 3.34563e-14 3.10466e-16 1
6220.3 3.34711e-14 3.10466e-16 1
6226.73 3.35379e-14 3.10466e-16 1
6233.15 3.35943e-14 3.10466e-16 1
6239.57 3.35768e-14 3.10466e-16 1
6245.99 3.3417e-14 3.10466e-16 1
6252.41 3.31311e-14 3.10466e-16 1
6258.84 3.27363e-14 3.10466e-16 1
6265.26 3.29918e-14 3.10466e-16 1
6271.68 3.30118e-14 3.10466e-16 1
6278.1 3.24703e-14 3.10466e-16 1
6284.52 3.33578e-14 3.10466e-16 1
6290.94 3.41223e-14 3.10466e-16 1
6297.37 3.48721e-14 3.10466e-16 1
6303.79 3.584e-14 3.10466e-16 1
6310.21 3.69958e-14 4.63814e-16 1
6316.63 3.75536e-14 4.63814e-16 1
6323.05 3.78645e-14 4.63814e-16 1
6329.48 3.80539e-14 4.63814e-16 1
6335.9 3.86979e-14 4.63814e-16 1
6342.32 3.99015e-14 4.63814e-16 1
6348.74 4.08134e-14 4.63814e-16 1
6355.16 4.1902e-14 4.63814e-16 1
6361.58 4.26856e-14 4.63814e-16 1
6368.01 4.35805e-14 4.63814e-16 1
6374.43 4.38031e-14 4.63814e-16 1
6380.85 4.35123e-14 4.63814e-16 1
6387.27 4.35878e-14 4.63814e-16 1
6393.69 4.3667e-14 4.63814e-16 1
6400.12 4.37751e-14 4.63814e-16 1
6406.54 4.42226e-14 4.63814e-16 1
6412.96 4.44928e-14 3.70412e-16 1
6419.38 4.41635e-14 3.70412e-16 1
6425.8 4.41781e-14 3.70412e-16 1
6432.22 4.38397e-14 3.70412e-16 1
6438.65 4.40853e-14 3.70412e-16 1
6445.07 4.4285e-14 3.70412e-16 1
6451.49 4.46636e-14 3.70412e-16 1
6457.91 4.47823e-14 3.70412e-16 1
6464.33 4.51074e-14 3.70412e-16 1
6470.76 4.54451e-14 3.70412e-16 1
6477.18 4.52119e-14 3.70412e-16 1
6483.6 4.48609e-14 3.70412e-16 1
6490.02 4.45676e-14 3.70412e-16 1
6496.44 4.39904e-14 3.70412e-16 1
6502.86 4.39794e-14 3.70412e-16 1
6509.29 4.44723e-14 5.30653e-16 1
6515.71 4.5386e-14 5.30653e-16 1
6522.13 4.42052e-14 5.30653e-16 1
6528.55 4.41898e-14 5.30653e-16 1
6534.97 4.3752e-14 5.30653e-16 1
6541.4 4.31412e-14 5.30653e-16 1
6547.82 4.24232e-14 5.30653e-16 1
6554.24 4.16536e-14 5.30653e-16 1
6560.66 4.14982e-14 5.30653e-16 1
6567.08 4.10784e-14 5.30653e-16 1
6573.5 4.1278e-14 5.30653e-16 1
6579.93 4.12944e-14 5.30653e-16 1
6586.35 4.08485e-14 5.30653e-16 1
6592.77 4.03429e-14 5.30653e-16 1
6599.19 3.94887e-14 5.30653e-16 1
6605.61 3.85148e-14 5.30653e-16 1
6612.04 3.78531e-14 3.10466e-16 1
6618.46 3.66608e-14 3.10466e-16 1
6624.88 3.6092e-14 3.10466e-16 1
6631.3 3.51254e-14 3.10466e-16 1
6637.72 3.43242e-14 3.10466e-16 1
6644.14 3.32993e-14 3.10466e-16 1
6650.57 3.38082e-14 3.10466e-16 1
6656.99 3.28794e-14 3.10466e-16 1
6663.41 3.24048e-14 3.10466e-16 1
6669.83 3.21735e-14 3.10466e-16 1
6676.25 3.11802e-14 3.10466e-16 1
6682.68 3.06965e-14 3.10466e-16 1
6689.1 3.01873e-14 3.10466e-16 1
6695.52 3.01412e-14 3.10466e-16 1
6701.94 2.97502e-14 3.10466e-16 1
6708.36 2.89818e-14 3.31411e-16 1
6714.78 2.82214e-14 3.31411e-16 1
6721.21 2.80841e-14 3.31411e-16 1
6727.63 2.7366e-14 3.31411e-16 1
6734.05 2.73743e-14 3.31411e-16 1
6740.47 2.72752e-14 3.31411e-16 1
6746.89 2.67267e-14 3.31411e-16 1
6753.32 2.58445e-14 3.31411e-16 1
6759.74 2.50556e-14 3.31411e-16 1
6766.16 2.46756e-14 3.31411e-16 1
6772.58 2.46936e-14 3.31411e-16 1
6779 2.46163e-14 3.31411e-16 1
6785.42 2.41898e-14 3.31411e-16 1
6791.85 2.27661e-14 3.31411e-16 1
6798.27 2.28506e-14 3.31411e-16 1
6804.69 2.25888e-14 3.31411e-16 1
6811.11 2.22496e-14 4.91007e-16 1
6817.53 2.2131e-14 4.91007e-16 1
6823.96 2.22539e-14 4.91007e-16 1
6830.38 2.16545e-14 4.91007e-16 1
6836.8 2.13722e-14 4.91007e-16 1
6843.22 2.12134e-14 4.91007e-16 1
6849.64 2.11505e-14 4.91007e-16 1
6856.07 2.06237e-14 4.91007e-16 1
6862.49 2.00137e-14 4.91007e-16 1
6868.91 1.84701e-14 4.91007e-16 1
6875.33 1.76239e-14 4.91007e-16 1
6881.75 1.78106e-14 4.91007e-16 1
6888.17 1.8004e-14 4.91007e-16 1
6894.6 1.81138e-14 4.91007e-16 1
6901.02 1.85755e-14 4.91007e-16 1
6907.44 1.91423e-14 4.03747e-16 1
6913.86 1.91673e-14 4.03747e-16 1
6920.28 1.9612e-14 4.03747e-16 1
6926.71 1.96492e-14 4.03747e-16 1
6933.13 1.97863e-14 4.03747e-16 1
6939.55 1.94614e-14 4.03747e-16 1
6945.97 1.94514e-14 4.03747e-16 1
6952.39 1.9633e-14 4.03747e-16 1
6958.81 1.95194e-14 4.03747e-16 1
6965.24 1.95121e-14 4.03747e-16 1
6971.66 1.92752e-14 4.03747e-16 1
6978.08 1.92565e-14 4.03747e-16 1
6984.5 1.94478e-14 4.03747e-16 1
6990.92 1.94647e-14 4.03747e-16 1
6997.35 1.90628e-14 4.03747e-16 1
7003.77 1.9242e-14 4.03747e-16 1
7010.19 1.90867e-14 3.10466e-16 1
7016.61 1.89814e-14 3.10466e-16 1
7023.03 1.87784e-14 3.10466e-16 1
7029.45 1.88148e-14 3.10466e-16 1
7035.88 1.88984e-14 3.10466e-16 1
7042.3 1.92567e-14 3.10466e-16 1
7048.72 1.91263e-14 3.10466e-16 1
7055.14 1.90771e-14 3.10466e-16 1
7061.56 1.90525e-14 3.10466e-16 1
7067.99 1.89637e-14 3.10466e-16 1
7074.41 1.91378e-14 3.10466e-16 1
7080.83 1.89226e-14 3.10466e-16 1
7087.25 1.87154e-14 3.10466e-16 1
7093.67 1.88099e-14 3.10466e-16 1
7100.09 1.85778e-14 3.10466e-16 1
7106.52 1.88647e-14 3.10466e-16 1
7112.94 1.87476e-14 3.54862e-16 1
7119.36 1.87002e-14 3.54862e-16 1
7125.78 1.90717e-14 3.54862e-16 1
7132.2 1.94014e-14 3.54862e-16 1
7138.63 1.96946e-14 3.54862e-16 1
7145.05 1.95749e-14 3.54862e-16 1
7151.47 2.03027e-14 3.54862e-16 1
7157.89 2.00867e-14 3.54862e-16 1
7164.31 1.95736e-14 3.54862e-16 1
7170.73 1.95474e-14 3.54862e-16 1
7177.16 1.90299e-14 3.54862e-16 1
7183.58 1.83192e-14 3.54862e-16 1
7190 1.82523e-14 3.54862e-16 1
7196.42 1.83111e-14 3.54862e-16 1
7202.84 1.86491e-14 3.54862e-16 1
7209.27 1.87271e-14 3.67157e-16 1
7215.69 1.90272e-14 3.67157e-16 1
7222.11 1.9466e-14 3.67157e-16 1
7228.53 1.91919e-14 3.67157e-16 1
7234.95 1.87314e-14 3.67157e-16 1
7241.37 1.87877e-14 3.67157e-16 1
7247.8 1.84389e-14 3.67157e-16 1
7254.22 1.8322e-14 3.67157e-16 1
7260.64 1.88026e-14 3.67157e-16 1
7267.06 1.85932e-14 3.67157e-16 1
7273.48 1.90688e-14 3.67157e-16 1
7279.91 1.94104e-14 3.67157e-16 1
7286.33 1.9382e-14 3.67157e-16 1
7292.75 1.92325e-14 3.67157e-16 1
7299.17 1.94858e-14 3.67157e-16 1
7305.59 1.94177e-14 3.67157e-16 1
7312.01 1.91204e-14 3.10466e-16 1
7318.44 1.95051e-14 3.10466e-16 1
7324.86 1.98081e-14 3.10466e-16 1
7331.28 1.99406e-14 3.10466e-16 1
7337.7 1.99053e-14 3.10466e-16 1
7344.12 2.03911e-14 3.10466e-16 1
7350.55 2.07601e-14 3.10466e-16 1
7356.97 2.08e-14 3.10466e-16 1
7363.39 2.05754e-14 3.10466e-16 1
7369.81 2.0129e-14 3.10466e-16 1
7376.23 1.97238e-14 3.10466e-16 1
7382.66 1.97415e-14 3.10466e-16 1
7389.08 1.97602e-14 3.10466e-16 1
7395.5 1.95846e-14 3.10466e-16 1
7401.92 1.96836e-14 3.10466e-16 1
7408.34 1.9733e-14 3.43123e-16 1
7414.76 1.96461e-14 3.43123e-16 1
7421.19 1.94622e-14 3.43123e-16 1
7427.61 1.90564e-14 3.43123e-16 1
7434.03 1.878e-14 3.43123e-16 1
7440.45 1.8494e-14 3.43123e-16 1
7446.87 1.79165e-14 3.43123e-16 1
7453.3 1.79016e-14 3.43123e-16 1
7459.72 1.78105e-14 3.43123e-16 1
7466.14 1.79487e-14 3.43123e-16 1
7472.56 1.77212e-14 3.43123e-16 1
7478.98 1.73956e-14 3.43123e-16 1
7485.4 1.73478e-14 3.43123e-16 1
7491.83 1.74066e-14 3.43123e-16 1
7498.25 1.76629e-14 3.43123e-16 1
7504.67 1.78196e-14 3.43123e-16 1
7511.09 1.78411e-14 1.02396e-15 1
7517.51 1.75324e-14 1.02396e-15 1
7523.94 1.72375e-14 1.02396e-15 1
7530.36 1.71339e-14 1.02396e-15 1
7536.78 1.72971e-14 1.02396e-15 1
7543.2 1.73391e-14 1.02396e-15 1
7549.62 1.73645e-14 1.02396e-15 1
7556.04 1.74458e-14 1.02396e-15 1
7562.47 1.72531e-14 1.02396e-15 1
7568.89 1.72531e-14 1.02396e-15 1
7575.31 1.70413e-14 1.02396e-15 1
7581.73 1.61922e-14 1.02396e-15 1
7588.15 1.44849e-14 1.02396e-15 1
7594.58 1.16551e-14 1.02396e-15 1
7601 8.78256e-15 1.02396e-15 1
7607.42 7.38502e-15 9.87669e-16 1
7613.84 7.69765e-15 9.87669e-16 1
7620.26 9.17763e-15 9.87669e-16 1
7626.68 4.61619e-15 9.87669e-16 1
7633.11 4.68537e-15 9.87669e-16 1
7639.53 5.04833e-15 9.87669e-16 1
7645.95 5.40636e-15 9.87669e-16 1
7652.37 5.81728e-15 9.87669e-16 1
7658.79 6.37866e-15 9.87669e-16 1
7665.22 6.69591e-15 9.87669e-16 1
7671.64 7.08339e-15 9.87669e-16 1
7678.06 7.33425e-15 9.87669e-16 1
7684.48 7.51145e-15 9.87669e-16 1
7690.9 7.77501e-15 9.87669e-16 1
7697.32 7.69518e-15 9.87669e-16 1
7703.75 7.80839e-15 9.87669e-16 1
7710.17 7.84762e-15 2.02241e-15 1
7716.59 7.68064e-15 2.02241e-15 1
7723.01 7.08683e-15 2.02241e-15 1
7729.43 1.67345e-14 2.02241e-15 1
7735.86 1.67577e-14 2.02241e-15 1
7742.28 1.68273e-14 2.02241e-15 1
7748.7 1.69164e-14 2.02241e-15 1
7755.12 1.70629e-14 2.02241e-15 1
7761.54 1.71659e-14 2.02241e-15 1
7767.96 1.71793e-14 2.02241e-15 1
7774.39 1.72018e-14 2.02241e-15 1
7780.81 1.72447e-14 2.02241e-15 1
7787.23 1.71134e-14 2.02241e-15 1
7793.65 1.69996e-14 2.02241e-15 1
7800.07 1.70815e-14 2.02241e-15 1
7806.5 1.7392e-14 2.02241e-15 1
7812.92 1.66341e-14 4.14521e-16 1
7819.34 1.67307e-14 4.14521e-16 1
7825.76 1.64739e-14 4.14521e-16 1
7832.18 1.65469e-14 4.14521e-16 1
7838.6 1.67167e-14 4.14521e-16 1
7845.03 1.67527e-14 4.14521e-16 1
7851.45 1.71929e-14 4.14521e-16 1
7857.87 1.65996e-14 4.14521e-16 1
7864.29 1.68197e-14 4.14521e-16 1
7870.71 1.66992e-14 4.14521e-16 1
7877.14 1.61165e-14 4.14521e-16 1
7883.56 1.58453e-14 4.14521e-16 1
7889.98 1.55909e-14 4.14521e-16 1
7896.4 1.55749e-14 4.14521e-16 1
7902.82 1.58343e-14 4.14521e-16 1
7909.25 1.58546e-14 3.8883e-16 1
7915.67 1.57908e-14 3.8883e-16 1
7922.09 1.60239e-14 3.8883e-16 1
7928.51 1.64523e-14 3.8883e-16 1
7934.93 1.57585e-14 3.8883e-16 1
7941.35 1.5943e-14 3.8883e-16 1
7947.78 1.59086e-14 3.8883e-16 1
7954.2 1.5634e-14 3.8883e-16 1
7960.62 1.58195e-14 3.8883e-16 1
7967.04 1.57116e-14 3.8883e-16 1
7973.46 1.55559e-14 3.8883e-16 1
7979.89 1.48094e-14 3.8883e-16 1
7986.31 1.45464e-14 3.8883e-16 1
7992.73 1.48545e-14 3.8883e-16 1
7999.15 1.41143e-14 3.8883e-16 1
8005.57 1.41904e-14 3.8883e-16 1
8011.99 1.4607e-14 3.10466e-16 1
8018.42 1.46988e-14 3.10466e-16 1
8024.84 1.4816e-14 3.10466e-16 1
8031.26 1.44962e-14 3.10466e-16 1
8037.68 1.42345e-14 3.10466e-16 1
8044.1 1.38534e-14 3.10466e-16 1
8050.53 1.37282e-14 3.10466e-16 1
8056.95 1.3528e-14 3.10466e-16 1
8063.37 1.32411e-14 3.10466e-16 1
8069.79 1.30516e-14 3.10466e-16 1
8076.21 1.31338e-14 3.10466e-16 1
8082.63 1.28326e-14 3.10466e-16 1
8089.06 1.27104e-14 3.10466e-16 1
8095.48 1.27251e-14 3.10466e-16 1
8101.9 1.24606e-14 3.10466e-16 1
8108.32 1.26177e-14 3.10466e-16 1
8114.74 1.23976e-14 3.10466e-16 1
8121.17 1.22949e-14 3.10466e-16 1
8127.59 1.19802e-14 3.10466e-16 1
8134.01 1.17448e-14 3.10466e-16 1
8140.43 1.14419e-14 3.10466e-16 1
8146.85 1.08046e-14 3.10466e-16 1
8153.27 1.05389e-14 3.10466e-16 1
8159.7 1.04451e-14 3.10466e-16 1
8166.12 1.02757e-14 3.10466e-16 1
8172.54 9.68897e-15 3.10466e-16 1
8178.96 9.97065e-15 3.10466e-16 1
8185.38 9.84277e-15 3.10466e-16 1
8191.81 9.30261e-15 3.10466e-16 1
8198.23 9.83296e-15 3.10466e-16 1
8204.65 9.5495e-15 3.10466e-16 1
8211.07 9.41573e-15 3.10466e-16 1
8217.49 9.5538e-15 3.10466e-16 1
8223.91 9.28838e-15 3.10466e-16 1
8230.34 8.74165e-15 3.10466e-16 1
8236.76 7.98135e-15 3.10466e-16 1
8243.18 8.23712e-15 3.10466e-16 1
8249.6 8.04103e-15 3.10466e-16 1
8256.02 7.69554e-15 3.10466e-16 1
8262.45 7.51208e-15 3.10466e-16 1
8268.87 7.19396e-15 3.10466e-16 1
8275.29 7.05773e-15 3.10466e-16 1
8281.71 6.64917e-15 3.10466e-16 1
8288.13 6.71465e-15 3.10466e-16 1
8294.55 6.40254e-15 3.10466e-16 1
8300.98 6.51958e-15 3.10466e-16 1
8307.4 6.74286e-15 3.10466e-16 1
8313.82 6.86418e-15 3.10466e-16 1
8320.24 6.86546e-15 3.10466e-16 1
8326.66 7.18722e-15 3.10466e-16 1
8333.09 7.75164e-15 3.10466e-16 1
8339.51 8.02907e-15 3.10466e-16 1
8345.93 8.01224e-15 3.10466e-16 1
8352.35 8.22954e-15 3.10466e-16 1
8358.77 8.7134e-15 3.10466e-16 1
8365.19 9.04587e-15 3.10466e-16 1
8371.62 9.29548e-15 3.10466e-16 1
8378.04 9.48651e-15 3.10466e-16 1
8384.46 9.69018e-15 3.10466e-16 1
8390.88 9.82798e-15 3.10466e-16 1
8397.3 9.92109e-15 3.10466e-16 1
8403.73 1.00083e-14 3.10466e-16 1
8410.15 1.03635e-14 3.10466e-16 1
8416.57 9.92179e-15 3.10466e-16 1
8422.99 9.99654e-15 3.10466e-16 1
8429.41 1.02076e-14 3.10466e-16 1
8435.84 1.01895e-14 3.10466e-16 1
8442.26 1.02674e-14 3.10466e-16 1
8448.68 1.07722e-14 3.10466e-16 1
8455.1 1.13848e-14 3.10466e-16 1
8461.52 1.16403e-14 3.10466e-16 1
8467.94 1.19801e-14 3.10466e-16 1
8474.37 1.26017e-14 3.10466e-16 1
8480.79 1.24484e-14 3.10466e-16 1
8487.21 1.25324e-14 3.10466e-16 1
8493.63 1.31523e-14 3.10466e-16 1
8500.05 1.32908e-14 3.10466e-16 1
8506.48 1.3559e-14 3.10466e-16 1
8512.9 1.39527e-14 3.10466e-16 1
8519.32 1.44106e-14 3.10466e-16 1
8525.74 1.50408e-14 3.10466e-16 1
8532.16 1.53669e-14 3.10466e-16 1
8538.58 1.58194e-14 3.10466e-16 1
8545.01 1.63237e-14 3.10466e-16 1
8551.43 1.6412e-14 3.10466e-16 1
8557.85 1.60194e-14 3.10466e-16 1
8564.27 1.65995e-14 3.10466e-16 1
8570.69 1.70816e-14 3.10466e-16 1
8577.12 1.72344e-14 3.10466e-16 1
8583.54 1.73468e-14 3.10466e-16 1
8589.96 1.73516e-14 3.10466e-16 1
8596.38 1.77132e-14 3.10466e-16 1
8602.8 1.79285e-14 3.10466e-16 1
8609.22 1.81859e-14 3.10466e-16 1
8615.65 1.85344e-14 3.10466e-16 1
8622.07 1.90617e-14 3.10466e-16 1
8628.49 1.96644e-14 3.10466e-16 1
8634.91 1.92923e-14 3.10466e-16 1
8641.33 1.99537e-14 3.10466e-16 1
8647.76 2.01805e-14 3.10466e-16 1
8654.18 2.01508e-14 3.10466e-16 1
8660.6 2.00307e-14 3.10466e-16 1
8667.02 2.01314e-14 3.10466e-16 1
8673.44 2.0522e-14 3.10466e-16 1
8679.86 2.06699e-14 3.10466e-16 1
8686.29 2.06261e-14 3.10466e-16 1
8692.71 2.00652e-14 3.10466e-16 1
8699.13 2.00841e-14 3.10466e-16 1
8705.55 2.02219e-14 3.10466e-16 1
8711.97 2.01657e-14 3.10466e-16 1
8718.4 2.0693e-14 3.10466e-16 1
8724.82 2.05775e-14 3.10466e-16 1
8731.24 2.04587e-14 3.10466e-16 1
8737.66 2.06929e-14 3.10466e-16 1
8744.08 2.08654e-14 3.10466e-16 1
8750.5 2.05756e-14 3.10466e-16 1
8756.93 2.02362e-14 3.10466e-16 1
8763.35 1.99592e-14 3.10466e-16 1
8769.77 1.98105e-14 3.10466e-16 1
8776.19 1.99263e-14 3.10466e-16 1
8782.61 1.97735e-14 3.10466e-16 1
8789.04 1.97535e-14 3.10466e-16 1
8795.46 1.99484e-14 3.10466e-16 1
8801.88 2.00057e-14 3.10466e-16 1
8808.3 1.9914e-14 3.10466e-16 1
8814.72 1.95522e-14 3.10466e-16 1
8821.14 1.93622e-14 3.10466e-16 1
8827.57 1.90814e-14 3.10466e-16 1
8833.99 1.91416e-14 3.10466e-16 1
8840.41 1.90537e-14 3.10466e-16 1
8846.83 1.90602e-14 3.10466e-16 1
8853.25 1.89661e-14 3.10466e-16 1
8859.68 1.8697e-14 3.10466e-16 1
8866.1 1.84404e-14 3.10466e-16 1
8872.52 1.89275e-14 3.10466e-16 1
8878.94 1.87571e-14 3.10466e-16 1
8885.36 1.82739e-14 3.10466e-16 1
8891.78 1.83833e-14 3.10466e-16 1
8898.21 1.8574e-14 3.10466e-16 1
8904.63 1.81319e-14 3.10466e-16 1
8911.05 1.742e-14 3.10466e-16 1
8917.47 1.81274e-14 3.10466e-16 1
8923.89 1.76172e-14 3.10466e-16 1
8930.32 1.72208e-14 3.10466e-16 1
8936.74 1.77041e-14 3.10466e-16 1
8943.16 1.72997e-14 3.10466e-16 1
8949.58 1.72576e-14 3.10466e-16 1
8956 1.67568e-14 3.10466e-16 1
8962.43 1.62399e-14 3.10466e-16 1
8968.85 1.56549e-14 3.10466e-16 1
8975.27 1.53945e-14 3.10466e-16 1
8981.69 1.52529e-14 3.10466e-16 1
8988.11 1.45908e-14 3.10466e-16 1
8994.53 1.43158e-14 3.10466e-16 1
9000.96 1.40748e-14 3.10466e-16 1
9007.38 1.36653e-14 3.10466e-16 1
9013.8 1.41525e-14 3.10466e-16 1
9020.22 1.34251e-14 3.10466e-16 1
9026.64 1.33823e-14 3.10466e-16 1
9033.07 1.36879e-14 3.10466e-16 1
9039.49 1.3801e-14 3.10466e-16 1
9045.91 1.37704e-14 3.10466e-16 1
9052.33 1.38962e-14 3.10466e-16 1
9058.75 1.3696e-14 3.10466e-16 1
9065.17 1.35793e-14 3.10466e-16 1
9071.6 1.34094e-14 3.10466e-16 1
9078.02 1.36992e-14 3.10466e-16 1
9084.44 1.32289e-14 3.10466e-16 1
9090.86 1.31239e-14 3.10466e-16 1
9097.28 1.33958e-14 3.10466e-16 1
9103.71 1.3106e-14 3.10466e-16 1
9110.13 1.26889e-14 3.10466e-16 1
9116.55 1.28737e-14 3.10466e-16 1
9122.97 1.2928e-14 3.10466e-16 1
9129.39 1.33682e-14 3.10466e-16 1
9135.81 1.37202e-14 3.10466e-16 1
9142.24 1.3562e-14 3.10466e-16 1
9148.66 1.35848e-14 3.10466e-16 1
9155.08 1.32073e-14 3.10466e-16 1
9161.5 1.32245e-14 3.10466e-16 1
9167.92 1.29143e-14 3.10466e-16 1
9174.35 1.31042e-14 3.10466e-16 1
9180.77 1.32221e-14 3.10466e-16 1
9187.19 1.29473e-14 3.10466e-16 1
9193.61 1.25779e-14 3.10466e-16 1
9200.03 1.31639e-14 3.10466e-16 1
9206.45 1.30451e-14 3.10466e-16 1
9212.88 1.30803e-14 3.10466e-16 1
9219.3 1.30599e-14 3.10466e-16 1
9225.72 1.37861e-14 3.10466e-16 1
9232.14 1.34694e-14 3.10466e-16 1
9238.56 1.34111e-14 3.10466e-16 1
9244.99 1.36351e-14 3.10466e-16 1
9251.41 1.33946e-14 3.10466e-16 1
9257.83 1.34435e-14 3.10466e-16 1
9264.25 1.30029e-14 3.10466e-16 1
9270.67 1.3343e-14 3.10466e-16 1
9277.09 1.34638e-14 3.10466e-16 1
9283.52 1.26969e-14 3.10466e-16 1
9289.94 1.32281e-14 3.10466e-16 1
9296.36 1.28814e-14 3.10466e-16 1
9302.78 1.26958e-14 3.10466e-16 1
9309.2 1.30017e-14 3.10466e-16 1
9315.63 1.23107e-14 3.10466e-16 1
9322.05 1.26912e-14 3.10466e-16 1
9328.47 1.2843e-14 3.10466e-16 1
9334.89 1.2553e-14 3.10466e-16 1
9341.31 1.24822e-14 3.10466e-16 1
9347.73 1.21906e-14 3.10466e-16 1
9354.16 1.21183e-14 3.10466e-16 1
9360.58 1.16585e-14 3.10466e-16 1
9367 1.07605e-14 3.10466e-16 1
9373.42 1.03599e-14 3.10466e-16 1
9379.84 1.00741e-14 3.10466e-16 1
