SURVEY: FOUNDATION
SNTYPE: 1
SNID: SN2017ciy
RA: 256.0288630
DECL: 25.0528807
MWEBV: 0.0552 +- 0.0028
FILTERS: griz
REDSHIFT_HELIO: 0.0376550 +- 0.0010500
REDSHIFT_FINAL: 0.0376298 +- 0.0010500
SEARCH_PEAKMJD: 57841.53727
HOSTGAL_LOGMASS: 10.215 +- 0.001
VPEC: 230.889
VPEC_ERR: 250.000
PIXSIZE: 0.25  # arcsec

###########################
NOBS: 28
NVAR: 8
VARLIST:      MJD    FLT   FIELD      FLUXCAL     FLUXCALERR       MAG    MAGERR   PSF
OBS:  57841.53727      g    NULL    10226.524        204.756    17.476     0.022  2.28
OBS:  57847.55832      g    NULL     7613.267        169.719    17.796     0.024  2.40
OBS:  57863.48168      g    NULL     2509.303         93.474    19.001     0.040  2.26
OBS:  57870.57794      g    NULL     1836.436         99.473    19.340     0.059  2.01
OBS:  57880.46342      g    NULL     1396.645         99.559    19.637     0.077  1.48
OBS:  57841.53767      r    NULL    10199.133        192.520    17.479     0.020  2.23
OBS:  57847.55872      r    NULL     8543.661        176.494    17.671     0.022  2.75
OBS:  57863.48208      r    NULL     4505.627        114.637    18.366     0.028  2.21
OBS:  57870.57832      r    NULL     3928.107        110.243    18.515     0.030  1.86
OBS:  57880.46381      r    NULL     2752.801         96.682    18.901     0.038  1.49
OBS:  57841.53803      i    NULL     7723.862        169.966    17.780     0.024  2.29
OBS:  57847.55908      i    NULL     6161.046        151.658    18.026     0.027  2.50
OBS:  57863.48244      i    NULL     4960.338        127.136    18.261     0.028  1.73
OBS:  57870.57869      i    NULL     4063.239        121.121    18.478     0.032  1.63
OBS:  57880.46417      i    NULL     2912.466         99.012    18.839     0.037  1.38
OBS:  57879.44296      i    NULL     3138.013         68.565    18.758     0.024  1.41
OBS:  57879.45497      i    NULL     3299.209         70.644    18.704     0.023  1.32
OBS:  57879.46712      i    NULL     3220.951         70.704    18.730     0.024  1.42
OBS:  57879.47913      i    NULL     3057.124         70.937    18.787     0.025  1.45
OBS:  57891.58983      i    NULL     2140.546         55.246    19.174     0.028  1.33
OBS:  57891.59498      i    NULL     2154.875         56.751    19.166     0.028  1.35
OBS:  57891.60013      i    NULL     2062.442         55.638    19.214     0.029  1.35
OBS:  57891.60530      i    NULL     2046.398         57.363    19.223     0.030  1.37
OBS:  57841.53841      z    NULL     7174.190        207.485    17.861     0.031  2.03
OBS:  57847.55945      z    NULL     6722.888        220.021    17.931     0.035  2.73
OBS:  57863.48279      z    NULL     5192.930        169.635    18.211     0.035  1.63
OBS:  57870.57906      z    NULL     4824.840        184.279    18.291     0.041  1.63
OBS:  57880.46454      z    NULL     3517.031        143.632    18.635     0.044  1.36
END_PHOTOMETRY:

# =============================================
NSPECTRA: 1 


NVAR_SPEC: 5
VARNAMES_SPEC: LAMMIN LAMMAX  FLAM  FLAMERR DQ

SPECTRUM_ID: 1
SPECTRUM_MJD:  57838.00
SPEC: 3639.65 3645.15 3.42862e-16 7.79944e-17 0
SPEC: 3645.15 3650.65 4.81888e-16 7.63693e-17 0
SPEC: 3650.65 3656.15 4.39684e-16 7.47531e-17 0
SPEC: 3656.15 3661.65 2.72199e-16 7.31511e-17 0
SPEC: 3661.75 3667.25 4.28650e-16 7.15690e-17 0
SPEC: 3667.25 3672.75 3.29485e-16 7.00120e-17 0
SPEC: 3672.75 3678.25 3.64327e-16 6.84855e-17 0
SPEC: 3678.35 3683.85 3.57603e-16 6.69944e-17 0
SPEC: 3683.85 3689.35 2.92432e-16 6.55433e-17 0
SPEC: 3689.35 3694.85 2.82495e-16 6.41363e-17 0
SPEC: 3694.85 3700.35 3.23561e-16 6.27772e-17 0
SPEC: 3700.35 3705.85 1.61928e-16 6.14693e-17 0
SPEC: 3705.95 3711.45 3.13483e-16 6.02154e-17 0
SPEC: 3711.45 3716.95 2.94296e-16 5.90178e-17 0
SPEC: 3716.95 3722.45 3.34134e-16 5.78785e-17 0
SPEC: 3722.45 3727.95 3.73699e-16 5.67990e-17 0
SPEC: 3728.05 3733.55 3.11689e-16 5.57806e-17 0
SPEC: 3733.55 3739.05 3.72221e-16 5.48241e-17 0
SPEC: 3739.05 3744.55 2.83660e-16 5.39301e-17 0
SPEC: 3744.55 3750.05 3.73657e-16 5.30987e-17 0
SPEC: 3750.15 3755.65 2.99986e-16 5.23296e-17 1
SPEC: 3755.65 3761.15 2.65055e-16 5.16220e-17 1
SPEC: 3761.15 3766.65 3.27276e-16 5.09741e-17 1
SPEC: 3766.65 3772.15 4.32149e-16 5.03836e-17 1
SPEC: 3772.15 3777.65 3.60099e-16 4.98469e-17 1
SPEC: 3777.75 3783.25 3.32544e-16 4.93592e-17 1
SPEC: 3783.25 3788.75 3.18435e-16 4.89148e-17 1
SPEC: 3788.75 3794.25 3.70440e-16 4.85064e-17 1
SPEC: 3794.35 3799.85 3.11553e-16 4.81258e-17 1
SPEC: 3799.85 3805.35 3.23545e-16 4.77637e-17 1
SPEC: 3805.35 3810.85 3.36425e-16 4.74099e-17 1
SPEC: 3810.85 3816.35 3.10220e-16 4.70539e-17 1
SPEC: 3816.45 3821.95 2.51637e-16 4.66851e-17 1
SPEC: 3821.95 3827.45 2.82126e-16 4.62934e-17 1
SPEC: 3827.45 3832.95 3.63934e-16 4.58693e-17 1
SPEC: 3832.95 3838.45 3.77865e-16 4.54050e-17 1
SPEC: 3838.45 3843.95 3.21718e-16 4.48940e-17 1
SPEC: 3844.05 3849.55 2.82567e-16 4.43323e-17 1
SPEC: 3849.55 3855.05 2.26103e-16 4.37180e-17 1
SPEC: 3855.05 3860.55 2.34217e-16 4.30517e-17 1
SPEC: 3860.55 3866.05 2.25364e-16 4.23368e-17 1
SPEC: 3866.15 3871.65 3.56789e-16 4.15789e-17 1
SPEC: 3871.65 3877.15 2.57438e-16 4.07860e-17 1
SPEC: 3877.15 3882.65 3.07717e-16 3.99678e-17 1
SPEC: 3882.65 3888.15 2.88306e-16 3.91359e-17 1
SPEC: 3888.25 3893.75 2.98856e-16 3.83025e-17 1
SPEC: 3893.75 3899.25 2.90913e-16 3.74805e-17 1
SPEC: 3899.25 3904.75 2.51581e-16 3.66828e-17 1
SPEC: 3904.75 3910.25 2.62355e-16 3.59214e-17 1
SPEC: 3910.35 3915.85 2.06874e-16 3.52075e-17 1
SPEC: 3915.85 3921.35 2.37299e-16 3.45507e-17 1
SPEC: 3921.35 3926.85 2.03519e-16 3.39586e-17 1
SPEC: 3926.85 3932.35 2.52582e-16 3.34368e-17 1
SPEC: 3932.45 3937.95 2.48402e-16 3.29885e-17 1
SPEC: 3937.95 3943.45 2.83652e-16 3.26146e-17 1
SPEC: 3943.45 3948.95 2.62788e-16 3.23138e-17 1
SPEC: 3948.95 3954.45 2.82602e-16 3.20826e-17 1
SPEC: 3954.45 3959.95 3.12521e-16 3.19160e-17 1
SPEC: 3960.05 3965.55 2.71296e-16 3.18071e-17 1
SPEC: 3965.55 3971.05 3.16001e-16 3.17481e-17 1
SPEC: 3971.05 3976.55 2.91832e-16 3.17304e-17 1
SPEC: 3976.55 3982.05 3.08414e-16 3.17452e-17 1
SPEC: 3982.15 3987.65 3.03678e-16 3.17837e-17 1
SPEC: 3987.65 3993.15 3.07775e-16 3.18375e-17 1
SPEC: 3993.15 3998.65 2.09933e-16 3.18991e-17 1
SPEC: 3998.65 4004.15 2.63797e-16 3.21792e-17 1
SPEC: 4004.25 4009.75 3.09820e-16 3.21650e-17 1
SPEC: 4009.75 4015.25 3.77030e-16 3.21566e-17 1
SPEC: 4015.25 4020.75 3.53002e-16 3.21252e-17 1
SPEC: 4020.75 4026.25 3.67294e-16 3.21649e-17 1
SPEC: 4026.35 4031.85 3.18666e-16 3.22745e-17 1
SPEC: 4031.85 4037.35 3.34818e-16 3.21631e-17 1
SPEC: 4037.35 4042.85 3.34749e-16 3.22647e-17 1
SPEC: 4042.85 4048.35 3.26680e-16 3.22586e-17 1
SPEC: 4048.45 4053.95 3.56231e-16 3.21539e-17 1
SPEC: 4053.95 4059.45 4.03982e-16 3.20944e-17 1
SPEC: 4059.45 4064.95 3.65768e-16 3.20762e-17 1
SPEC: 4064.95 4070.45 4.14498e-16 3.21096e-17 1
SPEC: 4070.45 4075.95 3.99700e-16 3.20836e-17 1
SPEC: 4076.05 4081.55 4.19514e-16 3.20881e-17 1
SPEC: 4081.55 4087.05 3.99239e-16 3.21360e-17 1
SPEC: 4087.05 4092.55 3.65930e-16 3.21207e-17 1
SPEC: 4092.55 4098.05 4.10301e-16 3.21619e-17 1
SPEC: 4098.15 4103.65 4.14519e-16 3.21769e-17 1
SPEC: 4103.65 4109.15 4.78666e-16 3.22760e-17 1
SPEC: 4109.15 4114.65 3.66035e-16 3.23854e-17 1
SPEC: 4114.65 4120.15 4.14596e-16 3.24988e-17 1
SPEC: 4120.25 4125.75 3.66424e-16 3.27225e-17 1
SPEC: 4125.75 4131.25 3.76604e-16 3.29188e-17 1
SPEC: 4131.25 4136.75 3.64184e-16 3.30590e-17 1
SPEC: 4136.75 4142.25 3.98291e-16 3.33142e-17 1
SPEC: 4142.35 4147.85 3.62160e-16 3.33285e-17 1
SPEC: 4147.85 4153.35 4.04992e-16 3.35977e-17 1
SPEC: 4153.35 4158.85 3.72916e-16 3.39705e-17 1
SPEC: 4158.85 4164.35 4.02717e-16 3.43340e-17 1
SPEC: 4164.35 4169.85 3.54266e-16 3.47126e-17 1
SPEC: 4169.95 4175.45 3.60790e-16 3.49201e-17 1
SPEC: 4175.45 4180.95 3.11037e-16 3.51679e-17 1
SPEC: 4180.95 4186.45 3.98240e-16 3.54571e-17 1
SPEC: 4186.45 4191.95 3.94663e-16 3.57568e-17 1
SPEC: 4192.05 4197.55 3.30525e-16 3.60631e-17 1
SPEC: 4197.55 4203.05 3.87648e-16 3.62876e-17 1
SPEC: 4203.05 4208.55 3.42070e-16 3.66468e-17 1
SPEC: 4208.65 4214.15 3.49615e-16 3.69265e-17 1
SPEC: 4214.15 4219.65 3.39183e-16 3.72103e-17 1
SPEC: 4219.65 4225.15 3.98219e-16 3.74399e-17 1
SPEC: 4225.15 4230.65 3.92012e-16 3.76616e-17 1
SPEC: 4230.65 4236.15 4.07352e-16 3.79785e-17 1
SPEC: 4236.25 4241.75 4.12400e-16 3.80606e-17 1
SPEC: 4241.75 4247.25 3.88865e-16 3.82292e-17 1
SPEC: 4247.25 4252.75 4.33987e-16 3.83557e-17 1
SPEC: 4252.75 4258.25 3.27133e-16 3.84819e-17 1
SPEC: 4258.35 4263.85 3.55960e-16 3.84377e-17 1
SPEC: 4263.85 4269.35 4.21216e-16 3.84537e-17 1
SPEC: 4269.35 4274.85 3.41567e-16 3.83361e-17 1
SPEC: 4274.85 4280.35 4.34763e-16 3.82878e-17 1
SPEC: 4280.45 4285.95 4.17836e-16 3.79547e-17 1
SPEC: 4285.95 4291.45 3.52837e-16 3.76870e-17 1
SPEC: 4291.45 4296.95 3.98160e-16 3.74346e-17 1
SPEC: 4296.95 4302.45 4.19739e-16 3.70001e-17 1
SPEC: 4302.45 4307.95 3.59902e-16 3.66586e-17 1
SPEC: 4308.05 4313.55 3.59909e-16 3.62542e-17 1
SPEC: 4313.55 4319.05 3.94792e-16 3.59328e-17 1
SPEC: 4319.05 4324.55 3.43585e-16 3.54299e-17 1
SPEC: 4324.65 4330.15 3.99494e-16 3.49443e-17 1
SPEC: 4330.15 4335.65 3.96033e-16 3.44753e-17 1
SPEC: 4335.65 4341.15 3.57965e-16 3.38609e-17 1
SPEC: 4341.15 4346.65 3.47992e-16 3.33817e-17 1
SPEC: 4346.65 4352.15 3.45772e-16 3.28082e-17 1
SPEC: 4352.25 4357.75 4.39221e-16 3.22579e-17 1
SPEC: 4357.75 4363.25 3.60063e-16 3.17699e-17 1
SPEC: 4363.25 4368.75 3.84243e-16 3.12506e-17 1
SPEC: 4368.75 4374.25 3.62231e-16 3.07756e-17 1
SPEC: 4374.35 4379.85 3.53150e-16 3.01675e-17 1
SPEC: 4379.85 4385.35 3.98106e-16 2.96406e-17 1
SPEC: 4385.35 4390.85 3.94521e-16 2.91421e-17 1
SPEC: 4390.85 4396.35 3.82769e-16 2.86933e-17 1
SPEC: 4396.45 4401.95 3.66714e-16 2.83371e-17 1
SPEC: 4401.95 4407.45 3.74421e-16 2.79392e-17 1
SPEC: 4407.45 4412.95 3.39977e-16 2.76441e-17 1
SPEC: 4412.95 4418.45 3.53009e-16 2.72941e-17 1
SPEC: 4418.55 4424.05 3.86859e-16 2.69535e-17 1
SPEC: 4424.05 4429.55 3.63959e-16 2.65935e-17 1
SPEC: 4429.55 4435.05 3.41043e-16 2.62513e-17 1
SPEC: 4435.05 4440.55 3.10857e-16 2.59679e-17 1
SPEC: 4440.65 4446.15 2.64421e-16 2.57143e-17 1
SPEC: 4446.15 4451.65 2.97098e-16 2.55378e-17 1
SPEC: 4451.65 4457.15 2.73404e-16 2.52299e-17 1
SPEC: 4457.15 4462.65 2.95406e-16 2.50145e-17 1
SPEC: 4462.65 4468.15 3.02629e-16 2.48432e-17 1
SPEC: 4468.25 4473.75 2.93298e-16 2.46830e-17 1
SPEC: 4473.75 4479.25 2.49259e-16 2.45377e-17 1
SPEC: 4479.25 4484.75 2.62411e-16 2.43516e-17 1
SPEC: 4484.75 4490.25 2.45629e-16 2.42813e-17 1
SPEC: 4490.35 4495.85 2.91913e-16 2.41849e-17 1
SPEC: 4495.85 4501.35 3.11722e-16 2.41419e-17 1
SPEC: 4501.35 4506.85 2.68035e-16 2.40179e-17 1
SPEC: 4506.85 4512.35 2.70208e-16 2.39602e-17 1
SPEC: 4512.45 4517.95 2.66926e-16 2.38990e-17 1
SPEC: 4517.95 4523.45 2.81918e-16 2.38971e-17 1
SPEC: 4523.45 4528.95 2.10559e-16 2.38939e-17 1
SPEC: 4528.95 4534.45 2.49290e-16 2.39043e-17 1
SPEC: 4534.55 4540.05 2.67521e-16 2.39974e-17 1
SPEC: 4540.05 4545.55 2.65420e-16 2.40331e-17 1
SPEC: 4545.55 4551.05 2.73759e-16 2.41064e-17 1
SPEC: 4551.05 4556.55 2.62549e-16 2.41862e-17 1
SPEC: 4556.65 4562.15 3.01278e-16 2.43380e-17 1
SPEC: 4562.15 4567.65 2.89755e-16 2.44454e-17 1
SPEC: 4567.65 4573.15 3.11486e-16 2.45641e-17 1
SPEC: 4573.15 4578.65 3.13306e-16 2.47620e-17 1
SPEC: 4578.65 4584.15 2.79659e-16 2.49036e-17 1
SPEC: 4584.25 4589.75 2.51759e-16 2.51011e-17 1
SPEC: 4589.75 4595.25 2.54346e-16 2.52875e-17 1
SPEC: 4595.25 4600.75 2.78057e-16 2.54855e-17 1
SPEC: 4600.85 4606.35 3.10269e-16 2.56336e-17 1
SPEC: 4606.35 4611.85 3.00049e-16 2.58731e-17 1
SPEC: 4611.85 4617.35 3.26006e-16 2.60481e-17 1
SPEC: 4617.35 4622.85 3.24577e-16 2.62409e-17 1
SPEC: 4622.85 4628.35 3.27223e-16 2.64018e-17 1
SPEC: 4628.45 4633.95 3.38934e-16 2.64994e-17 1
SPEC: 4633.95 4639.45 3.46048e-16 2.66263e-17 1
SPEC: 4639.45 4644.95 3.25380e-16 2.67215e-17 1
SPEC: 4644.95 4650.45 2.86308e-16 2.67984e-17 1
SPEC: 4650.55 4656.05 3.49064e-16 2.68700e-17 1
SPEC: 4656.05 4661.55 2.68635e-16 2.69113e-17 1
SPEC: 4661.55 4667.05 3.49162e-16 2.69381e-17 1
SPEC: 4667.05 4672.55 3.89187e-16 2.69015e-17 1
SPEC: 4672.65 4678.15 3.50307e-16 2.68827e-17 1
SPEC: 4678.15 4683.65 3.11486e-16 2.68189e-17 1
SPEC: 4683.65 4689.15 3.66335e-16 2.67574e-17 1
SPEC: 4689.15 4694.65 3.20898e-16 2.66398e-17 1
SPEC: 4694.65 4700.15 3.10337e-16 2.65713e-17 1
SPEC: 4700.25 4705.75 3.36800e-16 2.64310e-17 1
SPEC: 4705.75 4711.25 3.40773e-16 2.63289e-17 1
SPEC: 4711.25 4716.75 3.36507e-16 2.62267e-17 1
SPEC: 4716.85 4722.35 3.42268e-16 2.61067e-17 1
SPEC: 4722.35 4727.85 3.60473e-16 2.60038e-17 1
SPEC: 4727.85 4733.35 3.83629e-16 2.58672e-17 1
SPEC: 4733.35 4738.85 4.02746e-16 2.57754e-17 1
SPEC: 4738.85 4744.35 3.49657e-16 2.56584e-17 1
SPEC: 4744.45 4749.95 3.37544e-16 2.55663e-17 1
SPEC: 4749.95 4755.45 3.49197e-16 2.54520e-17 1
SPEC: 4755.45 4760.95 3.50750e-16 2.53882e-17 1
SPEC: 4760.95 4766.45 3.55391e-16 2.52551e-17 1
SPEC: 4766.55 4772.05 3.85808e-16 2.52037e-17 1
SPEC: 4772.05 4777.55 3.65434e-16 2.51670e-17 1
SPEC: 4777.55 4783.05 3.72135e-16 2.50520e-17 1
SPEC: 4783.05 4788.55 3.39297e-16 2.49334e-17 1
SPEC: 4788.65 4794.15 3.70526e-16 2.48424e-17 1
SPEC: 4794.15 4799.65 3.61572e-16 2.47632e-17 1
SPEC: 4799.65 4805.15 3.46797e-16 2.46245e-17 1
SPEC: 4805.15 4810.65 3.84238e-16 2.44463e-17 1
SPEC: 4810.75 4816.25 4.13656e-16 2.43127e-17 1
SPEC: 4816.25 4821.75 3.78811e-16 2.41130e-17 1
SPEC: 4821.75 4827.25 3.47604e-16 2.39164e-17 1
SPEC: 4827.25 4832.75 3.14595e-16 2.37050e-17 1
SPEC: 4832.85 4838.35 2.84398e-16 2.34588e-17 1
SPEC: 4838.35 4843.85 2.74686e-16 2.31274e-17 1
SPEC: 4843.85 4849.35 3.21368e-16 2.28779e-17 1
SPEC: 4849.35 4854.85 3.31091e-16 2.25747e-17 1
SPEC: 4854.85 4860.35 2.69094e-16 2.22211e-17 1
SPEC: 4860.45 4865.95 2.96151e-16 2.19157e-17 1
SPEC: 4865.95 4871.45 2.51568e-16 2.15862e-17 1
SPEC: 4871.45 4876.95 2.77132e-16 2.12236e-17 1
SPEC: 4876.95 4882.45 2.51886e-16 2.09358e-17 1
SPEC: 4882.55 4888.05 2.77652e-16 2.06039e-17 1
SPEC: 4888.05 4893.55 2.72948e-16 2.02987e-17 1
SPEC: 4893.55 4899.05 2.60238e-16 2.00079e-17 1
SPEC: 4899.05 4904.55 2.84569e-16 1.97151e-17 1
SPEC: 4904.65 4910.15 2.66597e-16 1.94698e-17 1
SPEC: 4910.15 4915.65 2.79613e-16 1.91718e-17 1
SPEC: 4915.65 4921.15 2.79847e-16 1.92203e-17 1
SPEC: 4921.15 4926.65 2.57443e-16 1.87945e-17 1
SPEC: 4926.75 4932.25 2.70258e-16 1.86533e-17 1
SPEC: 4932.25 4937.75 2.60823e-16 1.85441e-17 1
SPEC: 4937.75 4943.25 2.70527e-16 1.84391e-17 1
SPEC: 4943.25 4948.75 2.69885e-16 1.83119e-17 1
SPEC: 4948.85 4954.35 2.70936e-16 1.83120e-17 1
SPEC: 4954.35 4959.85 2.69296e-16 1.82017e-17 1
SPEC: 4959.85 4965.35 2.92149e-16 1.81869e-17 1
SPEC: 4965.35 4970.85 2.74125e-16 1.81476e-17 1
SPEC: 4970.85 4976.35 2.62876e-16 1.81294e-17 1
SPEC: 4976.45 4981.95 2.31912e-16 1.80903e-17 1
SPEC: 4981.95 4987.45 2.50571e-16 1.80611e-17 1
SPEC: 4987.45 4992.95 2.29144e-16 1.80455e-17 1
SPEC: 4993.05 4998.55 2.22097e-16 1.79885e-17 1
SPEC: 4998.55 5004.05 2.28286e-16 1.79714e-17 1
SPEC: 5004.05 5009.55 2.61043e-16 1.78761e-17 1
SPEC: 5009.55 5015.05 2.27153e-16 1.77783e-17 1
SPEC: 5015.05 5020.55 2.83377e-16 1.77180e-17 1
SPEC: 5020.65 5026.15 2.53362e-16 1.75726e-17 1
SPEC: 5026.15 5031.65 2.48002e-16 1.74341e-17 1
SPEC: 5031.65 5037.15 2.55359e-16 1.72611e-17 1
SPEC: 5037.15 5042.65 3.09783e-16 1.70038e-17 1
SPEC: 5042.75 5048.25 2.07174e-16 1.68077e-17 1
SPEC: 5048.25 5053.75 2.08567e-16 1.66135e-17 1
SPEC: 5053.75 5059.25 2.27276e-16 1.63758e-17 1
SPEC: 5059.25 5064.75 2.12516e-16 1.61178e-17 1
SPEC: 5064.85 5070.35 2.25130e-16 1.58938e-17 1
SPEC: 5070.35 5075.85 2.25193e-16 1.55403e-17 1
SPEC: 5075.85 5081.35 2.03059e-16 1.52758e-17 1
SPEC: 5081.35 5086.85 2.11870e-16 1.49945e-17 1
SPEC: 5086.85 5092.35 2.20357e-16 1.47459e-17 1
SPEC: 5092.45 5097.95 2.11020e-16 1.44821e-17 1
SPEC: 5097.95 5103.45 2.18834e-16 1.41992e-17 1
SPEC: 5103.45 5108.95 2.25487e-16 1.39885e-17 1
SPEC: 5109.05 5114.55 2.25489e-16 1.37477e-17 1
SPEC: 5114.55 5120.05 2.32060e-16 1.35793e-17 1
SPEC: 5120.05 5125.55 2.27999e-16 1.33697e-17 1
SPEC: 5125.55 5131.05 2.30692e-16 1.32196e-17 1
SPEC: 5131.05 5136.55 2.40985e-16 1.30834e-17 1
SPEC: 5136.65 5142.15 2.45627e-16 1.29359e-17 1
SPEC: 5142.15 5147.65 2.43634e-16 1.29100e-17 1
SPEC: 5147.65 5153.15 2.46178e-16 1.28528e-17 1
SPEC: 5153.15 5158.65 2.26555e-16 1.27969e-17 1
SPEC: 5158.75 5164.25 2.45569e-16 1.28064e-17 1
SPEC: 5164.25 5169.75 2.65280e-16 1.27729e-17 1
SPEC: 5169.75 5175.25 2.30436e-16 1.28280e-17 1
SPEC: 5175.25 5180.75 2.39583e-16 1.29267e-17 1
SPEC: 5180.85 5186.35 2.50016e-16 1.29378e-17 1
SPEC: 5186.35 5191.85 2.58758e-16 1.31569e-17 1
SPEC: 5191.85 5197.35 2.45106e-16 1.34252e-17 1
SPEC: 5197.35 5202.85 2.39054e-16 1.39914e-17 1
SPEC: 5202.95 5208.45 2.55526e-16 1.35356e-17 1
SPEC: 5208.45 5213.95 2.59915e-16 1.36508e-17 1
SPEC: 5213.95 5219.45 2.61581e-16 1.38313e-17 1
SPEC: 5219.45 5224.95 2.56453e-16 1.40461e-17 1
SPEC: 5225.05 5230.55 2.38207e-16 1.41149e-17 1
SPEC: 5230.55 5236.05 2.47595e-16 1.43157e-17 1
SPEC: 5236.05 5241.55 2.28960e-16 1.45877e-17 1
SPEC: 5241.55 5247.05 2.60561e-16 1.46691e-17 1
SPEC: 5247.15 5252.65 2.64853e-16 1.48837e-17 1
SPEC: 5252.65 5258.15 2.74616e-16 1.51029e-17 1
SPEC: 5258.15 5263.65 2.79004e-16 1.52010e-17 1
SPEC: 5263.65 5269.15 2.71522e-16 1.52994e-17 1
SPEC: 5269.15 5274.65 2.66894e-16 1.54659e-17 1
SPEC: 5274.75 5280.25 2.49598e-16 1.56300e-17 1
SPEC: 5280.25 5285.75 2.45042e-16 1.56774e-17 1
SPEC: 5285.75 5291.25 2.57685e-16 1.57845e-17 1
SPEC: 5291.25 5296.75 2.70964e-16 1.58580e-17 1
SPEC: 5296.85 5302.35 2.76771e-16 1.59410e-17 1
SPEC: 5302.35 5307.85 2.90259e-16 1.60138e-17 1
SPEC: 5307.85 5313.35 2.81358e-16 1.60277e-17 1
SPEC: 5313.35 5318.85 2.26670e-16 1.60417e-17 1
SPEC: 5318.95 5324.45 2.47112e-16 1.60297e-17 1
SPEC: 5324.45 5329.95 2.61274e-16 1.59822e-17 1
SPEC: 5329.95 5335.45 2.58155e-16 1.59691e-17 1
SPEC: 5335.45 5340.95 2.85957e-16 1.59389e-17 1
SPEC: 5341.05 5346.55 2.37693e-16 1.58825e-17 1
SPEC: 5346.55 5352.05 2.66897e-16 1.58610e-17 1
SPEC: 5352.05 5357.55 2.65691e-16 1.57945e-17 1
SPEC: 5357.55 5363.05 2.89492e-16 1.56858e-17 1
SPEC: 5363.15 5368.65 2.44775e-16 1.56069e-17 1
SPEC: 5368.65 5374.15 2.65186e-16 1.55218e-17 1
SPEC: 5374.15 5379.65 2.55564e-16 1.54211e-17 1
SPEC: 5379.65 5385.15 2.71313e-16 1.53065e-17 1
SPEC: 5385.15 5390.65 2.63184e-16 1.52215e-17 1
SPEC: 5390.75 5396.25 2.50229e-16 1.51003e-17 1
SPEC: 5396.25 5401.75 2.83965e-16 1.50069e-17 1
SPEC: 5401.75 5407.25 2.56419e-16 1.49016e-17 1
SPEC: 5407.25 5412.75 2.72261e-16 1.48341e-17 1
SPEC: 5412.85 5418.35 2.65802e-16 1.47542e-17 1
SPEC: 5418.35 5423.85 2.56554e-16 1.46721e-17 1
SPEC: 5423.85 5429.35 2.71083e-16 1.45999e-17 1
SPEC: 5429.35 5434.85 2.53186e-16 1.44753e-17 1
SPEC: 5434.95 5440.45 2.73792e-16 1.44543e-17 1
SPEC: 5440.45 5445.95 2.56639e-16 1.43854e-17 1
SPEC: 5445.95 5451.45 2.77967e-16 1.43096e-17 1
SPEC: 5451.45 5456.95 2.67265e-16 1.42411e-17 1
SPEC: 5457.05 5462.55 2.83731e-16 1.42126e-17 1
SPEC: 5462.55 5468.05 2.57296e-16 1.41545e-17 1
SPEC: 5468.05 5473.55 2.83013e-16 1.40869e-17 1
SPEC: 5473.55 5479.05 2.71874e-16 1.40640e-17 1
SPEC: 5479.15 5484.65 2.47295e-16 1.40374e-17 1
SPEC: 5484.65 5490.15 2.26480e-16 1.39739e-17 1
SPEC: 5490.15 5495.65 2.56909e-16 1.39569e-17 1
SPEC: 5495.65 5501.15 2.38952e-16 1.39263e-17 1
SPEC: 5501.15 5506.65 2.27172e-16 1.38967e-17 1
SPEC: 5506.75 5512.25 2.18165e-16 1.38685e-17 1
SPEC: 5512.25 5517.75 2.32564e-16 1.38248e-17 1
SPEC: 5517.75 5523.25 2.10588e-16 1.38009e-17 1
SPEC: 5523.25 5528.75 2.21596e-16 1.37643e-17 1
SPEC: 5528.85 5534.35 2.33715e-16 1.37229e-17 1
SPEC: 5534.35 5539.85 2.20113e-16 1.37232e-17 1
SPEC: 5539.85 5545.35 2.42331e-16 1.37461e-17 1
SPEC: 5545.35 5550.85 2.15429e-16 1.37108e-17 1
SPEC: 5550.95 5556.45 2.06137e-16 1.36619e-17 1
SPEC: 5556.45 5561.95 2.15374e-16 1.36591e-17 1
SPEC: 5561.95 5567.45 2.16644e-16 1.37088e-17 1
SPEC: 5567.45 5572.95 2.11747e-16 1.41777e-17 1
SPEC: 5573.05 5578.55 2.51732e-16 1.75146e-17 1
SPEC: 5578.55 5584.05 2.00459e-16 1.57631e-17 1
SPEC: 5584.05 5589.55 2.35252e-16 1.36410e-17 1
SPEC: 5589.55 5595.05 2.15599e-16 1.36175e-17 1
SPEC: 5595.15 5600.65 2.18952e-16 1.36390e-17 1
SPEC: 5600.65 5606.15 2.25166e-16 1.36944e-17 1
SPEC: 5606.15 5611.65 2.21298e-16 1.36749e-17 1
SPEC: 5611.65 5617.15 2.14994e-16 1.36921e-17 1
SPEC: 5617.15 5622.65 2.24950e-16 1.37245e-17 1
SPEC: 5622.75 5628.25 2.28581e-16 1.37696e-17 1
SPEC: 5628.25 5633.75 2.19726e-16 1.37615e-17 1
SPEC: 5633.75 5639.25 2.27773e-16 1.38051e-17 1
SPEC: 5639.35 5644.85 2.35743e-16 1.38765e-17 1
SPEC: 5644.85 5650.35 2.26568e-16 1.39403e-17 1
SPEC: 5650.35 5655.85 2.09352e-16 1.39551e-17 1
SPEC: 5655.85 5661.35 1.86191e-16 1.39919e-17 1
SPEC: 5661.35 5666.85 2.22256e-16 1.40669e-17 1
SPEC: 5666.95 5672.45 2.25749e-16 1.41451e-17 1
SPEC: 5672.45 5677.95 2.15667e-16 1.41930e-17 1
SPEC: 5677.95 5683.45 1.96259e-16 1.42509e-17 1
SPEC: 5683.45 5688.95 1.95359e-16 1.42951e-17 1
SPEC: 5689.05 5694.55 2.22280e-16 1.43576e-17 1
SPEC: 5694.55 5700.05 1.96142e-16 1.44205e-17 1
SPEC: 5700.05 5705.55 1.93718e-16 1.44458e-17 1
SPEC: 5705.55 5711.05 1.70746e-16 1.44866e-17 1
SPEC: 5711.15 5716.65 1.85552e-16 1.45275e-17 1
SPEC: 5716.65 5722.15 1.94354e-16 1.45646e-17 1
SPEC: 5722.15 5727.65 1.78093e-16 1.45814e-17 1
SPEC: 5727.65 5733.15 1.97256e-16 1.45802e-17 1
SPEC: 5733.15 5738.65 1.77379e-16 1.45978e-17 1
SPEC: 5738.75 5744.25 1.88232e-16 1.46005e-17 1
SPEC: 5744.25 5749.75 2.31940e-16 1.45994e-17 1
SPEC: 5749.75 5755.25 2.19858e-16 1.45862e-17 1
SPEC: 5755.35 5760.85 2.18035e-16 1.45707e-17 1
SPEC: 5760.85 5766.35 2.14154e-16 1.45371e-17 1
SPEC: 5766.35 5771.85 1.91013e-16 1.45104e-17 1
SPEC: 5771.85 5777.35 2.03096e-16 1.44714e-17 1
SPEC: 5777.35 5782.85 1.96651e-16 1.44138e-17 1
SPEC: 5782.95 5788.45 2.09824e-16 1.43520e-17 1
SPEC: 5788.45 5793.95 2.14628e-16 1.42990e-17 1
SPEC: 5793.95 5799.45 1.99062e-16 1.42148e-17 1
SPEC: 5799.45 5804.95 2.34112e-16 1.41457e-17 1
SPEC: 5805.05 5810.55 2.13265e-16 1.40716e-17 1
SPEC: 5810.55 5816.05 1.98404e-16 1.39765e-17 1
SPEC: 5816.05 5821.55 2.39131e-16 1.38745e-17 1
SPEC: 5821.55 5827.05 2.17078e-16 1.37843e-17 1
SPEC: 5827.15 5832.65 2.03389e-16 1.36438e-17 1
SPEC: 5832.65 5838.15 2.23915e-16 1.35263e-17 1
SPEC: 5838.15 5843.65 2.33617e-16 1.34188e-17 1
SPEC: 5843.65 5849.15 2.08132e-16 1.32694e-17 1
SPEC: 5849.25 5854.75 2.10632e-16 1.31270e-17 1
SPEC: 5854.75 5860.25 2.20308e-16 1.29764e-17 1
SPEC: 5860.25 5865.75 2.16268e-16 1.29250e-17 1
SPEC: 5865.75 5871.25 2.16410e-16 1.28802e-17 1
SPEC: 5871.35 5876.85 2.50101e-16 1.26005e-17 1
SPEC: 5876.85 5882.35 1.88881e-16 1.24305e-17 1
SPEC: 5882.35 5887.85 2.17213e-16 1.26279e-17 1
SPEC: 5887.85 5893.35 2.05411e-16 1.33046e-17 1
SPEC: 5893.35 5898.85 1.93623e-16 1.28112e-17 1
SPEC: 5898.95 5904.45 2.28561e-16 1.19731e-17 1
SPEC: 5904.45 5909.95 2.11748e-16 1.17231e-17 1
SPEC: 5909.95 5915.45 2.02680e-16 1.16430e-17 1
SPEC: 5915.45 5920.95 2.14490e-16 1.14835e-17 1
SPEC: 5921.05 5926.55 2.03465e-16 1.13368e-17 1
SPEC: 5926.55 5932.05 1.87812e-16 1.12401e-17 1
SPEC: 5932.05 5937.55 1.96756e-16 1.11695e-17 1
SPEC: 5937.55 5943.05 2.05073e-16 1.09380e-17 1
SPEC: 5943.15 5948.65 2.12523e-16 1.08855e-17 1
SPEC: 5948.65 5954.15 2.00464e-16 1.08475e-17 1
SPEC: 5954.15 5959.65 1.94574e-16 1.07230e-17 1
SPEC: 5959.65 5965.15 1.95735e-16 1.05823e-17 1
SPEC: 5965.25 5970.75 1.90356e-16 1.05493e-17 1
SPEC: 5970.75 5976.25 1.88647e-16 1.05210e-17 1
SPEC: 5976.25 5981.75 1.85682e-16 1.04812e-17 1
SPEC: 5981.75 5987.25 1.80058e-16 1.03712e-17 1
SPEC: 5987.35 5992.85 1.74170e-16 1.03468e-17 1
SPEC: 5992.85 5998.35 1.70447e-16 1.03357e-17 1
SPEC: 5998.35 6003.85 1.75259e-16 1.03354e-17 1
SPEC: 6003.85 6009.35 1.65033e-16 1.03050e-17 1
SPEC: 6009.35 6014.85 1.51489e-16 1.02878e-17 1
SPEC: 6014.95 6020.45 1.78638e-16 1.02789e-17 1
SPEC: 6020.45 6025.95 1.61343e-16 1.02973e-17 1
SPEC: 6025.95 6031.45 1.33761e-16 1.03440e-17 1
SPEC: 6031.45 6036.95 1.45581e-16 1.03899e-17 1
SPEC: 6037.05 6042.55 1.58649e-16 1.03909e-17 1
SPEC: 6042.55 6048.05 1.72425e-16 1.04427e-17 1
SPEC: 6048.05 6053.55 1.76465e-16 1.04800e-17 1
SPEC: 6053.55 6059.05 1.76921e-16 1.05356e-17 1
SPEC: 6059.15 6064.65 1.75681e-16 1.05867e-17 1
SPEC: 6064.65 6070.15 1.77400e-16 1.06716e-17 1
SPEC: 6070.15 6075.65 1.84772e-16 1.07170e-17 1
SPEC: 6075.65 6081.15 1.69188e-16 1.07988e-17 1
SPEC: 6081.25 6086.75 1.73220e-16 1.08837e-17 1
SPEC: 6086.75 6092.25 1.87269e-16 1.09652e-17 1
SPEC: 6092.25 6097.75 1.88676e-16 1.10573e-17 1
SPEC: 6097.75 6103.25 2.00459e-16 1.11718e-17 1
SPEC: 6103.35 6108.85 1.99289e-16 1.12777e-17 1
SPEC: 6108.85 6114.35 1.78989e-16 1.13725e-17 1
SPEC: 6114.35 6119.85 1.79735e-16 1.14882e-17 1
SPEC: 6119.85 6125.35 1.97650e-16 1.15795e-17 1
SPEC: 6125.35 6130.85 1.92578e-16 1.17114e-17 1
SPEC: 6130.95 6136.45 2.03403e-16 1.18432e-17 1
SPEC: 6136.45 6141.95 1.84634e-16 1.20037e-17 1
SPEC: 6141.95 6147.45 1.82997e-16 1.21467e-17 1
SPEC: 6147.45 6152.95 1.80275e-16 1.22196e-17 1
SPEC: 6153.05 6158.55 1.86927e-16 1.23453e-17 1
SPEC: 6158.55 6164.05 1.83376e-16 1.24523e-17 1
SPEC: 6164.05 6169.55 1.88808e-16 1.26138e-17 1
SPEC: 6169.65 6175.15 2.02444e-16 1.27950e-17 1
SPEC: 6175.15 6180.65 1.84523e-16 1.28709e-17 1
SPEC: 6180.65 6186.15 1.65649e-16 1.29868e-17 1
SPEC: 6186.15 6191.65 1.81989e-16 1.30959e-17 1
SPEC: 6191.65 6197.15 1.94812e-16 1.32251e-17 1
SPEC: 6197.25 6202.75 2.02998e-16 1.33469e-17 1
SPEC: 6202.75 6208.25 2.07674e-16 1.34361e-17 1
SPEC: 6208.25 6213.75 1.79488e-16 1.35149e-17 1
SPEC: 6213.75 6219.25 1.64384e-16 1.36208e-17 1
SPEC: 6219.35 6224.85 1.89676e-16 1.37135e-17 1
SPEC: 6224.85 6230.35 2.05423e-16 1.37613e-17 1
SPEC: 6230.35 6235.85 1.89757e-16 1.40157e-17 1
SPEC: 6235.85 6241.35 1.68575e-16 1.41028e-17 1
SPEC: 6241.45 6246.95 1.75628e-16 1.39879e-17 1
SPEC: 6246.95 6252.45 1.86561e-16 1.39665e-17 1
SPEC: 6252.45 6257.95 1.84882e-16 1.41383e-17 1
SPEC: 6257.95 6263.45 1.93215e-16 1.41871e-17 1
SPEC: 6263.45 6268.95 1.77852e-16 1.40808e-17 1
SPEC: 6269.05 6274.55 1.39299e-16 1.40308e-17 1
SPEC: 6274.55 6280.05 1.42898e-16 1.40129e-17 1
SPEC: 6280.05 6285.55 1.56879e-16 1.40153e-17 1
SPEC: 6285.65 6291.15 1.38814e-16 1.40795e-17 1
SPEC: 6291.15 6296.65 1.27306e-16 1.42062e-17 1
SPEC: 6296.65 6302.15 1.26786e-16 1.54739e-17 1
SPEC: 6302.15 6307.65 1.50134e-16 1.46718e-17 1
SPEC: 6307.65 6313.15 1.55177e-16 1.38328e-17 1
SPEC: 6313.25 6318.75 1.16806e-16 1.36302e-17 1
SPEC: 6318.75 6324.25 1.08791e-16 1.36225e-17 1
SPEC: 6324.25 6329.75 1.03708e-16 1.36062e-17 1
SPEC: 6329.75 6335.25 1.10018e-16 1.35004e-17 1
SPEC: 6335.35 6340.85 1.15336e-16 1.32745e-17 1
SPEC: 6340.85 6346.35 9.02589e-17 1.31913e-17 1
SPEC: 6346.35 6351.85 1.04127e-16 1.31364e-17 1
SPEC: 6351.85 6357.35 9.09356e-17 1.30865e-17 1
SPEC: 6357.45 6362.95 9.30338e-17 1.34078e-17 1
SPEC: 6362.95 6368.45 9.03036e-17 1.34498e-17 1
SPEC: 6368.45 6373.95 7.86018e-17 1.26520e-17 1
SPEC: 6373.95 6379.45 1.06796e-16 1.25785e-17 1
SPEC: 6379.45 6384.95 1.03626e-16 1.25027e-17 1
SPEC: 6385.05 6390.55 9.19417e-17 1.24036e-17 1
SPEC: 6390.55 6396.05 1.06060e-16 1.22477e-17 1
SPEC: 6396.05 6401.55 9.81017e-17 1.21415e-17 1
SPEC: 6401.65 6407.15 1.12894e-16 1.20605e-17 1
SPEC: 6407.15 6412.65 9.88064e-17 1.19774e-17 1
SPEC: 6412.65 6418.15 9.89306e-17 1.19113e-17 1
SPEC: 6418.15 6423.65 1.17608e-16 1.18297e-17 1
SPEC: 6423.65 6429.15 9.83307e-17 1.17422e-17 1
SPEC: 6429.25 6434.75 9.41530e-17 1.16733e-17 1
SPEC: 6434.75 6440.25 1.12464e-16 1.16162e-17 1
SPEC: 6440.25 6445.75 1.44477e-16 1.15556e-17 1
SPEC: 6445.75 6451.25 1.25876e-16 1.15218e-17 1
SPEC: 6451.35 6456.85 1.20559e-16 1.14890e-17 1
SPEC: 6456.85 6462.35 1.24000e-16 1.14850e-17 1
SPEC: 6462.35 6467.85 1.25084e-16 1.15529e-17 1
SPEC: 6467.85 6473.35 1.32517e-16 1.15106e-17 1
SPEC: 6473.45 6478.95 1.24241e-16 1.14109e-17 1
SPEC: 6478.95 6484.45 1.41068e-16 1.13534e-17 1
SPEC: 6484.45 6489.95 1.49467e-16 1.13268e-17 1
SPEC: 6489.95 6495.45 1.54496e-16 1.13406e-17 1
SPEC: 6495.55 6501.05 1.52677e-16 1.15399e-17 1
SPEC: 6501.05 6506.55 1.55652e-16 1.14658e-17 1
SPEC: 6506.55 6512.05 1.51694e-16 1.13736e-17 1
SPEC: 6512.05 6517.55 1.54355e-16 1.13621e-17 1
SPEC: 6517.65 6523.15 1.72428e-16 1.14084e-17 1
SPEC: 6523.15 6528.65 1.54158e-16 1.14277e-17 1
SPEC: 6528.65 6534.15 1.49292e-16 1.15655e-17 1
SPEC: 6534.15 6539.65 1.79223e-16 1.15291e-17 1
SPEC: 6539.65 6545.15 1.83546e-16 1.15324e-17 1
SPEC: 6545.25 6550.75 1.89306e-16 1.15489e-17 1
SPEC: 6550.75 6556.25 1.72460e-16 1.16819e-17 1
SPEC: 6556.25 6561.75 1.79055e-16 1.15909e-17 1
SPEC: 6561.75 6567.25 2.04787e-16 1.15972e-17 1
SPEC: 6567.35 6572.85 1.92664e-16 1.16098e-17 1
SPEC: 6572.85 6578.35 1.88745e-16 1.17123e-17 1
SPEC: 6578.35 6583.85 2.10615e-16 1.16958e-17 1
SPEC: 6583.85 6589.35 1.97610e-16 1.15984e-17 1
SPEC: 6589.45 6594.95 1.74836e-16 1.16233e-17 1
SPEC: 6594.95 6600.45 1.86785e-16 1.16462e-17 1
SPEC: 6600.45 6605.95 1.95506e-16 1.16943e-17 1
SPEC: 6605.95 6611.45 1.85940e-16 1.16428e-17 1
SPEC: 6611.55 6617.05 2.01834e-16 1.16157e-17 1
SPEC: 6617.05 6622.55 2.05710e-16 1.16113e-17 1
SPEC: 6622.55 6628.05 1.75497e-16 1.16082e-17 1
SPEC: 6628.05 6633.55 1.67627e-16 1.16366e-17 1
SPEC: 6633.65 6639.15 1.68814e-16 1.16052e-17 1
SPEC: 6639.15 6644.65 1.94580e-16 1.15623e-17 1
SPEC: 6644.65 6650.15 1.73092e-16 1.15344e-17 1
SPEC: 6650.15 6655.65 1.70248e-16 1.15201e-17 1
SPEC: 6655.65 6661.15 1.93952e-16 1.15183e-17 1
SPEC: 6661.25 6666.75 1.74873e-16 1.15073e-17 1
SPEC: 6666.75 6672.25 1.83644e-16 1.14758e-17 1
SPEC: 6672.25 6677.75 1.88679e-16 1.14347e-17 1
SPEC: 6677.85 6683.35 1.67699e-16 1.14177e-17 1
SPEC: 6683.35 6688.85 1.73280e-16 1.14079e-17 1
SPEC: 6688.85 6694.35 1.70703e-16 1.13909e-17 1
SPEC: 6694.35 6699.85 1.84070e-16 1.13873e-17 1
SPEC: 6699.85 6705.35 1.85242e-16 1.13805e-17 1
SPEC: 6705.45 6710.95 1.61059e-16 1.13611e-17 1
SPEC: 6710.95 6716.45 1.69284e-16 1.13530e-17 1
SPEC: 6716.45 6721.95 1.75967e-16 1.13265e-17 1
SPEC: 6721.95 6727.45 1.69846e-16 1.13184e-17 1
SPEC: 6727.55 6733.05 1.55236e-16 1.13118e-17 1
SPEC: 6733.05 6738.55 1.52834e-16 1.12973e-17 1
SPEC: 6738.55 6744.05 1.67656e-16 1.13105e-17 1
SPEC: 6744.05 6749.55 1.71793e-16 1.13085e-17 1
SPEC: 6749.65 6755.15 1.62420e-16 1.12944e-17 1
SPEC: 6755.15 6760.65 1.60010e-16 1.13033e-17 1
SPEC: 6760.65 6766.15 1.65551e-16 1.13028e-17 1
SPEC: 6766.15 6771.65 1.66069e-16 1.13086e-17 1
SPEC: 6771.65 6777.15 1.40721e-16 1.13288e-17 1
SPEC: 6777.25 6782.75 1.62010e-16 1.13268e-17 1
SPEC: 6782.75 6788.25 1.68424e-16 1.13511e-17 1
SPEC: 6788.25 6793.75 1.74965e-16 1.13593e-17 1
SPEC: 6793.85 6799.35 1.64200e-16 1.13626e-17 1
SPEC: 6799.35 6804.85 1.61731e-16 1.13889e-17 1
SPEC: 6804.85 6810.35 1.30645e-16 1.13993e-17 1
SPEC: 6810.35 6815.85 1.49915e-16 1.14122e-17 1
SPEC: 6815.85 6821.35 1.49003e-16 1.14242e-17 1
SPEC: 6821.45 6826.95 1.39087e-16 1.15803e-17 1
SPEC: 6826.95 6832.45 1.39612e-16 1.18674e-17 1
SPEC: 6832.45 6837.95 1.44066e-16 1.17731e-17 1
SPEC: 6837.95 6843.45 1.49004e-16 1.15867e-17 1
SPEC: 6843.55 6849.05 1.61749e-16 1.15342e-17 1
SPEC: 6849.05 6854.55 1.72111e-16 1.15331e-17 1
SPEC: 6854.55 6860.05 1.71092e-16 1.15769e-17 1
SPEC: 6860.05 6865.55 1.36834e-16 1.19911e-17 1
SPEC: 6865.65 6871.15 1.33153e-16 1.17862e-17 1
SPEC: 6871.15 6876.65 1.50059e-16 1.16046e-17 1
SPEC: 6876.65 6882.15 1.24717e-16 1.16536e-17 1
SPEC: 6882.15 6887.65 1.27519e-16 1.17074e-17 1
SPEC: 6887.75 6893.25 1.43652e-16 1.17442e-17 1
SPEC: 6893.25 6898.75 1.37639e-16 1.17063e-17 1
SPEC: 6898.75 6904.25 1.46237e-16 1.18103e-17 1
SPEC: 6904.25 6909.75 1.41461e-16 1.17354e-17 1
SPEC: 6909.85 6915.35 1.45006e-16 1.18832e-17 1
SPEC: 6915.35 6920.85 1.36989e-16 1.18707e-17 1
SPEC: 6920.85 6926.35 1.36382e-16 1.20698e-17 1
SPEC: 6926.35 6931.85 1.32983e-16 1.18563e-17 1
SPEC: 6931.85 6937.35 1.19718e-16 1.19030e-17 1
SPEC: 6937.45 6942.95 1.45822e-16 1.20336e-17 1
SPEC: 6942.95 6948.45 1.30903e-16 1.21586e-17 1
SPEC: 6948.45 6953.95 1.25842e-16 1.22446e-17 1
SPEC: 6953.95 6959.45 1.25076e-16 1.20300e-17 1
SPEC: 6959.55 6965.05 1.12642e-16 1.20585e-17 1
SPEC: 6965.05 6970.55 1.11380e-16 1.21889e-17 1
SPEC: 6970.55 6976.05 1.42960e-16 1.22589e-17 1
SPEC: 6976.05 6981.55 1.26482e-16 1.23773e-17 1
SPEC: 6981.65 6987.15 1.39265e-16 1.22660e-17 1
SPEC: 6987.15 6992.65 1.57580e-16 1.22806e-17 1
SPEC: 6992.65 6998.15 1.19852e-16 1.23373e-17 1
SPEC: 6998.15 7003.65 1.25298e-16 1.24265e-17 1
SPEC: 7003.75 7009.25 1.27495e-16 1.24981e-17 1
SPEC: 7009.25 7014.75 1.31063e-16 1.25652e-17 1
SPEC: 7014.75 7020.25 1.39859e-16 1.25137e-17 1
SPEC: 7020.25 7025.75 1.26497e-16 1.25589e-17 1
SPEC: 7025.85 7031.35 1.09593e-16 1.26130e-17 1
SPEC: 7031.35 7036.85 1.21917e-16 1.26452e-17 1
SPEC: 7036.85 7042.35 1.33467e-16 1.27190e-17 1
SPEC: 7042.35 7047.85 1.34837e-16 1.28313e-17 1
SPEC: 7047.85 7053.35 1.10206e-16 1.28777e-17 1
SPEC: 7053.45 7058.95 1.03204e-16 1.28287e-17 1
SPEC: 7058.95 7064.45 1.23714e-16 1.28675e-17 1
SPEC: 7064.45 7069.95 1.28363e-16 1.29174e-17 1
SPEC: 7070.05 7075.55 1.09881e-16 1.29320e-17 1
SPEC: 7075.55 7081.05 1.15728e-16 1.29539e-17 1
SPEC: 7081.05 7086.55 1.39042e-16 1.29885e-17 1
SPEC: 7086.55 7092.05 1.05652e-16 1.29889e-17 1
SPEC: 7092.05 7097.55 7.33481e-17 1.29599e-17 1
SPEC: 7097.65 7103.15 1.17554e-16 1.29538e-17 1
SPEC: 7103.15 7108.65 1.29319e-16 1.29705e-17 1
SPEC: 7108.65 7114.15 9.65462e-17 1.29557e-17 1
SPEC: 7114.15 7119.65 1.04758e-16 1.29483e-17 1
SPEC: 7119.75 7125.25 9.08979e-17 1.29559e-17 1
SPEC: 7125.25 7130.75 9.37477e-17 1.29769e-17 1
SPEC: 7130.75 7136.25 1.14340e-16 1.29534e-17 1
SPEC: 7136.25 7141.75 1.21528e-16 1.29589e-17 1
SPEC: 7141.85 7147.35 1.18617e-16 1.29862e-17 1
SPEC: 7147.35 7152.85 1.08738e-16 1.29292e-17 1
SPEC: 7152.85 7158.35 9.69024e-17 1.28981e-17 1
SPEC: 7158.35 7163.85 8.66489e-17 1.29035e-17 1
SPEC: 7163.85 7169.35 1.18407e-16 1.28832e-17 1
SPEC: 7169.45 7174.95 1.09997e-16 1.28827e-17 1
SPEC: 7174.95 7180.45 1.01810e-16 1.28955e-17 1
SPEC: 7180.45 7185.95 1.00177e-16 1.28498e-17 1
SPEC: 7186.05 7191.55 9.15908e-17 1.28204e-17 1
SPEC: 7191.55 7197.05 7.13713e-17 1.28192e-17 1
SPEC: 7197.05 7202.55 8.13297e-17 1.28271e-17 1
SPEC: 7202.55 7208.05 9.40491e-17 1.28143e-17 1
SPEC: 7208.15 7213.65 7.97319e-17 1.28228e-17 1
SPEC: 7213.65 7219.15 9.16317e-17 1.28554e-17 1
SPEC: 7219.15 7224.65 9.32098e-17 1.28760e-17 1
SPEC: 7224.65 7230.15 9.44770e-17 1.28961e-17 1
SPEC: 7230.15 7235.65 8.15849e-17 1.29889e-17 1
SPEC: 7235.75 7241.25 8.55261e-17 1.35741e-17 1
SPEC: 7241.25 7246.75 9.88793e-17 1.36679e-17 1
SPEC: 7246.75 7252.25 8.92389e-17 1.32817e-17 1
SPEC: 7252.25 7257.75 9.02820e-17 1.32046e-17 1
SPEC: 7257.85 7263.35 8.39972e-17 1.31028e-17 1
SPEC: 7263.35 7268.85 8.77733e-17 1.31679e-17 1
SPEC: 7268.85 7274.35 1.14740e-16 1.36249e-17 1
SPEC: 7274.35 7279.85 1.01356e-16 1.39327e-17 1
SPEC: 7279.95 7285.45 1.12781e-16 1.36305e-17 1
SPEC: 7285.45 7290.95 7.81152e-17 1.34978e-17 1
SPEC: 7290.95 7296.45 9.18112e-17 1.35089e-17 1
SPEC: 7296.45 7301.95 1.02798e-16 1.36229e-17 1
SPEC: 7302.05 7307.55 9.57822e-17 1.37167e-17 1
SPEC: 7307.55 7313.05 8.22755e-17 1.37399e-17 1
SPEC: 7313.05 7318.55 9.04832e-17 1.41939e-17 1
SPEC: 7318.55 7324.05 7.16344e-17 1.37611e-17 1
SPEC: 7324.15 7329.65 1.08547e-16 1.40395e-17 1
SPEC: 7329.65 7335.15 1.18534e-16 1.39811e-17 1
SPEC: 7335.15 7340.65 9.04217e-17 1.44860e-17 1
SPEC: 7340.65 7346.15 8.26650e-17 1.44343e-17 1
SPEC: 7346.15 7351.65 6.29533e-17 1.40375e-17 1
SPEC: 7351.75 7357.25 1.00827e-16 1.42722e-17 1
SPEC: 7357.25 7362.75 1.16845e-16 1.43680e-17 1
SPEC: 7362.75 7368.25 8.53908e-17 1.46239e-17 1
SPEC: 7368.25 7373.75 6.71619e-17 1.47071e-17 1
SPEC: 7373.85 7379.35 9.15693e-17 1.42638e-17 1
SPEC: 7379.35 7384.85 8.62936e-17 1.42756e-17 1
SPEC: 7384.85 7390.35 8.82403e-17 1.44487e-17 1
SPEC: 7390.35 7395.85 1.02626e-16 1.45304e-17 1
SPEC: 7395.95 7401.45 1.05445e-16 1.46971e-17 1
SPEC: 7401.45 7406.95 1.08236e-16 1.46436e-17 1
SPEC: 7406.95 7412.45 8.21214e-17 1.43856e-17 1
SPEC: 7412.45 7417.95 8.98564e-17 1.44209e-17 1
SPEC: 7418.05 7423.55 1.16624e-16 1.43870e-17 1
SPEC: 7423.55 7429.05 1.26114e-16 1.44968e-17 1
SPEC: 7429.05 7434.55 9.13873e-17 1.45058e-17 1
SPEC: 7434.55 7440.05 7.40484e-17 1.46039e-17 1
SPEC: 7440.15 7445.65 6.80600e-17 1.43963e-17 1
SPEC: 7445.65 7451.15 1.00224e-16 1.43323e-17 1
SPEC: 7451.15 7456.65 1.05988e-16 1.43139e-17 1
SPEC: 7456.65 7462.15 1.08409e-16 1.43463e-17 1
SPEC: 7462.15 7467.65 9.34427e-17 1.44006e-17 1
SPEC: 7467.75 7473.25 8.03224e-17 1.44759e-17 1
SPEC: 7473.25 7478.75 1.05370e-16 1.44565e-17 1
SPEC: 7478.75 7484.25 1.05392e-16 1.44572e-17 1
SPEC: 7484.25 7489.75 9.17196e-17 1.42332e-17 1
SPEC: 7489.85 7495.35 9.37143e-17 1.41777e-17 1
SPEC: 7495.35 7500.85 8.35642e-17 1.41008e-17 1
SPEC: 7500.85 7506.35 7.81962e-17 1.40517e-17 1
SPEC: 7506.35 7511.85 7.80951e-17 1.40028e-17 1
SPEC: 7511.95 7517.45 8.45475e-17 1.40315e-17 1
SPEC: 7517.45 7522.95 1.07371e-16 1.43612e-17 1
SPEC: 7522.95 7528.45 1.24303e-16 1.43345e-17 1
SPEC: 7528.45 7533.95 1.04679e-16 1.40325e-17 1
SPEC: 7534.05 7539.55 8.15184e-17 1.39056e-17 1
SPEC: 7539.55 7545.05 9.34855e-17 1.38673e-17 1
SPEC: 7545.05 7550.55 8.50760e-17 1.38068e-17 1
SPEC: 7550.55 7556.05 8.32533e-17 1.38646e-17 0
SPEC: 7556.15 7561.65 8.77842e-17 1.38435e-17 0
SPEC: 7561.65 7567.15 1.02980e-16 1.37942e-17 0
SPEC: 7567.15 7572.65 8.80658e-17 1.40566e-17 0
SPEC: 7572.65 7578.15 7.66786e-17 1.38281e-17 0
SPEC: 7578.15 7583.65 7.61579e-17 1.37399e-17 0
SPEC: 7583.75 7589.25 8.32979e-17 1.37811e-17 0
SPEC: 7589.25 7594.75 7.78756e-17 1.36591e-17 0
SPEC: 7594.75 7600.25 6.27582e-17 1.37766e-17 0
SPEC: 7600.35 7605.85 5.01018e-17 1.35618e-17 0
SPEC: 7605.85 7611.35 2.76342e-17 1.35499e-17 0
SPEC: 7611.35 7616.85 3.25792e-17 1.36495e-17 0
SPEC: 7616.85 7622.35 4.22522e-17 1.36889e-17 0
SPEC: 7622.35 7627.85 4.71391e-17 1.37423e-17 0
SPEC: 7627.95 7633.45 5.08206e-17 1.36853e-17 0
SPEC: 7633.45 7638.95 5.03394e-17 1.35366e-17 0
SPEC: 7638.95 7644.45 4.56476e-17 1.35497e-17 0
SPEC: 7644.45 7649.95 4.26312e-17 1.35643e-17 0
SPEC: 7650.05 7655.55 6.50223e-17 1.36069e-17 0
SPEC: 7655.55 7661.05 7.70528e-17 1.36566e-17 0
SPEC: 7661.05 7666.55 6.59377e-17 1.36640e-17 0
SPEC: 7666.55 7672.05 5.84976e-17 1.35567e-17 0
SPEC: 7672.15 7677.65 4.93683e-17 1.35721e-17 0
SPEC: 7677.65 7683.15 7.38508e-17 1.36189e-17 0
SPEC: 7683.15 7688.65 6.46740e-17 1.36781e-17 0
SPEC: 7688.65 7694.15 8.68788e-17 1.36809e-17 0
SPEC: 7694.15 7699.65 7.55720e-17 1.37260e-17 0
SPEC: 7699.75 7705.25 8.70779e-17 1.36752e-17 0
SPEC: 7705.25 7710.75 8.29153e-17 1.41095e-17 1
SPEC: 7710.75 7716.25 5.57608e-17 1.46857e-17 1
SPEC: 7716.35 7721.85 5.33848e-17 1.42840e-17 1
SPEC: 7721.85 7727.35 8.32117e-17 1.40270e-17 1
SPEC: 7727.35 7732.85 8.31052e-17 1.38342e-17 1
SPEC: 7732.85 7738.35 6.26842e-17 1.38377e-17 1
SPEC: 7738.35 7743.85 9.01221e-17 1.38081e-17 1
SPEC: 7743.95 7749.45 5.28748e-17 1.45553e-17 1
SPEC: 7749.45 7754.95 5.92131e-17 1.45789e-17 1
SPEC: 7754.95 7760.45 6.14066e-17 1.42529e-17 1
SPEC: 7760.45 7765.95 5.95059e-17 1.40594e-17 1
SPEC: 7766.05 7771.55 5.03094e-17 1.40637e-17 1
SPEC: 7771.55 7777.05 3.58017e-17 1.41950e-17 1
SPEC: 7777.05 7782.55 4.54719e-17 1.42673e-17 1
SPEC: 7782.55 7788.05 5.20502e-17 1.41278e-17 1
SPEC: 7788.15 7793.65 5.59149e-17 1.47185e-17 1
SPEC: 7793.65 7799.15 5.38160e-17 1.45880e-17 1
SPEC: 7799.15 7804.65 6.75513e-17 1.42252e-17 1
SPEC: 7804.65 7810.15 7.30830e-17 1.45405e-17 1
SPEC: 7810.25 7815.75 3.62990e-17 1.43386e-17 1
SPEC: 7815.75 7821.25 4.07986e-17 1.50163e-17 1
SPEC: 7821.25 7826.75 5.78390e-17 1.48500e-17 1
SPEC: 7826.75 7832.25 7.97140e-17 1.43932e-17 1
SPEC: 7832.35 7837.85 9.79784e-17 1.44991e-17 1
SPEC: 7837.85 7843.35 6.15547e-17 1.47577e-17 1
SPEC: 7843.35 7848.85 7.26697e-17 1.47029e-17 1
SPEC: 7848.85 7854.35 3.15580e-17 1.53649e-17 1
SPEC: 7854.35 7859.85 6.71576e-17 1.51630e-17 1
SPEC: 7859.95 7865.45 5.64346e-17 1.49708e-17 1
SPEC: 7865.45 7870.95 4.79985e-17 1.51307e-17 1
SPEC: 7870.95 7876.45 5.15952e-17 1.50252e-17 1
SPEC: 7876.45 7881.95 5.21990e-17 1.51297e-17 1
SPEC: 7882.05 7887.55 7.34285e-17 1.51766e-17 1
SPEC: 7887.55 7893.05 6.04758e-17 1.53249e-17 1
SPEC: 7893.05 7898.55 6.47287e-17 1.49154e-17 1
SPEC: 7898.55 7904.05 5.83365e-17 1.48970e-17 1
SPEC: 7904.15 7909.65 4.90296e-17 1.51095e-17 1
SPEC: 7909.65 7915.15 5.42286e-17 1.58211e-17 1
SPEC: 7915.15 7920.65 5.67296e-17 1.56068e-17 1
SPEC: 7920.65 7926.15 8.05198e-17 1.53529e-17 1
SPEC: 7926.25 7931.75 7.09679e-17 1.53874e-17 1
SPEC: 7931.75 7937.25 7.03596e-17 1.52348e-17 1
SPEC: 7937.25 7942.75 9.37059e-17 1.50653e-17 1
SPEC: 7942.75 7948.25 9.47657e-17 1.52992e-17 1
SPEC: 7948.35 7953.85 9.61543e-17 1.52855e-17 1
SPEC: 7953.85 7959.35 4.04414e-17 1.50725e-17 1
SPEC: 7959.35 7964.85 7.31791e-17 1.57553e-17 1
SPEC: 7964.85 7970.35 8.03222e-17 1.55872e-17 1
SPEC: 7970.35 7975.85 1.23333e-16 1.52620e-17 1
SPEC: 7975.95 7981.45 9.57598e-17 1.55210e-17 1
SPEC: 7981.45 7986.95 8.93297e-17 1.51937e-17 1
SPEC: 7986.95 7992.45 6.42145e-17 1.57627e-17 1
SPEC: 7992.45 7997.95 7.56384e-17 1.57921e-17 1
SPEC: 7998.05 8003.55 7.56264e-17 1.51541e-17 1
SPEC: 8003.55 8009.05 1.18662e-16 1.50919e-17 1
SPEC: 8009.05 8014.55 1.00540e-16 1.53538e-17 1
SPEC: 8014.55 8020.05 1.00557e-16 1.52830e-17 1
SPEC: 8020.15 8025.65 8.75913e-17 1.56307e-17 1
SPEC: 8025.65 8031.15 6.19281e-17 1.55658e-17 1
SPEC: 8031.15 8036.65 7.18360e-17 1.50765e-17 1
SPEC: 8036.65 8042.15 8.47268e-17 1.50219e-17 1
SPEC: 8042.25 8047.75 9.87172e-17 1.50108e-17 1
SPEC: 8047.75 8053.25 1.08409e-16 1.51928e-17 1
SPEC: 8053.25 8058.75 1.07868e-16 1.50984e-17 1
SPEC: 8058.75 8064.25 8.68418e-17 1.53335e-17 1
SPEC: 8064.35 8069.85 8.19493e-17 1.50479e-17 1
SPEC: 8069.85 8075.35 7.18735e-17 1.49720e-17 1
SPEC: 8075.35 8080.85 7.68413e-17 1.50647e-17 1
SPEC: 8080.85 8086.35 8.99997e-17 1.49999e-17 1
SPEC: 8086.35 8091.85 8.50735e-17 1.50132e-17 1
SPEC: 8091.95 8097.45 9.41437e-17 1.50571e-17 1
SPEC: 8097.45 8102.95 9.16819e-17 1.51529e-17 1
SPEC: 8102.95 8108.45 7.64923e-17 1.51276e-17 1
SPEC: 8108.45 8113.95 8.95104e-17 1.50125e-17 1
SPEC: 8114.05 8119.55 1.03026e-16 1.50140e-17 1
SPEC: 8119.55 8125.05 9.89207e-17 1.50465e-17 1
SPEC: 8125.05 8130.55 6.76061e-17 1.50764e-17 1
SPEC: 8130.55 8136.05 5.39857e-17 1.51360e-17 1
SPEC: 8136.15 8141.65 7.03906e-17 1.52109e-17 1
SPEC: 8141.65 8147.15 6.27963e-17 1.52698e-17 1
SPEC: 8147.15 8152.65 5.61773e-17 1.52838e-17 1
SPEC: 8152.65 8158.15 7.97135e-17 1.52362e-17 1
SPEC: 8158.25 8163.75 6.63566e-17 1.52870e-17 1
SPEC: 8163.75 8169.25 6.51810e-17 1.53284e-17 1
SPEC: 8169.25 8174.75 7.95617e-17 1.53764e-17 1
SPEC: 8174.75 8180.25 6.83551e-17 1.54362e-17 1
SPEC: 8180.35 8185.85 6.74882e-17 1.54870e-17 1
SPEC: 8185.85 8191.35 7.63814e-17 1.55689e-17 1
SPEC: 8191.35 8196.85 8.18817e-17 1.56397e-17 1
SPEC: 8196.85 8202.35 9.49775e-17 1.56747e-17 1
SPEC: 8202.45 8207.95 9.63440e-17 1.57144e-17 1
SPEC: 8207.95 8213.45 8.31465e-17 1.57820e-17 1
SPEC: 8213.45 8218.95 7.92316e-17 1.58320e-17 1
SPEC: 8218.95 8224.45 6.67731e-17 1.58909e-17 1
SPEC: 8224.45 8229.95 6.81421e-17 1.59417e-17 1
SPEC: 8230.05 8235.55 7.25465e-17 1.59877e-17 1
SPEC: 8235.55 8241.05 5.40600e-17 1.60517e-17 1
SPEC: 8241.05 8246.55 5.06434e-17 1.61409e-17 1
SPEC: 8246.65 8252.15 7.05419e-17 1.61991e-17 1
SPEC: 8252.15 8257.65 9.69446e-17 1.62064e-17 1
SPEC: 8257.65 8263.15 1.04596e-16 1.62469e-17 1
SPEC: 8263.15 8268.65 8.16096e-17 1.62932e-17 1
SPEC: 8268.65 8274.15 4.43586e-17 1.63343e-17 1
SPEC: 8274.25 8279.75 4.47862e-17 1.67451e-17 1
SPEC: 8279.75 8285.25 5.13776e-17 1.71232e-17 1
SPEC: 8285.25 8290.75 6.85594e-17 1.72659e-17 1
SPEC: 8290.75 8296.25 1.00391e-16 1.70574e-17 1
SPEC: 8296.35 8301.85 1.02930e-16 1.73940e-17 1
SPEC: 8301.85 8307.35 9.86777e-17 1.68347e-17 1
SPEC: 8307.35 8312.85 8.91484e-17 1.68525e-17 1
SPEC: 8312.85 8318.35 5.82403e-17 1.67274e-17 1
SPEC: 8318.45 8323.95 5.89942e-17 1.65846e-17 1
SPEC: 8323.95 8329.45 8.02489e-17 1.65326e-17 1
SPEC: 8329.45 8334.95 8.80868e-17 1.65253e-17 1
SPEC: 8334.95 8340.45 7.39528e-17 1.65653e-17 1
SPEC: 8340.45 8345.95 7.99321e-17 1.78450e-17 1
SPEC: 8346.05 8351.55 5.37221e-17 1.77573e-17 1
SPEC: 8351.55 8357.05 3.70792e-17 1.72027e-17 1
SPEC: 8357.05 8362.55 5.58389e-17 1.66836e-17 1
SPEC: 8362.65 8368.15 6.60484e-17 1.68031e-17 1
SPEC: 8368.15 8373.65 7.90079e-17 1.65255e-17 1
SPEC: 8373.65 8379.15 9.19372e-17 1.64116e-17 1
SPEC: 8379.15 8384.65 8.21059e-17 1.68494e-17 1
SPEC: 8384.75 8390.25 6.96797e-17 1.66428e-17 1
SPEC: 8390.25 8395.75 5.80084e-17 1.63095e-17 1
SPEC: 8395.75 8401.25 5.70933e-17 1.74467e-17 1
SPEC: 8401.25 8406.75 5.82263e-17 1.70785e-17 1
SPEC: 8406.75 8412.25 8.46739e-17 1.61942e-17 1
SPEC: 8412.35 8417.85 9.50995e-17 1.66890e-17 1
SPEC: 8417.85 8423.35 7.78723e-17 1.64872e-17 1
SPEC: 8423.35 8428.85 5.98129e-17 1.63531e-17 1
SPEC: 8428.85 8434.35 5.87231e-17 1.72976e-17 1
SPEC: 8434.45 8439.95 7.84717e-17 1.64053e-17 1
SPEC: 8439.95 8445.45 8.00247e-17 1.59586e-17 1
SPEC: 8445.45 8450.95 7.23239e-17 1.59810e-17 1
SPEC: 8450.95 8456.45 6.18423e-17 1.64220e-17 1
SPEC: 8456.55 8462.05 2.79838e-17 1.60257e-17 1
SPEC: 8462.05 8467.55 4.54362e-17 1.67360e-17 1
SPEC: 8467.55 8473.05 3.84777e-17 1.66404e-17 1
SPEC: 8473.05 8478.55 4.70747e-17 1.58426e-17 1
SPEC: 8478.65 8484.15 7.76380e-17 1.57644e-17 1
SPEC: 8484.15 8489.65 5.26467e-17 1.57098e-17 1
SPEC: 8489.65 8495.15 5.08891e-17 1.59954e-17 1
SPEC: 8495.15 8500.65 7.55073e-17 1.60444e-17 1
SPEC: 8500.75 8506.25 4.69214e-17 1.61774e-17 1
SPEC: 8506.25 8511.75 4.09771e-17 1.62905e-17 1
SPEC: 8511.75 8517.25 4.99140e-17 1.56477e-17 1
SPEC: 8517.25 8522.75 5.28215e-17 1.56102e-17 1
SPEC: 8522.75 8528.25 5.64581e-17 1.55870e-17 1
SPEC: 8528.35 8533.85 5.48742e-17 1.55564e-17 1
SPEC: 8533.85 8539.35 6.46881e-17 1.56207e-17 1
SPEC: 8539.35 8544.85 1.70646e-17 1.57239e-17 1
SPEC: 8544.85 8550.35 3.33552e-17 1.57716e-17 1
SPEC: 8550.45 8555.95 6.03409e-17 1.58534e-17 1
SPEC: 8555.95 8561.45 2.19754e-17 1.55034e-17 1
SPEC: 8561.45 8566.95 5.21245e-17 1.54506e-17 1
SPEC: 8566.95 8572.45 3.66087e-17 1.54387e-17 1
SPEC: 8572.55 8578.05 1.49068e-17 1.54704e-17 1
SPEC: 8578.05 8583.55 5.92257e-17 1.54646e-17 1
SPEC: 8583.55 8589.05 5.01427e-17 1.54700e-17 1
SPEC: 8589.05 8594.55 3.75184e-17 1.55356e-17 1
SPEC: 8594.65 8600.15 1.95953e-17 1.55722e-17 1
SPEC: 8600.15 8605.65 4.68703e-17 1.55498e-17 1
SPEC: 8605.65 8611.15 6.81813e-17 1.54656e-17 1
SPEC: 8611.15 8616.65 4.57001e-17 1.55906e-17 1
SPEC: 8616.75 8622.25 5.97285e-17 1.58706e-17 1
SPEC: 8622.25 8627.75 4.08880e-17 1.61689e-17 1
SPEC: 8627.75 8633.25 2.82686e-17 1.63466e-17 1
SPEC: 8633.25 8638.75 6.60754e-17 1.63062e-17 1
SPEC: 8638.75 8644.25 6.42125e-17 1.60482e-17 1
SPEC: 8644.35 8649.85 2.39675e-17 1.58099e-17 1
SPEC: 8649.85 8655.35 3.14640e-17 1.61206e-17 1
SPEC: 8655.35 8660.85 4.94413e-17 1.63424e-17 1
SPEC: 8660.85 8666.35 3.12885e-17 1.63723e-17 1
SPEC: 8666.45 8671.95 3.69973e-17 1.63168e-17 1
SPEC: 8671.95 8677.45 6.30603e-17 1.61984e-17 1
SPEC: 8677.45 8682.95 6.63724e-17 1.60446e-17 1
SPEC: 8682.95 8688.45 7.84725e-17 1.59068e-17 1
SPEC: 8688.55 8694.05 3.50750e-17 1.57994e-17 1
SPEC: 8694.05 8699.55 6.04131e-17 1.57323e-17 1
SPEC: 8699.55 8705.05 6.02346e-17 1.57480e-17 1
SPEC: 8705.05 8710.55 5.18099e-17 1.57675e-17 1
SPEC: 8710.65 8716.15 6.78446e-17 1.57523e-17 1
SPEC: 8716.15 8721.65 4.73266e-17 1.57052e-17 1
SPEC: 8721.65 8727.15 5.98299e-17 1.57355e-17 1
SPEC: 8727.15 8732.65 8.75310e-17 1.57769e-17 1
SPEC: 8732.75 8738.25 5.18384e-17 1.57957e-17 1
SPEC: 8738.25 8743.75 3.75313e-17 1.58574e-17 1
SPEC: 8743.75 8749.25 6.34808e-17 1.58899e-17 1
SPEC: 8749.25 8754.75 8.16962e-17 1.59219e-17 1
SPEC: 8754.75 8760.25 6.06080e-17 1.61287e-17 1
SPEC: 8760.35 8765.85 5.38580e-17 1.70145e-17 1
SPEC: 8765.85 8771.35 6.96561e-17 1.73639e-17 1
SPEC: 8771.35 8776.85 7.09595e-17 1.70325e-17 1
SPEC: 8776.85 8782.35 6.00962e-17 1.73130e-17 1
SPEC: 8782.45 8787.95 7.90325e-17 1.68656e-17 1
SPEC: 8787.95 8793.45 8.44108e-17 1.64900e-17 1
SPEC: 8793.45 8798.95 9.63028e-17 1.66487e-17 1
SPEC: 8798.95 8804.45 7.97871e-17 1.62077e-17 1
SPEC: 8804.55 8810.05 6.00672e-17 1.61810e-17 1
SPEC: 8810.05 8815.55 6.04954e-17 1.62614e-17 1
SPEC: 8815.55 8821.05 7.53168e-17 1.62250e-17 1
SPEC: 8821.05 8826.55 9.65605e-17 1.65249e-17 1
SPEC: 8826.65 8832.15 9.78329e-17 1.81250e-17 1
SPEC: 8832.15 8837.65 1.05170e-16 1.75654e-17 1
SPEC: 8837.65 8843.15 1.13212e-16 1.72742e-17 1
SPEC: 8843.15 8848.65 7.48457e-17 1.64897e-17 1
SPEC: 8848.75 8854.25 6.83398e-17 1.66214e-17 1
SPEC: 8854.25 8859.75 1.04959e-16 1.64541e-17 1
SPEC: 8859.75 8865.25 9.48426e-17 1.62806e-17 1
SPEC: 8865.25 8870.75 7.75987e-17 1.68360e-17 1
SPEC: 8870.75 8876.25 1.07549e-16 1.67703e-17 1
SPEC: 8876.35 8881.85 5.02657e-17 1.62206e-17 1
SPEC: 8881.85 8887.35 5.34630e-17 1.70164e-17 1
SPEC: 8887.35 8892.85 5.71346e-17 1.76530e-17 1
SPEC: 8892.85 8898.35 3.11528e-17 1.64378e-17 1
SPEC: 8898.45 8903.95 9.57800e-17 1.64695e-17 1
SPEC: 8903.95 8909.45 5.38808e-17 1.68926e-17 1
SPEC: 8909.45 8914.95 5.32655e-17 1.62663e-17 1
SPEC: 8914.95 8920.45 7.80734e-17 1.68097e-17 1
SPEC: 8920.55 8926.05 7.07157e-17 1.76535e-17 1
SPEC: 8926.05 8931.55 1.10022e-16 1.63975e-17 1
SPEC: 8931.55 8937.05 9.31794e-17 1.60008e-17 1
SPEC: 8937.05 8942.55 8.10954e-17 1.59792e-17 1
SPEC: 8942.65 8948.15 7.97972e-17 1.65139e-17 1
SPEC: 8948.15 8953.65 9.91267e-17 1.60762e-17 1
SPEC: 8953.65 8959.15 7.15654e-17 1.65764e-17 1
SPEC: 8959.15 8964.65 4.61091e-17 1.70686e-17 1
SPEC: 8964.75 8970.25 6.94073e-17 1.59061e-17 1
SPEC: 8970.25 8975.75 7.48044e-17 1.56737e-17 1
SPEC: 8975.75 8981.25 8.46926e-17 1.56045e-17 1
SPEC: 8981.25 8986.75 6.75871e-17 1.56433e-17 1
SPEC: 8986.85 8992.35 6.14927e-17 1.60334e-17 1
SPEC: 8992.35 8997.85 6.28326e-17 1.56902e-17 1
SPEC: 8997.85 9003.35 6.18304e-17 1.61975e-17 1
SPEC: 9003.35 9008.85 7.53436e-17 1.61091e-17 1
SPEC: 9008.85 9014.35 6.65290e-17 1.53546e-17 1
SPEC: 9014.45 9019.95 6.70984e-17 1.52341e-17 1
SPEC: 9019.95 9025.45 6.86955e-17 1.52243e-17 1
SPEC: 9025.45 9030.95 8.93649e-17 1.52181e-17 1
SPEC: 9031.05 9036.55 8.60312e-17 1.52347e-17 1
SPEC: 9036.55 9042.05 7.07327e-17 1.54567e-17 1
SPEC: 9042.05 9047.55 7.09774e-17 1.53179e-17 1
SPEC: 9047.55 9053.05 9.46479e-17 1.56392e-17 1
SPEC: 9053.05 9058.55 8.83374e-17 1.52428e-17 1
SPEC: 9058.65 9064.15 4.34306e-17 1.50663e-17 1
SPEC: 9064.15 9069.65 7.45084e-17 1.50503e-17 1
SPEC: 9069.65 9075.15 6.28445e-17 1.49902e-17 1
SPEC: 9075.15 9080.65 4.43349e-17 1.49173e-17 1
SPEC: 9080.75 9086.25 6.17456e-17 1.49067e-17 1
SPEC: 9086.25 9091.75 6.22613e-17 1.50166e-17 1
SPEC: 9091.75 9097.25 6.62285e-17 1.50644e-17 1
SPEC: 9097.25 9102.75 7.13371e-17 1.51223e-17 1
SPEC: 9102.85 9108.35 5.30631e-17 1.50383e-17 1
SPEC: 9108.35 9113.85 5.94127e-17 1.48001e-17 1
SPEC: 9113.85 9119.35 4.87418e-17 1.47468e-17 1
SPEC: 9119.35 9124.85 7.63841e-17 1.47256e-17 1
SPEC: 9124.85 9130.35 1.03667e-16 1.46929e-17 1
SPEC: 9130.45 9135.95 8.37252e-17 1.47031e-17 1
SPEC: 9135.95 9141.45 8.28942e-17 1.46713e-17 1
SPEC: 9141.45 9146.95 4.64771e-17 1.46625e-17 1
SPEC: 9147.05 9152.55 5.06405e-17 1.47993e-17 1
SPEC: 9152.55 9158.05 5.41596e-17 1.48082e-17 1
SPEC: 9158.05 9163.55 6.61848e-17 1.47754e-17 1
SPEC: 9163.55 9169.05 5.53017e-17 1.45754e-17 1
SPEC: 9169.15 9174.65 6.97587e-17 1.45282e-17 1
SPEC: 9174.65 9180.15 3.22916e-17 1.44989e-17 1
SPEC: 9180.15 9185.65 1.79203e-17 1.44563e-17 1
SPEC: 9185.65 9191.15 2.16059e-17 1.44200e-17 1
SPEC: 9191.15 9196.65 2.42113e-17 1.43909e-17 1
SPEC: 9196.75 9202.25 2.01340e-17 1.43696e-17 1
SPEC: 9202.25 9207.75 5.11233e-17 1.43538e-17 1
SPEC: 9207.75 9213.25 6.30707e-17 1.42959e-17 1
SPEC: 9213.25 9218.75 2.83424e-17 1.42632e-17 1
SPEC: 9218.85 9224.35 5.81826e-18 1.42292e-17 1
SPEC: 9224.35 9229.85 2.15776e-17 1.41940e-17 1
SPEC: 9229.85 9235.35 4.86887e-17 1.41574e-17 1
SPEC: 9235.35 9240.85 4.74876e-17 1.41195e-17 1
SPEC: 9240.95 9246.45 4.62338e-17 1.40802e-17 1
SPEC: 9246.45 9251.95 4.47832e-17 1.40396e-17 1
SPEC: 9251.95 9257.45 4.30023e-17 1.39977e-17 1
SPEC: 9257.45 9262.95 4.14335e-17 1.39544e-17 1
SPEC: 9263.05 9268.55 3.90353e-17 1.39097e-17 1
SPEC: 9268.55 9274.05 3.72296e-17 1.38638e-17 1
SPEC: 9274.05 9279.55 3.52345e-17 1.38166e-17 1
SPEC: 9279.55 9285.05 3.34175e-17 1.37681e-17 1
SPEC: 9285.15 9290.65 3.18909e-17 1.37184e-17 1
SPECTRUM_END:

