SURVEY: FOUNDATION
SNTYPE: 1
SNID: PS15adh
RA: 202.6335930
DECL: -0.7345815
MWEBV: 0.0260 +- 0.0013
FILTERS: griz
REDSHIFT_HELIO: 0.1027570 +- 0.0000214
REDSHIFT_FINAL: 0.1037690 +- 0.0000214
SEARCH_PEAKMJD: 57136.34640
HOSTGAL_LOGMASS: 10.930 +- 0.002
VPEC: 30.597
VPEC_ERR: 250.000
PIXSIZE: 0.25  # arcsec

###########################
NOBS: 23
NVAR: 8
VARLIST:      MJD    FLT   FIELD      FLUXCAL     FLUXCALERR       MAG    MAGERR   PSF
OBS:  57136.34640      g    NULL     2545.605        103.627    18.986     0.044  1.84
OBS:  57148.30274      g    NULL     1635.419        122.416    19.466     0.081  1.93
OBS:  57153.25712      g    NULL      812.764         69.905    20.225     0.093  2.11
OBS:  57159.30917      g    NULL      566.229         65.988    20.618     0.126  2.31
OBS:  57165.25955      g    NULL      352.277        147.507    21.133     0.452  2.27
OBS:  57176.26661      g    NULL      291.720        134.544    21.338     0.498  1.67
OBS:  57136.34687      r    NULL     2193.890         82.530    19.147     0.041  1.89
OBS:  57148.30321      r    NULL     1501.287         95.018    19.559     0.068  1.77
OBS:  57153.25760      r    NULL     1130.735         66.194    19.867     0.063  1.77
OBS:  57159.30964      r    NULL      863.616         61.038    20.159     0.076  2.09
OBS:  57165.25997      r    NULL      708.850        109.925    20.374     0.167  1.98
OBS:  57176.26703      r    NULL      443.166         98.399    20.884     0.240  1.55
OBS:  57136.34730      i    NULL     1766.238         82.463    19.382     0.050  1.59
OBS:  57148.30363      i    NULL     1058.612         88.273    19.938     0.090  1.50
OBS:  57153.25803      i    NULL      775.753         77.310    20.276     0.108  1.72
OBS:  57159.31007      i    NULL      886.212         74.199    20.131     0.090  1.95
OBS:  57165.26034      i    NULL      632.728        115.475    20.497     0.197  1.85
OBS:  57176.26739      i    NULL      507.658        102.494    20.736     0.218  1.36
OBS:  57148.30406      z    NULL      608.488        106.342    20.539     0.189  1.29
OBS:  57153.25845      z    NULL      451.062        140.980    20.864     0.338  1.87
OBS:  57159.31051      z    NULL      713.040        118.115    20.367     0.179  1.95
OBS:  57165.26071      z    NULL      479.842        165.838    20.797     0.373  1.72
OBS:  57176.26776      z    NULL      415.382        123.522    20.954     0.321  1.27
END_PHOTOMETRY:

# =============================================
NSPECTRA: 1 


NVAR_SPEC: 5
VARNAMES_SPEC: LAMMIN LAMMAX  FLAM  FLAMERR DQ

SPECTRUM_ID: 1
SPECTRUM_MJD:  57159.00
SPEC:   3603.00   3605.00 7.79209e-18 4.61735e-18 1
SPEC:   3605.00   3607.00 1.41850e-17 4.62479e-18 1
SPEC:   3607.00   3609.00 1.18116e-17 4.63218e-18 1
SPEC:   3609.00   3611.00 1.02924e-17 4.63952e-18 1
SPEC:   3611.00   3613.00 9.30942e-18 4.64679e-18 1
SPEC:   3613.00   3615.00 4.61085e-18 4.65398e-18 1
SPEC:   3615.00   3617.00 1.37080e-18 4.66107e-18 1
SPEC:   3617.00   3619.00 8.99027e-18 4.66805e-18 1
SPEC:   3619.00   3621.00 1.08214e-17 4.67490e-18 1
SPEC:   3621.00   3623.00 1.14286e-17 4.68162e-18 1
SPEC:   3623.00   3625.00 1.57756e-17 4.68817e-18 1
SPEC:   3625.00   3627.00 1.00297e-17 4.69455e-18 1
SPEC:   3627.00   3629.00 6.86334e-18 4.70074e-18 1
SPEC:   3629.00   3631.00 1.17279e-17 4.70671e-18 1
SPEC:   3631.00   3633.00 9.78731e-18 4.71246e-18 1
SPEC:   3633.00   3635.00 3.67436e-18 4.71795e-18 1
SPEC:   3635.00   3637.00 6.34833e-18 4.72317e-18 1
SPEC:   3637.00   3639.00 1.35319e-17 4.72810e-18 1
SPEC:   3639.00   3641.00 9.30467e-18 4.73272e-18 1
SPEC:   3641.00   3643.00 3.49738e-18 4.73700e-18 1
SPEC:   3643.00   3645.00 -1.38360e-19 4.74092e-18 1
SPEC:   3645.00   3647.00 4.03171e-18 4.74446e-18 1
SPEC:   3647.00   3649.00 5.67242e-18 4.74761e-18 1
SPEC:   3649.00   3651.00 3.60145e-18 4.75032e-18 1
SPEC:   3651.00   3653.00 4.87058e-18 4.75259e-18 1
SPEC:   3653.00   3655.00 8.54559e-18 4.75439e-18 1
SPEC:   3655.00   3657.00 1.11772e-17 4.75570e-18 1
SPEC:   3657.00   3659.00 1.13706e-17 4.75649e-18 1
SPEC:   3659.00   3661.00 1.30883e-17 4.75674e-18 1
SPEC:   3661.00   3663.00 6.90192e-18 4.75644e-18 1
SPEC:   3663.00   3665.00 3.32973e-20 4.75555e-18 1
SPEC:   3665.00   3667.00 3.24861e-18 4.75406e-18 1
SPEC:   3667.00   3669.00 8.88798e-18 4.75195e-18 1
SPEC:   3669.00   3671.00 1.27170e-17 4.74920e-18 1
SPEC:   3671.00   3673.00 1.29029e-17 4.74579e-18 1
SPEC:   3673.00   3675.00 7.80015e-18 4.74171e-18 1
SPEC:   3675.00   3677.00 5.40687e-18 4.73693e-18 1
SPEC:   3677.00   3679.00 9.84453e-18 4.73145e-18 1
SPEC:   3679.00   3681.00 5.66508e-18 4.72524e-18 1
SPEC:   3681.00   3683.00 3.74552e-18 4.71831e-18 1
SPEC:   3683.00   3685.00 1.06934e-17 4.71064e-18 1
SPEC:   3685.00   3687.00 1.38661e-17 4.70221e-18 1
SPEC:   3687.00   3689.00 1.13948e-17 4.69303e-18 1
SPEC:   3689.00   3691.00 4.13850e-18 4.68308e-18 1
SPEC:   3691.00   3693.00 6.89911e-18 4.67237e-18 1
SPEC:   3693.00   3695.00 1.26653e-17 4.66089e-18 1
SPEC:   3695.00   3697.00 1.66382e-17 4.64864e-18 1
SPEC:   3697.00   3699.00 1.35037e-17 4.63563e-18 1
SPEC:   3699.00   3701.00 1.20592e-17 4.62186e-18 1
SPEC:   3701.00   3703.00 1.42546e-17 4.60734e-18 1
SPEC:   3703.00   3705.00 1.42751e-17 4.59207e-18 1
SPEC:   3705.00   3707.00 1.39166e-17 4.57607e-18 1
SPEC:   3707.00   3709.00 6.37962e-18 4.55934e-18 1
SPEC:   3709.00   3711.00 -2.18058e-18 4.54191e-18 1
SPEC:   3711.00   3713.00 2.74501e-18 4.52378e-18 1
SPEC:   3713.00   3715.00 7.66374e-18 4.50498e-18 1
SPEC:   3715.00   3717.00 6.63884e-18 4.48552e-18 1
SPEC:   3717.00   3719.00 6.00932e-18 4.46543e-18 1
SPEC:   3719.00   3721.00 4.38840e-18 4.44473e-18 1
SPEC:   3721.00   3723.00 6.92419e-18 4.42344e-18 1
SPEC:   3723.00   3725.00 9.41504e-18 4.40159e-18 1
SPEC:   3725.00   3727.00 1.36321e-17 4.37921e-18 1
SPEC:   3727.00   3729.00 1.13619e-17 4.35632e-18 1
SPEC:   3729.00   3731.00 1.10343e-17 4.33295e-18 1
SPEC:   3731.00   3733.00 1.22439e-17 4.30913e-18 1
SPEC:   3733.00   3735.00 7.38629e-18 4.28489e-18 1
SPEC:   3735.00   3737.00 3.18468e-18 4.26026e-18 1
SPEC:   3737.00   3739.00 4.10762e-18 4.23528e-18 1
SPEC:   3739.00   3741.00 3.74736e-18 4.20997e-18 1
SPEC:   3741.00   3743.00 9.90558e-18 4.18437e-18 1
SPEC:   3743.00   3745.00 1.27985e-17 4.15850e-18 1
SPEC:   3745.00   3747.00 1.23781e-17 4.13241e-18 1
SPEC:   3747.00   3749.00 1.33515e-17 4.10611e-18 1
SPEC:   3749.00   3751.00 1.72062e-17 4.07965e-18 1
SPEC:   3751.00   3753.00 1.27679e-17 4.05304e-18 1
SPEC:   3753.00   3755.00 1.41141e-17 4.02633e-18 1
SPEC:   3755.00   3757.00 1.27556e-17 3.99953e-18 1
SPEC:   3757.00   3759.00 1.18277e-17 3.97269e-18 1
SPEC:   3759.00   3761.00 1.54773e-17 3.94582e-18 1
SPEC:   3761.00   3763.00 1.53346e-17 3.91895e-18 1
SPEC:   3763.00   3765.00 1.40291e-17 3.89211e-18 1
SPEC:   3765.00   3767.00 1.54740e-17 3.86532e-18 1
SPEC:   3767.00   3769.00 1.52799e-17 3.83860e-18 1
SPEC:   3769.00   3771.00 1.22766e-17 3.81198e-18 1
SPEC:   3771.00   3773.00 8.93120e-18 3.78548e-18 1
SPEC:   3773.00   3775.00 8.97267e-18 3.75912e-18 1
SPEC:   3775.00   3777.00 8.10116e-18 3.73291e-18 1
SPEC:   3777.00   3779.00 1.01058e-17 3.70688e-18 1
SPEC:   3779.00   3781.00 1.18348e-17 3.68103e-18 1
SPEC:   3781.00   3783.00 1.38572e-17 3.65539e-18 1
SPEC:   3783.00   3785.00 1.48353e-17 3.62996e-18 1
SPEC:   3785.00   3787.00 1.69802e-17 3.60477e-18 1
SPEC:   3787.00   3789.00 7.62252e-18 3.57981e-18 1
SPEC:   3789.00   3791.00 6.84316e-18 3.55510e-18 1
SPEC:   3791.00   3793.00 7.32941e-18 3.53065e-18 1
SPEC:   3793.00   3795.00 8.11043e-18 3.50646e-18 1
SPEC:   3795.00   3797.00 9.76963e-18 3.48255e-18 1
SPEC:   3797.00   3799.00 9.38085e-18 3.45891e-18 1
SPEC:   3799.00   3801.00 9.18410e-18 3.43556e-18 1
SPEC:   3801.00   3803.00 8.97832e-18 3.41249e-18 1
SPEC:   3803.00   3805.00 7.89829e-18 3.38970e-18 1
SPEC:   3805.00   3807.00 1.40131e-17 3.36721e-18 1
SPEC:   3807.00   3809.00 1.60817e-17 3.34500e-18 1
SPEC:   3809.00   3811.00 9.72813e-18 3.32309e-18 1
SPEC:   3811.00   3813.00 7.29298e-18 3.30146e-18 1
SPEC:   3813.00   3815.00 7.30949e-18 3.28013e-18 1
SPEC:   3815.00   3817.00 9.32305e-18 3.25908e-18 1
SPEC:   3817.00   3819.00 9.66612e-18 3.23832e-18 1
SPEC:   3819.00   3821.00 1.39316e-17 3.21784e-18 1
SPEC:   3821.00   3823.00 1.16764e-17 3.19764e-18 1
SPEC:   3823.00   3825.00 7.30322e-18 3.17772e-18 1
SPEC:   3825.00   3827.00 1.38459e-17 3.15808e-18 1
SPEC:   3827.00   3829.00 1.60304e-17 3.13871e-18 1
SPEC:   3829.00   3831.00 1.10731e-17 3.11961e-18 1
SPEC:   3831.00   3833.00 1.23184e-17 3.10077e-18 1
SPEC:   3833.00   3835.00 1.34115e-17 3.08220e-18 1
SPEC:   3835.00   3837.00 1.17919e-17 3.06389e-18 1
SPEC:   3837.00   3839.00 1.15531e-17 3.04584e-18 1
SPEC:   3839.00   3841.00 1.27087e-17 3.02804e-18 1
SPEC:   3841.00   3843.00 9.64877e-18 3.01049e-18 1
SPEC:   3843.00   3845.00 7.03640e-18 2.99320e-18 1
SPEC:   3845.00   3847.00 1.21441e-17 2.97615e-18 1
SPEC:   3847.00   3849.00 1.39227e-17 2.95935e-18 1
SPEC:   3849.00   3851.00 1.44688e-17 2.94279e-18 1
SPEC:   3851.00   3853.00 1.45925e-17 2.92649e-18 1
SPEC:   3853.00   3855.00 1.10845e-17 2.91043e-18 1
SPEC:   3855.00   3857.00 1.19932e-17 2.89461e-18 1
SPEC:   3857.00   3859.00 1.41032e-17 2.87905e-18 1
SPEC:   3859.00   3861.00 1.13025e-17 2.86373e-18 1
SPEC:   3861.00   3863.00 8.52917e-18 2.84866e-18 1
SPEC:   3863.00   3865.00 8.53743e-18 2.83385e-18 1
SPEC:   3865.00   3867.00 1.09112e-17 2.81930e-18 1
SPEC:   3867.00   3869.00 1.38431e-17 2.80501e-18 1
SPEC:   3869.00   3871.00 1.58131e-17 2.79098e-18 1
SPEC:   3871.00   3873.00 1.70832e-17 2.77723e-18 1
SPEC:   3873.00   3875.00 1.29546e-17 2.76375e-18 1
SPEC:   3875.00   3877.00 7.32739e-18 2.75055e-18 1
SPEC:   3877.00   3879.00 9.70341e-18 2.73764e-18 1
SPEC:   3879.00   3881.00 1.43319e-17 2.72503e-18 1
SPEC:   3881.00   3883.00 1.35436e-17 2.71272e-18 1
SPEC:   3883.00   3885.00 1.32886e-17 2.70073e-18 1
SPEC:   3885.00   3887.00 1.62263e-17 2.68905e-18 1
SPEC:   3887.00   3889.00 1.76081e-17 2.67770e-18 1
SPEC:   3889.00   3891.00 1.67152e-17 2.66668e-18 1
SPEC:   3891.00   3893.00 1.33862e-17 2.65601e-18 1
SPEC:   3893.00   3895.00 1.25165e-17 2.64570e-18 1
SPEC:   3895.00   3897.00 1.29766e-17 2.63575e-18 1
SPEC:   3897.00   3899.00 1.20881e-17 2.62617e-18 1
SPEC:   3899.00   3901.00 1.45261e-17 2.61697e-18 1
SPEC:   3901.00   3903.00 1.38649e-17 2.60816e-18 1
SPEC:   3903.00   3905.00 1.13344e-17 2.59975e-18 1
SPEC:   3905.00   3907.00 1.59662e-17 2.59175e-18 1
SPEC:   3907.00   3909.00 1.69355e-17 2.58417e-18 1
SPEC:   3909.00   3911.00 1.60037e-17 2.57701e-18 1
SPEC:   3911.00   3913.00 1.50785e-17 2.57029e-18 1
SPEC:   3913.00   3915.00 1.82617e-17 2.56400e-18 1
SPEC:   3915.00   3917.00 1.78288e-17 2.55816e-18 1
SPEC:   3917.00   3919.00 1.56257e-17 2.55277e-18 1
SPEC:   3919.00   3921.00 1.97215e-17 2.54785e-18 1
SPEC:   3921.00   3923.00 1.63560e-17 2.54338e-18 1
SPEC:   3923.00   3925.00 1.53456e-17 2.53939e-18 1
SPEC:   3925.00   3927.00 1.28374e-17 2.53586e-18 1
SPEC:   3927.00   3929.00 1.52172e-17 2.53281e-18 1
SPEC:   3929.00   3931.00 1.74437e-17 2.53024e-18 1
SPEC:   3931.00   3933.00 2.05799e-17 2.52814e-18 1
SPEC:   3933.00   3935.00 1.79714e-17 2.52652e-18 1
SPEC:   3935.00   3937.00 1.68148e-17 2.52538e-18 1
SPEC:   3937.00   3939.00 1.70602e-17 2.52472e-18 1
SPEC:   3939.00   3941.00 1.54411e-17 2.52453e-18 1
SPEC:   3941.00   3943.00 1.64357e-17 2.52481e-18 1
SPEC:   3943.00   3945.00 1.82100e-17 2.52555e-18 1
SPEC:   3945.00   3947.00 1.64667e-17 2.52676e-18 1
SPEC:   3947.00   3949.00 2.02484e-17 2.52843e-18 1
SPEC:   3949.00   3951.00 2.05630e-17 2.53055e-18 1
SPEC:   3951.00   3953.00 1.78846e-17 2.53311e-18 1
SPEC:   3953.00   3955.00 1.71691e-17 2.53610e-18 1
SPEC:   3955.00   3957.00 2.31252e-17 2.53952e-18 1
SPEC:   3957.00   3959.00 1.90756e-17 2.54335e-18 1
SPEC:   3959.00   3961.00 1.92728e-17 2.54759e-18 1
SPEC:   3961.00   3963.00 1.59604e-17 2.55222e-18 1
SPEC:   3963.00   3965.00 1.84649e-17 2.55724e-18 1
SPEC:   3965.00   3967.00 1.96567e-17 2.56262e-18 1
SPEC:   3967.00   3969.00 1.84711e-17 2.56837e-18 1
SPEC:   3969.00   3971.00 1.64875e-17 2.57446e-18 1
SPEC:   3971.00   3973.00 1.58350e-17 2.58087e-18 1
SPEC:   3973.00   3975.00 1.56286e-17 2.58761e-18 1
SPEC:   3975.00   3977.00 1.71781e-17 2.59464e-18 1
SPEC:   3977.00   3979.00 1.69962e-17 2.60196e-18 1
SPEC:   3979.00   3981.00 1.58263e-17 2.60955e-18 1
SPEC:   3981.00   3983.00 1.34447e-17 2.61740e-18 1
SPEC:   3983.00   3985.00 1.23957e-17 2.62549e-18 1
SPEC:   3985.00   3987.00 1.72885e-17 2.63380e-18 1
SPEC:   3987.00   3989.00 2.06039e-17 2.64231e-18 1
SPEC:   3989.00   3991.00 1.72850e-17 2.65102e-18 1
SPEC:   3991.00   3993.00 1.65427e-17 2.65991e-18 1
SPEC:   3993.00   3995.00 1.43598e-17 2.66895e-18 1
SPEC:   3995.00   3997.00 1.53556e-17 2.67813e-18 1
SPEC:   3997.00   3999.00 1.35104e-17 2.68744e-18 1
SPEC:   3999.00   4001.00 1.46651e-17 2.75235e-18 1
SPEC:   4001.00   4003.00 1.68000e-17 2.74604e-18 1
SPEC:   4003.00   4005.00 1.65648e-17 2.74489e-18 1
SPEC:   4005.00   4007.00 1.20945e-17 2.76390e-18 1
SPEC:   4007.00   4009.00 1.33510e-17 2.75254e-18 1
SPEC:   4009.00   4011.00 1.92152e-17 2.76367e-18 1
SPEC:   4011.00   4013.00 2.07958e-17 2.77528e-18 1
SPEC:   4013.00   4015.00 2.33866e-17 2.77389e-18 1
SPEC:   4015.00   4017.00 2.24044e-17 2.77409e-18 1
SPEC:   4017.00   4019.00 1.76378e-17 2.78707e-18 1
SPEC:   4019.00   4021.00 1.83449e-17 2.79030e-18 1
SPEC:   4021.00   4023.00 1.64719e-17 2.80282e-18 1
SPEC:   4023.00   4025.00 2.30517e-17 2.82045e-18 1
SPEC:   4025.00   4027.00 2.15968e-17 2.83440e-18 1
SPEC:   4027.00   4029.00 2.22783e-17 2.84836e-18 1
SPEC:   4029.00   4031.00 2.14702e-17 2.86082e-18 1
SPEC:   4031.00   4033.00 2.11047e-17 2.87258e-18 1
SPEC:   4033.00   4035.00 2.14099e-17 2.85552e-18 1
SPEC:   4035.00   4037.00 2.21609e-17 2.88749e-18 1
SPEC:   4037.00   4039.00 2.47375e-17 2.89369e-18 1
SPEC:   4039.00   4041.00 2.45733e-17 2.90889e-18 1
SPEC:   4041.00   4043.00 3.31249e-17 2.91103e-18 1
SPEC:   4043.00   4045.00 2.83329e-17 2.91386e-18 1
SPEC:   4045.00   4047.00 2.51127e-17 2.93566e-18 1
SPEC:   4047.00   4049.00 2.52670e-17 2.93321e-18 1
SPEC:   4049.00   4051.00 2.44695e-17 2.93852e-18 1
SPEC:   4051.00   4053.00 2.61874e-17 2.93884e-18 1
SPEC:   4053.00   4055.00 2.87593e-17 2.91939e-18 1
SPEC:   4055.00   4057.00 3.03071e-17 2.93853e-18 1
SPEC:   4057.00   4059.00 3.01449e-17 2.94786e-18 1
SPEC:   4059.00   4061.00 2.79614e-17 2.95579e-18 1
SPEC:   4061.00   4063.00 3.08940e-17 2.96019e-18 1
SPEC:   4063.00   4065.00 3.33340e-17 2.98024e-18 1
SPEC:   4065.00   4067.00 3.16241e-17 2.98674e-18 1
SPEC:   4067.00   4069.00 3.29438e-17 2.98426e-18 1
SPEC:   4069.00   4071.00 3.40724e-17 2.99606e-18 1
SPEC:   4071.00   4073.00 2.91361e-17 2.98827e-18 1
SPEC:   4073.00   4075.00 2.97629e-17 2.99202e-18 1
SPEC:   4075.00   4077.00 3.14739e-17 3.00021e-18 1
SPEC:   4077.00   4079.00 3.45402e-17 2.99144e-18 1
SPEC:   4079.00   4081.00 3.09228e-17 3.00558e-18 1
SPEC:   4081.00   4083.00 3.13917e-17 3.00368e-18 1
SPEC:   4083.00   4085.00 3.38798e-17 3.00492e-18 1
SPEC:   4085.00   4087.00 3.60862e-17 3.00852e-18 1
SPEC:   4087.00   4089.00 3.31492e-17 3.00894e-18 1
SPEC:   4089.00   4091.00 3.26148e-17 2.99433e-18 1
SPEC:   4091.00   4093.00 3.14254e-17 2.99323e-18 1
SPEC:   4093.00   4095.00 2.94873e-17 2.98551e-18 1
SPEC:   4095.00   4097.00 2.66890e-17 2.98540e-18 1
SPEC:   4097.00   4099.00 2.19691e-17 2.97726e-18 1
SPEC:   4099.00   4101.00 2.09677e-17 2.97857e-18 1
SPEC:   4101.00   4103.00 2.79032e-17 2.97102e-18 1
SPEC:   4103.00   4105.00 2.81974e-17 2.96607e-18 1
SPEC:   4105.00   4107.00 2.47001e-17 2.96301e-18 1
SPEC:   4107.00   4109.00 2.76121e-17 2.97209e-18 1
SPEC:   4109.00   4111.00 3.02294e-17 2.94981e-18 1
SPEC:   4111.00   4113.00 2.82741e-17 2.95289e-18 1
SPEC:   4113.00   4115.00 2.34798e-17 2.94884e-18 1
SPEC:   4115.00   4117.00 2.09639e-17 2.94881e-18 1
SPEC:   4117.00   4119.00 2.27969e-17 2.93233e-18 1
SPEC:   4119.00   4121.00 2.36702e-17 2.94576e-18 1
SPEC:   4121.00   4123.00 2.67571e-17 2.93768e-18 1
SPEC:   4123.00   4125.00 2.64711e-17 2.92693e-18 1
SPEC:   4125.00   4127.00 2.61985e-17 2.92653e-18 1
SPEC:   4127.00   4129.00 2.47270e-17 2.91988e-18 1
SPEC:   4129.00   4131.00 2.04204e-17 2.91188e-18 1
SPEC:   4131.00   4133.00 1.84871e-17 2.89381e-18 1
SPEC:   4133.00   4135.00 1.88389e-17 2.88736e-18 1
SPEC:   4135.00   4137.00 2.00676e-17 2.88500e-18 1
SPEC:   4137.00   4139.00 1.98900e-17 2.87152e-18 1
SPEC:   4139.00   4141.00 1.84718e-17 2.87387e-18 1
SPEC:   4141.00   4143.00 2.10004e-17 2.84122e-18 1
SPEC:   4143.00   4145.00 1.82347e-17 2.82120e-18 1
SPEC:   4145.00   4147.00 1.31805e-17 2.79410e-18 1
SPEC:   4147.00   4149.00 1.66934e-17 2.80799e-18 1
SPEC:   4149.00   4151.00 2.19007e-17 2.79462e-18 1
SPEC:   4151.00   4153.00 2.18569e-17 2.78353e-18 1
SPEC:   4153.00   4155.00 1.84976e-17 2.78240e-18 1
SPEC:   4155.00   4157.00 1.40026e-17 2.78923e-18 1
SPEC:   4157.00   4159.00 1.32671e-17 2.79087e-18 1
SPEC:   4159.00   4161.00 1.71265e-17 2.78707e-18 1
SPEC:   4161.00   4163.00 1.79167e-17 2.78617e-18 1
SPEC:   4163.00   4165.00 1.63971e-17 2.79520e-18 1
SPEC:   4165.00   4167.00 1.53311e-17 2.78327e-18 1
SPEC:   4167.00   4169.00 1.52380e-17 2.78619e-18 1
SPEC:   4169.00   4171.00 1.68633e-17 2.75799e-18 1
SPEC:   4171.00   4173.00 1.95844e-17 2.75182e-18 1
SPEC:   4173.00   4175.00 1.58282e-17 2.72583e-18 1
SPEC:   4175.00   4177.00 1.32281e-17 2.72581e-18 1
SPEC:   4177.00   4179.00 1.56337e-17 2.71670e-18 1
SPEC:   4179.00   4181.00 1.57601e-17 2.71429e-18 1
SPEC:   4181.00   4183.00 1.39759e-17 2.69834e-18 1
SPEC:   4183.00   4185.00 1.44981e-17 2.69575e-18 1
SPEC:   4185.00   4187.00 1.50777e-17 2.69536e-18 1
SPEC:   4187.00   4189.00 1.20299e-17 2.69015e-18 1
SPEC:   4189.00   4191.00 9.99827e-18 2.67672e-18 1
SPEC:   4191.00   4193.00 1.29604e-17 2.67787e-18 1
SPEC:   4193.00   4195.00 1.53962e-17 2.67953e-18 1
SPEC:   4195.00   4197.00 1.29902e-17 2.65948e-18 1
SPEC:   4197.00   4199.00 1.05727e-17 2.66736e-18 1
SPEC:   4199.00   4201.00 1.09978e-17 2.64740e-18 1
SPEC:   4201.00   4203.00 1.16736e-17 2.65228e-18 1
SPEC:   4203.00   4205.00 1.23531e-17 2.65439e-18 1
SPEC:   4205.00   4207.00 1.30357e-17 2.65842e-18 1
SPEC:   4207.00   4209.00 1.22150e-17 2.66260e-18 1
SPEC:   4209.00   4211.00 1.58429e-17 2.64992e-18 1
SPEC:   4211.00   4213.00 1.61350e-17 2.65686e-18 1
SPEC:   4213.00   4215.00 9.86285e-18 2.66174e-18 1
SPEC:   4215.00   4217.00 1.11684e-17 2.66006e-18 1
SPEC:   4217.00   4219.00 1.46726e-17 2.66033e-18 1
SPEC:   4219.00   4221.00 1.39805e-17 2.66439e-18 1
SPEC:   4221.00   4223.00 1.34136e-17 2.66109e-18 1
SPEC:   4223.00   4225.00 1.28821e-17 2.66194e-18 1
SPEC:   4225.00   4227.00 1.14966e-17 2.65955e-18 1
SPEC:   4227.00   4229.00 1.26651e-17 2.66898e-18 1
SPEC:   4229.00   4231.00 1.53805e-17 2.68321e-18 1
SPEC:   4231.00   4233.00 1.68964e-17 2.69118e-18 1
SPEC:   4233.00   4235.00 1.84130e-17 2.70769e-18 1
SPEC:   4235.00   4237.00 1.99478e-17 2.69541e-18 1
SPEC:   4237.00   4239.00 1.89750e-17 2.69776e-18 1
SPEC:   4239.00   4241.00 2.01371e-17 2.70207e-18 1
SPEC:   4241.00   4243.00 2.10888e-17 2.71874e-18 1
SPEC:   4243.00   4245.00 1.87811e-17 2.71948e-18 1
SPEC:   4245.00   4247.00 1.90690e-17 2.72929e-18 1
SPEC:   4247.00   4249.00 2.10677e-17 2.73862e-18 1
SPEC:   4249.00   4251.00 2.39233e-17 2.74525e-18 1
SPEC:   4251.00   4253.00 2.48157e-17 2.75277e-18 1
SPEC:   4253.00   4255.00 2.34761e-17 2.77269e-18 1
SPEC:   4255.00   4257.00 2.82113e-17 2.78097e-18 1
SPEC:   4257.00   4259.00 2.78355e-17 2.78425e-18 1
SPEC:   4259.00   4261.00 2.38405e-17 2.78303e-18 1
SPEC:   4261.00   4263.00 2.68072e-17 2.78366e-18 1
SPEC:   4263.00   4265.00 2.77679e-17 2.80483e-18 1
SPEC:   4265.00   4267.00 2.55705e-17 2.80884e-18 1
SPEC:   4267.00   4269.00 2.63530e-17 2.82354e-18 1
SPEC:   4269.00   4271.00 2.68690e-17 2.82799e-18 1
SPEC:   4271.00   4273.00 2.99313e-17 2.82607e-18 1
SPEC:   4273.00   4275.00 3.46931e-17 2.83337e-18 1
SPEC:   4275.00   4277.00 3.81144e-17 2.85759e-18 1
SPEC:   4277.00   4279.00 3.88998e-17 2.85751e-18 1
SPEC:   4279.00   4281.00 3.47888e-17 2.85699e-18 1
SPEC:   4281.00   4283.00 3.45067e-17 2.85030e-18 1
SPEC:   4283.00   4285.00 3.66897e-17 2.85212e-18 1
SPEC:   4285.00   4287.00 3.59960e-17 2.84999e-18 1
SPEC:   4287.00   4289.00 3.38244e-17 2.85149e-18 1
SPEC:   4289.00   4291.00 3.37461e-17 2.85623e-18 1
SPEC:   4291.00   4293.00 3.78875e-17 2.85766e-18 1
SPEC:   4293.00   4295.00 3.90873e-17 2.86858e-18 1
SPEC:   4295.00   4297.00 3.74085e-17 2.86495e-18 1
SPEC:   4297.00   4299.00 3.49347e-17 2.87187e-18 1
SPEC:   4299.00   4301.00 3.64975e-17 2.85259e-18 1
SPEC:   4301.00   4303.00 3.77606e-17 2.85132e-18 1
SPEC:   4303.00   4305.00 3.40981e-17 2.85863e-18 1
SPEC:   4305.00   4307.00 3.44204e-17 2.86533e-18 1
SPEC:   4307.00   4309.00 3.83081e-17 2.87108e-18 1
SPEC:   4309.00   4311.00 4.05271e-17 2.86651e-18 1
SPEC:   4311.00   4313.00 4.13392e-17 2.88416e-18 1
SPEC:   4313.00   4315.00 4.27518e-17 2.89534e-18 1
SPEC:   4315.00   4317.00 4.23946e-17 2.89658e-18 1
SPEC:   4317.00   4319.00 3.93312e-17 2.90779e-18 1
SPEC:   4319.00   4321.00 4.31982e-17 2.89907e-18 1
SPEC:   4321.00   4323.00 4.78860e-17 2.88776e-18 1
SPEC:   4323.00   4325.00 4.76847e-17 2.86218e-18 1
SPEC:   4325.00   4327.00 4.83238e-17 2.88084e-18 1
SPEC:   4327.00   4329.00 4.32764e-17 2.89360e-18 1
SPEC:   4329.00   4331.00 3.88810e-17 2.89679e-18 1
SPEC:   4331.00   4333.00 4.06609e-17 2.88863e-18 1
SPEC:   4333.00   4335.00 4.24759e-17 2.88302e-18 1
SPEC:   4335.00   4337.00 4.42008e-17 2.87598e-18 1
SPEC:   4337.00   4339.00 4.12722e-17 2.86204e-18 1
SPEC:   4339.00   4341.00 4.18121e-17 2.85651e-18 1
SPEC:   4341.00   4343.00 4.09569e-17 2.85946e-18 1
SPEC:   4343.00   4345.00 4.19655e-17 2.86418e-18 1
SPEC:   4345.00   4347.00 4.62314e-17 2.85234e-18 1
SPEC:   4347.00   4349.00 4.65439e-17 2.84687e-18 1
SPEC:   4349.00   4351.00 4.61472e-17 2.84367e-18 1
SPEC:   4351.00   4353.00 4.77468e-17 2.82760e-18 1
SPEC:   4353.00   4355.00 4.87021e-17 2.81886e-18 1
SPEC:   4355.00   4357.00 4.80189e-17 2.82976e-18 1
SPEC:   4357.00   4359.00 4.89428e-17 2.82454e-18 1
SPEC:   4359.00   4361.00 4.88958e-17 2.82132e-18 1
SPEC:   4361.00   4363.00 4.69802e-17 2.82050e-18 1
SPEC:   4363.00   4365.00 4.64197e-17 2.80940e-18 1
SPEC:   4365.00   4367.00 4.95568e-17 2.80637e-18 1
SPEC:   4367.00   4369.00 4.83163e-17 2.80369e-18 1
SPEC:   4369.00   4371.00 4.80730e-17 2.79074e-18 1
SPEC:   4371.00   4373.00 5.06828e-17 2.79136e-18 1
SPEC:   4373.00   4375.00 5.20163e-17 2.76958e-18 1
SPEC:   4375.00   4377.00 5.25223e-17 2.76186e-18 1
SPEC:   4377.00   4379.00 5.27161e-17 2.74548e-18 1
SPEC:   4379.00   4381.00 5.35132e-17 2.73758e-18 1
SPEC:   4381.00   4383.00 5.23508e-17 2.72839e-18 1
SPEC:   4383.00   4385.00 4.68334e-17 2.70707e-18 1
SPEC:   4385.00   4387.00 4.61527e-17 2.69337e-18 1
SPEC:   4387.00   4389.00 4.58114e-17 2.69389e-18 1
SPEC:   4389.00   4391.00 4.43265e-17 2.69616e-18 1
SPEC:   4391.00   4393.00 4.78301e-17 2.67821e-18 1
SPEC:   4393.00   4395.00 4.91431e-17 2.66987e-18 1
SPEC:   4395.00   4397.00 4.80893e-17 2.66040e-18 1
SPEC:   4397.00   4399.00 4.71852e-17 2.66010e-18 1
SPEC:   4399.00   4401.00 4.50766e-17 2.65878e-18 1
SPEC:   4401.00   4403.00 4.61686e-17 2.64799e-18 1
SPEC:   4403.00   4405.00 4.68466e-17 2.63715e-18 1
SPEC:   4405.00   4407.00 4.59295e-17 2.64285e-18 1
SPEC:   4407.00   4409.00 4.17715e-17 2.63366e-18 1
SPEC:   4409.00   4411.00 3.84230e-17 2.63171e-18 1
SPEC:   4411.00   4413.00 4.25299e-17 2.63214e-18 1
SPEC:   4413.00   4415.00 4.50850e-17 2.62237e-18 1
SPEC:   4415.00   4417.00 4.24359e-17 2.60830e-18 1
SPEC:   4417.00   4419.00 4.02373e-17 2.59599e-18 1
SPEC:   4419.00   4421.00 3.90390e-17 2.59050e-18 1
SPEC:   4421.00   4423.00 4.00513e-17 2.57759e-18 1
SPEC:   4423.00   4425.00 4.12473e-17 2.57196e-18 1
SPEC:   4425.00   4427.00 3.81421e-17 2.55135e-18 1
SPEC:   4427.00   4429.00 3.82531e-17 2.54381e-18 1
SPEC:   4429.00   4431.00 3.80785e-17 2.53329e-18 1
SPEC:   4431.00   4433.00 3.59111e-17 2.51881e-18 1
SPEC:   4433.00   4435.00 3.23996e-17 2.50514e-18 1
SPEC:   4435.00   4437.00 3.21125e-17 2.49258e-18 1
SPEC:   4437.00   4439.00 3.54534e-17 2.49212e-18 1
SPEC:   4439.00   4441.00 3.73729e-17 2.49021e-18 1
SPEC:   4441.00   4443.00 3.77684e-17 2.47091e-18 1
SPEC:   4443.00   4445.00 3.53015e-17 2.46459e-18 1
SPEC:   4445.00   4447.00 3.31054e-17 2.45910e-18 1
SPEC:   4447.00   4449.00 3.35535e-17 2.46447e-18 1
SPEC:   4449.00   4451.00 3.50619e-17 2.44889e-18 1
SPEC:   4451.00   4453.00 3.50652e-17 2.42992e-18 1
SPEC:   4453.00   4455.00 3.34961e-17 2.42328e-18 1
SPEC:   4455.00   4457.00 2.92238e-17 2.40793e-18 1
SPEC:   4457.00   4459.00 3.01356e-17 2.41043e-18 1
SPEC:   4459.00   4461.00 3.12145e-17 2.39709e-18 1
SPEC:   4461.00   4463.00 3.37534e-17 2.39264e-18 1
SPEC:   4463.00   4465.00 3.70383e-17 2.39529e-18 1
SPEC:   4465.00   4467.00 3.48721e-17 2.38002e-18 1
SPEC:   4467.00   4469.00 3.48527e-17 2.37480e-18 1
SPEC:   4469.00   4471.00 3.40745e-17 2.37191e-18 1
SPEC:   4471.00   4473.00 3.20655e-17 2.36876e-18 1
SPEC:   4473.00   4475.00 3.55934e-17 2.36731e-18 1
SPEC:   4475.00   4477.00 3.53973e-17 2.35347e-18 1
SPEC:   4477.00   4479.00 3.33430e-17 2.35472e-18 1
SPEC:   4479.00   4481.00 3.54080e-17 2.34072e-18 1
SPEC:   4481.00   4483.00 3.60852e-17 2.32863e-18 1
SPEC:   4483.00   4485.00 3.73956e-17 2.33358e-18 1
SPEC:   4485.00   4487.00 3.72345e-17 2.32829e-18 1
SPEC:   4487.00   4489.00 3.57196e-17 2.32498e-18 1
SPEC:   4489.00   4491.00 3.88689e-17 2.32192e-18 1
SPEC:   4491.00   4493.00 3.66586e-17 2.32060e-18 1
SPEC:   4493.00   4495.00 3.41044e-17 2.31544e-18 1
SPEC:   4495.00   4497.00 3.36231e-17 2.30842e-18 1
SPEC:   4497.00   4499.00 3.16924e-17 2.31519e-18 1
SPEC:   4499.00   4501.00 3.01971e-17 2.30696e-18 1
SPEC:   4501.00   4503.00 3.14356e-17 2.29734e-18 1
SPEC:   4503.00   4505.00 3.34689e-17 2.29833e-18 1
SPEC:   4505.00   4507.00 3.21363e-17 2.29799e-18 1
SPEC:   4507.00   4509.00 3.23087e-17 2.29272e-18 1
SPEC:   4509.00   4511.00 3.27310e-17 2.28924e-18 1
SPEC:   4511.00   4513.00 3.29860e-17 2.28418e-18 1
SPEC:   4513.00   4515.00 3.39927e-17 2.28081e-18 1
SPEC:   4515.00   4517.00 3.18171e-17 2.27762e-18 1
SPEC:   4517.00   4519.00 2.84644e-17 2.27924e-18 1
SPEC:   4519.00   4521.00 2.87167e-17 2.28147e-18 1
SPEC:   4521.00   4523.00 3.24492e-17 2.27640e-18 1
SPEC:   4523.00   4525.00 3.16446e-17 2.28114e-18 1
SPEC:   4525.00   4527.00 2.77930e-17 2.27676e-18 1
SPEC:   4527.00   4529.00 3.08667e-17 2.27192e-18 1
SPEC:   4529.00   4531.00 3.59125e-17 2.27743e-18 1
SPEC:   4531.00   4533.00 3.49809e-17 2.27308e-18 1
SPEC:   4533.00   4535.00 3.43928e-17 2.26738e-18 1
SPEC:   4535.00   4537.00 3.39747e-17 2.27747e-18 1
SPEC:   4537.00   4539.00 3.08321e-17 2.28274e-18 1
SPEC:   4539.00   4541.00 2.99026e-17 2.27136e-18 1
SPEC:   4541.00   4543.00 3.09132e-17 2.27835e-18 1
SPEC:   4543.00   4545.00 3.08469e-17 2.28432e-18 1
SPEC:   4545.00   4547.00 2.96765e-17 2.28146e-18 1
SPEC:   4547.00   4549.00 2.93858e-17 2.28508e-18 1
SPEC:   4549.00   4551.00 3.07218e-17 2.28633e-18 1
SPEC:   4551.00   4553.00 3.21903e-17 2.28475e-18 1
SPEC:   4553.00   4555.00 2.97265e-17 2.28571e-18 1
SPEC:   4555.00   4557.00 3.09049e-17 2.28944e-18 1
SPEC:   4557.00   4559.00 3.08074e-17 2.29752e-18 1
SPEC:   4559.00   4561.00 3.17907e-17 2.29882e-18 1
SPEC:   4561.00   4563.00 3.20628e-17 2.29901e-18 1
SPEC:   4563.00   4565.00 3.10472e-17 2.29981e-18 1
SPEC:   4565.00   4567.00 2.97729e-17 2.29943e-18 1
SPEC:   4567.00   4569.00 3.12509e-17 2.29923e-18 1
SPEC:   4569.00   4571.00 3.22343e-17 2.30317e-18 1
SPEC:   4571.00   4573.00 3.29658e-17 2.30854e-18 1
SPEC:   4573.00   4575.00 3.31795e-17 2.32093e-18 1
SPEC:   4575.00   4577.00 3.21601e-17 2.31990e-18 1
SPEC:   4577.00   4579.00 2.78635e-17 2.32086e-18 1
SPEC:   4579.00   4581.00 2.65767e-17 2.32633e-18 1
SPEC:   4581.00   4583.00 2.81735e-17 2.32380e-18 1
SPEC:   4583.00   4585.00 3.03706e-17 2.32971e-18 1
SPEC:   4585.00   4587.00 2.99896e-17 2.33087e-18 1
SPEC:   4587.00   4589.00 2.95770e-17 2.34219e-18 1
SPEC:   4589.00   4591.00 2.78206e-17 2.34576e-18 1
SPEC:   4591.00   4593.00 2.69685e-17 2.34658e-18 1
SPEC:   4593.00   4595.00 3.11879e-17 2.35452e-18 1
SPEC:   4595.00   4597.00 2.91541e-17 2.36109e-18 1
SPEC:   4597.00   4599.00 2.80152e-17 2.35839e-18 1
SPEC:   4599.00   4601.00 3.13381e-17 2.35295e-18 1
SPEC:   4601.00   4603.00 2.99517e-17 2.35495e-18 1
SPEC:   4603.00   4605.00 3.39621e-17 2.36201e-18 1
SPEC:   4605.00   4607.00 3.20487e-17 2.37677e-18 1
SPEC:   4607.00   4609.00 2.94285e-17 2.37807e-18 1
SPEC:   4609.00   4611.00 3.14952e-17 2.38144e-18 1
SPEC:   4611.00   4613.00 2.84278e-17 2.39201e-18 1
SPEC:   4613.00   4615.00 3.23168e-17 2.38616e-18 1
SPEC:   4615.00   4617.00 3.42209e-17 2.39421e-18 1
SPEC:   4617.00   4619.00 3.02923e-17 2.39278e-18 1
SPEC:   4619.00   4621.00 3.29246e-17 2.39970e-18 1
SPEC:   4621.00   4623.00 3.13949e-17 2.40474e-18 1
SPEC:   4623.00   4625.00 3.29893e-17 2.40047e-18 1
SPEC:   4625.00   4627.00 3.31605e-17 2.40763e-18 1
SPEC:   4627.00   4629.00 3.26852e-17 2.41091e-18 1
SPEC:   4629.00   4631.00 3.28389e-17 2.41038e-18 1
SPEC:   4631.00   4633.00 3.03032e-17 2.40429e-18 1
SPEC:   4633.00   4635.00 3.06144e-17 2.39996e-18 1
SPEC:   4635.00   4637.00 3.55602e-17 2.40371e-18 1
SPEC:   4637.00   4639.00 3.63276e-17 2.41124e-18 1
SPEC:   4639.00   4641.00 4.07562e-17 2.40903e-18 1
SPEC:   4641.00   4643.00 4.02822e-17 2.40959e-18 1
SPEC:   4643.00   4645.00 3.84230e-17 2.41595e-18 1
SPEC:   4645.00   4647.00 3.55609e-17 2.40592e-18 1
SPEC:   4647.00   4649.00 3.10065e-17 2.40958e-18 1
SPEC:   4649.00   4651.00 3.40480e-17 2.41750e-18 1
SPEC:   4651.00   4653.00 3.63916e-17 2.41374e-18 1
SPEC:   4653.00   4655.00 3.04092e-17 2.41014e-18 1
SPEC:   4655.00   4657.00 3.31206e-17 2.41249e-18 1
SPEC:   4657.00   4659.00 3.41138e-17 2.41156e-18 1
SPEC:   4659.00   4661.00 3.07824e-17 2.41170e-18 1
SPEC:   4661.00   4663.00 2.99929e-17 2.41422e-18 1
SPEC:   4663.00   4665.00 3.17089e-17 2.41075e-18 1
SPEC:   4665.00   4667.00 2.91569e-17 2.40644e-18 1
SPEC:   4667.00   4669.00 3.34092e-17 2.40204e-18 1
SPEC:   4669.00   4671.00 3.67126e-17 2.39759e-18 1
SPEC:   4671.00   4673.00 3.03448e-17 2.39901e-18 1
SPEC:   4673.00   4675.00 3.15936e-17 2.39899e-18 1
SPEC:   4675.00   4677.00 3.15295e-17 2.39144e-18 1
SPEC:   4677.00   4679.00 3.32564e-17 2.39647e-18 1
SPEC:   4679.00   4681.00 3.58707e-17 2.38386e-18 1
SPEC:   4681.00   4683.00 3.61709e-17 2.38300e-18 1
SPEC:   4683.00   4685.00 3.32950e-17 2.37948e-18 1
SPEC:   4685.00   4687.00 3.11748e-17 2.37538e-18 1
SPEC:   4687.00   4689.00 3.35177e-17 2.36948e-18 1
SPEC:   4689.00   4691.00 3.21609e-17 2.36654e-18 1
SPEC:   4691.00   4693.00 3.29573e-17 2.35622e-18 1
SPEC:   4693.00   4695.00 2.91219e-17 2.35161e-18 1
SPEC:   4695.00   4697.00 2.94258e-17 2.35717e-18 1
SPEC:   4697.00   4699.00 3.24777e-17 2.34831e-18 1
SPEC:   4699.00   4701.00 3.10165e-17 2.34105e-18 1
SPEC:   4701.00   4703.00 3.22697e-17 2.33366e-18 1
SPEC:   4703.00   4705.00 3.34150e-17 2.32902e-18 1
SPEC:   4705.00   4707.00 3.14645e-17 2.33168e-18 1
SPEC:   4707.00   4709.00 3.10935e-17 2.32179e-18 1
SPEC:   4709.00   4711.00 2.84353e-17 2.31842e-18 1
SPEC:   4711.00   4713.00 3.01500e-17 2.31060e-18 1
SPEC:   4713.00   4715.00 3.02956e-17 2.31143e-18 1
SPEC:   4715.00   4717.00 3.46550e-17 2.30369e-18 1
SPEC:   4717.00   4719.00 3.25279e-17 2.30825e-18 1
SPEC:   4719.00   4721.00 2.81676e-17 2.29423e-18 1
SPEC:   4721.00   4723.00 3.27512e-17 2.29125e-18 1
SPEC:   4723.00   4725.00 3.32885e-17 2.28894e-18 1
SPEC:   4725.00   4727.00 3.30402e-17 2.28619e-18 1
SPEC:   4727.00   4729.00 3.22963e-17 2.27062e-18 1
SPEC:   4729.00   4731.00 3.26672e-17 2.26947e-18 1
SPEC:   4731.00   4733.00 3.36545e-17 2.26314e-18 1
SPEC:   4733.00   4735.00 3.37545e-17 2.26006e-18 1
SPEC:   4735.00   4737.00 3.13327e-17 2.25981e-18 1
SPEC:   4737.00   4739.00 3.34033e-17 2.25432e-18 1
SPEC:   4739.00   4741.00 3.66783e-17 2.24851e-18 1
SPEC:   4741.00   4743.00 3.56088e-17 2.24131e-18 1
SPEC:   4743.00   4745.00 3.67268e-17 2.23236e-18 1
SPEC:   4745.00   4747.00 3.44343e-17 2.23213e-18 1
SPEC:   4747.00   4749.00 3.65303e-17 2.23323e-18 1
SPEC:   4749.00   4751.00 3.86723e-17 2.22756e-18 1
SPEC:   4751.00   4753.00 3.56669e-17 2.21954e-18 1
SPEC:   4753.00   4755.00 3.78120e-17 2.21467e-18 1
SPEC:   4755.00   4757.00 3.82013e-17 2.20982e-18 1
SPEC:   4757.00   4759.00 3.55032e-17 2.20825e-18 1
SPEC:   4759.00   4761.00 3.82550e-17 2.19992e-18 1
SPEC:   4761.00   4763.00 3.91622e-17 2.20013e-18 1
SPEC:   4763.00   4765.00 3.89001e-17 2.18566e-18 1
SPEC:   4765.00   4767.00 3.81117e-17 2.19050e-18 1
SPEC:   4767.00   4769.00 3.91314e-17 2.18057e-18 1
SPEC:   4769.00   4771.00 3.92840e-17 2.18357e-18 1
SPEC:   4771.00   4773.00 4.06916e-17 2.18765e-18 1
SPEC:   4773.00   4775.00 3.57814e-17 2.17903e-18 1
SPEC:   4775.00   4777.00 3.38345e-17 2.17956e-18 1
SPEC:   4777.00   4779.00 3.51919e-17 2.17269e-18 1
SPEC:   4779.00   4781.00 3.45608e-17 2.16560e-18 1
SPEC:   4781.00   4783.00 3.43891e-17 2.16702e-18 1
SPEC:   4783.00   4785.00 3.78189e-17 2.15855e-18 1
SPEC:   4785.00   4787.00 3.56014e-17 2.14837e-18 1
SPEC:   4787.00   4789.00 3.48847e-17 2.14970e-18 1
SPEC:   4789.00   4791.00 3.47472e-17 2.14257e-18 1
SPEC:   4791.00   4793.00 3.52606e-17 2.13820e-18 1
SPEC:   4793.00   4795.00 3.32905e-17 2.13333e-18 1
SPEC:   4795.00   4797.00 3.45414e-17 2.13923e-18 1
SPEC:   4797.00   4799.00 3.16286e-17 2.13459e-18 1
SPEC:   4799.00   4801.00 2.61076e-17 2.12706e-18 1
SPEC:   4801.00   4803.00 2.68260e-17 2.12790e-18 1
SPEC:   4803.00   4805.00 2.78025e-17 2.12440e-18 1
SPEC:   4805.00   4807.00 2.91386e-17 2.11872e-18 1
SPEC:   4807.00   4809.00 3.12684e-17 2.11061e-18 1
SPEC:   4809.00   4811.00 2.87023e-17 2.10500e-18 1
SPEC:   4811.00   4813.00 2.93552e-17 2.10732e-18 1
SPEC:   4813.00   4815.00 3.14842e-17 2.10840e-18 1
SPEC:   4815.00   4817.00 3.06049e-17 2.10595e-18 1
SPEC:   4817.00   4819.00 2.80472e-17 2.09819e-18 1
SPEC:   4819.00   4821.00 2.90299e-17 2.09844e-18 1
SPEC:   4821.00   4823.00 3.00767e-17 2.09931e-18 1
SPEC:   4823.00   4825.00 2.57291e-17 2.09058e-18 1
SPEC:   4825.00   4827.00 2.64103e-17 2.08768e-18 1
SPEC:   4827.00   4829.00 2.87921e-17 2.08933e-18 1
SPEC:   4829.00   4831.00 2.73357e-17 2.08631e-18 1
SPEC:   4831.00   4833.00 2.54163e-17 2.08021e-18 1
SPEC:   4833.00   4835.00 2.33672e-17 2.08212e-18 1
SPEC:   4835.00   4837.00 2.48239e-17 2.07764e-18 1
SPEC:   4837.00   4839.00 2.62582e-17 2.07219e-18 1
SPEC:   4839.00   4841.00 2.68221e-17 2.06455e-18 1
SPEC:   4841.00   4843.00 2.70020e-17 2.05793e-18 1
SPEC:   4843.00   4845.00 2.56040e-17 2.05860e-18 1
SPEC:   4845.00   4847.00 2.47314e-17 2.06203e-18 1
SPEC:   4847.00   4849.00 2.48449e-17 2.05974e-18 1
SPEC:   4849.00   4851.00 2.52395e-17 2.05943e-18 1
SPEC:   4851.00   4853.00 2.22913e-17 2.05464e-18 1
SPEC:   4853.00   4855.00 2.23312e-17 2.04778e-18 1
SPEC:   4855.00   4857.00 2.35659e-17 2.03546e-18 1
SPEC:   4857.00   4859.00 2.16362e-17 2.04413e-18 1
SPEC:   4859.00   4861.00 2.00604e-17 2.04866e-18 1
SPEC:   4861.00   4863.00 2.26293e-17 2.04319e-18 1
SPEC:   4863.00   4865.00 2.36850e-17 2.04204e-18 1
SPEC:   4865.00   4867.00 2.05899e-17 2.04162e-18 1
SPEC:   4867.00   4869.00 2.11463e-17 2.03864e-18 1
SPEC:   4869.00   4871.00 1.92629e-17 2.03822e-18 1
SPEC:   4871.00   4873.00 1.94307e-17 2.03452e-18 1
SPEC:   4873.00   4875.00 2.05636e-17 2.03084e-18 1
SPEC:   4875.00   4877.00 2.07575e-17 2.03997e-18 1
SPEC:   4877.00   4879.00 2.37625e-17 2.03778e-18 1
SPEC:   4879.00   4881.00 2.25306e-17 2.04089e-18 1
SPEC:   4881.00   4883.00 2.02146e-17 2.03764e-18 1
SPEC:   4883.00   4885.00 2.00911e-17 2.04406e-18 1
SPEC:   4885.00   4887.00 2.01344e-17 2.03810e-18 1
SPEC:   4887.00   4889.00 1.99856e-17 2.04241e-18 1
SPEC:   4889.00   4891.00 2.50500e-17 2.04322e-18 1
SPEC:   4891.00   4893.00 2.48387e-17 2.04840e-18 1
SPEC:   4893.00   4895.00 2.29326e-17 2.04858e-18 1
SPEC:   4895.00   4897.00 2.14317e-17 2.05050e-18 1
SPEC:   4897.00   4899.00 2.07409e-17 2.05055e-18 1
SPEC:   4899.00   4901.00 2.35408e-17 2.05370e-18 1
SPEC:   4901.00   4903.00 2.17360e-17 2.05428e-18 1
SPEC:   4903.00   4905.00 2.01396e-17 2.06467e-18 1
SPEC:   4905.00   4907.00 1.97075e-17 2.05995e-18 1
SPEC:   4907.00   4909.00 1.79991e-17 2.06611e-18 1
SPEC:   4909.00   4911.00 1.94548e-17 2.05649e-18 1
SPEC:   4911.00   4913.00 2.35231e-17 2.05836e-18 1
SPEC:   4913.00   4915.00 2.27129e-17 2.07685e-18 1
SPEC:   4915.00   4917.00 2.03458e-17 2.14141e-18 1
SPEC:   4917.00   4919.00 2.15815e-17 2.13338e-18 1
SPEC:   4919.00   4921.00 2.31464e-17 2.10985e-18 1
SPEC:   4921.00   4923.00 2.41783e-17 2.07788e-18 1
SPEC:   4923.00   4925.00 2.39771e-17 2.09207e-18 1
SPEC:   4925.00   4927.00 2.37483e-17 2.10263e-18 1
SPEC:   4927.00   4929.00 2.40735e-17 2.10396e-18 1
SPEC:   4929.00   4931.00 2.30522e-17 2.11434e-18 1
SPEC:   4931.00   4933.00 2.14787e-17 2.12158e-18 1
SPEC:   4933.00   4935.00 2.18728e-17 2.13067e-18 1
SPEC:   4935.00   4937.00 2.42132e-17 2.14062e-18 1
SPEC:   4937.00   4939.00 2.50926e-17 2.15134e-18 1
SPEC:   4939.00   4941.00 2.39514e-17 2.15618e-18 1
SPEC:   4941.00   4943.00 2.45029e-17 2.15484e-18 1
SPEC:   4943.00   4945.00 2.52590e-17 2.16610e-18 1
SPEC:   4945.00   4947.00 2.54906e-17 2.16932e-18 1
SPEC:   4947.00   4949.00 2.71854e-17 2.18061e-18 1
SPEC:   4949.00   4951.00 2.67000e-17 2.19132e-18 1
SPEC:   4951.00   4953.00 2.52070e-17 2.21077e-18 1
SPEC:   4953.00   4955.00 2.48203e-17 2.21795e-18 1
SPEC:   4955.00   4957.00 2.62096e-17 2.22014e-18 1
SPEC:   4957.00   4959.00 2.91273e-17 2.22513e-18 1
SPEC:   4959.00   4961.00 2.86798e-17 2.23905e-18 1
SPEC:   4961.00   4963.00 2.68099e-17 2.24799e-18 1
SPEC:   4963.00   4965.00 2.74083e-17 2.26302e-18 1
SPEC:   4965.00   4967.00 2.87312e-17 2.26542e-18 1
SPEC:   4967.00   4969.00 2.95978e-17 2.27768e-18 1
SPEC:   4969.00   4971.00 2.98627e-17 2.28931e-18 1
SPEC:   4971.00   4973.00 2.85276e-17 2.30788e-18 1
SPEC:   4973.00   4975.00 2.71551e-17 2.30989e-18 1
SPEC:   4975.00   4977.00 2.65687e-17 2.31920e-18 1
SPEC:   4977.00   4979.00 2.80344e-17 2.32803e-18 1
SPEC:   4979.00   4981.00 3.22732e-17 2.33962e-18 1
SPEC:   4981.00   4983.00 3.56207e-17 2.34902e-18 1
SPEC:   4983.00   4985.00 3.58030e-17 2.35817e-18 1
SPEC:   4985.00   4987.00 3.34411e-17 2.38234e-18 1
SPEC:   4987.00   4989.00 3.18841e-17 2.39389e-18 1
SPEC:   4989.00   4991.00 3.20650e-17 2.40174e-18 1
SPEC:   4991.00   4993.00 3.34212e-17 2.44964e-18 1
SPEC:   4993.00   4995.00 3.58627e-17 2.46651e-18 1
SPEC:   4995.00   4997.00 3.67276e-17 2.43715e-18 1
SPEC:   4997.00   4999.00 3.60072e-17 2.47889e-18 1
SPEC:   4999.00   5001.00 3.66353e-17 2.46401e-18 1
SPEC:   5001.00   5003.00 3.83641e-17 2.47262e-18 1
SPEC:   5003.00   5005.00 3.90941e-17 2.47792e-18 1
SPEC:   5005.00   5007.00 3.90088e-17 2.49474e-18 1
SPEC:   5007.00   5009.00 4.04634e-17 2.51186e-18 1
SPEC:   5009.00   5011.00 4.33512e-17 2.52780e-18 1
SPEC:   5011.00   5013.00 4.58858e-17 2.52649e-18 1
SPEC:   5013.00   5015.00 4.59323e-17 2.54420e-18 1
SPEC:   5015.00   5017.00 4.51210e-17 2.55994e-18 1
SPEC:   5017.00   5019.00 4.74865e-17 2.57357e-18 1
SPEC:   5019.00   5021.00 5.01256e-17 2.58380e-18 1
SPEC:   5021.00   5023.00 4.98942e-17 2.59588e-18 1
SPEC:   5023.00   5025.00 5.17223e-17 2.60703e-18 1
SPEC:   5025.00   5027.00 5.64370e-17 2.61283e-18 1
SPEC:   5027.00   5029.00 5.96541e-17 2.62994e-18 1
SPEC:   5029.00   5031.00 5.82661e-17 2.64006e-18 1
SPEC:   5031.00   5033.00 5.80297e-17 2.65247e-18 1
SPEC:   5033.00   5035.00 5.96661e-17 2.66376e-18 1
SPEC:   5035.00   5037.00 5.81448e-17 2.67430e-18 1
SPEC:   5037.00   5039.00 5.89158e-17 2.67809e-18 1
SPEC:   5039.00   5041.00 6.05452e-17 2.68072e-18 1
SPEC:   5041.00   5043.00 6.14475e-17 2.68979e-18 1
SPEC:   5043.00   5045.00 6.39778e-17 2.70934e-18 1
SPEC:   5045.00   5047.00 6.57828e-17 2.71551e-18 1
SPEC:   5047.00   5049.00 6.83344e-17 2.72842e-18 1
SPEC:   5049.00   5051.00 7.10341e-17 2.73901e-18 1
SPEC:   5051.00   5053.00 7.03196e-17 2.75061e-18 1
SPEC:   5053.00   5055.00 6.93295e-17 2.76040e-18 1
SPEC:   5055.00   5057.00 7.18823e-17 2.76645e-18 1
SPEC:   5057.00   5059.00 7.38864e-17 2.77592e-18 1
SPEC:   5059.00   5061.00 7.05271e-17 2.78109e-18 1
SPEC:   5061.00   5063.00 7.07534e-17 2.79014e-18 1
SPEC:   5063.00   5065.00 7.17094e-17 2.81332e-18 1
SPEC:   5065.00   5067.00 6.99340e-17 2.82601e-18 1
SPEC:   5067.00   5069.00 6.91321e-17 2.81578e-18 1
SPEC:   5069.00   5071.00 6.85459e-17 2.81656e-18 1
SPEC:   5071.00   5073.00 6.88591e-17 2.81576e-18 1
SPEC:   5073.00   5075.00 6.93219e-17 2.81553e-18 1
SPEC:   5075.00   5077.00 6.94355e-17 2.82648e-18 1
SPEC:   5077.00   5079.00 7.04641e-17 2.83153e-18 1
SPEC:   5079.00   5081.00 6.96468e-17 2.83377e-18 1
SPEC:   5081.00   5083.00 6.96862e-17 2.83983e-18 1
SPEC:   5083.00   5085.00 7.00117e-17 2.84290e-18 1
SPEC:   5085.00   5087.00 6.73623e-17 2.84588e-18 1
SPEC:   5087.00   5089.00 6.97775e-17 2.85554e-18 1
SPEC:   5089.00   5091.00 7.23995e-17 2.85520e-18 1
SPEC:   5091.00   5093.00 7.02786e-17 2.86051e-18 1
SPEC:   5093.00   5095.00 6.78239e-17 2.85750e-18 1
SPEC:   5095.00   5097.00 7.14219e-17 2.85938e-18 1
SPEC:   5097.00   5099.00 7.37849e-17 2.85115e-18 1
SPEC:   5099.00   5101.00 7.36203e-17 2.85425e-18 1
SPEC:   5101.00   5103.00 7.54735e-17 2.85917e-18 1
SPEC:   5103.00   5105.00 7.78612e-17 2.86544e-18 1
SPEC:   5105.00   5107.00 7.62799e-17 2.86119e-18 1
SPEC:   5107.00   5109.00 7.31999e-17 2.85931e-18 1
SPEC:   5109.00   5111.00 7.29479e-17 2.85410e-18 1
SPEC:   5111.00   5113.00 7.65721e-17 2.85383e-18 1
SPEC:   5113.00   5115.00 7.51791e-17 2.85773e-18 1
SPEC:   5115.00   5117.00 7.52192e-17 2.85815e-18 1
SPEC:   5117.00   5119.00 7.82289e-17 2.85224e-18 1
SPEC:   5119.00   5121.00 7.79595e-17 2.84923e-18 1
SPEC:   5121.00   5123.00 7.76949e-17 2.84026e-18 1
SPEC:   5123.00   5125.00 7.90881e-17 2.83599e-18 1
SPEC:   5125.00   5127.00 7.74038e-17 2.83365e-18 1
SPEC:   5127.00   5129.00 7.46080e-17 2.83044e-18 1
SPEC:   5129.00   5131.00 7.19146e-17 2.82454e-18 1
SPEC:   5131.00   5133.00 7.11498e-17 2.82529e-18 1
SPEC:   5133.00   5135.00 7.04354e-17 2.81533e-18 1
SPEC:   5135.00   5137.00 6.90358e-17 2.81294e-18 1
SPEC:   5137.00   5139.00 7.11018e-17 2.79849e-18 1
SPEC:   5139.00   5141.00 6.85301e-17 2.79073e-18 1
SPEC:   5141.00   5143.00 6.30165e-17 2.79272e-18 1
SPEC:   5143.00   5145.00 5.85517e-17 2.78707e-18 1
SPEC:   5145.00   5147.00 6.04724e-17 2.78423e-18 1
SPEC:   5147.00   5149.00 6.09207e-17 2.77267e-18 1
SPEC:   5149.00   5151.00 6.09577e-17 2.76889e-18 1
SPEC:   5151.00   5153.00 5.98117e-17 2.76836e-18 1
SPEC:   5153.00   5155.00 5.58418e-17 2.75234e-18 1
SPEC:   5155.00   5157.00 5.44527e-17 2.74233e-18 1
SPEC:   5157.00   5159.00 5.56924e-17 2.73210e-18 1
SPEC:   5159.00   5161.00 5.39671e-17 2.73219e-18 1
SPEC:   5161.00   5163.00 5.06086e-17 2.72214e-18 1
SPEC:   5163.00   5165.00 5.06068e-17 2.71248e-18 1
SPEC:   5165.00   5167.00 5.08469e-17 2.69420e-18 1
SPEC:   5167.00   5169.00 4.85066e-17 2.69039e-18 1
SPEC:   5169.00   5171.00 4.51697e-17 2.67704e-18 1
SPEC:   5171.00   5173.00 4.64062e-17 2.67755e-18 1
SPEC:   5173.00   5175.00 4.52802e-17 2.66891e-18 1
SPEC:   5175.00   5177.00 4.23532e-17 2.66381e-18 1
SPEC:   5177.00   5179.00 4.19357e-17 2.65982e-18 1
SPEC:   5179.00   5181.00 4.31551e-17 2.64701e-18 1
SPEC:   5181.00   5183.00 4.27989e-17 2.63128e-18 1
SPEC:   5183.00   5185.00 3.88814e-17 2.62265e-18 1
SPEC:   5185.00   5187.00 3.68592e-17 2.62574e-18 1
SPEC:   5187.00   5189.00 3.69688e-17 2.62559e-18 1
SPEC:   5189.00   5191.00 3.78129e-17 2.61788e-18 1
SPEC:   5191.00   5193.00 3.60881e-17 2.60337e-18 1
SPEC:   5193.00   5195.00 3.49291e-17 2.61621e-18 1
SPEC:   5195.00   5197.00 3.63603e-17 2.69217e-18 1
SPEC:   5197.00   5199.00 3.69998e-17 2.73420e-18 1
SPEC:   5199.00   5201.00 3.68694e-17 2.71639e-18 1
SPEC:   5201.00   5203.00 3.42528e-17 2.64572e-18 1
SPEC:   5203.00   5205.00 3.30493e-17 2.58416e-18 1
SPEC:   5205.00   5207.00 3.24510e-17 2.56145e-18 1
SPEC:   5207.00   5209.00 3.54262e-17 2.54838e-18 1
SPEC:   5209.00   5211.00 3.35248e-17 2.54460e-18 1
SPEC:   5211.00   5213.00 3.16481e-17 2.53467e-18 1
SPEC:   5213.00   5215.00 3.31409e-17 2.53447e-18 1
SPEC:   5215.00   5217.00 3.12529e-17 2.52684e-18 1
SPEC:   5217.00   5219.00 3.01149e-17 2.52680e-18 1
SPEC:   5219.00   5221.00 3.25364e-17 2.52420e-18 1
SPEC:   5221.00   5223.00 3.40136e-17 2.52104e-18 1
SPEC:   5223.00   5225.00 3.28452e-17 2.50883e-18 1
SPEC:   5225.00   5227.00 2.94473e-17 2.50140e-18 1
SPEC:   5227.00   5229.00 2.76200e-17 2.48271e-18 1
SPEC:   5229.00   5231.00 3.04515e-17 2.47997e-18 1
SPEC:   5231.00   5233.00 3.09862e-17 2.48038e-18 1
SPEC:   5233.00   5235.00 2.75331e-17 2.47592e-18 1
SPEC:   5235.00   5237.00 2.49064e-17 2.48773e-18 1
SPEC:   5237.00   5239.00 2.80079e-17 2.48999e-18 1
SPEC:   5239.00   5241.00 2.75715e-17 2.48824e-18 1
SPEC:   5241.00   5243.00 2.89718e-17 2.47145e-18 1
SPEC:   5243.00   5245.00 2.94237e-17 2.46104e-18 1
SPEC:   5245.00   5247.00 3.07206e-17 2.45934e-18 1
SPEC:   5247.00   5249.00 3.09889e-17 2.46254e-18 1
SPEC:   5249.00   5251.00 2.86355e-17 2.46212e-18 1
SPEC:   5251.00   5253.00 2.68674e-17 2.45592e-18 1
SPEC:   5253.00   5255.00 2.89537e-17 2.46473e-18 1
SPEC:   5255.00   5257.00 2.71166e-17 2.46800e-18 1
SPEC:   5257.00   5259.00 2.73904e-17 2.46372e-18 1
SPEC:   5259.00   5261.00 2.60030e-17 2.45380e-18 1
SPEC:   5261.00   5263.00 3.01892e-17 2.44967e-18 1
SPEC:   5263.00   5265.00 3.06089e-17 2.43753e-18 1
SPEC:   5265.00   5267.00 2.94815e-17 2.43806e-18 1
SPEC:   5267.00   5269.00 3.02766e-17 2.43571e-18 1
SPEC:   5269.00   5271.00 3.08592e-17 2.43570e-18 1
SPEC:   5271.00   5273.00 2.89744e-17 2.44250e-18 1
SPEC:   5273.00   5275.00 2.99670e-17 2.44733e-18 1
SPEC:   5275.00   5277.00 3.03578e-17 2.45170e-18 1
SPEC:   5277.00   5279.00 2.93197e-17 2.44435e-18 1
SPEC:   5279.00   5281.00 3.24995e-17 2.43987e-18 1
SPEC:   5281.00   5283.00 3.09635e-17 2.43967e-18 1
SPEC:   5283.00   5285.00 2.98570e-17 2.43669e-18 1
SPEC:   5285.00   5287.00 3.21651e-17 2.43593e-18 1
SPEC:   5287.00   5289.00 3.32367e-17 2.43607e-18 1
SPEC:   5289.00   5291.00 3.55739e-17 2.44048e-18 1
SPEC:   5291.00   5293.00 3.55113e-17 2.43861e-18 1
SPEC:   5293.00   5295.00 3.64115e-17 2.43609e-18 1
SPEC:   5295.00   5297.00 3.92651e-17 2.43694e-18 1
SPEC:   5297.00   5299.00 3.76501e-17 2.43936e-18 1
SPEC:   5299.00   5301.00 3.91823e-17 2.44062e-18 1
SPEC:   5301.00   5303.00 4.25818e-17 2.44712e-18 1
SPEC:   5303.00   5305.00 4.49964e-17 2.44500e-18 1
SPEC:   5305.00   5307.00 4.36094e-17 2.44675e-18 1
SPEC:   5307.00   5309.00 3.92882e-17 2.44295e-18 1
SPEC:   5309.00   5311.00 3.87785e-17 2.43915e-18 1
SPEC:   5311.00   5313.00 4.10339e-17 2.44547e-18 1
SPEC:   5313.00   5315.00 4.31612e-17 2.43992e-18 1
SPEC:   5315.00   5317.00 4.46410e-17 2.44208e-18 1
SPEC:   5317.00   5319.00 4.38760e-17 2.44045e-18 1
SPEC:   5319.00   5321.00 4.30463e-17 2.44132e-18 1
SPEC:   5321.00   5323.00 4.22967e-17 2.43997e-18 1
SPEC:   5323.00   5325.00 4.45715e-17 2.44407e-18 1
SPEC:   5325.00   5327.00 4.48997e-17 2.43420e-18 1
SPEC:   5327.00   5329.00 4.30193e-17 2.43252e-18 1
SPEC:   5329.00   5331.00 4.41106e-17 2.43634e-18 1
SPEC:   5331.00   5333.00 4.43651e-17 2.43822e-18 1
SPEC:   5333.00   5335.00 4.24171e-17 2.43680e-18 1
SPEC:   5335.00   5337.00 3.94837e-17 2.44029e-18 1
SPEC:   5337.00   5339.00 3.98607e-17 2.43719e-18 1
SPEC:   5339.00   5341.00 4.09316e-17 2.44334e-18 1
SPEC:   5341.00   5343.00 4.06673e-17 2.44125e-18 1
SPEC:   5343.00   5345.00 3.76929e-17 2.43606e-18 1
SPEC:   5345.00   5347.00 3.80386e-17 2.43999e-18 1
SPEC:   5347.00   5349.00 3.71578e-17 2.44899e-18 1
SPEC:   5349.00   5351.00 4.16248e-17 2.44296e-18 1
SPEC:   5351.00   5353.00 3.76505e-17 2.44460e-18 1
SPEC:   5353.00   5355.00 3.75877e-17 2.44772e-18 1
SPEC:   5355.00   5357.00 3.86410e-17 2.44203e-18 1
SPEC:   5357.00   5359.00 3.65119e-17 2.44162e-18 1
SPEC:   5359.00   5361.00 3.67499e-17 2.44120e-18 1
SPEC:   5361.00   5363.00 3.61228e-17 2.43500e-18 1
SPEC:   5363.00   5365.00 3.57114e-17 2.43987e-18 1
SPEC:   5365.00   5367.00 3.65472e-17 2.44075e-18 1
SPEC:   5367.00   5369.00 3.72076e-17 2.44141e-18 1
SPEC:   5369.00   5371.00 3.68280e-17 2.43930e-18 1
SPEC:   5371.00   5373.00 3.69644e-17 2.44350e-18 1
SPEC:   5373.00   5375.00 3.77520e-17 2.44148e-18 1
SPEC:   5375.00   5377.00 3.73634e-17 2.43850e-18 1
SPEC:   5377.00   5379.00 3.83726e-17 2.44285e-18 1
SPEC:   5379.00   5381.00 4.14141e-17 2.44251e-18 1
SPEC:   5381.00   5383.00 4.00471e-17 2.43644e-18 1
SPEC:   5383.00   5385.00 4.08249e-17 2.43931e-18 1
SPEC:   5385.00   5387.00 4.10932e-17 2.43876e-18 1
SPEC:   5387.00   5389.00 3.99796e-17 2.43832e-18 1
SPEC:   5389.00   5391.00 3.97420e-17 2.42952e-18 1
SPEC:   5391.00   5393.00 4.04071e-17 2.42980e-18 1
SPEC:   5393.00   5395.00 4.33477e-17 2.43642e-18 1
SPEC:   5395.00   5397.00 4.13049e-17 2.43757e-18 1
SPEC:   5397.00   5399.00 4.47980e-17 2.43409e-18 1
SPEC:   5399.00   5401.00 4.48778e-17 2.43628e-18 1
SPEC:   5401.00   5403.00 4.74739e-17 2.43751e-18 1
SPEC:   5403.00   5405.00 4.80072e-17 2.43300e-18 1
SPEC:   5405.00   5407.00 4.40199e-17 2.43118e-18 1
SPEC:   5407.00   5409.00 4.58957e-17 2.43099e-18 1
SPEC:   5409.00   5411.00 4.88122e-17 2.43583e-18 1
SPEC:   5411.00   5413.00 4.80473e-17 2.43140e-18 1
SPEC:   5413.00   5415.00 4.92812e-17 2.43697e-18 1
SPEC:   5415.00   5417.00 5.21295e-17 2.43653e-18 1
SPEC:   5417.00   5419.00 5.21737e-17 2.44085e-18 1
SPEC:   5419.00   5421.00 5.40950e-17 2.44308e-18 1
SPEC:   5421.00   5423.00 5.26715e-17 2.43208e-18 1
SPEC:   5423.00   5425.00 5.23442e-17 2.43206e-18 1
SPEC:   5425.00   5427.00 5.31142e-17 2.43766e-18 1
SPEC:   5427.00   5429.00 5.43966e-17 2.43397e-18 1
SPEC:   5429.00   5431.00 5.36629e-17 2.43427e-18 1
SPEC:   5431.00   5433.00 5.49774e-17 2.42386e-18 1
SPEC:   5433.00   5435.00 5.58459e-17 2.43043e-18 1
SPEC:   5435.00   5437.00 5.47531e-17 2.43172e-18 1
SPEC:   5437.00   5439.00 5.58478e-17 2.43333e-18 1
SPEC:   5439.00   5441.00 5.78618e-17 2.43136e-18 1
SPEC:   5441.00   5443.00 5.90967e-17 2.43057e-18 1
SPEC:   5443.00   5445.00 5.74894e-17 2.42618e-18 1
SPEC:   5445.00   5447.00 5.65045e-17 2.42258e-18 1
SPEC:   5447.00   5449.00 5.92636e-17 2.42046e-18 1
SPEC:   5449.00   5451.00 6.04001e-17 2.42418e-18 1
SPEC:   5451.00   5453.00 6.16989e-17 2.42083e-18 1
SPEC:   5453.00   5455.00 6.00745e-17 2.41226e-18 1
SPEC:   5455.00   5457.00 5.87977e-17 2.41452e-18 1
SPEC:   5457.00   5459.00 6.32123e-17 2.41162e-18 1
SPEC:   5459.00   5461.00 6.50472e-17 2.40950e-18 1
SPEC:   5461.00   5463.00 5.99024e-17 2.40753e-18 1
SPEC:   5463.00   5465.00 5.96344e-17 2.40140e-18 1
SPEC:   5465.00   5467.00 5.98382e-17 2.40062e-18 1
SPEC:   5467.00   5469.00 5.70696e-17 2.39338e-18 1
SPEC:   5469.00   5471.00 5.75845e-17 2.39018e-18 1
SPEC:   5471.00   5473.00 5.69103e-17 2.38096e-18 1
SPEC:   5473.00   5475.00 5.81014e-17 2.38219e-18 1
SPEC:   5475.00   5477.00 5.72795e-17 2.37958e-18 1
SPEC:   5477.00   5479.00 5.42779e-17 2.37788e-18 1
SPEC:   5479.00   5481.00 5.42505e-17 2.37249e-18 1
SPEC:   5481.00   5483.00 5.32127e-17 2.36798e-18 1
SPEC:   5483.00   5485.00 5.16244e-17 2.36110e-18 1
SPEC:   5485.00   5487.00 4.83729e-17 2.35025e-18 1
SPEC:   5487.00   5489.00 5.03765e-17 2.34936e-18 1
SPEC:   5489.00   5491.00 4.89902e-17 2.34568e-18 1
SPEC:   5491.00   5493.00 4.72229e-17 2.33824e-18 1
SPEC:   5493.00   5495.00 4.71077e-17 2.32868e-18 1
SPEC:   5495.00   5497.00 4.86999e-17 2.32225e-18 1
SPEC:   5497.00   5499.00 4.84758e-17 2.31707e-18 1
SPEC:   5499.00   5501.00 4.48198e-17 2.31335e-18 1
SPEC:   5501.00   5503.00 4.23109e-17 2.30774e-18 1
SPEC:   5503.00   5505.00 4.17258e-17 2.29648e-18 1
SPEC:   5505.00   5507.00 4.13471e-17 2.28873e-18 1
SPEC:   5507.00   5509.00 3.86377e-17 2.28074e-18 1
SPEC:   5509.00   5511.00 3.98767e-17 2.27143e-18 1
SPEC:   5511.00   5513.00 3.95834e-17 2.26193e-18 1
SPEC:   5513.00   5515.00 3.74742e-17 2.25340e-18 1
SPEC:   5515.00   5517.00 3.86280e-17 2.24426e-18 1
SPEC:   5517.00   5519.00 4.02734e-17 2.23352e-18 1
SPEC:   5519.00   5521.00 3.88424e-17 2.22365e-18 1
SPEC:   5521.00   5523.00 3.72636e-17 2.21639e-18 1
SPEC:   5523.00   5525.00 3.67846e-17 2.20586e-18 1
SPEC:   5525.00   5527.00 3.62824e-17 2.19229e-18 1
SPEC:   5527.00   5529.00 3.50423e-17 2.18098e-18 1
SPEC:   5529.00   5531.00 3.40170e-17 2.17284e-18 1
SPEC:   5531.00   5533.00 3.52796e-17 2.15639e-18 1
SPEC:   5533.00   5535.00 3.51842e-17 2.14982e-18 1
SPEC:   5535.00   5537.00 3.62502e-17 2.13920e-18 1
SPEC:   5537.00   5539.00 3.98691e-17 2.12917e-18 1
SPEC:   5539.00   5541.00 3.99353e-17 2.11912e-18 1
SPEC:   5541.00   5543.00 3.83765e-17 2.11314e-18 1
SPEC:   5543.00   5545.00 3.75259e-17 2.10473e-18 1
SPEC:   5545.00   5547.00 3.46500e-17 2.09254e-18 1
SPEC:   5547.00   5549.00 3.60028e-17 2.07561e-18 1
SPEC:   5549.00   5551.00 3.39327e-17 2.05726e-18 1
SPEC:   5551.00   5553.00 3.66024e-17 2.04582e-18 1
SPEC:   5553.00   5555.00 3.65701e-17 2.03091e-18 1
SPEC:   5555.00   5557.00 3.70456e-17 2.01813e-18 1
SPEC:   5557.00   5559.00 3.54472e-17 2.00608e-18 1
SPEC:   5559.00   5561.00 3.33711e-17 1.99643e-18 1
SPEC:   5561.00   5563.00 3.18739e-17 1.99306e-18 1
SPEC:   5563.00   5565.00 3.21967e-17 1.98148e-18 1
SPEC:   5565.00   5567.00 3.18442e-17 1.98080e-18 1
SPEC:   5567.00   5569.00 3.20113e-17 2.00049e-18 1
SPEC:   5569.00   5571.00 3.16735e-17 2.03944e-18 1
SPEC:   5571.00   5573.00 3.02189e-17 2.11806e-18 1
SPEC:   5573.00   5575.00 2.97589e-17 2.46786e-18 1
SPEC:   5575.00   5577.00 2.78415e-17 2.74814e-18 1
SPEC:   5577.00   5579.00 3.18818e-17 2.76177e-18 1
SPEC:   5579.00   5581.00 3.05614e-17 2.52979e-18 1
SPEC:   5581.00   5583.00 2.49831e-17 2.20175e-18 1
SPEC:   5583.00   5585.00 2.77592e-17 1.92497e-18 1
SPEC:   5585.00   5587.00 3.00371e-17 1.82599e-18 1
SPEC:   5587.00   5589.00 3.07596e-17 1.82084e-18 1
SPEC:   5589.00   5591.00 3.11731e-17 1.80572e-18 1
SPEC:   5591.00   5593.00 3.12871e-17 1.78639e-18 1
SPEC:   5593.00   5595.00 3.00759e-17 1.77220e-18 1
SPEC:   5595.00   5597.00 3.00880e-17 1.76065e-18 1
SPEC:   5597.00   5599.00 2.83927e-17 1.75113e-18 1
SPEC:   5599.00   5601.00 2.88425e-17 1.74054e-18 1
SPEC:   5601.00   5603.00 2.98479e-17 1.72938e-18 1
SPEC:   5603.00   5605.00 3.21063e-17 1.72622e-18 1
SPEC:   5605.00   5607.00 2.95491e-17 1.71726e-18 1
SPEC:   5607.00   5609.00 2.68943e-17 1.69693e-18 1
SPEC:   5609.00   5611.00 2.73059e-17 1.67857e-18 1
SPEC:   5611.00   5613.00 2.73803e-17 1.66912e-18 1
SPEC:   5613.00   5615.00 2.89836e-17 1.65807e-18 1
SPEC:   5615.00   5617.00 2.84744e-17 1.64912e-18 1
SPEC:   5617.00   5619.00 2.83459e-17 1.63773e-18 1
SPEC:   5619.00   5621.00 2.82854e-17 1.62936e-18 1
SPEC:   5621.00   5623.00 2.80620e-17 1.62285e-18 1
SPEC:   5623.00   5625.00 2.81330e-17 1.61577e-18 1
SPEC:   5625.00   5627.00 2.69266e-17 1.60255e-18 1
SPEC:   5627.00   5629.00 2.73132e-17 1.59050e-18 1
SPEC:   5629.00   5631.00 2.83475e-17 1.57881e-18 1
SPEC:   5631.00   5633.00 2.80643e-17 1.56855e-18 1
SPEC:   5633.00   5635.00 2.66511e-17 1.56417e-18 1
SPEC:   5635.00   5637.00 2.79297e-17 1.55404e-18 1
SPEC:   5637.00   5639.00 2.82195e-17 1.54741e-18 1
SPEC:   5639.00   5641.00 2.59023e-17 1.54290e-18 1
SPEC:   5641.00   5643.00 2.63435e-17 1.53746e-18 1
SPEC:   5643.00   5645.00 2.84796e-17 1.53712e-18 1
SPEC:   5645.00   5647.00 3.08016e-17 1.53024e-18 1
SPEC:   5647.00   5649.00 2.85481e-17 1.52232e-18 1
SPEC:   5649.00   5651.00 2.75694e-17 1.51260e-18 1
SPEC:   5651.00   5653.00 2.69536e-17 1.50466e-18 1
SPEC:   5653.00   5655.00 2.77659e-17 1.49955e-18 1
SPEC:   5655.00   5657.00 2.75714e-17 1.49584e-18 1
SPEC:   5657.00   5659.00 2.76610e-17 1.48843e-18 1
SPEC:   5659.00   5661.00 2.85105e-17 1.48552e-18 1
SPEC:   5661.00   5663.00 2.78815e-17 1.48552e-18 1
SPEC:   5663.00   5665.00 2.88869e-17 1.48228e-18 1
SPEC:   5665.00   5667.00 2.90795e-17 1.48095e-18 1
SPEC:   5667.00   5669.00 2.75594e-17 1.48150e-18 1
SPEC:   5669.00   5671.00 2.75132e-17 1.48015e-18 1
SPEC:   5671.00   5673.00 2.87277e-17 1.47694e-18 1
SPEC:   5673.00   5675.00 2.89981e-17 1.47353e-18 1
SPEC:   5675.00   5677.00 2.88126e-17 1.47683e-18 1
SPEC:   5677.00   5679.00 2.73423e-17 1.47557e-18 1
SPEC:   5679.00   5681.00 2.92386e-17 1.47419e-18 1
SPEC:   5681.00   5683.00 3.03522e-17 1.47288e-18 1
SPEC:   5683.00   5685.00 2.95600e-17 1.47318e-18 1
SPEC:   5685.00   5687.00 2.92389e-17 1.47286e-18 1
SPEC:   5687.00   5689.00 3.01197e-17 1.47698e-18 1
SPEC:   5689.00   5691.00 3.05616e-17 1.47761e-18 1
SPEC:   5691.00   5693.00 2.90525e-17 1.47992e-18 1
SPEC:   5693.00   5695.00 3.05209e-17 1.48408e-18 1
SPEC:   5695.00   5697.00 2.97280e-17 1.48464e-18 1
SPEC:   5697.00   5699.00 3.10961e-17 1.49034e-18 1
SPEC:   5699.00   5701.00 3.27918e-17 1.48775e-18 1
SPEC:   5701.00   5703.00 3.22078e-17 1.49288e-18 1
SPEC:   5703.00   5705.00 3.04570e-17 1.49289e-18 1
SPEC:   5705.00   5707.00 2.97384e-17 1.49521e-18 1
SPEC:   5707.00   5709.00 3.12296e-17 1.50220e-18 1
SPEC:   5709.00   5711.00 3.30048e-17 1.50341e-18 1
SPEC:   5711.00   5713.00 3.31843e-17 1.51007e-18 1
SPEC:   5713.00   5715.00 3.42023e-17 1.51647e-18 1
SPEC:   5715.00   5717.00 3.25245e-17 1.51907e-18 1
SPEC:   5717.00   5719.00 3.17043e-17 1.52874e-18 1
SPEC:   5719.00   5721.00 3.22012e-17 1.53221e-18 1
SPEC:   5721.00   5723.00 3.29084e-17 1.53566e-18 1
SPEC:   5723.00   5725.00 3.43758e-17 1.54313e-18 1
SPEC:   5725.00   5727.00 3.51420e-17 1.54833e-18 1
SPEC:   5727.00   5729.00 3.45373e-17 1.55375e-18 1
SPEC:   5729.00   5731.00 3.55914e-17 1.55861e-18 1
SPEC:   5731.00   5733.00 3.56573e-17 1.56640e-18 1
SPEC:   5733.00   5735.00 3.65130e-17 1.57658e-18 1
SPEC:   5735.00   5737.00 3.63451e-17 1.58039e-18 1
SPEC:   5737.00   5739.00 3.62964e-17 1.58769e-18 1
SPEC:   5739.00   5741.00 3.67173e-17 1.59480e-18 1
SPEC:   5741.00   5743.00 3.61122e-17 1.60242e-18 1
SPEC:   5743.00   5745.00 3.88408e-17 1.61207e-18 1
SPEC:   5745.00   5747.00 4.21385e-17 1.61911e-18 1
SPEC:   5747.00   5749.00 4.10977e-17 1.62813e-18 1
SPEC:   5749.00   5751.00 3.94640e-17 1.63637e-18 1
SPEC:   5751.00   5753.00 3.91640e-17 1.64371e-18 1
SPEC:   5753.00   5755.00 4.01616e-17 1.65148e-18 1
SPEC:   5755.00   5757.00 4.22005e-17 1.65951e-18 1
SPEC:   5757.00   5759.00 4.12211e-17 1.66947e-18 1
SPEC:   5759.00   5761.00 4.17468e-17 1.68092e-18 1
SPEC:   5761.00   5763.00 4.44860e-17 1.68635e-18 1
SPEC:   5763.00   5765.00 4.49644e-17 1.69568e-18 1
SPEC:   5765.00   5767.00 4.53424e-17 1.70718e-18 1
SPEC:   5767.00   5769.00 4.72089e-17 1.71487e-18 1
SPEC:   5769.00   5771.00 4.66877e-17 1.72424e-18 1
SPEC:   5771.00   5773.00 4.68565e-17 1.73205e-18 1
SPEC:   5773.00   5775.00 4.85773e-17 1.74463e-18 1
SPEC:   5775.00   5777.00 5.20454e-17 1.75211e-18 1
SPEC:   5777.00   5779.00 5.35768e-17 1.76128e-18 1
SPEC:   5779.00   5781.00 5.06141e-17 1.77230e-18 1
SPEC:   5781.00   5783.00 5.14978e-17 1.77719e-18 1
SPEC:   5783.00   5785.00 5.29208e-17 1.79077e-18 1
SPEC:   5785.00   5787.00 5.20954e-17 1.80113e-18 1
SPEC:   5787.00   5789.00 5.23823e-17 1.81212e-18 1
SPEC:   5789.00   5791.00 5.14832e-17 1.82282e-18 1
SPEC:   5791.00   5793.00 5.13648e-17 1.83548e-18 1
SPEC:   5793.00   5795.00 5.33578e-17 1.84565e-18 1
SPEC:   5795.00   5797.00 5.51889e-17 1.85188e-18 1
SPEC:   5797.00   5799.00 5.45444e-17 1.86409e-18 1
SPEC:   5799.00   5801.00 5.31969e-17 1.87477e-18 1
SPEC:   5801.00   5803.00 5.23310e-17 1.88445e-18 1
SPEC:   5803.00   5805.00 5.18000e-17 1.89692e-18 1
SPEC:   5805.00   5807.00 5.38347e-17 1.90923e-18 1
SPEC:   5807.00   5809.00 5.38427e-17 1.91721e-18 1
SPEC:   5809.00   5811.00 5.49791e-17 1.92468e-18 1
SPEC:   5811.00   5813.00 5.78376e-17 1.93842e-18 1
SPEC:   5813.00   5815.00 5.48832e-17 1.94691e-18 1
SPEC:   5815.00   5817.00 5.41272e-17 1.95771e-18 1
SPEC:   5817.00   5819.00 5.42872e-17 1.96782e-18 1
SPEC:   5819.00   5821.00 5.55743e-17 1.97704e-18 1
SPEC:   5821.00   5823.00 5.74102e-17 1.98867e-18 1
SPEC:   5823.00   5825.00 5.99578e-17 2.00047e-18 1
SPEC:   5825.00   5827.00 6.06594e-17 2.00963e-18 1
SPEC:   5827.00   5829.00 5.83838e-17 2.01901e-18 1
SPEC:   5829.00   5831.00 5.58965e-17 2.02440e-18 1
SPEC:   5831.00   5833.00 5.57353e-17 2.03714e-18 1
SPEC:   5833.00   5835.00 5.77808e-17 2.04550e-18 1
SPEC:   5835.00   5837.00 5.91735e-17 2.05485e-18 1
SPEC:   5837.00   5839.00 5.85162e-17 2.06494e-18 1
SPEC:   5839.00   5841.00 6.02732e-17 2.07367e-18 1
SPEC:   5841.00   5843.00 6.06620e-17 2.08303e-18 1
SPEC:   5843.00   5845.00 5.84203e-17 2.08804e-18 1
SPEC:   5845.00   5847.00 5.92346e-17 2.09826e-18 1
SPEC:   5847.00   5849.00 5.98131e-17 2.10541e-18 1
SPEC:   5849.00   5851.00 6.24719e-17 2.11257e-18 1
SPEC:   5851.00   5853.00 6.35584e-17 2.12189e-18 1
SPEC:   5853.00   5855.00 6.11680e-17 2.13023e-18 1
SPEC:   5855.00   5857.00 5.95072e-17 2.13420e-18 1
SPEC:   5857.00   5859.00 6.02930e-17 2.14428e-18 1
SPEC:   5859.00   5861.00 6.22248e-17 2.15467e-18 1
SPEC:   5861.00   5863.00 6.17463e-17 2.16926e-18 1
SPEC:   5863.00   5865.00 6.12601e-17 2.19378e-18 1
SPEC:   5865.00   5867.00 5.87817e-17 2.21654e-18 1
SPEC:   5867.00   5869.00 5.58318e-17 2.22295e-18 1
SPEC:   5869.00   5871.00 5.94075e-17 2.21929e-18 1
SPEC:   5871.00   5873.00 6.11030e-17 2.21570e-18 1
SPEC:   5873.00   5875.00 6.16540e-17 2.21232e-18 1
SPEC:   5875.00   5877.00 5.98451e-17 2.21425e-18 1
SPEC:   5877.00   5879.00 5.95916e-17 2.21987e-18 1
SPEC:   5879.00   5881.00 5.93590e-17 2.22555e-18 1
SPEC:   5881.00   5883.00 5.85184e-17 2.24041e-18 1
SPEC:   5883.00   5885.00 5.69083e-17 2.27191e-18 1
SPEC:   5885.00   5887.00 5.56204e-17 2.36280e-18 1
SPEC:   5887.00   5889.00 5.79016e-17 2.47646e-18 1
SPEC:   5889.00   5891.00 5.92664e-17 2.50381e-18 1
SPEC:   5891.00   5893.00 5.38203e-17 2.49576e-18 1
SPEC:   5893.00   5895.00 5.46863e-17 2.47846e-18 1
SPEC:   5895.00   5897.00 5.88313e-17 2.44364e-18 1
SPEC:   5897.00   5899.00 5.79028e-17 2.39625e-18 1
SPEC:   5899.00   5901.00 5.28835e-17 2.33876e-18 1
SPEC:   5901.00   5903.00 5.12354e-17 2.29375e-18 1
SPEC:   5903.00   5905.00 5.44605e-17 2.28293e-18 1
SPEC:   5905.00   5907.00 5.42256e-17 2.28327e-18 1
SPEC:   5907.00   5909.00 5.25826e-17 2.28499e-18 1
SPEC:   5909.00   5911.00 5.77185e-17 2.28528e-18 1
SPEC:   5911.00   5913.00 5.91683e-17 2.29694e-18 1
SPEC:   5913.00   5915.00 5.62741e-17 2.30758e-18 1
SPEC:   5915.00   5917.00 5.39041e-17 2.30954e-18 1
SPEC:   5917.00   5919.00 5.34779e-17 2.30028e-18 1
SPEC:   5919.00   5921.00 5.27576e-17 2.29439e-18 1
SPEC:   5921.00   5923.00 5.18952e-17 2.29327e-18 1
SPEC:   5923.00   5925.00 5.22769e-17 2.29643e-18 1
SPEC:   5925.00   5927.00 5.16439e-17 2.29389e-18 1
SPEC:   5927.00   5929.00 5.40489e-17 2.29338e-18 1
SPEC:   5929.00   5931.00 5.35586e-17 2.30677e-18 1
SPEC:   5931.00   5933.00 5.13284e-17 2.31633e-18 1
SPEC:   5933.00   5935.00 5.36384e-17 2.31333e-18 1
SPEC:   5935.00   5937.00 5.28763e-17 2.29934e-18 1
SPEC:   5937.00   5939.00 5.39249e-17 2.28437e-18 1
SPEC:   5939.00   5941.00 5.23349e-17 2.27710e-18 1
SPEC:   5941.00   5943.00 5.00581e-17 2.27698e-18 1
SPEC:   5943.00   5945.00 4.94795e-17 2.28115e-18 1
SPEC:   5945.00   5947.00 4.95600e-17 2.27998e-18 1
SPEC:   5947.00   5949.00 5.23722e-17 2.27746e-18 1
SPEC:   5949.00   5951.00 5.38883e-17 2.27999e-18 1
SPEC:   5951.00   5953.00 5.58032e-17 2.28440e-18 1
SPEC:   5953.00   5955.00 5.89539e-17 2.28389e-18 1
SPEC:   5955.00   5957.00 5.89479e-17 2.27053e-18 1
SPEC:   5957.00   5959.00 5.85064e-17 2.25452e-18 1
SPEC:   5959.00   5961.00 5.80059e-17 2.24383e-18 1
SPEC:   5961.00   5963.00 5.72150e-17 2.23792e-18 1
SPEC:   5963.00   5965.00 5.55351e-17 2.23550e-18 1
SPEC:   5965.00   5967.00 5.68353e-17 2.23008e-18 1
SPEC:   5967.00   5969.00 5.76603e-17 2.23130e-18 1
SPEC:   5969.00   5971.00 5.82861e-17 2.22784e-18 1
SPEC:   5971.00   5973.00 5.95011e-17 2.22266e-18 1
SPEC:   5973.00   5975.00 5.89088e-17 2.22300e-18 1
SPEC:   5975.00   5977.00 6.09793e-17 2.22130e-18 1
SPEC:   5977.00   5979.00 6.64169e-17 2.21531e-18 1
SPEC:   5979.00   5981.00 6.78660e-17 2.19941e-18 1
SPEC:   5981.00   5983.00 6.50190e-17 2.18830e-18 1
SPEC:   5983.00   5985.00 6.46077e-17 2.17701e-18 1
SPEC:   5985.00   5987.00 6.22325e-17 2.17025e-18 1
SPEC:   5987.00   5989.00 6.08533e-17 2.16293e-18 1
SPEC:   5989.00   5991.00 6.33070e-17 2.15751e-18 1
SPEC:   5991.00   5993.00 6.62532e-17 2.14887e-18 1
SPEC:   5993.00   5995.00 6.58828e-17 2.14191e-18 1
SPEC:   5995.00   5997.00 6.64647e-17 2.13917e-18 1
SPEC:   5997.00   5999.00 6.55245e-17 2.13271e-18 1
SPEC:   5999.00   6001.00 6.43421e-17 2.12675e-18 1
SPEC:   6001.00   6003.00 6.41555e-17 2.11874e-18 1
SPEC:   6003.00   6005.00 6.39401e-17 2.11277e-18 1
SPEC:   6005.00   6007.00 6.14078e-17 2.09988e-18 1
SPEC:   6007.00   6009.00 6.33702e-17 2.08925e-18 1
SPEC:   6009.00   6011.00 6.36140e-17 2.07779e-18 1
SPEC:   6011.00   6013.00 6.00268e-17 2.07026e-18 1
SPEC:   6013.00   6015.00 6.20320e-17 2.06058e-18 1
SPEC:   6015.00   6017.00 6.51059e-17 2.05139e-18 1
SPEC:   6017.00   6019.00 6.49282e-17 2.04240e-18 1
SPEC:   6019.00   6021.00 6.57171e-17 2.03533e-18 1
SPEC:   6021.00   6023.00 6.56819e-17 2.02749e-18 1
SPEC:   6023.00   6025.00 6.49250e-17 2.01942e-18 1
SPEC:   6025.00   6027.00 6.46991e-17 2.01604e-18 1
SPEC:   6027.00   6029.00 6.44340e-17 2.00862e-18 1
SPEC:   6029.00   6031.00 6.52889e-17 2.00049e-18 1
SPEC:   6031.00   6033.00 6.44129e-17 1.99459e-18 1
SPEC:   6033.00   6035.00 6.44628e-17 1.98714e-18 1
SPEC:   6035.00   6037.00 6.40715e-17 1.97831e-18 1
SPEC:   6037.00   6039.00 6.25668e-17 1.96574e-18 1
SPEC:   6039.00   6041.00 6.28122e-17 1.95598e-18 1
SPEC:   6041.00   6043.00 6.33255e-17 1.94755e-18 1
SPEC:   6043.00   6045.00 6.41600e-17 1.94202e-18 1
SPEC:   6045.00   6047.00 6.31806e-17 1.93473e-18 1
SPEC:   6047.00   6049.00 6.09305e-17 1.92666e-18 1
SPEC:   6049.00   6051.00 6.09752e-17 1.91901e-18 1
SPEC:   6051.00   6053.00 6.25503e-17 1.90973e-18 1
SPEC:   6053.00   6055.00 6.02276e-17 1.90381e-18 1
SPEC:   6055.00   6057.00 5.86755e-17 1.89717e-18 1
SPEC:   6057.00   6059.00 5.98130e-17 1.88903e-18 1
SPEC:   6059.00   6061.00 6.03712e-17 1.88194e-18 1
SPEC:   6061.00   6063.00 5.96883e-17 1.87508e-18 1
SPEC:   6063.00   6065.00 5.93191e-17 1.87054e-18 1
SPEC:   6065.00   6067.00 6.03136e-17 1.86698e-18 1
SPEC:   6067.00   6069.00 5.78137e-17 1.86012e-18 1
SPEC:   6069.00   6071.00 5.66321e-17 1.85261e-18 1
SPEC:   6071.00   6073.00 5.79567e-17 1.84323e-18 1
SPEC:   6073.00   6075.00 5.85991e-17 1.84087e-18 1
SPEC:   6075.00   6077.00 5.71129e-17 1.83129e-18 1
SPEC:   6077.00   6079.00 5.52384e-17 1.82687e-18 1
SPEC:   6079.00   6081.00 5.48144e-17 1.82086e-18 1
SPEC:   6081.00   6083.00 5.48564e-17 1.81690e-18 1
SPEC:   6083.00   6085.00 5.50973e-17 1.81391e-18 1
SPEC:   6085.00   6087.00 5.69711e-17 1.80837e-18 1
SPEC:   6087.00   6089.00 5.59027e-17 1.80404e-18 1
SPEC:   6089.00   6091.00 5.63133e-17 1.79984e-18 1
SPEC:   6091.00   6093.00 5.47463e-17 1.79699e-18 1
SPEC:   6093.00   6095.00 5.47799e-17 1.79174e-18 1
SPEC:   6095.00   6097.00 5.38828e-17 1.78981e-18 1
SPEC:   6097.00   6099.00 5.04069e-17 1.79056e-18 1
SPEC:   6099.00   6101.00 5.19767e-17 1.78531e-18 1
SPEC:   6101.00   6103.00 5.42454e-17 1.78467e-18 1
SPEC:   6103.00   6105.00 5.31453e-17 1.78151e-18 1
SPEC:   6105.00   6107.00 5.32058e-17 1.77973e-18 1
SPEC:   6107.00   6109.00 5.48127e-17 1.77690e-18 1
SPEC:   6109.00   6111.00 5.19591e-17 1.77135e-18 1
SPEC:   6111.00   6113.00 5.19411e-17 1.77183e-18 1
SPEC:   6113.00   6115.00 5.29282e-17 1.77018e-18 1
SPEC:   6115.00   6117.00 5.33369e-17 1.77018e-18 1
SPEC:   6117.00   6119.00 5.44942e-17 1.76857e-18 1
SPEC:   6119.00   6121.00 5.31134e-17 1.76719e-18 1
SPEC:   6121.00   6123.00 5.30225e-17 1.76247e-18 1
SPEC:   6123.00   6125.00 5.43830e-17 1.76363e-18 1
SPEC:   6125.00   6127.00 5.15781e-17 1.76470e-18 1
SPEC:   6127.00   6129.00 5.02366e-17 1.76531e-18 1
SPEC:   6129.00   6131.00 5.13033e-17 1.76572e-18 1
SPEC:   6131.00   6133.00 5.05193e-17 1.76680e-18 1
SPEC:   6133.00   6135.00 4.86772e-17 1.76948e-18 1
SPEC:   6135.00   6137.00 5.26273e-17 1.77468e-18 1
SPEC:   6137.00   6139.00 5.20355e-17 1.77856e-18 1
SPEC:   6139.00   6141.00 5.02691e-17 1.78188e-18 1
SPEC:   6141.00   6143.00 4.93623e-17 1.78677e-18 1
SPEC:   6143.00   6145.00 4.66331e-17 1.78871e-18 1
SPEC:   6145.00   6147.00 4.80891e-17 1.78810e-18 1
SPEC:   6147.00   6149.00 4.70713e-17 1.78594e-18 1
SPEC:   6149.00   6151.00 4.66890e-17 1.78247e-18 1
SPEC:   6151.00   6153.00 4.70398e-17 1.78501e-18 1
SPEC:   6153.00   6155.00 4.68543e-17 1.78808e-18 1
SPEC:   6155.00   6157.00 4.75547e-17 1.78920e-18 1
SPEC:   6157.00   6159.00 4.88419e-17 1.79032e-18 1
SPEC:   6159.00   6161.00 5.05810e-17 1.79130e-18 1
SPEC:   6161.00   6163.00 4.71345e-17 1.79467e-18 1
SPEC:   6163.00   6165.00 4.71019e-17 1.79846e-18 1
SPEC:   6165.00   6167.00 4.71215e-17 1.80595e-18 1
SPEC:   6167.00   6169.00 4.55816e-17 1.82052e-18 1
SPEC:   6169.00   6171.00 4.43647e-17 1.82951e-18 1
SPEC:   6171.00   6173.00 4.46918e-17 1.83332e-18 1
SPEC:   6173.00   6175.00 4.31497e-17 1.83190e-18 1
SPEC:   6175.00   6177.00 4.06121e-17 1.83621e-18 1
SPEC:   6177.00   6179.00 4.01880e-17 1.83425e-18 1
SPEC:   6179.00   6181.00 4.12113e-17 1.83660e-18 1
SPEC:   6181.00   6183.00 4.05070e-17 1.84389e-18 1
SPEC:   6183.00   6185.00 4.30044e-17 1.84665e-18 1
SPEC:   6185.00   6187.00 4.32258e-17 1.84959e-18 1
SPEC:   6187.00   6189.00 4.07715e-17 1.85563e-18 1
SPEC:   6189.00   6191.00 3.91134e-17 1.86170e-18 1
SPEC:   6191.00   6193.00 4.25620e-17 1.86665e-18 1
SPEC:   6193.00   6195.00 4.15213e-17 1.87409e-18 1
SPEC:   6195.00   6197.00 4.10341e-17 1.87511e-18 1
SPEC:   6197.00   6199.00 3.98077e-17 1.88202e-18 1
SPEC:   6199.00   6201.00 3.96461e-17 1.89288e-18 1
SPEC:   6201.00   6203.00 3.62514e-17 1.89747e-18 1
SPEC:   6203.00   6205.00 3.80906e-17 1.90275e-18 1
SPEC:   6205.00   6207.00 3.78351e-17 1.90520e-18 1
SPEC:   6207.00   6209.00 3.86170e-17 1.90702e-18 1
SPEC:   6209.00   6211.00 3.73596e-17 1.91290e-18 1
SPEC:   6211.00   6213.00 3.54918e-17 1.91974e-18 1
SPEC:   6213.00   6215.00 3.77158e-17 1.92640e-18 1
SPEC:   6215.00   6217.00 3.82476e-17 1.93400e-18 1
SPEC:   6217.00   6219.00 3.54800e-17 1.94083e-18 1
SPEC:   6219.00   6221.00 3.46775e-17 1.94924e-18 1
SPEC:   6221.00   6223.00 3.58818e-17 1.95401e-18 1
SPEC:   6223.00   6225.00 3.86555e-17 1.95859e-18 1
SPEC:   6225.00   6227.00 3.83552e-17 1.95990e-18 1
SPEC:   6227.00   6229.00 3.66719e-17 1.96586e-18 1
SPEC:   6229.00   6231.00 3.49719e-17 1.97931e-18 1
SPEC:   6231.00   6233.00 3.41491e-17 2.00615e-18 1
SPEC:   6233.00   6235.00 3.25437e-17 2.03071e-18 1
SPEC:   6235.00   6237.00 3.23691e-17 2.04180e-18 1
SPEC:   6237.00   6239.00 3.25204e-17 2.04403e-18 1
SPEC:   6239.00   6241.00 3.54769e-17 2.03724e-18 1
SPEC:   6241.00   6243.00 3.44982e-17 2.02617e-18 1
SPEC:   6243.00   6245.00 3.27619e-17 2.02367e-18 1
SPEC:   6245.00   6247.00 3.09471e-17 2.02249e-18 1
SPEC:   6247.00   6249.00 2.80749e-17 2.02302e-18 1
SPEC:   6249.00   6251.00 2.95441e-17 2.02657e-18 1
SPEC:   6251.00   6253.00 2.91737e-17 2.03427e-18 1
SPEC:   6253.00   6255.00 2.98028e-17 2.05590e-18 1
SPEC:   6255.00   6257.00 2.75189e-17 2.07853e-18 1
SPEC:   6257.00   6259.00 2.89153e-17 2.08705e-18 1
SPEC:   6259.00   6261.00 2.87940e-17 2.09124e-18 1
SPEC:   6261.00   6263.00 2.70953e-17 2.08841e-18 1
SPEC:   6263.00   6265.00 2.94373e-17 2.08052e-18 1
SPEC:   6265.00   6267.00 2.95121e-17 2.08031e-18 1
SPEC:   6267.00   6269.00 2.81189e-17 2.08199e-18 1
SPEC:   6269.00   6271.00 2.83839e-17 2.08069e-18 1
SPEC:   6271.00   6273.00 2.82996e-17 2.08337e-18 1
SPEC:   6273.00   6275.00 2.99091e-17 2.08607e-18 1
SPEC:   6275.00   6277.00 2.84632e-17 2.09089e-18 1
SPEC:   6277.00   6279.00 2.72917e-17 2.09503e-18 1
SPEC:   6279.00   6281.00 2.83461e-17 2.09834e-18 1
SPEC:   6281.00   6283.00 3.12466e-17 2.10352e-18 1
SPEC:   6283.00   6285.00 2.89900e-17 2.12060e-18 1
SPEC:   6285.00   6287.00 2.64378e-17 2.13507e-18 1
SPEC:   6287.00   6289.00 2.68032e-17 2.14036e-18 1
SPEC:   6289.00   6291.00 2.60359e-17 2.14012e-18 1
SPEC:   6291.00   6293.00 2.71854e-17 2.14227e-18 1
SPEC:   6293.00   6295.00 3.00571e-17 2.19178e-18 1
SPEC:   6295.00   6297.00 3.24533e-17 2.32104e-18 1
SPEC:   6297.00   6299.00 3.16499e-17 2.45317e-18 1
SPEC:   6299.00   6301.00 3.02373e-17 2.48020e-18 1
SPEC:   6301.00   6303.00 2.90410e-17 2.46330e-18 1
SPEC:   6303.00   6305.00 2.33046e-17 2.39134e-18 1
SPEC:   6305.00   6307.00 1.91492e-17 2.25122e-18 1
SPEC:   6307.00   6309.00 1.87779e-17 2.17201e-18 1
SPEC:   6309.00   6311.00 2.68747e-17 2.16840e-18 1
SPEC:   6311.00   6313.00 2.47582e-17 2.15114e-18 1
SPEC:   6313.00   6315.00 2.30504e-17 2.14048e-18 1
SPEC:   6315.00   6317.00 2.37826e-17 2.14354e-18 1
SPEC:   6317.00   6319.00 2.58472e-17 2.15228e-18 1
SPEC:   6319.00   6321.00 2.51496e-17 2.15982e-18 1
SPEC:   6321.00   6323.00 2.38371e-17 2.16521e-18 1
SPEC:   6323.00   6325.00 2.52602e-17 2.16807e-18 1
SPEC:   6325.00   6327.00 2.53478e-17 2.17684e-18 1
SPEC:   6327.00   6329.00 2.41148e-17 2.18801e-18 1
SPEC:   6329.00   6331.00 2.54887e-17 2.18948e-18 1
SPEC:   6331.00   6333.00 2.64108e-17 2.18583e-18 1
SPEC:   6333.00   6335.00 2.71064e-17 2.17457e-18 1
SPEC:   6335.00   6337.00 2.80839e-17 2.16173e-18 1
SPEC:   6337.00   6339.00 3.01399e-17 2.15852e-18 1
SPEC:   6339.00   6341.00 2.90712e-17 2.15972e-18 1
SPEC:   6341.00   6343.00 2.93222e-17 2.16181e-18 1
SPEC:   6343.00   6345.00 3.01036e-17 2.16531e-18 1
SPEC:   6345.00   6347.00 3.21807e-17 2.17286e-18 1
SPEC:   6347.00   6349.00 3.19643e-17 2.17636e-18 1
SPEC:   6349.00   6351.00 3.06365e-17 2.17716e-18 1
SPEC:   6351.00   6353.00 2.98777e-17 2.18408e-18 1
SPEC:   6353.00   6355.00 3.03930e-17 2.18908e-18 1
SPEC:   6355.00   6357.00 3.25608e-17 2.19422e-18 1
SPEC:   6357.00   6359.00 3.35401e-17 2.22005e-18 1
SPEC:   6359.00   6361.00 3.49012e-17 2.27819e-18 1
SPEC:   6361.00   6363.00 3.68810e-17 2.32323e-18 1
SPEC:   6363.00   6365.00 3.63018e-17 2.32912e-18 1
SPEC:   6365.00   6367.00 3.19275e-17 2.31202e-18 1
SPEC:   6367.00   6369.00 3.42032e-17 2.25482e-18 1
SPEC:   6369.00   6371.00 3.78694e-17 2.18613e-18 1
SPEC:   6371.00   6373.00 3.71654e-17 2.16610e-18 1
SPEC:   6373.00   6375.00 3.84653e-17 2.16758e-18 1
SPEC:   6375.00   6377.00 3.83020e-17 2.17319e-18 1
SPEC:   6377.00   6379.00 3.86409e-17 2.17600e-18 1
SPEC:   6379.00   6381.00 4.08499e-17 2.17651e-18 1
SPEC:   6381.00   6383.00 4.12719e-17 2.18034e-18 1
SPEC:   6383.00   6385.00 3.96069e-17 2.18450e-18 1
SPEC:   6385.00   6387.00 4.18899e-17 2.18394e-18 1
SPEC:   6387.00   6389.00 4.46668e-17 2.18181e-18 1
SPEC:   6389.00   6391.00 4.35857e-17 2.17943e-18 1
SPEC:   6391.00   6393.00 4.17346e-17 2.17293e-18 1
SPEC:   6393.00   6395.00 4.06264e-17 2.16912e-18 1
SPEC:   6395.00   6397.00 4.06238e-17 2.16848e-18 1
SPEC:   6397.00   6399.00 4.15435e-17 2.16805e-18 1
SPEC:   6399.00   6401.00 4.27207e-17 2.16710e-18 1
SPEC:   6401.00   6403.00 4.41683e-17 2.16861e-18 1
SPEC:   6403.00   6405.00 4.53202e-17 2.17007e-18 1
SPEC:   6405.00   6407.00 4.46036e-17 2.16990e-18 1
SPEC:   6407.00   6409.00 4.46610e-17 2.16861e-18 1
SPEC:   6409.00   6411.00 4.58725e-17 2.17157e-18 1
SPEC:   6411.00   6413.00 4.61502e-17 2.17379e-18 1
SPEC:   6413.00   6415.00 4.58486e-17 2.17350e-18 1
SPEC:   6415.00   6417.00 4.58431e-17 2.17664e-18 1
SPEC:   6417.00   6419.00 4.54878e-17 2.17784e-18 1
SPEC:   6419.00   6421.00 4.58038e-17 2.17500e-18 1
SPEC:   6421.00   6423.00 4.73856e-17 2.17591e-18 1
SPEC:   6423.00   6425.00 4.87584e-17 2.17412e-18 1
SPEC:   6425.00   6427.00 4.90407e-17 2.17177e-18 1
SPEC:   6427.00   6429.00 4.86684e-17 2.17100e-18 1
SPEC:   6429.00   6431.00 5.12918e-17 2.16962e-18 1
SPEC:   6431.00   6433.00 5.27319e-17 2.17123e-18 1
SPEC:   6433.00   6435.00 5.21212e-17 2.17022e-18 1
SPEC:   6435.00   6437.00 5.15574e-17 2.17147e-18 1
SPEC:   6437.00   6439.00 5.19743e-17 2.17194e-18 1
SPEC:   6439.00   6441.00 5.55477e-17 2.17102e-18 1
SPEC:   6441.00   6443.00 5.73515e-17 2.17114e-18 1
SPEC:   6443.00   6445.00 5.57407e-17 2.17075e-18 1
SPEC:   6445.00   6447.00 5.56945e-17 2.17069e-18 1
SPEC:   6447.00   6449.00 5.69251e-17 2.17359e-18 1
SPEC:   6449.00   6451.00 5.53655e-17 2.17415e-18 1
SPEC:   6451.00   6453.00 5.65342e-17 2.17513e-18 1
SPEC:   6453.00   6455.00 5.74096e-17 2.17620e-18 1
SPEC:   6455.00   6457.00 5.59818e-17 2.17605e-18 1
SPEC:   6457.00   6459.00 5.72266e-17 2.17697e-18 1
SPEC:   6459.00   6461.00 5.53175e-17 2.18493e-18 1
SPEC:   6461.00   6463.00 5.29887e-17 2.19535e-18 1
SPEC:   6463.00   6465.00 5.41256e-17 2.20162e-18 1
SPEC:   6465.00   6467.00 5.59603e-17 2.20633e-18 1
SPEC:   6467.00   6469.00 5.87489e-17 2.20970e-18 1
SPEC:   6469.00   6471.00 6.05540e-17 2.20266e-18 1
SPEC:   6471.00   6473.00 5.99949e-17 2.19356e-18 1
SPEC:   6473.00   6475.00 6.19502e-17 2.18883e-18 1
SPEC:   6475.00   6477.00 6.06827e-17 2.18117e-18 1
SPEC:   6477.00   6479.00 5.81768e-17 2.17467e-18 1
SPEC:   6479.00   6481.00 5.71572e-17 2.17352e-18 1
SPEC:   6481.00   6483.00 5.87273e-17 2.16883e-18 1
SPEC:   6483.00   6485.00 5.98622e-17 2.16499e-18 1
SPEC:   6485.00   6487.00 5.86664e-17 2.16296e-18 1
SPEC:   6487.00   6489.00 5.80985e-17 2.16446e-18 1
SPEC:   6489.00   6491.00 5.72893e-17 2.16380e-18 1
SPEC:   6491.00   6493.00 5.49937e-17 2.16349e-18 1
SPEC:   6493.00   6495.00 5.50070e-17 2.17779e-18 1
SPEC:   6495.00   6497.00 5.29150e-17 2.19795e-18 1
SPEC:   6497.00   6499.00 5.12039e-17 2.20572e-18 1
SPEC:   6499.00   6501.00 5.20252e-17 2.20668e-18 1
SPEC:   6501.00   6503.00 5.21283e-17 2.19936e-18 1
SPEC:   6503.00   6505.00 5.18918e-17 2.18430e-18 1
SPEC:   6505.00   6507.00 5.36097e-17 2.17207e-18 1
SPEC:   6507.00   6509.00 5.38393e-17 2.16506e-18 1
SPEC:   6509.00   6511.00 5.38331e-17 2.15858e-18 1
SPEC:   6511.00   6513.00 5.42866e-17 2.15337e-18 1
SPEC:   6513.00   6515.00 5.23108e-17 2.15334e-18 1
SPEC:   6515.00   6517.00 5.17234e-17 2.15270e-18 1
SPEC:   6517.00   6519.00 5.00923e-17 2.15462e-18 1
SPEC:   6519.00   6521.00 5.03764e-17 2.15468e-18 1
SPEC:   6521.00   6523.00 5.19824e-17 2.15573e-18 1
SPEC:   6523.00   6525.00 5.04764e-17 2.15485e-18 1
SPEC:   6525.00   6527.00 4.88724e-17 2.15062e-18 1
SPEC:   6527.00   6529.00 4.63278e-17 2.15198e-18 1
SPEC:   6529.00   6531.00 4.76697e-17 2.16444e-18 1
SPEC:   6531.00   6533.00 4.99036e-17 2.17322e-18 1
SPEC:   6533.00   6535.00 4.73188e-17 2.17023e-18 1
SPEC:   6535.00   6537.00 4.52128e-17 2.16170e-18 1
SPEC:   6537.00   6539.00 4.70730e-17 2.14673e-18 1
SPEC:   6539.00   6541.00 4.84231e-17 2.14153e-18 1
SPEC:   6541.00   6543.00 4.69308e-17 2.14492e-18 1
SPEC:   6543.00   6545.00 4.52778e-17 2.14370e-18 1
SPEC:   6545.00   6547.00 4.27516e-17 2.14041e-18 1
SPEC:   6547.00   6549.00 4.10068e-17 2.13802e-18 1
SPEC:   6549.00   6551.00 4.14630e-17 2.14714e-18 1
SPEC:   6551.00   6553.00 4.31757e-17 2.15558e-18 1
SPEC:   6553.00   6555.00 4.51104e-17 2.15519e-18 1
SPEC:   6555.00   6557.00 4.58931e-17 2.14731e-18 1
SPEC:   6557.00   6559.00 4.28057e-17 2.13098e-18 1
SPEC:   6559.00   6561.00 4.10959e-17 2.12167e-18 1
SPEC:   6561.00   6563.00 4.05007e-17 2.11572e-18 1
SPEC:   6563.00   6565.00 3.82272e-17 2.11563e-18 1
SPEC:   6565.00   6567.00 3.67077e-17 2.11640e-18 1
SPEC:   6567.00   6569.00 3.73624e-17 2.11259e-18 1
SPEC:   6569.00   6571.00 3.71248e-17 2.10820e-18 1
SPEC:   6571.00   6573.00 3.59139e-17 2.11106e-18 1
SPEC:   6573.00   6575.00 3.58504e-17 2.11797e-18 1
SPEC:   6575.00   6577.00 3.56105e-17 2.11955e-18 1
SPEC:   6577.00   6579.00 3.66305e-17 2.12088e-18 1
SPEC:   6579.00   6581.00 3.78991e-17 2.11463e-18 1
SPEC:   6581.00   6583.00 3.67636e-17 2.09828e-18 1
SPEC:   6583.00   6585.00 3.50574e-17 2.08089e-18 1
SPEC:   6585.00   6587.00 3.42280e-17 2.07595e-18 1
SPEC:   6587.00   6589.00 3.48854e-17 2.07409e-18 1
SPEC:   6589.00   6591.00 3.32279e-17 2.07041e-18 1
SPEC:   6591.00   6593.00 3.25688e-17 2.07150e-18 1
SPEC:   6593.00   6595.00 3.28964e-17 2.07308e-18 1
SPEC:   6595.00   6597.00 3.12268e-17 2.07019e-18 1
SPEC:   6597.00   6599.00 3.09122e-17 2.06837e-18 1
SPEC:   6599.00   6601.00 3.01119e-17 2.07092e-18 1
SPEC:   6601.00   6603.00 2.94666e-17 2.07226e-18 1
SPEC:   6603.00   6605.00 3.27308e-17 2.06879e-18 1
SPEC:   6605.00   6607.00 3.46217e-17 2.06531e-18 1
SPEC:   6607.00   6609.00 3.45825e-17 2.05639e-18 1
SPEC:   6609.00   6611.00 3.54250e-17 2.04658e-18 1
SPEC:   6611.00   6613.00 3.61020e-17 2.04110e-18 1
SPEC:   6613.00   6615.00 3.37720e-17 2.04071e-18 1
SPEC:   6615.00   6617.00 3.10597e-17 2.03692e-18 1
SPEC:   6617.00   6619.00 3.21810e-17 2.03519e-18 1
SPEC:   6619.00   6621.00 3.38625e-17 2.03349e-18 1
SPEC:   6621.00   6623.00 3.43925e-17 2.03121e-18 1
SPEC:   6623.00   6625.00 3.59982e-17 2.02912e-18 1
SPEC:   6625.00   6627.00 3.86019e-17 2.02791e-18 1
SPEC:   6627.00   6629.00 3.67404e-17 2.02798e-18 1
SPEC:   6629.00   6631.00 3.56831e-17 2.03094e-18 1
SPEC:   6631.00   6633.00 3.61033e-17 2.02662e-18 1
SPEC:   6633.00   6635.00 3.64532e-17 2.02242e-18 1
SPEC:   6635.00   6637.00 3.58696e-17 2.02068e-18 1
SPEC:   6637.00   6639.00 3.66184e-17 2.01719e-18 1
SPEC:   6639.00   6641.00 3.55775e-17 2.01248e-18 1
SPEC:   6641.00   6643.00 3.53928e-17 2.00805e-18 1
SPEC:   6643.00   6645.00 3.56310e-17 2.00400e-18 1
SPEC:   6645.00   6647.00 3.59067e-17 2.00151e-18 1
SPEC:   6647.00   6649.00 3.50051e-17 1.99985e-18 1
SPEC:   6649.00   6651.00 3.50993e-17 1.99952e-18 1
SPEC:   6651.00   6653.00 3.48492e-17 1.99756e-18 1
SPEC:   6653.00   6655.00 3.40633e-17 1.99447e-18 1
SPEC:   6655.00   6657.00 3.68804e-17 1.99381e-18 1
SPEC:   6657.00   6659.00 3.58874e-17 1.99488e-18 1
SPEC:   6659.00   6661.00 3.60341e-17 1.99303e-18 1
SPEC:   6661.00   6663.00 3.60499e-17 1.99051e-18 1
SPEC:   6663.00   6665.00 3.68819e-17 1.99203e-18 1
SPEC:   6665.00   6667.00 3.52490e-17 1.99049e-18 1
SPEC:   6667.00   6669.00 3.40579e-17 1.98625e-18 1
SPEC:   6669.00   6671.00 3.60985e-17 1.98472e-18 1
SPEC:   6671.00   6673.00 3.41483e-17 1.98143e-18 1
SPEC:   6673.00   6675.00 3.28022e-17 1.97792e-18 1
SPEC:   6675.00   6677.00 3.20554e-17 1.97576e-18 1
SPEC:   6677.00   6679.00 3.19245e-17 1.97444e-18 1
SPEC:   6679.00   6681.00 3.28253e-17 1.97379e-18 1
SPEC:   6681.00   6683.00 3.27153e-17 1.97251e-18 1
SPEC:   6683.00   6685.00 3.22235e-17 1.97362e-18 1
SPEC:   6685.00   6687.00 3.10455e-17 1.97209e-18 1
SPEC:   6687.00   6689.00 3.32718e-17 1.97212e-18 1
SPEC:   6689.00   6691.00 3.21152e-17 1.96842e-18 1
SPEC:   6691.00   6693.00 3.13454e-17 1.96925e-18 1
SPEC:   6693.00   6695.00 3.18114e-17 1.96969e-18 1
SPEC:   6695.00   6697.00 3.20239e-17 1.96882e-18 1
SPEC:   6697.00   6699.00 3.08397e-17 1.96825e-18 1
SPEC:   6699.00   6701.00 3.28368e-17 1.96777e-18 1
SPEC:   6701.00   6703.00 3.31596e-17 1.96806e-18 1
SPEC:   6703.00   6705.00 3.35772e-17 1.96514e-18 1
SPEC:   6705.00   6707.00 3.47933e-17 1.96346e-18 1
SPEC:   6707.00   6709.00 3.37637e-17 1.96371e-18 1
SPEC:   6709.00   6711.00 3.34926e-17 1.96185e-18 1
SPEC:   6711.00   6713.00 3.45189e-17 1.96169e-18 1
SPEC:   6713.00   6715.00 3.53008e-17 1.96137e-18 1
SPEC:   6715.00   6717.00 3.68139e-17 1.95732e-18 1
SPEC:   6717.00   6719.00 3.57805e-17 1.95708e-18 1
SPEC:   6719.00   6721.00 3.29026e-17 1.95426e-18 1
SPEC:   6721.00   6723.00 3.31006e-17 1.95237e-18 1
SPEC:   6723.00   6725.00 3.43010e-17 1.95227e-18 1
SPEC:   6725.00   6727.00 3.51209e-17 1.95178e-18 1
SPEC:   6727.00   6729.00 3.70241e-17 1.94969e-18 1
SPEC:   6729.00   6731.00 3.91076e-17 1.94937e-18 1
SPEC:   6731.00   6733.00 3.88197e-17 1.94772e-18 1
SPEC:   6733.00   6735.00 3.52599e-17 1.94576e-18 1
SPEC:   6735.00   6737.00 3.47823e-17 1.94385e-18 1
SPEC:   6737.00   6739.00 3.41133e-17 1.94318e-18 1
SPEC:   6739.00   6741.00 3.56348e-17 1.94284e-18 1
SPEC:   6741.00   6743.00 3.59515e-17 1.94391e-18 1
SPEC:   6743.00   6745.00 3.69096e-17 1.94117e-18 1
SPEC:   6745.00   6747.00 3.59080e-17 1.94170e-18 1
SPEC:   6747.00   6749.00 3.20106e-17 1.93782e-18 1
SPEC:   6749.00   6751.00 3.22082e-17 1.93602e-18 1
SPEC:   6751.00   6753.00 3.32512e-17 1.93364e-18 1
SPEC:   6753.00   6755.00 3.45923e-17 1.93005e-18 1
SPEC:   6755.00   6757.00 3.36707e-17 1.93117e-18 1
SPEC:   6757.00   6759.00 3.19380e-17 1.92958e-18 1
SPEC:   6759.00   6761.00 2.96901e-17 1.92869e-18 1
SPEC:   6761.00   6763.00 3.05858e-17 1.92637e-18 1
SPEC:   6763.00   6765.00 3.17982e-17 1.92350e-18 1
SPEC:   6765.00   6767.00 2.97452e-17 1.92425e-18 1
SPEC:   6767.00   6769.00 2.90017e-17 1.92045e-18 1
SPEC:   6769.00   6771.00 2.76508e-17 1.91792e-18 1
SPEC:   6771.00   6773.00 2.60219e-17 1.91745e-18 1
SPEC:   6773.00   6775.00 2.80655e-17 1.91694e-18 1
SPEC:   6775.00   6777.00 2.81682e-17 1.91487e-18 1
SPEC:   6777.00   6779.00 2.63005e-17 1.91213e-18 1
SPEC:   6779.00   6781.00 2.55244e-17 1.90831e-18 1
SPEC:   6781.00   6783.00 2.48177e-17 1.90713e-18 1
SPEC:   6783.00   6785.00 2.48161e-17 1.90613e-18 1
SPEC:   6785.00   6787.00 2.54924e-17 1.90513e-18 1
SPEC:   6787.00   6789.00 2.65868e-17 1.90321e-18 1
SPEC:   6789.00   6791.00 2.63512e-17 1.90083e-18 1
SPEC:   6791.00   6793.00 2.46425e-17 1.89572e-18 1
SPEC:   6793.00   6795.00 2.15754e-17 1.89240e-18 1
SPEC:   6795.00   6797.00 2.18667e-17 1.89040e-18 1
SPEC:   6797.00   6799.00 2.29260e-17 1.88746e-18 1
SPEC:   6799.00   6801.00 2.39815e-17 1.88646e-18 1
SPEC:   6801.00   6803.00 2.29654e-17 1.88536e-18 1
SPEC:   6803.00   6805.00 2.13384e-17 1.88190e-18 1
SPEC:   6805.00   6807.00 2.18813e-17 1.87891e-18 1
SPEC:   6807.00   6809.00 2.30877e-17 1.87661e-18 1
SPEC:   6809.00   6811.00 2.32846e-17 1.87238e-18 1
SPEC:   6811.00   6813.00 2.42724e-17 1.86947e-18 1
SPEC:   6813.00   6815.00 2.59413e-17 1.86840e-18 1
SPEC:   6815.00   6817.00 2.30768e-17 1.86307e-18 1
SPEC:   6817.00   6819.00 1.99132e-17 1.86102e-18 1
SPEC:   6819.00   6821.00 2.25088e-17 1.85895e-18 1
SPEC:   6821.00   6823.00 2.41451e-17 1.86045e-18 1
SPEC:   6823.00   6825.00 2.35628e-17 1.88006e-18 1
SPEC:   6825.00   6827.00 2.35742e-17 1.90534e-18 1
SPEC:   6827.00   6829.00 2.21272e-17 1.92060e-18 1
SPEC:   6829.00   6831.00 2.18996e-17 1.93520e-18 1
SPEC:   6831.00   6833.00 2.85816e-17 1.93471e-18 1
SPEC:   6833.00   6835.00 2.85613e-17 1.91258e-18 1
SPEC:   6835.00   6837.00 2.60212e-17 1.89429e-18 1
SPEC:   6837.00   6839.00 2.34393e-17 1.87561e-18 1
SPEC:   6839.00   6841.00 2.63679e-17 1.85263e-18 1
SPEC:   6841.00   6843.00 2.87917e-17 1.84162e-18 1
SPEC:   6843.00   6845.00 2.54055e-17 1.83630e-18 1
SPEC:   6845.00   6847.00 2.81996e-17 1.82437e-18 1
SPEC:   6847.00   6849.00 2.69609e-17 1.81784e-18 1
SPEC:   6849.00   6851.00 2.56164e-17 1.81469e-18 1
SPEC:   6851.00   6853.00 2.45220e-17 1.80943e-18 1
SPEC:   6853.00   6855.00 2.59954e-17 1.80273e-18 1
SPEC:   6855.00   6857.00 2.72442e-17 1.80000e-18 1
SPEC:   6857.00   6859.00 2.64934e-17 1.81481e-18 1
SPEC:   6859.00   6861.00 2.82021e-17 1.85258e-18 1
SPEC:   6861.00   6863.00 2.73164e-17 1.87954e-18 1
SPEC:   6863.00   6865.00 2.80813e-17 1.88128e-18 1
SPEC:   6865.00   6867.00 2.91987e-17 1.86897e-18 1
SPEC:   6867.00   6869.00 2.67211e-17 1.83313e-18 1
SPEC:   6869.00   6871.00 2.68301e-17 1.79458e-18 1
SPEC:   6871.00   6873.00 2.83645e-17 1.77845e-18 1
SPEC:   6873.00   6875.00 2.92287e-17 1.77243e-18 1
SPEC:   6875.00   6877.00 2.98638e-17 1.76676e-18 1
SPEC:   6877.00   6879.00 2.79851e-17 1.76873e-18 1
SPEC:   6879.00   6881.00 2.80663e-17 1.77000e-18 1
SPEC:   6881.00   6883.00 2.82499e-17 1.76871e-18 1
SPEC:   6883.00   6885.00 3.00780e-17 1.76797e-18 1
SPEC:   6885.00   6887.00 3.50477e-17 1.76853e-18 1
SPEC:   6887.00   6889.00 2.96922e-17 1.76830e-18 1
SPEC:   6889.00   6891.00 2.72597e-17 1.76410e-18 1
SPEC:   6891.00   6893.00 3.04074e-17 1.75546e-18 1
SPEC:   6893.00   6895.00 3.02557e-17 1.74218e-18 1
SPEC:   6895.00   6897.00 3.08008e-17 1.74061e-18 1
SPEC:   6897.00   6899.00 3.29509e-17 1.75043e-18 1
SPEC:   6899.00   6901.00 3.13870e-17 1.75229e-18 1
SPEC:   6901.00   6903.00 3.31349e-17 1.74785e-18 1
SPEC:   6903.00   6905.00 3.05454e-17 1.73624e-18 1
SPEC:   6905.00   6907.00 2.95022e-17 1.72110e-18 1
SPEC:   6907.00   6909.00 3.02249e-17 1.72450e-18 1
SPEC:   6909.00   6911.00 3.19128e-17 1.73552e-18 1
SPEC:   6911.00   6913.00 3.24728e-17 1.73775e-18 1
SPEC:   6913.00   6915.00 2.96766e-17 1.73424e-18 1
SPEC:   6915.00   6917.00 2.90729e-17 1.71964e-18 1
SPEC:   6917.00   6919.00 2.98178e-17 1.71974e-18 1
SPEC:   6919.00   6921.00 3.08274e-17 1.74064e-18 1
SPEC:   6921.00   6923.00 3.11270e-17 1.74900e-18 1
SPEC:   6923.00   6925.00 3.11087e-17 1.74830e-18 1
SPEC:   6925.00   6927.00 3.09516e-17 1.73425e-18 1
SPEC:   6927.00   6929.00 3.15991e-17 1.70166e-18 1
SPEC:   6929.00   6931.00 3.51622e-17 1.68256e-18 1
SPEC:   6931.00   6933.00 3.37367e-17 1.67697e-18 1
SPEC:   6933.00   6935.00 3.25740e-17 1.68106e-18 1
SPEC:   6935.00   6937.00 3.37163e-17 1.69340e-18 1
SPEC:   6937.00   6939.00 3.45188e-17 1.70047e-18 1
SPEC:   6939.00   6941.00 3.46296e-17 1.69868e-18 1
SPEC:   6941.00   6943.00 3.42115e-17 1.69165e-18 1
SPEC:   6943.00   6945.00 3.50689e-17 1.69430e-18 1
SPEC:   6945.00   6947.00 3.48921e-17 1.71335e-18 1
SPEC:   6947.00   6949.00 3.40845e-17 1.72188e-18 1
SPEC:   6949.00   6951.00 3.69932e-17 1.72007e-18 1
SPEC:   6951.00   6953.00 3.75671e-17 1.70554e-18 1
SPEC:   6953.00   6955.00 3.89022e-17 1.67264e-18 1
SPEC:   6955.00   6957.00 3.83175e-17 1.65602e-18 1
SPEC:   6957.00   6959.00 3.63681e-17 1.65093e-18 1
SPEC:   6959.00   6961.00 3.52682e-17 1.64759e-18 1
SPEC:   6961.00   6963.00 3.63792e-17 1.64537e-18 1
SPEC:   6963.00   6965.00 3.92547e-17 1.64858e-18 1
SPEC:   6965.00   6967.00 3.83688e-17 1.65574e-18 1
SPEC:   6967.00   6969.00 3.87111e-17 1.65896e-18 1
SPEC:   6969.00   6971.00 3.74947e-17 1.65761e-18 1
SPEC:   6971.00   6973.00 3.76872e-17 1.65619e-18 1
SPEC:   6973.00   6975.00 4.02168e-17 1.66205e-18 1
SPEC:   6975.00   6977.00 4.09130e-17 1.66995e-18 1
SPEC:   6977.00   6979.00 4.19157e-17 1.67095e-18 1
SPEC:   6979.00   6981.00 4.21917e-17 1.66760e-18 1
SPEC:   6981.00   6983.00 4.00045e-17 1.65188e-18 1
SPEC:   6983.00   6985.00 3.98143e-17 1.63421e-18 1
SPEC:   6985.00   6987.00 4.05797e-17 1.62761e-18 1
SPEC:   6987.00   6989.00 4.01206e-17 1.62424e-18 1
SPEC:   6989.00   6991.00 3.84547e-17 1.62149e-18 1
SPEC:   6991.00   6993.00 4.07430e-17 1.62007e-18 1
SPEC:   6993.00   6995.00 4.00018e-17 1.62087e-18 1
SPEC:   6995.00   6997.00 4.11619e-17 1.61969e-18 1
SPEC:   6997.00   6999.00 4.36954e-17 1.61971e-18 1
SPEC:   6999.00   7001.00 4.27037e-17 1.62523e-18 1
SPEC:   7001.00   7003.00 4.34933e-17 1.62622e-18 1
SPEC:   7003.00   7005.00 4.33593e-17 1.62585e-18 1
SPEC:   7005.00   7007.00 4.33442e-17 1.62749e-18 1
SPEC:   7007.00   7009.00 4.43237e-17 1.63208e-18 1
SPEC:   7009.00   7011.00 4.26897e-17 1.63272e-18 1
SPEC:   7011.00   7013.00 4.19289e-17 1.63039e-18 1
SPEC:   7013.00   7015.00 4.22492e-17 1.62458e-18 1
SPEC:   7015.00   7017.00 4.32369e-17 1.61288e-18 1
SPEC:   7017.00   7019.00 4.27996e-17 1.60643e-18 1
SPEC:   7019.00   7021.00 4.41985e-17 1.60351e-18 1
SPEC:   7021.00   7023.00 4.71931e-17 1.60539e-18 1
SPEC:   7023.00   7025.00 4.67085e-17 1.60514e-18 1
SPEC:   7025.00   7027.00 4.48493e-17 1.60446e-18 1
SPEC:   7027.00   7029.00 4.49764e-17 1.60633e-18 1
SPEC:   7029.00   7031.00 4.60990e-17 1.60580e-18 1
SPEC:   7031.00   7033.00 4.87658e-17 1.60461e-18 1
SPEC:   7033.00   7035.00 4.72459e-17 1.60324e-18 1
SPEC:   7035.00   7037.00 4.56421e-17 1.60558e-18 1
SPEC:   7037.00   7039.00 4.48268e-17 1.60932e-18 1
SPEC:   7039.00   7041.00 4.59851e-17 1.60992e-18 1
SPEC:   7041.00   7043.00 4.86499e-17 1.61489e-18 1
SPEC:   7043.00   7045.00 4.70273e-17 1.62182e-18 1
SPEC:   7045.00   7047.00 4.47659e-17 1.62770e-18 1
SPEC:   7047.00   7049.00 4.77130e-17 1.63063e-18 1
SPEC:   7049.00   7051.00 4.79335e-17 1.62917e-18 1
SPECTRUM_END:

