SURVEY: FOUNDATION
SNTYPE: 1
SNID: ASASSN-16la
RA: 37.3226205
DECL: 18.0879406
MWEBV: 0.1799 +- 0.0090
FILTERS: griz
REDSHIFT_HELIO: 0.0150541 +- 0.0000389
REDSHIFT_FINAL: 0.0142467 +- 0.0000389
SEARCH_PEAKMJD: 57674.52573
HOSTGAL_LOGMASS: 9.038 +- 0.001
VPEC: -1.751
VPEC_ERR: 250.000
PIXSIZE: 0.25  # arcsec

###########################
NOBS: 24
NVAR: 8
VARLIST:      MJD    FLT   FIELD      FLUXCAL     FLUXCALERR       MAG    MAGERR   PSF
OBS:  57663.58233      g    NULL    58988.751        895.467    15.573     0.016  2.58
OBS:  57668.43501      g    NULL    85059.495       1225.558    15.176     0.016  1.79
OBS:  57674.52535      g    NULL    86009.749       1243.944    15.164     0.016  1.91
OBS:  57681.38633      g    NULL    65639.288        968.437    15.457     0.016  2.01
OBS:  57687.40267      g    NULL    44090.977        653.997    15.889     0.016  2.23
OBS:  57697.34066      g    NULL    20987.096        348.067    16.695     0.018  2.31
OBS:  57663.58272      r    NULL    59236.123        885.085    15.569     0.016  2.20
OBS:  57668.43540      r    NULL    80993.339       1155.993    15.229     0.015  1.47
OBS:  57674.52573      r    NULL    87282.172       1243.865    15.148     0.015  1.74
OBS:  57681.38673      r    NULL    67577.519        978.448    15.425     0.016  1.83
OBS:  57687.40306      r    NULL    49306.060        720.354    15.768     0.016  2.11
OBS:  57697.34106      r    NULL    43898.951        645.569    15.894     0.016  2.05
OBS:  57663.58309      i    NULL    50514.909        775.490    15.741     0.017  2.03
OBS:  57668.43576      i    NULL    60210.952        873.955    15.551     0.016  1.54
OBS:  57674.52609      i    NULL    51164.880        749.652    15.728     0.016  1.52
OBS:  57681.38709      i    NULL    35301.878        540.196    16.131     0.017  1.77
OBS:  57687.40343      i    NULL    28120.589        434.304    16.377     0.017  1.73
OBS:  57697.34142      i    NULL    34854.713        525.673    16.144     0.016  2.09
OBS:  57663.58345      z    NULL    46194.270        758.797    15.839     0.018  1.71
OBS:  57668.43613      z    NULL    60775.273        907.303    15.541     0.016  1.33
OBS:  57674.52646      z    NULL    59013.072        891.993    15.573     0.016  1.88
OBS:  57681.38746      z    NULL    43227.040        674.973    15.911     0.017  1.87
OBS:  57687.40380      z    NULL    40015.406        621.143    15.994     0.017  1.77
OBS:  57697.34179      z    NULL    39990.403        627.588    15.995     0.017  2.02
END_PHOTOMETRY:

# =============================================
NSPECTRA: 1 


NVAR_SPEC: 5
VARNAMES_SPEC: LAMMIN LAMMAX  FLAM  FLAMERR DQ

SPECTRUM_ID: 1
SPECTRUM_MJD:  57662.00
SPEC:   3640.35   3645.85 3.86529e-15 4.89259e-17 1
SPEC:   3645.85   3651.35 3.95945e-15 4.82048e-17 1
SPEC:   3651.35   3656.85 3.96478e-15 4.74658e-17 1
SPEC:   3656.85   3662.35 3.82595e-15 4.67099e-17 1
SPEC:   3662.45   3667.95 3.90032e-15 4.59387e-17 1
SPEC:   3667.95   3673.45 3.78034e-15 4.51543e-17 1
SPEC:   3673.45   3678.95 3.65082e-15 4.43593e-17 1
SPEC:   3678.95   3684.45 3.69630e-15 4.35569e-17 1
SPEC:   3684.45   3689.95 3.65803e-15 4.27510e-17 1
SPEC:   3690.05   3695.55 3.44428e-15 4.19462e-17 1
SPEC:   3695.55   3701.05 3.25182e-15 4.11479e-17 1
SPEC:   3701.05   3706.55 3.17025e-15 4.03618e-17 1
SPEC:   3706.55   3712.05 2.99804e-15 3.95943e-17 1
SPEC:   3712.05   3717.55 2.92758e-15 3.88521e-17 1
SPEC:   3717.55   3723.05 3.00585e-15 3.81420e-17 1
SPEC:   3723.05   3728.55 2.83293e-15 3.74708e-17 1
SPEC:   3728.65   3734.15 2.74671e-15 3.68446e-17 1
SPEC:   3734.15   3739.65 2.61806e-15 3.62692e-17 1
SPEC:   3739.65   3745.15 2.62619e-15 3.57489e-17 1
SPEC:   3745.15   3750.65 2.60514e-15 3.52873e-17 1
SPEC:   3750.65   3756.15 2.47980e-15 3.48858e-17 1
SPEC:   3756.25   3761.75 2.40035e-15 3.45446e-17 1
SPEC:   3761.75   3767.25 2.38618e-15 3.42617e-17 1
SPEC:   3767.25   3772.75 2.37365e-15 3.40334e-17 1
SPEC:   3772.75   3778.25 2.46317e-15 3.38540e-17 1
SPEC:   3778.25   3783.75 2.48321e-15 3.37162e-17 1
SPEC:   3783.85   3789.35 2.50611e-15 3.36114e-17 1
SPEC:   3789.35   3794.85 2.64482e-15 3.35296e-17 1
SPEC:   3794.85   3800.35 2.68877e-15 3.34602e-17 1
SPEC:   3800.35   3805.85 2.75269e-15 3.33925e-17 1
SPEC:   3805.85   3811.35 2.77628e-15 3.33155e-17 1
SPEC:   3811.35   3816.85 2.68043e-15 3.32189e-17 1
SPEC:   3816.95   3822.45 2.76544e-15 3.30935e-17 1
SPEC:   3822.45   3827.95 2.78410e-15 3.29309e-17 1
SPEC:   3827.95   3833.45 2.60695e-15 3.27245e-17 1
SPEC:   3833.45   3838.95 2.55688e-15 3.24694e-17 1
SPEC:   3838.95   3844.45 2.60762e-15 3.21623e-17 1
SPEC:   3844.45   3849.95 2.51354e-15 3.18021e-17 1
SPEC:   3850.05   3855.55 2.59634e-15 3.13892e-17 1
SPEC:   3855.55   3861.05 2.62570e-15 3.09258e-17 1
SPEC:   3861.05   3866.55 2.63062e-15 3.04159e-17 1
SPEC:   3866.55   3872.05 2.73109e-15 2.98646e-17 1
SPEC:   3872.05   3877.55 2.74050e-15 2.92783e-17 1
SPEC:   3877.55   3883.05 2.80204e-15 2.86643e-17 1
SPEC:   3883.15   3888.65 2.93574e-15 2.80305e-17 1
SPEC:   3888.65   3894.15 3.02706e-15 2.73854e-17 1
SPEC:   3894.15   3899.65 3.20770e-15 2.67375e-17 1
SPEC:   3899.65   3905.15 3.27145e-15 2.60953e-17 1
SPEC:   3905.15   3910.65 3.28940e-15 2.54671e-17 1
SPEC:   3910.75   3916.25 3.33134e-15 2.48606e-17 1
SPEC:   3916.25   3921.75 3.49803e-15 2.42831e-17 1
SPEC:   3921.75   3927.25 3.56149e-15 2.37409e-17 1
SPEC:   3927.25   3932.75 3.65379e-15 2.32397e-17 1
SPEC:   3932.75   3938.25 3.76955e-15 2.27839e-17 1
SPEC:   3938.35   3943.85 3.85345e-15 2.23772e-17 1
SPEC:   3943.85   3949.35 3.96819e-15 2.20219e-17 1
SPEC:   3949.35   3954.85 4.06199e-15 2.17195e-17 1
SPEC:   3954.85   3960.35 4.13016e-15 2.14703e-17 1
SPEC:   3960.35   3965.85 4.25467e-15 2.12734e-17 1
SPEC:   3965.85   3971.35 4.26536e-15 2.11272e-17 1
SPEC:   3971.45   3976.95 4.32415e-15 2.10292e-17 1
SPEC:   3976.95   3982.45 4.33961e-15 2.09758e-17 1
SPEC:   3982.45   3987.95 4.33398e-15 2.09634e-17 1
SPEC:   3987.95   3993.45 4.31508e-15 2.09873e-17 1
SPEC:   3993.45   3998.95 4.30580e-15 2.10431e-17 1
SPEC:   3999.05   4004.55 4.22393e-15 2.13778e-17 1
SPEC:   4004.55   4010.05 4.18358e-15 2.13869e-17 1
SPEC:   4010.05   4015.55 4.23423e-15 2.14508e-17 1
SPEC:   4015.55   4021.05 4.21777e-15 2.14876e-17 1
SPEC:   4021.05   4026.55 4.17194e-15 2.16798e-17 1
SPEC:   4026.55   4032.05 4.07693e-15 2.19400e-17 1
SPEC:   4032.15   4037.65 3.97031e-15 2.19855e-17 1
SPEC:   4037.65   4043.15 3.96431e-15 2.22580e-17 1
SPEC:   4043.15   4048.65 3.89461e-15 2.24347e-17 1
SPEC:   4048.65   4054.15 3.80960e-15 2.24842e-17 1
SPEC:   4054.15   4059.65 3.92033e-15 2.26017e-17 1
SPEC:   4059.65   4065.15 3.93215e-15 2.27600e-17 1
SPEC:   4065.25   4070.75 3.91955e-15 2.29883e-17 1
SPEC:   4070.75   4076.25 3.93333e-15 2.31281e-17 1
SPEC:   4076.25   4081.75 3.90756e-15 2.32984e-17 1
SPEC:   4081.75   4087.25 3.87714e-15 2.34921e-17 1
SPEC:   4087.25   4092.75 3.95554e-15 2.35850e-17 1
SPEC:   4092.85   4098.35 4.06944e-15 2.37353e-17 1
SPEC:   4098.35   4103.85 4.08105e-15 2.38295e-17 1
SPEC:   4103.85   4109.35 4.06181e-15 2.40146e-17 1
SPEC:   4109.35   4114.85 4.03446e-15 2.41517e-17 1
SPEC:   4114.85   4120.35 4.01223e-15 2.42664e-17 1
SPEC:   4120.35   4125.85 3.97223e-15 2.44878e-17 1
SPEC:   4125.95   4131.45 4.00882e-15 2.46334e-17 1
SPEC:   4131.45   4136.95 3.98235e-15 2.46689e-17 1
SPEC:   4136.95   4142.45 4.02842e-15 2.47890e-17 1
SPEC:   4142.45   4147.95 3.97357e-15 2.45458e-17 1
SPEC:   4147.95   4153.45 3.97192e-15 2.45972e-17 1
SPEC:   4153.45   4158.95 3.87715e-15 2.47297e-17 1
SPEC:   4159.05   4164.55 3.69031e-15 2.47930e-17 1
SPEC:   4164.55   4170.05 3.62806e-15 2.48303e-17 1
SPEC:   4170.05   4175.55 3.51183e-15 2.45917e-17 1
SPEC:   4175.55   4181.05 3.48984e-15 2.43872e-17 1
SPEC:   4181.05   4186.55 3.52587e-15 2.41886e-17 1
SPEC:   4186.65   4192.15 3.39980e-15 2.39769e-17 1
SPEC:   4192.15   4197.65 3.38445e-15 2.37551e-17 1
SPEC:   4197.65   4203.15 3.34277e-15 2.34333e-17 1
SPEC:   4203.15   4208.65 3.26260e-15 2.32779e-17 1
SPEC:   4208.65   4214.15 3.23887e-15 2.30260e-17 1
SPEC:   4214.15   4219.65 3.23864e-15 2.28046e-17 1
SPEC:   4219.75   4225.25 3.14133e-15 2.25509e-17 1
SPEC:   4225.25   4230.75 3.11335e-15 2.23361e-17 1
SPEC:   4230.75   4236.25 3.05151e-15 2.22930e-17 1
SPEC:   4236.25   4241.75 2.98054e-15 2.20156e-17 1
SPEC:   4241.75   4247.25 2.93443e-15 2.19259e-17 1
SPEC:   4247.35   4252.85 2.81443e-15 2.18607e-17 1
SPEC:   4252.85   4258.35 2.74438e-15 2.18859e-17 1
SPEC:   4258.35   4263.85 2.69054e-15 2.17835e-17 1
SPEC:   4263.85   4269.35 2.63032e-15 2.18556e-17 1
SPEC:   4269.35   4274.85 2.58026e-15 2.18502e-17 1
SPEC:   4274.85   4280.35 2.55260e-15 2.20270e-17 1
SPEC:   4280.45   4285.95 2.45851e-15 2.19372e-17 1
SPEC:   4285.95   4291.45 2.42200e-15 2.20168e-17 1
SPEC:   4291.45   4296.95 2.48447e-15 2.21978e-17 1
SPEC:   4296.95   4302.45 2.41815e-15 2.22238e-17 1
SPEC:   4302.45   4307.95 2.41974e-15 2.24330e-17 1
SPEC:   4308.05   4313.55 2.37340e-15 2.26192e-17 1
SPEC:   4313.55   4319.05 2.34134e-15 2.29596e-17 1
SPEC:   4319.05   4324.55 2.27516e-15 2.31078e-17 1
SPEC:   4324.55   4330.05 2.25759e-15 2.32975e-17 1
SPEC:   4330.05   4335.55 2.17746e-15 2.35291e-17 1
SPEC:   4335.55   4341.05 2.14799e-15 2.35758e-17 1
SPEC:   4341.15   4346.65 2.20085e-15 2.37883e-17 1
SPEC:   4346.65   4352.15 2.22773e-15 2.38635e-17 1
SPEC:   4352.15   4357.65 2.26373e-15 2.39384e-17 1
SPEC:   4357.65   4363.15 2.29798e-15 2.40639e-17 1
SPEC:   4363.15   4368.65 2.19357e-15 2.41075e-17 1
SPEC:   4368.65   4374.15 2.28906e-15 2.41620e-17 1
SPEC:   4374.25   4379.75 2.39073e-15 2.39938e-17 1
SPEC:   4379.75   4385.25 2.31871e-15 2.38748e-17 1
SPEC:   4385.25   4390.75 2.29603e-15 2.37301e-17 1
SPEC:   4390.75   4396.25 2.34600e-15 2.35951e-17 1
SPEC:   4396.25   4401.75 2.42219e-15 2.35242e-17 1
SPEC:   4401.85   4407.35 2.47633e-15 2.33451e-17 1
SPEC:   4407.35   4412.85 2.52419e-15 2.32498e-17 1
SPEC:   4412.85   4418.35 2.52080e-15 2.30479e-17 1
SPEC:   4418.35   4423.85 2.50537e-15 2.28126e-17 1
SPEC:   4423.85   4429.35 2.60248e-15 2.25078e-17 1
SPEC:   4429.35   4434.85 2.59211e-15 2.22114e-17 1
SPEC:   4434.95   4440.45 2.57182e-15 2.19486e-17 1
SPEC:   4440.45   4445.95 2.49041e-15 2.17283e-17 1
SPEC:   4445.95   4451.45 2.45074e-15 2.15859e-17 1
SPEC:   4451.45   4456.95 2.37382e-15 2.12659e-17 1
SPEC:   4456.95   4462.45 2.28811e-15 2.10652e-17 1
SPEC:   4462.55   4468.05 2.17672e-15 2.09095e-17 1
SPEC:   4468.05   4473.55 2.08155e-15 2.07727e-17 1
SPEC:   4473.55   4479.05 2.01587e-15 2.06570e-17 1
SPEC:   4479.05   4484.55 2.05640e-15 2.05004e-17 1
SPEC:   4484.55   4490.05 2.06706e-15 2.04914e-17 1
SPEC:   4490.05   4495.55 2.08517e-15 2.04504e-17 1
SPEC:   4495.65   4501.15 2.14432e-15 2.04686e-17 1
SPEC:   4501.15   4506.65 2.22384e-15 2.03969e-17 1
SPEC:   4506.65   4512.15 2.29477e-15 2.03859e-17 1
SPEC:   4512.15   4517.65 2.37342e-15 2.03652e-17 1
SPEC:   4517.65   4523.15 2.42657e-15 2.04056e-17 1
SPEC:   4523.15   4528.65 2.49594e-15 2.04201e-17 1
SPEC:   4528.75   4534.25 2.58775e-15 2.04259e-17 1
SPEC:   4534.25   4539.75 2.54074e-15 2.05099e-17 1
SPEC:   4539.75   4545.25 2.58898e-15 2.04883e-17 1
SPEC:   4545.25   4550.75 2.61529e-15 2.04944e-17 1
SPEC:   4550.75   4556.25 2.50941e-15 2.04682e-17 1
SPEC:   4556.35   4561.85 2.45075e-15 2.04947e-17 1
SPEC:   4561.85   4567.35 2.45098e-15 2.04302e-17 1
SPEC:   4567.35   4572.85 2.39989e-15 2.03514e-17 1
SPEC:   4572.85   4578.35 2.39472e-15 2.03483e-17 1
SPEC:   4578.35   4583.85 2.44658e-15 2.02330e-17 1
SPEC:   4583.85   4589.35 2.40889e-15 2.01561e-17 1
SPEC:   4589.45   4594.95 2.42191e-15 2.00729e-17 1
SPEC:   4594.95   4600.45 2.44377e-15 1.99826e-17 1
SPEC:   4600.45   4605.95 2.53275e-15 1.98043e-17 1
SPEC:   4605.95   4611.45 2.53343e-15 1.97571e-17 1
SPEC:   4611.45   4616.95 2.55508e-15 1.96223e-17 1
SPEC:   4617.05   4622.55 2.54293e-15 1.95191e-17 1
SPEC:   4622.55   4628.05 2.52090e-15 1.94092e-17 1
SPEC:   4628.05   4633.55 2.46892e-15 1.92333e-17 1
SPEC:   4633.55   4639.05 2.49404e-15 1.90882e-17 1
SPEC:   4639.05   4644.55 2.52185e-15 1.89719e-17 1
SPEC:   4644.65   4650.15 2.52205e-15 1.88409e-17 1
SPEC:   4650.15   4655.65 2.59399e-15 1.87449e-17 1
SPEC:   4655.65   4661.15 2.61991e-15 1.86405e-17 1
SPEC:   4661.15   4666.65 2.62776e-15 1.85568e-17 1
SPEC:   4666.65   4672.15 2.63970e-15 1.84158e-17 1
SPEC:   4672.15   4677.65 2.68450e-15 1.83354e-17 1
SPEC:   4677.65   4683.15 2.64013e-15 1.82070e-17 1
SPEC:   4683.25   4688.75 2.61641e-15 1.81241e-17 1
SPEC:   4688.75   4694.25 2.54883e-15 1.80061e-17 1
SPEC:   4694.25   4699.75 2.56712e-15 1.79408e-17 1
SPEC:   4699.75   4705.25 2.46429e-15 1.77971e-17 1
SPEC:   4705.25   4710.75 2.38818e-15 1.77171e-17 1
SPEC:   4710.85   4716.35 2.32381e-15 1.76533e-17 1
SPEC:   4716.35   4721.85 2.22391e-15 1.75752e-17 1
SPEC:   4721.85   4727.35 2.22453e-15 1.74860e-17 1
SPEC:   4727.35   4732.85 2.22370e-15 1.73713e-17 1
SPEC:   4732.85   4738.35 2.17029e-15 1.73137e-17 1
SPEC:   4738.35   4743.85 2.18922e-15 1.72187e-17 1
SPEC:   4743.95   4749.45 2.20650e-15 1.71299e-17 1
SPEC:   4749.45   4754.95 2.18298e-15 1.70468e-17 1
SPEC:   4754.95   4760.45 2.19942e-15 1.69829e-17 1
SPEC:   4760.45   4765.95 2.26206e-15 1.68743e-17 1
SPEC:   4765.95   4771.45 2.23089e-15 1.68218e-17 1
SPEC:   4771.55   4777.05 2.22619e-15 1.68166e-17 1
SPEC:   4777.05   4782.55 2.22961e-15 1.67511e-17 1
SPEC:   4782.55   4788.05 2.25281e-15 1.66669e-17 1
SPEC:   4788.05   4793.55 2.25183e-15 1.66309e-17 1
SPEC:   4793.55   4799.05 2.24239e-15 1.66318e-17 1
SPEC:   4799.15   4804.65 2.21997e-15 1.65860e-17 1
SPEC:   4804.65   4810.15 2.21651e-15 1.65348e-17 1
SPEC:   4810.15   4815.65 2.23542e-15 1.65288e-17 1
SPEC:   4815.65   4821.15 2.18671e-15 1.64968e-17 1
SPEC:   4821.15   4826.65 2.20442e-15 1.64954e-17 1
SPEC:   4826.65   4832.15 2.17845e-15 1.65203e-17 1
SPEC:   4832.25   4837.75 2.16806e-15 1.65271e-17 1
SPEC:   4837.75   4843.25 2.17756e-15 1.64615e-17 1
SPEC:   4843.25   4848.75 2.14143e-15 1.65171e-17 1
SPEC:   4848.75   4854.25 2.22711e-15 1.65265e-17 1
SPEC:   4854.25   4859.75 2.18977e-15 1.64844e-17 1
SPEC:   4859.85   4865.35 2.20112e-15 1.65742e-17 1
SPEC:   4865.35   4870.85 2.19931e-15 1.66156e-17 1
SPEC:   4870.85   4876.35 2.25817e-15 1.66322e-17 1
SPEC:   4876.35   4881.85 2.19507e-15 1.67450e-17 1
SPEC:   4881.85   4887.35 2.16585e-15 1.68351e-17 1
SPEC:   4887.35   4892.85 2.13727e-15 1.69086e-17 1
SPEC:   4892.85   4898.35 2.07823e-15 1.70224e-17 1
SPEC:   4898.45   4903.95 2.03704e-15 1.70980e-17 1
SPEC:   4903.95   4909.45 1.97238e-15 1.72229e-17 1
SPEC:   4909.45   4914.95 1.93242e-15 1.72740e-17 1
SPEC:   4914.95   4920.45 1.90264e-15 1.77980e-17 1
SPEC:   4920.45   4925.95 1.86797e-15 1.75652e-17 1
SPEC:   4926.05   4931.55 1.81605e-15 1.77504e-17 1
SPEC:   4931.55   4937.05 1.75547e-15 1.79507e-17 1
SPEC:   4937.05   4942.55 1.74931e-15 1.81462e-17 1
SPEC:   4942.55   4948.05 1.73091e-15 1.82756e-17 1
SPEC:   4948.05   4953.55 1.76551e-15 1.84999e-17 1
SPEC:   4953.65   4959.15 1.70799e-15 1.86506e-17 1
SPEC:   4959.15   4964.65 1.75260e-15 1.88452e-17 1
SPEC:   4964.65   4970.15 1.71458e-15 1.90375e-17 1
SPEC:   4970.15   4975.65 1.71015e-15 1.92447e-17 1
SPEC:   4975.65   4981.15 1.74434e-15 1.93928e-17 1
SPEC:   4981.15   4986.65 1.78033e-15 1.95573e-17 1
SPEC:   4986.75   4992.25 1.74702e-15 1.98176e-17 1
SPEC:   4992.25   4997.75 1.81822e-15 1.99097e-17 1
SPEC:   4997.75   5003.25 1.74484e-15 2.01794e-17 1
SPEC:   5003.25   5008.75 1.72065e-15 2.03231e-17 1
SPEC:   5008.75   5014.25 1.71062e-15 2.04732e-17 1
SPEC:   5014.35   5019.85 1.68008e-15 2.07110e-17 1
SPEC:   5019.85   5025.35 1.63279e-15 2.08281e-17 1
SPEC:   5025.35   5030.85 1.67507e-15 2.09783e-17 1
SPEC:   5030.85   5036.35 1.68299e-15 2.11116e-17 1
SPEC:   5036.35   5041.85 1.70244e-15 2.11393e-17 1
SPEC:   5041.85   5047.35 1.67556e-15 2.12654e-17 1
SPEC:   5047.45   5052.95 1.70073e-15 2.13708e-17 1
SPEC:   5052.95   5058.45 1.72284e-15 2.14352e-17 1
SPEC:   5058.45   5063.95 1.70107e-15 2.14743e-17 1
SPEC:   5063.95   5069.45 1.78928e-15 2.16013e-17 1
SPEC:   5069.45   5074.95 1.79682e-15 2.14523e-17 1
SPEC:   5075.05   5080.55 1.78385e-15 2.14259e-17 1
SPEC:   5080.55   5086.05 1.80006e-15 2.13832e-17 1
SPEC:   5086.05   5091.55 1.89355e-15 2.13310e-17 1
SPEC:   5091.55   5097.05 1.90822e-15 2.12015e-17 1
SPEC:   5097.05   5102.55 1.84925e-15 2.10319e-17 1
SPEC:   5102.55   5108.05 1.90182e-15 2.09325e-17 1
SPEC:   5108.15   5113.65 1.90263e-15 2.07163e-17 1
SPEC:   5113.65   5119.15 1.92812e-15 2.05819e-17 1
SPEC:   5119.15   5124.65 1.93031e-15 2.03146e-17 1
SPEC:   5124.65   5130.15 1.87231e-15 2.00902e-17 1
SPEC:   5130.15   5135.65 1.93556e-15 1.98435e-17 1
SPEC:   5135.65   5141.15 1.91954e-15 1.95272e-17 1
SPEC:   5141.25   5146.75 1.91767e-15 1.93002e-17 1
SPEC:   5146.75   5152.25 2.00016e-15 1.90256e-17 1
SPEC:   5152.25   5157.75 1.98650e-15 1.87240e-17 1
SPEC:   5157.75   5163.25 2.02724e-15 1.84512e-17 1
SPEC:   5163.25   5168.75 2.06322e-15 1.80748e-17 1
SPEC:   5168.85   5174.35 2.09021e-15 1.78238e-17 1
SPEC:   5174.35   5179.85 2.10217e-15 1.75761e-17 1
SPEC:   5179.85   5185.35 2.08027e-15 1.72391e-17 1
SPEC:   5185.35   5190.85 2.09745e-15 1.71115e-17 1
SPEC:   5190.85   5196.35 2.10070e-15 1.68982e-17 1
SPEC:   5196.35   5201.85 2.09624e-15 1.75453e-17 1
SPEC:   5201.95   5207.45 2.07690e-15 1.65119e-17 1
SPEC:   5207.45   5212.95 2.05113e-15 1.62711e-17 1
SPEC:   5212.95   5218.45 2.06568e-15 1.61237e-17 1
SPEC:   5218.45   5223.95 2.00885e-15 1.60556e-17 1
SPEC:   5223.95   5229.45 1.98293e-15 1.58653e-17 1
SPEC:   5229.45   5234.95 1.99149e-15 1.57797e-17 1
SPEC:   5235.05   5240.55 1.99247e-15 1.58487e-17 1
SPEC:   5240.55   5246.05 2.00777e-15 1.57155e-17 1
SPEC:   5246.05   5251.55 2.03216e-15 1.57511e-17 1
SPEC:   5251.55   5257.05 2.05100e-15 1.58195e-17 1
SPEC:   5257.05   5262.55 2.02348e-15 1.58125e-17 1
SPEC:   5262.65   5268.15 2.02613e-15 1.57839e-17 1
SPEC:   5268.15   5273.65 2.02055e-15 1.58722e-17 1
SPEC:   5273.65   5279.15 2.03448e-15 1.60416e-17 1
SPEC:   5279.15   5284.65 2.00598e-15 1.60585e-17 1
SPEC:   5284.65   5290.15 1.98217e-15 1.61227e-17 1
SPEC:   5290.15   5295.65 1.96727e-15 1.62442e-17 1
SPEC:   5295.75   5301.25 1.91570e-15 1.63404e-17 1
SPEC:   5301.25   5306.75 1.87368e-15 1.64679e-17 1
SPEC:   5306.75   5312.25 1.84526e-15 1.65119e-17 1
SPEC:   5312.25   5317.75 1.73673e-15 1.66170e-17 1
SPEC:   5317.75   5323.25 1.67030e-15 1.66952e-17 1
SPEC:   5323.35   5328.85 1.71231e-15 1.67241e-17 1
SPEC:   5328.85   5334.35 1.67373e-15 1.68131e-17 1
SPEC:   5334.35   5339.85 1.55012e-15 1.68507e-17 1
SPEC:   5339.85   5345.35 1.56092e-15 1.69121e-17 1
SPEC:   5345.35   5350.85 1.54385e-15 1.69895e-17 1
SPEC:   5350.85   5356.35 1.54116e-15 1.69967e-17 1
SPEC:   5356.45   5361.95 1.52255e-15 1.69816e-17 1
SPEC:   5361.95   5367.45 1.54249e-15 1.69621e-17 1
SPEC:   5367.45   5372.95 1.56890e-15 1.69358e-17 1
SPEC:   5372.95   5378.45 1.56944e-15 1.69037e-17 1
SPEC:   5378.45   5383.95 1.58957e-15 1.68750e-17 1
SPEC:   5384.05   5389.55 1.59532e-15 1.68443e-17 1
SPEC:   5389.55   5395.05 1.63226e-15 1.67347e-17 1
SPEC:   5395.05   5400.55 1.59101e-15 1.67150e-17 1
SPEC:   5400.55   5406.05 1.63208e-15 1.66675e-17 1
SPEC:   5406.05   5411.55 1.61229e-15 1.65930e-17 1
SPEC:   5411.55   5417.05 1.62114e-15 1.65707e-17 1
SPEC:   5417.15   5422.65 1.65851e-15 1.65595e-17 1
SPEC:   5422.65   5428.15 1.60966e-15 1.64582e-17 1
SPEC:   5428.15   5433.65 1.64793e-15 1.63908e-17 1
SPEC:   5433.65   5439.15 1.62670e-15 1.63718e-17 1
SPEC:   5439.15   5444.65 1.62761e-15 1.63548e-17 1
SPEC:   5444.65   5450.15 1.62850e-15 1.62930e-17 1
SPEC:   5450.25   5455.75 1.62805e-15 1.62699e-17 1
SPEC:   5455.75   5461.25 1.58079e-15 1.62700e-17 1
SPEC:   5461.25   5466.75 1.61188e-15 1.62414e-17 1
SPEC:   5466.75   5472.25 1.61136e-15 1.62382e-17 1
SPEC:   5472.25   5477.75 1.61653e-15 1.62516e-17 1
SPEC:   5477.85   5483.35 1.59667e-15 1.62751e-17 1
SPEC:   5483.35   5488.85 1.56079e-15 1.62565e-17 1
SPEC:   5488.85   5494.35 1.55035e-15 1.63184e-17 1
SPEC:   5494.35   5499.85 1.54690e-15 1.63360e-17 1
SPEC:   5499.85   5505.35 1.52472e-15 1.64154e-17 1
SPEC:   5505.35   5510.85 1.47678e-15 1.64446e-17 1
SPEC:   5510.95   5516.45 1.47440e-15 1.64895e-17 1
SPEC:   5516.45   5521.95 1.43255e-15 1.65259e-17 1
SPEC:   5521.95   5527.45 1.42797e-15 1.66001e-17 1
SPEC:   5527.45   5532.95 1.38094e-15 1.66495e-17 1
SPEC:   5532.95   5538.45 1.41664e-15 1.67187e-17 1
SPEC:   5538.45   5543.95 1.40935e-15 1.68284e-17 1
SPEC:   5544.05   5549.55 1.46233e-15 1.69275e-17 1
SPEC:   5549.55   5555.05 1.44500e-15 1.69361e-17 1
SPEC:   5555.05   5560.55 1.49428e-15 1.69988e-17 1
SPEC:   5560.55   5566.05 1.54188e-15 1.71635e-17 1
SPEC:   5566.05   5571.55 1.53748e-15 1.76191e-17 1
SPEC:   5571.65   5577.15 1.50505e-15 2.09888e-17 1
SPEC:   5577.15   5582.65 1.51456e-15 2.13447e-17 1
SPEC:   5582.65   5588.15 1.58255e-15 1.74583e-17 1
SPEC:   5588.15   5593.65 1.56063e-15 1.75252e-17 1
SPEC:   5593.65   5599.15 1.52199e-15 1.75931e-17 1
SPEC:   5599.15   5604.65 1.51280e-15 1.77214e-17 1
SPEC:   5604.75   5610.25 1.50226e-15 1.78574e-17 1
SPEC:   5610.25   5615.75 1.48201e-15 1.79135e-17 1
SPEC:   5615.75   5621.25 1.46489e-15 1.80384e-17 1
SPEC:   5621.25   5626.75 1.42789e-15 1.82027e-17 1
SPEC:   5626.75   5632.25 1.41023e-15 1.82770e-17 1
SPEC:   5632.35   5637.85 1.45053e-15 1.84186e-17 1
SPEC:   5637.85   5643.35 1.46850e-15 1.85631e-17 1
SPEC:   5643.35   5648.85 1.45848e-15 1.87491e-17 1
SPEC:   5648.85   5654.35 1.43752e-15 1.88476e-17 1
SPEC:   5654.35   5659.85 1.46748e-15 1.89922e-17 1
SPEC:   5659.85   5665.35 1.46160e-15 1.91696e-17 1
SPEC:   5665.45   5670.95 1.46952e-15 1.93488e-17 1
SPEC:   5670.95   5676.45 1.48060e-15 1.94913e-17 1
SPEC:   5676.45   5681.95 1.52382e-15 1.96643e-17 1
SPEC:   5681.95   5687.45 1.54403e-15 1.98128e-17 1
SPEC:   5687.45   5692.95 1.52981e-15 1.99828e-17 1
SPEC:   5693.05   5698.55 1.57072e-15 2.01464e-17 1
SPEC:   5698.55   5704.05 1.52459e-15 2.02923e-17 1
SPEC:   5704.05   5709.55 1.53422e-15 2.04153e-17 1
SPEC:   5709.55   5715.05 1.57420e-15 2.05658e-17 1
SPEC:   5715.05   5720.55 1.53360e-15 2.07147e-17 1
SPEC:   5720.55   5726.05 1.55100e-15 2.08214e-17 1
SPEC:   5726.15   5731.65 1.48523e-15 2.09334e-17 1
SPEC:   5731.65   5737.15 1.54894e-15 2.10593e-17 1
SPEC:   5737.15   5742.65 1.56325e-15 2.11445e-17 1
SPEC:   5742.65   5748.15 1.53706e-15 2.12506e-17 1
SPEC:   5748.15   5753.65 1.47005e-15 2.13424e-17 1
SPEC:   5753.65   5759.15 1.52997e-15 2.14158e-17 1
SPEC:   5759.25   5764.75 1.49029e-15 2.15025e-17 1
SPEC:   5764.75   5770.25 1.50563e-15 2.15882e-17 1
SPEC:   5770.25   5775.75 1.48173e-15 2.16623e-17 1
SPEC:   5775.75   5781.25 1.43123e-15 2.17331e-17 1
SPEC:   5781.25   5786.75 1.48564e-15 2.18030e-17 1
SPEC:   5786.85   5792.35 1.46508e-15 2.18896e-17 1
SPEC:   5792.35   5797.85 1.50471e-15 2.19690e-17 1
SPEC:   5797.85   5803.35 1.48143e-15 2.20504e-17 1
SPEC:   5803.35   5808.85 1.47757e-15 2.21526e-17 1
SPEC:   5808.85   5814.35 1.42967e-15 2.22264e-17 1
SPEC:   5814.35   5819.85 1.44679e-15 2.23081e-17 1
SPEC:   5819.95   5825.45 1.46032e-15 2.24035e-17 1
SPEC:   5825.45   5830.95 1.45889e-15 2.24954e-17 1
SPEC:   5830.95   5836.45 1.47429e-15 2.25803e-17 1
SPEC:   5836.45   5841.95 1.43086e-15 2.26621e-17 1
SPEC:   5841.95   5847.45 1.44819e-15 2.27456e-17 1
SPEC:   5847.55   5853.05 1.45687e-15 2.28251e-17 1
SPEC:   5853.05   5858.55 1.40895e-15 2.29007e-17 1
SPEC:   5858.55   5864.05 1.43086e-15 2.30355e-17 1
SPEC:   5864.05   5869.55 1.40236e-15 2.33421e-17 1
SPEC:   5869.55   5875.05 1.42478e-15 2.32739e-17 1
SPEC:   5875.05   5880.55 1.41638e-15 2.32653e-17 1
SPEC:   5880.65   5886.15 1.37800e-15 2.34563e-17 1
SPEC:   5886.15   5891.65 1.37469e-15 2.48120e-17 1
SPEC:   5891.65   5897.15 1.33716e-15 2.46511e-17 1
SPEC:   5897.15   5902.65 1.33122e-15 2.38471e-17 1
SPEC:   5902.65   5908.15 1.37390e-15 2.34746e-17 1
SPEC:   5908.15   5913.65 1.42222e-15 2.34700e-17 1
SPEC:   5913.75   5919.25 1.38315e-15 2.35358e-17 1
SPEC:   5919.25   5924.75 1.42537e-15 2.34008e-17 1
SPEC:   5924.75   5930.25 1.29591e-15 2.33445e-17 1
SPEC:   5930.25   5935.75 1.26088e-15 2.34327e-17 1
SPEC:   5935.75   5941.25 1.45601e-15 2.31667e-17 1
SPEC:   5941.35   5946.85 1.41019e-15 2.31011e-17 1
SPEC:   5946.85   5952.35 1.41011e-15 2.30189e-17 1
SPEC:   5952.35   5957.85 1.41950e-15 2.29420e-17 1
SPEC:   5957.85   5963.35 1.40461e-15 2.26528e-17 1
SPEC:   5963.35   5968.85 1.40801e-15 2.25124e-17 1
SPEC:   5968.85   5974.35 1.40292e-15 2.23932e-17 1
SPEC:   5974.45   5979.95 1.40503e-15 2.22868e-17 1
SPEC:   5979.95   5985.45 1.37979e-15 2.19974e-17 1
SPEC:   5985.45   5990.95 1.38058e-15 2.17821e-17 1
SPEC:   5990.95   5996.45 1.39126e-15 2.15786e-17 1
SPEC:   5996.45   6001.95 1.41965e-15 2.14124e-17 1
SPEC:   6002.05   6007.55 1.41959e-15 2.12024e-17 1
SPEC:   6007.55   6013.05 1.36457e-15 2.09211e-17 1
SPEC:   6013.05   6018.55 1.37723e-15 2.06904e-17 1
SPEC:   6018.55   6024.05 1.34475e-15 2.04718e-17 1
SPEC:   6024.05   6029.55 1.34194e-15 2.02755e-17 1
SPEC:   6029.65   6035.15 1.36290e-15 2.00618e-17 1
SPEC:   6035.15   6040.65 1.33374e-15 1.98083e-17 1
SPEC:   6040.65   6046.15 1.38071e-15 1.95723e-17 1
SPEC:   6046.15   6051.65 1.34838e-15 1.93502e-17 1
SPEC:   6051.65   6057.15 1.33694e-15 1.91246e-17 1
SPEC:   6057.15   6062.65 1.35553e-15 1.88960e-17 1
SPEC:   6062.65   6068.15 1.28296e-15 1.87013e-17 1
SPEC:   6068.25   6073.75 1.32311e-15 1.84673e-17 1
SPEC:   6073.75   6079.25 1.33274e-15 1.82325e-17 1
SPEC:   6079.25   6084.75 1.35108e-15 1.80256e-17 1
SPEC:   6084.75   6090.25 1.30636e-15 1.78193e-17 1
SPEC:   6090.25   6095.75 1.26493e-15 1.76149e-17 1
SPEC:   6095.85   6101.35 1.25739e-15 1.74337e-17 1
SPEC:   6101.35   6106.85 1.28549e-15 1.72296e-17 1
SPEC:   6106.85   6112.35 1.25024e-15 1.70116e-17 1
SPEC:   6112.35   6117.85 1.24869e-15 1.68255e-17 1
SPEC:   6117.85   6123.35 1.24625e-15 1.66196e-17 1
SPEC:   6123.35   6128.85 1.23790e-15 1.64277e-17 1
SPEC:   6128.95   6134.45 1.24144e-15 1.62434e-17 1
SPEC:   6134.45   6139.95 1.18684e-15 1.61112e-17 1
SPEC:   6139.95   6145.45 1.19316e-15 1.59642e-17 1
SPEC:   6145.45   6150.95 1.17619e-15 1.57357e-17 1
SPEC:   6150.95   6156.45 1.11288e-15 1.55341e-17 1
SPEC:   6156.55   6162.05 1.08798e-15 1.53325e-17 1
SPEC:   6162.05   6167.55 1.11477e-15 1.51700e-17 1
SPEC:   6167.55   6173.05 1.08947e-15 1.51141e-17 1
SPEC:   6173.05   6178.55 1.03611e-15 1.49207e-17 1
SPEC:   6178.55   6184.05 9.99965e-16 1.47290e-17 1
SPEC:   6184.15   6189.65 9.88556e-16 1.45565e-17 1
SPEC:   6189.65   6195.15 9.68696e-16 1.44269e-17 1
SPEC:   6195.15   6200.65 9.60850e-16 1.42890e-17 1
SPEC:   6200.65   6206.15 9.31494e-16 1.41887e-17 1
SPEC:   6206.15   6211.65 9.01901e-16 1.40220e-17 1
SPEC:   6211.65   6217.15 8.85822e-16 1.39274e-17 1
SPEC:   6217.25   6222.75 9.00749e-16 1.38526e-17 1
SPEC:   6222.75   6228.25 8.77344e-16 1.37214e-17 1
SPEC:   6228.25   6233.75 8.61297e-16 1.37312e-17 1
SPEC:   6233.75   6239.25 8.80040e-16 1.38575e-17 1
SPEC:   6239.25   6244.75 8.99965e-16 1.35991e-17 1
SPEC:   6244.85   6250.35 9.39756e-16 1.34285e-17 1
SPEC:   6250.35   6255.85 9.71803e-16 1.34175e-17 1
SPEC:   6255.85   6261.35 9.63677e-16 1.35464e-17 1
SPEC:   6261.35   6266.85 9.71218e-16 1.33833e-17 1
SPEC:   6266.85   6272.35 9.65613e-16 1.32830e-17 1
SPEC:   6272.35   6277.85 9.79207e-16 1.32369e-17 1
SPEC:   6277.85   6283.35 1.00833e-15 1.32131e-17 1
SPEC:   6283.45   6288.95 1.00879e-15 1.33622e-17 1
SPEC:   6288.95   6294.45 1.01461e-15 1.33316e-17 1
SPEC:   6294.45   6299.95 1.04821e-15 1.48550e-17 1
SPEC:   6299.95   6305.45 1.08487e-15 1.50376e-17 1
SPEC:   6305.45   6310.95 1.12349e-15 1.33896e-17 1
SPEC:   6311.05   6316.55 1.13972e-15 1.31904e-17 1
SPEC:   6316.55   6322.05 1.13346e-15 1.32742e-17 1
SPEC:   6322.05   6327.55 1.14458e-15 1.33440e-17 1
SPEC:   6327.55   6333.05 1.16667e-15 1.34477e-17 1
SPEC:   6333.05   6338.55 1.17347e-15 1.32905e-17 1
SPEC:   6338.65   6344.15 1.21997e-15 1.32863e-17 1
SPEC:   6344.15   6349.65 1.20036e-15 1.33759e-17 1
SPEC:   6349.65   6355.15 1.18753e-15 1.34432e-17 1
SPEC:   6355.15   6360.65 1.24282e-15 1.36440e-17 1
SPEC:   6360.65   6366.15 1.23249e-15 1.43106e-17 1
SPEC:   6366.15   6371.65 1.21472e-15 1.36757e-17 1
SPEC:   6371.75   6377.25 1.22202e-15 1.33810e-17 1
SPEC:   6377.25   6382.75 1.24086e-15 1.34327e-17 1
SPEC:   6382.75   6388.25 1.24476e-15 1.34844e-17 1
SPEC:   6388.25   6393.75 1.20752e-15 1.34383e-17 1
SPEC:   6393.75   6399.25 1.16320e-15 1.33899e-17 1
SPEC:   6399.35   6404.85 1.15959e-15 1.33877e-17 1
SPEC:   6404.85   6410.35 1.15810e-15 1.33805e-17 1
SPEC:   6410.35   6415.85 1.19039e-15 1.33999e-17 1
SPEC:   6415.85   6421.35 1.15644e-15 1.34111e-17 1
SPEC:   6421.35   6426.85 1.13526e-15 1.33785e-17 1
SPEC:   6426.85   6432.35 1.13890e-15 1.33381e-17 1
SPEC:   6432.45   6437.95 1.12251e-15 1.33282e-17 1
SPEC:   6437.95   6443.45 1.14665e-15 1.33119e-17 1
SPEC:   6443.45   6448.95 1.17107e-15 1.32913e-17 1
SPEC:   6448.95   6454.45 1.17518e-15 1.32969e-17 1
SPEC:   6454.45   6459.95 1.19956e-15 1.32843e-17 1
SPEC:   6460.05   6465.55 1.20517e-15 1.33985e-17 1
SPEC:   6465.55   6471.05 1.18975e-15 1.34489e-17 1
SPEC:   6471.05   6476.55 1.20759e-15 1.33159e-17 1
SPEC:   6476.55   6482.05 1.24026e-15 1.32142e-17 1
SPEC:   6482.05   6487.55 1.23890e-15 1.31458e-17 1
SPEC:   6487.55   6493.05 1.22189e-15 1.31398e-17 1
SPEC:   6493.15   6498.65 1.22576e-15 1.33349e-17 1
SPEC:   6498.65   6504.15 1.22358e-15 1.33734e-17 1
SPEC:   6504.15   6509.65 1.19886e-15 1.31819e-17 1
SPEC:   6509.65   6515.15 1.18726e-15 1.31065e-17 1
SPEC:   6515.15   6520.65 1.19528e-15 1.31326e-17 1
SPEC:   6520.65   6526.15 1.17559e-15 1.31620e-17 1
SPEC:   6526.25   6531.75 1.17430e-15 1.32034e-17 1
SPEC:   6531.75   6537.25 1.21413e-15 1.33080e-17 1
SPEC:   6537.25   6542.75 1.18366e-15 1.31909e-17 1
SPEC:   6542.75   6548.25 1.21200e-15 1.32392e-17 1
SPEC:   6548.25   6553.75 1.16936e-15 1.33625e-17 1
SPEC:   6553.85   6559.35 1.14854e-15 1.33669e-17 1
SPEC:   6559.35   6564.85 1.16859e-15 1.32736e-17 1
SPEC:   6564.85   6570.35 1.15989e-15 1.33369e-17 1
SPEC:   6570.35   6575.85 1.18671e-15 1.34230e-17 1
SPEC:   6575.85   6581.35 1.17058e-15 1.35406e-17 1
SPEC:   6581.35   6586.85 1.15670e-15 1.33968e-17 1
SPEC:   6586.95   6592.45 1.17304e-15 1.34377e-17 1
SPEC:   6592.45   6597.95 1.13662e-15 1.35477e-17 1
SPEC:   6597.95   6603.45 1.13589e-15 1.36522e-17 1
SPEC:   6603.45   6608.95 1.12401e-15 1.37213e-17 1
SPEC:   6608.95   6614.45 1.11032e-15 1.36997e-17 1
SPEC:   6614.45   6619.95 1.12192e-15 1.37850e-17 1
SPEC:   6620.05   6625.55 1.11268e-15 1.38751e-17 1
SPEC:   6625.55   6631.05 1.11611e-15 1.39872e-17 1
SPEC:   6631.05   6636.55 1.11937e-15 1.40823e-17 1
SPEC:   6636.55   6642.05 1.13694e-15 1.41615e-17 1
SPEC:   6642.05   6647.55 1.11800e-15 1.42268e-17 1
SPEC:   6647.65   6653.15 1.11304e-15 1.43412e-17 1
SPEC:   6653.15   6658.65 1.15706e-15 1.44414e-17 1
SPEC:   6658.65   6664.15 1.14728e-15 1.45600e-17 1
SPEC:   6664.15   6669.65 1.11556e-15 1.46797e-17 1
SPEC:   6669.65   6675.15 1.11916e-15 1.47711e-17 1
SPEC:   6675.15   6680.65 1.09296e-15 1.48717e-17 1
SPEC:   6680.75   6686.25 1.06423e-15 1.50007e-17 1
SPEC:   6686.25   6691.75 1.06986e-15 1.51179e-17 1
SPEC:   6691.75   6697.25 1.09124e-15 1.52492e-17 1
SPEC:   6697.25   6702.75 1.10721e-15 1.53742e-17 1
SPEC:   6702.75   6708.25 1.10794e-15 1.54825e-17 1
SPEC:   6708.35   6713.85 1.05522e-15 1.56041e-17 1
SPEC:   6713.85   6719.35 1.09275e-15 1.57105e-17 1
SPEC:   6719.35   6724.85 1.06032e-15 1.58115e-17 1
SPEC:   6724.85   6730.35 1.01440e-15 1.59273e-17 1
SPEC:   6730.35   6735.85 1.04807e-15 1.60327e-17 1
SPEC:   6735.85   6741.35 1.06890e-15 1.61379e-17 1
SPEC:   6741.45   6746.95 1.05907e-15 1.62508e-17 1
SPEC:   6746.95   6752.45 1.05666e-15 1.63413e-17 1
SPEC:   6752.45   6757.95 1.04602e-15 1.64242e-17 1
SPEC:   6757.95   6763.45 1.02620e-15 1.65301e-17 1
SPEC:   6763.45   6768.95 1.02135e-15 1.66184e-17 1
SPEC:   6769.05   6774.55 1.03762e-15 1.66898e-17 1
SPEC:   6774.55   6780.05 1.03491e-15 1.67727e-17 1
SPEC:   6780.05   6785.55 9.80979e-16 1.68376e-17 1
SPEC:   6785.55   6791.05 1.01364e-15 1.69112e-17 1
SPEC:   6791.05   6796.55 1.02295e-15 1.69442e-17 1
SPEC:   6796.55   6802.05 9.67078e-16 1.69965e-17 1
SPEC:   6802.15   6807.65 1.01056e-15 1.70439e-17 1
SPEC:   6807.65   6813.15 1.01144e-15 1.70681e-17 1
SPEC:   6813.15   6818.65 1.00276e-15 1.70897e-17 1
SPEC:   6818.65   6824.15 1.03014e-15 1.71229e-17 1
SPEC:   6824.15   6829.65 1.02310e-15 1.75019e-17 1
SPEC:   6829.65   6835.15 1.01842e-15 1.76527e-17 1
SPEC:   6835.25   6840.75 1.02247e-15 1.73705e-17 1
SPEC:   6840.75   6846.25 9.94046e-16 1.71799e-17 1
SPEC:   6846.25   6851.75 9.84957e-16 1.70742e-17 1
SPEC:   6851.75   6857.25 9.73729e-16 1.70009e-17 1
SPEC:   6857.25   6862.75 9.15776e-16 1.73084e-17 1
SPEC:   6862.85   6868.35 8.36245e-16 1.74206e-17 1
SPEC:   6868.35   6873.85 7.71342e-16 1.68818e-17 1
SPEC:   6873.85   6879.35 7.35635e-16 1.67576e-17 1
SPEC:   6879.35   6884.85 7.52194e-16 1.67335e-17 1
SPEC:   6884.85   6890.35 8.06160e-16 1.66902e-17 1
SPEC:   6890.35   6895.85 8.44190e-16 1.65140e-17 1
SPEC:   6895.95   6901.45 8.05773e-16 1.64803e-17 1
SPEC:   6901.45   6906.95 8.56213e-16 1.63104e-17 1
SPEC:   6906.95   6912.45 8.64203e-16 1.62329e-17 1
SPEC:   6912.45   6917.95 8.75934e-16 1.61000e-17 1
SPEC:   6917.95   6923.45 8.56633e-16 1.61230e-17 1
SPEC:   6923.45   6928.95 8.83520e-16 1.59392e-17 1
SPEC:   6929.05   6934.55 8.79754e-16 1.55268e-17 1
SPEC:   6934.55   6940.05 9.17565e-16 1.55505e-17 1
SPEC:   6940.05   6945.55 8.93260e-16 1.53916e-17 1
SPEC:   6945.55   6951.05 8.81272e-16 1.54625e-17 1
SPEC:   6951.05   6956.55 8.91879e-16 1.50695e-17 1
SPEC:   6956.65   6962.15 9.12142e-16 1.47997e-17 1
SPEC:   6962.15   6967.65 8.80977e-16 1.47018e-17 1
SPEC:   6967.65   6973.15 8.73545e-16 1.46183e-17 1
SPEC:   6973.15   6978.65 8.95244e-16 1.45781e-17 1
SPEC:   6978.65   6984.15 9.15258e-16 1.43966e-17 1
SPEC:   6984.15   6989.65 8.75699e-16 1.40990e-17 1
SPEC:   6989.75   6995.25 8.88161e-16 1.39586e-17 1
SPEC:   6995.25   7000.75 8.85671e-16 1.38545e-17 1
SPEC:   7000.75   7006.25 8.88409e-16 1.37940e-17 1
SPEC:   7006.25   7011.75 8.79949e-16 1.37476e-17 1
SPEC:   7011.75   7017.25 8.70577e-16 1.35936e-17 1
SPEC:   7017.35   7022.85 8.74387e-16 1.34070e-17 1
SPEC:   7022.85   7028.35 8.46095e-16 1.33402e-17 1
SPEC:   7028.35   7033.85 8.44593e-16 1.32802e-17 1
SPEC:   7033.85   7039.35 8.38316e-16 1.32383e-17 1
SPEC:   7039.35   7044.85 8.34714e-16 1.32346e-17 1
SPEC:   7044.85   7050.35 8.45775e-16 1.32821e-17 1
SPEC:   7050.45   7055.95 7.90166e-16 1.31794e-17 1
SPEC:   7055.95   7061.45 7.95556e-16 1.31010e-17 1
SPEC:   7061.45   7066.95 7.91267e-16 1.31256e-17 1
SPEC:   7066.95   7072.45 7.82610e-16 1.31265e-17 1
SPEC:   7072.45   7077.95 8.11543e-16 1.31218e-17 1
SPEC:   7078.05   7083.55 8.14530e-16 1.31509e-17 1
SPEC:   7083.55   7089.05 8.30810e-16 1.31997e-17 1
SPEC:   7089.05   7094.55 8.59192e-16 1.32031e-17 1
SPEC:   7094.55   7100.05 8.21557e-16 1.32062e-17 1
SPEC:   7100.05   7105.55 7.97546e-16 1.32600e-17 1
SPEC:   7105.55   7111.05 8.24868e-16 1.33336e-17 1
SPEC:   7111.15   7116.65 8.36380e-16 1.33772e-17 1
SPEC:   7116.65   7122.15 8.41426e-16 1.34492e-17 1
SPEC:   7122.15   7127.65 8.46029e-16 1.35527e-17 1
SPEC:   7127.65   7133.15 8.71394e-16 1.36672e-17 1
SPEC:   7133.15   7138.65 8.26956e-16 1.37318e-17 1
SPEC:   7138.65   7144.15 8.56499e-16 1.38888e-17 1
SPEC:   7144.25   7149.75 8.28354e-16 1.39946e-17 1
SPEC:   7149.75   7155.25 8.17643e-16 1.40547e-17 1
SPEC:   7155.25   7160.75 8.29893e-16 1.41764e-17 1
SPEC:   7160.75   7166.25 8.25203e-16 1.42948e-17 1
SPEC:   7166.25   7171.75 8.23349e-16 1.44784e-17 1
SPEC:   7171.85   7177.35 7.87665e-16 1.45331e-17 1
SPEC:   7177.35   7182.85 7.73580e-16 1.46450e-17 1
SPEC:   7182.85   7188.35 7.74590e-16 1.47294e-17 1
SPEC:   7188.35   7193.85 7.75811e-16 1.48333e-17 1
SPEC:   7193.85   7199.35 7.78444e-16 1.49567e-17 1
SPEC:   7199.35   7204.85 7.73561e-16 1.50769e-17 1
SPEC:   7204.95   7210.45 7.63860e-16 1.51843e-17 1
SPEC:   7210.45   7215.95 7.65716e-16 1.52956e-17 1
SPEC:   7215.95   7221.45 7.99734e-16 1.54402e-17 1
SPEC:   7221.45   7226.95 8.25289e-16 1.55775e-17 1
SPEC:   7226.95   7232.45 8.11896e-16 1.56880e-17 1
SPEC:   7232.55   7238.05 7.69939e-16 1.62255e-17 1
SPEC:   7238.05   7243.55 7.41763e-16 1.69106e-17 1
SPEC:   7243.55   7249.05 7.65558e-16 1.66719e-17 1
SPEC:   7249.05   7254.55 8.18320e-16 1.63402e-17 1
SPEC:   7254.55   7260.05 7.84857e-16 1.62941e-17 1
SPEC:   7260.05   7265.55 8.01300e-16 1.63208e-17 1
SPEC:   7265.65   7271.15 7.74084e-16 1.64411e-17 1
SPEC:   7271.15   7276.65 7.65865e-16 1.73445e-17 1
SPEC:   7276.65   7282.15 8.00631e-16 1.72562e-17 1
SPEC:   7282.15   7287.65 7.85476e-16 1.70560e-17 1
SPEC:   7287.65   7293.15 7.58845e-16 1.68010e-17 1
SPEC:   7293.15   7298.65 7.63331e-16 1.69277e-17 1
SPEC:   7298.75   7304.25 7.83570e-16 1.71233e-17 1
SPEC:   7304.25   7309.75 7.69371e-16 1.70966e-17 1
SPEC:   7309.75   7315.25 7.70976e-16 1.76133e-17 1
SPEC:   7315.25   7320.75 7.26167e-16 1.76992e-17 1
SPEC:   7320.75   7326.25 7.10474e-16 1.72837e-17 1
SPEC:   7326.35   7331.85 7.70023e-16 1.76234e-17 1
SPEC:   7331.85   7337.35 7.63167e-16 1.75207e-17 1
SPEC:   7337.35   7342.85 7.64506e-16 1.82269e-17 1
SPEC:   7342.85   7348.35 7.83781e-16 1.76733e-17 1
SPEC:   7348.35   7353.85 7.59177e-16 1.76296e-17 1
SPEC:   7353.85   7359.35 7.54035e-16 1.80085e-17 1
SPEC:   7359.45   7364.95 7.78373e-16 1.79784e-17 1
SPEC:   7364.95   7370.45 7.80369e-16 1.85713e-17 1
SPEC:   7370.45   7375.95 7.52647e-16 1.82479e-17 1
SPEC:   7375.95   7381.45 7.48833e-16 1.80966e-17 1
SPEC:   7381.45   7386.95 7.59379e-16 1.82051e-17 1
SPEC:   7387.05   7392.55 7.92239e-16 1.85850e-17 1
SPEC:   7392.55   7398.05 7.90434e-16 1.86556e-17 1
SPEC:   7398.05   7403.55 7.49381e-16 1.90767e-17 1
SPEC:   7403.55   7409.05 7.79608e-16 1.88416e-17 1
SPEC:   7409.05   7414.55 7.46582e-16 1.89219e-17 1
SPEC:   7414.65   7420.15 7.77576e-16 1.91021e-17 1
SPEC:   7420.15   7425.65 8.05054e-16 1.92540e-17 1
SPEC:   7425.65   7431.15 7.56899e-16 1.95862e-17 1
SPEC:   7431.15   7436.65 7.54570e-16 1.98490e-17 1
SPEC:   7436.65   7442.15 7.77584e-16 2.01090e-17 1
SPEC:   7442.15   7447.65 7.24234e-16 2.00384e-17 1
SPEC:   7447.65   7453.15 7.33065e-16 2.02626e-17 1
SPEC:   7453.25   7458.75 7.54501e-16 2.05088e-17 1
SPEC:   7458.75   7464.25 7.47932e-16 2.08548e-17 1
SPEC:   7464.25   7469.75 7.36069e-16 2.12142e-17 1
SPEC:   7469.75   7475.25 7.09374e-16 2.15432e-17 1
SPEC:   7475.25   7480.75 7.27371e-16 2.18423e-17 1
SPEC:   7480.85   7486.35 7.26922e-16 2.20535e-17 1
SPEC:   7486.35   7491.85 7.40090e-16 2.21275e-17 1
SPEC:   7491.85   7497.35 7.34234e-16 2.24013e-17 1
SPEC:   7497.35   7502.85 7.09483e-16 2.26191e-17 1
SPEC:   7502.85   7508.35 7.06640e-16 2.28981e-17 1
SPEC:   7508.35   7513.85 7.29877e-16 2.31846e-17 1
SPEC:   7513.95   7519.45 7.29946e-16 2.35818e-17 1
SPEC:   7519.45   7524.95 7.60501e-16 2.43102e-17 1
SPEC:   7524.95   7530.45 7.33208e-16 2.43691e-17 1
SPEC:   7530.45   7535.95 7.17030e-16 2.44130e-17 1
SPEC:   7535.95   7541.45 6.93641e-16 2.46163e-17 1
SPEC:   7541.55   7547.05 7.24703e-16 2.48243e-17 1
SPEC:   7547.05   7552.55 7.14737e-16 2.50630e-17 1
SPEC:   7552.55   7558.05 7.34289e-16 2.54359e-17 1
SPEC:   7558.05   7563.55 7.44853e-16 2.55752e-17 1
SPEC:   7563.55   7569.05 6.66423e-16 2.59517e-17 1
SPEC:   7569.15   7574.65 6.47505e-16 2.63428e-17 1
SPEC:   7574.65   7580.15 6.70639e-16 2.61392e-17 1
SPEC:   7580.15   7585.65 6.52579e-16 2.64125e-17 1
SPEC:   7585.65   7591.15 6.41232e-16 2.65237e-17 1
SPEC:   7591.15   7596.65 5.60287e-16 2.66896e-17 1
SPEC:   7596.65   7602.15 4.06279e-16 2.68221e-17 1
SPEC:   7602.25   7607.75 2.26660e-16 2.66607e-17 1
SPEC:   7607.75   7613.25 1.82428e-16 2.67714e-17 1
SPEC:   7613.25   7618.75 2.76047e-16 2.70118e-17 1
SPEC:   7618.75   7624.25 3.40475e-16 2.70309e-17 1
SPEC:   7624.25   7629.75 3.70032e-16 2.71803e-17 1
SPEC:   7629.85   7635.35 3.41764e-16 2.69923e-17 1
SPEC:   7635.35   7640.85 3.29758e-16 2.69420e-17 1
SPEC:   7640.85   7646.35 3.48792e-16 2.69175e-17 1
SPEC:   7646.35   7651.85 3.88665e-16 2.69410e-17 1
SPEC:   7651.85   7657.35 4.71070e-16 2.68928e-17 1
SPEC:   7657.35   7662.85 5.20207e-16 2.69195e-17 1
SPEC:   7662.85   7668.35 5.43642e-16 2.67641e-17 1
SPEC:   7668.45   7673.95 5.46809e-16 2.66094e-17 1
SPEC:   7673.95   7679.45 5.69082e-16 2.65339e-17 1
SPEC:   7679.45   7684.95 6.33932e-16 2.64988e-17 1
SPEC:   7684.95   7690.45 6.56884e-16 2.64309e-17 1
SPEC:   7690.45   7695.95 6.69035e-16 2.63068e-17 1
SPEC:   7696.05   7701.55 6.52923e-16 2.62169e-17 1
SPEC:   7701.55   7707.05 6.39715e-16 2.59874e-17 1
SPEC:   7707.05   7712.55 6.48942e-16 2.66991e-17 1
SPEC:   7712.55   7718.05 6.53556e-16 2.68843e-17 1
SPEC:   7718.05   7723.55 6.56284e-16 2.60884e-17 1
SPEC:   7723.65   7729.15 6.83153e-16 2.58087e-17 1
SPEC:   7729.15   7734.65 7.30031e-16 2.54249e-17 1
SPEC:   7734.65   7740.15 6.65309e-16 2.52760e-17 1
SPEC:   7740.15   7745.65 6.40862e-16 2.51900e-17 1
SPEC:   7745.65   7751.15 6.46376e-16 2.60190e-17 1
SPEC:   7751.15   7756.65 6.60949e-16 2.54640e-17 1
SPEC:   7756.75   7762.25 6.95770e-16 2.51939e-17 1
SPEC:   7762.25   7767.75 6.83858e-16 2.46529e-17 1
SPEC:   7767.75   7773.25 6.74661e-16 2.47244e-17 1
SPEC:   7773.25   7778.75 6.49107e-16 2.47460e-17 1
SPEC:   7778.75   7784.25 6.18827e-16 2.46253e-17 1
SPEC:   7784.35   7789.85 6.62830e-16 2.43907e-17 1
SPEC:   7789.85   7795.35 7.13697e-16 2.49728e-17 1
SPEC:   7795.35   7800.85 7.18306e-16 2.42994e-17 1
SPEC:   7800.85   7806.35 7.06449e-16 2.42444e-17 1
SPEC:   7806.35   7811.85 6.54870e-16 2.43279e-17 1
SPEC:   7811.85   7817.35 6.39067e-16 2.40590e-17 1
SPEC:   7817.45   7822.95 6.59381e-16 2.47270e-17 1
SPEC:   7822.95   7828.45 6.79334e-16 2.39820e-17 1
SPEC:   7828.45   7833.95 7.14497e-16 2.36426e-17 1
SPEC:   7833.95   7839.45 7.05705e-16 2.38502e-17 1
SPEC:   7839.45   7844.95 6.83218e-16 2.38755e-17 1
SPEC:   7845.05   7850.55 6.24560e-16 2.40238e-17 1
SPEC:   7850.55   7856.05 6.34197e-16 2.44726e-17 1
SPEC:   7856.05   7861.55 6.86988e-16 2.39118e-17 1
SPEC:   7861.55   7867.05 6.94168e-16 2.36751e-17 1
SPEC:   7867.05   7872.55 7.08468e-16 2.38074e-17 1
SPEC:   7872.55   7878.05 7.14346e-16 2.35429e-17 1
SPEC:   7878.15   7883.65 6.90080e-16 2.35524e-17 1
SPEC:   7883.65   7889.15 6.71781e-16 2.36498e-17 1
SPEC:   7889.15   7894.65 6.43197e-16 2.34979e-17 1
SPEC:   7894.65   7900.15 6.39964e-16 2.29523e-17 1
SPEC:   7900.15   7905.65 6.81541e-16 2.28586e-17 1
SPEC:   7905.65   7911.15 6.90950e-16 2.33979e-17 1
SPEC:   7911.25   7916.75 6.50957e-16 2.38223e-17 1
SPEC:   7916.75   7922.25 6.31454e-16 2.32828e-17 1
SPEC:   7922.25   7927.75 6.04032e-16 2.28420e-17 1
SPEC:   7927.75   7933.25 6.42289e-16 2.29111e-17 1
SPEC:   7933.25   7938.75 6.69680e-16 2.24243e-17 1
SPEC:   7938.85   7944.35 6.98594e-16 2.22782e-17 1
SPEC:   7944.35   7949.85 6.29555e-16 2.24653e-17 1
SPEC:   7949.85   7955.35 5.89910e-16 2.21643e-17 1
SPEC:   7955.35   7960.85 6.07997e-16 2.20304e-17 1
SPEC:   7960.85   7966.35 6.33638e-16 2.26836e-17 1
SPEC:   7966.35   7971.85 6.50887e-16 2.19994e-17 1
SPEC:   7971.95   7977.45 6.04436e-16 2.19200e-17 1
SPEC:   7977.45   7982.95 6.57282e-16 2.19404e-17 1
SPEC:   7982.95   7988.45 6.59963e-16 2.13862e-17 1
SPEC:   7988.45   7993.95 5.96405e-16 2.21480e-17 1
SPEC:   7993.95   7999.45 5.69688e-16 2.16617e-17 1
SPEC:   7999.45   8004.95 6.37435e-16 2.09916e-17 1
SPEC:   8005.05   8010.55 6.44872e-16 2.08735e-17 1
SPEC:   8010.55   8016.05 5.99098e-16 2.10733e-17 1
SPEC:   8016.05   8021.55 5.74816e-16 2.07554e-17 1
SPEC:   8021.55   8027.05 5.71861e-16 2.12328e-17 1
SPEC:   8027.05   8032.55 5.61818e-16 2.07189e-17 1
SPEC:   8032.65   8038.15 5.58280e-16 2.02308e-17 1
SPEC:   8038.15   8043.65 5.59929e-16 2.00715e-17 1
SPEC:   8043.65   8049.15 5.96872e-16 2.00297e-17 1
SPEC:   8049.15   8054.65 5.88490e-16 2.01074e-17 1
SPEC:   8054.65   8060.15 5.70718e-16 1.99865e-17 1
SPEC:   8060.15   8065.65 5.52946e-16 2.01039e-17 1
SPEC:   8065.75   8071.25 5.44564e-16 1.95619e-17 1
SPEC:   8071.25   8076.75 5.46023e-16 1.94507e-17 1
SPEC:   8076.75   8082.25 5.51432e-16 1.94275e-17 1
SPEC:   8082.25   8087.75 5.15661e-16 1.93316e-17 1
SPEC:   8087.75   8093.25 5.22392e-16 1.93078e-17 1
SPEC:   8093.35   8098.85 4.90102e-16 1.92720e-17 1
SPEC:   8098.85   8104.35 4.91488e-16 1.93512e-17 1
SPEC:   8104.35   8109.85 5.16855e-16 1.91584e-17 1
SPEC:   8109.85   8115.35 5.52106e-16 1.90197e-17 1
SPEC:   8115.35   8120.85 5.39138e-16 1.89826e-17 1
SPEC:   8120.85   8126.35 5.20276e-16 1.89828e-17 1
SPEC:   8126.45   8131.95 4.93449e-16 1.89787e-17 1
SPEC:   8131.95   8137.45 4.97713e-16 1.90284e-17 1
SPEC:   8137.45   8142.95 4.89950e-16 1.90719e-17 1
SPEC:   8142.95   8148.45 5.05724e-16 1.91080e-17 1
SPEC:   8148.45   8153.95 5.43041e-16 1.90600e-17 1
SPEC:   8154.05   8159.55 5.17856e-16 1.90227e-17 1
SPEC:   8159.55   8165.05 4.79487e-16 1.90663e-17 1
SPEC:   8165.05   8170.55 4.80651e-16 1.91044e-17 1
SPEC:   8170.55   8176.05 4.84653e-16 1.91557e-17 1
SPEC:   8176.05   8181.55 5.10758e-16 1.92275e-17 1
SPEC:   8181.55   8187.05 5.36789e-16 1.93080e-17 1
SPEC:   8187.15   8192.65 5.48889e-16 1.94063e-17 1
SPEC:   8192.65   8198.15 5.30546e-16 1.94890e-17 1
SPEC:   8198.15   8203.65 5.19453e-16 1.95366e-17 1
SPEC:   8203.65   8209.15 5.02890e-16 1.96257e-17 1
SPEC:   8209.15   8214.65 5.11029e-16 1.97176e-17 1
SPEC:   8214.75   8220.25 5.11222e-16 1.97996e-17 1
SPEC:   8220.25   8225.75 5.35218e-16 1.99016e-17 1
SPEC:   8225.75   8231.25 5.26038e-16 1.99922e-17 1
SPEC:   8231.25   8236.75 4.86726e-16 2.00848e-17 1
SPEC:   8236.75   8242.25 5.05672e-16 2.02102e-17 1
SPEC:   8242.25   8247.75 5.02725e-16 2.03582e-17 1
SPEC:   8247.75   8253.25 5.34650e-16 2.04612e-17 1
SPEC:   8253.35   8258.85 5.77480e-16 2.05309e-17 1
SPEC:   8258.85   8264.35 6.10530e-16 2.06188e-17 1
SPEC:   8264.35   8269.85 5.56191e-16 2.07372e-17 1
SPEC:   8269.85   8275.35 5.34465e-16 2.08718e-17 1
SPEC:   8275.35   8280.85 5.29032e-16 2.16127e-17 1
SPEC:   8280.95   8286.45 4.80389e-16 2.20245e-17 1
SPEC:   8286.45   8291.95 5.22441e-16 2.21823e-17 1
SPEC:   8291.95   8297.45 5.60200e-16 2.20486e-17 1
SPEC:   8297.45   8302.95 5.21218e-16 2.24929e-17 1
SPEC:   8302.95   8308.45 5.41749e-16 2.17434e-17 1
SPEC:   8308.45   8313.95 5.37198e-16 2.19852e-17 1
SPEC:   8314.05   8319.55 4.90346e-16 2.18038e-17 1
SPEC:   8319.55   8325.05 4.66951e-16 2.17946e-17 1
SPEC:   8325.05   8330.55 4.66002e-16 2.18221e-17 1
SPEC:   8330.55   8336.05 5.55574e-16 2.19139e-17 1
SPEC:   8336.05   8341.55 5.67618e-16 2.21813e-17 1
SPEC:   8341.65   8347.15 4.92367e-16 2.38941e-17 1
SPEC:   8347.15   8352.65 4.76106e-16 2.35127e-17 1
SPEC:   8352.65   8358.15 4.86740e-16 2.31237e-17 1
SPEC:   8358.15   8363.65 4.49250e-16 2.25833e-17 1
SPEC:   8363.65   8369.15 5.03917e-16 2.28503e-17 1
SPEC:   8369.25   8374.75 5.13427e-16 2.25488e-17 1
SPEC:   8374.75   8380.25 4.75032e-16 2.26666e-17 1
SPEC:   8380.25   8385.75 4.91395e-16 2.32967e-17 1
SPEC:   8385.75   8391.25 5.04811e-16 2.29888e-17 1
SPEC:   8391.25   8396.75 4.96638e-16 2.29184e-17 1
SPEC:   8396.75   8402.25 4.81634e-16 2.44339e-17 1
SPEC:   8402.35   8407.85 5.54539e-16 2.37481e-17 1
SPEC:   8407.85   8413.35 5.53804e-16 2.31682e-17 1
SPEC:   8413.35   8418.85 5.20882e-16 2.39129e-17 1
SPEC:   8418.85   8424.35 4.88013e-16 2.35892e-17 1
SPEC:   8424.35   8429.85 4.75645e-16 2.41679e-17 1
SPEC:   8429.85   8435.35 4.91871e-16 2.51338e-17 1
SPEC:   8435.45   8440.95 4.92104e-16 2.39147e-17 1
SPEC:   8440.95   8446.45 4.94879e-16 2.37603e-17 1
SPEC:   8446.45   8451.95 5.28494e-16 2.41420e-17 1
SPEC:   8451.95   8457.45 5.04500e-16 2.47158e-17 1
SPEC:   8457.45   8462.95 4.98111e-16 2.42853e-17 1
SPEC:   8463.05   8468.55 5.00351e-16 2.55589e-17 1
SPEC:   8468.55   8474.05 4.74579e-16 2.52663e-17 1
SPEC:   8474.05   8479.55 4.82148e-16 2.47089e-17 1
SPEC:   8479.55   8485.05 5.24509e-16 2.48094e-17 1
SPEC:   8485.05   8490.55 5.59157e-16 2.49552e-17 1
SPEC:   8490.55   8496.05 5.33532e-16 2.55994e-17 1
SPEC:   8496.15   8501.65 5.33547e-16 2.57083e-17 1
SPEC:   8501.65   8507.15 5.19233e-16 2.63076e-17 1
SPEC:   8507.15   8512.65 5.01257e-16 2.64303e-17 1
SPEC:   8512.65   8518.15 5.22269e-16 2.59255e-17 1
SPEC:   8518.15   8523.65 5.89458e-16 2.61261e-17 1
SPEC:   8523.75   8529.25 5.67107e-16 2.63169e-17 1
SPEC:   8529.25   8534.75 5.57442e-16 2.65102e-17 1
SPEC:   8534.75   8540.25 5.41366e-16 2.68762e-17 1
SPEC:   8540.25   8545.75 4.62773e-16 2.71645e-17 1
SPEC:   8545.75   8551.25 4.87503e-16 2.75380e-17 1
SPEC:   8551.25   8556.75 5.49846e-16 2.77556e-17 1
SPEC:   8556.85   8562.35 5.48567e-16 2.75840e-17 1
SPEC:   8562.35   8567.85 5.53901e-16 2.77652e-17 1
SPEC:   8567.85   8573.35 4.91701e-16 2.79928e-17 1
SPEC:   8573.35   8578.85 5.07167e-16 2.82602e-17 1
SPEC:   8578.85   8584.35 5.40133e-16 2.84683e-17 1
SPEC:   8584.35   8589.85 5.55599e-16 2.87435e-17 1
SPEC:   8589.95   8595.45 5.89950e-16 2.90217e-17 1
SPEC:   8595.45   8600.95 6.33277e-16 2.93057e-17 1
SPEC:   8600.95   8606.45 6.36514e-16 2.94486e-17 1
SPEC:   8606.45   8611.95 5.68630e-16 2.96072e-17 1
SPEC:   8611.95   8617.45 4.98688e-16 3.00087e-17 1
SPEC:   8617.55   8623.05 5.16053e-16 3.05886e-17 1
SPEC:   8623.05   8628.55 5.60278e-16 3.11585e-17 1
SPEC:   8628.55   8634.05 5.94987e-16 3.15530e-17 1
SPEC:   8634.05   8639.55 6.00696e-16 3.16382e-17 1
SPEC:   8639.55   8645.05 5.44965e-16 3.14550e-17 1
SPEC:   8645.05   8650.55 5.63461e-16 3.14227e-17 1
SPEC:   8650.65   8656.15 5.15385e-16 3.20366e-17 1
SPEC:   8656.15   8661.65 4.83958e-16 3.24407e-17 1
SPEC:   8661.65   8667.15 5.39749e-16 3.26202e-17 1
SPEC:   8667.15   8672.65 5.08673e-16 3.26742e-17 1
SPEC:   8672.65   8678.15 5.72187e-16 3.26405e-17 1
SPEC:   8678.25   8683.75 5.45143e-16 3.25732e-17 1
SPEC:   8683.75   8689.25 5.14871e-16 3.25148e-17 1
SPEC:   8689.25   8694.75 5.10224e-16 3.24935e-17 1
SPEC:   8694.75   8700.25 4.96150e-16 3.25117e-17 1
SPEC:   8700.25   8705.75 5.70249e-16 3.26166e-17 1
SPEC:   8705.75   8711.25 5.98885e-16 3.27087e-17 1
SPEC:   8711.35   8716.85 5.86364e-16 3.27465e-17 1
SPEC:   8716.85   8722.35 5.63883e-16 3.27481e-17 1
SPEC:   8722.35   8727.85 4.96329e-16 3.28334e-17 1
SPEC:   8727.85   8733.35 4.82098e-16 3.29156e-17 1
SPEC:   8733.35   8738.85 4.97809e-16 3.29535e-17 1
SPEC:   8738.85   8744.35 5.50963e-16 3.30451e-17 1
SPEC:   8744.45   8749.95 5.53824e-16 3.30834e-17 1
SPEC:   8749.95   8755.45 5.75213e-16 3.31070e-17 1
SPEC:   8755.45   8760.95 5.89210e-16 3.34766e-17 1
SPEC:   8760.95   8766.45 4.51654e-16 3.44971e-17 1
SPEC:   8766.45   8771.95 4.26509e-16 3.48145e-17 1
SPEC:   8772.05   8777.55 4.94933e-16 3.43024e-17 1
SPEC:   8777.55   8783.05 5.28177e-16 3.47092e-17 1
SPEC:   8783.05   8788.55 5.46943e-16 3.38498e-17 1
SPEC:   8788.55   8794.05 5.51708e-16 3.35515e-17 1
SPEC:   8794.05   8799.55 5.31043e-16 3.35698e-17 1
SPEC:   8799.65   8805.15 4.42444e-16 3.29393e-17 1
SPEC:   8805.15   8810.65 4.89593e-16 3.28359e-17 1
SPEC:   8810.65   8816.15 5.53408e-16 3.28367e-17 1
SPEC:   8816.15   8821.65 5.57187e-16 3.26826e-17 1
SPEC:   8821.65   8827.15 5.62443e-16 3.32030e-17 1
SPEC:   8827.15   8832.65 5.84376e-16 3.49183e-17 1
SPEC:   8832.75   8838.25 5.11488e-16 3.39503e-17 1
SPEC:   8838.25   8843.75 4.59511e-16 3.35438e-17 1
SPEC:   8843.75   8849.25 4.84295e-16 3.24052e-17 1
SPEC:   8849.25   8854.75 5.40195e-16 3.25118e-17 1
SPEC:   8854.75   8860.25 5.87717e-16 3.21190e-17 1
SPEC:   8860.25   8865.75 6.13128e-16 3.18357e-17 1
SPEC:   8865.85   8871.35 5.28821e-16 3.24631e-17 1
SPEC:   8871.35   8876.85 4.73379e-16 3.21211e-17 1
SPEC:   8876.85   8882.35 4.89824e-16 3.13886e-17 1
SPEC:   8882.35   8887.85 5.17014e-16 3.25064e-17 1
SPEC:   8887.85   8893.35 5.07470e-16 3.29224e-17 1
SPEC:   8893.35   8898.85 5.33706e-16 3.12517e-17 1
SPEC:   8898.95   8904.45 4.79312e-16 3.13678e-17 1
SPEC:   8904.45   8909.95 4.82477e-16 3.16786e-17 1
SPEC:   8909.95   8915.45 4.62097e-16 3.07300e-17 1
SPEC:   8915.45   8920.95 4.94048e-16 3.15881e-17 1
SPEC:   8920.95   8926.45 5.33172e-16 3.23014e-17 1
SPEC:   8926.55   8932.05 5.17927e-16 3.05450e-17 1
SPEC:   8932.05   8937.55 5.26533e-16 3.00297e-17 1
SPEC:   8937.55   8943.05 5.20045e-16 2.99959e-17 1
SPEC:   8943.05   8948.55 4.98772e-16 3.05227e-17 1
SPEC:   8948.55   8954.05 4.43488e-16 2.97831e-17 1
SPEC:   8954.15   8959.65 4.83642e-16 3.05572e-17 1
SPEC:   8959.65   8965.15 5.40868e-16 3.08860e-17 1
SPEC:   8965.15   8970.65 4.90504e-16 2.93331e-17 1
SPEC:   8970.65   8976.15 4.16954e-16 2.90089e-17 1
SPEC:   8976.15   8981.65 4.09580e-16 2.88486e-17 1
SPEC:   8981.65   8987.15 4.68462e-16 2.88566e-17 1
SPEC:   8987.25   8992.75 4.59218e-16 2.92467e-17 1
SPEC:   8992.75   8998.25 4.85074e-16 2.86875e-17 1
SPEC:   8998.25   9003.75 4.21144e-16 2.93407e-17 1
SPEC:   9003.75   9009.25 4.34542e-16 2.90191e-17 1
SPEC:   9009.25   9014.75 3.86006e-16 2.80569e-17 1
SPEC:   9014.75   9020.25 3.83365e-16 2.78475e-17 1
SPEC:   9020.35   9025.85 4.05294e-16 2.77638e-17 1
SPEC:   9025.85   9031.35 4.15283e-16 2.76819e-17 1
SPEC:   9031.35   9036.85 4.72223e-16 2.76588e-17 1
SPEC:   9036.85   9042.35 4.01621e-16 2.78410e-17 1
SPEC:   9042.35   9047.85 3.31949e-16 2.76208e-17 1
SPEC:   9047.85   9053.35 4.05700e-16 2.79288e-17 1
SPEC:   9053.45   9058.95 4.34744e-16 2.73134e-17 1
SPEC:   9058.95   9064.45 4.67125e-16 2.70434e-17 1
SPEC:   9064.45   9069.95 4.08976e-16 2.69564e-17 1
SPEC:   9069.95   9075.45 3.88495e-16 2.67994e-17 1
SPEC:   9075.45   9080.95 3.62771e-16 2.66391e-17 1
SPEC:   9081.05   9086.55 3.61381e-16 2.65504e-17 1
SPEC:   9086.55   9092.05 3.99110e-16 2.66312e-17 1
SPEC:   9092.05   9097.55 4.37895e-16 2.65911e-17 1
SPEC:   9097.55   9103.05 4.27227e-16 2.66100e-17 1
SPEC:   9103.05   9108.55 4.15162e-16 2.63974e-17 1
SPEC:   9108.65   9114.15 3.60369e-16 2.60440e-17 1
SPEC:   9114.15   9119.65 3.69889e-16 2.59027e-17 1
SPEC:   9119.65   9125.15 3.92826e-16 2.58078e-17 1
SPEC:   9125.15   9130.65 4.16986e-16 2.56920e-17 1
SPEC:   9130.65   9136.15 3.86062e-16 2.56327e-17 1
SPEC:   9136.15   9141.65 3.36689e-16 2.55224e-17 1
SPEC:   9141.75   9147.25 3.84127e-16 2.54495e-17 1
SPEC:   9147.25   9152.75 4.09820e-16 2.55499e-17 1
SPEC:   9152.75   9158.25 4.02583e-16 2.54927e-17 1
SPEC:   9158.25   9163.75 3.90723e-16 2.53755e-17 1
SPEC:   9163.75   9169.25 3.28071e-16 2.50625e-17 1
SPEC:   9169.25   9174.75 3.48652e-16 2.49401e-17 1
SPEC:   9174.85   9180.35 4.09823e-16 2.48430e-17 1
SPEC:   9180.35   9185.85 4.03951e-16 2.47289e-17 1
SPEC:   9185.85   9191.35 3.85532e-16 2.46255e-17 1
SPEC:   9191.35   9196.85 4.20528e-16 2.45325e-17 1
SPEC:   9196.85   9202.35 4.10396e-16 2.44509e-17 1
SPEC:   9202.45   9207.95 3.63064e-16 2.43777e-17 1
SPEC:   9207.95   9213.45 3.55912e-16 2.42544e-17 1
SPEC:   9213.45   9218.95 3.84521e-16 2.41646e-17 1
SPEC:   9218.95   9224.45 3.73201e-16 2.40754e-17 1
SPEC:   9224.45   9229.95 3.68468e-16 2.39866e-17 1
SPECTRUM_END:

