  1702.30  0.374402E-07
  1703.70  0.373800E-07
  1705.10  0.373195E-07
  1706.40  0.372596E-07
  1707.80  0.371999E-07
  1709.20  0.371403E-07
  1710.60  0.370808E-07
  1711.90  0.370215E-07
  1713.30  0.369623E-07
  1714.70  0.369028E-07
  1716.10  0.368439E-07
  1717.40  0.367852E-07
  1718.80  0.367265E-07
  1720.20  0.366680E-07
  1721.50  0.366097E-07
  1722.90  0.365515E-07
  1724.30  0.364930E-07
  1725.70  0.364351E-07
  1727.00  0.363773E-07
  1728.40  0.363197E-07
  1729.80  0.362622E-07
  1731.10  0.362048E-07
  1732.50  0.361475E-07
  1733.90  0.360900E-07
  1735.20  0.360331E-07
  1736.60  0.359762E-07
  1738.00  0.359196E-07
  1739.40  0.358630E-07
  1740.70  0.358066E-07
  1742.10  0.357498E-07
  1743.50  0.356937E-07
  1744.80  0.356377E-07
  1746.20  0.355818E-07
  1747.60  0.355260E-07
  1749.00  0.354704E-07
  1750.30  0.354144E-07
  1751.70  0.353591E-07
  1753.10  0.353038E-07
  1754.40  0.352487E-07
  1755.80  0.351938E-07
  1757.20  0.351389E-07
  1758.60  0.350837E-07
  1759.90  0.350292E-07
  1761.30  0.349747E-07
  1762.70  0.349204E-07
  1764.10  0.348661E-07
  1765.40  0.348116E-07
  1766.80  0.347577E-07
  1768.20  0.347038E-07
  1769.50  0.346501E-07
  1770.90  0.345965E-07
  1772.30  0.345427E-07
  1773.70  0.344893E-07
  1775.00  0.344362E-07
  1776.40  0.343830E-07
  1777.80  0.343300E-07
  1779.20  0.342768E-07
  1780.50  0.342240E-07
  1781.90  0.341714E-07
  1783.30  0.341190E-07
  1784.60  0.340667E-07
  1786.00  0.340140E-07
  1787.40  0.339619E-07
  1788.80  0.339099E-07
  1790.10  0.338579E-07
  1791.50  0.338062E-07
  1792.90  0.337542E-07
  1794.20  0.337027E-07
  1795.60  0.336512E-07
  1797.00  0.336000E-07
  1798.30  0.335488E-07
  1799.70  0.334973E-07
  1801.10  0.334464E-07
  1802.50  0.333956E-07
  1803.80  0.333449E-07
  1805.20  0.332939E-07
  1806.60  0.332435E-07
  1808.00  0.331931E-07
  1809.30  0.331429E-07
  1810.70  0.330928E-07
  1812.10  0.330423E-07
  1813.40  0.329924E-07
  1814.80  0.329426E-07
  1816.20  0.328929E-07
  1817.60  0.328431E-07
  1818.90  0.327935E-07
  1820.30  0.327442E-07
  1821.70  0.326950E-07
  1823.10  0.326455E-07
  1824.40  0.325965E-07
  1825.80  0.325476E-07
  1827.20  0.324988E-07
  1828.60  0.324498E-07
  1829.90  0.324012E-07
  1831.30  0.323528E-07
  1832.70  0.323044E-07
  1834.00  0.322558E-07
  1835.40  0.322077E-07
  1836.80  0.321596E-07
  1838.20  0.321117E-07
  1839.50  0.320635E-07
  1840.90  0.320159E-07
  1842.30  0.319682E-07
  1843.60  0.319208E-07
  1845.00  0.318730E-07
  1846.40  0.318257E-07
  1847.80  0.317786E-07
  1849.10  0.317315E-07
  1850.50  0.316842E-07
  1851.90  0.316373E-07
  1853.20  0.315906E-07
  1854.60  0.315439E-07
  1856.00  0.314970E-07
  1857.40  0.314505E-07
  1858.70  0.314042E-07
  1860.10  0.313579E-07
  1861.50  0.313115E-07
  1862.90  0.312654E-07
  1864.20  0.312195E-07
  1865.60  0.311733E-07
  1867.00  0.311276E-07
  1868.30  0.310820E-07
  1869.70  0.310365E-07
  1871.10  0.309907E-07
  1872.50  0.309454E-07
  1873.80  0.309001E-07
  1875.20  0.308550E-07
  1876.60  0.308096E-07
  1878.00  0.307647E-07
  1879.30  0.307198E-07
  1880.70  0.306748E-07
  1882.10  0.306301E-07
  1883.40  0.305856E-07
  1884.80  0.305412E-07
  1886.20  0.304965E-07
  1887.60  0.304522E-07
  1888.90  0.304080E-07
  1890.30  0.303637E-07
  1891.70  0.303197E-07
  1893.10  0.302759E-07
  1894.40  0.302318E-07
  1895.80  0.301881E-07
  1897.20  0.301445E-07
  1898.60  0.301011E-07
  1899.90  0.300573E-07
  1901.30  0.300140E-07
  1902.70  0.299708E-07
  1904.10  0.299274E-07
  1905.40  0.298844E-07
  1906.80  0.298414E-07
  1908.20  0.297983E-07
  1909.50  0.297556E-07
  1910.90  0.297129E-07
  1912.30  0.296704E-07
  1913.70  0.296275E-07
  1915.00  0.295851E-07
  1916.40  0.295429E-07
  1917.80  0.295004E-07
  1919.20  0.294583E-07
  1920.50  0.294163E-07
  1921.90  0.293740E-07
  1923.30  0.293322E-07
  1924.60  0.292905E-07
  1926.00  0.292486E-07
  1927.40  0.292070E-07
  1928.80  0.291654E-07
  1930.10  0.291238E-07
  1931.50  0.290825E-07
  1932.90  0.290412E-07
  1934.30  0.289999E-07
  1935.60  0.289588E-07
  1937.00  0.289178E-07
  1938.40  0.288770E-07
  1939.80  0.288359E-07
  1941.10  0.287952E-07
  1942.50  0.287547E-07
  1943.90  0.287138E-07
  1945.20  0.286734E-07
  1946.60  0.286331E-07
  1948.00  0.285925E-07
  1949.40  0.285523E-07
  1950.70  0.285123E-07
  1952.10  0.284719E-07
  1953.50  0.284320E-07
  1954.80  0.283922E-07
  1956.20  0.283521E-07
  1957.60  0.283124E-07
  1959.00  0.282728E-07
  1960.30  0.282331E-07
  1961.70  0.281936E-07
  1963.10  0.281543E-07
  1964.50  0.281148E-07
  1965.80  0.280756E-07
  1967.20  0.280362E-07
  1968.60  0.279973E-07
  1970.00  0.279583E-07
  1971.30  0.279192E-07
  1972.70  0.278804E-07
  1974.10  0.278418E-07
  1975.50  0.278028E-07
  1976.80  0.277643E-07
  1978.20  0.277258E-07
  1979.60  0.276873E-07
  1980.90  0.276489E-07
  1982.30  0.276107E-07
  1983.70  0.275723E-07
  1985.10  0.275343E-07
  1986.40  0.274963E-07
  1987.80  0.274581E-07
  1989.20  0.274203E-07
  1990.60  0.273826E-07
  1991.90  0.273447E-07
  1993.30  0.273071E-07
  1994.70  0.272693E-07
  1996.10  0.272320E-07
  1997.40  0.271946E-07
  1998.80  0.271570E-07
  2000.20  0.271198E-07
  2001.60  0.270827E-07
  2002.90  0.270455E-07
  2004.30  0.270085E-07
  2005.70  0.269716E-07
  2007.10  0.269345E-07
  2008.40  0.268978E-07
  2009.80  0.268609E-07
  2011.20  0.268243E-07
  2012.50  0.267877E-07
  2013.90  0.267510E-07
  2015.30  0.267147E-07
  2016.70  0.266784E-07
  2018.00  0.266419E-07
  2019.40  0.266058E-07
  2020.80  0.265694E-07
  2022.20  0.265334E-07
  2023.50  0.264976E-07
  2024.90  0.264615E-07
  2026.30  0.264257E-07
  2027.70  0.263900E-07
  2029.00  0.263541E-07
  2030.40  0.263186E-07
  2031.80  0.262829E-07
  2033.20  0.262474E-07
  2034.50  0.262121E-07
  2035.90  0.261765E-07
  2037.30  0.261413E-07
  2038.60  0.261062E-07
  2040.00  0.260710E-07
  2041.40  0.260360E-07
  2042.80  0.260008E-07
  2044.10  0.259659E-07
  2045.50  0.259312E-07
  2046.90  0.258962E-07
  2048.30  0.258615E-07
  2049.60  0.258268E-07
  2051.00  0.257923E-07
  2052.40  0.257579E-07
  2053.80  0.257233E-07
  2055.10  0.256890E-07
  2056.50  0.256547E-07
  2057.90  0.256203E-07
  2059.20  0.255863E-07
  2060.60  0.255521E-07
  2062.00  0.255181E-07
  2063.40  0.254842E-07
  2064.80  0.254502E-07
  2066.10  0.254164E-07
  2067.50  0.253825E-07
  2068.90  0.253489E-07
  2070.20  0.253153E-07
  2071.60  0.252817E-07
  2073.00  0.252483E-07
  2074.40  0.252147E-07
  2075.70  0.251814E-07
  2077.10  0.251482E-07
  2078.50  0.251148E-07
  2079.90  0.250817E-07
  2081.20  0.250484E-07
  2082.60  0.250155E-07
  2084.00  0.249826E-07
  2085.40  0.249495E-07
  2086.70  0.249168E-07
  2088.10  0.248840E-07
  2089.50  0.248513E-07
  2090.90  0.248188E-07
  2092.20  0.247860E-07
  2093.60  0.247536E-07
  2095.00  0.247210E-07
  2096.40  0.246887E-07
  2097.70  0.246564E-07
  2099.10  0.246240E-07
  2100.50  0.245919E-07
  2101.90  0.245596E-07
  2103.20  0.245276E-07
  2104.60  0.244957E-07
  2106.00  0.244636E-07
  2107.30  0.244318E-07
  2108.70  0.243998E-07
  2110.10  0.243682E-07
  2111.50  0.243363E-07
  2112.80  0.243049E-07
  2114.20  0.242734E-07
  2115.60  0.242417E-07
  2117.00  0.242103E-07
  2118.30  0.241788E-07
  2119.70  0.241476E-07
  2121.10  0.241164E-07
  2122.50  0.240850E-07
  2123.80  0.240539E-07
  2125.20  0.240227E-07
  2126.60  0.239918E-07
  2128.00  0.239607E-07
  2129.30  0.239298E-07
  2130.70  0.238991E-07
  2132.10  0.238681E-07
  2133.40  0.238375E-07
  2134.80  0.238067E-07
  2136.20  0.237762E-07
  2137.60  0.237457E-07
  2138.90  0.237151E-07
  2140.30  0.236847E-07
  2141.70  0.236542E-07
  2143.10  0.236240E-07
  2144.40  0.235936E-07
  2145.80  0.235635E-07
  2147.20  0.235334E-07
  2148.60  0.235032E-07
  2149.90  0.234732E-07
  2151.30  0.234431E-07
  2152.70  0.234133E-07
  2154.10  0.233833E-07
  2155.40  0.233536E-07
  2156.80  0.233240E-07
  2158.20  0.232941E-07
  2159.60  0.232646E-07
  2160.90  0.232349E-07
  2162.30  0.232055E-07
  2163.70  0.231759E-07
  2165.10  0.231465E-07
  2166.40  0.231172E-07
  2167.80  0.230878E-07
  2169.20  0.230586E-07
  2170.60  0.230293E-07
  2171.90  0.230003E-07
  2173.30  0.229711E-07
  2174.70  0.229422E-07
  2176.10  0.229133E-07
  2177.40  0.228843E-07
  2178.80  0.228555E-07
  2180.20  0.228266E-07
  2181.60  0.227979E-07
  2182.90  0.227691E-07
  2184.30  0.227406E-07
  2185.70  0.227121E-07
  2187.10  0.226834E-07
  2188.40  0.226550E-07
  2189.80  0.226265E-07
  2191.20  0.225981E-07
  2192.60  0.225697E-07
  2193.90  0.225415E-07
  2195.30  0.225134E-07
  2196.70  0.224851E-07
  2198.00  0.224571E-07
  2199.40  0.224290E-07
  2200.80  0.224010E-07
  2202.20  0.223730E-07
  2203.50  0.223452E-07
  2204.90  0.223172E-07
  2206.30  0.222895E-07
  2207.70  0.222618E-07
  2209.00  0.222340E-07
  2210.40  0.222065E-07
  2211.80  0.221788E-07
  2213.20  0.221513E-07
  2214.50  0.221237E-07
  2215.90  0.220964E-07
  2217.30  0.220691E-07
  2218.70  0.220417E-07
  2220.00  0.220145E-07
  2221.40  0.219871E-07
  2222.80  0.219600E-07
  2224.20  0.219327E-07
  2225.50  0.219058E-07
  2226.90  0.218786E-07
  2228.30  0.218517E-07
  2229.60  0.218249E-07
  2231.00  0.217979E-07
  2232.40  0.217712E-07
  2233.80  0.217442E-07
  2235.10  0.217176E-07
  2236.50  0.216908E-07
  2237.90  0.216643E-07
  2239.30  0.216376E-07
  2240.60  0.216111E-07
  2242.00  0.215848E-07
  2243.40  0.215582E-07
  2244.80  0.215318E-07
  2246.10  0.215054E-07
  2247.50  0.214792E-07
  2248.90  0.214529E-07
  2250.30  0.214268E-07
  2251.60  0.214005E-07
  2253.00  0.213745E-07
  2254.40  0.213485E-07
  2255.80  0.213224E-07
  2257.10  0.212965E-07
  2258.50  0.212705E-07
  2259.90  0.212447E-07
  2261.30  0.212188E-07
  2262.60  0.211932E-07
  2264.00  0.211672E-07
  2265.40  0.211417E-07
  2266.80  0.211161E-07
  2268.10  0.210905E-07
  2269.50  0.210650E-07
  2270.90  0.210394E-07
  2272.30  0.210140E-07
  2273.60  0.209885E-07
  2275.00  0.209633E-07
  2276.40  0.209379E-07
  2277.80  0.209127E-07
  2279.10  0.208874E-07
  2280.50  0.208622E-07
  2281.90  0.208372E-07
  2283.30  0.208120E-07
  2284.60  0.207871E-07
  2286.00  0.207620E-07
  2287.40  0.207371E-07
  2288.80  0.207121E-07
  2290.10  0.206874E-07
  2291.50  0.206625E-07
  2292.90  0.206378E-07
  2294.20  0.206132E-07
  2295.60  0.205883E-07
  2297.00  0.205638E-07
  2298.40  0.205391E-07
  2299.80  0.205147E-07
  2301.10  0.204901E-07
  2302.50  0.204656E-07
  2303.90  0.204412E-07
  2305.20  0.204169E-07
  2306.60  0.203927E-07
  2308.00  0.203683E-07
  2309.40  0.203441E-07
  2310.80  0.203198E-07
  2312.10  0.202957E-07
  2313.50  0.202716E-07
  2314.90  0.202475E-07
  2316.20  0.202234E-07
  2317.60  0.201995E-07
  2319.00  0.201755E-07
  2320.40  0.201517E-07
  2321.70  0.201279E-07
  2323.10  0.201040E-07
  2324.50  0.200803E-07
  2325.90  0.200565E-07
  2327.20  0.200329E-07
  2328.60  0.200091E-07
  2330.00  0.199856E-07
  2331.40  0.199620E-07
  2332.70  0.199386E-07
  2334.10  0.199151E-07
  2335.50  0.198916E-07
  2336.90  0.198683E-07
  2338.20  0.198449E-07
  2339.60  0.198215E-07
  2341.00  0.197982E-07
  2342.40  0.197751E-07
  2343.70  0.197518E-07
  2345.10  0.197287E-07
  2346.50  0.197055E-07
  2347.90  0.196825E-07
  2349.20  0.196596E-07
  2350.60  0.196366E-07
  2352.00  0.196136E-07
  2353.40  0.195906E-07
  2354.70  0.195679E-07
  2356.10  0.195450E-07
  2357.50  0.195222E-07
  2358.90  0.194994E-07
  2360.20  0.194768E-07
  2361.60  0.194541E-07
  2363.00  0.194314E-07
  2364.40  0.194089E-07
  2365.70  0.193863E-07
  2367.10  0.193638E-07
  2368.50  0.193413E-07
  2369.90  0.193190E-07
  2371.20  0.192965E-07
  2372.60  0.192742E-07
  2374.00  0.192519E-07
  2375.40  0.192296E-07
  2376.70  0.192075E-07
  2378.10  0.191851E-07
  2379.50  0.191631E-07
  2380.90  0.191409E-07
  2382.20  0.191188E-07
  2383.60  0.190967E-07
  2385.00  0.190748E-07
  2386.30  0.190529E-07
  2387.70  0.190308E-07
  2389.10  0.190090E-07
  2390.50  0.189871E-07
  2391.80  0.189654E-07
  2393.20  0.189435E-07
  2394.60  0.189218E-07
  2396.00  0.189001E-07
  2397.30  0.188784E-07
  2398.70  0.188569E-07
  2400.10  0.188352E-07
  2401.50  0.188137E-07
  2402.80  0.187921E-07
  2404.20  0.187707E-07
  2405.60  0.187492E-07
  2407.00  0.187278E-07
  2408.30  0.187064E-07
  2409.70  0.186852E-07
  2411.10  0.186639E-07
  2412.50  0.186425E-07
  2413.80  0.186214E-07
  2415.20  0.186001E-07
  2416.60  0.185790E-07
  2418.00  0.185578E-07
  2419.30  0.185369E-07
  2420.70  0.185157E-07
  2422.10  0.184948E-07
  2423.40  0.184739E-07
  2424.80  0.184528E-07
  2426.20  0.184320E-07
  2427.60  0.184111E-07
  2428.90  0.183902E-07
  2430.30  0.183694E-07
  2431.70  0.183487E-07
  2433.10  0.183279E-07
  2434.40  0.183073E-07
  2435.80  0.182867E-07
  2437.20  0.182659E-07
  2438.60  0.182455E-07
  2439.90  0.182249E-07
  2441.30  0.182043E-07
  2442.70  0.181838E-07
  2444.10  0.181635E-07
  2445.40  0.181431E-07
  2446.80  0.181226E-07
  2448.20  0.181024E-07
  2449.60  0.180819E-07
  2450.90  0.180618E-07
  2452.30  0.180415E-07
  2453.70  0.180213E-07
  2455.10  0.180012E-07
  2456.40  0.179810E-07
  2457.80  0.179609E-07
  2459.20  0.179408E-07
  2460.60  0.179208E-07
  2461.90  0.179007E-07
  2463.30  0.178808E-07
  2464.70  0.178608E-07
  2466.10  0.178409E-07
  2467.40  0.178212E-07
  2468.80  0.178013E-07
  2470.20  0.177815E-07
  2471.60  0.177616E-07
  2472.90  0.177420E-07
  2474.30  0.177222E-07
  2475.70  0.177026E-07
  2477.10  0.176830E-07
  2478.40  0.176633E-07
  2479.80  0.176438E-07
  2481.20  0.176241E-07
  2482.60  0.176047E-07
  2483.90  0.175852E-07
  2485.30  0.175658E-07
  2486.70  0.175464E-07
  2488.10  0.175270E-07
  2489.40  0.175077E-07
  2490.80  0.174883E-07
  2492.20  0.174691E-07
  2493.50  0.174499E-07
  2494.90  0.174306E-07
  2496.30  0.174114E-07
  2497.70  0.173922E-07
  2499.00  0.173732E-07
  2500.40  0.173540E-07
  2501.80  0.173350E-07
  2503.20  0.173161E-07
  2504.50  0.172969E-07
  2505.90  0.172781E-07
  2507.30  0.172590E-07
  2508.70  0.172402E-07
  2510.00  0.172213E-07
  2511.40  0.172024E-07
  2512.80  0.171837E-07
  2514.20  0.171648E-07
  2515.50  0.171461E-07
  2516.90  0.171274E-07
  2518.30  0.171087E-07
  2519.60  0.170901E-07
  2521.00  0.170715E-07
  2522.40  0.170529E-07
  2523.80  0.170342E-07
  2525.10  0.170157E-07
  2526.50  0.169972E-07
  2527.90  0.169788E-07
  2529.30  0.169603E-07
  2530.60  0.169419E-07
  2532.00  0.169235E-07
  2533.40  0.169051E-07
  2534.80  0.168869E-07
  2536.10  0.168686E-07
  2537.50  0.168503E-07
  2538.90  0.168320E-07
  2540.30  0.168138E-07
  2541.60  0.167957E-07
  2543.00  0.167776E-07
  2544.40  0.167594E-07
  2545.80  0.167413E-07
  2547.10  0.167232E-07
  2548.50  0.167053E-07
  2549.90  0.166873E-07
  2551.30  0.166693E-07
  2552.60  0.166513E-07
  2554.00  0.166334E-07
  2555.40  0.166155E-07
  2556.80  0.165977E-07
  2558.10  0.165799E-07
  2559.50  0.165621E-07
  2560.90  0.165443E-07
  2562.20  0.165265E-07
  2563.60  0.165089E-07
  2565.00  0.164912E-07
  2566.40  0.164735E-07
  2567.80  0.164559E-07
  2569.10  0.164383E-07
  2570.50  0.164208E-07
  2571.90  0.164031E-07
  2573.20  0.163857E-07
  2574.60  0.163682E-07
  2576.00  0.163507E-07
  2577.40  0.163334E-07
  2578.70  0.163158E-07
  2580.10  0.162986E-07
  2581.50  0.162811E-07
  2582.90  0.162639E-07
  2584.20  0.162467E-07
  2585.60  0.162293E-07
  2587.00  0.162121E-07
  2588.40  0.161948E-07
  2589.70  0.161777E-07
  2591.10  0.161605E-07
  2592.50  0.161434E-07
  2593.90  0.161264E-07
  2595.20  0.161093E-07
  2596.60  0.160922E-07
  2598.00  0.160752E-07
  2599.40  0.160582E-07
  2600.70  0.160412E-07
  2602.10  0.160244E-07
  2603.50  0.160073E-07
  2604.80  0.159905E-07
  2606.20  0.159737E-07
  2607.60  0.159568E-07
  2609.00  0.159401E-07
  2610.30  0.159232E-07
  2611.70  0.159066E-07
  2613.10  0.158898E-07
  2614.50  0.158731E-07
  2615.80  0.158564E-07
  2617.20  0.158398E-07
  2618.60  0.158231E-07
  2619.90  0.158066E-07
  2621.30  0.157900E-07
  2622.70  0.157735E-07
  2624.10  0.157571E-07
  2625.40  0.157405E-07
  2626.80  0.157241E-07
  2628.20  0.157075E-07
  2629.60  0.156912E-07
  2630.90  0.156748E-07
  2632.30  0.156584E-07
  2633.70  0.156421E-07
  2635.10  0.156259E-07
  2636.40  0.156095E-07
  2637.80  0.155933E-07
  2639.20  0.155772E-07
  2640.60  0.155608E-07
  2641.90  0.155448E-07
  2643.30  0.155285E-07
  2644.70  0.155124E-07
  2646.10  0.154963E-07
  2647.40  0.154802E-07
  2648.80  0.154642E-07
  2650.20  0.154482E-07
  2651.60  0.154321E-07
  2652.90  0.154162E-07
  2654.30  0.154002E-07
  2655.70  0.153843E-07
  2657.00  0.153684E-07
  2658.40  0.153526E-07
  2659.80  0.153366E-07
  2661.20  0.153209E-07
  2662.50  0.153051E-07
  2663.90  0.152893E-07
  2665.30  0.152735E-07
  2666.70  0.152577E-07
  2668.00  0.152421E-07
  2669.40  0.152264E-07
  2670.80  0.152107E-07
  2672.10  0.151951E-07
  2673.50  0.151796E-07
  2674.90  0.151639E-07
  2676.30  0.151484E-07
  2677.60  0.151329E-07
  2679.00  0.151173E-07
  2680.40  0.151018E-07
  2681.80  0.150864E-07
  2683.10  0.150709E-07
  2684.50  0.150555E-07
  2685.90  0.150401E-07
  2687.30  0.150247E-07
  2688.60  0.150094E-07
  2690.00  0.149942E-07
  2691.40  0.149787E-07
  2692.80  0.149635E-07
  2694.10  0.149483E-07
  2695.50  0.149330E-07
  2696.90  0.149178E-07
  2698.20  0.149027E-07
  2699.60  0.148874E-07
  2701.00  0.148724E-07
  2702.40  0.148573E-07
  2703.70  0.148421E-07
  2705.10  0.148271E-07
  2706.50  0.148121E-07
  2707.90  0.147970E-07
  2709.20  0.147821E-07
  2710.60  0.147671E-07
  2712.00  0.147522E-07
  2713.40  0.147372E-07
  2714.70  0.147223E-07
  2716.10  0.147074E-07
  2717.50  0.146926E-07
  2718.80  0.146777E-07
  2720.20  0.146629E-07
  2721.60  0.146481E-07
  2723.00  0.146333E-07
  2724.30  0.146186E-07
  2725.70  0.146038E-07
  2727.10  0.145891E-07
  2728.40  0.145745E-07
  2729.80  0.145598E-07
  2731.20  0.145451E-07
  2732.60  0.145306E-07
  2733.90  0.145160E-07
  2735.30  0.145014E-07
  2736.70  0.144868E-07
  2738.10  0.144724E-07
  2739.40  0.144578E-07
  2740.80  0.144434E-07
  2742.20  0.144289E-07
  2743.60  0.144144E-07
  2744.90  0.144000E-07
  2746.30  0.143857E-07
  2747.70  0.143713E-07
  2749.10  0.143569E-07
  2750.40  0.143426E-07
  2751.80  0.143283E-07
  2753.20  0.143140E-07
  2754.50  0.142997E-07
  2755.90  0.142855E-07
  2757.30  0.142713E-07
  2758.70  0.142571E-07
  2760.00  0.142429E-07
  2761.40  0.142288E-07
  2762.80  0.142145E-07
  2764.10  0.142005E-07
  2765.50  0.141864E-07
  2766.90  0.141724E-07
  2768.30  0.141582E-07
  2769.60  0.141442E-07
  2771.00  0.141302E-07
  2772.40  0.141161E-07
  2773.80  0.141022E-07
  2775.10  0.140883E-07
  2776.50  0.140744E-07
  2777.90  0.140604E-07
  2779.20  0.140466E-07
  2780.60  0.140327E-07
  2782.00  0.140190E-07
  2783.40  0.140050E-07
  2784.70  0.139912E-07
  2786.10  0.139775E-07
  2787.50  0.139637E-07
  2788.90  0.139499E-07
  2790.20  0.139362E-07
  2791.60  0.139226E-07
  2793.00  0.139088E-07
  2794.40  0.138952E-07
  2795.70  0.138815E-07
  2797.10  0.138680E-07
  2798.50  0.138543E-07
  2799.80  0.138407E-07
  2801.20  0.138272E-07
  2802.60  0.138136E-07
  2804.00  0.138001E-07
  2805.30  0.137866E-07
  2806.70  0.137732E-07
  2808.10  0.137597E-07
  2809.40  0.137463E-07
  2810.80  0.137328E-07
  2812.20  0.137194E-07
  2813.60  0.137061E-07
  2814.90  0.136926E-07
  2816.30  0.136793E-07
  2817.70  0.136660E-07
  2819.10  0.136528E-07
  2820.40  0.136395E-07
  2821.80  0.136261E-07
  2823.20  0.136129E-07
  2824.50  0.135997E-07
  2825.90  0.135866E-07
  2827.30  0.135733E-07
  2828.70  0.135602E-07
  2830.00  0.135470E-07
  2831.40  0.135339E-07
  2832.80  0.135207E-07
  2834.10  0.135076E-07
  2835.50  0.134946E-07
  2836.90  0.134815E-07
  2838.30  0.134686E-07
  2839.60  0.134555E-07
  2841.00  0.134424E-07
  2842.40  0.134296E-07
  2843.80  0.134166E-07
  2845.10  0.134037E-07
  2846.50  0.133907E-07
  2847.90  0.133779E-07
  2849.20  0.133649E-07
  2850.60  0.133521E-07
  2852.00  0.133392E-07
  2853.40  0.133264E-07
  2854.70  0.133136E-07
  2856.10  0.133008E-07
  2857.50  0.132881E-07
  2858.90  0.132753E-07
  2860.20  0.132625E-07
  2861.60  0.132499E-07
  2863.00  0.132371E-07
  2864.30  0.132245E-07
  2865.70  0.132118E-07
  2867.10  0.131991E-07
  2868.40  0.131866E-07
  2869.80  0.131739E-07
  2871.20  0.131614E-07
  2872.60  0.131487E-07
  2873.90  0.131363E-07
  2875.30  0.131237E-07
  2876.70  0.131112E-07
  2878.10  0.130987E-07
  2879.40  0.130862E-07
  2880.80  0.130738E-07
  2882.20  0.130613E-07
  2883.50  0.130488E-07
  2884.90  0.130365E-07
  2886.30  0.130241E-07
  2887.70  0.130117E-07
  2889.00  0.129993E-07
  2890.40  0.129870E-07
  2891.80  0.129747E-07
  2893.10  0.129624E-07
  2894.50  0.129502E-07
  2895.90  0.129378E-07
  2897.30  0.129256E-07
  2898.60  0.129134E-07
  2900.00  0.129012E-07
  2901.40  0.128890E-07
  2902.70  0.128768E-07
  2904.10  0.128646E-07
  2905.50  0.128525E-07
  2906.90  0.128403E-07
  2908.20  0.128283E-07
  2909.60  0.128162E-07
  2911.00  0.128041E-07
  2912.30  0.127921E-07
  2913.70  0.127799E-07
  2915.10  0.127680E-07
  2916.50  0.127560E-07
  2917.80  0.127440E-07
  2919.20  0.127321E-07
  2920.60  0.127201E-07
  2921.90  0.127082E-07
  2923.30  0.126962E-07
  2924.70  0.126842E-07
  2926.10  0.126724E-07
  2927.40  0.126605E-07
  2928.80  0.126487E-07
  2930.20  0.126369E-07
  2931.50  0.126250E-07
  2932.90  0.126132E-07
  2934.30  0.126014E-07
  2935.70  0.125896E-07
  2937.00  0.125779E-07
  2938.40  0.125662E-07
  2939.80  0.125545E-07
  2941.10  0.125428E-07
  2942.50  0.125311E-07
  2943.90  0.125194E-07
  2945.30  0.125077E-07
  2946.60  0.124960E-07
  2948.00  0.124845E-07
  2949.40  0.124729E-07
  2950.70  0.124613E-07
  2952.10  0.124497E-07
  2953.50  0.124382E-07
  2954.90  0.124267E-07
  2956.20  0.124150E-07
  2957.60  0.124036E-07
  2959.00  0.123921E-07
  2960.30  0.123806E-07
  2961.70  0.123692E-07
  2963.10  0.123577E-07
  2964.40  0.123463E-07
  2965.80  0.123349E-07
  2967.20  0.123235E-07
  2968.60  0.123122E-07
  2969.90  0.123008E-07
  2971.30  0.122893E-07
  2972.70  0.122781E-07
  2974.10  0.122667E-07
  2975.40  0.122554E-07
  2976.80  0.122442E-07
  2978.20  0.122329E-07
  2979.50  0.122216E-07
  2980.90  0.122104E-07
  2982.30  0.121992E-07
  2983.60  0.121880E-07
  2985.00  0.121768E-07
  2986.40  0.121656E-07
  2987.80  0.121545E-07
  2989.10  0.121433E-07
  2990.50  0.121321E-07
  2991.90  0.121211E-07
  2993.20  0.121099E-07
  2994.60  0.120989E-07
  2996.00  0.120878E-07
  2997.40  0.120767E-07
  2998.70  0.120658E-07
  3000.10  0.120547E-07
  3001.50  0.120437E-07
  3002.80  0.120328E-07
  3004.20  0.120217E-07
  3005.60  0.120108E-07
  3006.90  0.119999E-07
  3008.30  0.119889E-07
  3009.70  0.119780E-07
  3011.10  0.119671E-07
  3012.40  0.119562E-07
  3013.80  0.119453E-07
  3015.20  0.119344E-07
  3016.50  0.119236E-07
  3017.90  0.119128E-07
  3019.30  0.119020E-07
  3020.60  0.118911E-07
  3022.00  0.118804E-07
  3023.40  0.118696E-07
  3024.80  0.118588E-07
  3026.10  0.118482E-07
  3027.50  0.118374E-07
  3028.90  0.118267E-07
  3030.20  0.118160E-07
  3031.60  0.118053E-07
  3033.00  0.117946E-07
  3034.40  0.117841E-07
  3035.70  0.117734E-07
  3037.10  0.117628E-07
  3038.50  0.117522E-07
  3039.80  0.117416E-07
  3041.20  0.117311E-07
  3042.60  0.117205E-07
  3043.90  0.117099E-07
  3045.30  0.116994E-07
  3046.70  0.116889E-07
  3048.10  0.116783E-07
  3049.40  0.116679E-07
  3050.80  0.116574E-07
  3052.20  0.116469E-07
  3053.50  0.116365E-07
  3054.90  0.116260E-07
  3056.30  0.116156E-07
  3057.60  0.116052E-07
  3059.00  0.115948E-07
  3060.40  0.115844E-07
  3061.80  0.115741E-07
  3063.10  0.115637E-07
  3064.50  0.115533E-07
  3065.80  0.115434E-07
  3068.60  0.115226E-07
  3071.30  0.115021E-07
  3074.10  0.114816E-07
  3076.80  0.114610E-07
  3079.60  0.114406E-07
  3082.30  0.114203E-07
  3085.00  0.113999E-07
  3087.80  0.113797E-07
  3090.50  0.113595E-07
  3093.30  0.113393E-07
  3096.00  0.113192E-07
  3098.80  0.112991E-07
  3101.50  0.112791E-07
  3104.30  0.112592E-07
  3107.00  0.112394E-07
  3109.80  0.112194E-07
  3112.50  0.111996E-07
  3115.20  0.111800E-07
  3118.00  0.111602E-07
  3120.80  0.111406E-07
  3123.50  0.111211E-07
  3126.20  0.111015E-07
  3129.00  0.110820E-07
  3131.70  0.110625E-07
  3134.50  0.110432E-07
  3137.20  0.110239E-07
  3140.00  0.110046E-07
  3142.70  0.109854E-07
  3145.50  0.109663E-07
  3148.20  0.109470E-07
  3151.00  0.109280E-07
  3153.70  0.109090E-07
  3156.40  0.108900E-07
  3159.20  0.108711E-07
  3161.90  0.108522E-07
  3164.70  0.108334E-07
  3167.40  0.108146E-07
  3170.20  0.107958E-07
  3172.90  0.107772E-07
  3175.70  0.107585E-07
  3178.40  0.107400E-07
  3181.20  0.107214E-07
  3183.90  0.107029E-07
  3186.70  0.106845E-07
  3189.40  0.106660E-07
  3192.20  0.106477E-07
  3194.90  0.106294E-07
  3197.60  0.106112E-07
  3200.40  0.105930E-07
  3203.10  0.105747E-07
  3205.90  0.105567E-07
  3208.60  0.105386E-07
  3211.40  0.105205E-07
  3214.10  0.105027E-07
  3216.90  0.104847E-07
  3219.60  0.104668E-07
  3222.40  0.104490E-07
  3225.10  0.104312E-07
  3227.90  0.104134E-07
  3230.60  0.103957E-07
  3233.40  0.103781E-07
  3236.10  0.103604E-07
  3238.90  0.103429E-07
  3241.60  0.103254E-07
  3244.40  0.103079E-07
  3247.10  0.102905E-07
  3249.80  0.102731E-07
  3252.60  0.102557E-07
  3255.30  0.102384E-07
  3258.10  0.102211E-07
  3260.80  0.102040E-07
  3263.60  0.101868E-07
  3266.30  0.101697E-07
  3269.10  0.101525E-07
  3271.80  0.101355E-07
  3274.60  0.101185E-07
  3277.30  0.101015E-07
  3280.10  0.100847E-07
  3282.80  0.100678E-07
  3285.60  0.100510E-07
  3288.30  0.100341E-07
  3291.10  0.100175E-07
  3293.80  0.100007E-07
  3296.60  0.998408E-08
  3299.30  0.996744E-08
  3302.00  0.995086E-08
  3304.80  0.993430E-08
  3307.50  0.991780E-08
  3310.30  0.990132E-08
  3313.00  0.988496E-08
  3315.80  0.986856E-08
  3318.50  0.985221E-08
  3321.30  0.983591E-08
  3324.00  0.981970E-08
  3326.80  0.980347E-08
  3329.50  0.978729E-08
  3332.30  0.977114E-08
  3335.00  0.975508E-08
  3337.80  0.973901E-08
  3340.50  0.972299E-08
  3343.30  0.970700E-08
  3346.00  0.969111E-08
  3348.80  0.967520E-08
  3351.50  0.965933E-08
  3354.20  0.964350E-08
  3357.00  0.962776E-08
  3359.70  0.961201E-08
  3362.50  0.959629E-08
  3365.20  0.958061E-08
  3368.00  0.956503E-08
  3370.70  0.954943E-08
  3373.50  0.953387E-08
  3376.20  0.951835E-08
  3379.00  0.950286E-08
  3381.70  0.948746E-08
  3384.50  0.947205E-08
  3387.20  0.945668E-08
  3390.00  0.944134E-08
  3392.70  0.942610E-08
  3395.50  0.941084E-08
  3398.20  0.939561E-08
  3401.00  0.938042E-08
  3403.70  0.936527E-08
  3406.40  0.935021E-08
  3409.20  0.933513E-08
  3411.90  0.932009E-08
  3414.70  0.930509E-08
  3417.40  0.929012E-08
  3420.20  0.927523E-08
  3422.90  0.926033E-08
  3425.70  0.924547E-08
  3428.40  0.923065E-08
  3431.20  0.921591E-08
  3433.90  0.920116E-08
  3436.70  0.918644E-08
  3439.40  0.917175E-08
  3442.20  0.915711E-08
  3444.90  0.914255E-08
  3447.70  0.912797E-08
  3450.40  0.911342E-08
  3453.20  0.909891E-08
  3455.90  0.908444E-08
  3458.70  0.907005E-08
  3461.40  0.905564E-08
  3464.20  0.904127E-08
  3466.90  0.902694E-08
  3469.70  0.901264E-08
  3472.40  0.899836E-08
  3475.10  0.898418E-08
  3477.90  0.896997E-08
  3480.60  0.895580E-08
  3483.40  0.894167E-08
  3486.10  0.892757E-08
  3488.90  0.891355E-08
  3491.60  0.889952E-08
  3494.40  0.888551E-08
  3497.10  0.887155E-08
  3499.90  0.885761E-08
  3502.60  0.884376E-08
  3505.40  0.882988E-08
  3508.10  0.881605E-08
  3510.90  0.880224E-08
  3513.60  0.878847E-08
  3516.40  0.877473E-08
  3519.10  0.876107E-08
  3521.90  0.874739E-08
  3524.60  0.873375E-08
  3527.40  0.872013E-08
  3530.10  0.870656E-08
  3532.90  0.869305E-08
  3535.60  0.867954E-08
  3538.40  0.866605E-08
  3541.10  0.865260E-08
  3543.90  0.863918E-08
  3546.60  0.862578E-08
  3549.40  0.861247E-08
  3552.10  0.859914E-08
  3554.90  0.858584E-08
  3557.60  0.857258E-08
  3560.40  0.855933E-08
  3563.10  0.854612E-08
  3565.80  0.853300E-08
  3568.60  0.851985E-08
  3571.30  0.850673E-08
  3574.10  0.849366E-08
  3576.80  0.848060E-08
  3579.60  0.846757E-08
  3582.30  0.845457E-08
  3585.10  0.844166E-08
  3587.80  0.842872E-08
  3590.60  0.841581E-08
  3593.30  0.840293E-08
  3596.10  0.839010E-08
  3598.80  0.837728E-08
  3601.60  0.836453E-08
  3604.30  0.835177E-08
  3607.10  0.833904E-08
  3609.80  0.832634E-08
  3612.60  0.831368E-08
  3615.30  0.830103E-08
  3618.10  0.828846E-08
  3620.80  0.827588E-08
  3623.60  0.826332E-08
  3626.30  0.825079E-08
  3629.10  0.823829E-08
  3631.80  0.822582E-08
  3634.60  0.821337E-08
  3637.30  0.820101E-08
  3640.10  0.818862E-08
  3642.80  0.817626E-08
  3645.60  0.816393E-08
  3648.30  0.815163E-08
  3651.10  0.813936E-08
  3653.80  0.812711E-08
  3656.50  0.811493E-08
  3659.30  0.810274E-08
  3662.00  0.809057E-08
  3664.80  0.807844E-08
  3667.50  0.806633E-08
  3670.30  0.805425E-08
  3673.00  0.804219E-08
  3675.80  0.803020E-08
  3678.50  0.801819E-08
  3681.30  0.800622E-08
  3684.00  0.799427E-08
  3686.80  0.798235E-08
  3689.50  0.797046E-08
  3692.30  0.795859E-08
  3695.00  0.794679E-08
  3697.80  0.793498E-08
  3700.50  0.792319E-08
  3703.30  0.791142E-08
  3706.00  0.789968E-08
  3708.80  0.788798E-08
  3711.50  0.787629E-08
  3714.30  0.786468E-08
  3717.00  0.785305E-08
  3719.80  0.784143E-08
  3722.50  0.782985E-08
  3725.30  0.781830E-08
  3728.00  0.780677E-08
  3730.80  0.779526E-08
  3733.50  0.778378E-08
  3736.20  0.777237E-08
  3739.00  0.776095E-08
  3741.80  0.774954E-08
  3744.50  0.773816E-08
  3747.20  0.772681E-08
  3750.00  0.771548E-08
  3752.80  0.770417E-08
  3755.50  0.769294E-08
  3758.20  0.768169E-08
  3761.00  0.767045E-08
  3763.70  0.765925E-08
  3766.50  0.764807E-08
  3769.20  0.763691E-08
  3772.00  0.762578E-08
  3774.70  0.761468E-08
  3777.50  0.760363E-08
  3780.20  0.759257E-08
  3783.00  0.758154E-08
  3785.70  0.757053E-08
  3788.50  0.755954E-08
  3791.20  0.754858E-08
  3794.00  0.753764E-08
  3796.70  0.752672E-08
  3799.50  0.751587E-08
  3802.20  0.750501E-08
  3805.00  0.749416E-08
  3807.70  0.748334E-08
  3810.50  0.747254E-08
  3813.20  0.746177E-08
  3816.00  0.745101E-08
  3818.70  0.744029E-08
  3821.50  0.742962E-08
  3824.20  0.741894E-08
  3827.00  0.740828E-08
  3829.70  0.739765E-08
  3832.50  0.738703E-08
  3835.20  0.737645E-08
  3838.00  0.736588E-08
  3840.70  0.735538E-08
  3843.40  0.734485E-08
  3846.20  0.733435E-08
  3848.90  0.732387E-08
  3851.70  0.731342E-08
  3854.40  0.730299E-08
  3857.20  0.729258E-08
  3859.90  0.728219E-08
  3862.70  0.727186E-08
  3865.40  0.726152E-08
  3868.20  0.725120E-08
  3870.90  0.724090E-08
  3873.70  0.723062E-08
  3876.40  0.722037E-08
  3879.20  0.721013E-08
  3881.90  0.719993E-08
  3884.70  0.718977E-08
  3887.40  0.717960E-08
  3890.20  0.716946E-08
  3892.90  0.715933E-08
  3895.70  0.714922E-08
  3898.40  0.713914E-08
  3901.20  0.712908E-08
  3903.90  0.711904E-08
  3906.70  0.710905E-08
  3909.40  0.709906E-08
  3912.20  0.708908E-08
  3914.90  0.707912E-08
  3917.70  0.706919E-08
  3920.40  0.705928E-08
  3923.20  0.704939E-08
  3925.90  0.703951E-08
  3928.70  0.702969E-08
  3931.40  0.701987E-08
  3934.20  0.701006E-08
  3936.90  0.700026E-08
  3939.70  0.699049E-08
  3942.40  0.698074E-08
  3945.20  0.697102E-08
  3947.90  0.696131E-08
  3950.60  0.695166E-08
  3953.40  0.694199E-08
  3956.10  0.693234E-08
  3958.90  0.692271E-08
  3961.60  0.691311E-08
  3964.40  0.690352E-08
  3967.10  0.689395E-08
  3969.90  0.688444E-08
  3972.60  0.687491E-08
  3975.40  0.686540E-08
  3978.10  0.685591E-08
  3980.90  0.684644E-08
  3983.60  0.683699E-08
  3986.40  0.682757E-08
  3989.10  0.681816E-08
  3991.90  0.680880E-08
  3994.60  0.679943E-08
  3997.40  0.679008E-08
  4000.10  0.678074E-08
  4002.90  0.677143E-08
  4005.60  0.676213E-08
  4008.40  0.675286E-08
  4011.10  0.674363E-08
  4013.90  0.673440E-08
  4016.60  0.672518E-08
  4019.40  0.671598E-08
  4022.10  0.670680E-08
  4024.90  0.669764E-08
  4027.60  0.668849E-08
  4030.40  0.667940E-08
  4033.10  0.667030E-08
  4035.90  0.666121E-08
  4038.60  0.665214E-08
  4041.40  0.664309E-08
  4044.10  0.663406E-08
  4046.90  0.662505E-08
  4049.60  0.661609E-08
  4052.40  0.660711E-08
  4055.10  0.659815E-08
  4057.90  0.658921E-08
  4060.60  0.658029E-08
  4063.40  0.657139E-08
  4066.10  0.656249E-08
  4068.80  0.655366E-08
  4071.60  0.654481E-08
  4074.30  0.653598E-08
  4077.10  0.652717E-08
  4079.80  0.651837E-08
  4082.60  0.650960E-08
  4085.30  0.650084E-08
  4088.10  0.649213E-08
  4090.80  0.648339E-08
  4093.60  0.647469E-08
  4096.30  0.646600E-08
  4099.10  0.645733E-08
  4101.80  0.644867E-08
  4104.60  0.644004E-08
  4107.30  0.643144E-08
  4110.10  0.642284E-08
  4112.80  0.641425E-08
  4115.60  0.640569E-08
  4118.30  0.639713E-08
  4121.10  0.638859E-08
  4123.80  0.638011E-08
  4126.60  0.637161E-08
  4129.30  0.636313E-08
  4132.10  0.635466E-08
  4134.80  0.634620E-08
  4137.60  0.633777E-08
  4140.30  0.632936E-08
  4143.00  0.632099E-08
  4145.80  0.631260E-08
  4148.50  0.630424E-08
  4151.30  0.629589E-08
  4154.00  0.628756E-08
  4156.80  0.627924E-08
  4159.50  0.627097E-08
  4162.30  0.626269E-08
  4165.00  0.625442E-08
  4167.80  0.624617E-08
  4170.50  0.623794E-08
  4173.30  0.622972E-08
  4176.00  0.622154E-08
  4178.80  0.621336E-08
  4181.50  0.620519E-08
  4184.30  0.619703E-08
  4187.00  0.618890E-08
  4189.80  0.618078E-08
  4192.50  0.617270E-08
  4195.30  0.616461E-08
  4198.00  0.615653E-08
  4200.80  0.614848E-08
  4203.50  0.614044E-08
  4206.30  0.613243E-08
  4209.00  0.612443E-08
  4211.80  0.611644E-08
  4214.50  0.610845E-08
  4217.30  0.610049E-08
  4220.00  0.609254E-08
  4222.80  0.608464E-08
  4225.50  0.607672E-08
  4228.20  0.606882E-08
  4231.00  0.606093E-08
  4233.80  0.605306E-08
  4236.50  0.604523E-08
  4239.20  0.603740E-08
  4242.00  0.602957E-08
  4244.70  0.602176E-08
  4247.50  0.601396E-08
  4250.20  0.600618E-08
  4253.00  0.599844E-08
  4255.70  0.599070E-08
  4258.50  0.598296E-08
  4261.20  0.597524E-08
  4264.00  0.596753E-08
  4266.70  0.595987E-08
  4269.50  0.595219E-08
  4272.20  0.594454E-08
  4275.00  0.593689E-08
  4277.70  0.592926E-08
  4280.50  0.592167E-08
  4283.20  0.591407E-08
  4286.00  0.590648E-08
  4288.70  0.589891E-08
  4291.50  0.589135E-08
  4294.20  0.588384E-08
  4297.00  0.587631E-08
  4299.70  0.586880E-08
  4302.50  0.586129E-08
  4305.20  0.585384E-08
  4307.90  0.584637E-08
  4310.70  0.583891E-08
  4313.40  0.583147E-08
  4316.20  0.582403E-08
  4318.90  0.581665E-08
  4321.70  0.580925E-08
  4324.40  0.580187E-08
  4327.20  0.579449E-08
  4329.90  0.578714E-08
  4332.70  0.577982E-08
  4335.40  0.577249E-08
  4338.20  0.576518E-08
  4340.90  0.575787E-08
  4343.70  0.575060E-08
  4346.40  0.574333E-08
  4349.20  0.573607E-08
  4351.90  0.572883E-08
  4354.70  0.572159E-08
  4357.40  0.571440E-08
  4360.10  0.570720E-08
  4362.90  0.570000E-08
  4365.60  0.569282E-08
  4368.40  0.568568E-08
  4371.10  0.567853E-08
  4373.90  0.567139E-08
  4376.60  0.566427E-08
  4379.40  0.565718E-08
  4382.10  0.565008E-08
  4384.90  0.564300E-08
  4387.60  0.563593E-08
  4390.40  0.562889E-08
  4393.10  0.562185E-08
  4395.90  0.561482E-08
  4398.60  0.560780E-08
  4401.40  0.560082E-08
  4404.10  0.559383E-08
  4406.90  0.558685E-08
  4409.60  0.557988E-08
  4412.40  0.557296E-08
  4415.10  0.556601E-08
  4417.90  0.555908E-08
  4420.60  0.555218E-08
  4423.30  0.554530E-08
  4426.10  0.553841E-08
  4428.80  0.553153E-08
  4431.60  0.552467E-08
  4434.30  0.551785E-08
  4437.10  0.551101E-08
  4439.80  0.550418E-08
  4442.60  0.549739E-08
  4445.30  0.549060E-08
  4448.10  0.548381E-08
  4450.80  0.547703E-08
  4453.60  0.547029E-08
  4456.30  0.546355E-08
  4459.10  0.545681E-08
  4461.80  0.545008E-08
  4464.50  0.544340E-08
  4467.30  0.543669E-08
  4470.00  0.543002E-08
  4472.80  0.542336E-08
  4475.50  0.541670E-08
  4478.30  0.541005E-08
  4481.00  0.540341E-08
  4483.80  0.539680E-08
  4486.50  0.539020E-08
  4489.30  0.538359E-08
  4492.00  0.537703E-08
  4494.80  0.537045E-08
  4497.50  0.536388E-08
  4500.30  0.535735E-08
  4503.00  0.535082E-08
  4505.80  0.534428E-08
  4508.50  0.533777E-08
  4511.20  0.533128E-08
  4514.00  0.532479E-08
  4516.80  0.531830E-08
  4519.50  0.531186E-08
  4522.20  0.530540E-08
  4525.00  0.529896E-08
  4527.70  0.529255E-08
  4530.50  0.528612E-08
  4533.20  0.527971E-08
  4536.00  0.527333E-08
  4538.70  0.526694E-08
  4541.50  0.526056E-08
  4544.20  0.525422E-08
  4547.00  0.524787E-08
  4549.70  0.524153E-08
  4552.50  0.523522E-08
  4555.20  0.522890E-08
  4558.00  0.522260E-08
  4560.70  0.521633E-08
  4563.40  0.521004E-08
  4566.20  0.520377E-08
  4568.90  0.519753E-08
  4571.70  0.519127E-08
  4574.40  0.518503E-08
  4577.20  0.517883E-08
  4579.90  0.517261E-08
  4582.70  0.516640E-08
  4585.40  0.516023E-08
  4588.20  0.515405E-08
  4590.90  0.514787E-08
  4593.60  0.514173E-08
  4596.40  0.513558E-08
  4599.10  0.512944E-08
  4601.90  0.512334E-08
  4604.60  0.511722E-08
  4607.40  0.511113E-08
  4610.10  0.510504E-08
  4612.90  0.509895E-08
  4615.60  0.509290E-08
  4618.40  0.508684E-08
  4621.10  0.508079E-08
  4623.90  0.507477E-08
  4626.60  0.506874E-08
  4629.40  0.506274E-08
  4632.10  0.505673E-08
  4634.90  0.505073E-08
  4637.60  0.504476E-08
  4640.30  0.503879E-08
  4643.10  0.503282E-08
  4645.80  0.502689E-08
  4648.60  0.502094E-08
  4651.30  0.501503E-08
  4654.10  0.500909E-08
  4656.80  0.500318E-08
  4659.60  0.499730E-08
  4662.30  0.499141E-08
  4665.00  0.498554E-08
  4667.80  0.497967E-08
  4670.50  0.497381E-08
  4673.30  0.496798E-08
  4676.00  0.496214E-08
  4678.80  0.495633E-08
  4681.50  0.495051E-08
  4684.30  0.494470E-08
  4687.00  0.493891E-08
  4689.80  0.493312E-08
  4692.50  0.492737E-08
  4695.30  0.492160E-08
  4698.00  0.491586E-08
  4700.80  0.491011E-08
  4703.50  0.490437E-08
  4706.20  0.489866E-08
  4709.00  0.489294E-08
  4711.70  0.488725E-08
  4714.50  0.488155E-08
  4717.20  0.487588E-08
  4720.00  0.487020E-08
  4722.70  0.486453E-08
  4725.50  0.485889E-08
  4728.20  0.485325E-08
  4731.00  0.484762E-08
  4733.70  0.484199E-08
  4736.40  0.483639E-08
  4739.20  0.483078E-08
  4741.90  0.482520E-08
  4744.70  0.481961E-08
  4747.40  0.481404E-08
  4750.20  0.480847E-08
  4752.90  0.480291E-08
  4755.70  0.479738E-08
  4758.40  0.479184E-08
  4761.10  0.478632E-08
  4763.90  0.478079E-08
  4766.60  0.477530E-08
  4769.40  0.476980E-08
  4772.10  0.476432E-08
  4774.90  0.475884E-08
  4777.60  0.475337E-08
  4780.40  0.474791E-08
  4783.10  0.474247E-08
  4785.90  0.473703E-08
  4788.60  0.473160E-08
  4791.40  0.472617E-08
  4794.10  0.472077E-08
  4796.80  0.471536E-08
  4799.60  0.470998E-08
  4802.30  0.470458E-08
  4805.10  0.469922E-08
  4807.80  0.469385E-08
  4810.60  0.468851E-08
  4813.30  0.468314E-08
  4816.00  0.467782E-08
  4818.80  0.467248E-08
  4821.50  0.466718E-08
  4824.30  0.466185E-08
  4827.00  0.465656E-08
  4829.80  0.465126E-08
  4832.50  0.464598E-08
  4835.30  0.464070E-08
  4838.00  0.463545E-08
  4840.80  0.463021E-08
  4843.50  0.462494E-08
  4846.20  0.461972E-08
  4849.00  0.461448E-08
  4851.70  0.460927E-08
  4854.50  0.460405E-08
  4857.20  0.459886E-08
  4860.00  0.459366E-08
  4862.70  0.458847E-08
  4865.50  0.458329E-08
  4868.20  0.457814E-08
  4870.90  0.457298E-08
  4873.70  0.456783E-08
  4876.40  0.456270E-08
  4879.20  0.455755E-08
  4881.90  0.455244E-08
  4884.70  0.454732E-08
  4887.40  0.454222E-08
  4890.10  0.453713E-08
  4892.90  0.453203E-08
  4895.60  0.452695E-08
  4898.40  0.452187E-08
  4901.10  0.451682E-08
  4903.90  0.451175E-08
  4906.60  0.450672E-08
  4909.40  0.450169E-08
  4912.10  0.449665E-08
  4914.90  0.449164E-08
  4917.60  0.448662E-08
  4920.30  0.448162E-08
  4923.10  0.447663E-08
  4925.80  0.447164E-08
  4928.60  0.446666E-08
  4931.30  0.446171E-08
  4934.10  0.445674E-08
  4936.80  0.445179E-08
  4939.50  0.444683E-08
  4942.30  0.444190E-08
  4945.00  0.443698E-08
  4947.80  0.443205E-08
  4950.50  0.442714E-08
  4953.30  0.442225E-08
  4956.00  0.441734E-08
  4958.80  0.441246E-08
  4961.50  0.440758E-08
  4964.20  0.440271E-08
  4967.00  0.439785E-08
  4969.70  0.439298E-08
  4972.50  0.438815E-08
  4975.20  0.438332E-08
  4978.00  0.437847E-08
  4980.70  0.437366E-08
  4983.40  0.436884E-08
  4986.20  0.436403E-08
  4988.90  0.435923E-08
  4991.70  0.435445E-08
  4994.40  0.434966E-08
  4997.20  0.434489E-08
  4999.90  0.434013E-08
  5002.60  0.433536E-08
  5005.40  0.433062E-08
  5008.10  0.432587E-08
  5010.90  0.432113E-08
  5013.60  0.431641E-08
  5016.40  0.431169E-08
  5019.10  0.430699E-08
  5021.90  0.430227E-08
  5024.60  0.429759E-08
  5027.30  0.429290E-08
  5030.10  0.428821E-08
  5032.80  0.428354E-08
  5035.60  0.427888E-08
  5038.30  0.427422E-08
  5041.00  0.426956E-08
  5043.80  0.426492E-08
  5046.50  0.426030E-08
  5049.30  0.425565E-08
  5052.00  0.425104E-08
  5054.80  0.424643E-08
  5057.50  0.424183E-08
  5060.20  0.423722E-08
  5063.00  0.423264E-08
  5065.70  0.422806E-08
  5068.50  0.422349E-08
  5071.20  0.421891E-08
  5074.00  0.421436E-08
  5076.70  0.420980E-08
  5079.40  0.420527E-08
  5082.20  0.420072E-08
  5084.90  0.419619E-08
  5087.70  0.419167E-08
  5090.40  0.418716E-08
  5093.20  0.418264E-08
  5095.90  0.417815E-08
  5098.60  0.417365E-08
  5101.40  0.416918E-08
  5104.10  0.416470E-08
  5106.90  0.416022E-08
  5109.60  0.415575E-08
  5112.40  0.415130E-08
  5115.10  0.414685E-08
  5117.80  0.414242E-08
  5120.60  0.413797E-08
  5123.30  0.413354E-08
  5126.10  0.412913E-08
  5128.80  0.412471E-08
  5131.50  0.412031E-08
  5134.30  0.411590E-08
  5137.00  0.411151E-08
  5139.80  0.410713E-08
  5142.50  0.410275E-08
  5145.20  0.409838E-08
  5148.00  0.409402E-08
  5150.70  0.408965E-08
  5153.50  0.408530E-08
  5156.20  0.408097E-08
  5159.00  0.407663E-08
  5161.70  0.407231E-08
  5164.40  0.406798E-08
  5167.20  0.406365E-08
  5169.90  0.405935E-08
  5172.70  0.405505E-08
  5175.40  0.405076E-08
  5178.10  0.404647E-08
  5180.90  0.404219E-08
  5183.60  0.403792E-08
  5186.40  0.403365E-08
  5189.10  0.402938E-08
  5191.90  0.402513E-08
  5194.60  0.402088E-08
  5197.30  0.401665E-08
  5200.10  0.401241E-08
  5202.80  0.400818E-08
  5205.60  0.400397E-08
  5208.30  0.399975E-08
  5211.00  0.399555E-08
  5213.80  0.399134E-08
  5216.50  0.398714E-08
  5219.30  0.398296E-08
  5222.00  0.397878E-08
  5224.80  0.397460E-08
  5227.50  0.397044E-08
  5230.20  0.396628E-08
  5233.00  0.396214E-08
  5235.70  0.395799E-08
  5238.50  0.395384E-08
  5241.20  0.394972E-08
  5243.90  0.394559E-08
  5246.70  0.394146E-08
  5249.40  0.393734E-08
  5252.20  0.393323E-08
  5254.90  0.392913E-08
  5257.60  0.392504E-08
  5260.40  0.392095E-08
  5263.10  0.391686E-08
  5265.90  0.391279E-08
  5268.60  0.390872E-08
  5271.30  0.390466E-08
  5274.10  0.390061E-08
  5276.80  0.389655E-08
  5279.60  0.389251E-08
  5282.30  0.388848E-08
  5285.00  0.388444E-08
  5287.80  0.388042E-08
  5290.50  0.387640E-08
  5293.30  0.387239E-08
  5296.00  0.386838E-08
  5298.70  0.386439E-08
  5301.50  0.386039E-08
  5304.20  0.385640E-08
  5307.00  0.385243E-08
  5309.70  0.384845E-08
  5312.40  0.384448E-08
  5315.20  0.384051E-08
  5317.90  0.383656E-08
  5320.70  0.383261E-08
  5323.40  0.382866E-08
  5326.10  0.382473E-08
  5328.90  0.382079E-08
  5331.60  0.381687E-08
  5334.40  0.381296E-08
  5337.10  0.380905E-08
  5339.80  0.380514E-08
  5342.60  0.380123E-08
  5345.30  0.379734E-08
  5348.00  0.379345E-08
  5350.80  0.378957E-08
  5353.50  0.378568E-08
  5356.30  0.378182E-08
  5359.00  0.377795E-08
  5361.80  0.377409E-08
  5364.50  0.377023E-08
  5367.20  0.376639E-08
  5370.00  0.376254E-08
  5372.70  0.375872E-08
  5375.40  0.375489E-08
  5378.20  0.375107E-08
  5380.90  0.374725E-08
  5383.70  0.374343E-08
  5386.40  0.373963E-08
  5389.10  0.373583E-08
  5391.90  0.373203E-08
  5394.60  0.372824E-08
  5397.40  0.372446E-08
  5400.10  0.372069E-08
  5402.80  0.371692E-08
  5405.60  0.371315E-08
  5408.30  0.370938E-08
  5411.00  0.370564E-08
  5413.80  0.370188E-08
  5416.50  0.369815E-08
  5419.30  0.369441E-08
  5422.00  0.369068E-08
  5424.70  0.368695E-08
  5427.50  0.368323E-08
  5430.20  0.367951E-08
  5433.00  0.367581E-08
  5435.70  0.367212E-08
  5438.40  0.366842E-08
  5441.20  0.366472E-08
  5443.90  0.366103E-08
  5446.60  0.365736E-08
  5449.40  0.365369E-08
  5454.40  0.364702E-08
  5459.20  0.364051E-08
  5464.10  0.363403E-08
  5469.00  0.362755E-08
  5473.80  0.362110E-08
  5478.70  0.361467E-08
  5483.60  0.360826E-08
  5488.50  0.360184E-08
  5493.30  0.359546E-08
  5498.20  0.358909E-08
  5503.10  0.358274E-08
  5507.90  0.357641E-08
  5512.80  0.357009E-08
  5517.70  0.356379E-08
  5522.60  0.355749E-08
  5527.40  0.355123E-08
  5532.30  0.354498E-08
  5537.20  0.353875E-08
  5542.00  0.353253E-08
  5546.90  0.352633E-08
  5551.80  0.352013E-08
  5556.70  0.351396E-08
  5561.50  0.350781E-08
  5566.40  0.350168E-08
  5571.30  0.349556E-08
  5576.10  0.348944E-08
  5581.00  0.348335E-08
  5585.90  0.347728E-08
  5590.80  0.347123E-08
  5595.60  0.346518E-08
  5600.50  0.345915E-08
  5605.40  0.345314E-08
  5610.20  0.344715E-08
  5615.10  0.344116E-08
  5620.00  0.343520E-08
  5624.90  0.342926E-08
  5629.70  0.342333E-08
  5634.60  0.341740E-08
  5639.50  0.341150E-08
  5644.40  0.340562E-08
  5649.20  0.339974E-08
  5654.10  0.339389E-08
  5659.00  0.338805E-08
  5663.90  0.338222E-08
  5668.70  0.337640E-08
  5673.60  0.337060E-08
  5678.50  0.336482E-08
  5683.40  0.335905E-08
  5688.20  0.335330E-08
  5693.10  0.334757E-08
  5698.00  0.334184E-08
  5702.80  0.333613E-08
  5707.70  0.333044E-08
  5712.60  0.332475E-08
  5717.50  0.331909E-08
  5722.30  0.331343E-08
  5727.20  0.330780E-08
  5732.10  0.330218E-08
  5737.00  0.329657E-08
  5741.80  0.329098E-08
  5746.70  0.328540E-08
  5751.60  0.327983E-08
  5756.50  0.327428E-08
  5761.30  0.326874E-08
  5766.20  0.326322E-08
  5771.10  0.325771E-08
  5776.00  0.325221E-08
  5780.80  0.324673E-08
  5785.70  0.324126E-08
  5790.60  0.323581E-08
  5795.50  0.323036E-08
  5800.30  0.322494E-08
  5805.20  0.321952E-08
  5810.10  0.321413E-08
  5814.90  0.320874E-08
  5819.80  0.320336E-08
  5824.70  0.319801E-08
  5829.60  0.319266E-08
  5834.40  0.318734E-08
  5839.30  0.318200E-08
  5844.20  0.317670E-08
  5849.10  0.317141E-08
  5853.90  0.316613E-08
  5858.80  0.316086E-08
  5863.70  0.315561E-08
  5868.60  0.315037E-08
  5873.40  0.314514E-08
  5878.30  0.313992E-08
  5883.20  0.313473E-08
  5888.10  0.312953E-08
  5892.90  0.312436E-08
  5897.80  0.311920E-08
  5902.70  0.311404E-08
  5907.60  0.310890E-08
  5912.50  0.310378E-08
  5917.30  0.309867E-08
  5922.20  0.309356E-08
  5927.10  0.308848E-08
  5932.00  0.308341E-08
  5936.80  0.307833E-08
  5941.70  0.307329E-08
  5946.60  0.306826E-08
  5951.50  0.306323E-08
  5956.30  0.305822E-08
  5961.20  0.305321E-08
  5966.10  0.304823E-08
  5971.00  0.304325E-08
  5975.80  0.303828E-08
  5980.70  0.303333E-08
  5985.60  0.302839E-08
  5990.50  0.302346E-08
  5995.30  0.301855E-08
  6000.20  0.301364E-08
  6005.10  0.300875E-08
  6010.00  0.300387E-08
  6014.80  0.299900E-08
  6019.70  0.299415E-08
  6024.60  0.298929E-08
  6029.50  0.298447E-08
  6034.40  0.297965E-08
  6039.20  0.297483E-08
  6044.10  0.297004E-08
  6049.00  0.296525E-08
  6053.90  0.296047E-08
  6058.70  0.295571E-08
  6063.60  0.295096E-08
  6068.50  0.294622E-08
  6073.40  0.294149E-08
  6078.20  0.293677E-08
  6083.10  0.293206E-08
  6088.00  0.292736E-08
  6092.90  0.292268E-08
  6097.80  0.291801E-08
  6102.60  0.291334E-08
  6107.50  0.290870E-08
  6112.40  0.290405E-08
  6117.30  0.289942E-08
  6122.10  0.289480E-08
  6127.00  0.289020E-08
  6131.90  0.288560E-08
  6136.80  0.288102E-08
  6141.60  0.287644E-08
  6146.50  0.287188E-08
  6151.40  0.286733E-08
  6156.30  0.286279E-08
  6161.20  0.285825E-08
  6166.00  0.285373E-08
  6170.90  0.284922E-08
  6175.80  0.284473E-08
  6180.70  0.284023E-08
  6185.50  0.283576E-08
  6190.40  0.283129E-08
  6195.30  0.282684E-08
  6200.20  0.282239E-08
  6205.10  0.281796E-08
  6209.90  0.281352E-08
  6214.80  0.280911E-08
  6219.70  0.280471E-08
  6224.60  0.280031E-08
  6229.50  0.279593E-08
  6234.30  0.279155E-08
  6239.20  0.278719E-08
  6244.10  0.278284E-08
  6249.00  0.277849E-08
  6253.80  0.277416E-08
  6258.70  0.276983E-08
  6263.60  0.276553E-08
  6268.50  0.276122E-08
  6273.40  0.275693E-08
  6278.20  0.275265E-08
  6283.10  0.274837E-08
  6288.00  0.274411E-08
  6292.90  0.273986E-08
  6297.80  0.273562E-08
  6302.60  0.273138E-08
  6307.50  0.272715E-08
  6312.40  0.272294E-08
  6317.30  0.271874E-08
  6322.10  0.271454E-08
  6327.00  0.271036E-08
  6331.90  0.270618E-08
  6336.80  0.270202E-08
  6341.70  0.269786E-08
  6346.50  0.269371E-08
  6351.40  0.268958E-08
  6356.30  0.268545E-08
  6361.20  0.268133E-08
  6366.10  0.267722E-08
  6370.90  0.267313E-08
  6375.80  0.266903E-08
  6380.70  0.266496E-08
  6385.60  0.266088E-08
  6390.50  0.265682E-08
  6395.30  0.265277E-08
  6400.20  0.264873E-08
  6405.10  0.264469E-08
  6410.00  0.264067E-08
  6414.90  0.263665E-08
  6419.70  0.263264E-08
  6424.60  0.262865E-08
  6429.50  0.262466E-08
  6434.40  0.262067E-08
  6439.20  0.261670E-08
  6444.10  0.261275E-08
  6449.00  0.260879E-08
  6453.90  0.260484E-08
  6458.80  0.260092E-08
  6463.60  0.259699E-08
  6468.50  0.259307E-08
  6473.40  0.258917E-08
  6478.30  0.258526E-08
  6483.20  0.258137E-08
  6488.00  0.257749E-08
  6492.90  0.257362E-08
  6497.80  0.256975E-08
  6502.70  0.256590E-08
  6507.60  0.256205E-08
  6512.50  0.255822E-08
  6517.30  0.255438E-08
  6522.20  0.255056E-08
  6527.10  0.254675E-08
  6532.00  0.254295E-08
  6536.90  0.253915E-08
  6541.70  0.253536E-08
  6546.60  0.253158E-08
  6551.50  0.252782E-08
  6556.40  0.252405E-08
  6561.20  0.252030E-08
  6566.10  0.251655E-08
  6571.00  0.251282E-08
  6575.90  0.250909E-08
  6580.80  0.250536E-08
  6585.70  0.250165E-08
  6590.50  0.249794E-08
  6595.40  0.249426E-08
  6600.30  0.249057E-08
  6605.20  0.248689E-08
  6610.10  0.248321E-08
  6614.90  0.247955E-08
  6619.80  0.247590E-08
  6624.70  0.247225E-08
  6629.60  0.246861E-08
  6634.50  0.246498E-08
  6639.40  0.246135E-08
  6644.20  0.245775E-08
  6649.10  0.245414E-08
  6654.00  0.245054E-08
  6658.90  0.244694E-08
  6663.80  0.244336E-08
  6668.60  0.243978E-08
  6673.50  0.243622E-08
  6678.40  0.243266E-08
  6683.30  0.242910E-08
  6688.20  0.242556E-08
  6693.00  0.242202E-08
  6697.90  0.241849E-08
  6702.80  0.241498E-08
  6707.70  0.241147E-08
  6712.60  0.240795E-08
  6717.50  0.240445E-08
  6722.30  0.240096E-08
  6727.20  0.239748E-08
  6732.10  0.239400E-08
  6737.00  0.239054E-08
  6741.90  0.238708E-08
  6746.70  0.238362E-08
  6751.60  0.238018E-08
  6756.50  0.237674E-08
  6761.40  0.237331E-08
  6766.30  0.236989E-08
  6771.10  0.236647E-08
  6776.00  0.236306E-08
  6780.90  0.235966E-08
  6785.80  0.235627E-08
  6790.70  0.235288E-08
  6795.60  0.234950E-08
  6800.40  0.234612E-08
  6805.30  0.234276E-08
  6810.20  0.233940E-08
  6815.10  0.233605E-08
  6820.00  0.233272E-08
  6824.90  0.232938E-08
  6829.70  0.232605E-08
  6834.60  0.232273E-08
  6839.50  0.231941E-08
  6844.40  0.231610E-08
  6849.30  0.231280E-08
  6854.10  0.230951E-08
  6859.00  0.230622E-08
  6863.90  0.230294E-08
  6868.80  0.229966E-08
  6873.70  0.229640E-08
  6878.50  0.229315E-08
  6883.40  0.228990E-08
  6888.30  0.228665E-08
  6893.20  0.228341E-08
  6898.10  0.228018E-08
  6903.00  0.227696E-08
  6907.90  0.227374E-08
  6912.70  0.227053E-08
  6917.60  0.226732E-08
  6922.50  0.226413E-08
  6927.40  0.226093E-08
  6932.30  0.225775E-08
  6937.10  0.225457E-08
  6942.00  0.225140E-08
  6946.90  0.224823E-08
  6951.80  0.224508E-08
  6956.70  0.224193E-08
  6961.50  0.223879E-08
  6966.40  0.223565E-08
  6971.30  0.223252E-08
  6976.20  0.222939E-08
  6981.10  0.222628E-08
  6986.00  0.222316E-08
  6990.90  0.222006E-08
  6995.70  0.221696E-08
  7000.60  0.221388E-08
  7005.50  0.221079E-08
  7010.40  0.220772E-08
  7015.30  0.220465E-08
  7020.10  0.220158E-08
  7025.00  0.219852E-08
  7029.90  0.219547E-08
  7034.80  0.219242E-08
  7039.70  0.218938E-08
  7044.60  0.218634E-08
  7049.50  0.218331E-08
  7054.30  0.218029E-08
  7059.20  0.217728E-08
  7064.10  0.217426E-08
  7069.00  0.217126E-08
  7073.90  0.216826E-08
  7078.70  0.216527E-08
  7083.60  0.216228E-08
  7088.50  0.215931E-08
  7093.40  0.215634E-08
  7098.30  0.215337E-08
  7103.20  0.215041E-08
  7108.00  0.214746E-08
  7112.90  0.214451E-08
  7117.80  0.214157E-08
  7122.70  0.213864E-08
  7127.60  0.213570E-08
  7132.50  0.213278E-08
  7137.30  0.212987E-08
  7142.20  0.212695E-08
  7147.10  0.212405E-08
  7152.00  0.212115E-08
  7156.90  0.211826E-08
  7161.80  0.211537E-08
  7166.60  0.211249E-08
  7171.50  0.210961E-08
  7176.40  0.210674E-08
  7181.30  0.210388E-08
  7186.20  0.210101E-08
  7191.10  0.209816E-08
  7196.00  0.209531E-08
  7200.80  0.209247E-08
  7205.70  0.208964E-08
  7210.60  0.208681E-08
  7215.50  0.208399E-08
  7220.40  0.208117E-08
  7225.20  0.207836E-08
  7230.10  0.207555E-08
  7235.00  0.207275E-08
  7239.90  0.206996E-08
  7244.80  0.206717E-08
  7249.70  0.206437E-08
  7254.50  0.206160E-08
  7259.40  0.205883E-08
  7264.30  0.205606E-08
  7269.20  0.205330E-08
  7274.10  0.205054E-08
  7279.00  0.204779E-08
  7283.90  0.204505E-08
  7288.70  0.204231E-08
  7293.60  0.203958E-08
  7298.50  0.203685E-08
  7303.40  0.203412E-08
  7308.30  0.203140E-08
  7313.20  0.202869E-08
  7318.00  0.202598E-08
  7322.90  0.202328E-08
  7327.80  0.202059E-08
  7332.70  0.201790E-08
  7337.60  0.201522E-08
  7342.50  0.201252E-08
  7347.30  0.200985E-08
  7352.20  0.200718E-08
  7357.10  0.200452E-08
  7362.00  0.200187E-08
  7366.90  0.199921E-08
  7371.80  0.199657E-08
  7376.60  0.199392E-08
  7381.50  0.199128E-08
  7386.40  0.198864E-08
  7391.30  0.198602E-08
  7396.20  0.198340E-08
  7401.10  0.198078E-08
  7406.00  0.197817E-08
  7410.80  0.197557E-08
  7415.70  0.197296E-08
  7420.60  0.197037E-08
  7425.50  0.196777E-08
  7430.40  0.196519E-08
  7435.30  0.196261E-08
  7440.10  0.196004E-08
  7445.00  0.195747E-08
  7449.90  0.195489E-08
  7454.80  0.195233E-08
  7459.70  0.194978E-08
  7464.60  0.194723E-08
  7469.50  0.194468E-08
  7474.30  0.194215E-08
  7479.20  0.193960E-08
  7484.10  0.193707E-08
  7489.00  0.193455E-08
  7493.90  0.193203E-08
  7498.80  0.192952E-08
  7503.60  0.192700E-08
  7508.50  0.192449E-08
  7513.40  0.192199E-08
  7518.30  0.191950E-08
  7523.20  0.191701E-08
  7528.10  0.191452E-08
  7532.90  0.191203E-08
  7537.80  0.190956E-08
  7542.70  0.190709E-08
  7547.60  0.190462E-08
  7552.50  0.190216E-08
  7557.40  0.189970E-08
  7562.20  0.189724E-08
  7567.10  0.189480E-08
  7572.00  0.189235E-08
  7576.90  0.188992E-08
  7581.80  0.188747E-08
  7586.70  0.188505E-08
  7591.50  0.188263E-08
  7596.40  0.188021E-08
  7601.30  0.187780E-08
  7606.20  0.187537E-08
  7611.10  0.187297E-08
  7616.00  0.187057E-08
  7620.90  0.186818E-08
  7625.80  0.186578E-08
  7630.60  0.186339E-08
  7635.50  0.186101E-08
  7640.40  0.185863E-08
  7645.30  0.185626E-08
  7650.20  0.185388E-08
  7655.00  0.185152E-08
  7659.90  0.184916E-08
  7664.80  0.184681E-08
  7669.70  0.184446E-08
  7674.60  0.184210E-08
  7679.50  0.183976E-08
  7684.40  0.183743E-08
  7689.20  0.183509E-08
  7694.10  0.183276E-08
  7699.00  0.183044E-08
  7703.90  0.182812E-08
  7708.80  0.182581E-08
  7713.70  0.182349E-08
  7718.50  0.182118E-08
  7723.40  0.181888E-08
  7728.30  0.181659E-08
  7733.20  0.181428E-08
  7738.10  0.181200E-08
  7743.00  0.180971E-08
  7747.90  0.180743E-08
  7752.70  0.180515E-08
  7757.60  0.180288E-08
  7762.50  0.180062E-08
  7767.40  0.179835E-08
  7772.30  0.179609E-08
  7777.20  0.179383E-08
  7782.00  0.179159E-08
  7786.90  0.178934E-08
  7791.80  0.178709E-08
  7796.70  0.178485E-08
  7801.60  0.178262E-08
  7806.50  0.178039E-08
  7811.40  0.177816E-08
  7816.20  0.177595E-08
  7821.10  0.177373E-08
  7826.00  0.177151E-08
  7830.90  0.176930E-08
  7835.80  0.176710E-08
  7840.70  0.176490E-08
  7845.50  0.176270E-08
  7850.40  0.176050E-08
  7855.30  0.175832E-08
  7860.20  0.175614E-08
  7865.10  0.175395E-08
  7870.00  0.175177E-08
  7874.90  0.174961E-08
  7879.70  0.174743E-08
  7884.60  0.174527E-08
  7889.50  0.174311E-08
  7894.40  0.174095E-08
  7899.30  0.173880E-08
  7904.20  0.173665E-08
  7909.00  0.173451E-08
  7913.90  0.173236E-08
  7918.80  0.173023E-08
  7923.70  0.172810E-08
  7928.60  0.172597E-08
  7933.50  0.172385E-08
  7938.40  0.172173E-08
  7943.20  0.171961E-08
  7948.10  0.171749E-08
  7953.00  0.171539E-08
  7957.90  0.171328E-08
  7962.80  0.171118E-08
  7967.70  0.170908E-08
  7972.50  0.170699E-08
  7977.40  0.170489E-08
  7982.30  0.170281E-08
  7987.20  0.170073E-08
  7992.10  0.169865E-08
  7997.00  0.169658E-08
  8001.90  0.169451E-08
  8006.70  0.169244E-08
  8011.60  0.169038E-08
  8016.50  0.168832E-08
  8021.40  0.168626E-08
  8026.30  0.168421E-08
  8031.20  0.168216E-08
  8036.00  0.168012E-08
  8040.90  0.167808E-08
  8045.80  0.167604E-08
  8050.70  0.167401E-08
  8055.60  0.167198E-08
  8060.50  0.166996E-08
  8065.40  0.166793E-08
  8070.20  0.166591E-08
  8075.10  0.166390E-08
  8080.00  0.166188E-08
  8084.90  0.165988E-08
  8089.80  0.165788E-08
  8094.70  0.165587E-08
  8099.50  0.165388E-08
  8104.40  0.165189E-08
  8109.30  0.164989E-08
  8114.20  0.164791E-08
  8119.10  0.164593E-08
  8124.00  0.164395E-08
  8128.90  0.164197E-08
  8133.70  0.164001E-08
  8138.60  0.163804E-08
  8143.50  0.163607E-08
  8148.40  0.163411E-08
  8153.30  0.163215E-08
  8158.20  0.163020E-08
  8163.00  0.162824E-08
  8167.90  0.162630E-08
  8172.80  0.162436E-08
  8177.70  0.162242E-08
  8182.60  0.162048E-08
  8187.50  0.161855E-08
  8192.30  0.161662E-08
  8197.20  0.161469E-08
  8202.10  0.161277E-08
  8207.00  0.161085E-08
  8211.90  0.160894E-08
  8216.80  0.160702E-08
  8221.70  0.160512E-08
  8226.50  0.160322E-08
  8231.40  0.160131E-08
  8236.30  0.159941E-08
  8241.20  0.159751E-08
  8246.10  0.159562E-08
  8251.00  0.159374E-08
  8255.80  0.159185E-08
  8260.70  0.158997E-08
  8265.60  0.158809E-08
  8270.50  0.158621E-08
  8275.40  0.158434E-08
  8280.30  0.158247E-08
  8285.20  0.158061E-08
  8290.00  0.157875E-08
  8294.90  0.157689E-08
  8299.80  0.157503E-08
  8304.70  0.157318E-08
  8309.60  0.157133E-08
  8314.50  0.156949E-08
  8319.30  0.156764E-08
  8324.20  0.156580E-08
  8329.10  0.156396E-08
  8334.00  0.156213E-08
  8338.90  0.156031E-08
  8343.80  0.155848E-08
  8348.70  0.155666E-08
  8353.50  0.155483E-08
  8358.40  0.155302E-08
  8363.30  0.155121E-08
  8368.20  0.154940E-08
  8373.10  0.154759E-08
  8378.00  0.154578E-08
  8382.80  0.154398E-08
  8387.70  0.154219E-08
  8392.60  0.154039E-08
  8397.50  0.153860E-08
  8402.40  0.153681E-08
  8407.20  0.153503E-08
  8412.10  0.153325E-08
  8417.00  0.153147E-08
  8421.90  0.152970E-08
  8426.80  0.152792E-08
  8431.70  0.152615E-08
  8436.60  0.152438E-08
  8441.40  0.152262E-08
  8446.30  0.152086E-08
  8451.20  0.151910E-08
  8456.10  0.151735E-08
  8461.00  0.151559E-08
  8465.90  0.151385E-08
  8470.70  0.151210E-08
  8475.60  0.151036E-08
  8480.50  0.150863E-08
  8485.40  0.150689E-08
  8490.30  0.150516E-08
  8495.20  0.150342E-08
  8500.00  0.150170E-08
  8504.90  0.149997E-08
  8509.80  0.149825E-08
  8514.70  0.149654E-08
  8519.60  0.149482E-08
  8524.50  0.149311E-08
  8529.30  0.149140E-08
  8534.20  0.148969E-08
  8539.10  0.148798E-08
  8544.00  0.148629E-08
  8548.90  0.148459E-08
  8553.80  0.148289E-08
  8558.70  0.148121E-08
  8563.50  0.147951E-08
  8568.40  0.147783E-08
  8573.30  0.147614E-08
  8578.20  0.147447E-08
  8583.10  0.147278E-08
  8588.00  0.147112E-08
  8592.80  0.146944E-08
  8597.70  0.146777E-08
  8602.60  0.146611E-08
  8607.50  0.146444E-08
  8612.40  0.146279E-08
  8617.20  0.146113E-08
  8622.10  0.145948E-08
  8627.00  0.145782E-08
  8631.90  0.145617E-08
  8636.80  0.145452E-08
  8641.70  0.145288E-08
  8646.50  0.145124E-08
  8651.40  0.144961E-08
  8656.30  0.144797E-08
  8661.20  0.144634E-08
  8666.10  0.144471E-08
  8671.00  0.144308E-08
  8675.80  0.144146E-08
  8680.70  0.143983E-08
  8685.60  0.143822E-08
  8690.50  0.143660E-08
  8695.40  0.143499E-08
  8700.30  0.143338E-08
  8705.10  0.143177E-08
  8710.00  0.143016E-08
  8714.90  0.142857E-08
  8719.80  0.142696E-08
  8724.70  0.142537E-08
  8729.60  0.142377E-08
  8734.40  0.142218E-08
  8739.30  0.142059E-08
  8744.20  0.141901E-08
  8749.10  0.141743E-08
  8754.00  0.141584E-08
  8758.80  0.141427E-08
  8763.70  0.141269E-08
  8768.60  0.141112E-08
  8773.50  0.140955E-08
  8778.40  0.140798E-08
  8783.30  0.140641E-08
  8788.20  0.140486E-08
  8793.00  0.140329E-08
  8797.90  0.140174E-08
  8802.80  0.140018E-08
  8807.70  0.139863E-08
  8812.60  0.139708E-08
  8817.40  0.139554E-08
  8822.30  0.139399E-08
  8827.20  0.139245E-08
  8832.10  0.139091E-08
  8837.00  0.138938E-08
  8841.90  0.138783E-08
  8846.70  0.138631E-08
  8851.60  0.138478E-08
  8856.50  0.138325E-08
  8861.40  0.138172E-08
  8866.30  0.138021E-08
  8871.20  0.137868E-08
  8876.00  0.137717E-08
  8880.90  0.137566E-08
  8885.80  0.137415E-08
  8890.70  0.137263E-08
  8895.60  0.137113E-08
  8900.40  0.136963E-08
  8905.30  0.136813E-08
  8910.20  0.136662E-08
  8915.10  0.136513E-08
  8920.00  0.136364E-08
  8924.80  0.136215E-08
  8929.70  0.136066E-08
  8934.60  0.135917E-08
  8939.50  0.135768E-08
  8944.40  0.135621E-08
  8949.30  0.135472E-08
  8954.10  0.135325E-08
  8959.00  0.135177E-08
  8963.90  0.135030E-08
  8968.80  0.134883E-08
  8973.70  0.134736E-08
  8978.50  0.134590E-08
  8983.40  0.134443E-08
  8988.30  0.134298E-08
  8993.20  0.134152E-08
  8998.10  0.134007E-08
  9003.00  0.133861E-08
  9007.80  0.133716E-08
  9012.70  0.133571E-08
  9017.60  0.133427E-08
  9022.50  0.133282E-08
  9027.40  0.133139E-08
  9032.20  0.132994E-08
  9037.10  0.132851E-08
  9042.00  0.132707E-08
  9046.90  0.132565E-08
  9051.80  0.132421E-08
  9056.70  0.132279E-08
  9061.50  0.132136E-08
  9066.40  0.131993E-08
  9071.30  0.131852E-08
  9076.20  0.131710E-08
  9081.10  0.131569E-08
  9085.90  0.131427E-08
  9090.80  0.131286E-08
  9095.70  0.131145E-08
  9100.60  0.131005E-08
  9105.50  0.130864E-08
  9110.30  0.130725E-08
  9115.20  0.130584E-08
  9120.10  0.130445E-08
  9125.00  0.130305E-08
  9129.90  0.130165E-08
  9134.80  0.130027E-08
  9139.60  0.129887E-08
  9144.50  0.129749E-08
  9149.40  0.129611E-08
  9154.30  0.129473E-08
  9159.20  0.129335E-08
  9164.00  0.129197E-08
  9168.90  0.129059E-08
  9173.80  0.128923E-08
  9178.70  0.128785E-08
  9183.50  0.128648E-08
  9188.40  0.128512E-08
  9193.30  0.128375E-08
  9198.20  0.128239E-08
  9203.10  0.128103E-08
  9208.00  0.127968E-08
  9212.80  0.127832E-08
  9217.70  0.127697E-08
  9222.60  0.127561E-08
  9227.50  0.127426E-08
  9232.40  0.127292E-08
  9237.20  0.127157E-08
  9242.10  0.127023E-08
  9247.00  0.126889E-08
  9251.90  0.126755E-08
  9256.80  0.126621E-08
  9261.60  0.126488E-08
  9266.50  0.126355E-08
  9271.40  0.126222E-08
  9276.30  0.126089E-08
  9281.20  0.125956E-08
  9286.00  0.125825E-08
  9290.90  0.125692E-08
  9295.80  0.125561E-08
  9300.70  0.125429E-08
  9305.50  0.125297E-08
  9310.40  0.125166E-08
  9315.30  0.125035E-08
  9320.20  0.124904E-08
  9325.10  0.124773E-08
  9330.00  0.124643E-08
  9334.80  0.124512E-08
  9339.70  0.124382E-08
  9344.60  0.124253E-08
  9349.50  0.124123E-08
  9354.30  0.123994E-08
  9359.20  0.123864E-08
  9364.10  0.123735E-08
  9369.00  0.123606E-08
  9373.90  0.123477E-08
  9378.70  0.123349E-08
  9383.60  0.123221E-08
  9388.50  0.123093E-08
  9393.40  0.122965E-08
  9398.30  0.122837E-08
  9403.10  0.122710E-08
  9408.00  0.122582E-08
  9412.90  0.122456E-08
  9417.80  0.122329E-08
  9422.70  0.122203E-08
  9427.50  0.122076E-08
  9432.40  0.121949E-08
  9437.30  0.121824E-08
  9442.20  0.121697E-08
  9447.00  0.121572E-08
  9451.90  0.121447E-08
  9456.80  0.121321E-08
  9461.70  0.121196E-08
  9466.60  0.121071E-08
  9471.40  0.120947E-08
  9476.30  0.120822E-08
  9481.20  0.120697E-08
  9486.10  0.120574E-08
  9491.00  0.120450E-08
  9495.80  0.120326E-08
  9500.70  0.120202E-08
  9505.60  0.120079E-08
  9510.50  0.119956E-08
  9515.30  0.119833E-08
  9520.20  0.119711E-08
  9525.10  0.119588E-08
  9530.00  0.119466E-08
  9534.80  0.119343E-08
  9539.70  0.119221E-08
  9544.60  0.119100E-08
  9549.50  0.118977E-08
  9554.40  0.118857E-08
  9559.20  0.118735E-08
  9564.10  0.118614E-08
  9569.00  0.118493E-08
  9573.90  0.118372E-08
  9578.80  0.118251E-08
  9583.60  0.118132E-08
  9588.50  0.118011E-08
  9593.40  0.117891E-08
  9598.30  0.117771E-08
  9603.10  0.117651E-08
  9608.00  0.117533E-08
  9612.90  0.117413E-08
  9617.80  0.117295E-08
  9622.70  0.117175E-08
  9627.50  0.117056E-08
  9632.40  0.116938E-08
  9637.30  0.116820E-08
  9642.20  0.116702E-08
  9647.00  0.116584E-08
  9651.90  0.116466E-08
  9656.80  0.116349E-08
  9661.70  0.116231E-08
  9666.50  0.116113E-08
  9671.40  0.115997E-08
  9676.30  0.115880E-08
  9681.20  0.115763E-08
  9686.00  0.115646E-08
  9690.90  0.115530E-08
  9695.80  0.115414E-08
  9700.70  0.115298E-08
  9705.50  0.115183E-08
  9710.40  0.115066E-08
  9715.30  0.114951E-08
  9720.20  0.114836E-08
  9725.10  0.114720E-08
  9729.90  0.114605E-08
  9734.80  0.114491E-08
  9739.70  0.114376E-08
  9744.60  0.114262E-08
  9749.40  0.114147E-08
  9754.30  0.114033E-08
  9759.20  0.113920E-08
  9764.10  0.113806E-08
  9768.90  0.113692E-08
  9773.80  0.113579E-08
  9778.70  0.113465E-08
  9783.60  0.113353E-08
  9788.50  0.113239E-08
  9793.30  0.113127E-08
  9798.20  0.113014E-08
  9803.10  0.112902E-08
  9808.00  0.112789E-08
  9812.80  0.112678E-08
  9817.70  0.112566E-08
  9822.60  0.112453E-08
  9827.50  0.112343E-08
  9832.30  0.112231E-08
  9837.20  0.112120E-08
  9842.10  0.112009E-08
  9847.00  0.111898E-08
  9851.80  0.111787E-08
  9856.70  0.111677E-08
  9861.60  0.111566E-08
  9866.50  0.111456E-08
  9871.30  0.111346E-08
  9876.20  0.111236E-08
  9881.10  0.111126E-08
  9886.00  0.111017E-08
  9890.80  0.110908E-08
  9895.70  0.110798E-08
  9900.60  0.110689E-08
  9905.50  0.110580E-08
  9910.30  0.110471E-08
  9915.20  0.110362E-08
  9920.10  0.110255E-08
  9925.00  0.110146E-08
  9929.80  0.110038E-08
  9934.70  0.109930E-08
  9939.60  0.109822E-08
  9944.50  0.109714E-08
  9949.30  0.109607E-08
  9954.20  0.109500E-08
  9959.10  0.109393E-08
  9963.90  0.109286E-08
  9968.80  0.109178E-08
  9973.70  0.109073E-08
  9978.60  0.108966E-08
  9983.40  0.108859E-08
  9988.30  0.108753E-08
  9993.20  0.108647E-08
  9998.10  0.108541E-08
 10002.90  0.108436E-08
 10007.80  0.108330E-08
 10012.70  0.108224E-08
 10017.50  0.108119E-08
 10022.40  0.108014E-08
 10027.30  0.107909E-08
 10032.20  0.107804E-08
 10037.00  0.107699E-08
 10041.90  0.107595E-08
 10046.80  0.107491E-08
 10051.70  0.107386E-08
 10056.50  0.107282E-08
 10061.40  0.107179E-08
 10066.30  0.107075E-08
 10071.20  0.106971E-08
 10076.00  0.106868E-08
 10080.90  0.106764E-08
 10085.80  0.106661E-08
 10090.70  0.106558E-08
 10095.50  0.106455E-08
 10100.40  0.106352E-08
 10105.30  0.106250E-08
 10110.10  0.106148E-08
 10115.00  0.106045E-08
 10119.90  0.105944E-08
 10124.80  0.105841E-08
 10129.60  0.105739E-08
 10134.50  0.105638E-08
 10139.40  0.105537E-08
 10144.20  0.105435E-08
 10149.10  0.105334E-08
 10154.00  0.105233E-08
 10158.90  0.105132E-08
 10187.00  0.104552E-08
 10215.00  0.103979E-08
 10242.00  0.103432E-08
 10270.00  0.102869E-08
 10298.00  0.102311E-08
 10325.00  0.101775E-08
 10353.00  0.101226E-08
 10380.00  0.100700E-08
 10408.00  0.100159E-08
 10436.00  0.996224E-09
 10463.00  0.991090E-09
 10491.00  0.985806E-09
 10518.00  0.980752E-09
 10546.00  0.975551E-09
 10574.00  0.970391E-09
 10601.00  0.965454E-09
 10629.00  0.960375E-09
 10656.00  0.955514E-09
 10684.00  0.950512E-09
 10712.00  0.945549E-09
 10739.00  0.940801E-09
 10767.00  0.935914E-09
 10794.00  0.931238E-09
 10822.00  0.926425E-09
 10850.00  0.921650E-09
 10877.00  0.917080E-09
 10905.00  0.912376E-09
 10932.00  0.907875E-09
 10960.00  0.903242E-09
 10988.00  0.898645E-09
 11015.00  0.894245E-09
 11043.00  0.889715E-09
 11070.00  0.885381E-09
 11098.00  0.880919E-09
 11126.00  0.876491E-09
 11153.00  0.872252E-09
 11181.00  0.867889E-09
 11208.00  0.863713E-09
 11236.00  0.859413E-09
 11264.00  0.855146E-09
 11291.00  0.851061E-09
 11319.00  0.846856E-09
 11346.00  0.842830E-09
 11374.00  0.838686E-09
 11402.00  0.834571E-09
 11429.00  0.830633E-09
 11457.00  0.826577E-09
 11484.00  0.822695E-09
 11512.00  0.818698E-09
 11540.00  0.814730E-09
 11567.00  0.810931E-09
 11595.00  0.807019E-09
 11622.00  0.803274E-09
 11650.00  0.799417E-09
 11678.00  0.795589E-09
 11715.00  0.790571E-09
 11755.00  0.785200E-09
 11795.00  0.779883E-09
 11835.00  0.774621E-09
 11875.00  0.769411E-09
 11915.00  0.764253E-09
 11955.00  0.759147E-09
 11995.00  0.754093E-09
 12035.00  0.749088E-09
 12075.00  0.744133E-09
 12116.00  0.739106E-09
 12156.00  0.734250E-09
 12196.00  0.729442E-09
 12236.00  0.724680E-09
 12276.00  0.719966E-09
 12316.00  0.715297E-09
 12356.00  0.710673E-09
 12396.00  0.706093E-09
 12436.00  0.701559E-09
 12476.00  0.697068E-09
 12516.00  0.692619E-09
 12556.00  0.688213E-09
 12597.00  0.683740E-09
 12637.00  0.679419E-09
 12677.00  0.675138E-09
 12717.00  0.670897E-09
 12757.00  0.666697E-09
 12797.00  0.662536E-09
 12837.00  0.658413E-09
 12877.00  0.654329E-09
 12917.00  0.650283E-09
 12957.00  0.646274E-09
 12997.00  0.642302E-09
 13037.00  0.638366E-09
 13077.00  0.634467E-09
 13118.00  0.630508E-09
 13158.00  0.626679E-09
 13198.00  0.622887E-09
 13238.00  0.619128E-09
 13278.00  0.615403E-09
 13318.00  0.611712E-09
 13358.00  0.608054E-09
 13398.00  0.604429E-09
 13438.00  0.600836E-09
 13478.00  0.597276E-09
 13518.00  0.593746E-09
 13558.00  0.590248E-09
 13599.00  0.586693E-09
 13639.00  0.583258E-09
 13679.00  0.579852E-09
 13719.00  0.576475E-09
 13759.00  0.573128E-09
 13799.00  0.569810E-09
 13839.00  0.566520E-09
 13879.00  0.563260E-09
 13919.00  0.560028E-09
 13959.00  0.556822E-09
 13999.00  0.553645E-09
 14039.00  0.550495E-09
 14079.00  0.547371E-09
 14120.00  0.544197E-09
 14160.00  0.541127E-09
 14200.00  0.538083E-09
 14240.00  0.535064E-09
 14280.00  0.532070E-09
 14320.00  0.529102E-09
 14360.00  0.526159E-09
 14400.00  0.523239E-09
 14440.00  0.520345E-09
 14480.00  0.517473E-09
 14520.00  0.514627E-09
 14560.00  0.511803E-09
 14601.00  0.508932E-09
 14641.00  0.506155E-09
 14681.00  0.503401E-09
 14721.00  0.500669E-09
 14761.00  0.497959E-09
 14801.00  0.495271E-09
 14841.00  0.492606E-09
 14881.00  0.489960E-09
 14921.00  0.487337E-09
 14961.00  0.484735E-09
 15001.00  0.482153E-09
 15041.00  0.479592E-09
 15081.00  0.477052E-09
 15122.00  0.474468E-09
 15162.00  0.471968E-09
 15202.00  0.469487E-09
 15242.00  0.467027E-09
 15282.00  0.464585E-09
 15322.00  0.462162E-09
 15362.00  0.459758E-09
 15402.00  0.457374E-09
 15442.00  0.455007E-09
 15482.00  0.452660E-09
 15522.00  0.450329E-09
 15562.00  0.448017E-09
 15603.00  0.445666E-09
 15643.00  0.443389E-09
 15683.00  0.441130E-09
 15723.00  0.438889E-09
 15763.00  0.436664E-09
 15803.00  0.434456E-09
 15843.00  0.432265E-09
 15883.00  0.430091E-09
 15923.00  0.427933E-09
 15963.00  0.425791E-09
 16003.00  0.423665E-09
 16043.00  0.421555E-09
 16083.00  0.419460E-09
 16124.00  0.417330E-09
 16164.00  0.415267E-09
 16204.00  0.413220E-09
 16244.00  0.411188E-09
 16284.00  0.409169E-09
 16324.00  0.407167E-09
 16364.00  0.405178E-09
 16404.00  0.403205E-09
 16444.00  0.401246E-09
 16484.00  0.399300E-09
 16524.00  0.397370E-09
 16564.00  0.395453E-09
 16605.00  0.393502E-09
 16645.00  0.391614E-09
 16685.00  0.389738E-09
 16725.00  0.387876E-09
 16765.00  0.386028E-09
 16805.00  0.384192E-09
 16845.00  0.382370E-09
 16885.00  0.380560E-09
 16925.00  0.378764E-09
 16965.00  0.376980E-09
 17005.00  0.375208E-09
 17045.00  0.373449E-09
 17085.00  0.371703E-09
 17126.00  0.369925E-09
 17166.00  0.368203E-09
 17206.00  0.366493E-09
 17246.00  0.364795E-09
 17286.00  0.363108E-09
 17326.00  0.361434E-09
 17366.00  0.359771E-09
 17406.00  0.358119E-09
 17446.00  0.356479E-09
 17486.00  0.354850E-09
 17526.00  0.353231E-09
 17566.00  0.351625E-09
 17607.00  0.349989E-09
 17647.00  0.348404E-09
 17687.00  0.346830E-09
 17727.00  0.345267E-09
 17767.00  0.343714E-09
 17807.00  0.342172E-09
 17847.00  0.340640E-09
 17887.00  0.339118E-09
 17927.00  0.337606E-09
 17967.00  0.336105E-09
 18007.00  0.334612E-09
 18047.00  0.333131E-09
 18087.00  0.331659E-09
 18118.00  0.330526E-09
 18175.00  0.328456E-09
 18232.00  0.326405E-09
 18289.00  0.324374E-09
 18345.00  0.322396E-09
 18402.00  0.320402E-09
 18459.00  0.318427E-09
 18516.00  0.316469E-09
 18572.00  0.314563E-09
 18629.00  0.312641E-09
 18686.00  0.310737E-09
 18743.00  0.308850E-09
 18800.00  0.306980E-09
 18856.00  0.305159E-09
 18913.00  0.303322E-09
 18970.00  0.301502E-09
 19027.00  0.299699E-09
 19083.00  0.297943E-09
 19140.00  0.296170E-09
 19197.00  0.294414E-09
 19254.00  0.292674E-09
 19310.00  0.290978E-09
 19367.00  0.289268E-09
 19424.00  0.287573E-09
 19481.00  0.285892E-09
 19537.00  0.284257E-09
 19594.00  0.282605E-09
 19651.00  0.280967E-09
 19708.00  0.279345E-09
 19765.00  0.277736E-09
 19821.00  0.276169E-09
 19878.00  0.274587E-09
 19935.00  0.273019E-09
 19992.00  0.271464E-09
 20048.00  0.269950E-09
 20105.00  0.268421E-09
 20162.00  0.266906E-09
 20219.00  0.265403E-09
 20275.00  0.263939E-09
 20332.00  0.262461E-09
 20389.00  0.260996E-09
 20446.00  0.259542E-09
 20502.00  0.258127E-09
 20559.00  0.256698E-09
 20616.00  0.255279E-09
 20673.00  0.253874E-09
 20730.00  0.252480E-09
 20786.00  0.251121E-09
 20843.00  0.249750E-09
 20900.00  0.248389E-09
 20957.00  0.247040E-09
 21013.00  0.245725E-09
 21070.00  0.244397E-09
 21127.00  0.243080E-09
 21184.00  0.241774E-09
 21240.00  0.240501E-09
 21297.00  0.239215E-09
 21354.00  0.237939E-09
 21411.00  0.236674E-09
 21467.00  0.235441E-09
 21524.00  0.234196E-09
 21581.00  0.232961E-09
 21638.00  0.231735E-09
 21695.00  0.230519E-09
 21751.00  0.229333E-09
 21808.00  0.228136E-09
 21865.00  0.226948E-09
 21922.00  0.225769E-09
 21978.00  0.224620E-09
 22035.00  0.223460E-09
 22092.00  0.222308E-09
 22149.00  0.221165E-09
 22205.00  0.220051E-09
 22262.00  0.218926E-09
 22319.00  0.217809E-09
 22376.00  0.216701E-09
 22432.00  0.215620E-09
 22489.00  0.214529E-09
 22546.00  0.213446E-09
 22603.00  0.212370E-09
 22660.00  0.211303E-09
 22716.00  0.210262E-09
 22773.00  0.209211E-09
 22830.00  0.208168E-09
 22887.00  0.207132E-09
 22943.00  0.206123E-09
 23000.00  0.205102E-09
 23057.00  0.204089E-09
 23114.00  0.203083E-09
 23170.00  0.202104E-09
 23227.00  0.201113E-09
 23284.00  0.200129E-09
 23341.00  0.199152E-09
 23397.00  0.198200E-09
 23454.00  0.197239E-09
 23511.00  0.196283E-09
 23568.00  0.195335E-09
 23625.00  0.194394E-09
 23681.00  0.193475E-09
 23738.00  0.192547E-09
 23795.00  0.191626E-09
 23852.00  0.190711E-09
 23908.00  0.189819E-09
 23965.00  0.188917E-09
 24022.00  0.188021E-09
 24079.00  0.187132E-09
 24135.00  0.186265E-09
 24192.00  0.185388E-09
 24249.00  0.184517E-09
 24306.00  0.183653E-09
 24362.00  0.182810E-09
 24419.00  0.181958E-09
 24476.00  0.181110E-09
 24533.00  0.180270E-09
 24590.00  0.179435E-09
 24646.00  0.178621E-09
 24703.00  0.177797E-09
 24760.00  0.176980E-09
 24817.00  0.176168E-09
