SURVEY: FOUNDATION
SNTYPE: 1
SNID: ASASSN-15mg
RA: 233.0940558
DEC: 41.8503804
MWEBV: 0.028 # MW E(B-V)
FILTERS: griz
REDSHIFT_HELIO: 0.04278 +- 0.00001
REDSHIFT_CMB: 0.04306 +- 0.00001
VPEC: -429.057
VPEC_ERR: 250.000
SEARCH_PEAKMJD: 57221.27273
HOSTGAL_LOGMASS: 10.134 +- 0.029
VPEC_ERR: 250.000
PIXSIZE: 0.25  # arcsec

###########################
#==============================
NOBS: 33
NVAR: 8
VARLIST:      MJD    FLT   FIELD      FLUXCAL     FLUXCALERR       MAG    MAGERR   PSF
OBS: 57215.27501 PS1-g VOID 9615.449 202.204 17.5430 0.0230 2.39
OBS: 57221.27233 PS1-g VOID 9623.916 234.360 17.5420 0.0260 3.21
OBS: 57227.27655 PS1-g VOID 6916.386 189.081 17.9000 0.0300 1.86
OBS: 57233.27105 PS1-g VOID 3707.125 176.033 18.5770 0.0510 2.08
OBS: 57242.27707 PS1-g VOID 1590.206 97.227 19.4960 0.0660 2.08
OBS: 57250.32797 PS1-g VOID 3476.889 4930.889 18.6470 1.5320 2.55
OBS: 57251.25401 PS1-g VOID 874.484 96.563 20.1460 0.1190 2.14
OBS: 57215.27540 PS1-r VOID 9042.652 180.344 17.6090 0.0220 1.94
OBS: 57221.27273 PS1-r VOID 9618.672 221.573 17.5420 0.0250 3.19
OBS: 57227.27695 PS1-r VOID 6975.065 161.320 17.8910 0.0250 1.51
OBS: 57233.27148 PS1-r VOID 4848.942 158.092 18.2860 0.0350 1.88
OBS: 57242.27758 PS1-r VOID 4400.011 131.487 18.3910 0.0320 2.22
OBS: 57250.32839 PS1-r VOID 6086.455 3075.167 18.0390 0.5460 2.14
OBS: 57251.25441 PS1-r VOID 2019.856 106.183 19.2370 0.0570 2.04
OBS: 57208.35335 PS1-r VOID 3533.333 104.795 18.6300 0.0320 3.33
OBS: 57208.36461 PS1-r VOID 3540.343 131.211 18.6270 0.0400 4.76
OBS: 57208.38728 PS1-r VOID 3743.010 126.133 18.5670 0.0360 4.04
OBS: 57215.27563 PS1-i VOID 6766.867 150.923 17.9240 0.0240 1.50
OBS: 57221.27302 PS1-i VOID 5949.897 185.557 18.0640 0.0340 2.93
OBS: 57227.27726 PS1-i VOID 3770.712 122.694 18.5590 0.0350 1.45
OBS: 57233.27180 PS1-i VOID 2710.522 113.806 18.9170 0.0450 1.60
OBS: 57242.27793 PS1-i VOID 3739.602 128.817 18.5680 0.0370 2.01
OBS: 57251.25477 PS1-i VOID 2151.932 108.779 19.1680 0.0550 1.62
OBS: 57215.27608 PS1-z VOID 6385.139 197.458 17.9870 0.0330 1.57
OBS: 57221.27338 PS1-z VOID 5331.601 238.528 18.1830 0.0480 2.51
OBS: 57227.27762 PS1-z VOID 3768.785 162.153 18.5590 0.0460 1.26
OBS: 57233.27221 PS1-z VOID 3196.507 159.286 18.7380 0.0540 1.51
OBS: 57242.27823 PS1-z VOID 3194.739 166.010 18.7390 0.0560 1.98
OBS: 57251.25512 PS1-z VOID 2313.664 151.496 19.0890 0.0710 1.46
OBS: 57888.49427 PS1-z VOID -160.478 257.429 -99 1.7320 2.85
OBS: 57895.41873 PS1-z VOID 233.436 278.764 21.5800 1.2900 2.59
OBS: 57902.45602 PS1-z VOID -149.094 176.083 -99 1.2760 1.86
OBS: 57917.45389 PS1-z VOID -370.397 206.409 -99 0.6020 2.33
END_PHOTOMETRY:

# =============================================
NSPECTRA: 1 


NVAR_SPEC: 5
VARNAMES_SPEC: LAMMIN LAMMAX  FLAM  FLAMERR SPECFLAG

SPECTRUM_ID: 1
SPECTRUM_NLAM: 1012
SPECTRUM_MJD:  57213.00
SPEC: 3460.15 3464.85 2.54140e-16 6.86633e-17 0
SPEC: 3464.85 3469.55 3.15420e-16 6.91825e-17 0
SPEC: 3469.55 3474.25 3.78258e-16 6.96346e-17 0
SPEC: 3474.35 3479.05 2.94967e-16 7.00116e-17 0
SPEC: 3479.05 3483.75 3.41349e-16 7.03058e-17 0
SPEC: 3483.75 3488.45 4.29634e-16 7.05098e-17 0
SPEC: 3488.55 3493.25 2.64165e-16 7.06167e-17 0
SPEC: 3493.25 3497.95 3.40121e-16 7.06207e-17 0
SPEC: 3497.95 3502.65 2.39221e-16 7.05165e-17 0
SPEC: 3502.75 3507.45 3.87582e-16 7.03004e-17 0
SPEC: 3507.45 3512.15 1.89535e-16 6.99699e-17 0
SPEC: 3512.15 3516.85 3.87516e-16 6.95241e-17 0
SPEC: 3516.95 3521.65 4.35290e-16 6.89639e-17 0
SPEC: 3521.65 3526.35 2.96305e-16 6.82921e-17 0
SPEC: 3526.35 3531.05 3.33467e-16 6.75133e-17 0
SPEC: 3531.15 3535.85 2.53520e-16 6.66341e-17 0
SPEC: 3535.85 3540.55 2.31175e-16 6.56630e-17 0
SPEC: 3540.55 3545.25 2.54140e-16 6.46105e-17 0
SPEC: 3545.35 3550.05 3.21405e-16 6.34884e-17 0
SPEC: 3550.05 3554.75 3.57490e-16 6.23099e-17 0
SPEC: 3554.75 3559.45 2.20807e-16 6.10894e-17 0
SPEC: 3559.45 3564.15 3.04896e-16 5.98416e-17 0
SPEC: 3564.25 3568.95 2.30907e-16 5.85817e-17 0
SPEC: 3568.95 3573.65 1.79731e-16 5.73246e-17 0
SPEC: 3573.75 3578.45 3.16702e-16 5.60843e-17 0
SPEC: 3578.45 3583.15 2.18876e-16 5.48739e-17 0
SPEC: 3583.15 3587.85 2.67920e-16 5.37050e-17 0
SPEC: 3587.85 3592.55 2.94591e-16 5.25874e-17 0
SPEC: 3592.65 3597.35 2.50589e-16 5.15285e-17 0
SPEC: 3597.35 3602.05 3.01474e-16 5.05338e-17 0
SPEC: 3602.05 3606.75 3.33184e-16 4.96061e-17 1
SPEC: 3606.85 3611.55 2.97576e-16 4.87460e-17 1
SPEC: 3611.55 3616.25 2.97438e-16 4.79517e-17 1
SPEC: 3616.35 3621.05 2.93777e-16 4.72193e-17 1
SPEC: 3621.05 3625.75 2.85011e-16 4.65431e-17 1
SPEC: 3625.75 3630.45 3.52122e-16 4.59157e-17 1
SPEC: 3630.45 3635.15 3.11137e-16 4.53287e-17 1
SPEC: 3635.25 3639.95 2.80094e-16 4.47728e-17 1
SPEC: 3639.95 3644.65 3.64493e-16 4.42383e-17 1
SPEC: 3644.65 3649.35 2.92528e-16 4.37156e-17 1
SPEC: 3649.45 3654.15 3.88525e-16 4.31953e-17 1
SPEC: 3654.15 3658.85 3.50741e-16 4.26690e-17 1
SPEC: 3658.85 3663.55 2.50784e-16 4.21291e-17 1
SPEC: 3663.65 3668.35 2.63969e-16 4.15692e-17 1
SPEC: 3668.35 3673.05 3.28808e-16 4.09844e-17 1
SPEC: 3673.05 3677.75 2.33699e-16 4.03711e-17 1
SPEC: 3677.85 3682.55 2.77469e-16 3.97273e-17 1
SPEC: 3682.55 3687.25 3.41732e-16 3.90525e-17 1
SPEC: 3687.25 3691.95 2.64537e-16 3.83472e-17 1
SPEC: 3692.05 3696.75 2.47419e-16 3.76136e-17 1
SPEC: 3696.75 3701.45 2.96178e-16 3.68545e-17 1
SPEC: 3701.45 3706.15 2.52270e-16 3.60739e-17 1
SPEC: 3706.25 3710.95 2.79498e-16 3.52762e-17 1
SPEC: 3710.95 3715.65 2.94377e-16 3.44662e-17 1
SPEC: 3715.65 3720.35 2.92917e-16 3.36492e-17 1
SPEC: 3720.45 3725.15 3.25876e-16 3.28302e-17 1
SPEC: 3725.15 3729.85 2.26254e-16 3.20143e-17 1
SPEC: 3729.85 3734.55 2.38912e-16 3.12063e-17 1
SPEC: 3734.65 3739.35 2.62817e-16 3.04106e-17 1
SPEC: 3739.35 3744.05 2.38589e-16 2.96311e-17 1
SPEC: 3744.05 3748.75 2.60644e-16 2.88712e-17 1
SPEC: 3748.85 3753.55 2.49050e-16 2.81341e-17 1
SPEC: 3753.55 3758.25 2.82808e-16 2.74219e-17 1
SPEC: 3758.25 3762.95 2.52199e-16 2.67368e-17 1
SPEC: 3763.05 3767.75 2.18277e-16 2.60801e-17 1
SPEC: 3767.75 3772.45 2.27021e-16 2.54528e-17 1
SPEC: 3772.45 3777.15 2.60803e-16 2.48556e-17 1
SPEC: 3777.25 3781.95 2.42606e-16 2.42888e-17 1
SPEC: 3781.95 3786.65 2.30829e-16 2.37525e-17 1
SPEC: 3786.65 3791.35 1.90593e-16 2.32466e-17 1
SPEC: 3791.45 3796.15 1.91396e-16 2.27707e-17 1
SPEC: 3796.15 3800.85 2.04572e-16 2.23242e-17 1
SPEC: 3800.85 3805.55 2.42357e-16 2.19067e-17 1
SPEC: 3805.55 3810.25 2.12524e-16 2.15173e-17 1
SPEC: 3810.35 3815.05 2.01548e-16 2.11553e-17 1
SPEC: 3815.05 3819.75 2.19948e-16 2.08197e-17 1
SPEC: 3819.85 3824.55 2.15580e-16 2.05096e-17 1
SPEC: 3824.55 3829.25 1.89463e-16 2.02238e-17 1
SPEC: 3829.25 3833.95 2.50902e-16 1.99611e-17 1
SPEC: 3833.95 3838.65 2.24050e-16 1.97203e-17 1
SPEC: 3838.75 3843.45 2.13099e-16 1.94998e-17 1
SPEC: 3843.45 3848.15 1.95327e-16 1.92983e-17 1
SPEC: 3848.25 3852.95 1.98771e-16 1.91141e-17 1
SPEC: 3852.95 3857.65 2.03689e-16 1.89455e-17 1
SPEC: 3857.65 3862.35 1.85859e-16 1.87908e-17 1
SPEC: 3862.45 3867.15 2.00951e-16 1.86483e-17 1
SPEC: 3867.15 3871.85 1.67107e-16 1.85161e-17 1
SPEC: 3871.85 3876.55 1.79498e-16 1.83925e-17 1
SPEC: 3876.55 3881.25 1.84865e-16 1.82759e-17 1
SPEC: 3881.35 3886.05 1.72512e-16 1.81647e-17 1
SPEC: 3886.05 3890.75 2.16214e-16 1.80574e-17 1
SPEC: 3890.75 3895.45 2.59277e-16 1.79528e-17 1
SPEC: 3895.55 3900.25 2.59385e-16 1.78498e-17 1
SPEC: 3900.25 3904.95 2.48019e-16 1.77474e-17 1
SPEC: 3904.95 3909.65 2.50968e-16 1.76452e-17 1
SPEC: 3909.75 3914.45 2.41790e-16 1.75426e-17 1
SPEC: 3914.45 3919.15 2.61242e-16 1.74396e-17 1
SPEC: 3919.15 3923.85 2.24618e-16 1.73362e-17 1
SPEC: 3923.95 3928.65 2.63992e-16 1.72327e-17 1
SPEC: 3928.65 3933.35 2.27575e-16 1.71298e-17 1
SPEC: 3933.35 3938.05 2.21399e-16 1.70282e-17 1
SPEC: 3938.15 3942.85 2.45460e-16 1.69288e-17 1
SPEC: 3942.85 3947.55 2.46381e-16 1.68326e-17 1
SPEC: 3947.55 3952.25 2.50463e-16 1.67409e-17 1
SPEC: 3952.35 3957.05 2.43335e-16 1.66548e-17 1
SPEC: 3957.05 3961.75 2.39019e-16 1.65757e-17 1
SPEC: 3961.75 3966.45 2.17383e-16 1.65048e-17 1
SPEC: 3966.55 3971.25 2.13369e-16 1.64432e-17 1
SPEC: 3971.25 3975.95 2.22522e-16 1.63920e-17 1
SPEC: 3975.95 3980.65 2.51377e-16 1.63521e-17 1
SPEC: 3980.75 3985.45 2.55668e-16 1.63244e-17 1
SPEC: 3985.45 3990.15 2.63560e-16 1.63094e-17 1
SPEC: 3990.15 3994.85 2.44133e-16 1.63074e-17 1
SPEC: 3994.95 3999.65 2.53942e-16 1.63185e-17 1
SPEC: 3999.65 4004.35 2.76840e-16 1.64402e-17 1
SPEC: 4004.35 4009.05 2.68138e-16 1.64625e-17 1
SPEC: 4009.15 4013.85 2.76440e-16 1.64766e-17 1
SPEC: 4013.85 4018.55 3.08242e-16 1.64877e-17 1
SPEC: 4018.55 4023.25 2.99387e-16 1.65557e-17 1
SPEC: 4023.35 4028.05 3.19821e-16 1.66544e-17 1
SPEC: 4028.05 4032.75 3.19969e-16 1.67586e-17 1
SPEC: 4032.75 4037.45 3.40883e-16 1.68233e-17 1
SPEC: 4037.55 4042.25 3.33889e-16 1.69446e-17 1
SPEC: 4042.25 4046.95 3.63405e-16 1.70164e-17 1
SPEC: 4046.95 4051.65 3.87718e-16 1.71079e-17 1
SPEC: 4051.75 4056.45 3.46344e-16 1.70895e-17 1
SPEC: 4056.45 4061.15 3.58506e-16 1.71962e-17 1
SPEC: 4061.15 4065.85 3.33003e-16 1.72807e-17 1
SPEC: 4065.85 4070.55 3.29009e-16 1.73324e-17 1
SPEC: 4070.65 4075.35 3.51062e-16 1.73438e-17 1
SPEC: 4075.35 4080.05 3.84200e-16 1.73475e-17 1
SPEC: 4080.05 4084.75 3.81355e-16 1.73597e-17 1
SPEC: 4084.85 4089.55 3.93193e-16 1.73263e-17 1
SPEC: 4089.55 4094.25 3.90615e-16 1.72403e-17 1
SPEC: 4094.25 4098.95 4.05350e-16 1.71312e-17 1
SPEC: 4099.05 4103.75 3.97093e-16 1.70141e-17 1
SPEC: 4103.75 4108.45 3.63744e-16 1.68792e-17 1
SPEC: 4108.55 4113.25 3.65425e-16 1.67212e-17 1
SPEC: 4113.25 4117.95 3.55943e-16 1.65463e-17 1
SPEC: 4117.95 4122.65 3.60528e-16 1.63636e-17 1
SPEC: 4122.75 4127.45 3.92784e-16 1.61101e-17 1
SPEC: 4127.45 4132.15 3.79071e-16 1.58597e-17 1
SPEC: 4132.15 4136.85 3.56953e-16 1.55635e-17 1
SPEC: 4136.85 4141.55 3.11703e-16 1.52728e-17 1
SPEC: 4141.65 4146.35 3.16274e-16 1.48722e-17 1
SPEC: 4146.35 4151.05 3.16749e-16 1.45576e-17 1
SPEC: 4151.05 4155.75 3.41025e-16 1.42024e-17 1
SPEC: 4155.85 4160.55 3.39938e-16 1.39226e-17 1
SPEC: 4160.55 4165.25 3.55427e-16 1.36106e-17 1
SPEC: 4165.25 4169.95 3.36251e-16 1.32980e-17 1
SPEC: 4170.05 4174.75 3.53554e-16 1.29008e-17 1
SPEC: 4174.75 4179.45 3.58373e-16 1.25248e-17 1
SPEC: 4179.45 4184.15 3.58796e-16 1.21732e-17 1
SPEC: 4184.25 4188.95 3.70000e-16 1.18808e-17 1
SPEC: 4188.95 4193.65 3.69044e-16 1.15473e-17 1
SPEC: 4193.65 4198.35 3.81088e-16 1.12393e-17 1
SPEC: 4198.45 4203.15 3.67218e-16 1.09645e-17 1
SPEC: 4203.15 4207.85 3.72969e-16 1.07393e-17 1
SPEC: 4207.85 4212.55 3.85098e-16 1.05172e-17 1
SPEC: 4212.65 4217.35 3.77521e-16 1.03480e-17 1
SPEC: 4217.35 4222.05 3.90175e-16 1.01856e-17 1
SPEC: 4222.05 4226.75 3.82978e-16 1.00277e-17 1
SPEC: 4226.85 4231.55 3.95894e-16 9.94708e-18 1
SPEC: 4231.55 4236.25 4.04827e-16 9.91302e-18 1
SPEC: 4236.25 4240.95 4.08852e-16 9.81145e-18 1
SPEC: 4241.05 4245.75 4.29605e-16 9.80373e-18 1
SPEC: 4245.75 4250.45 4.11902e-16 9.82149e-18 1
SPEC: 4250.45 4255.15 4.08729e-16 9.86430e-18 1
SPEC: 4255.25 4259.95 4.10915e-16 9.92512e-18 1
SPEC: 4259.95 4264.65 4.08319e-16 9.95612e-18 1
SPEC: 4264.65 4269.35 4.10013e-16 1.00793e-17 1
SPEC: 4269.45 4274.15 3.94516e-16 1.01516e-17 1
SPEC: 4274.15 4278.85 4.03698e-16 1.03186e-17 1
SPEC: 4278.85 4283.55 3.91629e-16 1.03786e-17 1
SPEC: 4283.65 4288.35 3.84983e-16 1.04537e-17 1
SPEC: 4288.35 4293.05 3.93342e-16 1.05700e-17 1
SPEC: 4293.05 4297.75 3.83694e-16 1.06912e-17 1
SPEC: 4297.85 4302.55 3.81661e-16 1.07573e-17 1
SPEC: 4302.55 4307.25 3.99806e-16 1.08921e-17 1
SPEC: 4307.25 4311.95 3.98938e-16 1.09943e-17 1
SPEC: 4312.05 4316.75 3.66617e-16 1.11593e-17 1
SPEC: 4316.75 4321.45 3.62836e-16 1.12696e-17 1
SPEC: 4321.45 4326.15 3.77508e-16 1.12417e-17 1
SPEC: 4326.25 4330.95 3.64100e-16 1.13951e-17 1
SPEC: 4330.95 4335.65 3.66384e-16 1.14291e-17 1
SPEC: 4335.65 4340.35 3.66660e-16 1.14094e-17 1
SPEC: 4340.45 4345.15 3.85997e-16 1.14332e-17 1
SPEC: 4345.15 4349.85 3.95685e-16 1.14277e-17 1
SPEC: 4349.85 4354.55 3.98254e-16 1.13791e-17 1
SPEC: 4354.55 4359.25 4.02726e-16 1.13726e-17 1
SPEC: 4359.35 4364.05 3.58189e-16 1.13415e-17 1
SPEC: 4364.05 4368.75 3.75017e-16 1.12725e-17 1
SPEC: 4368.75 4373.45 3.52810e-16 1.12102e-17 1
SPEC: 4373.55 4378.25 3.51080e-16 1.10721e-17 1
SPEC: 4378.25 4382.95 3.56088e-16 1.09462e-17 1
SPEC: 4383.05 4387.75 3.32709e-16 1.07823e-17 1
SPEC: 4387.75 4392.45 3.16220e-16 1.07117e-17 1
SPEC: 4392.45 4397.15 3.23623e-16 1.05701e-17 1
SPEC: 4397.15 4401.85 3.34868e-16 1.04726e-17 1
SPEC: 4401.95 4406.65 3.21492e-16 1.03382e-17 1
SPEC: 4406.65 4411.35 3.23418e-16 1.02473e-17 1
SPEC: 4411.35 4416.05 3.25515e-16 1.01549e-17 1
SPEC: 4416.15 4420.85 3.21599e-16 1.00096e-17 1
SPEC: 4420.85 4425.55 3.10939e-16 9.90235e-18 1
SPEC: 4425.55 4430.25 3.11545e-16 9.76684e-18 1
SPEC: 4430.35 4435.05 3.08132e-16 9.64050e-18 1
SPEC: 4435.05 4439.75 3.09071e-16 9.53598e-18 1
SPEC: 4439.75 4444.45 3.16719e-16 9.45333e-18 1
SPEC: 4444.55 4449.25 3.11943e-16 9.38934e-18 1
SPEC: 4449.25 4453.95 2.96278e-16 9.31213e-18 1
SPEC: 4453.95 4458.65 2.88637e-16 9.23680e-18 1
SPEC: 4458.75 4463.45 2.89516e-16 9.18930e-18 1
SPEC: 4463.45 4468.15 2.84989e-16 9.17142e-18 1
SPEC: 4468.15 4472.85 2.99412e-16 9.15274e-18 1
SPEC: 4472.95 4477.65 2.77267e-16 9.13508e-18 1
SPEC: 4477.65 4482.35 2.71965e-16 9.11921e-18 1
SPEC: 4482.35 4487.05 2.68784e-16 9.12027e-18 1
SPEC: 4487.15 4491.85 2.72829e-16 9.12139e-18 1
SPEC: 4491.85 4496.55 2.66440e-16 9.13724e-18 1
SPEC: 4496.55 4501.25 2.63198e-16 9.17196e-18 1
SPEC: 4501.35 4506.05 2.82501e-16 9.15830e-18 1
SPEC: 4506.05 4510.75 2.88711e-16 9.16438e-18 1
SPEC: 4510.75 4515.45 2.78555e-16 9.16731e-18 1
SPEC: 4515.55 4520.25 2.82394e-16 9.17539e-18 1
SPEC: 4520.25 4524.95 2.88093e-16 9.18641e-18 1
SPEC: 4524.95 4529.65 3.04948e-16 9.18141e-18 1
SPEC: 4529.75 4534.45 2.92842e-16 9.18166e-18 1
SPEC: 4534.45 4539.15 3.05092e-16 9.20130e-18 1
SPEC: 4539.15 4543.85 3.16521e-16 9.16176e-18 1
SPEC: 4543.95 4548.65 3.23759e-16 9.15386e-18 1
SPEC: 4548.65 4553.35 3.46356e-16 9.13212e-18 1
SPEC: 4553.35 4558.05 3.30111e-16 9.08969e-18 1
SPEC: 4558.15 4562.85 3.19119e-16 9.05995e-18 1
SPEC: 4562.85 4567.55 3.21130e-16 9.00836e-18 1
SPEC: 4567.55 4572.25 3.05654e-16 8.94197e-18 1
SPEC: 4572.35 4577.05 3.04473e-16 8.91336e-18 1
SPEC: 4577.05 4581.75 2.96080e-16 8.83898e-18 1
SPEC: 4581.75 4586.45 2.81343e-16 8.75629e-18 1
SPEC: 4586.55 4591.25 2.71805e-16 8.69664e-18 1
SPEC: 4591.25 4595.95 2.94023e-16 8.61900e-18 1
SPEC: 4595.95 4600.65 3.04388e-16 8.53590e-18 1
SPEC: 4600.75 4605.45 2.76422e-16 8.43551e-18 1
SPEC: 4605.45 4610.15 2.85960e-16 8.38836e-18 1
SPEC: 4610.15 4614.85 2.86074e-16 8.32931e-18 1
SPEC: 4614.85 4619.55 2.93840e-16 8.24129e-18 1
SPEC: 4619.65 4624.35 3.05329e-16 8.18139e-18 1
SPEC: 4624.35 4629.05 3.08893e-16 8.10707e-18 1
SPEC: 4629.05 4633.75 3.12164e-16 8.02691e-18 1
SPEC: 4633.85 4638.55 3.19212e-16 7.96636e-18 1
SPEC: 4638.55 4643.25 3.23754e-16 7.92701e-18 1
SPEC: 4643.25 4647.95 3.32644e-16 7.87027e-18 1
SPEC: 4648.05 4652.75 3.32543e-16 7.86672e-18 1
SPEC: 4652.75 4657.45 3.27949e-16 7.81391e-18 1
SPEC: 4657.45 4662.15 3.38713e-16 7.81157e-18 1
SPEC: 4662.25 4666.95 3.45488e-16 7.80069e-18 1
SPEC: 4666.95 4671.65 3.41780e-16 7.78648e-18 1
SPEC: 4671.65 4676.35 3.39609e-16 7.79966e-18 1
SPEC: 4676.45 4681.15 3.55742e-16 7.80863e-18 1
SPEC: 4681.15 4685.85 3.46790e-16 7.80979e-18 1
SPEC: 4685.85 4690.55 3.45067e-16 7.81747e-18 1
SPEC: 4690.65 4695.35 3.42591e-16 7.81506e-18 1
SPEC: 4695.35 4700.05 3.48356e-16 7.85995e-18 1
SPEC: 4700.05 4704.75 3.45517e-16 7.86707e-18 1
SPEC: 4704.85 4709.55 3.46873e-16 7.89721e-18 1
SPEC: 4709.55 4714.25 3.56981e-16 7.91281e-18 1
SPEC: 4714.25 4718.95 3.41960e-16 7.94925e-18 1
SPEC: 4719.05 4723.75 3.43490e-16 7.95916e-18 1
SPEC: 4723.75 4728.45 3.24895e-16 7.99238e-18 1
SPEC: 4728.45 4733.15 3.12451e-16 7.98792e-18 1
SPEC: 4733.25 4737.95 3.16765e-16 8.00451e-18 1
SPEC: 4737.95 4742.65 3.31820e-16 8.00112e-18 1
SPEC: 4742.65 4747.35 3.42397e-16 7.98646e-18 1
SPEC: 4747.45 4752.15 3.41222e-16 7.98924e-18 1
SPEC: 4752.15 4756.85 3.42274e-16 7.96546e-18 1
SPEC: 4756.85 4761.55 3.29518e-16 7.94241e-18 1
SPEC: 4761.65 4766.35 3.18922e-16 7.88967e-18 1
SPEC: 4766.35 4771.05 3.13411e-16 7.86451e-18 1
SPEC: 4771.05 4775.75 3.16700e-16 7.84647e-18 1
SPEC: 4775.85 4780.55 3.17531e-16 7.79977e-18 1
SPEC: 4780.55 4785.25 3.20314e-16 7.75213e-18 1
SPEC: 4785.25 4789.95 3.21938e-16 7.67611e-18 1
SPEC: 4790.05 4794.75 3.20818e-16 7.59934e-18 1
SPEC: 4794.75 4799.45 3.31041e-16 7.55748e-18 1
SPEC: 4799.45 4804.15 3.38895e-16 7.48224e-18 1
SPEC: 4804.25 4808.95 3.22903e-16 7.40419e-18 1
SPEC: 4808.95 4813.65 3.23768e-16 7.31770e-18 1
SPEC: 4813.65 4818.35 3.37265e-16 7.26181e-18 1
SPEC: 4818.45 4823.15 3.19668e-16 7.19144e-18 1
SPEC: 4823.15 4827.85 3.07173e-16 7.10337e-18 1
SPEC: 4827.85 4832.55 3.00659e-16 7.03614e-18 1
SPEC: 4832.65 4837.35 3.03984e-16 6.96579e-18 1
SPEC: 4837.35 4842.05 2.96215e-16 6.87188e-18 1
SPEC: 4842.05 4846.75 2.91315e-16 6.80045e-18 1
SPEC: 4846.75 4851.45 2.95892e-16 6.74749e-18 1
SPEC: 4851.55 4856.25 2.99965e-16 6.66166e-18 1
SPEC: 4856.25 4860.95 2.92114e-16 6.60420e-18 1
SPEC: 4861.05 4865.75 2.96615e-16 6.54241e-18 1
SPEC: 4865.75 4870.45 2.98486e-16 6.48485e-18 1
SPEC: 4870.45 4875.15 2.88710e-16 6.42109e-18 1
SPEC: 4875.25 4879.95 3.04443e-16 6.39194e-18 1
SPEC: 4879.95 4884.65 3.08097e-16 6.34603e-18 1
SPEC: 4884.65 4889.35 3.04333e-16 6.30541e-18 1
SPEC: 4889.45 4894.15 3.06608e-16 6.28296e-18 1
SPEC: 4894.15 4898.85 3.02863e-16 6.24696e-18 1
SPEC: 4898.85 4903.55 3.03276e-16 6.21121e-18 1
SPEC: 4903.55 4908.25 3.04294e-16 6.18976e-18 1
SPEC: 4908.35 4913.05 3.03044e-16 6.14007e-18 1
SPEC: 4913.05 4917.75 3.03474e-16 6.27071e-18 1
SPEC: 4917.75 4922.45 2.94555e-16 6.18041e-18 1
SPEC: 4922.55 4927.25 2.79316e-16 6.11515e-18 1
SPEC: 4927.25 4931.95 2.86564e-16 6.10912e-18 1
SPEC: 4931.95 4936.65 2.92233e-16 6.11301e-18 1
SPEC: 4936.75 4941.45 2.74172e-16 6.12369e-18 1
SPEC: 4941.45 4946.15 2.82750e-16 6.10042e-18 1
SPEC: 4946.15 4950.85 2.93468e-16 6.09860e-18 1
SPEC: 4950.95 4955.65 2.82023e-16 6.12816e-18 1
SPEC: 4955.65 4960.35 2.76006e-16 6.09887e-18 1
SPEC: 4960.35 4965.05 2.77245e-16 6.11475e-18 1
SPEC: 4965.15 4969.85 2.82878e-16 6.11635e-18 1
SPEC: 4969.85 4974.55 2.87468e-16 6.13888e-18 1
SPEC: 4974.55 4979.25 2.89801e-16 6.11623e-18 1
SPEC: 4979.35 4984.05 2.86666e-16 6.11876e-18 1
SPEC: 4984.05 4988.75 2.88016e-16 6.15216e-18 1
SPEC: 4988.75 4993.45 2.86045e-16 6.14671e-18 1
SPEC: 4993.55 4998.25 2.87931e-16 6.14689e-18 1
SPEC: 4998.25 5002.95 2.83501e-16 6.16671e-18 1
SPEC: 5002.95 5007.65 2.78868e-16 6.15242e-18 1
SPEC: 5007.75 5012.45 2.78555e-16 6.18431e-18 1
SPEC: 5012.45 5017.15 2.78369e-16 6.16831e-18 1
SPEC: 5017.15 5021.85 2.66411e-16 6.18333e-18 1
SPEC: 5021.95 5026.65 2.50070e-16 6.18407e-18 1
SPEC: 5026.65 5031.35 2.51584e-16 6.18401e-18 1
SPEC: 5031.35 5036.05 2.39366e-16 6.18287e-18 1
SPEC: 5036.15 5040.85 2.31402e-16 6.15137e-18 1
SPEC: 5040.85 5045.55 2.35361e-16 6.14025e-18 1
SPEC: 5045.55 5050.25 2.33444e-16 6.14467e-18 1
SPEC: 5050.35 5055.05 2.24033e-16 6.14703e-18 1
SPEC: 5055.05 5059.75 2.19072e-16 6.12658e-18 1
SPEC: 5059.75 5064.45 2.15252e-16 6.10653e-18 1
SPEC: 5064.55 5069.25 2.28133e-16 6.12477e-18 1
SPEC: 5069.25 5073.95 2.35135e-16 6.04349e-18 1
SPEC: 5073.95 5078.65 2.37716e-16 6.01916e-18 1
SPEC: 5078.75 5083.45 2.27010e-16 5.97594e-18 1
SPEC: 5083.45 5088.15 2.26299e-16 5.95240e-18 1
SPEC: 5088.15 5092.85 2.27884e-16 5.92940e-18 1
SPEC: 5092.95 5097.65 2.26857e-16 5.89204e-18 1
SPEC: 5097.65 5102.35 2.37938e-16 5.83239e-18 1
SPEC: 5102.35 5107.05 2.45926e-16 5.81578e-18 1
SPEC: 5107.05 5111.75 2.37208e-16 5.75731e-18 1
SPEC: 5111.85 5116.55 2.39678e-16 5.72897e-18 1
SPEC: 5116.55 5121.25 2.45664e-16 5.68271e-18 1
SPEC: 5121.25 5125.95 2.54330e-16 5.62187e-18 1
SPEC: 5126.05 5130.75 2.56001e-16 5.58071e-18 1
SPEC: 5130.75 5135.45 2.50436e-16 5.53475e-18 1
SPEC: 5135.55 5140.25 2.45434e-16 5.47454e-18 1
SPEC: 5140.25 5144.95 2.50474e-16 5.44230e-18 1
SPEC: 5144.95 5149.65 2.59616e-16 5.39787e-18 1
SPEC: 5149.75 5154.45 2.57502e-16 5.37683e-18 1
SPEC: 5154.45 5159.15 2.55269e-16 5.29694e-18 1
SPEC: 5159.15 5163.85 2.57192e-16 5.27523e-18 1
SPEC: 5163.85 5168.55 2.53540e-16 5.20449e-18 1
SPEC: 5168.65 5173.35 2.54262e-16 5.17169e-18 1
SPEC: 5173.35 5178.05 2.50780e-16 5.15669e-18 1
SPEC: 5178.05 5182.75 2.43757e-16 5.11744e-18 1
SPEC: 5182.85 5187.55 2.51889e-16 5.08712e-18 1
SPEC: 5187.55 5192.25 2.58583e-16 5.09576e-18 1
SPEC: 5192.25 5196.95 2.57622e-16 5.16904e-18 1
SPEC: 5197.05 5201.75 2.54356e-16 5.41769e-18 1
SPEC: 5201.75 5206.45 2.58621e-16 5.07397e-18 1
SPEC: 5206.45 5211.15 2.60789e-16 5.00059e-18 1
SPEC: 5211.25 5215.95 2.51167e-16 5.00984e-18 1
SPEC: 5215.95 5220.65 2.55566e-16 5.02033e-18 1
SPEC: 5220.65 5225.35 2.66028e-16 5.01929e-18 1
SPEC: 5225.45 5230.15 2.64217e-16 4.97161e-18 1
SPEC: 5230.15 5234.85 2.58595e-16 4.99238e-18 1
SPEC: 5234.85 5239.55 2.59382e-16 5.05110e-18 1
SPEC: 5239.65 5244.35 2.59158e-16 5.03498e-18 1
SPEC: 5244.35 5249.05 2.59845e-16 5.04068e-18 1
SPEC: 5249.05 5253.75 2.58642e-16 5.06309e-18 1
SPEC: 5253.85 5258.55 2.61254e-16 5.12664e-18 1
SPEC: 5258.55 5263.25 2.61003e-16 5.12426e-18 1
SPEC: 5263.25 5267.95 2.62646e-16 5.12706e-18 1
SPEC: 5268.05 5272.75 2.77601e-16 5.16374e-18 1
SPEC: 5272.75 5277.45 2.72471e-16 5.23693e-18 1
SPEC: 5277.45 5282.15 2.69579e-16 5.25256e-18 1
SPEC: 5282.25 5286.95 2.81395e-16 5.29256e-18 1
SPEC: 5286.95 5291.65 2.75993e-16 5.34219e-18 1
SPEC: 5291.65 5296.35 2.72666e-16 5.38186e-18 1
SPEC: 5296.45 5301.15 2.72627e-16 5.44064e-18 1
SPEC: 5301.15 5305.85 2.79820e-16 5.51025e-18 1
SPEC: 5305.85 5310.55 2.84291e-16 5.55244e-18 1
SPEC: 5310.65 5315.35 2.82582e-16 5.61044e-18 1
SPEC: 5315.35 5320.05 2.83648e-16 5.66556e-18 1
SPEC: 5320.05 5324.75 2.81700e-16 5.72769e-18 1
SPEC: 5324.85 5329.55 2.72246e-16 5.76856e-18 1
SPEC: 5329.55 5334.25 2.81928e-16 5.84780e-18 1
SPEC: 5334.25 5338.95 2.76771e-16 5.91285e-18 1
SPEC: 5339.05 5343.75 2.71356e-16 5.98988e-18 1
SPEC: 5343.75 5348.45 2.64023e-16 6.05464e-18 1
SPEC: 5348.45 5353.15 2.75045e-16 6.13104e-18 1
SPEC: 5353.25 5357.95 2.79844e-16 6.20153e-18 1
SPEC: 5357.95 5362.65 2.70588e-16 6.26234e-18 1
SPEC: 5362.65 5367.35 2.63267e-16 6.33612e-18 1
SPEC: 5367.45 5372.15 2.72487e-16 6.39997e-18 1
SPEC: 5372.15 5376.85 2.66595e-16 6.46860e-18 1
SPEC: 5376.85 5381.55 2.67349e-16 6.54595e-18 1
SPEC: 5381.55 5386.25 2.73514e-16 6.59923e-18 1
SPEC: 5386.35 5391.05 2.69587e-16 6.64994e-18 1
SPEC: 5391.05 5395.75 2.65883e-16 6.70693e-18 1
SPEC: 5395.75 5400.45 2.67960e-16 6.76598e-18 1
SPEC: 5400.55 5405.25 2.77183e-16 6.82777e-18 1
SPEC: 5405.25 5409.95 2.83423e-16 6.86564e-18 1
SPEC: 5410.05 5414.75 2.68476e-16 6.91350e-18 1
SPEC: 5414.75 5419.45 2.68861e-16 6.96584e-18 1
SPEC: 5419.45 5424.15 2.75729e-16 6.99587e-18 1
SPEC: 5424.25 5428.95 2.58502e-16 7.04256e-18 1
SPEC: 5428.95 5433.65 2.55806e-16 7.04715e-18 1
SPEC: 5433.65 5438.35 2.53818e-16 7.08738e-18 1
SPEC: 5438.35 5443.05 2.49354e-16 7.10849e-18 1
SPEC: 5443.15 5447.85 2.50834e-16 7.10843e-18 1
SPEC: 5447.85 5452.55 2.69025e-16 7.12780e-18 1
SPEC: 5452.55 5457.25 2.70971e-16 7.11186e-18 1
SPEC: 5457.35 5462.05 2.42713e-16 7.11520e-18 1
SPEC: 5462.05 5466.75 2.37895e-16 7.09579e-18 1
SPEC: 5466.75 5471.45 2.30219e-16 7.08062e-18 1
SPEC: 5471.55 5476.25 2.30383e-16 7.05841e-18 1
SPEC: 5476.25 5480.95 2.30083e-16 7.04829e-18 1
SPEC: 5480.95 5485.65 2.28070e-16 7.01446e-18 1
SPEC: 5485.75 5490.45 2.19724e-16 6.98163e-18 1
SPEC: 5490.45 5495.15 2.12169e-16 6.94825e-18 1
SPEC: 5495.15 5499.85 2.22592e-16 6.90664e-18 1
SPEC: 5499.95 5504.65 2.27114e-16 6.88390e-18 1
SPEC: 5504.65 5509.35 2.33990e-16 6.83607e-18 1
SPEC: 5509.35 5514.05 2.42755e-16 6.79032e-18 1
SPEC: 5514.15 5518.85 2.49554e-16 6.75249e-18 1
SPEC: 5518.85 5523.55 2.40068e-16 6.71188e-18 1
SPEC: 5523.55 5528.25 2.43851e-16 6.66521e-18 1
SPEC: 5528.35 5533.05 2.47297e-16 6.62411e-18 1
SPEC: 5533.05 5537.75 2.35879e-16 6.59641e-18 1
SPEC: 5537.75 5542.45 2.49242e-16 6.56798e-18 1
SPEC: 5542.55 5547.25 2.53732e-16 6.55772e-18 1
SPEC: 5547.25 5551.95 2.48152e-16 6.50434e-18 1
SPEC: 5551.95 5556.65 2.50151e-16 6.47609e-18 1
SPEC: 5556.75 5561.45 2.42683e-16 6.46022e-18 1
SPEC: 5561.45 5566.15 2.44188e-16 6.47250e-18 1
SPEC: 5566.15 5570.85 2.46162e-16 6.59894e-18 1
SPEC: 5570.95 5575.65 2.48136e-16 7.41292e-18 1
SPEC: 5575.65 5580.35 2.49642e-16 8.58580e-18 1
SPEC: 5580.35 5585.05 2.41408e-16 6.99207e-18 1
SPEC: 5585.15 5589.85 2.45421e-16 6.42651e-18 1
SPEC: 5589.85 5594.55 2.47137e-16 6.40914e-18 1
SPEC: 5594.55 5599.25 2.42270e-16 6.41713e-18 1
SPEC: 5599.35 5604.05 2.45157e-16 6.43645e-18 1
SPEC: 5604.05 5608.75 2.44311e-16 6.47649e-18 1
SPEC: 5608.75 5613.45 2.49677e-16 6.45603e-18 1
SPEC: 5613.55 5618.25 2.50931e-16 6.47909e-18 1
SPEC: 5618.25 5622.95 2.44616e-16 6.49958e-18 1
SPEC: 5622.95 5627.65 2.40070e-16 6.52575e-18 1
SPEC: 5627.75 5632.45 2.26609e-16 6.52710e-18 1
SPEC: 5632.45 5637.15 2.36278e-16 6.55335e-18 1
SPEC: 5637.15 5641.85 2.40334e-16 6.57524e-18 1
SPEC: 5641.85 5646.55 2.29224e-16 6.61423e-18 1
SPEC: 5646.65 5651.35 2.22939e-16 6.62352e-18 1
SPEC: 5651.35 5656.05 2.24926e-16 6.62592e-18 1
SPEC: 5656.05 5660.75 2.23590e-16 6.63504e-18 1
SPEC: 5660.85 5665.55 2.25370e-16 6.66392e-18 1
SPEC: 5665.55 5670.25 2.27016e-16 6.68535e-18 1
SPEC: 5670.25 5674.95 2.25596e-16 6.69192e-18 1
SPEC: 5675.05 5679.75 2.48861e-16 6.71106e-18 1
SPEC: 5679.75 5684.45 2.52664e-16 6.70934e-18 1
SPEC: 5684.55 5689.25 2.37827e-16 6.71616e-18 1
SPEC: 5689.25 5693.95 2.24708e-16 6.72147e-18 1
SPEC: 5693.95 5698.65 2.16562e-16 6.72586e-18 1
SPEC: 5698.65 5703.35 2.26488e-16 6.72276e-18 1
SPEC: 5703.45 5708.15 2.33698e-16 6.71057e-18 1
SPEC: 5708.15 5712.85 2.38659e-16 6.70625e-18 1
SPEC: 5712.85 5717.55 2.37454e-16 6.70699e-18 1
SPEC: 5717.65 5722.35 2.42074e-16 6.70576e-18 1
SPEC: 5722.35 5727.05 2.46300e-16 6.69848e-18 1
SPEC: 5727.05 5731.75 2.52270e-16 6.68376e-18 1
SPEC: 5731.85 5736.55 2.51410e-16 6.68529e-18 1
SPEC: 5736.55 5741.25 2.57537e-16 6.66879e-18 1
SPEC: 5741.25 5745.95 2.61776e-16 6.66793e-18 1
SPEC: 5746.05 5750.75 2.50351e-16 6.66434e-18 1
SPEC: 5750.75 5755.45 2.51305e-16 6.65280e-18 1
SPEC: 5755.45 5760.15 2.56263e-16 6.65203e-18 1
SPEC: 5760.25 5764.95 2.66107e-16 6.64727e-18 1
SPEC: 5764.95 5769.65 2.58238e-16 6.65336e-18 1
SPEC: 5769.65 5774.35 2.52827e-16 6.65052e-18 1
SPEC: 5774.45 5779.15 2.55169e-16 6.65539e-18 1
SPEC: 5779.15 5783.85 2.56278e-16 6.65560e-18 1
SPEC: 5783.85 5788.55 2.57538e-16 6.67385e-18 1
SPEC: 5788.65 5793.35 2.55442e-16 6.69037e-18 1
SPEC: 5793.35 5798.05 2.60545e-16 6.70181e-18 1
SPEC: 5798.05 5802.75 2.52711e-16 6.72325e-18 1
SPEC: 5802.85 5807.55 2.57757e-16 6.75268e-18 1
SPEC: 5807.55 5812.25 2.70146e-16 6.76051e-18 1
SPEC: 5812.25 5816.95 2.65251e-16 6.78649e-18 1
SPEC: 5817.05 5821.75 2.53348e-16 6.81413e-18 1
SPEC: 5821.75 5826.45 2.49557e-16 6.84906e-18 1
SPEC: 5826.45 5831.15 2.51079e-16 6.86892e-18 1
SPEC: 5831.25 5835.95 2.58293e-16 6.89938e-18 1
SPEC: 5835.95 5840.65 2.63752e-16 6.92626e-18 1
SPEC: 5840.65 5845.35 2.67239e-16 6.95194e-18 1
SPEC: 5845.45 5850.15 2.71048e-16 6.98011e-18 1
SPEC: 5850.15 5854.85 2.61984e-16 7.01228e-18 1
SPEC: 5854.85 5859.55 2.66372e-16 7.03295e-18 1
SPEC: 5859.65 5864.35 2.75078e-16 7.09059e-18 1
SPEC: 5864.35 5869.05 2.71182e-16 7.20745e-18 1
SPEC: 5869.05 5873.75 2.70533e-16 7.18452e-18 1
SPEC: 5873.75 5878.45 2.57823e-16 7.17541e-18 1
SPEC: 5878.55 5883.25 2.73372e-16 7.20892e-18 1
SPEC: 5883.25 5887.95 2.66224e-16 7.47492e-18 1
SPEC: 5888.05 5892.75 2.52921e-16 7.87838e-18 1
SPEC: 5892.75 5897.45 2.40690e-16 7.77082e-18 1
SPEC: 5897.45 5902.15 2.66397e-16 7.48784e-18 1
SPEC: 5902.25 5906.95 2.54769e-16 7.34686e-18 1
SPEC: 5906.95 5911.65 2.63699e-16 7.35808e-18 1
SPEC: 5911.65 5916.35 2.63038e-16 7.42488e-18 1
SPEC: 5916.45 5921.15 2.57957e-16 7.41273e-18 1
SPEC: 5921.15 5925.85 2.55987e-16 7.42617e-18 1
SPEC: 5925.85 5930.55 2.44894e-16 7.44074e-18 1
SPEC: 5930.55 5935.25 2.55799e-16 7.51832e-18 1
SPEC: 5935.35 5940.05 2.54564e-16 7.46798e-18 1
SPEC: 5940.05 5944.75 2.51566e-16 7.47527e-18 1
SPEC: 5944.75 5949.45 2.42404e-16 7.50694e-18 1
SPEC: 5949.55 5954.25 2.37114e-16 7.55298e-18 1
SPEC: 5954.25 5958.95 2.40300e-16 7.54453e-18 1
SPEC: 5958.95 5963.65 2.44692e-16 7.51462e-18 1
SPEC: 5963.75 5968.45 2.51792e-16 7.53526e-18 1
SPEC: 5968.45 5973.15 2.47115e-16 7.56870e-18 1
SPEC: 5973.15 5977.85 2.41089e-16 7.60537e-18 1
SPEC: 5977.95 5982.65 2.33083e-16 7.59269e-18 1
SPEC: 5982.65 5987.35 2.34366e-16 7.58343e-18 1
SPEC: 5987.35 5992.05 2.46083e-16 7.59931e-18 1
SPEC: 5992.15 5996.85 2.18531e-16 7.61106e-18 1
SPEC: 5996.85 6001.55 2.39499e-16 7.63727e-18 1
SPEC: 6001.55 6006.25 2.44655e-16 7.65392e-18 1
SPEC: 6006.35 6011.05 2.38306e-16 7.64507e-18 1
SPEC: 6011.05 6015.75 2.29503e-16 7.64865e-18 1
SPEC: 6015.75 6020.45 2.29606e-16 7.65323e-18 1
SPEC: 6020.55 6025.25 2.39288e-16 7.66656e-18 1
SPEC: 6025.25 6029.95 2.42910e-16 7.69289e-18 1
SPEC: 6029.95 6034.65 2.34050e-16 7.70829e-18 1
SPEC: 6034.75 6039.45 2.25638e-16 7.71121e-18 1
SPEC: 6039.45 6044.15 2.34805e-16 7.71026e-18 1
SPEC: 6044.15 6048.85 2.43495e-16 7.72416e-18 1
SPEC: 6048.95 6053.65 2.43318e-16 7.72894e-18 1
SPEC: 6053.65 6058.35 2.50401e-16 7.73974e-18 1
SPEC: 6058.35 6063.05 2.44652e-16 7.74313e-18 1
SPEC: 6063.15 6067.85 2.34813e-16 7.75990e-18 1
SPEC: 6067.85 6072.55 2.45031e-16 7.76021e-18 1
SPEC: 6072.55 6077.25 2.44964e-16 7.75699e-18 1
SPEC: 6077.35 6082.05 2.43993e-16 7.75951e-18 1
SPEC: 6082.05 6086.75 2.43511e-16 7.76692e-18 1
SPEC: 6086.75 6091.45 2.53405e-16 7.76389e-18 1
SPEC: 6091.55 6096.25 2.57930e-16 7.76214e-18 1
SPEC: 6096.25 6100.95 2.34970e-16 7.77272e-18 1
SPEC: 6100.95 6105.65 2.43470e-16 7.76795e-18 1
SPEC: 6105.75 6110.45 2.59967e-16 7.76357e-18 1
SPEC: 6110.45 6115.15 2.44353e-16 7.75411e-18 1
SPEC: 6115.15 6119.85 2.47321e-16 7.74799e-18 1
SPEC: 6119.95 6124.65 2.62673e-16 7.72691e-18 1
SPEC: 6124.65 6129.35 2.51800e-16 7.72515e-18 1
SPEC: 6129.35 6134.05 2.43785e-16 7.71478e-18 1
SPEC: 6134.05 6138.75 2.43985e-16 7.72154e-18 1
SPEC: 6138.85 6143.55 2.34305e-16 7.72208e-18 1
SPEC: 6143.55 6148.25 2.20439e-16 7.70453e-18 1
SPEC: 6148.25 6152.95 2.17463e-16 7.66275e-18 1
SPEC: 6153.05 6157.75 2.30249e-16 7.64769e-18 1
SPEC: 6157.75 6162.45 2.35538e-16 7.61903e-18 1
SPEC: 6162.55 6167.25 2.32364e-16 7.60749e-18 1
SPEC: 6167.25 6171.95 2.47413e-16 7.63362e-18 1
SPEC: 6171.95 6176.65 2.51194e-16 7.60301e-18 1
SPEC: 6176.75 6181.45 2.45849e-16 7.56276e-18 1
SPEC: 6181.45 6186.15 2.46851e-16 7.55028e-18 1
SPEC: 6186.15 6190.85 2.41759e-16 7.53065e-18 1
SPEC: 6190.85 6195.55 2.30423e-16 7.51797e-18 1
SPEC: 6195.65 6200.35 2.31799e-16 7.49982e-18 1
SPEC: 6200.35 6205.05 2.43649e-16 7.49660e-18 1
SPEC: 6205.05 6209.75 2.33760e-16 7.46565e-18 1
SPEC: 6209.85 6214.55 2.35113e-16 7.45375e-18 1
SPEC: 6214.55 6219.25 2.37010e-16 7.44911e-18 1
SPEC: 6219.25 6223.95 2.32525e-16 7.44273e-18 1
SPEC: 6224.05 6228.75 2.38106e-16 7.41606e-18 1
SPEC: 6228.75 6233.45 2.32852e-16 7.45210e-18 1
SPEC: 6233.45 6238.15 2.27848e-16 7.52690e-18 1
SPEC: 6238.25 6242.95 2.30336e-16 7.46591e-18 1
SPEC: 6242.95 6247.65 2.29845e-16 7.39724e-18 1
SPEC: 6247.65 6252.35 2.33189e-16 7.36570e-18 1
SPEC: 6252.45 6257.15 2.25633e-16 7.42344e-18 1
SPEC: 6257.15 6261.85 2.29508e-16 7.44308e-18 1
SPEC: 6261.85 6266.55 2.25236e-16 7.37938e-18 1
SPEC: 6266.65 6271.35 2.24542e-16 7.34569e-18 1
SPEC: 6271.35 6276.05 2.16279e-16 7.31831e-18 1
SPEC: 6276.05 6280.75 2.17241e-16 7.30695e-18 1
SPEC: 6280.85 6285.55 2.08110e-16 7.31148e-18 1
SPEC: 6285.55 6290.25 2.37693e-16 7.34174e-18 1
SPEC: 6290.25 6294.95 2.34060e-16 7.32949e-18 1
SPEC: 6295.05 6299.75 2.18294e-16 7.95243e-18 1
SPEC: 6299.75 6304.45 2.04062e-16 8.01769e-18 1
SPEC: 6304.45 6309.15 1.93875e-16 7.34384e-18 1
SPEC: 6309.25 6313.95 1.91818e-16 7.18648e-18 1
SPEC: 6313.95 6318.65 1.93307e-16 7.11786e-18 1
SPEC: 6318.65 6323.35 1.98486e-16 7.11982e-18 1
SPEC: 6323.45 6328.15 1.99857e-16 7.10681e-18 1
SPEC: 6328.15 6332.85 1.90391e-16 7.09442e-18 1
SPEC: 6332.85 6337.55 1.88328e-16 6.98847e-18 1
SPEC: 6337.65 6342.35 1.95434e-16 6.92475e-18 1
SPEC: 6342.35 6347.05 1.87257e-16 6.89240e-18 1
SPEC: 6347.05 6351.75 1.90438e-16 6.86161e-18 1
SPEC: 6351.85 6356.55 1.88112e-16 6.83764e-18 1
SPEC: 6356.55 6361.25 1.76093e-16 6.91473e-18 1
SPEC: 6361.25 6365.95 1.48472e-16 7.06731e-18 1
SPEC: 6366.05 6370.75 1.58578e-16 6.78862e-18 1
SPEC: 6370.75 6375.45 1.73838e-16 6.54233e-18 1
SPEC: 6375.45 6380.15 1.69491e-16 6.50116e-18 1
SPEC: 6380.25 6384.95 1.58191e-16 6.44995e-18 1
SPEC: 6384.95 6389.65 1.65752e-16 6.38341e-18 1
SPEC: 6389.65 6394.35 1.75586e-16 6.29292e-18 1
SPEC: 6394.45 6399.15 1.73616e-16 6.21276e-18 1
SPEC: 6399.15 6403.85 1.71261e-16 6.14214e-18 1
SPEC: 6403.85 6408.55 1.69860e-16 6.07552e-18 1
SPEC: 6408.55 6413.25 1.70143e-16 6.01358e-18 1
SPEC: 6413.35 6418.05 1.73190e-16 5.94872e-18 1
SPEC: 6418.05 6422.75 1.74938e-16 5.87457e-18 1
SPEC: 6422.75 6427.45 1.76646e-16 5.79882e-18 1
SPEC: 6427.55 6432.25 1.72705e-16 5.72137e-18 1
SPEC: 6432.25 6436.95 1.77678e-16 5.65405e-18 1
SPEC: 6437.05 6441.75 1.79809e-16 5.58694e-18 1
SPEC: 6441.75 6446.45 1.76113e-16 5.51878e-18 1
SPEC: 6446.45 6451.15 1.85953e-16 5.46178e-18 1
SPEC: 6451.25 6455.95 1.96415e-16 5.40144e-18 1
SPEC: 6455.95 6460.65 1.92948e-16 5.34279e-18 1
SPEC: 6460.65 6465.35 1.91414e-16 5.33483e-18 1
SPEC: 6465.45 6470.15 1.90437e-16 5.30176e-18 1
SPEC: 6470.15 6474.85 1.87560e-16 5.20204e-18 1
SPEC: 6474.85 6479.55 1.89765e-16 5.10997e-18 1
SPEC: 6479.55 6484.25 1.92012e-16 5.03922e-18 1
SPEC: 6484.35 6489.05 1.96296e-16 4.97649e-18 1
SPEC: 6489.05 6493.75 2.06058e-16 4.92881e-18 1
SPEC: 6493.75 6498.45 2.02556e-16 4.97362e-18 1
SPEC: 6498.55 6503.25 1.94465e-16 4.94678e-18 1
SPEC: 6503.25 6507.95 2.07114e-16 4.83320e-18 1
SPEC: 6507.95 6512.65 2.06467e-16 4.75705e-18 1
SPEC: 6512.75 6517.45 1.99363e-16 4.71165e-18 1
SPEC: 6517.45 6522.15 2.10741e-16 4.68893e-18 1
SPEC: 6522.15 6526.85 2.16972e-16 4.66147e-18 1
SPEC: 6526.95 6531.65 2.07978e-16 4.65161e-18 1
SPEC: 6531.65 6536.35 2.09289e-16 4.65829e-18 1
SPEC: 6536.35 6541.05 2.16020e-16 4.57460e-18 1
SPEC: 6541.15 6545.85 2.15926e-16 4.56390e-18 1
SPEC: 6545.85 6550.55 2.15428e-16 4.53828e-18 1
SPEC: 6550.55 6555.25 2.18282e-16 4.57601e-18 1
SPEC: 6555.35 6560.05 2.20050e-16 4.51553e-18 1
SPEC: 6560.05 6564.75 2.20593e-16 4.47020e-18 1
SPEC: 6564.75 6569.45 2.23832e-16 4.47169e-18 1
SPEC: 6569.55 6574.25 2.27817e-16 4.46695e-18 1
SPEC: 6574.25 6578.95 2.26720e-16 4.49813e-18 1
SPEC: 6578.95 6583.65 2.19386e-16 4.47369e-18 1
SPEC: 6583.75 6588.45 2.15843e-16 4.42018e-18 1
SPEC: 6588.45 6593.15 2.17253e-16 4.42680e-18 1
SPEC: 6593.15 6597.85 2.14833e-16 4.45303e-18 1
SPEC: 6597.95 6602.65 2.14370e-16 4.48061e-18 1
SPEC: 6602.65 6607.35 2.21860e-16 4.50177e-18 1
SPEC: 6607.35 6612.05 2.24429e-16 4.49028e-18 1
SPEC: 6612.15 6616.85 2.16053e-16 4.51100e-18 1
SPEC: 6616.85 6621.55 2.14825e-16 4.54182e-18 1
SPEC: 6621.55 6626.25 2.15729e-16 4.57833e-18 1
SPEC: 6626.35 6631.05 2.12241e-16 4.63055e-18 1
SPEC: 6631.05 6635.75 2.10713e-16 4.67605e-18 1
SPEC: 6635.75 6640.45 2.14891e-16 4.72362e-18 1
SPEC: 6640.55 6645.25 2.18950e-16 4.76554e-18 1
SPEC: 6645.25 6649.95 2.09435e-16 4.82451e-18 1
SPEC: 6649.95 6654.65 2.10588e-16 4.89538e-18 1
SPEC: 6654.75 6659.45 2.16884e-16 4.97327e-18 1
SPEC: 6659.45 6664.15 2.04946e-16 5.05354e-18 1
SPEC: 6664.15 6668.85 2.11736e-16 5.14533e-18 1
SPEC: 6668.85 6673.55 2.14377e-16 5.23044e-18 1
SPEC: 6673.65 6678.35 2.10597e-16 5.31913e-18 1
SPEC: 6678.35 6683.05 2.09750e-16 5.42508e-18 1
SPEC: 6683.05 6687.75 2.04715e-16 5.54008e-18 1
SPEC: 6687.85 6692.55 2.03347e-16 5.65206e-18 1
SPEC: 6692.55 6697.25 2.04488e-16 5.78151e-18 1
SPEC: 6697.25 6701.95 2.02677e-16 5.91048e-18 1
SPEC: 6702.05 6706.75 2.07616e-16 6.03996e-18 1
SPEC: 6706.75 6711.45 2.11444e-16 6.17812e-18 1
SPEC: 6711.55 6716.25 2.03181e-16 6.32105e-18 1
SPEC: 6716.25 6720.95 2.06256e-16 6.45819e-18 1
SPEC: 6720.95 6725.65 2.10294e-16 6.60124e-18 1
SPEC: 6725.75 6730.45 2.02347e-16 6.75184e-18 1
SPEC: 6730.45 6735.15 2.03704e-16 6.90386e-18 1
SPEC: 6735.15 6739.85 2.05335e-16 7.05639e-18 1
SPEC: 6739.85 6744.55 2.04794e-16 7.21977e-18 1
SPEC: 6744.65 6749.35 2.00689e-16 7.37392e-18 1
SPEC: 6749.35 6754.05 1.99697e-16 7.52444e-18 1
SPEC: 6754.05 6758.75 2.07062e-16 7.68108e-18 1
SPEC: 6758.85 6763.55 2.05429e-16 7.83383e-18 1
SPEC: 6763.55 6768.25 1.95674e-16 7.98633e-18 1
SPEC: 6768.25 6772.95 1.95658e-16 8.12811e-18 1
SPEC: 6773.05 6777.75 1.97845e-16 8.27796e-18 1
SPEC: 6777.75 6782.45 2.02517e-16 8.41138e-18 1
SPEC: 6782.45 6787.15 2.06478e-16 8.55203e-18 0
SPEC: 6787.25 6791.95 1.95460e-16 8.68369e-18 0
SPEC: 6791.95 6796.65 2.00400e-16 8.79638e-18 0
SPEC: 6796.65 6801.35 2.02880e-16 8.91218e-18 0
SPEC: 6801.45 6806.15 2.01260e-16 9.02391e-18 0
SPEC: 6806.15 6810.85 2.01589e-16 9.12275e-18 0
SPEC: 6810.85 6815.55 1.93045e-16 9.21212e-18 0
SPEC: 6815.65 6820.35 2.04560e-16 9.29049e-18 0
SPEC: 6820.35 6825.05 2.19747e-16 9.39003e-18 0
SPEC: 6825.05 6829.75 2.06355e-16 9.59599e-18 0
SPEC: 6829.85 6834.55 2.11157e-16 9.70557e-18 0
SPEC: 6834.55 6839.25 2.45555e-16 9.65025e-18 0
SPEC: 6839.25 6843.95 2.68236e-16 9.59172e-18 0
SPEC: 6844.05 6848.75 2.66770e-16 9.58104e-18 0
SPEC: 6848.75 6853.45 2.40724e-16 9.58343e-18 0
SPEC: 6853.45 6858.15 2.07857e-16 9.57121e-18 0
SPEC: 6858.25 6862.95 1.95603e-16 9.73448e-18 0
SPEC: 6862.95 6867.65 1.85611e-16 9.76124e-18 0
SPEC: 6867.65 6872.35 1.78458e-16 9.54945e-18 0
SPEC: 6872.45 6877.15 1.61772e-16 9.46564e-18 0
SPEC: 6877.15 6881.85 1.73583e-16 9.43567e-18 0
SPEC: 6881.85 6886.55 1.79429e-16 9.38966e-18 0
SPEC: 6886.65 6891.35 1.76390e-16 9.33733e-18 0
SPEC: 6891.35 6896.05 1.72380e-16 9.22244e-18 0
SPEC: 6896.05 6900.75 1.78472e-16 9.17579e-18 0
SPEC: 6900.85 6905.55 1.87108e-16 9.08231e-18 0
SPEC: 6905.55 6910.25 1.86152e-16 8.95513e-18 0
SPEC: 6910.25 6914.95 1.82630e-16 8.90217e-18 0
SPEC: 6915.05 6919.75 1.77838e-16 8.76224e-18 0
SPEC: 6919.75 6924.45 1.76697e-16 8.74522e-18 0
SPEC: 6924.45 6929.15 1.81638e-16 8.57444e-18 0
SPEC: 6929.25 6933.95 1.75991e-16 8.36584e-18 1
SPEC: 6933.95 6938.65 1.84293e-16 8.30226e-18 1
SPEC: 6938.65 6943.35 1.76973e-16 8.19332e-18 1
SPEC: 6943.45 6948.15 1.78572e-16 8.12226e-18 1
SPEC: 6948.15 6952.85 1.82281e-16 8.02925e-18 1
SPEC: 6952.85 6957.55 1.77112e-16 7.77350e-18 1
SPEC: 6957.55 6962.25 1.75977e-16 7.63032e-18 1
SPEC: 6962.35 6967.05 1.84872e-16 7.52694e-18 1
SPEC: 6967.05 6971.75 1.87219e-16 7.43464e-18 1
SPEC: 6971.75 6976.45 1.87399e-16 7.33704e-18 1
SPEC: 6976.55 6981.25 1.87575e-16 7.25021e-18 1
SPEC: 6981.25 6985.95 1.83202e-16 7.06191e-18 1
SPEC: 6986.05 6990.75 1.81188e-16 6.92966e-18 1
SPEC: 6990.75 6995.45 1.81717e-16 6.82353e-18 1
SPEC: 6995.45 7000.15 1.92857e-16 6.72708e-18 1
SPEC: 7000.15 7004.85 1.87877e-16 6.65322e-18 1
SPEC: 7004.95 7009.65 1.83635e-16 6.57758e-18 1
SPEC: 7009.65 7014.35 1.78129e-16 6.49572e-18 1
SPEC: 7014.35 7019.05 1.83021e-16 6.36662e-18 1
SPEC: 7019.15 7023.85 1.89060e-16 6.28304e-18 1
SPEC: 7023.85 7028.55 1.75704e-16 6.21499e-18 1
SPEC: 7028.55 7033.25 1.65852e-16 6.15371e-18 1
SPEC: 7033.35 7038.05 1.70982e-16 6.09408e-18 1
SPEC: 7038.05 7042.75 1.79548e-16 6.05585e-18 1
SPEC: 7042.75 7047.45 1.78936e-16 6.04519e-18 1
SPEC: 7047.55 7052.25 1.72510e-16 6.01235e-18 1
SPEC: 7052.25 7056.95 1.68657e-16 5.93553e-18 1
SPEC: 7056.95 7061.65 1.66235e-16 5.89332e-18 1
SPEC: 7061.75 7066.45 1.74791e-16 5.88033e-18 1
SPEC: 7066.45 7071.15 1.70241e-16 5.86127e-18 1
SPEC: 7071.15 7075.85 1.73130e-16 5.84103e-18 1
SPEC: 7075.95 7080.65 1.70792e-16 5.83215e-18 1
SPEC: 7080.65 7085.35 1.69348e-16 5.83126e-18 1
SPEC: 7085.35 7090.05 1.70708e-16 5.82696e-18 1
SPEC: 7090.15 7094.85 1.65179e-16 5.81589e-18 1
SPEC: 7094.85 7099.55 1.60171e-16 5.80896e-18 1
SPEC: 7099.55 7104.25 1.65387e-16 5.81945e-18 1
SPEC: 7104.35 7109.05 1.65992e-16 5.83727e-18 1
SPEC: 7109.05 7113.75 1.68234e-16 5.84349e-18 1
SPEC: 7113.75 7118.45 1.74513e-16 5.86120e-18 1
SPEC: 7118.55 7123.25 1.66428e-16 5.88542e-18 1
SPEC: 7123.25 7127.95 1.63445e-16 5.91949e-18 1
SPEC: 7127.95 7132.65 1.63273e-16 5.95712e-18 1
SPEC: 7132.75 7137.45 1.64990e-16 5.97533e-18 1
SPEC: 7137.45 7142.15 1.55847e-16 6.02233e-18 1
SPEC: 7142.15 7146.85 1.59919e-16 6.07184e-18 1
SPEC: 7146.95 7151.65 1.66271e-16 6.08569e-18 1
SPEC: 7151.65 7156.35 1.60054e-16 6.10976e-18 1
SPEC: 7156.35 7161.05 1.58979e-16 6.15570e-18 1
SPEC: 7161.15 7165.85 1.52871e-16 6.19402e-18 1
SPEC: 7165.85 7170.55 1.46381e-16 6.24897e-18 1
SPEC: 7170.55 7175.25 1.38023e-16 6.26284e-18 1
SPEC: 7175.25 7179.95 1.29956e-16 6.31800e-18 1
SPEC: 7180.05 7184.75 1.35259e-16 6.33860e-18 1
SPEC: 7184.75 7189.45 1.33608e-16 6.36317e-18 1
SPEC: 7189.55 7194.25 1.27820e-16 6.39810e-18 1
SPEC: 7194.25 7198.95 1.31459e-16 6.43675e-18 1
SPEC: 7198.95 7203.65 1.44317e-16 6.47579e-18 1
SPEC: 7203.75 7208.45 1.42416e-16 6.50421e-18 1
SPEC: 7208.45 7213.15 1.46507e-16 6.54090e-18 1
SPEC: 7213.15 7217.85 1.53664e-16 6.58251e-18 1
SPEC: 7217.85 7222.55 1.58049e-16 6.61928e-18 1
SPEC: 7222.65 7227.35 1.58051e-16 6.65902e-18 1
SPEC: 7227.35 7232.05 1.47703e-16 6.68991e-18 1
SPEC: 7232.05 7236.75 1.49875e-16 6.83925e-18 1
SPEC: 7236.85 7241.55 1.46982e-16 7.10778e-18 1
SPEC: 7241.55 7246.25 1.32744e-16 7.14854e-18 1
SPEC: 7246.25 7250.95 1.41144e-16 6.98564e-18 1
SPEC: 7251.05 7255.75 1.41401e-16 6.92613e-18 1
SPEC: 7255.75 7260.45 1.44042e-16 6.88066e-18 1
SPEC: 7260.45 7265.15 1.55299e-16 6.89214e-18 1
SPEC: 7265.25 7269.95 1.46192e-16 6.92372e-18 1
SPEC: 7269.95 7274.65 1.49901e-16 7.22971e-18 1
SPEC: 7274.65 7279.35 1.36653e-16 7.32364e-18 1
SPEC: 7279.45 7284.15 1.33980e-16 7.16597e-18 1
SPEC: 7284.15 7288.85 1.48382e-16 7.13879e-18 1
SPEC: 7288.85 7293.55 1.52924e-16 7.05791e-18 1
SPEC: 7293.65 7298.35 1.52048e-16 7.09391e-18 1
SPEC: 7298.35 7303.05 1.56178e-16 7.16283e-18 1
SPEC: 7303.05 7307.75 1.49813e-16 7.18442e-18 1
SPEC: 7307.85 7312.55 1.39022e-16 7.18352e-18 1
SPEC: 7312.55 7317.25 1.46989e-16 7.42347e-18 1
SPEC: 7317.25 7321.95 1.48674e-16 7.30398e-18 1
SPEC: 7322.05 7326.75 1.45838e-16 7.26791e-18 1
SPEC: 7326.75 7331.45 1.70767e-16 7.36630e-18 1
SPEC: 7331.45 7336.15 1.52908e-16 7.28289e-18 1
SPEC: 7336.25 7340.95 1.51676e-16 7.60205e-18 1
SPEC: 7340.95 7345.65 1.46106e-16 7.57189e-18 1
SPEC: 7345.65 7350.35 1.52273e-16 7.35747e-18 1
SPEC: 7350.45 7355.15 1.65633e-16 7.42594e-18 1
SPEC: 7355.15 7359.85 1.60896e-16 7.55853e-18 1
SPEC: 7359.85 7364.55 1.50568e-16 7.54655e-18 1
SPEC: 7364.65 7369.35 1.49248e-16 7.78974e-18 1
SPEC: 7369.35 7374.05 1.55771e-16 7.77867e-18 1
SPEC: 7374.05 7378.75 1.64155e-16 7.61454e-18 1
SPEC: 7378.85 7383.55 1.62948e-16 7.65425e-18 1
SPEC: 7383.55 7388.25 1.66168e-16 7.73177e-18 1
SPEC: 7388.25 7392.95 1.63278e-16 7.88251e-18 1
SPEC: 7393.05 7397.75 1.49082e-16 7.91712e-18 1
SPEC: 7397.75 7402.45 1.52254e-16 8.09918e-18 1
SPEC: 7402.45 7407.15 1.67187e-16 8.08558e-18 1
SPEC: 7407.25 7411.95 1.62967e-16 8.04587e-18 1
SPEC: 7411.95 7416.65 1.56463e-16 8.12999e-18 1
SPEC: 7416.65 7421.35 1.55616e-16 8.20301e-18 1
SPEC: 7421.45 7426.15 1.57875e-16 8.30029e-18 1
SPEC: 7426.15 7430.85 1.70484e-16 8.43520e-18 1
SPEC: 7430.85 7435.55 1.71841e-16 8.54286e-18 1
SPEC: 7435.55 7440.25 1.56408e-16 8.67682e-18 1
SPEC: 7440.35 7445.05 1.57074e-16 8.67604e-18 1
SPEC: 7445.05 7449.75 1.54811e-16 8.74467e-18 1
SPEC: 7449.75 7454.45 1.59278e-16 8.84808e-18 1
SPEC: 7454.55 7459.25 1.54428e-16 8.96388e-18 1
SPEC: 7459.25 7463.95 1.60880e-16 9.11111e-18 1
SPEC: 7464.05 7468.75 1.69558e-16 9.25467e-18 1
SPEC: 7468.75 7473.45 1.63323e-16 9.40532e-18 1
SPEC: 7473.45 7478.15 1.54442e-16 9.52404e-18 1
SPEC: 7478.25 7482.95 1.56687e-16 9.66184e-18 1
SPEC: 7482.95 7487.65 1.62393e-16 9.70038e-18 1
SPEC: 7487.65 7492.35 1.59165e-16 9.76530e-18 1
SPEC: 7492.45 7497.15 1.51720e-16 9.87278e-18 1
SPEC: 7497.15 7501.85 1.47337e-16 9.96219e-18 1
SPEC: 7501.85 7506.55 1.46342e-16 1.00720e-17 1
SPEC: 7506.55 7511.25 1.56353e-16 1.01742e-17 1
SPEC: 7511.35 7516.05 1.64396e-16 1.03136e-17 1
SPEC: 7516.05 7520.75 1.56116e-16 1.05232e-17 1
SPEC: 7520.75 7525.45 1.45918e-16 1.07364e-17 1
SPEC: 7525.55 7530.25 1.41991e-16 1.07366e-17 1
SPEC: 7530.25 7534.95 1.50175e-16 1.07562e-17 1
SPEC: 7534.95 7539.65 1.52376e-16 1.08126e-17 1
SPEC: 7539.75 7544.45 1.52545e-16 1.08953e-17 1
SPEC: 7544.45 7549.15 1.55305e-16 1.09585e-17 1
SPEC: 7549.15 7553.85 1.53409e-16 1.10524e-17 1
SPEC: 7553.95 7558.65 1.60791e-16 1.11679e-17 0
SPEC: 7558.65 7563.35 1.68668e-16 1.11962e-17 0
SPEC: 7563.35 7568.05 1.55112e-16 1.13039e-17 0
SPEC: 7568.15 7572.85 1.55872e-16 1.14698e-17 0
SPEC: 7572.85 7577.55 1.57819e-16 1.14139e-17 0
SPEC: 7577.55 7582.25 1.54787e-16 1.13908e-17 0
SPEC: 7582.35 7587.05 1.46146e-16 1.14708e-17 0
SPEC: 7587.05 7591.75 1.10954e-16 1.14556e-17 0
SPEC: 7591.75 7596.45 8.25193e-17 1.15115e-17 0
SPEC: 7596.55 7601.25 5.73246e-17 1.15335e-17 0
SPEC: 7601.25 7605.95 5.06488e-17 1.14267e-17 0
SPEC: 7605.95 7610.65 6.35756e-17 1.14296e-17 0
SPEC: 7610.75 7615.45 7.76704e-17 1.14602e-17 0
SPEC: 7615.45 7620.15 9.34689e-17 1.14895e-17 0
SPEC: 7620.15 7624.85 9.57540e-17 1.14533e-17 0
SPEC: 7624.95 7629.65 7.91186e-17 1.14662e-17 0
SPEC: 7629.65 7634.35 8.17384e-17 1.13614e-17 0
SPEC: 7634.35 7639.05 9.07435e-17 1.12792e-17 0
SPEC: 7639.15 7643.85 9.81389e-17 1.12365e-17 0
SPEC: 7643.85 7648.55 1.20469e-16 1.11821e-17 0
SPEC: 7648.55 7653.25 1.18244e-16 1.11533e-17 0
SPEC: 7653.35 7658.05 1.21046e-16 1.10875e-17 0
SPEC: 7658.05 7662.75 1.34814e-16 1.10527e-17 0
SPEC: 7662.75 7667.45 1.39396e-16 1.09556e-17 0
SPEC: 7667.55 7672.25 1.38543e-16 1.08392e-17 0
SPEC: 7672.25 7676.95 1.42915e-16 1.07640e-17 0
SPEC: 7676.95 7681.65 1.45421e-16 1.06975e-17 0
SPEC: 7681.75 7686.45 1.46560e-16 1.06391e-17 0
SPEC: 7686.45 7691.15 1.52969e-16 1.05600e-17 0
SPEC: 7691.15 7695.85 1.53871e-16 1.04696e-17 0
SPEC: 7695.85 7700.55 1.63908e-16 1.03915e-17 0
SPEC: 7700.65 7705.35 1.65903e-16 1.02578e-17 1
SPEC: 7705.35 7710.05 1.72407e-16 1.03741e-17 1
SPEC: 7710.05 7714.75 1.52297e-16 1.05803e-17 1
SPEC: 7714.85 7719.55 1.51379e-16 1.03777e-17 1
SPEC: 7719.55 7724.25 1.48882e-16 1.00503e-17 1
SPEC: 7724.25 7728.95 1.55516e-16 9.92788e-18 1
SPEC: 7729.05 7733.75 1.64516e-16 9.74317e-18 1
SPEC: 7733.75 7738.45 1.64526e-16 9.65115e-18 1
SPEC: 7738.55 7743.25 1.73019e-16 9.53580e-18 1
SPEC: 7743.25 7747.95 1.67714e-16 9.74064e-18 1
SPEC: 7747.95 7752.65 1.54649e-16 9.80210e-18 1
SPEC: 7752.75 7757.45 1.56340e-16 9.49176e-18 1
SPEC: 7757.45 7762.15 1.44559e-16 9.38868e-18 1
SPEC: 7762.15 7766.85 1.56627e-16 9.14139e-18 1
SPEC: 7766.85 7771.55 1.45881e-16 9.11373e-18 1
SPEC: 7771.65 7776.35 1.53670e-16 9.07717e-18 1
SPEC: 7776.35 7781.05 1.66554e-16 9.03030e-18 1
SPEC: 7781.05 7785.75 1.59056e-16 8.90307e-18 1
SPEC: 7785.85 7790.55 1.48947e-16 8.92507e-18 1
SPEC: 7790.55 7795.25 1.49599e-16 9.04516e-18 1
SPEC: 7795.25 7799.95 1.49050e-16 8.76971e-18 1
SPEC: 7800.05 7804.75 1.47743e-16 8.62364e-18 1
SPEC: 7804.75 7809.45 1.54407e-16 8.69148e-18 1
SPEC: 7809.45 7814.15 1.58425e-16 8.54570e-18 1
SPEC: 7814.25 7818.95 1.51133e-16 8.68168e-18 1
SPEC: 7818.95 7823.65 1.39312e-16 8.76061e-18 1
SPEC: 7823.65 7828.35 1.54882e-16 8.39733e-18 1
SPEC: 7828.45 7833.15 1.68285e-16 8.26263e-18 1
SPEC: 7833.15 7837.85 1.70982e-16 8.27493e-18 1
SPEC: 7837.85 7842.55 1.72053e-16 8.32750e-18 1
SPEC: 7842.65 7847.35 1.65859e-16 8.21693e-18 1
SPEC: 7847.35 7852.05 1.60042e-16 8.48594e-18 1
SPEC: 7852.05 7856.75 1.62006e-16 8.48720e-18 1
SPEC: 7856.85 7861.55 1.54257e-16 8.23802e-18 1
SPEC: 7861.55 7866.25 1.58671e-16 8.13930e-18 1
SPEC: 7866.25 7870.95 1.78212e-16 8.18482e-18 1
SPEC: 7871.05 7875.75 1.61263e-16 8.08032e-18 1
SPEC: 7875.75 7880.45 1.67226e-16 8.07007e-18 1
SPEC: 7880.45 7885.15 1.56808e-16 8.00277e-18 1
SPEC: 7885.25 7889.95 1.58037e-16 8.07750e-18 1
SPEC: 7889.95 7894.65 1.54274e-16 7.97631e-18 1
SPEC: 7894.65 7899.35 1.72278e-16 7.77034e-18 1
SPEC: 7899.45 7904.15 1.74514e-16 7.73033e-18 1
SPEC: 7904.15 7908.85 1.52989e-16 7.77034e-18 1
SPEC: 7908.85 7913.55 1.50562e-16 8.12189e-18 1
SPEC: 7913.65 7918.35 1.55072e-16 8.08222e-18 1
SPEC: 7918.35 7923.05 1.46848e-16 7.88912e-18 1
SPEC: 7923.05 7927.75 1.46082e-16 7.73420e-18 1
SPEC: 7927.85 7932.55 1.56022e-16 7.77831e-18 1
SPEC: 7932.55 7937.25 1.69629e-16 7.63973e-18 1
SPEC: 7937.25 7941.95 1.65349e-16 7.54069e-18 1
SPEC: 7942.05 7946.75 1.64293e-16 7.60866e-18 1
SPEC: 7946.75 7951.45 1.60417e-16 7.63265e-18 1
SPEC: 7951.45 7956.15 1.56786e-16 7.49811e-18 1
SPEC: 7956.25 7960.95 1.52233e-16 7.55133e-18 1
SPEC: 7960.95 7965.65 1.53514e-16 7.81290e-18 1
SPEC: 7965.65 7970.35 1.49845e-16 7.65659e-18 1
SPEC: 7970.45 7975.15 1.49646e-16 7.49378e-18 1
SPEC: 7975.15 7979.85 1.56338e-16 7.63294e-18 1
SPEC: 7979.85 7984.55 1.53472e-16 7.54257e-18 1
SPEC: 7984.55 7989.25 1.45795e-16 7.47978e-18 1
SPEC: 7989.35 7994.05 1.40361e-16 7.79478e-18 1
SPEC: 7994.05 7998.75 1.40566e-16 7.65746e-18 1
SPEC: 7998.75 8003.45 1.48882e-16 7.40899e-18 1
SPEC: 8003.55 8008.25 1.53177e-16 7.38166e-18 1
SPEC: 8008.25 8012.95 1.66227e-16 7.50655e-18 1
SPEC: 8013.05 8017.75 1.58456e-16 7.54115e-18 1
SPEC: 8017.75 8022.45 1.46853e-16 7.51935e-18 1
SPEC: 8022.45 8027.15 1.39332e-16 7.72506e-18 1
SPEC: 8027.15 8031.85 1.48244e-16 7.58691e-18 1
SPEC: 8031.95 8036.65 1.55390e-16 7.42513e-18 1
SPEC: 8036.65 8041.35 1.59551e-16 7.41786e-18 1
SPEC: 8041.35 8046.05 1.68850e-16 7.42664e-18 1
SPEC: 8046.15 8050.85 1.68514e-16 7.52133e-18 1
SPEC: 8050.85 8055.55 1.66981e-16 7.55592e-18 1
SPEC: 8055.55 8060.25 1.64373e-16 7.59863e-18 1
SPEC: 8060.35 8065.05 1.67934e-16 7.68948e-18 1
SPEC: 8065.05 8069.75 1.65031e-16 7.54599e-18 1
SPEC: 8069.75 8074.45 1.70018e-16 7.54151e-18 1
SPEC: 8074.55 8079.25 1.60432e-16 7.61965e-18 1
SPEC: 8079.25 8083.95 1.53044e-16 7.60720e-18 1
SPEC: 8083.95 8088.65 1.66573e-16 7.63780e-18 1
SPEC: 8088.75 8093.45 1.66547e-16 7.69341e-18 1
SPEC: 8093.45 8098.15 1.61594e-16 7.73303e-18 1
SPEC: 8098.15 8102.85 1.65706e-16 7.81713e-18 1
SPEC: 8102.95 8107.65 1.59896e-16 7.84057e-18 1
SPEC: 8107.65 8112.35 1.57054e-16 7.80609e-18 1
SPEC: 8112.35 8117.05 1.59596e-16 7.82946e-18 1
SPEC: 8117.15 8121.85 1.55886e-16 7.87054e-18 1
SPEC: 8121.85 8126.55 1.61743e-16 7.92281e-18 1
SPEC: 8126.55 8131.25 1.43886e-16 7.96780e-18 1
SPEC: 8131.35 8136.05 1.48726e-16 8.02927e-18 1
SPEC: 8136.05 8140.75 1.49811e-16 8.09684e-18 1
SPEC: 8140.75 8145.45 1.51649e-16 8.15641e-18 1
SPEC: 8145.55 8150.25 1.57107e-16 8.20363e-18 1
SPEC: 8150.25 8154.95 1.55212e-16 8.20722e-18 1
SPEC: 8154.95 8159.65 1.43492e-16 8.24653e-18 1
SPEC: 8159.75 8164.45 1.44530e-16 8.30075e-18 1
SPEC: 8164.45 8169.15 1.64851e-16 8.35113e-18 1
SPEC: 8169.15 8173.85 1.70569e-16 8.40381e-18 1
SPEC: 8173.95 8178.65 1.74374e-16 8.46003e-18 1
SPEC: 8178.65 8183.35 1.72511e-16 8.51470e-18 1
SPEC: 8183.35 8188.05 1.66955e-16 8.58538e-18 1
SPEC: 8188.15 8192.85 1.76279e-16 8.64665e-18 1
SPEC: 8192.85 8197.55 1.79705e-16 8.70408e-18 1
SPEC: 8197.55 8202.25 1.86044e-16 8.74951e-18 1
SPEC: 8202.35 8207.05 1.82822e-16 8.79653e-18 1
SPEC: 8207.05 8211.75 1.82041e-16 8.86222e-18 1
SPEC: 8211.75 8216.45 1.66069e-16 8.91487e-18 1
SPEC: 8216.55 8221.25 1.48231e-16 8.97374e-18 1
SPEC: 8221.25 8225.95 1.45736e-16 9.03093e-18 1
SPEC: 8225.95 8230.65 1.57412e-16 9.08573e-18 1
SPEC: 8230.65 8235.35 1.76025e-16 9.13942e-18 1
SPEC: 8235.45 8240.15 1.66789e-16 9.20189e-18 1
SPEC: 8240.15 8244.85 1.68962e-16 9.27580e-18 1
SPEC: 8244.85 8249.55 1.94804e-16 9.34260e-18 1
SPECTRUM_END:

