1 48195.550781
2 48838.304688
3 48912.546875
4 48986.042969
5 49134.167969
51 52338.339844
52 53646.621094
53 53654.769531
54 53660.621094
55 53687.726562
56 53697.910156
57 53705.359375
58 53736.222656
59 53744.316406
60 53781.738281
61 53827.515625
62 53826.726562
63 53858.429688
64 53874.011719
65 54013.339844
66 54048.515625
67 54045.277344
68 54054.238281
69 54083.105469
70 53770.117188
71 54092.761719
72 54184.339844
73 54200.230469
74 54206.546875
75 54227.843750
76 54246.695312
77 54265.183594
78 54281.007812
79 54124.000000
80 54429.785156
81 54554.984375
82 52338.339844
83 53646.621094
84 53654.769531
85 53660.621094
86 53687.726562
87 53697.910156
88 53705.359375
89 53736.222656
90 53744.316406
91 53781.738281
92 53827.515625
93 53826.726562
94 53858.429688
95 53874.011719
96 54013.339844
97 54048.515625
98 54045.277344
101 52338.339844
102 53646.621094
103 53654.769531
151 50766.468750
152 50467.980469
153 50914.308594
154 51143.125000
155 51232.722656
156 51315.433594
201 50766.468750
202 50467.980469
203 50914.308594
204 51143.125000
205 51232.722656
206 51315.433594
207 51436.261719
208 51482.183594
251 50376.507812
252 51113.828125
253 51254.363281
254 51264.109375
255 51414.742188
256 51469.683594
257 52034.304688
258 52064.089844
259 52103.824219
260 53278.566406
261 54040.812500
262 50376.507812
263 51113.828125
264 51254.363281
265 51264.109375
266 51414.742188
301 50376.507812
302 51113.828125
303 51254.363281
304 51264.109375
305 51414.742188
306 51469.683594
307 52034.304688
308 52064.089844
309 52103.824219
310 53278.566406
351 49518.117188
352 49993.023438
353 50086.378906
354 50387.171875
355 49518.117188
356 49993.023438
357 50086.378906
358 50387.171875
401 53693.648438
402 53626.570312
403 53635.386719
404 53304.382812
405 53982.097656
406 53996.105469
407 53996.933594
408 53993.761719
409 54002.503906
410 53979.808594
411 54000.035156
412 53990.636719
413 53988.617188
414 54003.152344
415 53986.562500
416 54003.664062
417 54001.300781
418 54003.902344
419 54006.562500
420 53987.410156
421 54002.492188
422 53998.746094
423 54004.855469
424 53633.300781
425 54004.968750
426 54015.777344
427 54010.402344
428 54011.476562
429 54013.695312
430 54012.226562
431 54011.253906
432 54010.207031
433 54014.035156
434 54012.984375
435 54021.992188
436 54014.632812
437 54013.472656
438 54010.953125
439 54009.792969
440 54011.808594
441 54020.800781
442 54021.324219
443 54024.976562
444 54027.359375
445 54025.652344
446 54024.839844
447 54023.773438
448 54026.472656
449 54025.375000
450 54029.187500
451 54028.273438
452 54027.191406
453 54030.929688
454 54031.097656
455 54033.234375
456 54032.808594
457 54026.339844
458 54035.910156
459 54038.093750
460 54032.121094
461 54035.179688
462 54038.066406
463 54037.417969
464 54041.328125
465 54038.250000
466 54035.472656
467 54037.003906
468 54036.671875
469 54039.019531
470 54041.578125
471 54041.027344
472 54042.605469
473 54040.289062
474 53634.019531
475 54044.253906
476 54047.804688
477 54041.550781
478 54045.453125
479 54049.140625
480 54046.390625
481 54050.722656
482 54051.390625
483 54054.484375
484 54048.085938
485 54053.160156
486 54052.847656
487 54053.902344
488 54052.382812
489 53296.761719
490 53636.937500
491 53634.269531
492 53630.558594
493 53636.757812
494 53634.976562
495 53639.238281
496 53640.316406
497 53637.046875
498 53643.960938
499 53641.214844
500 53285.585938
501 53647.664062
502 53648.902344
503 53646.425781
504 53645.894531
505 53648.531250
506 53645.078125
507 53656.816406
508 53282.046875
509 53654.683594
510 53663.921875
511 53667.484375
512 53666.128906
513 53671.011719
514 53662.320312
515 53666.070312
516 53665.769531
517 53663.644531
518 53673.113281
519 53674.757812
520 53668.042969
521 53675.054688
522 53679.863281
523 53680.597656
524 53679.699219
525 53686.332031
526 53679.535156
527 53682.570312
528 53625.222656
529 53682.113281
530 53683.730469
531 53690.019531
532 53693.109375
533 53688.796875
534 53667.875000
535 53685.695312
536 54057.644531
537 53693.648438
538 53626.570312
539 53635.386719
540 53304.382812
541 53982.097656
542 53996.105469
543 53996.933594
544 53993.761719
545 54002.503906
546 53979.808594
547 54000.035156
548 53990.636719
549 53988.617188
550 54003.152344
551 53986.562500
552 54003.664062
553 54001.300781
554 54003.902344
555 54006.562500
556 53987.410156
557 54002.492188
558 53998.746094
559 54004.855469
560 53633.300781
561 54004.968750
562 54015.777344
563 54010.402344
564 54011.476562
565 54013.695312
566 54012.226562
567 54011.253906
568 54010.207031
569 54014.035156
570 54012.984375
571 54021.992188
572 54014.632812
573 54013.472656
574 54010.953125
575 54009.792969
576 54011.808594
577 54020.800781
578 54021.324219
579 54024.976562
580 54027.359375
581 54025.652344
582 54024.839844
583 54023.773438
584 54026.472656
585 54025.375000
586 54029.187500
587 54028.273438
588 54027.191406
589 54030.929688
590 54031.097656
591 54033.234375
592 54032.808594
593 54026.339844
594 54035.910156
595 54038.093750
596 54032.121094
597 54035.179688
598 54038.066406
599 54037.417969
600 54041.328125
601 54038.250000
602 54035.472656
603 54037.003906
604 54036.671875
605 54039.019531
606 54041.578125
607 54041.027344
608 54042.605469
609 54040.289062
610 53634.019531
611 54044.253906
651 52901.964844
652 52909.882812
653 52902.753906
654 52915.679688
655 52917.773438
656 52920.261719
657 52954.675781
658 53002.664062
659 53013.289062
660 52732.929688
661 52767.511719
662 52767.679688
663 52750.222656
664 52762.972656
665 52787.230469
666 52781.320312
667 52801.960938
668 52831.054688
669 52816.906250
670 52816.386719
671 52889.734375
672 52906.507812
673 52904.351562
674 52936.347656
675 52943.402344
676 52953.359375
677 53016.464844
678 53010.375000
679 53230.664062
680 53268.269531
681 53260.050781
682 53273.500000
683 53297.355469
684 53308.210938
685 53311.968750
686 53324.734375
687 53326.882812
688 53320.300781
689 53330.167969
690 53329.472656
691 53351.324219
692 53360.273438
693 53359.984375
694 53355.429688
695 53032.546875
696 53031.816406
697 53076.136719
698 53075.109375
699 53107.328125
700 53107.601562
701 53108.003906
702 53118.218750
703 53120.347656
704 53367.250000
705 53376.605469
706 53374.738281
707 53101.472656
708 53119.503906
801 52901.964844
802 52909.882812
803 52902.753906
804 52915.679688
805 52917.773438
806 52920.261719
807 52954.675781
808 53002.664062
809 53013.289062
810 52732.929688
811 52767.511719
812 52767.679688
813 52750.222656
814 52762.972656
815 52787.230469
816 52781.320312
817 52801.960938
818 52831.054688
819 52816.906250
820 52816.386719
821 52889.734375
822 52906.507812
823 52904.351562
824 52936.347656
825 52943.402344
826 52953.359375
827 53016.464844
828 53010.375000
829 53230.664062
830 53268.269531
831 53260.050781
832 53273.500000
833 53297.355469
834 53308.210938
835 53311.968750
836 53324.734375
837 53326.882812
838 53320.300781
839 53330.167969
840 53329.472656
841 53351.324219
842 53360.273438
843 53359.984375
844 53355.429688
845 53032.546875
846 53031.816406
847 53076.136719
848 53075.109375
849 53107.328125
850 53107.601562
851 53108.003906
852 53118.218750
853 53120.347656
854 53367.250000
