2000.00 3.354626279025119e-04
2010.00 3.354626279025119e-04
2020.00 3.354626279025119e-04
2030.00 3.354626279025119e-04
2040.00 3.354626279025119e-04
2050.00 3.354626279025119e-04
2060.00 3.354626279025119e-04
2070.00 3.354626279025119e-04
2080.00 3.354626279025119e-04
2090.00 3.354626279025119e-04
2100.00 3.354626279025119e-04
2110.00 3.354626279025119e-04
2120.00 3.354626279025119e-04
2130.00 3.354626279025119e-04
2140.00 3.354626279025119e-04
2150.00 3.354626279025119e-04
2160.00 3.354626279025119e-04
2170.00 3.354626279025119e-04
2180.00 3.354626279025119e-04
2190.00 3.354626279025119e-04
2200.00 3.354626279025119e-04
2210.00 3.354626279025119e-04
2220.00 3.354626279025119e-04
2230.00 3.354626279025119e-04
2240.00 3.354626279025119e-04
2250.00 3.354626279025119e-04
2260.00 3.354626279025119e-04
2270.00 3.354626279025119e-04
2280.00 3.354626279025119e-04
2290.00 3.354626279025119e-04
2300.00 3.354626279025119e-04
2310.00 3.354626279025119e-04
2320.00 3.354626279025119e-04
2330.00 3.354626279025119e-04
2340.00 3.354626279025119e-04
2350.00 3.354626279025119e-04
2360.00 3.354626279025119e-04
2370.00 3.354626279025119e-04
2380.00 3.354626279025119e-04
2390.00 3.354626279025119e-04
2400.00 3.354626279025119e-04
2410.00 3.354626279025119e-04
2420.00 3.354626279025119e-04
2430.00 3.354626279025119e-04
2440.00 3.354626279025119e-04
2450.00 3.354626279025119e-04
2460.00 3.354626279025119e-04
2470.00 3.354626279025119e-04
2480.00 3.354626279025119e-04
2490.00 3.354626279025119e-04
2500.00 3.354626279025119e-04
2510.00 3.354626279025119e-04
2520.00 3.354626279025119e-04
2530.00 3.354626279025119e-04
2540.00 3.354626279025119e-04
2550.00 3.354626279025119e-04
2560.00 3.354626279025119e-04
2570.00 3.354626279025119e-04
2580.00 3.354626279025119e-04
2590.00 3.354626279025119e-04
2600.00 3.354626279025119e-04
2610.00 3.354626279025119e-04
2620.00 3.354626279025119e-04
2630.00 3.354626279025119e-04
2640.00 3.354626279025119e-04
2650.00 3.354626279025119e-04
2660.00 3.354626279025119e-04
2670.00 3.354626279025119e-04
2680.00 3.354626279025119e-04
2690.00 3.354626279025119e-04
2700.00 3.354626279025119e-04
2710.00 3.354626279025119e-04
2720.00 3.354626279025119e-04
2730.00 3.354626279025119e-04
2740.00 3.354626279025119e-04
2750.00 3.354626279025119e-04
2760.00 3.354626279025119e-04
2770.00 3.354626279025119e-04
2780.00 3.354626279025119e-04
2790.00 3.354626279025119e-04
2800.00 3.354626279025119e-04
2810.00 3.354626279025119e-04
2820.00 3.354626279025119e-04
2830.00 3.354626279025119e-04
2840.00 3.354626279025119e-04
2850.00 3.354626279025119e-04
2860.00 3.354626279025119e-04
2870.00 3.354626279025119e-04
2880.00 3.354626279025119e-04
2890.00 3.354626279025119e-04
2900.00 3.354626279025119e-04
2910.00 3.354626279025119e-04
2920.00 3.354626279025119e-04
2930.00 3.354626279025119e-04
2940.00 3.354626279025119e-04
2950.00 3.354626279025119e-04
2960.00 3.354626279025119e-04
2970.00 3.354626279025119e-04
2980.00 3.354626279025119e-04
2990.00 3.354626279025119e-04
3000.00 3.354626279025119e-04
3010.00 3.354626279025119e-04
3020.00 3.354626279025119e-04
3030.00 3.354626279025119e-04
3040.00 3.354626279025119e-04
3050.00 3.354626279025119e-04
3060.00 3.354626279025119e-04
3070.00 3.354626279025119e-04
3080.00 3.354626279025119e-04
3090.00 3.354626279025119e-04
3100.00 3.354626279025119e-04
3110.00 3.354626279025119e-04
3120.00 3.354626279025119e-04
3130.00 3.354626279025119e-04
3140.00 3.354626279025119e-04
3150.00 3.354626279025119e-04
3160.00 3.354626279025119e-04
3170.00 3.354626279025119e-04
3180.00 3.354626279025119e-04
3190.00 3.354626279025119e-04
3200.00 3.354626279025119e-04
3210.00 3.354626279025119e-04
3220.00 3.354626279025119e-04
3230.00 3.354626279025119e-04
3240.00 3.354626279025119e-04
3250.00 3.354626279025119e-04
3260.00 3.354626279025119e-04
3270.00 3.354626279025119e-04
3280.00 3.354626279025119e-04
3290.00 3.354626279025119e-04
3300.00 3.354626279025119e-04
3310.00 3.354626279025119e-04
3320.00 3.354626279025119e-04
3330.00 3.354626279025119e-04
3340.00 3.354626279025119e-04
3350.00 3.354626279025119e-04
3360.00 3.354626279025119e-04
3370.00 3.354626279025119e-04
3380.00 3.354626279025119e-04
3390.00 3.354626279025119e-04
3400.00 3.354626279025119e-04
3410.00 3.354626279025119e-04
3420.00 3.354626279025119e-04
3430.00 3.354626279025119e-04
3440.00 3.354626279025119e-04
3450.00 3.354626279025119e-04
3460.00 3.354626279025119e-04
3470.00 3.354626279025119e-04
3480.00 3.354626279025119e-04
3490.00 3.354626279025119e-04
3500.00 3.354626279025119e-04
3510.00 3.354626279025119e-04
3520.00 3.354626279025119e-04
3530.00 3.354626279025119e-04
3540.00 3.354626279025119e-04
3550.00 3.354626279025119e-04
3560.00 3.354626279025119e-04
3570.00 3.354626279025119e-04
3580.00 3.354626279025119e-04
3590.00 3.354626279025119e-04
3600.00 3.354626279025119e-04
3610.00 3.354626279025119e-04
3620.00 3.354626279025119e-04
3630.00 3.354626279025119e-04
3640.00 3.354626279025119e-04
3650.00 3.354626279025119e-04
3660.00 3.354626279025119e-04
3670.00 3.354626279025119e-04
3680.00 3.354626279025119e-04
3690.00 3.354626279025119e-04
3700.00 3.354626279025119e-04
3710.00 3.354626279025119e-04
3720.00 3.354626279025119e-04
3730.00 3.354626279025119e-04
3740.00 3.354626279025119e-04
3750.00 3.354626279025119e-04
3760.00 3.354626279025119e-04
3770.00 3.354626279025119e-04
3780.00 3.354626279025119e-04
3790.00 3.354626279025119e-04
3800.00 3.354626279025119e-04
3810.00 3.354626279025119e-04
3820.00 3.354626279025119e-04
3830.00 3.354626279025119e-04
3840.00 3.354626279025119e-04
3850.00 3.354626279025119e-04
3860.00 3.354626279025119e-04
3870.00 3.354626279025119e-04
3880.00 3.354626279025119e-04
3890.00 3.354626279025119e-04
3900.00 3.354626279025119e-04
3910.00 3.354626279025119e-04
3920.00 3.354626279025119e-04
3930.00 3.354626279025119e-04
3940.00 3.354626279025119e-04
3950.00 3.354626279025119e-04
3960.00 3.354626279025119e-04
3970.00 3.354626279025119e-04
3980.00 3.354626279025119e-04
3990.00 3.354626279025119e-04
4000.00 3.354626279025119e-04
4010.00 3.354626279025119e-04
4020.00 3.354626279025119e-04
4030.00 3.354626279025119e-04
4040.00 3.354626279025119e-04
4050.00 3.354626279025119e-04
4060.00 3.354626279025119e-04
4070.00 3.354626279025119e-04
4080.00 3.354626279025119e-04
4090.00 3.354626279025119e-04
4100.00 3.354626279025119e-04
4110.00 3.354626279025119e-04
4120.00 3.354626279025119e-04
4130.00 3.354626279025119e-04
4140.00 3.354626279025119e-04
4150.00 3.354626279025119e-04
4160.00 3.354626279025119e-04
4170.00 3.354626279025119e-04
4180.00 3.354626279025119e-04
4190.00 3.354626279025119e-04
4200.00 3.354626279025119e-04
4210.00 3.354626279025119e-04
4220.00 3.354626279025119e-04
4230.00 3.354626279025119e-04
4240.00 3.354626279025119e-04
4250.00 3.354626279025119e-04
4260.00 3.354626279025119e-04
4270.00 3.354626279025119e-04
4280.00 3.354626279025119e-04
4290.00 3.354626279025119e-04
4300.00 3.354626279025119e-04
4310.00 3.354626279025119e-04
4320.00 3.354626279025119e-04
4330.00 3.354626279025119e-04
4340.00 3.354626279025119e-04
4350.00 3.354626279025119e-04
4360.00 3.354626279025119e-04
4370.00 3.354626279025119e-04
4380.00 3.354626279025119e-04
4390.00 3.354626279025119e-04
4400.00 3.354626279025119e-04
4410.00 3.354626279025119e-04
4420.00 3.354626279025119e-04
4430.00 3.354626279025119e-04
4440.00 3.354626279025119e-04
4450.00 3.354626279025119e-04
4460.00 3.354626279025119e-04
4470.00 3.354626279025119e-04
4480.00 3.354626279025119e-04
4490.00 3.354626279025119e-04
4500.00 3.354626279025119e-04
4510.00 3.354626279025119e-04
4520.00 3.354626279025119e-04
4530.00 3.354626279025119e-04
4540.00 3.354626279025119e-04
4550.00 3.354626279025119e-04
4560.00 3.354626279025119e-04
4570.00 3.354626279025119e-04
4580.00 3.354626279025119e-04
4590.00 3.354626279025119e-04
4600.00 3.354626279025119e-04
4610.00 3.354626279025119e-04
4620.00 3.354626279025119e-04
4630.00 3.354626279025119e-04
4640.00 3.354626279025119e-04
4650.00 3.354626279025119e-04
4660.00 3.354626279025119e-04
4670.00 3.354626279025119e-04
4680.00 3.354626279025119e-04
4690.00 3.354626279025119e-04
4700.00 3.354626279025119e-04
4710.00 3.354626279025119e-04
4720.00 3.354626279025119e-04
4730.00 3.354626279025119e-04
4740.00 3.354626279025119e-04
4750.00 3.354626279025119e-04
4760.00 3.354626279025119e-04
4770.00 3.354626279025119e-04
4780.00 3.354626279025119e-04
4790.00 3.354626279025119e-04
4800.00 3.354626279025119e-04
4810.00 3.354626279025119e-04
4820.00 3.354626279025119e-04
4830.00 3.354626279025119e-04
4840.00 3.354626279025119e-04
4850.00 3.354626279025119e-04
4860.00 3.354626279025119e-04
4870.00 3.354626279025119e-04
4880.00 3.354626279025119e-04
4890.00 3.354626279025119e-04
4900.00 3.354626279025119e-04
4910.00 3.354626279025119e-04
4920.00 3.354626279025119e-04
4930.00 3.354626279025119e-04
4940.00 3.354626279025119e-04
4950.00 3.354626279025119e-04
4960.00 3.354626279025119e-04
4970.00 3.354626279025119e-04
4980.00 3.354626279025119e-04
4990.00 3.354626279025119e-04
5000.00 3.354626279025119e-04
5010.00 3.354626279025119e-04
5020.00 3.354626279025119e-04
5030.00 3.354626279025119e-04
5040.00 3.354626279025119e-04
5050.00 3.354626279025119e-04
5060.00 3.354626279025119e-04
5070.00 3.354626279025119e-04
5080.00 3.354626279025119e-04
5090.00 3.354626279025119e-04
5100.00 3.354626279025119e-04
5110.00 3.354626279025119e-04
5120.00 3.354626279025119e-04
5130.00 3.354626279025119e-04
5140.00 3.354626279025119e-04
5150.00 3.354626279025119e-04
5160.00 3.354626279025119e-04
5170.00 3.354626279025119e-04
5180.00 3.354626279025119e-04
5190.00 3.354626279025119e-04
5200.00 3.354626279025119e-04
5210.00 3.354626279025119e-04
5220.00 3.354626279025119e-04
5230.00 3.354626279025119e-04
5240.00 3.354626279025119e-04
5250.00 3.354626279025119e-04
5260.00 3.354626279025119e-04
5270.00 3.354626279025119e-04
5280.00 3.354626279025119e-04
5290.00 3.354626279025119e-04
5300.00 3.354626279025119e-04
5310.00 3.354626279025119e-04
5320.00 3.354626279025119e-04
5330.00 3.354626279025119e-04
5340.00 3.354626279025119e-04
5350.00 3.354626279025119e-04
5360.00 3.354626279025119e-04
5370.00 3.354626279025119e-04
5380.00 3.354626279025119e-04
5390.00 3.354626279025119e-04
5400.00 3.354626279025119e-04
5410.00 3.354626279025119e-04
5420.00 3.354626279025119e-04
5430.00 3.354626279025119e-04
5440.00 3.354626279025119e-04
5450.00 3.354626279025119e-04
5460.00 3.354626279025119e-04
5470.00 3.354626279025119e-04
5480.00 3.354626279025119e-04
5490.00 3.354626279025119e-04
5500.00 3.354626279025119e-04
5510.00 3.354626279025119e-04
5520.00 3.354626279025119e-04
5530.00 3.354626279025119e-04
5540.00 3.354626279025119e-04
5550.00 3.354626279025119e-04
5560.00 3.354626279025119e-04
5570.00 3.354626279025119e-04
5580.00 3.354626279025119e-04
5590.00 3.354626279025119e-04
5600.00 3.354626279025119e-04
5610.00 3.354626279025119e-04
5620.00 3.354626279025119e-04
5630.00 3.354626279025119e-04
5640.00 3.354626279025119e-04
5650.00 3.354626279025119e-04
5660.00 3.354626279025119e-04
5670.00 3.354626279025119e-04
5680.00 3.354626279025119e-04
5690.00 3.354626279025119e-04
5700.00 3.354626279025119e-04
5710.00 3.354626279025119e-04
5720.00 3.354626279025119e-04
5730.00 3.354626279025119e-04
5740.00 3.354626279025119e-04
5750.00 3.354626279025119e-04
5760.00 3.354626279025119e-04
5770.00 3.354626279025119e-04
5780.00 3.354626279025119e-04
5790.00 3.354626279025119e-04
5800.00 3.354626279025119e-04
5810.00 3.354626279025119e-04
5820.00 3.354626279025119e-04
5830.00 3.354626279025119e-04
5840.00 3.354626279025119e-04
5850.00 3.354626279025119e-04
5860.00 3.354626279025119e-04
5870.00 3.354626279025119e-04
5880.00 3.354626279025119e-04
5890.00 3.354626279025119e-04
5900.00 3.354626279025119e-04
5910.00 3.354626279025119e-04
5920.00 3.354626279025119e-04
5930.00 3.354626279025119e-04
5940.00 3.354626279025119e-04
5950.00 3.354626279025119e-04
5960.00 3.354626279025119e-04
5970.00 3.354626279025119e-04
5980.00 3.354626279025119e-04
5990.00 3.354626279025119e-04
6000.00 3.354626279025119e-04
6010.00 3.354626279025119e-04
6020.00 3.354626279025119e-04
6030.00 3.354626279025119e-04
6040.00 3.354626279025119e-04
6050.00 3.354626279025119e-04
6060.00 3.354626279025119e-04
6070.00 3.354626279025119e-04
6080.00 3.354626279025119e-04
6090.00 3.354626279025119e-04
6100.00 3.354626279025119e-04
6110.00 3.354626279025119e-04
6120.00 3.354626279025119e-04
6130.00 3.354626279025119e-04
6140.00 3.354626279025119e-04
6150.00 3.354626279025119e-04
6160.00 3.354626279025119e-04
6170.00 3.354626279025119e-04
6180.00 3.354626279025119e-04
6190.00 3.354626279025119e-04
6200.00 3.354626279025119e-04
6210.00 3.354626279025119e-04
6220.00 3.354626279025119e-04
6230.00 3.354626279025119e-04
6240.00 3.354626279025119e-04
6250.00 3.354626279025119e-04
6260.00 3.354626279025119e-04
6270.00 3.354626279025119e-04
6280.00 3.354626279025119e-04
6290.00 3.354626279025119e-04
6300.00 3.354626279025119e-04
6310.00 3.354626279025119e-04
6320.00 3.354626279025119e-04
6330.00 3.354626279025119e-04
6340.00 3.354626279025119e-04
6350.00 3.354626279025119e-04
6360.00 3.354626279025119e-04
6370.00 3.354626279025119e-04
6380.00 3.354626279025119e-04
6390.00 3.354626279025119e-04
6400.00 3.354626279025119e-04
6410.00 3.354626279025119e-04
6420.00 3.354626279025119e-04
6430.00 3.354626279025119e-04
6440.00 3.354626279025119e-04
6450.00 3.354626279025119e-04
6460.00 3.354626279025119e-04
6470.00 3.354626279025119e-04
6480.00 3.354626279025119e-04
6490.00 3.354626279025119e-04
6500.00 3.354626279025119e-04
6510.00 3.354626279025119e-04
6520.00 3.354626279025119e-04
6530.00 3.354626279025119e-04
6540.00 3.354626279025119e-04
6550.00 3.354626279025119e-04
6560.00 3.354626279025119e-04
6570.00 3.354626279025119e-04
6580.00 3.354626279025119e-04
6590.00 3.354626279025119e-04
6600.00 3.354626279025119e-04
6610.00 3.354626279025119e-04
6620.00 3.354626279025119e-04
6630.00 3.354626279025119e-04
6640.00 3.354626279025119e-04
6650.00 3.354626279025119e-04
6660.00 3.354626279025119e-04
6670.00 3.354626279025119e-04
6680.00 3.354626279025119e-04
6690.00 3.354626279025119e-04
6700.00 3.354626279025119e-04
6710.00 3.354626279025119e-04
6720.00 3.354626279025119e-04
6730.00 3.354626279025119e-04
6740.00 3.354626279025119e-04
6750.00 3.354626279025119e-04
6760.00 3.354626279025119e-04
6770.00 3.354626279025119e-04
6780.00 3.354626279025119e-04
6790.00 3.354626279025119e-04
6800.00 3.354626279025119e-04
6810.00 3.354626279025119e-04
6820.00 3.354626279025119e-04
6830.00 3.354626279025119e-04
6840.00 3.354626279025119e-04
6850.00 3.354626279025119e-04
6860.00 3.354626279025119e-04
6870.00 3.354626279025119e-04
6880.00 3.354626279025119e-04
6890.00 3.354626279025119e-04
6900.00 3.354626279025119e-04
6910.00 3.354626279025119e-04
6920.00 3.354626279025119e-04
6930.00 3.354626279025119e-04
6940.00 3.354626279025119e-04
6950.00 3.354626279025119e-04
6960.00 3.354626279025119e-04
6970.00 3.354626279025119e-04
6980.00 3.354626279025119e-04
6990.00 3.354626279025119e-04
7000.00 3.354626279025119e-04
7010.00 3.354626279025119e-04
7020.00 3.354626279025119e-04
7030.00 3.354626279025119e-04
7040.00 3.354626279025119e-04
7050.00 3.354626279025119e-04
7060.00 3.354626279025119e-04
7070.00 3.354626279025119e-04
7080.00 3.354626279025119e-04
7090.00 3.354626279025119e-04
7100.00 3.354626279025119e-04
7110.00 3.354626279025119e-04
7120.00 3.354626279025119e-04
7130.00 3.354626279025119e-04
7140.00 3.354626279025119e-04
7150.00 3.354626279025119e-04
7160.00 3.354626279025119e-04
7170.00 3.354626279025119e-04
7180.00 3.354626279025119e-04
7190.00 3.354626279025119e-04
7200.00 3.354626279025119e-04
7210.00 3.354626279025119e-04
7220.00 3.354626279025119e-04
7230.00 3.354626279025119e-04
7240.00 3.354626279025119e-04
7250.00 3.354626279025119e-04
7260.00 3.354626279025119e-04
7270.00 3.354626279025119e-04
7280.00 3.354626279025119e-04
7290.00 3.354626279025119e-04
7300.00 3.354626279025119e-04
7310.00 3.354626279025119e-04
7320.00 3.354626279025119e-04
7330.00 3.354626279025119e-04
7340.00 3.354626279025119e-04
7350.00 3.354626279025119e-04
7360.00 3.354626279025119e-04
7370.00 3.354626279025119e-04
7380.00 3.354626279025119e-04
7390.00 3.354626279025119e-04
7400.00 3.354626279025119e-04
7410.00 3.354626279025119e-04
7420.00 3.354626279025119e-04
7430.00 3.354626279025119e-04
7440.00 3.354626279025119e-04
7450.00 3.354626279025119e-04
7460.00 3.354626279025119e-04
7470.00 3.354626279025119e-04
7480.00 3.354626279025119e-04
7490.00 3.354626279025119e-04
7500.00 3.354626279025119e-04
7510.00 3.354626279025119e-04
7520.00 3.354626279025119e-04
7530.00 3.354626279025119e-04
7540.00 3.354626279025119e-04
7550.00 3.354626279025119e-04
7560.00 3.354626279025119e-04
7570.00 3.354626279025119e-04
7580.00 3.354626279025119e-04
7590.00 3.354626279025119e-04
7600.00 3.354626279025119e-04
7610.00 3.354626279025119e-04
7620.00 3.354626279025119e-04
7630.00 3.354626279025119e-04
7640.00 3.354626279025119e-04
7650.00 3.354626279025119e-04
7660.00 3.354626279025119e-04
7670.00 3.354626279025119e-04
7680.00 3.354626279025119e-04
7690.00 3.354626279025119e-04
7700.00 3.354626279025119e-04
7710.00 3.354626279025119e-04
7720.00 3.354626279025119e-04
7730.00 3.354626279025119e-04
7740.00 3.354626279025119e-04
7750.00 3.354626279025119e-04
7760.00 3.354626279025119e-04
7770.00 3.354626279025119e-04
7780.00 3.354626279025119e-04
7790.00 3.354626279025119e-04
7800.00 3.354626279025119e-04
7810.00 3.354626279025119e-04
7820.00 3.354626279025119e-04
7830.00 3.354626279025119e-04
7840.00 3.354626279025119e-04
7850.00 3.354626279025119e-04
7860.00 3.354626279025119e-04
7870.00 3.354626279025119e-04
7880.00 3.354626279025119e-04
7890.00 3.354626279025119e-04
7900.00 3.354626279025119e-04
7910.00 3.354626279025119e-04
7920.00 3.354626279025119e-04
7930.00 3.354626279025119e-04
7940.00 3.354626279025119e-04
7950.00 3.354626279025119e-04
7960.00 3.354626279025119e-04
7970.00 3.354626279025119e-04
7980.00 3.354626279025119e-04
7990.00 3.354626279025119e-04
8000.00 3.354626279025119e-04
8010.00 3.354626279025119e-04
8020.00 3.354626279025119e-04
8030.00 3.354626279025119e-04
8040.00 3.354626279025119e-04
8050.00 3.354626279025119e-04
8060.00 3.354626279025119e-04
8070.00 3.354626279025119e-04
8080.00 3.354626279025119e-04
8090.00 3.354626279025119e-04
8100.00 3.354626279025119e-04
8110.00 3.354626279025119e-04
8120.00 3.354626279025119e-04
8130.00 3.354626279025119e-04
8140.00 3.354626279025119e-04
8150.00 3.354626279025119e-04
8160.00 3.354626279025119e-04
8170.00 3.354626279025119e-04
8180.00 3.354626279025119e-04
8190.00 3.354626279025119e-04
8200.00 3.354626279025119e-04
8210.00 3.354626279025119e-04
8220.00 3.354626279025119e-04
8230.00 3.354626279025119e-04
8240.00 3.354626279025119e-04
8250.00 3.354626279025119e-04
8260.00 3.354626279025119e-04
8270.00 3.354626279025119e-04
8280.00 3.354626279025119e-04
8290.00 3.354626279025119e-04
8300.00 3.354626279025119e-04
8310.00 3.354626279025119e-04
8320.00 3.354626279025119e-04
8330.00 3.354626279025119e-04
8340.00 3.354626279025119e-04
8350.00 3.354626279025119e-04
8360.00 3.354626279025119e-04
8370.00 3.354626279025119e-04
8380.00 3.354626279025119e-04
8390.00 3.354626279025119e-04
8400.00 3.354626279025119e-04
8410.00 3.354626279025119e-04
8420.00 3.354626279025119e-04
8430.00 3.354626279025119e-04
8440.00 3.354626279025119e-04
8450.00 3.354626279025119e-04
8460.00 3.354626279025119e-04
8470.00 3.354626279025119e-04
8480.00 3.354626279025119e-04
8490.00 3.354626279025119e-04
8500.00 3.354626279025119e-04
8510.00 3.354626279025119e-04
8520.00 3.354626279025119e-04
8530.00 3.354626279025119e-04
8540.00 3.354626279025119e-04
8550.00 3.354626279025119e-04
8560.00 3.354626279025119e-04
8570.00 3.354626279025119e-04
8580.00 3.354626279025119e-04
8590.00 3.354626279025119e-04
8600.00 3.354626279025119e-04
8610.00 3.354626279025119e-04
8620.00 3.354626279025119e-04
8630.00 3.354626279025119e-04
8640.00 3.354626279025119e-04
8650.00 3.354626279025119e-04
8660.00 3.354626279025119e-04
8670.00 3.354626279025119e-04
8680.00 3.354626279025119e-04
8690.00 3.354626279025119e-04
8700.00 3.354626279025119e-04
8710.00 3.354626279025119e-04
8720.00 3.354626279025119e-04
8730.00 3.354626279025119e-04
8740.00 3.354626279025119e-04
8750.00 3.354626279025119e-04
8760.00 3.354626279025119e-04
8770.00 3.354626279025119e-04
8780.00 3.354626279025119e-04
8790.00 3.354626279025119e-04
8800.00 3.354626279025119e-04
8810.00 3.354626279025119e-04
8820.00 3.354626279025119e-04
8830.00 3.354626279025119e-04
8840.00 3.354626279025119e-04
8850.00 3.354626279025119e-04
8860.00 3.354626279025119e-04
8870.00 3.354626279025119e-04
8880.00 3.354626279025119e-04
8890.00 3.354626279025119e-04
8900.00 3.354626279025119e-04
8910.00 3.354626279025119e-04
8920.00 3.354626279025119e-04
8930.00 3.354626279025119e-04
8940.00 3.354626279025119e-04
8950.00 3.354626279025119e-04
8960.00 3.354626279025119e-04
8970.00 3.354626279025119e-04
8980.00 3.354626279025119e-04
8990.00 3.354626279025119e-04
9000.00 3.354626279025119e-04
9010.00 3.354626279025119e-04
9020.00 3.354626279025119e-04
9030.00 3.354626279025119e-04
9040.00 3.354626279025119e-04
9050.00 3.354626279025119e-04
9060.00 3.354626279025119e-04
9070.00 3.354626279025119e-04
9080.00 3.354626279025119e-04
9090.00 3.354626279025119e-04
9100.00 3.354626279025119e-04
9110.00 3.354626279025119e-04
9120.00 3.354626279025119e-04
9130.00 3.354626279025119e-04
9140.00 3.354626279025119e-04
9150.00 3.354626279025119e-04
9160.00 3.354626279025119e-04
9170.00 3.354626279025119e-04
9180.00 3.354626279025119e-04
9190.00 3.354626279025119e-04
9200.00 3.354626279025119e-04
9210.00 3.354626279025119e-04
9220.00 3.354626279025119e-04
9230.00 3.354626279025119e-04
9240.00 3.354626279025119e-04
9250.00 3.354626279025119e-04
9260.00 3.354626279025119e-04
9270.00 3.354626279025119e-04
9280.00 3.354626279025119e-04
9290.00 3.354626279025119e-04
9300.00 3.354626279025119e-04
9310.00 3.354626279025119e-04
9320.00 3.354626279025119e-04
9330.00 3.354626279025119e-04
9340.00 3.354626279025119e-04
9350.00 3.354626279025119e-04
9360.00 3.354626279025119e-04
9370.00 3.354626279025119e-04
9380.00 3.354626279025119e-04
9390.00 3.354626279025119e-04
9400.00 3.354626279025119e-04
9410.00 3.354626279025119e-04
9420.00 3.354626279025119e-04
9430.00 3.354626279025119e-04
9440.00 3.354626279025119e-04
9450.00 3.354626279025119e-04
9460.00 3.354626279025119e-04
9470.00 3.354626279025119e-04
9480.00 3.354626279025119e-04
9490.00 3.354626279025119e-04
9500.00 3.354626279025119e-04
9510.00 3.354626279025119e-04
9520.00 3.354626279025119e-04
9530.00 3.354626279025119e-04
9540.00 3.354626279025119e-04
9550.00 3.354626279025119e-04
9560.00 3.354626279025119e-04
9570.00 3.354626279025119e-04
9580.00 3.354626279025119e-04
9590.00 3.354626279025119e-04
9600.00 3.354626279025119e-04
9610.00 3.354626279025119e-04
9620.00 3.354626279025119e-04
9630.00 3.354626279025119e-04
9640.00 3.354626279025119e-04
9650.00 3.354626279025119e-04
9660.00 3.354626279025119e-04
9670.00 3.354626279025119e-04
9680.00 3.354626279025119e-04
9690.00 3.354626279025119e-04
9700.00 3.354626279025119e-04
9710.00 3.354626279025119e-04
9720.00 3.354626279025119e-04
9730.00 3.354626279025119e-04
9740.00 3.354626279025119e-04
9750.00 3.354626279025119e-04
9760.00 3.354626279025119e-04
9770.00 3.354626279025119e-04
9780.00 3.354626279025119e-04
9790.00 3.354626279025119e-04
9800.00 3.354626279025119e-04
9810.00 3.354626279025119e-04
9820.00 3.354626279025119e-04
9830.00 3.354626279025119e-04
9840.00 3.354626279025119e-04
9850.00 3.354626279025119e-04
9860.00 3.354626279025119e-04
9870.00 3.354626279025119e-04
9880.00 3.354626279025119e-04
9890.00 3.354626279025119e-04
9900.00 3.354626279025119e-04
9910.00 3.354626279025119e-04
9920.00 3.354626279025119e-04
9930.00 3.354626279025119e-04
9940.00 3.354626279025119e-04
9950.00 3.354626279025119e-04
9960.00 3.354626279025119e-04
9970.00 3.354626279025119e-04
9980.00 3.354626279025119e-04
9990.00 3.354626279025119e-04
10000.00 3.354626279025119e-04
10010.00 3.354626279025119e-04
10020.00 3.354626279025119e-04
10030.00 3.354626279025119e-04
10040.00 3.354626279025119e-04
10050.00 3.354626279025119e-04
10060.00 3.354626279025119e-04
10070.00 3.354626279025119e-04
10080.00 3.354626279025119e-04
10090.00 3.354626279025119e-04
10100.00 3.354626279025119e-04
10110.00 3.354626279025119e-04
10120.00 3.354626279025119e-04
10130.00 3.354626279025119e-04
10140.00 3.354626279025119e-04
10150.00 3.354626279025119e-04
10160.00 3.354626279025119e-04
10170.00 3.354626279025119e-04
10180.00 3.354626279025119e-04
10190.00 3.354626279025119e-04
10200.00 3.354626279025119e-04
10210.00 3.354626279025119e-04
10220.00 3.354626279025119e-04
10230.00 3.354626279025119e-04
10240.00 3.354626279025119e-04
10250.00 3.354626279025119e-04
10260.00 3.354626279025119e-04
10270.00 3.354626279025119e-04
10280.00 3.354626279025119e-04
10290.00 3.354626279025119e-04
10300.00 3.354626279025119e-04
10310.00 3.354626279025119e-04
10320.00 3.354626279025119e-04
10330.00 3.354626279025119e-04
10340.00 3.354626279025119e-04
10350.00 3.354626279025119e-04
10360.00 3.354626279025119e-04
10370.00 3.354626279025119e-04
10380.00 3.354626279025119e-04
10390.00 3.354626279025119e-04
10400.00 3.354626279025119e-04
10410.00 3.354626279025119e-04
10420.00 3.354626279025119e-04
10430.00 3.354626279025119e-04
10440.00 3.354626279025119e-04
10450.00 3.354626279025119e-04
10460.00 3.354626279025119e-04
10470.00 3.354626279025119e-04
10480.00 3.354626279025119e-04
10490.00 3.354626279025119e-04
10500.00 3.354626279025119e-04
10510.00 3.354626279025119e-04
10520.00 3.354626279025119e-04
10530.00 3.354626279025119e-04
10540.00 3.354626279025119e-04
10550.00 3.354626279025119e-04
10560.00 3.354626279025119e-04
10570.00 3.354626279025119e-04
10580.00 3.354626279025119e-04
10590.00 3.354626279025119e-04
10600.00 3.354626279025119e-04
10610.00 3.354626279025119e-04
10620.00 3.354626279025119e-04
10630.00 3.354626279025119e-04
10640.00 3.354626279025119e-04
10650.00 3.354626279025119e-04
10660.00 3.354626279025119e-04
10670.00 3.354626279025119e-04
10680.00 3.354626279025119e-04
10690.00 3.354626279025119e-04
10700.00 3.354626279025119e-04
10710.00 3.354626279025119e-04
10720.00 3.354626279025119e-04
10730.00 3.354626279025119e-04
10740.00 3.354626279025119e-04
10750.00 3.354626279025119e-04
10760.00 3.354626279025119e-04
10770.00 3.354626279025119e-04
10780.00 3.354626279025119e-04
10790.00 3.354626279025119e-04
10800.00 3.354626279025119e-04
10810.00 3.354626279025119e-04
10820.00 3.354626279025119e-04
10830.00 3.354626279025119e-04
10840.00 3.354626279025119e-04
10850.00 3.354626279025119e-04
10860.00 3.354626279025119e-04
10870.00 3.354626279025119e-04
10880.00 3.354626279025119e-04
10890.00 3.354626279025119e-04
10900.00 3.354626279025119e-04
10910.00 3.354626279025119e-04
10920.00 3.354626279025119e-04
10930.00 3.354626279025119e-04
10940.00 3.354626279025119e-04
10950.00 3.354626279025119e-04
10960.00 3.354626279025119e-04
10970.00 3.354626279025119e-04
10980.00 3.354626279025119e-04
10990.00 3.354626279025119e-04
11000.00 3.354626279025119e-04
