SURVEY: FOUNDATION
SNTYPE: 1
SNID: SN2016ayg
RA: 112.5724357
DEC: 25.0320553
MWEBV: 0.042 # MW E(B-V)
FILTERS: griz
REDSHIFT_HELIO: 0.04269 +- 0.00012
REDSHIFT_CMB: 0.04326 +- 0.00012
VPEC: -49.071
VPEC_ERR: 250.000
SEARCH_PEAKMJD: 57471.30824
HOSTGAL_LOGMASS: 8.482 +- 0.099
VPEC_ERR: 250.000
PIXSIZE: 0.25  # arcsec

###########################
#==============================
NOBS: 28
NVAR: 8
VARLIST:      MJD    FLT   FIELD      FLUXCAL     FLUXCALERR       MAG    MAGERR   PSF
OBS: 57461.23703 PS1-g VOID 9381.122 227.089 17.5690 0.0260 2.06
OBS: 57471.30824 PS1-g VOID 11824.914 299.602 17.3180 0.0270 2.72
OBS: 57476.29942 PS1-g VOID 9649.414 192.762 17.5390 0.0220 2.45
OBS: 57482.24165 PS1-g VOID 5817.759 139.522 18.0880 0.0260 2.03
OBS: 57495.24860 PS1-g VOID 1910.983 140.741 19.2970 0.0800 2.10
OBS: 57502.24951 PS1-g VOID 955.229 100.982 20.0500 0.1140 2.31
OBS: 57461.23742 PS1-r VOID 8849.188 188.353 17.6330 0.0230 1.89
OBS: 57471.30863 PS1-r VOID 10808.599 233.920 17.4160 0.0230 2.35
OBS: 57476.29981 PS1-r VOID 8505.281 167.575 17.6760 0.0210 2.20
OBS: 57482.24203 PS1-r VOID 6480.287 142.467 17.9710 0.0240 2.06
OBS: 57495.24899 PS1-r VOID 4555.073 143.295 18.3540 0.0340 2.02
OBS: 57502.24992 PS1-r VOID 2844.565 111.856 18.8650 0.0420 2.16
OBS: 57461.23779 PS1-i VOID 6586.452 154.253 17.9530 0.0250 1.70
OBS: 57471.30899 PS1-i VOID 5650.486 184.012 18.1200 0.0350 2.51
OBS: 57476.30018 PS1-i VOID 5041.734 140.255 18.2440 0.0300 2.34
OBS: 57482.24241 PS1-i VOID 3369.865 114.086 18.6810 0.0370 1.88
OBS: 57495.24936 PS1-i VOID 4005.873 130.217 18.4930 0.0350 1.82
OBS: 57502.25027 PS1-i VOID 2786.077 123.826 18.8880 0.0480 2.08
OBS: 57461.23816 PS1-z VOID 6169.845 215.195 18.0240 0.0380 1.86
OBS: 57471.30935 PS1-z VOID 6427.590 217.122 17.9800 0.0370 2.02
OBS: 57476.30054 PS1-z VOID 4520.335 186.900 18.3620 0.0450 2.16
OBS: 57482.24278 PS1-z VOID 3763.909 167.676 18.5610 0.0480 1.87
OBS: 57495.24973 PS1-z VOID 3601.458 155.321 18.6090 0.0470 1.76
OBS: 57502.25062 PS1-z VOID 3046.636 185.294 18.7900 0.0660 1.99
OBS: 57501.23988 PS1-z VOID 3032.527 140.589 18.7950 0.0500 1.96
OBS: 57502.23857 PS1-z VOID 2901.088 155.549 18.8440 0.0580 2.10
OBS: 57530.24793 PS1-z VOID 1315.672 422.208 19.7020 0.3470 3.94
OBS: 57530.25641 PS1-z VOID 442.028 252.625 20.8860 0.6170 3.38
END_PHOTOMETRY:

# =============================================
NSPECTRA: 1 


NVAR_SPEC: 5
VARNAMES_SPEC: LAMMIN LAMMAX  FLAM  FLAMERR SPECFLAG

SPECTRUM_ID: 1
SPECTRUM_NLAM: 1979
SPECTRUM_MJD:  57459.00
SPEC: 3493.05 3495.95 2.22452e-16 3.40290e-16 0
SPEC: 3495.95 3498.85 9.28858e-16 3.37636e-16 0
SPEC: 3498.75 3501.65 9.36402e-16 3.34969e-16 0
SPEC: 3501.65 3504.55 4.29633e-16 3.32291e-16 0
SPEC: 3504.55 3507.45 1.25554e-15 3.29603e-16 0
SPEC: 3507.35 3510.25 7.55901e-16 3.26908e-16 0
SPEC: 3510.25 3513.15 1.31621e-15 3.24206e-16 0
SPEC: 3513.15 3516.05 8.16109e-16 3.21501e-16 0
SPEC: 3515.95 3518.85 7.03806e-16 3.18793e-16 0
SPEC: 3518.85 3521.75 4.91003e-16 3.16086e-16 0
SPEC: 3521.75 3524.65 9.49849e-16 3.13381e-16 0
SPEC: 3524.55 3527.45 8.60867e-16 3.10682e-16 0
SPEC: 3527.45 3530.35 6.71353e-16 3.07990e-16 0
SPEC: 3530.35 3533.25 7.38078e-16 3.05310e-16 0
SPEC: 3533.15 3536.05 1.16183e-15 3.02642e-16 0
SPEC: 3536.05 3538.95 4.27203e-16 2.99991e-16 0
SPEC: 3538.95 3541.85 6.18666e-16 2.97359e-16 0
SPEC: 3541.75 3544.65 1.07995e-15 2.94748e-16 0
SPEC: 3544.65 3547.55 7.31465e-16 2.92162e-16 0
SPEC: 3547.55 3550.45 8.24680e-16 2.89604e-16 0
SPEC: 3550.35 3553.25 1.73871e-15 2.87075e-16 0
SPEC: 3553.25 3556.15 8.31368e-16 2.84579e-16 0
SPEC: 3556.15 3559.05 6.52165e-16 2.82117e-16 0
SPEC: 3558.95 3561.85 9.77240e-16 2.79692e-16 0
SPEC: 3561.85 3564.75 6.54352e-16 2.77305e-16 0
SPEC: 3564.75 3567.65 9.78557e-16 2.74958e-16 0
SPEC: 3567.55 3570.45 9.48829e-16 2.72653e-16 0
SPEC: 3570.45 3573.35 8.17546e-16 2.70390e-16 0
SPEC: 3573.35 3576.25 9.28700e-16 2.68170e-16 0
SPEC: 3576.15 3579.05 9.46485e-16 2.65992e-16 0
SPEC: 3579.05 3581.95 6.10256e-16 2.63858e-16 0
SPEC: 3581.95 3584.85 1.01044e-15 2.61765e-16 0
SPEC: 3584.75 3587.65 5.26001e-16 2.59714e-16 0
SPEC: 3587.65 3590.55 1.16842e-15 2.57703e-16 0
SPEC: 3590.55 3593.45 1.02344e-15 2.55731e-16 0
SPEC: 3593.35 3596.25 8.30914e-16 2.53794e-16 0
SPEC: 3596.25 3599.15 1.05036e-15 2.51892e-16 0
SPEC: 3599.15 3602.05 9.79997e-16 2.50021e-16 0
SPEC: 3601.95 3604.85 8.46856e-16 2.48178e-16 0
SPEC: 3604.85 3607.75 7.64621e-16 2.46361e-16 0
SPEC: 3607.75 3610.65 1.06272e-15 2.44566e-16 0
SPEC: 3610.55 3613.45 7.59992e-16 2.42790e-16 0
SPEC: 3613.45 3616.35 6.92253e-16 2.41029e-16 0
SPEC: 3616.35 3619.25 9.20289e-16 2.39280e-16 0
SPEC: 3619.15 3622.05 4.47315e-16 2.37540e-16 0
SPEC: 3622.05 3624.95 1.02326e-15 2.35804e-16 0
SPEC: 3624.95 3627.85 1.36208e-15 2.34071e-16 0
SPEC: 3627.75 3630.65 7.55274e-16 2.32336e-16 0
SPEC: 3630.65 3633.55 7.70831e-16 2.30597e-16 0
SPEC: 3633.55 3636.45 8.94737e-16 2.28852e-16 0
SPEC: 3636.35 3639.25 1.22070e-15 2.27097e-16 0
SPEC: 3639.25 3642.15 9.60351e-16 2.25332e-16 0
SPEC: 3642.15 3645.05 1.26830e-15 2.23553e-16 0
SPEC: 3644.95 3647.85 8.26352e-16 2.21760e-16 0
SPEC: 3647.85 3650.75 7.53633e-16 2.19952e-16 0
SPEC: 3650.75 3653.65 8.67844e-16 2.18128e-16 0
SPEC: 3653.55 3656.45 1.13972e-15 2.16287e-16 0
SPEC: 3656.45 3659.35 9.87853e-16 2.14430e-16 0
SPEC: 3659.35 3662.25 1.21839e-15 2.12557e-16 0
SPEC: 3662.15 3665.05 8.64311e-16 2.10668e-16 0
SPEC: 3665.05 3667.95 7.14908e-16 2.08764e-16 0
SPEC: 3667.95 3670.85 8.98232e-16 2.06846e-16 0
SPEC: 3670.75 3673.65 6.89827e-16 2.04917e-16 0
SPEC: 3673.65 3676.55 1.10194e-15 2.02976e-16 0
SPEC: 3676.55 3679.45 1.15939e-15 2.01027e-16 0
SPEC: 3679.35 3682.25 8.36539e-16 1.99071e-16 0
SPEC: 3682.25 3685.15 7.66216e-16 1.97110e-16 0
SPEC: 3685.15 3688.05 9.11431e-16 1.95146e-16 0
SPEC: 3687.95 3690.85 7.71162e-16 1.93182e-16 0
SPEC: 3690.85 3693.75 8.62210e-16 1.91219e-16 0
SPEC: 3693.75 3696.65 8.87967e-16 1.89260e-16 0
SPEC: 3696.55 3699.45 7.20708e-16 1.87308e-16 0
SPEC: 3699.45 3702.35 9.81040e-16 1.85364e-16 0
SPEC: 3702.35 3705.25 1.33529e-15 1.83431e-16 1
SPEC: 3705.15 3708.05 9.76716e-16 1.81511e-16 1
SPEC: 3708.05 3710.95 1.03046e-15 1.79605e-16 1
SPEC: 3710.95 3713.85 1.10688e-15 1.77717e-16 1
SPEC: 3713.75 3716.65 8.78511e-16 1.75847e-16 1
SPEC: 3716.65 3719.55 5.57042e-16 1.73997e-16 1
SPEC: 3719.55 3722.45 9.36431e-16 1.72170e-16 1
SPEC: 3722.35 3725.25 7.85936e-16 1.70365e-16 1
SPEC: 3725.25 3728.15 8.13883e-16 1.68586e-16 1
SPEC: 3728.15 3731.05 9.15985e-16 1.66832e-16 1
SPEC: 3730.95 3733.85 1.00407e-15 1.65106e-16 1
SPEC: 3733.85 3736.75 9.20334e-16 1.63407e-16 1
SPEC: 3736.75 3739.65 8.91936e-16 1.61737e-16 1
SPEC: 3739.55 3742.45 8.94890e-16 1.60097e-16 1
SPEC: 3742.45 3745.35 9.47894e-16 1.58486e-16 1
SPEC: 3745.35 3748.25 8.35518e-16 1.56906e-16 1
SPEC: 3748.15 3751.05 1.13434e-15 1.55357e-16 1
SPEC: 3751.05 3753.95 5.19316e-16 1.53837e-16 1
SPEC: 3753.95 3756.85 9.22929e-16 1.52349e-16 1
SPEC: 3756.75 3759.65 9.26422e-16 1.50891e-16 1
SPEC: 3759.65 3762.55 9.41079e-16 1.49463e-16 1
SPEC: 3762.55 3765.45 6.22729e-16 1.48064e-16 1
SPEC: 3765.35 3768.25 1.20940e-15 1.46695e-16 1
SPEC: 3768.25 3771.15 7.60714e-16 1.45354e-16 1
SPEC: 3771.15 3774.05 8.86786e-16 1.44040e-16 1
SPEC: 3773.95 3776.85 8.84414e-16 1.42752e-16 1
SPEC: 3776.85 3779.75 8.98535e-16 1.41490e-16 1
SPEC: 3779.75 3782.65 7.76474e-16 1.40252e-16 1
SPEC: 3782.55 3785.45 7.92290e-16 1.39037e-16 1
SPEC: 3785.45 3788.35 9.68668e-16 1.37843e-16 1
SPEC: 3788.35 3791.25 8.73980e-16 1.36668e-16 1
SPEC: 3791.15 3794.05 7.93337e-16 1.35512e-16 1
SPEC: 3794.05 3796.95 8.87717e-16 1.34373e-16 1
SPEC: 3796.95 3799.85 1.10263e-15 1.33248e-16 1
SPEC: 3799.75 3802.65 7.91515e-16 1.32137e-16 1
SPEC: 3802.65 3805.55 7.81285e-16 1.31036e-16 1
SPEC: 3805.55 3808.45 7.55981e-16 1.29946e-16 1
SPEC: 3808.35 3811.25 8.30772e-16 1.28864e-16 1
SPEC: 3811.25 3814.15 8.68717e-16 1.27789e-16 1
SPEC: 3814.15 3817.05 7.45163e-16 1.26719e-16 1
SPEC: 3816.95 3819.85 8.60197e-16 1.25653e-16 1
SPEC: 3819.85 3822.75 7.05138e-16 1.24589e-16 1
SPEC: 3822.75 3825.65 8.19613e-16 1.23528e-16 1
SPEC: 3825.55 3828.45 8.53961e-16 1.22467e-16 1
SPEC: 3828.45 3831.35 8.89616e-16 1.21407e-16 1
SPEC: 3831.35 3834.25 5.43957e-16 1.20346e-16 1
SPEC: 3834.15 3837.05 6.59461e-16 1.19286e-16 1
SPEC: 3837.05 3839.95 9.14958e-16 1.18225e-16 1
SPEC: 3839.95 3842.85 8.38467e-16 1.17164e-16 1
SPEC: 3842.75 3845.65 6.45946e-16 1.16104e-16 1
SPEC: 3845.65 3848.55 7.45187e-16 1.15045e-16 1
SPEC: 3848.55 3851.45 6.97266e-16 1.13989e-16 1
SPEC: 3851.35 3854.25 5.19612e-16 1.12937e-16 1
SPEC: 3854.25 3857.15 4.66878e-16 1.11891e-16 1
SPEC: 3857.15 3860.05 4.65901e-16 1.10851e-16 1
SPEC: 3859.95 3862.85 5.36805e-16 1.09821e-16 1
SPEC: 3862.85 3865.75 7.24536e-16 1.08801e-16 1
SPEC: 3865.75 3868.65 4.09380e-16 1.07796e-16 1
SPEC: 3868.55 3871.45 6.09172e-16 1.06805e-16 1
SPEC: 3871.45 3874.35 5.76225e-16 1.05833e-16 1
SPEC: 3874.35 3877.25 5.80317e-16 1.04882e-16 1
SPEC: 3877.15 3880.05 5.16696e-16 1.03953e-16 1
SPEC: 3880.05 3882.95 5.34935e-16 1.03050e-16 1
SPEC: 3882.95 3885.85 5.42715e-16 1.02175e-16 1
SPEC: 3885.75 3888.65 4.66595e-16 1.01330e-16 1
SPEC: 3888.65 3891.55 6.25872e-16 1.00517e-16 1
SPEC: 3891.55 3894.45 4.24320e-16 9.97380e-17 1
SPEC: 3894.35 3897.25 4.60683e-16 9.89954e-17 1
SPEC: 3897.25 3900.15 6.05635e-16 9.82905e-17 1
SPEC: 3900.15 3903.05 5.36764e-16 9.76247e-17 1
SPEC: 3902.95 3905.85 4.26207e-16 9.69992e-17 1
SPEC: 3905.85 3908.75 5.41470e-16 9.64148e-17 1
SPEC: 3908.75 3911.65 6.21407e-16 9.58721e-17 1
SPEC: 3911.55 3914.45 5.31479e-16 9.53715e-17 1
SPEC: 3914.45 3917.35 5.83964e-16 9.49129e-17 1
SPEC: 3917.35 3920.25 4.98229e-16 9.44961e-17 1
SPEC: 3920.15 3923.05 6.14603e-16 9.41205e-17 1
SPEC: 3923.05 3925.95 5.80482e-16 9.37854e-17 1
SPEC: 3925.95 3928.85 4.57297e-16 9.34897e-17 1
SPEC: 3928.75 3931.65 5.36471e-16 9.32319e-17 1
SPEC: 3931.65 3934.55 5.39195e-16 9.30106e-17 1
SPEC: 3934.55 3937.45 5.85302e-16 9.28239e-17 1
SPEC: 3937.35 3940.25 5.10524e-16 9.26699e-17 1
SPEC: 3940.25 3943.15 4.62279e-16 9.25465e-17 1
SPEC: 3943.15 3946.05 5.82699e-16 9.24514e-17 1
SPEC: 3945.95 3948.85 4.90731e-16 9.23821e-17 1
SPEC: 3948.85 3951.75 5.32499e-16 9.23364e-17 1
SPEC: 3951.75 3954.65 3.99712e-16 9.23115e-17 1
SPEC: 3954.55 3957.45 4.91407e-16 9.23051e-17 1
SPEC: 3957.45 3960.35 3.82725e-16 9.23145e-17 1
SPEC: 3960.35 3963.25 6.31425e-16 9.23373e-17 1
SPEC: 3963.15 3966.05 2.87396e-16 9.23709e-17 1
SPEC: 3966.05 3968.95 5.32823e-16 9.24130e-17 1
SPEC: 3968.95 3971.85 4.61307e-16 9.24613e-17 1
SPEC: 3971.75 3974.65 4.71159e-16 9.25136e-17 1
SPEC: 3974.65 3977.55 4.28314e-16 9.25678e-17 1
SPEC: 3977.55 3980.45 6.45902e-16 9.26219e-17 1
SPEC: 3980.35 3983.25 3.81856e-16 9.26743e-17 1
SPEC: 3983.25 3986.15 5.07397e-16 9.27233e-17 1
SPEC: 3986.15 3989.05 4.71961e-16 9.27674e-17 1
SPEC: 3988.95 3991.85 5.44791e-16 9.28053e-17 1
SPEC: 3991.85 3994.75 6.65871e-16 9.28359e-17 1
SPEC: 3994.75 3997.65 7.21492e-16 9.28582e-17 1
SPEC: 3997.55 4000.45 6.88696e-16 9.28713e-17 1
SPEC: 4000.45 4003.35 5.31903e-16 9.33357e-17 1
SPEC: 4003.35 4006.25 6.89037e-16 9.32457e-17 1
SPEC: 4006.15 4009.05 6.74540e-16 9.30857e-17 1
SPEC: 4009.05 4011.95 8.03586e-16 9.30274e-17 1
SPEC: 4011.95 4014.85 7.76888e-16 9.29296e-17 1
SPEC: 4014.75 4017.65 6.93255e-16 9.27417e-17 1
SPEC: 4017.65 4020.55 6.59668e-16 9.25746e-17 1
SPEC: 4020.55 4023.45 7.75622e-16 9.25910e-17 1
SPEC: 4023.35 4026.25 7.39155e-16 9.25923e-17 1
SPEC: 4026.25 4029.15 7.64328e-16 9.25966e-17 1
SPEC: 4029.15 4032.05 7.49563e-16 9.25260e-17 1
SPEC: 4031.95 4034.85 1.03527e-15 9.22469e-17 1
SPEC: 4034.85 4037.75 8.89934e-16 9.23107e-17 1
SPEC: 4037.75 4040.65 8.04695e-16 9.21769e-17 1
SPEC: 4040.55 4043.45 8.29100e-16 9.19906e-17 1
SPEC: 4043.45 4046.35 8.61987e-16 9.18671e-17 1
SPEC: 4046.35 4049.25 8.62917e-16 9.16644e-17 1
SPEC: 4049.15 4052.05 8.03550e-16 9.14024e-17 1
SPEC: 4052.05 4054.95 9.31272e-16 9.10201e-17 1
SPEC: 4054.95 4057.85 1.14245e-15 9.08910e-17 1
SPEC: 4057.75 4060.65 9.21502e-16 9.06888e-17 1
SPEC: 4060.65 4063.55 9.03512e-16 9.04970e-17 1
SPEC: 4063.55 4066.45 1.02489e-15 9.05164e-17 1
SPEC: 4066.35 4069.25 1.11841e-15 9.01591e-17 1
SPEC: 4069.25 4072.15 8.48812e-16 8.99913e-17 1
SPEC: 4072.15 4075.05 1.00709e-15 8.96306e-17 1
SPEC: 4074.95 4077.85 9.51110e-16 8.94256e-17 1
SPEC: 4077.85 4080.75 9.76343e-16 8.91436e-17 1
SPEC: 4080.75 4083.65 9.72666e-16 8.88790e-17 1
SPEC: 4083.55 4086.45 9.61765e-16 8.86142e-17 1
SPEC: 4086.45 4089.35 1.00991e-15 8.83214e-17 1
SPEC: 4089.35 4092.25 9.52363e-16 8.78989e-17 1
SPEC: 4092.15 4095.05 1.07044e-15 8.74387e-17 1
SPEC: 4095.05 4097.95 1.11355e-15 8.70989e-17 1
SPEC: 4097.95 4100.85 9.56711e-16 8.67831e-17 1
SPEC: 4100.75 4103.65 1.09334e-15 8.63691e-17 1
SPEC: 4103.65 4106.55 9.63644e-16 8.60080e-17 1
SPEC: 4106.55 4109.45 1.16327e-15 8.57798e-17 1
SPEC: 4109.35 4112.25 1.03352e-15 8.52801e-17 1
SPEC: 4112.25 4115.15 1.16105e-15 8.49247e-17 1
SPEC: 4115.15 4118.05 1.24134e-15 8.45454e-17 1
SPEC: 4117.95 4120.85 1.04585e-15 8.42068e-17 1
SPEC: 4120.85 4123.75 9.70463e-16 8.38423e-17 1
SPEC: 4123.75 4126.65 1.02401e-15 8.34257e-17 1
SPEC: 4126.55 4129.45 1.06812e-15 8.30521e-17 1
SPEC: 4129.45 4132.35 1.00826e-15 8.25829e-17 1
SPEC: 4132.35 4135.25 8.71405e-16 8.20633e-17 1
SPEC: 4135.15 4138.05 1.00847e-15 8.16718e-17 1
SPEC: 4138.05 4140.95 8.76015e-16 8.13306e-17 1
SPEC: 4140.95 4143.85 8.43944e-16 8.05683e-17 1
SPEC: 4143.75 4146.65 9.09772e-16 7.99154e-17 1
SPEC: 4146.65 4149.55 1.04930e-15 7.96784e-17 1
SPEC: 4149.55 4152.45 8.68125e-16 7.91150e-17 1
SPEC: 4152.35 4155.25 8.14638e-16 7.87877e-17 1
SPEC: 4155.25 4158.15 7.80953e-16 7.85681e-17 1
SPEC: 4158.15 4161.05 8.86254e-16 7.82569e-17 1
SPEC: 4160.95 4163.85 7.26403e-16 7.79543e-17 1
SPEC: 4163.85 4166.75 7.59045e-16 7.76621e-17 1
SPEC: 4166.75 4169.65 8.55397e-16 7.73702e-17 1
SPEC: 4169.55 4172.45 8.40036e-16 7.66877e-17 1
SPEC: 4172.45 4175.35 8.19462e-16 7.61316e-17 1
SPEC: 4175.35 4178.25 8.08765e-16 7.58000e-17 1
SPEC: 4178.15 4181.05 8.25601e-16 7.54470e-17 1
SPEC: 4181.05 4183.95 8.19532e-16 7.49553e-17 1
SPEC: 4183.95 4186.85 8.68230e-16 7.45960e-17 1
SPEC: 4186.75 4189.65 8.07950e-16 7.42968e-17 1
SPEC: 4189.65 4192.55 8.73030e-16 7.38787e-17 1
SPEC: 4192.55 4195.45 8.67779e-16 7.36434e-17 1
SPEC: 4195.35 4198.25 8.99377e-16 7.31499e-17 1
SPEC: 4198.25 4201.15 9.89791e-16 7.27610e-17 1
SPEC: 4201.15 4204.05 7.97455e-16 7.24948e-17 1
SPEC: 4203.95 4206.85 9.39611e-16 7.22264e-17 1
SPEC: 4206.85 4209.75 7.87970e-16 7.20491e-17 1
SPEC: 4209.75 4212.65 9.84685e-16 7.16864e-17 1
SPEC: 4212.55 4215.45 9.25069e-16 7.14940e-17 1
SPEC: 4215.45 4218.35 9.04401e-16 7.11941e-17 1
SPEC: 4218.35 4221.25 9.58715e-16 7.09568e-17 1
SPEC: 4221.15 4224.05 9.15000e-16 7.06405e-17 1
SPEC: 4224.05 4226.95 9.39606e-16 7.03306e-17 1
SPEC: 4226.95 4229.85 9.17443e-16 7.02020e-17 1
SPEC: 4229.75 4232.65 8.88234e-16 7.01121e-17 1
SPEC: 4232.65 4235.55 1.02176e-15 7.00233e-17 1
SPEC: 4235.55 4238.45 1.04845e-15 6.95996e-17 1
SPEC: 4238.35 4241.25 1.03448e-15 6.93744e-17 1
SPEC: 4241.25 4244.15 1.12066e-15 6.92918e-17 1
SPEC: 4244.15 4247.05 1.10645e-15 6.91145e-17 1
SPEC: 4246.95 4249.85 1.01878e-15 6.90025e-17 1
SPEC: 4249.85 4252.75 9.71079e-16 6.87673e-17 1
SPEC: 4252.75 4255.65 9.81215e-16 6.87819e-17 1
SPEC: 4255.55 4258.45 8.90024e-16 6.86350e-17 1
SPEC: 4258.45 4261.35 8.82070e-16 6.83496e-17 1
SPEC: 4261.35 4264.25 9.54774e-16 6.82299e-17 1
SPEC: 4264.15 4267.05 8.38807e-16 6.81023e-17 1
SPEC: 4267.05 4269.95 9.17621e-16 6.80746e-17 1
SPEC: 4269.95 4272.85 9.44014e-16 6.78458e-17 1
SPEC: 4272.75 4275.65 8.73205e-16 6.77267e-17 1
SPEC: 4275.65 4278.55 9.52887e-16 6.78818e-17 1
SPEC: 4278.55 4281.45 9.08119e-16 6.75661e-17 1
SPEC: 4281.35 4284.25 9.10513e-16 6.72431e-17 1
SPEC: 4284.25 4287.15 9.88871e-16 6.71319e-17 1
SPEC: 4287.15 4290.05 1.00760e-15 6.69956e-17 1
SPEC: 4289.95 4292.85 8.58164e-16 6.69328e-17 1
SPEC: 4292.85 4295.75 8.43936e-16 6.69426e-17 1
SPEC: 4295.75 4298.65 9.04435e-16 6.68353e-17 1
SPEC: 4298.55 4301.45 8.29967e-16 6.65771e-17 1
SPEC: 4301.45 4304.35 9.30501e-16 6.65166e-17 1
SPEC: 4304.35 4307.25 9.20417e-16 6.66322e-17 1
SPEC: 4307.15 4310.05 7.32852e-16 6.66717e-17 1
SPEC: 4310.05 4312.95 8.40695e-16 6.67612e-17 1
SPEC: 4312.95 4315.85 7.76017e-16 6.69751e-17 1
SPEC: 4315.75 4318.65 8.14453e-16 6.70981e-17 1
SPEC: 4318.65 4321.55 8.42360e-16 6.71061e-17 1
SPEC: 4321.55 4324.45 8.44967e-16 6.69436e-17 1
SPEC: 4324.35 4327.25 8.15077e-16 6.70942e-17 1
SPEC: 4327.25 4330.15 8.04197e-16 6.74104e-17 1
SPEC: 4330.15 4333.05 7.89380e-16 6.74393e-17 1
SPEC: 4332.95 4335.85 9.04772e-16 6.75204e-17 1
SPEC: 4335.85 4338.75 8.15459e-16 6.74996e-17 1
SPEC: 4338.75 4341.65 7.48983e-16 6.75883e-17 1
SPEC: 4341.55 4344.45 9.01609e-16 6.78214e-17 1
SPEC: 4344.45 4347.35 8.10663e-16 6.79472e-17 1
SPEC: 4347.35 4350.25 8.51101e-16 6.80729e-17 1
SPEC: 4350.15 4353.05 8.48801e-16 6.81263e-17 1
SPEC: 4353.05 4355.95 8.40306e-16 6.82871e-17 1
SPEC: 4355.95 4358.85 8.44259e-16 6.85464e-17 1
SPEC: 4358.75 4361.65 8.24697e-16 6.87350e-17 1
SPEC: 4361.65 4364.55 7.98073e-16 6.88774e-17 1
SPEC: 4364.55 4367.45 7.30461e-16 6.90273e-17 1
SPEC: 4367.35 4370.25 7.18746e-16 6.91427e-17 1
SPEC: 4370.25 4373.15 7.69797e-16 6.93388e-17 1
SPEC: 4373.15 4376.05 7.85204e-16 6.92519e-17 1
SPEC: 4375.95 4378.85 7.16761e-16 6.92409e-17 1
SPEC: 4378.85 4381.75 6.58503e-16 6.92783e-17 1
SPEC: 4381.75 4384.65 8.04301e-16 6.92157e-17 1
SPEC: 4384.55 4387.45 6.43755e-16 6.91145e-17 1
SPEC: 4387.45 4390.35 8.22170e-16 6.92472e-17 1
SPEC: 4390.35 4393.25 7.51796e-16 6.92234e-17 1
SPEC: 4393.15 4396.05 7.06841e-16 6.91900e-17 1
SPEC: 4396.05 4398.95 5.83495e-16 6.91482e-17 1
SPEC: 4398.95 4401.85 6.63585e-16 6.91676e-17 1
SPEC: 4401.75 4404.65 7.92735e-16 6.89986e-17 1
SPEC: 4404.65 4407.55 7.38659e-16 6.90336e-17 1
SPEC: 4407.55 4410.45 7.65179e-16 6.88805e-17 1
SPEC: 4410.45 4413.35 7.76948e-16 6.88473e-17 1
SPEC: 4413.25 4416.15 8.73919e-16 6.86027e-17 1
SPEC: 4416.15 4419.05 7.58472e-16 6.83036e-17 1
SPEC: 4418.95 4421.85 6.13622e-16 6.80522e-17 1
SPEC: 4421.85 4424.75 6.41600e-16 6.77370e-17 1
SPEC: 4424.75 4427.65 6.29914e-16 6.72826e-17 1
SPEC: 4427.65 4430.55 6.14656e-16 6.69226e-17 1
SPEC: 4430.45 4433.35 5.65934e-16 6.65046e-17 1
SPEC: 4433.35 4436.25 7.46532e-16 6.60376e-17 1
SPEC: 4436.15 4439.05 7.38203e-16 6.56615e-17 1
SPEC: 4439.05 4441.95 6.64039e-16 6.53078e-17 1
SPEC: 4441.95 4444.85 6.21485e-16 6.48280e-17 1
SPEC: 4444.75 4447.65 6.33961e-16 6.43822e-17 1
SPEC: 4447.65 4450.55 6.98355e-16 6.40504e-17 1
SPEC: 4450.55 4453.45 6.55445e-16 6.33865e-17 1
SPEC: 4453.45 4456.35 7.02313e-16 6.28707e-17 1
SPEC: 4456.25 4459.15 5.85838e-16 6.24284e-17 1
SPEC: 4459.15 4462.05 5.27046e-16 6.18479e-17 1
SPEC: 4461.95 4464.85 6.39514e-16 6.15554e-17 1
SPEC: 4464.85 4467.75 5.64550e-16 6.09357e-17 1
SPEC: 4467.75 4470.65 5.45082e-16 6.04972e-17 1
SPEC: 4470.65 4473.55 5.54466e-16 6.00435e-17 1
SPEC: 4473.45 4476.35 5.29117e-16 5.95302e-17 1
SPEC: 4476.35 4479.25 5.95784e-16 5.91056e-17 1
SPEC: 4479.15 4482.05 5.39786e-16 5.84986e-17 1
SPEC: 4482.05 4484.95 5.68806e-16 5.80922e-17 1
SPEC: 4484.95 4487.85 5.49980e-16 5.76734e-17 1
SPEC: 4487.75 4490.65 5.31638e-16 5.72169e-17 1
SPEC: 4490.65 4493.55 5.36771e-16 5.68633e-17 1
SPEC: 4493.55 4496.45 6.20055e-16 5.64309e-17 1
SPEC: 4496.45 4499.35 5.26301e-16 5.61134e-17 1
SPEC: 4499.25 4502.15 4.61148e-16 5.55958e-17 1
SPEC: 4502.15 4505.05 5.45373e-16 5.53140e-17 1
SPEC: 4504.95 4507.85 5.61341e-16 5.49840e-17 1
SPEC: 4507.85 4510.75 5.39052e-16 5.46087e-17 1
SPEC: 4510.75 4513.65 5.25724e-16 5.42602e-17 1
SPEC: 4513.65 4516.55 6.06391e-16 5.39409e-17 1
SPEC: 4516.45 4519.35 4.99987e-16 5.36745e-17 1
SPEC: 4519.35 4522.25 5.18757e-16 5.34304e-17 1
SPEC: 4522.15 4525.05 5.64626e-16 5.32184e-17 1
SPEC: 4525.05 4527.95 5.77041e-16 5.29312e-17 1
SPEC: 4527.95 4530.85 5.58158e-16 5.27257e-17 1
SPEC: 4530.75 4533.65 5.52499e-16 5.24817e-17 1
SPEC: 4533.65 4536.55 5.95415e-16 5.22735e-17 1
SPEC: 4536.55 4539.45 5.93428e-16 5.22181e-17 1
SPEC: 4539.45 4542.35 5.68070e-16 5.19090e-17 1
SPEC: 4542.25 4545.15 5.20268e-16 5.18853e-17 1
SPEC: 4545.15 4548.05 5.46371e-16 5.17072e-17 1
SPEC: 4547.95 4550.85 6.38962e-16 5.15705e-17 1
SPEC: 4550.85 4553.75 6.02722e-16 5.14095e-17 1
SPEC: 4553.75 4556.65 6.06588e-16 5.12708e-17 1
SPEC: 4556.65 4559.55 6.18597e-16 5.12535e-17 1
SPEC: 4559.45 4562.35 6.42098e-16 5.10994e-17 1
SPEC: 4562.35 4565.25 6.14132e-16 5.09846e-17 1
SPEC: 4565.15 4568.05 6.43152e-16 5.07922e-17 1
SPEC: 4568.05 4570.95 6.21139e-16 5.07451e-17 1
SPEC: 4570.95 4573.85 5.57015e-16 5.06901e-17 1
SPEC: 4573.75 4576.65 5.08803e-16 5.06890e-17 1
SPEC: 4576.65 4579.55 4.96947e-16 5.05410e-17 1
SPEC: 4579.55 4582.45 6.33180e-16 5.04279e-17 1
SPEC: 4582.45 4585.35 4.69458e-16 5.03601e-17 1
SPEC: 4585.25 4588.15 5.95992e-16 5.02814e-17 1
SPEC: 4588.15 4591.05 5.53890e-16 5.02592e-17 1
SPEC: 4590.95 4593.85 5.90223e-16 5.01424e-17 1
SPEC: 4593.85 4596.75 4.15466e-16 5.01614e-17 1
SPEC: 4596.75 4599.65 5.49207e-16 5.00057e-17 1
SPEC: 4599.65 4602.55 5.72044e-16 4.98143e-17 1
SPEC: 4602.45 4605.35 5.61746e-16 4.97822e-17 1
SPEC: 4605.35 4608.25 4.56956e-16 4.98433e-17 1
SPEC: 4608.15 4611.05 5.43871e-16 4.97474e-17 1
SPEC: 4611.05 4613.95 5.40095e-16 4.97615e-17 1
SPEC: 4613.95 4616.85 4.94507e-16 4.96369e-17 1
SPEC: 4616.75 4619.65 5.38870e-16 4.95308e-17 1
SPEC: 4619.65 4622.55 5.90160e-16 4.95717e-17 1
SPEC: 4622.55 4625.45 5.36781e-16 4.94046e-17 1
SPEC: 4625.45 4628.35 5.00897e-16 4.93823e-17 1
SPEC: 4628.25 4631.15 5.52240e-16 4.93546e-17 1
SPEC: 4631.15 4634.05 6.05073e-16 4.91849e-17 1
SPEC: 4633.95 4636.85 5.50543e-16 4.90566e-17 1
SPEC: 4636.85 4639.75 6.32744e-16 4.90847e-17 1
SPEC: 4639.75 4642.65 6.01611e-16 4.90407e-17 1
SPEC: 4642.65 4645.55 6.11157e-16 4.90428e-17 1
SPEC: 4645.45 4648.35 6.08421e-16 4.89084e-17 1
SPEC: 4648.35 4651.25 5.53869e-16 4.89651e-17 1
SPEC: 4651.15 4654.05 6.67336e-16 4.88901e-17 1
SPEC: 4654.05 4656.95 6.09752e-16 4.88383e-17 1
SPEC: 4656.95 4659.85 6.45252e-16 4.88465e-17 1
SPEC: 4659.75 4662.65 6.43042e-16 4.88857e-17 1
SPEC: 4662.65 4665.55 6.62463e-16 4.88451e-17 1
SPEC: 4665.55 4668.45 6.39659e-16 4.87828e-17 1
SPEC: 4668.45 4671.35 6.61509e-16 4.87459e-17 1
SPEC: 4671.25 4674.15 6.06451e-16 4.87989e-17 1
SPEC: 4674.15 4677.05 5.81099e-16 4.87539e-17 1
SPEC: 4676.95 4679.85 6.32020e-16 4.88243e-17 1
SPEC: 4679.85 4682.75 5.85735e-16 4.87421e-17 1
SPEC: 4682.75 4685.65 5.94911e-16 4.87553e-17 1
SPEC: 4685.65 4688.55 6.73604e-16 4.87526e-17 1
SPEC: 4688.45 4691.35 5.68345e-16 4.87470e-17 1
SPEC: 4691.35 4694.25 5.93161e-16 4.86451e-17 1
SPEC: 4694.15 4697.05 5.90980e-16 4.87911e-17 1
SPEC: 4697.05 4699.95 5.44585e-16 4.87450e-17 1
SPEC: 4699.95 4702.85 6.40703e-16 4.87027e-17 1
SPEC: 4702.75 4705.65 5.82888e-16 4.87150e-17 1
SPEC: 4705.65 4708.55 6.21469e-16 4.87564e-17 1
SPEC: 4708.55 4711.45 6.88594e-16 4.87681e-17 1
SPEC: 4711.45 4714.35 6.48567e-16 4.87912e-17 1
SPEC: 4714.25 4717.15 6.06443e-16 4.87724e-17 1
SPEC: 4717.15 4720.05 6.51470e-16 4.88714e-17 1
SPEC: 4719.95 4722.85 6.24805e-16 4.87841e-17 1
SPEC: 4722.85 4725.75 5.33899e-16 4.88380e-17 1
SPEC: 4725.75 4728.65 5.49883e-16 4.88175e-17 1
SPEC: 4728.65 4731.55 6.41338e-16 4.87753e-17 1
SPEC: 4731.45 4734.35 6.34837e-16 4.87563e-17 1
SPEC: 4734.35 4737.25 5.64271e-16 4.88067e-17 1
SPEC: 4737.15 4740.05 5.54831e-16 4.87718e-17 1
SPEC: 4740.05 4742.95 5.15317e-16 4.87379e-17 1
SPEC: 4742.95 4745.85 5.42594e-16 4.86573e-17 1
SPEC: 4745.75 4748.65 6.14293e-16 4.86982e-17 1
SPEC: 4748.65 4751.55 5.68920e-16 4.86812e-17 1
SPEC: 4751.55 4754.45 6.20854e-16 4.85630e-17 1
SPEC: 4754.45 4757.35 5.68362e-16 4.85500e-17 1
SPEC: 4757.25 4760.15 5.42372e-16 4.85388e-17 1
SPEC: 4760.15 4763.05 5.34918e-16 4.84854e-17 1
SPEC: 4762.95 4765.85 6.08498e-16 4.83354e-17 1
SPEC: 4765.85 4768.75 5.96084e-16 4.82973e-17 1
SPEC: 4768.75 4771.65 5.92938e-16 4.83030e-17 1
SPEC: 4771.65 4774.55 6.83107e-16 4.82889e-17 1
SPEC: 4774.45 4777.35 6.65791e-16 4.82342e-17 1
SPEC: 4777.35 4780.25 5.97679e-16 4.81380e-17 1
SPEC: 4780.15 4783.05 5.62011e-16 4.80387e-17 1
SPEC: 4783.05 4785.95 5.67105e-16 4.78868e-17 1
SPEC: 4785.95 4788.85 6.69487e-16 4.78021e-17 1
SPEC: 4788.75 4791.65 6.32075e-16 4.76744e-17 1
SPEC: 4791.65 4794.55 5.65031e-16 4.75352e-17 1
SPEC: 4794.55 4797.45 5.95415e-16 4.75487e-17 1
SPEC: 4797.45 4800.35 6.32271e-16 4.74005e-17 1
SPEC: 4800.25 4803.15 6.31501e-16 4.73245e-17 1
SPEC: 4803.15 4806.05 6.67272e-16 4.72026e-17 1
SPEC: 4805.95 4808.85 6.74377e-16 4.70544e-17 1
SPEC: 4808.85 4811.75 5.50759e-16 4.68867e-17 1
SPEC: 4811.75 4814.65 6.13708e-16 4.68683e-17 1
SPEC: 4814.65 4817.55 5.97449e-16 4.67686e-17 1
SPEC: 4817.45 4820.35 6.05314e-16 4.66025e-17 1
SPEC: 4820.35 4823.25 5.94048e-16 4.65711e-17 1
SPEC: 4823.15 4826.05 5.88424e-16 4.63941e-17 1
SPEC: 4826.05 4828.95 5.96548e-16 4.63035e-17 1
SPEC: 4828.95 4831.85 5.06747e-16 4.61914e-17 1
SPEC: 4831.75 4834.65 4.79818e-16 4.60749e-17 1
SPEC: 4834.65 4837.55 5.94716e-16 4.59530e-17 1
SPEC: 4837.55 4840.45 4.92031e-16 4.57942e-17 1
SPEC: 4840.45 4843.35 5.86223e-16 4.55901e-17 1
SPEC: 4843.25 4846.15 5.36701e-16 4.55546e-17 1
SPEC: 4846.15 4849.05 4.92071e-16 4.54530e-17 1
SPEC: 4849.05 4851.95 5.53946e-16 4.53524e-17 1
SPEC: 4851.85 4854.75 4.84545e-16 4.52218e-17 1
SPEC: 4854.75 4857.65 5.17466e-16 4.49537e-17 1
SPEC: 4857.65 4860.55 5.13146e-16 4.50147e-17 1
SPEC: 4860.45 4863.35 4.68541e-16 4.48920e-17 1
SPEC: 4863.35 4866.25 5.21466e-16 4.47947e-17 1
SPEC: 4866.25 4869.15 4.73612e-16 4.46873e-17 1
SPEC: 4869.05 4871.95 4.08375e-16 4.45769e-17 1
SPEC: 4871.95 4874.85 5.29661e-16 4.44270e-17 1
SPEC: 4874.85 4877.75 5.10726e-16 4.44547e-17 1
SPEC: 4877.65 4880.55 5.36711e-16 4.43473e-17 1
SPEC: 4880.55 4883.45 5.32401e-16 4.42506e-17 1
SPEC: 4883.45 4886.35 5.31009e-16 4.42026e-17 1
SPEC: 4886.25 4889.15 5.36511e-16 4.41131e-17 1
SPEC: 4889.15 4892.05 5.07589e-16 4.40421e-17 1
SPEC: 4892.05 4894.95 4.97368e-16 4.40075e-17 1
SPEC: 4894.85 4897.75 4.95923e-16 4.39158e-17 1
SPEC: 4897.75 4900.65 5.66602e-16 4.38710e-17 1
SPEC: 4900.65 4903.55 4.87464e-16 4.37534e-17 1
SPEC: 4903.45 4906.35 4.93770e-16 4.37252e-17 1
SPEC: 4906.35 4909.25 5.10992e-16 4.36522e-17 1
SPEC: 4909.25 4912.15 4.77371e-16 4.34207e-17 1
SPEC: 4912.05 4914.95 5.47542e-16 4.34169e-17 1
SPEC: 4914.95 4917.85 5.24257e-16 4.41716e-17 1
SPEC: 4917.85 4920.75 4.66679e-16 4.37618e-17 1
SPEC: 4920.65 4923.55 4.17397e-16 4.31226e-17 1
SPEC: 4923.55 4926.45 4.99581e-16 4.31949e-17 1
SPEC: 4926.45 4929.35 5.55212e-16 4.31023e-17 1
SPEC: 4929.25 4932.15 5.42217e-16 4.30875e-17 1
SPEC: 4932.15 4935.05 5.97867e-16 4.30539e-17 1
SPEC: 4935.05 4937.95 4.44811e-16 4.30391e-17 1
SPEC: 4937.85 4940.75 3.92698e-16 4.29943e-17 1
SPEC: 4940.75 4943.65 5.05284e-16 4.27993e-17 1
SPEC: 4943.65 4946.55 4.93700e-16 4.27689e-17 1
SPEC: 4946.45 4949.35 4.71817e-16 4.26780e-17 1
SPEC: 4949.35 4952.25 4.75327e-16 4.26911e-17 1
SPEC: 4952.25 4955.15 5.53113e-16 4.26634e-17 1
SPEC: 4955.05 4957.95 4.64460e-16 4.24661e-17 1
SPEC: 4957.95 4960.85 4.81901e-16 4.24070e-17 1
SPEC: 4960.85 4963.75 5.04811e-16 4.23278e-17 1
SPEC: 4963.65 4966.55 5.01244e-16 4.22580e-17 1
SPEC: 4966.55 4969.45 4.45162e-16 4.21438e-17 1
SPEC: 4969.45 4972.35 5.00146e-16 4.21327e-17 1
SPEC: 4972.25 4975.15 4.64417e-16 4.19666e-17 1
SPEC: 4975.15 4978.05 4.90716e-16 4.18309e-17 1
SPEC: 4978.05 4980.95 4.72356e-16 4.17308e-17 1
SPEC: 4980.85 4983.75 4.35158e-16 4.15917e-17 1
SPEC: 4983.75 4986.65 5.32322e-16 4.15518e-17 1
SPEC: 4986.65 4989.55 5.47091e-16 4.15018e-17 1
SPEC: 4989.45 4992.35 5.25211e-16 4.13145e-17 1
SPEC: 4992.35 4995.25 5.34548e-16 4.18880e-17 1
SPEC: 4995.25 4998.15 4.89734e-16 4.11784e-17 1
SPEC: 4998.05 5000.95 5.00762e-16 4.10616e-17 1
SPEC: 5000.95 5003.85 4.97158e-16 4.08510e-17 1
SPEC: 5003.85 5006.75 4.90083e-16 4.06752e-17 1
SPEC: 5006.65 5009.55 5.44102e-16 4.06415e-17 1
SPEC: 5009.55 5012.45 5.17841e-16 4.04576e-17 1
SPEC: 5012.45 5015.35 5.20592e-16 4.03257e-17 1
SPEC: 5015.25 5018.15 4.70926e-16 4.02696e-17 1
SPEC: 5018.15 5021.05 5.17504e-16 4.00858e-17 1
SPEC: 5021.05 5023.95 4.80683e-16 3.99264e-17 1
SPEC: 5023.85 5026.75 3.96075e-16 3.97612e-17 1
SPEC: 5026.75 5029.65 4.33562e-16 3.96465e-17 1
SPEC: 5029.65 5032.55 3.81976e-16 3.94681e-17 1
SPEC: 5032.45 5035.35 3.76093e-16 3.93366e-17 1
SPEC: 5035.35 5038.25 4.56261e-16 3.91658e-17 1
SPEC: 5038.25 5041.15 4.01842e-16 3.88504e-17 1
SPEC: 5041.05 5043.95 4.41677e-16 3.86777e-17 1
SPEC: 5043.95 5046.85 4.03787e-16 3.85565e-17 1
SPEC: 5046.85 5049.75 3.48362e-16 3.84412e-17 1
SPEC: 5049.65 5052.55 3.47925e-16 3.83062e-17 1
SPEC: 5052.55 5055.45 3.64548e-16 3.81685e-17 1
SPEC: 5055.45 5058.35 3.39214e-16 3.79822e-17 1
SPEC: 5058.25 5061.15 3.29024e-16 3.77878e-17 1
SPEC: 5061.15 5064.05 3.49157e-16 3.76514e-17 1
SPEC: 5064.05 5066.95 2.97324e-16 3.76963e-17 1
SPEC: 5066.85 5069.75 3.80786e-16 3.73106e-17 1
SPEC: 5069.75 5072.65 3.04489e-16 3.70297e-17 1
SPEC: 5072.65 5075.55 3.08873e-16 3.67832e-17 1
SPEC: 5075.45 5078.35 2.83321e-16 3.66868e-17 1
SPEC: 5078.35 5081.25 2.89553e-16 3.64911e-17 1
SPEC: 5081.25 5084.15 3.29088e-16 3.63585e-17 1
SPEC: 5084.05 5086.95 3.60762e-16 3.61431e-17 1
SPEC: 5086.95 5089.85 3.49374e-16 3.60626e-17 1
SPEC: 5089.85 5092.75 3.76682e-16 3.58842e-17 1
SPEC: 5092.65 5095.55 3.72604e-16 3.56728e-17 1
SPEC: 5095.55 5098.45 3.51475e-16 3.54575e-17 1
SPEC: 5098.45 5101.35 4.01774e-16 3.52719e-17 1
SPEC: 5101.25 5104.15 4.03162e-16 3.52068e-17 1
SPEC: 5104.15 5107.05 4.14453e-16 3.50520e-17 1
SPEC: 5107.05 5109.95 3.57432e-16 3.48743e-17 1
SPEC: 5109.85 5112.75 3.98458e-16 3.46847e-17 1
SPEC: 5112.75 5115.65 4.11811e-16 3.46315e-17 1
SPEC: 5115.65 5118.55 4.27111e-16 3.44989e-17 1
SPEC: 5118.45 5121.35 3.99093e-16 3.43488e-17 1
SPEC: 5121.35 5124.25 3.88408e-16 3.41562e-17 1
SPEC: 5124.25 5127.15 4.15848e-16 3.40292e-17 1
SPEC: 5127.05 5129.95 4.60241e-16 3.39253e-17 1
SPEC: 5129.95 5132.85 3.88059e-16 3.38371e-17 1
SPEC: 5132.85 5135.75 4.32037e-16 3.36988e-17 1
SPEC: 5135.65 5138.55 4.03483e-16 3.35706e-17 1
SPEC: 5138.55 5141.45 4.88377e-16 3.34012e-17 1
SPEC: 5141.45 5144.35 4.41324e-16 3.33918e-17 1
SPEC: 5144.25 5147.15 4.54511e-16 3.33602e-17 1
SPEC: 5147.15 5150.05 4.77320e-16 3.32316e-17 1
SPEC: 5150.05 5152.95 4.44250e-16 3.32332e-17 1
SPEC: 5152.85 5155.75 4.37805e-16 3.30761e-17 1
SPEC: 5155.75 5158.65 4.61862e-16 3.29272e-17 1
SPEC: 5158.65 5161.55 3.99350e-16 3.29773e-17 1
SPEC: 5161.45 5164.35 4.05537e-16 3.28857e-17 1
SPEC: 5164.35 5167.25 4.58934e-16 3.27080e-17 1
SPEC: 5167.25 5170.15 4.28457e-16 3.27015e-17 1
SPEC: 5170.05 5172.95 4.20203e-16 3.26849e-17 1
SPEC: 5172.95 5175.85 4.37451e-16 3.26777e-17 1
SPEC: 5175.85 5178.75 4.51795e-16 3.26852e-17 1
SPEC: 5178.65 5181.55 4.98107e-16 3.26278e-17 1
SPEC: 5181.55 5184.45 4.42161e-16 3.24905e-17 1
SPEC: 5184.45 5187.35 4.14788e-16 3.26246e-17 1
SPEC: 5187.25 5190.15 4.63679e-16 3.27652e-17 1
SPEC: 5190.15 5193.05 4.32357e-16 3.26350e-17 1
SPEC: 5193.05 5195.95 4.57591e-16 3.30689e-17 1
SPEC: 5195.85 5198.75 4.54160e-16 3.42362e-17 1
SPEC: 5198.75 5201.65 4.39768e-16 3.42029e-17 1
SPEC: 5201.65 5204.55 5.01834e-16 3.31861e-17 1
SPEC: 5204.45 5207.35 4.37216e-16 3.27905e-17 1
SPEC: 5207.35 5210.25 5.07900e-16 3.26979e-17 1
SPEC: 5210.25 5213.15 4.78294e-16 3.27579e-17 1
SPEC: 5213.05 5215.95 4.70896e-16 3.28673e-17 1
SPEC: 5215.95 5218.85 4.62677e-16 3.29112e-17 1
SPEC: 5218.85 5221.75 4.83815e-16 3.30240e-17 1
SPEC: 5221.65 5224.55 4.51493e-16 3.30586e-17 1
SPEC: 5224.55 5227.45 4.71327e-16 3.30410e-17 1
SPEC: 5227.45 5230.35 4.67594e-16 3.29404e-17 1
SPEC: 5230.25 5233.15 5.36839e-16 3.30660e-17 1
SPEC: 5233.15 5236.05 4.84391e-16 3.31611e-17 1
SPEC: 5236.05 5238.95 4.01567e-16 3.34556e-17 1
SPEC: 5238.85 5241.75 3.76701e-16 3.35366e-17 1
SPEC: 5241.75 5244.65 4.63640e-16 3.34164e-17 1
SPEC: 5244.65 5247.55 4.73772e-16 3.34973e-17 1
SPEC: 5247.45 5250.35 4.66707e-16 3.36739e-17 1
SPEC: 5250.35 5253.25 4.31724e-16 3.37218e-17 1
SPEC: 5253.25 5256.15 4.14344e-16 3.39903e-17 1
SPEC: 5256.05 5258.95 4.56636e-16 3.40879e-17 1
SPEC: 5258.95 5261.85 4.34053e-16 3.40908e-17 1
SPEC: 5261.85 5264.75 4.18377e-16 3.40946e-17 1
SPEC: 5264.65 5267.55 4.97331e-16 3.42037e-17 1
SPEC: 5267.55 5270.45 5.31715e-16 3.43034e-17 1
SPEC: 5270.45 5273.35 4.34980e-16 3.45323e-17 1
SPEC: 5273.25 5276.15 4.65449e-16 3.47588e-17 1
SPEC: 5276.15 5279.05 4.33309e-16 3.48928e-17 1
SPEC: 5279.05 5281.95 4.52939e-16 3.49644e-17 1
SPEC: 5281.85 5284.75 4.38526e-16 3.50461e-17 1
SPEC: 5284.75 5287.65 4.55889e-16 3.52047e-17 1
SPEC: 5287.65 5290.55 4.28102e-16 3.54005e-17 1
SPEC: 5290.45 5293.35 4.50844e-16 3.55601e-17 1
SPEC: 5293.35 5296.25 4.91283e-16 3.56775e-17 1
SPEC: 5296.25 5299.15 4.91138e-16 3.59088e-17 1
SPEC: 5299.05 5301.95 4.62425e-16 3.60981e-17 1
SPEC: 5301.95 5304.85 4.45531e-16 3.63343e-17 1
SPEC: 5304.85 5307.75 4.85272e-16 3.65064e-17 1
SPEC: 5307.65 5310.55 4.95817e-16 3.65824e-17 1
SPEC: 5310.55 5313.45 4.95706e-16 3.68630e-17 1
SPEC: 5313.45 5316.35 5.15736e-16 3.69965e-17 1
SPEC: 5316.25 5319.15 5.33127e-16 3.71904e-17 1
SPEC: 5319.15 5322.05 5.21342e-16 3.73860e-17 1
SPEC: 5322.05 5324.95 5.25464e-16 3.76264e-17 1
SPEC: 5324.85 5327.75 5.02588e-16 3.76997e-17 1
SPEC: 5327.75 5330.65 4.89414e-16 3.79172e-17 1
SPEC: 5330.65 5333.55 5.06683e-16 3.81568e-17 1
SPEC: 5333.45 5336.35 5.07512e-16 3.83987e-17 1
SPEC: 5336.35 5339.25 4.83250e-16 3.85544e-17 1
SPEC: 5339.25 5342.15 5.01156e-16 3.88312e-17 1
SPEC: 5342.05 5344.95 5.10095e-16 3.89787e-17 1
SPEC: 5344.95 5347.85 4.17135e-16 3.92361e-17 1
SPEC: 5347.85 5350.75 5.20889e-16 3.94808e-17 1
SPEC: 5350.65 5353.55 4.68497e-16 3.96778e-17 1
SPEC: 5353.55 5356.45 4.70025e-16 3.98920e-17 1
SPEC: 5356.45 5359.35 4.88070e-16 4.00454e-17 1
SPEC: 5359.25 5362.15 4.43823e-16 4.02050e-17 1
SPEC: 5362.15 5365.05 4.85410e-16 4.04122e-17 1
SPEC: 5365.05 5367.95 4.44797e-16 4.06299e-17 1
SPEC: 5367.85 5370.75 3.69103e-16 4.08065e-17 1
SPEC: 5370.75 5373.65 4.01734e-16 4.10383e-17 1
SPEC: 5373.65 5376.55 4.25594e-16 4.11518e-17 1
SPEC: 5376.45 5379.35 4.59932e-16 4.13792e-17 1
SPEC: 5379.35 5382.25 4.89285e-16 4.15213e-17 1
SPEC: 5382.25 5385.15 4.48788e-16 4.16614e-17 1
SPEC: 5385.05 5387.95 3.75645e-16 4.18342e-17 1
SPEC: 5387.95 5390.85 3.75347e-16 4.18784e-17 1
SPEC: 5390.85 5393.75 4.48252e-16 4.20091e-17 1
SPEC: 5393.65 5396.55 5.37758e-16 4.22646e-17 1
SPEC: 5396.55 5399.45 4.96168e-16 4.23196e-17 1
SPEC: 5399.45 5402.35 4.02735e-16 4.24574e-17 1
SPEC: 5402.25 5405.15 4.68732e-16 4.25466e-17 1
SPEC: 5405.15 5408.05 4.24753e-16 4.26307e-17 1
SPEC: 5408.05 5410.95 4.20377e-16 4.27435e-17 1
SPEC: 5410.85 5413.75 4.74037e-16 4.28004e-17 1
SPEC: 5413.75 5416.65 4.80945e-16 4.29320e-17 1
SPEC: 5416.65 5419.55 4.77737e-16 4.30449e-17 1
SPEC: 5419.45 5422.35 4.42882e-16 4.30610e-17 1
SPEC: 5422.35 5425.25 5.31742e-16 4.30605e-17 1
SPEC: 5425.25 5428.15 3.63713e-16 4.31354e-17 1
SPEC: 5428.05 5430.95 4.72790e-16 4.31582e-17 1
SPEC: 5430.95 5433.85 4.90335e-16 4.30577e-17 1
SPEC: 5433.85 5436.75 4.58928e-16 4.31600e-17 1
SPEC: 5436.65 5439.55 4.22491e-16 4.31783e-17 1
SPEC: 5439.55 5442.45 4.52227e-16 4.31472e-17 1
SPEC: 5442.45 5445.35 4.52001e-16 4.30879e-17 1
SPEC: 5445.25 5448.15 4.31448e-16 4.30228e-17 1
SPEC: 5448.15 5451.05 3.63944e-16 4.30076e-17 1
SPEC: 5451.05 5453.95 4.06796e-16 4.29313e-17 1
SPEC: 5453.85 5456.75 3.77612e-16 4.28467e-17 1
SPEC: 5456.75 5459.65 2.90583e-16 4.27819e-17 1
SPEC: 5459.65 5462.55 3.51512e-16 4.26797e-17 1
SPEC: 5462.45 5465.35 3.55055e-16 4.25701e-17 1
SPEC: 5465.35 5468.25 3.55733e-16 4.24884e-17 1
SPEC: 5468.25 5471.15 2.86162e-16 4.23409e-17 1
SPEC: 5471.05 5473.95 3.68138e-16 4.21662e-17 1
SPEC: 5473.95 5476.85 3.10132e-16 4.21011e-17 1
SPEC: 5476.85 5479.75 2.98370e-16 4.19947e-17 1
SPEC: 5479.65 5482.55 4.16919e-16 4.18380e-17 1
SPEC: 5482.55 5485.45 4.00402e-16 4.16669e-17 1
SPEC: 5485.45 5488.35 3.64695e-16 4.14431e-17 1
SPEC: 5488.25 5491.15 3.66086e-16 4.13673e-17 1
SPEC: 5491.15 5494.05 2.98835e-16 4.11721e-17 1
SPEC: 5494.05 5496.95 3.50059e-16 4.09650e-17 1
SPEC: 5496.85 5499.75 3.31607e-16 4.08119e-17 1
SPEC: 5499.75 5502.65 3.31145e-16 4.06622e-17 1
SPEC: 5502.65 5505.55 3.62251e-16 4.04387e-17 1
SPEC: 5505.45 5508.35 2.81359e-16 4.02495e-17 1
SPEC: 5508.35 5511.25 2.99397e-16 4.00468e-17 1
SPEC: 5511.25 5514.15 3.74664e-16 3.98429e-17 1
SPEC: 5514.05 5516.95 3.18344e-16 3.96216e-17 1
SPEC: 5516.95 5519.85 3.44543e-16 3.94034e-17 1
SPEC: 5519.85 5522.75 3.42786e-16 3.92225e-17 1
SPEC: 5522.65 5525.55 3.48347e-16 3.90147e-17 1
SPEC: 5525.55 5528.45 3.15834e-16 3.87475e-17 1
SPEC: 5528.45 5531.35 3.93960e-16 3.85812e-17 1
SPEC: 5531.25 5534.15 2.56415e-16 3.83124e-17 1
SPEC: 5534.15 5537.05 3.55410e-16 3.81613e-17 1
SPEC: 5537.05 5539.95 2.76069e-16 3.79642e-17 1
SPEC: 5539.85 5542.75 4.01085e-16 3.78248e-17 1
SPEC: 5542.75 5545.65 3.57280e-16 3.76673e-17 1
SPEC: 5545.65 5548.55 3.38340e-16 3.74621e-17 1
SPEC: 5548.45 5551.35 3.87672e-16 3.71370e-17 1
SPEC: 5551.35 5554.25 3.29015e-16 3.69303e-17 1
SPEC: 5554.25 5557.15 3.38415e-16 3.67275e-17 1
SPEC: 5557.05 5559.95 3.62073e-16 3.65480e-17 1
SPEC: 5559.95 5562.85 3.83621e-16 3.64510e-17 1
SPEC: 5562.85 5565.75 3.95278e-16 3.63160e-17 1
SPEC: 5565.65 5568.55 3.39826e-16 3.64465e-17 1
SPEC: 5568.55 5571.45 3.82440e-16 3.70436e-17 1
SPEC: 5571.45 5574.35 3.38560e-16 3.93217e-17 1
SPEC: 5574.25 5577.15 3.57809e-16 4.49022e-17 1
SPEC: 5577.15 5580.05 3.41029e-16 4.48186e-17 1
SPEC: 5580.05 5582.95 3.32283e-16 4.00067e-17 1
SPEC: 5582.85 5585.75 3.61666e-16 3.56302e-17 1
SPEC: 5585.75 5588.65 3.77196e-16 3.48887e-17 1
SPEC: 5588.65 5591.55 3.44468e-16 3.47352e-17 1
SPEC: 5591.45 5594.35 3.78101e-16 3.44902e-17 1
SPEC: 5594.35 5597.25 4.23827e-16 3.43764e-17 1
SPEC: 5597.25 5600.15 3.98897e-16 3.42882e-17 1
SPEC: 5600.05 5602.95 3.70572e-16 3.41672e-17 1
SPEC: 5602.95 5605.85 3.78310e-16 3.41743e-17 1
SPEC: 5605.85 5608.75 3.32758e-16 3.40205e-17 1
SPEC: 5608.65 5611.55 3.66824e-16 3.37910e-17 1
SPEC: 5611.55 5614.45 3.47363e-16 3.37008e-17 1
SPEC: 5614.45 5617.35 4.20816e-16 3.36366e-17 1
SPEC: 5617.25 5620.15 3.55154e-16 3.35416e-17 1
SPEC: 5620.15 5623.05 3.52185e-16 3.35012e-17 1
SPEC: 5623.05 5625.95 3.37188e-16 3.34599e-17 1
SPEC: 5625.85 5628.75 3.94715e-16 3.33324e-17 1
SPEC: 5628.75 5631.65 3.35778e-16 3.32252e-17 1
SPEC: 5631.65 5634.55 2.98536e-16 3.31905e-17 1
SPEC: 5634.45 5637.35 3.00202e-16 3.31272e-17 1
SPEC: 5637.35 5640.25 3.16159e-16 3.31147e-17 1
SPEC: 5640.25 5643.15 3.28037e-16 3.30984e-17 1
SPEC: 5643.05 5645.95 3.49118e-16 3.31480e-17 1
SPEC: 5645.95 5648.85 3.42438e-16 3.31008e-17 1
SPEC: 5648.85 5651.75 2.79613e-16 3.30241e-17 1
SPEC: 5651.65 5654.55 3.36547e-16 3.29881e-17 1
SPEC: 5654.55 5657.45 3.13688e-16 3.29916e-17 1
SPEC: 5657.45 5660.35 2.98450e-16 3.29482e-17 1
SPEC: 5660.25 5663.15 3.32863e-16 3.30053e-17 1
SPEC: 5663.15 5666.05 3.40805e-16 3.30138e-17 1
SPEC: 5666.05 5668.95 3.65370e-16 3.30838e-17 1
SPEC: 5668.85 5671.75 2.96911e-16 3.31213e-17 1
SPEC: 5671.75 5674.65 2.77306e-16 3.31086e-17 1
SPEC: 5674.65 5677.55 2.88437e-16 3.31879e-17 1
SPEC: 5677.45 5680.35 2.93236e-16 3.31986e-17 1
SPEC: 5680.35 5683.25 3.24571e-16 3.32303e-17 1
SPEC: 5683.25 5686.15 3.37733e-16 3.32624e-17 1
SPEC: 5686.05 5688.95 2.77918e-16 3.33400e-17 1
SPEC: 5688.95 5691.85 2.97463e-16 3.33839e-17 1
SPEC: 5691.85 5694.75 2.66490e-16 3.34668e-17 1
SPEC: 5694.65 5697.55 3.14455e-16 3.35137e-17 1
SPEC: 5697.55 5700.45 2.73415e-16 3.35814e-17 1
SPEC: 5700.45 5703.35 2.64578e-16 3.36342e-17 1
SPEC: 5703.25 5706.15 3.46907e-16 3.36569e-17 1
SPEC: 5706.15 5709.05 3.13140e-16 3.37395e-17 1
SPEC: 5709.05 5711.95 3.18045e-16 3.37765e-17 1
SPEC: 5711.85 5714.75 3.10860e-16 3.38927e-17 1
SPEC: 5714.75 5717.65 3.04710e-16 3.39367e-17 1
SPEC: 5717.65 5720.55 3.53929e-16 3.40566e-17 1
SPEC: 5720.45 5723.35 3.27534e-16 3.40814e-17 1
SPEC: 5723.35 5726.25 3.46558e-16 3.41756e-17 1
SPEC: 5726.25 5729.15 3.57550e-16 3.42213e-17 1
SPEC: 5729.05 5731.95 3.31069e-16 3.42724e-17 1
SPEC: 5731.95 5734.85 3.72779e-16 3.43910e-17 1
SPEC: 5734.85 5737.75 3.51405e-16 3.44314e-17 1
SPEC: 5737.65 5740.55 4.30250e-16 3.44926e-17 1
SPEC: 5740.55 5743.45 4.02312e-16 3.45675e-17 1
SPEC: 5743.45 5746.35 3.80996e-16 3.46536e-17 1
SPEC: 5746.25 5749.15 3.50317e-16 3.47189e-17 1
SPEC: 5749.15 5752.05 3.84071e-16 3.47835e-17 1
SPEC: 5752.05 5754.95 3.49732e-16 3.48268e-17 1
SPEC: 5754.85 5757.75 2.80151e-16 3.48823e-17 1
SPEC: 5757.75 5760.65 4.18319e-16 3.49807e-17 1
SPEC: 5760.65 5763.55 3.98027e-16 3.50035e-17 1
SPEC: 5763.45 5766.35 4.22886e-16 3.50771e-17 1
SPEC: 5766.35 5769.25 3.53325e-16 3.51221e-17 1
SPEC: 5769.25 5772.15 3.19683e-16 3.51606e-17 1
SPEC: 5772.05 5774.95 3.57247e-16 3.52261e-17 1
SPEC: 5774.95 5777.85 4.05471e-16 3.52435e-17 1
SPEC: 5777.85 5780.75 4.01387e-16 3.53006e-17 1
SPEC: 5780.65 5783.55 3.86560e-16 3.52766e-17 1
SPEC: 5783.55 5786.45 3.90140e-16 3.53483e-17 1
SPEC: 5786.45 5789.35 3.71416e-16 3.53948e-17 1
SPEC: 5789.25 5792.15 4.01242e-16 3.54306e-17 1
SPEC: 5792.15 5795.05 3.65411e-16 3.54881e-17 1
SPEC: 5795.05 5797.95 3.79445e-16 3.54486e-17 1
SPEC: 5797.85 5800.75 4.28665e-16 3.55069e-17 1
SPEC: 5800.75 5803.65 3.64144e-16 3.54990e-17 1
SPEC: 5803.65 5806.55 4.35002e-16 3.55590e-17 1
SPEC: 5806.45 5809.35 3.67378e-16 3.55334e-17 1
SPEC: 5809.35 5812.25 3.75262e-16 3.55188e-17 1
SPEC: 5812.25 5815.15 4.31082e-16 3.55190e-17 1
SPEC: 5815.05 5817.95 4.42753e-16 3.55119e-17 1
SPEC: 5817.95 5820.85 4.15147e-16 3.54890e-17 1
SPEC: 5820.85 5823.75 4.38960e-16 3.54854e-17 1
SPEC: 5823.65 5826.55 4.73592e-16 3.54937e-17 1
SPEC: 5826.55 5829.45 3.45241e-16 3.54386e-17 1
SPEC: 5829.45 5832.35 3.93020e-16 3.53627e-17 1
SPEC: 5832.25 5835.15 4.26179e-16 3.53461e-17 1
SPEC: 5835.15 5838.05 3.89383e-16 3.53265e-17 1
SPEC: 5838.05 5840.95 3.77712e-16 3.52376e-17 1
SPEC: 5840.85 5843.75 4.09935e-16 3.51910e-17 1
SPEC: 5843.75 5846.65 4.31350e-16 3.51104e-17 1
SPEC: 5846.65 5849.55 3.72143e-16 3.50376e-17 1
SPEC: 5849.45 5852.35 4.11984e-16 3.49460e-17 1
SPEC: 5852.35 5855.25 4.01778e-16 3.49026e-17 1
SPEC: 5855.25 5858.15 4.71771e-16 3.47775e-17 1
SPEC: 5858.05 5860.95 3.34796e-16 3.47447e-17 1
SPEC: 5860.95 5863.85 3.86908e-16 3.47873e-17 1
SPEC: 5863.85 5866.75 3.49985e-16 3.49792e-17 1
SPEC: 5866.65 5869.55 3.71370e-16 3.49302e-17 1
SPEC: 5869.55 5872.45 3.68567e-16 3.46498e-17 1
SPEC: 5872.45 5875.35 4.39924e-16 3.44107e-17 1
SPEC: 5875.35 5878.25 3.77250e-16 3.42679e-17 1
SPEC: 5878.15 5881.05 4.36102e-16 3.41415e-17 1
SPEC: 5881.05 5883.95 3.86409e-16 3.41869e-17 1
SPEC: 5883.95 5886.85 3.62193e-16 3.48960e-17 1
SPEC: 5886.75 5889.65 3.51812e-16 3.64760e-17 1
SPEC: 5889.65 5892.55 4.34240e-16 3.65165e-17 1
SPEC: 5892.45 5895.35 4.02440e-16 3.60697e-17 1
SPEC: 5895.35 5898.25 3.86705e-16 3.52894e-17 1
SPEC: 5898.25 5901.15 4.26110e-16 3.42340e-17 1
SPEC: 5901.15 5904.05 4.14883e-16 3.33648e-17 1
SPEC: 5903.95 5906.85 4.11167e-16 3.31779e-17 1
SPEC: 5906.85 5909.75 4.73638e-16 3.30333e-17 1
SPEC: 5909.65 5912.55 4.15795e-16 3.29427e-17 1
SPEC: 5912.55 5915.45 4.17239e-16 3.29796e-17 1
SPEC: 5915.45 5918.35 4.21644e-16 3.28232e-17 1
SPEC: 5918.35 5921.25 4.28053e-16 3.25525e-17 1
SPEC: 5921.15 5924.05 4.47640e-16 3.24154e-17 1
SPEC: 5924.05 5926.95 4.62162e-16 3.22972e-17 1
SPEC: 5926.95 5929.85 4.10860e-16 3.21722e-17 1
SPEC: 5929.75 5932.65 4.07220e-16 3.22724e-17 1
SPEC: 5932.65 5935.55 4.02697e-16 3.21568e-17 1
SPEC: 5935.45 5938.35 4.34138e-16 3.18200e-17 1
SPEC: 5938.35 5941.25 4.10310e-16 3.15666e-17 1
SPEC: 5941.25 5944.15 3.69731e-16 3.14987e-17 1
SPEC: 5944.15 5947.05 3.75298e-16 3.14316e-17 1
SPEC: 5946.95 5949.85 3.41128e-16 3.13253e-17 1
SPEC: 5949.85 5952.75 3.77921e-16 3.13292e-17 1
SPEC: 5952.65 5955.55 3.09835e-16 3.12767e-17 1
SPEC: 5955.55 5958.45 3.60500e-16 3.10012e-17 1
SPEC: 5958.45 5961.35 3.75484e-16 3.07453e-17 1
SPEC: 5961.35 5964.25 3.95896e-16 3.06366e-17 1
SPEC: 5964.15 5967.05 4.42028e-16 3.05232e-17 1
SPEC: 5967.05 5969.95 3.51511e-16 3.05075e-17 1
SPEC: 5969.95 5972.85 3.53460e-16 3.04246e-17 1
SPEC: 5972.75 5975.65 3.24700e-16 3.04039e-17 1
SPEC: 5975.65 5978.55 3.41316e-16 3.03637e-17 1
SPEC: 5978.45 5981.35 3.54359e-16 3.01463e-17 1
SPEC: 5981.35 5984.25 3.56758e-16 2.99769e-17 1
SPEC: 5984.25 5987.15 3.60924e-16 2.98557e-17 1
SPEC: 5987.15 5990.05 3.58693e-16 2.97704e-17 1
SPEC: 5989.95 5992.85 3.23363e-16 2.96875e-17 1
SPEC: 5992.85 5995.75 3.39740e-16 2.96118e-17 1
SPEC: 5995.65 5998.55 3.76642e-16 2.95926e-17 1
SPEC: 5998.55 6001.45 3.74909e-16 2.95334e-17 1
SPEC: 6001.45 6004.35 3.70580e-16 2.94713e-17 1
SPEC: 6004.35 6007.25 3.93002e-16 2.93590e-17 1
SPEC: 6007.15 6010.05 3.99129e-16 2.92456e-17 1
SPEC: 6010.05 6012.95 3.39564e-16 2.91409e-17 1
SPEC: 6012.95 6015.85 3.99698e-16 2.90672e-17 1
SPEC: 6015.75 6018.65 3.81420e-16 2.89916e-17 1
SPEC: 6018.65 6021.55 3.50143e-16 2.89451e-17 1
SPEC: 6021.45 6024.35 3.59030e-16 2.88862e-17 1
SPEC: 6024.35 6027.25 3.58163e-16 2.88914e-17 1
SPEC: 6027.25 6030.15 3.57239e-16 2.88445e-17 1
SPEC: 6030.15 6033.05 3.38523e-16 2.88285e-17 1
SPEC: 6032.95 6035.85 3.41909e-16 2.87953e-17 1
SPEC: 6035.85 6038.75 3.32542e-16 2.87018e-17 1
SPEC: 6038.65 6041.55 3.15004e-16 2.86239e-17 1
SPEC: 6041.55 6044.45 3.39063e-16 2.85848e-17 1
SPEC: 6044.45 6047.35 3.74417e-16 2.85742e-17 1
SPEC: 6047.35 6050.25 3.75135e-16 2.85283e-17 1
SPEC: 6050.15 6053.05 3.38629e-16 2.84784e-17 1
SPEC: 6053.05 6055.95 3.80133e-16 2.84632e-17 1
SPEC: 6055.95 6058.85 4.03076e-16 2.84347e-17 1
SPEC: 6058.75 6061.65 3.49131e-16 2.83991e-17 1
SPEC: 6061.65 6064.55 3.60832e-16 2.83844e-17 1
SPEC: 6064.45 6067.35 4.22722e-16 2.84057e-17 1
SPEC: 6067.35 6070.25 3.73087e-16 2.83797e-17 1
SPEC: 6070.25 6073.15 3.57746e-16 2.83150e-17 1
SPEC: 6073.15 6076.05 3.76601e-16 2.83123e-17 1
SPEC: 6075.95 6078.85 3.88877e-16 2.82708e-17 1
SPEC: 6078.85 6081.75 3.84750e-16 2.82553e-17 1
SPEC: 6081.65 6084.55 3.83131e-16 2.82695e-17 1
SPEC: 6084.55 6087.45 3.81486e-16 2.82604e-17 1
SPEC: 6087.45 6090.35 3.40439e-16 2.82541e-17 1
SPEC: 6090.35 6093.25 4.04186e-16 2.82601e-17 1
SPEC: 6093.15 6096.05 3.30960e-16 2.82453e-17 1
SPEC: 6096.05 6098.95 3.72294e-16 2.82986e-17 1
SPEC: 6098.95 6101.85 4.17375e-16 2.82892e-17 1
SPEC: 6101.75 6104.65 3.81870e-16 2.83004e-17 1
SPEC: 6104.65 6107.55 3.58212e-16 2.83146e-17 1
SPEC: 6107.45 6110.35 3.58562e-16 2.83026e-17 1
SPEC: 6110.35 6113.25 4.12812e-16 2.83065e-17 1
SPEC: 6113.25 6116.15 3.85533e-16 2.83203e-17 1
SPEC: 6116.15 6119.05 3.18842e-16 2.83391e-17 1
SPEC: 6118.95 6121.85 3.44671e-16 2.83365e-17 1
SPEC: 6121.85 6124.75 4.01720e-16 2.83255e-17 1
SPEC: 6124.65 6127.55 3.94542e-16 2.83661e-17 1
SPEC: 6127.55 6130.45 4.05502e-16 2.83901e-17 1
SPEC: 6130.45 6133.35 3.77496e-16 2.84204e-17 1
SPEC: 6133.35 6136.25 3.44757e-16 2.84798e-17 1
SPEC: 6136.15 6139.05 3.66272e-16 2.85744e-17 1
SPEC: 6139.05 6141.95 3.17875e-16 2.86361e-17 1
SPEC: 6141.95 6144.85 3.71418e-16 2.87029e-17 1
SPEC: 6144.75 6147.65 3.55339e-16 2.86995e-17 1
SPEC: 6147.65 6150.55 3.39179e-16 2.86438e-17 1
SPEC: 6150.45 6153.35 3.86747e-16 2.86579e-17 1
SPEC: 6153.35 6156.25 4.09575e-16 2.86975e-17 1
SPEC: 6156.25 6159.15 3.88613e-16 2.87039e-17 1
SPEC: 6159.15 6162.05 4.09231e-16 2.87168e-17 1
SPEC: 6161.95 6164.85 3.98529e-16 2.87582e-17 1
SPEC: 6164.85 6167.75 3.85140e-16 2.88704e-17 1
SPEC: 6167.65 6170.55 4.01697e-16 2.90764e-17 1
SPEC: 6170.55 6173.45 3.74936e-16 2.91393e-17 1
SPEC: 6173.45 6176.35 3.45189e-16 2.91317e-17 1
SPEC: 6176.35 6179.25 3.54462e-16 2.91259e-17 1
SPEC: 6179.15 6182.05 3.85883e-16 2.91633e-17 1
SPEC: 6182.05 6184.95 3.77401e-16 2.92241e-17 1
SPEC: 6184.95 6187.85 3.65082e-16 2.92534e-17 1
SPEC: 6187.75 6190.65 3.71087e-16 2.93331e-17 1
SPEC: 6190.65 6193.55 3.19659e-16 2.94107e-17 1
SPEC: 6193.45 6196.35 3.11322e-16 2.94925e-17 1
SPEC: 6196.35 6199.25 3.58418e-16 2.95425e-17 1
SPEC: 6199.25 6202.15 3.65750e-16 2.96700e-17 1
SPEC: 6202.15 6205.05 3.99301e-16 2.97462e-17 1
SPEC: 6204.95 6207.85 3.79546e-16 2.97739e-17 1
SPEC: 6207.85 6210.75 3.48294e-16 2.98168e-17 1
SPEC: 6210.65 6213.55 3.59446e-16 2.99181e-17 1
SPEC: 6213.55 6216.45 3.69241e-16 3.00203e-17 1
SPEC: 6216.45 6219.35 3.73893e-16 3.01267e-17 1
SPEC: 6219.35 6222.25 3.84782e-16 3.02426e-17 1
SPEC: 6222.15 6225.05 3.50724e-16 3.03107e-17 1
SPEC: 6225.05 6227.95 3.66204e-16 3.03390e-17 1
SPEC: 6227.95 6230.85 4.04053e-16 3.04702e-17 1
SPEC: 6230.75 6233.65 4.13663e-16 3.08761e-17 1
SPEC: 6233.65 6236.55 3.57439e-16 3.12081e-17 1
SPEC: 6236.45 6239.35 3.73572e-16 3.12664e-17 1
SPEC: 6239.35 6242.25 3.68506e-16 3.11384e-17 1
SPEC: 6242.25 6245.15 2.78715e-16 3.10408e-17 1
SPEC: 6245.15 6248.05 3.66080e-16 3.10304e-17 1
SPEC: 6247.95 6250.85 4.14111e-16 3.10688e-17 1
SPEC: 6250.85 6253.75 3.37920e-16 3.12033e-17 1
SPEC: 6253.65 6256.55 3.50716e-16 3.15968e-17 1
SPEC: 6256.55 6259.45 3.35804e-16 3.17877e-17 1
SPEC: 6259.45 6262.35 3.68551e-16 3.18525e-17 1
SPEC: 6262.35 6265.25 3.52248e-16 3.17426e-17 1
SPEC: 6265.15 6268.05 3.34866e-16 3.17524e-17 1
SPEC: 6268.05 6270.95 3.42079e-16 3.17618e-17 1
SPEC: 6270.95 6273.85 3.26402e-16 3.18066e-17 1
SPEC: 6273.75 6276.65 3.02460e-16 3.18768e-17 1
SPEC: 6276.65 6279.55 3.36760e-16 3.19597e-17 1
SPEC: 6279.45 6282.35 3.44295e-16 3.20142e-17 1
SPEC: 6282.35 6285.25 2.83722e-16 3.22524e-17 1
SPEC: 6285.25 6288.15 2.73923e-16 3.24780e-17 1
SPEC: 6288.15 6291.05 3.42200e-16 3.25196e-17 1
SPEC: 6290.95 6293.85 3.37069e-16 3.26045e-17 1
SPEC: 6293.85 6296.75 2.55224e-16 3.39904e-17 1
SPEC: 6296.65 6299.55 2.38445e-16 3.61410e-17 1
SPEC: 6299.55 6302.45 3.26979e-16 3.63541e-17 1
SPEC: 6302.45 6305.35 3.21989e-16 3.54701e-17 1
SPEC: 6305.35 6308.25 2.42356e-16 3.33255e-17 1
SPEC: 6308.15 6311.05 2.90826e-16 3.29172e-17 1
SPEC: 6311.05 6313.95 2.90252e-16 3.26522e-17 1
SPEC: 6313.95 6316.85 3.01174e-16 3.25999e-17 1
SPEC: 6316.75 6319.65 3.01259e-16 3.27299e-17 1
SPEC: 6319.65 6322.55 2.96669e-16 3.28356e-17 1
SPEC: 6322.55 6325.45 2.66065e-16 3.28870e-17 1
SPEC: 6325.35 6328.25 2.49666e-16 3.30391e-17 1
SPEC: 6328.25 6331.15 2.34879e-16 3.31129e-17 1
SPEC: 6331.15 6334.05 2.75048e-16 3.30340e-17 1
SPEC: 6333.95 6336.85 2.10909e-16 3.28015e-17 1
SPEC: 6336.85 6339.75 2.52935e-16 3.27185e-17 1
SPEC: 6339.75 6342.65 1.98068e-16 3.27218e-17 1
SPEC: 6342.55 6345.45 1.68764e-16 3.27491e-17 1
SPEC: 6345.45 6348.35 1.74157e-16 3.28325e-17 1
SPEC: 6348.35 6351.25 2.12628e-16 3.28202e-17 1
SPEC: 6351.15 6354.05 1.29985e-16 3.28885e-17 1
SPEC: 6354.05 6356.95 1.64104e-16 3.29193e-17 1
SPEC: 6356.95 6359.85 2.63029e-16 3.32960e-17 1
SPEC: 6359.75 6362.65 2.25795e-16 3.41857e-17 1
SPEC: 6362.65 6365.55 1.12330e-16 3.43318e-17 1
SPEC: 6365.55 6368.45 1.41028e-16 3.38719e-17 1
SPEC: 6368.35 6371.25 1.76759e-16 3.26777e-17 1
SPEC: 6371.25 6374.15 1.78290e-16 3.23443e-17 1
SPEC: 6374.15 6377.05 1.68080e-16 3.23490e-17 1
SPEC: 6376.95 6379.85 1.54976e-16 3.23327e-17 1
SPEC: 6379.85 6382.75 1.49529e-16 3.22980e-17 1
SPEC: 6382.75 6385.65 1.73734e-16 3.22967e-17 1
SPEC: 6385.55 6388.45 2.18794e-16 3.21983e-17 1
SPEC: 6388.45 6391.35 1.25758e-16 3.20976e-17 1
SPEC: 6391.35 6394.25 2.14441e-16 3.19204e-17 1
SPEC: 6394.15 6397.05 1.61048e-16 3.18181e-17 1
SPEC: 6397.05 6399.95 1.41826e-16 3.17303e-17 1
SPEC: 6399.95 6402.85 1.79028e-16 3.16498e-17 1
SPEC: 6402.75 6405.65 1.66789e-16 3.15903e-17 1
SPEC: 6405.65 6408.55 1.38648e-16 3.14887e-17 1
SPEC: 6408.55 6411.45 1.85178e-16 3.14325e-17 1
SPEC: 6411.35 6414.25 1.73172e-16 3.13654e-17 1
SPEC: 6414.25 6417.15 1.85025e-16 3.13036e-17 1
SPEC: 6417.15 6420.05 1.96272e-16 3.12280e-17 1
SPEC: 6419.95 6422.85 1.38231e-16 3.11126e-17 1
SPEC: 6422.85 6425.75 1.67149e-16 3.10039e-17 1
SPEC: 6425.75 6428.65 2.03290e-16 3.08845e-17 1
SPEC: 6428.55 6431.45 2.10112e-16 3.07731e-17 1
SPEC: 6431.45 6434.35 1.91338e-16 3.06912e-17 1
SPEC: 6434.35 6437.25 1.77188e-16 3.06061e-17 1
SPEC: 6437.15 6440.05 1.91349e-16 3.05157e-17 1
SPEC: 6440.05 6442.95 2.27218e-16 3.04207e-17 1
SPEC: 6442.95 6445.85 2.11663e-16 3.03242e-17 1
SPEC: 6445.75 6448.65 2.44214e-16 3.02497e-17 1
SPEC: 6448.65 6451.55 2.49959e-16 3.01841e-17 1
SPEC: 6451.55 6454.45 2.45520e-16 3.01144e-17 1
SPEC: 6454.35 6457.25 2.10955e-16 3.00319e-17 1
SPEC: 6457.25 6460.15 2.64025e-16 2.99814e-17 1
SPEC: 6460.15 6463.05 2.15571e-16 3.00583e-17 1
SPEC: 6462.95 6465.85 2.72313e-16 3.00787e-17 1
SPEC: 6465.85 6468.75 3.17991e-16 3.00788e-17 1
SPEC: 6468.75 6471.65 2.87841e-16 2.99162e-17 1
SPEC: 6471.55 6474.45 2.55865e-16 2.97183e-17 1
SPEC: 6474.45 6477.35 2.68324e-16 2.95439e-17 1
SPEC: 6477.35 6480.25 2.57395e-16 2.93884e-17 1
SPEC: 6480.15 6483.05 2.08460e-16 2.92738e-17 1
SPEC: 6483.05 6485.95 2.76479e-16 2.91468e-17 1
SPEC: 6485.95 6488.85 3.16520e-16 2.90845e-17 1
SPEC: 6488.75 6491.65 2.62966e-16 2.90206e-17 1
SPEC: 6491.65 6494.55 2.67490e-16 2.90147e-17 1
SPEC: 6494.55 6497.45 2.80899e-16 2.92971e-17 1
SPEC: 6497.35 6500.25 3.00067e-16 2.93462e-17 1
SPEC: 6500.25 6503.15 2.93283e-16 2.92409e-17 1
SPEC: 6503.15 6506.05 3.31634e-16 2.89637e-17 1
SPEC: 6505.95 6508.85 3.33499e-16 2.87722e-17 1
SPEC: 6508.85 6511.75 3.14858e-16 2.86297e-17 1
SPEC: 6511.75 6514.65 3.56035e-16 2.85551e-17 1
SPEC: 6514.55 6517.45 3.05667e-16 2.85116e-17 1
SPEC: 6517.45 6520.35 2.77582e-16 2.85014e-17 1
SPEC: 6520.35 6523.25 3.12700e-16 2.84918e-17 1
SPEC: 6523.15 6526.05 3.12869e-16 2.84502e-17 1
SPEC: 6526.05 6528.95 3.25573e-16 2.83947e-17 1
SPEC: 6528.95 6531.85 3.50797e-16 2.85601e-17 1
SPEC: 6531.75 6534.65 3.10996e-16 2.86096e-17 1
SPEC: 6534.65 6537.55 3.07465e-16 2.84729e-17 1
SPEC: 6537.55 6540.45 3.66988e-16 2.82539e-17 1
SPEC: 6540.35 6543.25 3.14072e-16 2.82779e-17 1
SPEC: 6543.25 6546.15 3.52886e-16 2.82528e-17 1
SPEC: 6546.15 6549.05 3.72735e-16 2.82006e-17 1
SPEC: 6548.95 6551.85 3.56347e-16 2.83337e-17 1
SPEC: 6551.85 6554.75 3.21171e-16 2.84090e-17 1
SPEC: 6554.75 6557.65 3.00886e-16 2.83017e-17 1
SPEC: 6557.55 6560.45 3.04616e-16 2.80768e-17 1
SPEC: 6560.45 6563.35 3.39933e-16 2.79777e-17 1
SPEC: 6563.35 6566.25 3.67586e-16 2.79937e-17 1
SPEC: 6566.15 6569.05 3.78902e-16 2.79771e-17 1
SPEC: 6569.05 6571.95 3.26349e-16 2.79267e-17 1
SPEC: 6571.95 6574.85 3.79858e-16 2.80304e-17 1
SPEC: 6574.75 6577.65 3.65072e-16 2.80885e-17 1
SPEC: 6577.65 6580.55 3.37631e-16 2.81006e-17 1
SPEC: 6580.55 6583.45 3.60787e-16 2.78901e-17 1
SPEC: 6583.35 6586.25 3.24857e-16 2.76755e-17 1
SPEC: 6586.25 6589.15 3.09329e-16 2.76581e-17 1
SPEC: 6589.15 6592.05 3.43357e-16 2.76303e-17 1
SPEC: 6591.95 6594.85 3.26954e-16 2.76813e-17 1
SPEC: 6594.85 6597.75 3.06996e-16 2.76622e-17 1
SPEC: 6597.75 6600.65 2.99729e-16 2.76844e-17 1
SPEC: 6600.55 6603.45 3.59870e-16 2.77353e-17 1
SPEC: 6603.45 6606.35 3.26217e-16 2.76984e-17 1
SPEC: 6606.35 6609.25 3.14157e-16 2.76123e-17 1
SPEC: 6609.15 6612.05 2.76014e-16 2.74822e-17 1
SPEC: 6612.05 6614.95 3.19439e-16 2.74668e-17 1
SPEC: 6614.95 6617.85 3.03770e-16 2.74337e-17 1
SPEC: 6617.75 6620.65 2.80202e-16 2.74268e-17 1
SPEC: 6620.65 6623.55 2.89604e-16 2.74094e-17 1
SPEC: 6623.55 6626.45 3.46020e-16 2.73964e-17 1
SPEC: 6626.35 6629.25 3.11175e-16 2.74071e-17 1
SPEC: 6629.25 6632.15 3.28808e-16 2.74527e-17 1
SPEC: 6632.15 6635.05 3.21481e-16 2.73829e-17 1
SPEC: 6634.95 6637.85 2.89967e-16 2.73634e-17 1
SPEC: 6637.85 6640.75 2.96589e-16 2.73089e-17 1
SPEC: 6640.75 6643.65 3.11880e-16 2.72481e-17 1
SPEC: 6643.55 6646.45 3.38282e-16 2.72009e-17 1
SPEC: 6646.45 6649.35 3.50761e-16 2.71813e-17 1
SPEC: 6649.35 6652.25 3.33122e-16 2.71848e-17 1
SPEC: 6652.15 6655.05 3.69153e-16 2.71410e-17 1
SPEC: 6655.05 6657.95 3.75954e-16 2.71377e-17 1
SPEC: 6657.95 6660.85 3.13640e-16 2.71418e-17 1
SPEC: 6660.75 6663.65 3.19726e-16 2.71093e-17 1
SPEC: 6663.65 6666.55 3.09656e-16 2.71259e-17 1
SPEC: 6666.55 6669.45 3.31490e-16 2.70679e-17 1
SPEC: 6669.35 6672.25 3.49008e-16 2.70398e-17 1
SPEC: 6672.25 6675.15 3.06023e-16 2.69820e-17 1
SPEC: 6675.15 6678.05 2.92194e-16 2.69488e-17 1
SPEC: 6677.95 6680.85 2.74931e-16 2.69337e-17 1
SPEC: 6680.85 6683.75 3.04490e-16 2.69170e-17 1
SPEC: 6683.75 6686.65 3.29167e-16 2.69218e-17 1
SPEC: 6686.55 6689.45 3.32185e-16 2.69112e-17 1
SPEC: 6689.45 6692.35 3.67205e-16 2.68712e-17 1
SPEC: 6692.35 6695.25 3.47178e-16 2.68831e-17 1
SPEC: 6695.15 6698.05 3.02048e-16 2.68719e-17 1
SPEC: 6698.05 6700.95 3.36786e-16 2.68564e-17 1
SPEC: 6700.95 6703.85 3.54231e-16 2.68597e-17 1
SPEC: 6703.75 6706.65 2.60472e-16 2.68097e-17 1
SPEC: 6706.65 6709.55 3.04445e-16 2.68118e-17 1
SPEC: 6709.55 6712.45 3.38433e-16 2.67888e-17 1
SPEC: 6712.35 6715.25 3.49801e-16 2.67905e-17 1
SPEC: 6715.25 6718.15 3.35893e-16 2.67452e-17 1
SPEC: 6718.15 6721.05 3.07238e-16 2.67207e-17 1
SPEC: 6720.95 6723.85 3.25007e-16 2.66951e-17 1
SPEC: 6723.85 6726.75 3.09121e-16 2.67029e-17 1
SPEC: 6726.75 6729.65 2.73606e-16 2.66784e-17 1
SPEC: 6729.55 6732.45 2.46472e-16 2.66817e-17 1
SPEC: 6732.45 6735.35 3.32037e-16 2.66557e-17 1
SPEC: 6735.35 6738.25 3.13943e-16 2.66405e-17 1
SPEC: 6738.15 6741.05 3.22242e-16 2.66466e-17 1
SPEC: 6741.05 6743.95 2.66170e-16 2.66655e-17 1
SPEC: 6743.95 6746.85 3.00505e-16 2.66732e-17 1
SPEC: 6746.75 6749.65 2.95611e-16 2.66388e-17 1
SPEC: 6749.65 6752.55 3.28767e-16 2.66393e-17 1
SPEC: 6752.55 6755.45 3.13996e-16 2.66014e-17 1
SPEC: 6755.35 6758.25 3.14282e-16 2.66437e-17 1
SPEC: 6758.25 6761.15 2.81593e-16 2.66397e-17 1
SPEC: 6761.15 6764.05 3.20948e-16 2.66336e-17 1
SPEC: 6763.95 6766.85 3.06777e-16 2.66534e-17 1
SPEC: 6766.85 6769.75 2.96143e-16 2.66397e-17 1
SPEC: 6769.75 6772.65 3.12870e-16 2.66492e-17 1
SPEC: 6772.55 6775.45 2.90264e-16 2.66828e-17 1
SPEC: 6775.45 6778.35 2.87373e-16 2.66920e-17 1
SPEC: 6778.35 6781.25 3.16251e-16 2.66777e-17 1
SPEC: 6781.15 6784.05 3.19553e-16 2.67062e-17 1
SPEC: 6784.05 6786.95 3.31774e-16 2.67355e-17 1
SPEC: 6786.95 6789.85 3.09001e-16 2.67585e-17 1
SPEC: 6789.75 6792.65 2.99298e-16 2.67541e-17 1
SPEC: 6792.65 6795.55 2.83467e-16 2.67495e-17 1
SPEC: 6795.55 6798.45 2.70873e-16 2.67683e-17 1
SPEC: 6798.35 6801.25 2.81983e-16 2.68012e-17 1
SPEC: 6801.25 6804.15 2.86826e-16 2.68376e-17 1
SPEC: 6804.15 6807.05 3.34948e-16 2.68481e-17 1
SPEC: 6806.95 6809.85 2.91657e-16 2.68742e-17 1
SPEC: 6809.85 6812.75 2.99561e-16 2.68750e-17 1
SPEC: 6812.75 6815.65 3.02633e-16 2.69208e-17 1
SPEC: 6815.55 6818.45 2.79007e-16 2.69189e-17 1
SPEC: 6818.45 6821.35 3.14551e-16 2.69599e-17 1
SPEC: 6821.35 6824.25 2.83322e-16 2.71106e-17 1
SPEC: 6824.15 6827.05 3.31654e-16 2.75837e-17 1
SPEC: 6827.05 6829.95 3.38943e-16 2.79026e-17 1
SPEC: 6829.95 6832.85 3.00645e-16 2.81530e-17 1
SPEC: 6832.75 6835.65 3.02878e-16 2.78994e-17 1
SPEC: 6835.65 6838.55 3.05287e-16 2.76947e-17 1
SPEC: 6838.55 6841.45 2.92338e-16 2.74121e-17 1
SPEC: 6841.35 6844.25 3.27917e-16 2.73385e-17 1
SPEC: 6844.25 6847.15 2.82252e-16 2.72600e-17 1
SPEC: 6847.15 6850.05 3.11569e-16 2.72354e-17 1
SPEC: 6849.95 6852.85 3.05078e-16 2.72471e-17 1
SPEC: 6852.85 6855.75 2.22964e-16 2.72190e-17 1
SPEC: 6855.75 6858.65 2.43320e-16 2.73298e-17 1
SPEC: 6858.55 6861.45 2.59357e-16 2.79459e-17 1
SPEC: 6861.45 6864.35 2.86895e-16 2.83549e-17 1
SPEC: 6864.35 6867.25 3.03835e-16 2.82971e-17 1
SPEC: 6867.15 6870.05 3.16411e-16 2.77848e-17 1
SPEC: 6870.05 6872.95 2.60410e-16 2.74212e-17 1
SPEC: 6872.95 6875.85 2.45115e-16 2.73756e-17 1
SPEC: 6875.75 6878.65 2.37816e-16 2.74078e-17 1
SPEC: 6878.65 6881.55 2.48063e-16 2.74994e-17 1
SPEC: 6881.55 6884.45 2.54349e-16 2.75425e-17 1
SPEC: 6884.35 6887.25 2.61400e-16 2.76103e-17 1
SPEC: 6887.25 6890.15 2.48558e-16 2.76596e-17 1
SPEC: 6890.15 6893.05 3.39410e-16 2.76108e-17 1
SPEC: 6892.95 6895.85 3.47922e-16 2.74761e-17 1
SPEC: 6895.85 6898.75 2.39929e-16 2.76084e-17 1
SPEC: 6898.75 6901.65 2.59928e-16 2.77136e-17 1
SPEC: 6901.55 6904.45 3.06074e-16 2.76722e-17 1
SPEC: 6904.45 6907.35 2.91672e-16 2.74707e-17 1
SPEC: 6907.35 6910.25 2.66773e-16 2.76093e-17 1
SPEC: 6910.15 6913.05 2.91478e-16 2.77483e-17 1
SPEC: 6913.05 6915.95 2.52832e-16 2.77184e-17 1
SPEC: 6915.95 6918.85 2.60108e-16 2.75958e-17 1
SPEC: 6918.75 6921.65 3.07404e-16 2.79197e-17 1
SPEC: 6921.65 6924.55 2.34019e-16 2.80380e-17 1
SPEC: 6924.55 6927.45 2.69201e-16 2.79019e-17 1
SPEC: 6927.35 6930.25 3.04012e-16 2.74469e-17 1
SPEC: 6930.25 6933.15 2.78852e-16 2.73173e-17 1
SPEC: 6933.15 6936.05 3.07344e-16 2.74181e-17 1
SPEC: 6935.95 6938.85 2.91023e-16 2.76201e-17 1
SPEC: 6938.85 6941.75 2.45224e-16 2.76209e-17 1
SPEC: 6941.75 6944.65 2.51792e-16 2.75685e-17 1
SPEC: 6944.55 6947.45 2.53130e-16 2.78380e-17 1
SPEC: 6947.45 6950.35 2.94013e-16 2.79503e-17 1
SPEC: 6950.35 6953.25 2.29579e-16 2.78139e-17 1
SPEC: 6953.15 6956.05 2.69279e-16 2.73360e-17 1
SPEC: 6956.05 6958.95 2.76834e-16 2.71960e-17 1
SPEC: 6958.95 6961.85 2.67321e-16 2.71498e-17 1
SPEC: 6961.75 6964.65 2.71424e-16 2.71469e-17 1
SPEC: 6964.65 6967.55 2.65233e-16 2.72608e-17 1
SPEC: 6967.55 6970.45 2.70315e-16 2.72919e-17 1
SPEC: 6970.35 6973.25 2.75762e-16 2.72646e-17 1
SPEC: 6973.25 6976.15 2.59474e-16 2.73685e-17 1
SPEC: 6976.15 6979.05 3.05511e-16 2.74289e-17 1
SPEC: 6978.95 6981.85 2.60250e-16 2.73653e-17 1
SPEC: 6981.85 6984.75 2.13878e-16 2.70563e-17 1
SPEC: 6984.75 6987.65 2.47907e-16 2.69232e-17 1
SPEC: 6987.55 6990.45 2.61954e-16 2.68647e-17 1
SPEC: 6990.45 6993.35 2.86248e-16 2.68257e-17 1
SPEC: 6993.35 6996.25 3.00704e-16 2.68219e-17 1
SPEC: 6996.15 6999.05 2.43783e-16 2.67957e-17 1
SPEC: 6999.05 7001.95 2.49861e-16 2.68571e-17 1
SPEC: 7001.95 7004.85 2.34369e-16 2.68456e-17 1
SPEC: 7004.75 7007.65 2.38295e-16 2.68549e-17 1
SPEC: 7007.65 7010.55 2.85255e-16 2.69036e-17 1
SPEC: 7010.55 7013.45 2.84933e-16 2.68524e-17 1
SPEC: 7013.35 7016.25 2.89125e-16 2.67216e-17 1
SPEC: 7016.25 7019.15 2.09050e-16 2.65551e-17 1
SPEC: 7019.15 7022.05 2.47651e-16 2.65017e-17 1
SPEC: 7021.95 7024.85 2.94210e-16 2.65039e-17 1
SPEC: 7024.85 7027.75 2.48714e-16 2.64786e-17 1
SPEC: 7027.75 7030.65 2.93895e-16 2.64767e-17 1
SPEC: 7030.55 7033.45 2.60818e-16 2.64408e-17 1
SPEC: 7033.45 7036.35 2.27362e-16 2.64018e-17 1
SPEC: 7036.35 7039.25 2.63071e-16 2.64564e-17 1
SPEC: 7039.15 7042.05 2.67549e-16 2.64539e-17 1
SPEC: 7042.05 7044.95 2.30889e-16 2.65419e-17 1
SPEC: 7044.95 7047.85 2.48328e-16 2.66173e-17 1
SPEC: 7047.75 7050.65 2.28207e-16 2.66184e-17 1
SPEC: 7050.65 7053.55 2.76272e-16 2.65178e-17 1
SPEC: 7053.55 7056.45 2.73307e-16 2.63828e-17 1
SPEC: 7056.35 7059.25 1.92296e-16 2.63248e-17 1
SPEC: 7059.25 7062.15 2.45854e-16 2.63362e-17 1
SPEC: 7062.15 7065.05 2.59467e-16 2.63567e-17 1
SPEC: 7064.95 7067.85 2.12291e-16 2.63806e-17 1
SPEC: 7067.85 7070.75 2.08268e-16 2.63530e-17 1
SPEC: 7070.75 7073.65 2.18448e-16 2.63414e-17 1
SPEC: 7073.55 7076.45 2.35673e-16 2.63112e-17 1
SPEC: 7076.45 7079.35 2.33333e-16 2.63247e-17 1
SPEC: 7079.35 7082.25 2.31375e-16 2.63212e-17 1
SPEC: 7082.15 7085.05 2.52806e-16 2.63573e-17 1
SPEC: 7085.05 7087.95 2.54213e-16 2.63517e-17 1
SPEC: 7087.95 7090.85 2.75115e-16 2.63247e-17 1
SPEC: 7090.75 7093.65 2.31742e-16 2.62799e-17 1
SPEC: 7093.65 7096.55 2.54826e-16 2.62295e-17 1
SPEC: 7096.55 7099.45 2.82220e-16 2.62105e-17 1
SPEC: 7099.35 7102.25 2.53982e-16 2.62131e-17 1
SPEC: 7102.25 7105.15 2.75244e-16 2.62251e-17 1
SPEC: 7105.15 7108.05 2.96333e-16 2.62595e-17 1
SPEC: 7107.95 7110.85 2.52163e-16 2.62518e-17 1
SPEC: 7110.85 7113.75 2.42038e-16 2.62285e-17 1
SPEC: 7113.75 7116.65 2.67969e-16 2.62404e-17 1
SPEC: 7116.55 7119.45 2.49712e-16 2.62440e-17 1
SPEC: 7119.45 7122.35 2.12151e-16 2.62660e-17 1
SPEC: 7122.35 7125.25 2.10409e-16 2.63078e-17 1
SPEC: 7125.15 7128.05 2.27913e-16 2.63547e-17 1
SPEC: 7128.05 7130.95 2.26915e-16 2.64093e-17 1
SPEC: 7130.95 7133.85 1.98290e-16 2.63851e-17 1
SPEC: 7133.75 7136.65 2.73847e-16 2.63838e-17 1
SPEC: 7136.65 7139.55 2.38765e-16 2.64280e-17 1
SPEC: 7139.55 7142.45 2.38348e-16 2.65219e-17 1
SPEC: 7142.35 7145.25 2.06910e-16 2.65928e-17 1
SPEC: 7145.25 7148.15 2.54001e-16 2.65882e-17 1
SPEC: 7148.15 7151.05 1.97324e-16 2.65417e-17 1
SPEC: 7150.95 7153.85 2.26514e-16 2.65404e-17 1
SPEC: 7153.85 7156.75 2.31228e-16 2.65373e-17 1
SPEC: 7156.75 7159.65 2.22673e-16 2.66137e-17 1
SPEC: 7159.55 7162.45 2.09919e-16 2.66346e-17 1
SPEC: 7162.45 7165.35 1.85679e-16 2.66784e-17 1
SPEC: 7165.35 7168.25 2.13580e-16 2.66707e-17 1
SPEC: 7168.15 7171.05 1.99548e-16 2.68669e-17 1
SPEC: 7171.05 7173.95 1.88343e-16 2.67374e-17 1
SPEC: 7173.95 7176.85 2.22076e-16 2.68225e-17 1
SPEC: 7176.75 7179.65 2.09225e-16 2.68569e-17 1
SPEC: 7179.65 7182.55 1.98142e-16 2.68325e-17 1
SPEC: 7182.55 7185.45 2.38599e-16 2.68238e-17 1
SPEC: 7185.35 7188.25 2.58705e-16 2.68189e-17 1
SPEC: 7188.25 7191.15 2.44590e-16 2.68348e-17 1
SPEC: 7191.15 7194.05 2.69908e-16 2.68633e-17 1
SPEC: 7193.95 7196.85 2.19843e-16 2.69028e-17 1
SPEC: 7196.85 7199.75 2.50762e-16 2.69376e-17 1
SPEC: 7199.75 7202.65 2.37574e-16 2.69750e-17 1
SPEC: 7202.55 7205.45 2.33825e-16 2.69793e-17 1
SPEC: 7205.45 7208.35 2.42381e-16 2.69986e-17 1
SPEC: 7208.35 7211.25 2.18022e-16 2.70377e-17 1
SPEC: 7211.15 7214.05 1.85879e-16 2.70470e-17 1
SPEC: 7214.05 7216.95 2.16301e-16 2.71255e-17 1
SPEC: 7216.95 7219.85 2.25632e-16 2.71617e-17 1
SPEC: 7219.75 7222.65 2.23904e-16 2.72090e-17 1
SPEC: 7222.65 7225.55 2.09522e-16 2.72559e-17 1
SPEC: 7225.55 7228.45 1.95626e-16 2.72754e-17 1
SPEC: 7228.35 7231.25 2.30122e-16 2.73056e-17 1
SPEC: 7231.25 7234.15 1.87023e-16 2.74569e-17 1
SPEC: 7234.15 7237.05 2.02304e-16 2.82754e-17 1
SPEC: 7236.95 7239.85 2.34925e-16 2.88971e-17 1
SPEC: 7239.85 7242.75 2.01816e-16 2.93761e-17 1
SPEC: 7242.75 7245.65 2.07081e-16 2.90568e-17 1
SPEC: 7245.55 7248.45 2.54154e-16 2.85848e-17 1
SPEC: 7248.45 7251.35 2.46141e-16 2.80438e-17 1
SPEC: 7251.35 7254.25 1.68665e-16 2.79098e-17 1
SPEC: 7254.15 7257.05 2.80700e-16 2.78299e-17 1
SPEC: 7257.05 7259.95 2.01280e-16 2.75853e-17 1
SPEC: 7259.95 7262.85 1.55803e-16 2.75445e-17 1
SPEC: 7262.75 7265.65 2.03263e-16 2.75985e-17 1
SPEC: 7265.65 7268.55 2.66682e-16 2.76194e-17 1
SPEC: 7268.55 7271.45 2.42814e-16 2.79867e-17 1
SPEC: 7271.35 7274.25 2.48895e-16 2.91025e-17 1
SPEC: 7274.25 7277.15 2.32891e-16 2.92927e-17 1
SPEC: 7277.15 7280.05 1.76096e-16 2.91051e-17 1
SPEC: 7279.95 7282.85 2.30363e-16 2.84958e-17 1
SPEC: 7282.85 7285.75 2.17840e-16 2.83962e-17 1
SPEC: 7285.75 7288.65 2.00449e-16 2.81343e-17 1
SPEC: 7288.55 7291.45 2.54269e-16 2.77360e-17 1
SPEC: 7291.45 7294.35 2.32394e-16 2.78374e-17 1
SPEC: 7294.35 7297.25 1.86087e-16 2.78335e-17 1
SPEC: 7297.15 7300.05 2.27870e-16 2.79448e-17 1
SPEC: 7300.05 7302.95 2.33478e-16 2.80586e-17 1
SPEC: 7302.95 7305.85 2.38311e-16 2.80636e-17 1
SPEC: 7305.75 7308.65 2.53472e-16 2.78186e-17 1
SPEC: 7308.65 7311.55 1.66028e-16 2.78978e-17 1
SPEC: 7311.55 7314.45 1.71862e-16 2.87706e-17 1
SPEC: 7314.35 7317.25 2.33933e-16 2.88977e-17 1
SPEC: 7317.25 7320.15 2.35738e-16 2.85483e-17 1
SPEC: 7320.15 7323.05 2.03580e-16 2.76501e-17 1
SPEC: 7322.95 7325.85 2.04144e-16 2.79433e-17 1
SPEC: 7325.85 7328.75 1.97008e-16 2.82157e-17 1
SPEC: 7328.75 7331.65 1.90358e-16 2.81991e-17 1
SPEC: 7331.65 7334.55 2.30010e-16 2.77687e-17 1
SPEC: 7334.45 7337.35 2.68651e-16 2.83868e-17 1
SPEC: 7337.35 7340.25 1.87123e-16 2.90253e-17 1
SPEC: 7340.15 7343.05 2.34535e-16 2.90277e-17 1
SPEC: 7343.05 7345.95 2.40259e-16 2.82009e-17 1
SPEC: 7345.95 7348.85 2.43969e-16 2.75741e-17 1
SPEC: 7348.75 7351.65 2.13835e-16 2.75348e-17 1
SPEC: 7351.65 7354.55 2.13606e-16 2.77412e-17 1
SPEC: 7354.55 7357.45 2.12254e-16 2.80729e-17 1
SPEC: 7357.45 7360.35 1.77807e-16 2.80937e-17 1
SPEC: 7360.25 7363.15 2.12052e-16 2.78397e-17 1
SPEC: 7363.15 7366.05 2.51993e-16 2.82764e-17 1
SPEC: 7365.95 7368.85 2.28946e-16 2.87503e-17 1
SPEC: 7368.85 7371.75 2.50602e-16 2.87307e-17 1
SPEC: 7371.75 7374.65 2.24101e-16 2.79273e-17 1
SPEC: 7374.65 7377.55 2.13710e-16 2.74561e-17 1
SPEC: 7377.45 7380.35 2.79012e-16 2.73958e-17 1
SPEC: 7380.35 7383.25 2.61791e-16 2.73704e-17 1
SPEC: 7383.15 7386.05 2.08277e-16 2.73781e-17 1
SPEC: 7386.05 7388.95 2.19902e-16 2.76881e-17 1
SPEC: 7388.95 7391.85 1.90664e-16 2.78538e-17 1
SPEC: 7391.75 7394.65 2.37935e-16 2.78175e-17 1
SPEC: 7394.65 7397.55 2.60077e-16 2.77976e-17 1
SPEC: 7397.55 7400.45 1.95175e-16 2.81931e-17 1
SPEC: 7400.45 7403.35 2.41452e-16 2.82490e-17 1
SPEC: 7403.25 7406.15 2.19514e-16 2.78698e-17 1
SPEC: 7406.15 7409.05 2.26599e-16 2.73497e-17 1
SPEC: 7408.95 7411.85 2.07004e-16 2.73282e-17 1
SPEC: 7411.85 7414.75 2.41676e-16 2.73324e-17 1
SPEC: 7414.75 7417.65 2.26078e-16 2.73925e-17 1
SPEC: 7417.65 7420.55 2.72969e-16 2.73137e-17 1
SPEC: 7420.45 7423.35 2.07253e-16 2.72982e-17 1
SPEC: 7423.35 7426.25 1.98934e-16 2.74705e-17 1
SPEC: 7426.15 7429.05 2.67369e-16 2.76025e-17 1
SPEC: 7429.05 7431.95 2.30918e-16 2.75997e-17 1
SPEC: 7431.95 7434.85 2.36359e-16 2.76990e-17 1
SPEC: 7434.75 7437.65 2.62588e-16 2.78777e-17 1
SPEC: 7437.65 7440.55 2.13482e-16 2.78694e-17 1
SPEC: 7440.55 7443.45 1.71798e-16 2.75407e-17 1
SPEC: 7443.45 7446.35 2.14906e-16 2.73291e-17 1
SPEC: 7446.25 7449.15 2.38026e-16 2.73311e-17 1
SPEC: 7449.15 7452.05 2.18363e-16 2.73528e-17 1
SPEC: 7451.95 7454.85 1.90721e-16 2.73653e-17 1
SPEC: 7454.85 7457.75 2.35463e-16 2.74152e-17 1
SPEC: 7457.75 7460.65 2.14720e-16 2.75280e-17 1
SPEC: 7460.65 7463.55 2.19336e-16 2.76683e-17 1
SPEC: 7463.45 7466.35 2.65875e-16 2.77702e-17 1
SPEC: 7466.35 7469.25 2.10958e-16 2.79502e-17 1
SPEC: 7469.15 7472.05 1.82496e-16 2.80661e-17 1
SPEC: 7472.05 7474.95 2.22467e-16 2.80964e-17 1
SPEC: 7474.95 7477.85 2.27186e-16 2.81424e-17 1
SPEC: 7477.75 7480.65 2.40415e-16 2.82562e-17 1
SPEC: 7480.65 7483.55 1.67476e-16 2.82365e-17 1
SPEC: 7483.55 7486.45 1.88078e-16 2.80384e-17 1
SPEC: 7486.45 7489.35 2.13874e-16 2.78201e-17 1
SPEC: 7489.25 7492.15 2.00804e-16 2.78623e-17 1
SPEC: 7492.15 7495.05 2.45189e-16 2.78912e-17 1
SPEC: 7494.95 7497.85 2.12721e-16 2.78693e-17 1
SPEC: 7497.85 7500.75 2.86219e-16 2.78454e-17 1
SPEC: 7500.75 7503.65 2.08482e-16 2.78694e-17 1
SPEC: 7503.65 7506.55 2.38145e-16 2.79158e-17 1
SPEC: 7506.45 7509.35 2.27224e-16 2.79340e-17 1
SPEC: 7509.35 7512.25 1.48259e-16 2.79967e-17 1
SPEC: 7512.15 7515.05 2.23716e-16 2.81668e-17 1
SPEC: 7515.05 7517.95 2.35807e-16 2.83099e-17 1
SPEC: 7517.95 7520.85 2.50514e-16 2.90226e-17 1
SPEC: 7520.75 7523.65 2.04817e-16 2.92987e-17 1
SPEC: 7523.65 7526.55 2.21670e-16 2.93406e-17 1
SPEC: 7526.55 7529.45 2.43630e-16 2.89351e-17 1
SPEC: 7529.45 7532.35 2.18372e-16 2.87477e-17 1
SPEC: 7532.25 7535.15 1.90193e-16 2.86302e-17 1
SPEC: 7535.15 7538.05 2.37723e-16 2.86154e-17 1
SPEC: 7537.95 7540.85 2.21275e-16 2.86750e-17 1
SPEC: 7540.85 7543.75 2.03656e-16 2.87156e-17 1
SPEC: 7543.75 7546.65 2.12664e-16 2.86997e-17 1
SPEC: 7546.65 7549.55 1.88520e-16 2.87634e-17 1
SPEC: 7549.45 7552.35 2.35067e-16 2.88665e-17 1
SPEC: 7552.35 7555.25 2.96216e-16 2.91227e-17 0
SPEC: 7555.15 7558.05 2.02151e-16 2.92362e-17 0
SPEC: 7558.05 7560.95 2.05570e-16 2.92089e-17 0
SPEC: 7560.95 7563.85 1.84421e-16 2.91785e-17 0
SPEC: 7563.75 7566.65 2.24429e-16 2.94247e-17 0
SPEC: 7566.65 7569.55 2.15714e-16 2.99905e-17 0
SPEC: 7569.55 7572.45 2.20710e-16 3.01483e-17 0
SPEC: 7572.45 7575.35 2.25674e-16 3.00222e-17 0
SPEC: 7575.25 7578.15 1.84872e-16 2.95903e-17 0
SPEC: 7578.15 7581.05 1.86918e-16 2.95955e-17 0
SPEC: 7580.95 7583.85 1.95279e-16 2.98661e-17 0
SPEC: 7583.85 7586.75 1.93059e-16 2.99919e-17 0
SPEC: 7586.75 7589.65 2.25595e-16 2.99811e-17 0
SPEC: 7589.65 7592.55 2.10864e-16 2.98618e-17 0
SPEC: 7592.45 7595.35 1.75679e-16 3.01826e-17 0
SPEC: 7595.35 7598.25 1.91370e-16 3.03527e-17 0
SPEC: 7598.15 7601.05 1.99499e-16 3.03548e-17 0
SPEC: 7601.05 7603.95 1.20474e-16 3.00617e-17 0
SPEC: 7603.95 7606.85 1.52704e-16 3.00396e-17 0
SPEC: 7606.75 7609.65 2.86656e-16 3.01618e-17 0
SPEC: 7609.65 7612.55 1.38921e-16 3.02814e-17 0
SPEC: 7612.55 7615.45 2.75587e-16 3.05791e-17 0
SPEC: 7615.45 7618.35 1.87426e-16 3.07834e-17 0
SPEC: 7618.25 7621.15 1.59824e-16 3.08585e-17 0
SPEC: 7621.15 7624.05 2.01761e-16 3.09103e-17 0
SPEC: 7623.95 7626.85 2.32616e-16 3.11797e-17 0
SPEC: 7626.85 7629.75 1.51641e-16 3.12616e-17 0
SPEC: 7629.75 7632.65 1.73617e-16 3.11454e-17 0
SPEC: 7632.65 7635.55 1.68769e-16 3.09487e-17 0
SPEC: 7635.45 7638.35 1.91907e-16 3.10271e-17 0
SPEC: 7638.35 7641.25 1.86180e-16 3.11380e-17 0
SPEC: 7641.15 7644.05 2.03561e-16 3.12151e-17 0
SPEC: 7644.05 7646.95 2.34047e-16 3.12897e-17 0
SPEC: 7646.95 7649.85 2.07929e-16 3.14680e-17 0
SPEC: 7649.75 7652.65 2.16047e-16 3.16094e-17 0
SPEC: 7652.65 7655.55 2.39891e-16 3.16756e-17 0
SPEC: 7655.55 7658.45 1.76499e-16 3.18337e-17 0
SPEC: 7658.45 7661.35 2.19006e-16 3.20115e-17 0
SPEC: 7661.25 7664.15 2.35216e-16 3.21138e-17 0
SPEC: 7664.15 7667.05 1.35320e-16 3.20358e-17 0
SPEC: 7666.95 7669.85 2.26510e-16 3.19819e-17 0
SPEC: 7669.85 7672.75 2.03004e-16 3.20729e-17 0
SPEC: 7672.75 7675.65 1.76515e-16 3.21743e-17 0
SPEC: 7675.65 7678.55 1.84965e-16 3.22933e-17 0
SPEC: 7678.45 7681.35 2.03762e-16 3.24392e-17 0
SPEC: 7681.35 7684.25 2.02731e-16 3.26154e-17 0
SPEC: 7684.15 7687.05 1.89294e-16 3.27478e-17 0
SPEC: 7687.05 7689.95 1.91666e-16 3.28593e-17 0
SPEC: 7689.95 7692.85 1.96191e-16 3.29138e-17 0
SPEC: 7692.75 7695.65 1.86372e-16 3.30483e-17 0
SPEC: 7695.65 7698.55 1.83703e-16 3.31791e-17 0
SPEC: 7698.55 7701.45 1.68306e-16 3.32529e-17 0
SPEC: 7701.45 7704.35 1.45741e-16 3.31807e-17 1
SPEC: 7704.25 7707.15 2.06227e-16 3.35024e-17 1
SPEC: 7707.15 7710.05 1.91588e-16 3.46179e-17 1
SPEC: 7709.95 7712.85 2.31013e-16 3.55006e-17 1
SPEC: 7712.85 7715.75 1.90728e-16 3.59177e-17 1
SPEC: 7715.75 7718.65 2.46448e-16 3.54591e-17 1
SPEC: 7718.65 7721.55 1.81630e-16 3.48625e-17 1
SPEC: 7721.45 7724.35 2.45427e-16 3.45261e-17 1
SPEC: 7724.35 7727.25 1.75033e-16 3.46484e-17 1
SPEC: 7727.15 7730.05 2.15454e-16 3.43319e-17 1
SPEC: 7730.05 7732.95 2.26304e-16 3.42831e-17 1
SPEC: 7732.95 7735.85 1.54749e-16 3.43796e-17 1
SPEC: 7735.75 7738.65 1.66908e-16 3.44388e-17 1
SPEC: 7738.65 7741.55 1.97105e-16 3.44423e-17 1
SPEC: 7741.55 7744.45 2.16254e-16 3.47208e-17 1
SPEC: 7744.45 7747.35 2.19443e-16 3.60964e-17 1
SPEC: 7747.25 7750.15 2.51454e-16 3.67343e-17 1
SPEC: 7750.15 7753.05 2.45728e-16 3.67182e-17 1
SPEC: 7752.95 7755.85 2.35333e-16 3.59644e-17 1
SPEC: 7755.85 7758.75 2.67710e-16 3.58868e-17 1
SPEC: 7758.75 7761.65 2.76211e-16 3.59522e-17 1
SPEC: 7761.65 7764.55 1.85266e-16 3.55725e-17 1
SPEC: 7764.45 7767.35 1.65862e-16 3.53089e-17 1
SPEC: 7767.35 7770.25 1.57017e-16 3.56515e-17 1
SPEC: 7770.25 7773.15 1.90469e-16 3.58620e-17 1
SPEC: 7773.05 7775.95 1.92872e-16 3.60889e-17 1
SPEC: 7775.95 7778.85 1.69139e-16 3.62626e-17 1
SPEC: 7778.85 7781.75 1.71634e-16 3.63461e-17 1
SPEC: 7781.65 7784.55 1.23843e-16 3.62096e-17 1
SPEC: 7784.55 7787.45 1.02362e-16 3.60875e-17 1
SPEC: 7787.45 7790.35 1.43865e-16 3.70127e-17 1
SPEC: 7790.25 7793.15 1.70183e-16 3.76623e-17 1
SPEC: 7793.15 7796.05 1.54713e-16 3.76929e-17 1
SPEC: 7796.05 7798.95 1.49444e-16 3.69379e-17 1
SPEC: 7798.85 7801.75 1.25814e-16 3.63525e-17 1
SPEC: 7801.75 7804.65 1.84506e-16 3.68206e-17 1
SPEC: 7804.65 7807.55 1.39620e-16 3.72720e-17 1
SPEC: 7807.45 7810.35 2.17130e-16 3.73733e-17 1
SPEC: 7810.35 7813.25 1.20663e-16 3.70282e-17 1
SPEC: 7813.25 7816.15 1.79581e-16 3.71338e-17 1
SPEC: 7816.05 7818.95 1.66554e-16 3.83367e-17 1
SPEC: 7818.95 7821.85 1.16843e-16 3.86795e-17 1
SPEC: 7821.85 7824.75 1.81789e-16 3.84199e-17 1
SPEC: 7824.65 7827.55 1.58508e-16 3.73521e-17 1
SPEC: 7827.55 7830.45 1.49952e-16 3.70711e-17 1
SPEC: 7830.45 7833.35 2.34624e-16 3.70698e-17 1
SPEC: 7833.25 7836.15 1.93699e-16 3.72744e-17 1
SPEC: 7836.15 7839.05 1.32241e-16 3.78200e-17 1
SPEC: 7839.05 7841.95 1.30736e-16 3.79593e-17 1
SPEC: 7841.85 7844.75 1.37049e-16 3.78572e-17 1
SPEC: 7844.75 7847.65 1.61721e-16 3.78334e-17 1
SPEC: 7847.65 7850.55 2.22868e-16 3.89924e-17 1
SPEC: 7850.45 7853.35 2.32496e-16 3.94087e-17 1
SPEC: 7853.35 7856.25 1.41255e-16 3.94277e-17 1
SPEC: 7856.25 7859.15 2.31312e-16 3.87520e-17 1
SPEC: 7859.05 7861.95 1.52791e-16 3.84716e-17 1
SPEC: 7861.95 7864.85 9.75934e-17 3.83312e-17 1
SPEC: 7864.85 7867.75 1.64407e-16 3.85416e-17 1
SPEC: 7867.65 7870.55 1.75082e-16 3.87160e-17 1
SPEC: 7870.55 7873.45 2.41371e-16 3.85578e-17 1
SPEC: 7873.45 7876.35 1.78497e-16 3.83455e-17 1
SPEC: 7876.25 7879.15 1.25859e-16 3.85260e-17 1
SPEC: 7879.15 7882.05 1.81781e-16 3.85260e-17 1
SPEC: 7882.05 7884.95 1.84246e-16 3.84293e-17 1
SPEC: 7884.85 7887.75 1.60147e-16 3.88232e-17 1
SPEC: 7887.75 7890.65 2.49663e-16 3.89247e-17 1
SPEC: 7890.65 7893.55 2.81721e-16 3.86259e-17 1
SPEC: 7893.45 7896.35 1.69543e-16 3.79221e-17 1
SPEC: 7896.35 7899.25 2.03791e-16 3.77356e-17 1
SPEC: 7899.25 7902.15 2.22499e-16 3.76865e-17 1
SPEC: 7902.05 7904.95 1.79735e-16 3.76987e-17 1
SPEC: 7904.95 7907.85 1.15267e-16 3.79339e-17 1
SPEC: 7907.85 7910.75 1.31371e-16 3.92422e-17 1
SPEC: 7910.65 7913.55 1.61982e-16 3.97245e-17 1
SPEC: 7913.55 7916.45 1.72063e-16 3.97433e-17 1
SPEC: 7916.45 7919.35 2.37868e-16 3.91143e-17 1
SPEC: 7919.25 7922.15 1.75549e-16 3.87494e-17 1
SPEC: 7922.15 7925.05 2.09293e-16 3.83302e-17 1
SPEC: 7925.05 7927.95 1.15015e-16 3.81540e-17 1
SPEC: 7927.85 7930.75 2.22767e-16 3.83485e-17 1
SPEC: 7930.75 7933.65 1.81915e-16 3.82730e-17 1
SPEC: 7933.65 7936.55 1.78393e-16 3.77147e-17 1
SPEC: 7936.45 7939.35 1.19000e-16 3.73574e-17 1
SPEC: 7939.35 7942.25 1.60723e-16 3.73325e-17 1
SPEC: 7942.25 7945.15 2.24154e-16 3.75575e-17 1
SPEC: 7945.05 7947.95 1.78202e-16 3.78252e-17 1
SPEC: 7947.95 7950.85 1.83222e-16 3.77717e-17 1
SPEC: 7950.85 7953.75 2.35738e-16 3.74257e-17 1
SPEC: 7953.65 7956.55 2.75574e-16 3.70158e-17 1
SPEC: 7956.55 7959.45 2.53804e-16 3.71885e-17 1
SPEC: 7959.45 7962.35 2.06314e-16 3.82958e-17 1
SPEC: 7962.25 7965.15 1.90060e-16 3.86011e-17 1
SPEC: 7965.15 7968.05 1.51647e-16 3.83824e-17 1
SPEC: 7968.05 7970.95 2.03765e-16 3.73055e-17 1
SPEC: 7970.85 7973.75 2.22242e-16 3.70187e-17 1
SPEC: 7973.75 7976.65 1.43751e-16 3.74628e-17 1
SPEC: 7976.65 7979.55 1.46078e-16 3.76378e-17 1
SPEC: 7979.45 7982.35 2.24388e-16 3.74279e-17 1
SPEC: 7982.35 7985.25 2.20178e-16 3.67992e-17 1
SPEC: 7985.25 7988.15 2.21049e-16 3.67515e-17 1
SPEC: 7988.05 7990.95 1.94914e-16 3.79477e-17 1
SPEC: 7990.95 7993.85 1.56298e-16 3.82352e-17 1
SPEC: 7993.85 7996.75 1.65472e-16 3.79635e-17 1
SPEC: 7996.65 7999.55 1.43843e-16 3.67598e-17 1
SPEC: 7999.55 8002.45 1.79924e-16 3.63006e-17 1
SPEC: 8002.45 8005.35 1.32737e-16 3.61583e-17 1
SPEC: 8005.25 8008.15 1.38822e-16 3.60770e-17 1
SPEC: 8008.15 8011.05 2.04239e-16 3.64378e-17 1
SPEC: 8011.05 8013.95 2.17494e-16 3.66369e-17 1
SPEC: 8013.85 8016.75 1.76511e-16 3.66100e-17 1
SPEC: 8016.75 8019.65 2.07191e-16 3.62195e-17 1
SPEC: 8019.65 8022.55 2.00218e-16 3.66822e-17 1
SPEC: 8022.45 8025.35 2.13585e-16 3.72077e-17 1
SPEC: 8025.35 8028.25 2.20183e-16 3.71734e-17 1
SPEC: 8028.25 8031.15 1.41138e-16 3.64314e-17 1
SPEC: 8031.05 8033.95 1.64326e-16 3.57608e-17 1
SPEC: 8033.95 8036.85 2.16190e-16 3.55620e-17 1
SPEC: 8036.85 8039.75 1.68341e-16 3.54736e-17 1
SPEC: 8039.65 8042.55 1.74283e-16 3.53860e-17 1
SPEC: 8042.55 8045.45 2.39663e-16 3.53442e-17 1
SPEC: 8045.45 8048.35 1.75616e-16 3.54870e-17 1
SPEC: 8048.25 8051.15 2.41062e-16 3.57094e-17 1
SPEC: 8051.15 8054.05 2.27638e-16 3.56963e-17 1
SPEC: 8054.05 8056.95 2.18689e-16 3.54560e-17 1
SPEC: 8056.85 8059.75 2.33195e-16 3.57674e-17 1
SPEC: 8059.75 8062.65 2.51114e-16 3.59626e-17 1
SPEC: 8062.65 8065.55 2.32282e-16 3.58716e-17 1
SPEC: 8065.45 8068.35 2.11815e-16 3.52412e-17 1
SPEC: 8068.35 8071.25 2.07006e-16 3.49937e-17 1
SPEC: 8071.25 8074.15 1.53577e-16 3.49882e-17 1
SPEC: 8074.05 8076.95 2.04768e-16 3.50465e-17 1
SPEC: 8076.95 8079.85 2.67001e-16 3.51528e-17 1
SPEC: 8079.85 8082.75 1.70862e-16 3.49501e-17 1
SPEC: 8082.65 8085.55 2.07246e-16 3.49692e-17 1
SPEC: 8085.55 8088.45 2.56013e-16 3.49372e-17 1
SPEC: 8088.45 8091.35 2.63634e-16 3.49929e-17 1
SPEC: 8091.25 8094.15 2.38557e-16 3.50524e-17 1
SPEC: 8094.15 8097.05 1.97765e-16 3.50437e-17 1
SPEC: 8097.05 8099.95 1.71186e-16 3.51496e-17 1
SPEC: 8099.85 8102.75 1.84037e-16 3.52869e-17 1
SPEC: 8102.75 8105.65 1.92955e-16 3.52794e-17 1
SPEC: 8105.65 8108.55 2.04501e-16 3.50129e-17 1
SPEC: 8108.45 8111.35 1.96733e-16 3.48783e-17 1
SPEC: 8111.35 8114.25 1.83390e-16 3.48239e-17 1
SPEC: 8114.25 8117.15 2.45238e-16 3.48220e-17 1
SPEC: 8117.05 8119.95 1.83690e-16 3.48315e-17 1
SPEC: 8119.95 8122.85 1.82250e-16 3.48749e-17 1
SPEC: 8122.85 8125.75 1.64756e-16 3.49128e-17 1
SPEC: 8125.65 8128.55 1.98150e-16 3.49269e-17 1
SPEC: 8128.55 8131.45 2.01546e-16 3.49757e-17 1
SPEC: 8131.45 8134.35 2.26170e-16 3.50439e-17 1
SPEC: 8134.25 8137.15 2.08289e-16 3.51513e-17 1
SPEC: 8137.15 8140.05 1.16014e-16 3.52195e-17 1
SPEC: 8140.05 8142.95 1.28653e-16 3.52735e-17 1
SPEC: 8142.85 8145.75 2.22944e-16 3.53482e-17 1
SPEC: 8145.75 8148.65 2.11760e-16 3.53682e-17 1
SPEC: 8148.65 8151.55 1.79053e-16 3.53593e-17 1
SPEC: 8151.45 8154.35 1.97935e-16 3.52366e-17 1
SPEC: 8154.35 8157.25 2.13112e-16 3.52425e-17 1
SPEC: 8157.25 8160.15 1.60101e-16 3.52978e-17 1
SPEC: 8160.05 8162.95 1.67588e-16 3.53572e-17 1
SPEC: 8162.95 8165.85 2.09269e-16 3.53948e-17 1
SPEC: 8165.85 8168.75 1.43715e-16 3.54519e-17 1
SPEC: 8168.65 8171.55 1.40672e-16 3.54917e-17 1
SPEC: 8171.55 8174.45 2.18294e-16 3.55637e-17 1
SPEC: 8174.45 8177.35 1.79091e-16 3.56314e-17 1
SPEC: 8177.25 8180.15 1.93301e-16 3.57107e-17 1
SPEC: 8180.15 8183.05 2.25675e-16 3.57614e-17 1
SPEC: 8183.05 8185.95 2.00407e-16 3.58742e-17 1
SPEC: 8185.85 8188.75 1.30386e-16 3.59710e-17 1
SPEC: 8188.75 8191.65 1.40285e-16 3.60649e-17 1
SPEC: 8191.65 8194.55 1.88750e-16 3.61538e-17 1
SPEC: 8194.45 8197.35 1.63064e-16 3.62097e-17 1
SPEC: 8197.35 8200.25 1.53904e-16 3.62567e-17 1
SPEC: 8200.25 8203.15 1.82510e-16 3.62855e-17 1
SPEC: 8203.05 8205.95 1.84203e-16 3.63466e-17 1
SPEC: 8205.95 8208.85 1.89586e-16 3.64707e-17 1
SPEC: 8208.85 8211.75 2.14953e-16 3.65368e-17 1
SPEC: 8211.65 8214.55 2.26360e-16 3.66100e-17 1
SPEC: 8214.55 8217.45 1.74389e-16 3.66796e-17 1
SPEC: 8217.45 8220.35 1.96958e-16 3.67681e-17 1
SPEC: 8220.25 8223.15 1.54957e-16 3.68472e-17 1
SPEC: 8223.15 8226.05 1.39493e-16 3.69199e-17 1
SPEC: 8226.05 8228.95 2.63388e-16 3.69996e-17 1
SPEC: 8228.85 8231.75 2.59751e-16 3.70658e-17 1
SPEC: 8231.75 8234.65 1.54903e-16 3.71450e-17 1
SPEC: 8234.65 8237.55 1.87288e-16 3.72397e-17 1
SPEC: 8237.45 8240.35 1.89874e-16 3.73460e-17 1
SPEC: 8240.35 8243.25 1.92238e-16 3.74745e-17 1
SPEC: 8243.25 8246.15 1.37200e-16 3.76030e-17 1
SPEC: 8246.05 8248.95 1.39271e-16 3.76974e-17 1
SPEC: 8248.95 8251.85 1.39689e-16 3.77686e-17 1
SPEC: 8251.85 8254.75 1.76908e-16 3.77873e-17 1
SPEC: 8254.65 8257.55 1.52629e-16 3.78609e-17 1
SPEC: 8257.55 8260.45 1.62258e-16 3.79412e-17 1
SPEC: 8260.45 8263.35 1.13024e-16 3.79856e-17 1
SPEC: 8263.25 8266.15 1.39887e-16 3.80894e-17 1
SPEC: 8266.15 8269.05 2.20224e-16 3.81701e-17 1
SPEC: 8269.05 8271.95 2.42237e-16 3.82502e-17 1
SPEC: 8271.85 8274.75 2.22859e-16 3.84473e-17 1
SPEC: 8274.75 8277.65 1.25618e-16 3.91048e-17 1
SPEC: 8277.65 8280.55 2.48870e-16 3.99884e-17 1
SPEC: 8280.45 8283.35 1.66352e-16 4.03006e-17 1
SPEC: 8283.35 8286.25 1.69715e-16 4.06297e-17 1
SPEC: 8286.25 8289.15 1.94926e-16 4.07490e-17 1
SPEC: 8289.05 8291.95 2.79874e-16 4.06350e-17 1
SPEC: 8291.95 8294.85 1.92341e-16 4.03028e-17 1
SPEC: 8294.85 8297.75 1.38830e-16 4.07552e-17 1
SPEC: 8297.65 8300.55 1.69020e-16 4.11846e-17 1
SPEC: 8300.55 8303.45 1.49816e-16 4.08897e-17 1
SPEC: 8303.45 8306.35 1.76285e-16 3.98045e-17 1
SPEC: 8306.25 8309.15 1.43824e-16 3.97742e-17 1
SPEC: 8309.15 8312.05 1.37839e-16 4.00282e-17 1
SPEC: 8312.05 8314.95 1.86652e-16 4.00378e-17 1
SPEC: 8314.85 8317.75 1.95303e-16 3.96759e-17 1
SPEC: 8317.75 8320.65 1.37783e-16 3.94838e-17 1
SPEC: 8320.65 8323.55 1.54571e-16 3.95125e-17 1
SPEC: 8323.45 8326.35 1.48228e-16 3.94533e-17 1
SPEC: 8326.35 8329.25 1.36828e-16 3.94698e-17 1
SPEC: 8329.25 8332.15 1.68514e-16 3.94930e-17 1
SPEC: 8332.05 8334.95 2.18733e-16 3.95533e-17 1
SPEC: 8334.95 8337.85 1.85268e-16 3.96550e-17 1
SPEC: 8337.85 8340.75 1.10813e-16 4.01281e-17 1
SPEC: 8340.65 8343.55 6.84135e-17 4.23597e-17 1
SPEC: 8343.55 8346.45 1.69156e-16 4.31736e-17 1
SPEC: 8346.45 8349.35 1.43780e-16 4.30503e-17 1
SPEC: 8349.25 8352.15 3.80039e-17 4.19149e-17 1
SPEC: 8352.15 8355.05 3.35496e-17 4.14631e-17 1
SPEC: 8355.05 8357.95 1.31290e-16 4.12546e-17 1
SPEC: 8357.85 8360.75 1.57878e-16 4.03266e-17 1
SPEC: 8360.75 8363.65 1.18241e-16 4.03721e-17 1
SPEC: 8363.65 8366.55 1.95858e-16 4.06102e-17 1
SPEC: 8366.45 8369.35 2.57534e-16 4.04825e-17 1
SPEC: 8369.35 8372.25 2.11038e-16 4.00026e-17 1
SPEC: 8372.25 8375.15 1.90996e-16 3.97382e-17 1
SPEC: 8375.05 8377.95 1.29908e-16 3.97725e-17 1
SPEC: 8377.95 8380.85 1.47631e-16 4.04033e-17 1
SPEC: 8380.85 8383.75 1.39410e-16 4.08933e-17 1
SPEC: 8383.65 8386.55 1.89037e-16 4.08777e-17 1
SPEC: 8386.55 8389.45 1.52388e-16 4.02552e-17 1
SPEC: 8389.45 8392.35 3.63397e-17 3.97319e-17 1
SPEC: 8392.25 8395.15 8.03561e-17 3.97009e-17 1
SPEC: 8395.15 8398.05 1.32611e-16 4.14414e-17 1
SPEC: 8398.05 8400.95 8.77307e-17 4.24602e-17 1
SPEC: 8400.85 8403.75 1.17454e-16 4.22191e-17 1
SPEC: 8403.75 8406.65 1.25582e-16 4.08073e-17 1
SPEC: 8406.65 8409.55 8.66647e-17 3.95481e-17 1
SPEC: 8409.45 8412.35 1.33235e-16 3.96108e-17 1
SPEC: 8412.35 8415.25 1.78726e-16 4.04842e-17 1
SPEC: 8415.25 8418.15 1.15254e-16 4.07183e-17 1
SPEC: 8418.05 8420.95 1.21935e-16 4.05263e-17 1
SPEC: 8420.95 8423.85 2.23479e-16 3.95601e-17 1
SPEC: 8423.85 8426.75 2.01003e-16 3.94840e-17 1
SPEC: 8426.65 8429.55 1.38041e-16 4.13090e-17 1
SPEC: 8429.55 8432.45 1.61052e-16 4.21463e-17 1
SPEC: 8432.45 8435.35 1.71597e-16 4.20057e-17 1
SPEC: 8435.25 8438.15 7.53699e-17 4.02758e-17 1
SPEC: 8438.15 8441.05 1.66188e-16 3.91214e-17 1
SPEC: 8441.05 8443.95 1.78514e-16 3.89175e-17 1
SPEC: 8443.85 8446.75 1.58581e-16 3.88436e-17 1
SPEC: 8446.75 8449.65 1.88537e-16 3.89499e-17 1
SPEC: 8449.65 8452.55 1.66574e-16 3.97643e-17 1
SPEC: 8452.45 8455.35 2.00509e-16 4.00111e-17 1
SPEC: 8455.35 8458.25 2.02635e-16 3.97769e-17 1
SPEC: 8458.25 8461.15 2.37614e-16 3.89123e-17 1
SPEC: 8461.05 8463.95 7.07013e-17 3.96943e-17 1
SPEC: 8463.95 8466.85 1.30159e-16 4.08394e-17 1
SPEC: 8466.85 8469.75 1.87131e-16 4.09535e-17 1
SPEC: 8469.65 8472.55 1.59761e-16 3.99942e-17 1
SPEC: 8472.55 8475.45 1.69942e-16 3.86761e-17 1
SPEC: 8475.45 8478.35 1.81386e-16 3.84353e-17 1
SPEC: 8478.25 8481.15 1.93325e-16 3.83405e-17 1
SPEC: 8481.15 8484.05 1.79426e-16 3.82011e-17 1
SPEC: 8484.05 8486.95 1.37579e-16 3.81173e-17 1
SPEC: 8486.85 8489.75 1.66422e-16 3.80715e-17 1
SPEC: 8489.75 8492.65 1.52696e-16 3.85004e-17 1
SPEC: 8492.65 8495.55 2.07866e-16 3.89219e-17 1
SPEC: 8495.45 8498.35 2.18369e-16 3.89226e-17 1
SPEC: 8498.35 8501.25 1.81736e-16 3.84753e-17 1
SPEC: 8501.25 8504.15 1.28518e-16 3.88425e-17 1
SPEC: 8504.05 8506.95 1.05451e-16 3.94770e-17 1
SPEC: 8506.95 8509.85 1.15981e-16 3.94371e-17 1
SPEC: 8509.85 8512.75 1.08834e-16 3.86446e-17 1
SPEC: 8512.65 8515.55 1.09758e-16 3.78027e-17 1
SPEC: 8515.55 8518.45 9.42672e-17 3.76669e-17 1
SPEC: 8518.45 8521.35 1.64378e-16 3.76378e-17 1
SPEC: 8521.25 8524.15 1.22921e-16 3.75932e-17 1
SPEC: 8524.15 8527.05 9.35271e-17 3.75444e-17 1
SPEC: 8527.05 8529.95 1.59949e-16 3.74671e-17 1
SPEC: 8529.85 8532.75 1.46195e-16 3.74375e-17 1
SPEC: 8532.75 8535.65 1.11933e-16 3.73847e-17 1
SPEC: 8535.65 8538.55 1.11515e-16 3.76204e-17 1
SPEC: 8538.45 8541.35 6.91468e-17 3.77890e-17 1
SPEC: 8541.35 8544.25 1.27918e-16 3.77598e-17 1
SPEC: 8544.25 8547.15 1.01612e-16 3.76331e-17 1
SPEC: 8547.05 8549.95 1.02631e-16 3.79969e-17 1
SPEC: 8549.95 8552.85 1.59182e-16 3.81163e-17 1
SPEC: 8552.85 8555.75 1.36658e-16 3.78997e-17 1
SPEC: 8555.65 8558.55 1.17277e-16 3.73257e-17 1
SPEC: 8558.55 8561.45 1.23583e-16 3.71368e-17 1
SPEC: 8561.45 8564.35 1.28613e-16 3.70698e-17 1
SPEC: 8564.25 8567.15 1.39026e-16 3.70405e-17 1
SPEC: 8567.15 8570.05 7.60252e-17 3.70060e-17 1
SPEC: 8570.05 8572.95 1.48171e-16 3.70396e-17 1
SPEC: 8572.85 8575.75 8.72972e-17 3.70750e-17 1
SPEC: 8575.75 8578.65 9.52755e-17 3.70884e-17 1
SPEC: 8578.65 8581.55 1.16583e-16 3.70798e-17 1
SPEC: 8581.45 8584.35 1.59149e-16 3.69970e-17 1
SPEC: 8584.35 8587.25 1.31867e-16 3.70502e-17 1
SPEC: 8587.25 8590.15 5.37461e-17 3.72078e-17 1
SPEC: 8590.05 8592.95 9.83626e-17 3.72514e-17 1
SPEC: 8592.95 8595.85 6.96680e-17 3.72466e-17 1
SPEC: 8595.85 8598.75 6.76693e-17 3.73469e-17 1
SPEC: 8598.65 8601.55 1.57534e-16 3.74046e-17 1
SPEC: 8601.55 8604.45 1.67905e-16 3.72982e-17 1
SPEC: 8604.45 8607.35 1.16768e-16 3.70967e-17 1
SPEC: 8607.25 8610.15 9.50002e-17 3.71326e-17 1
SPEC: 8610.15 8613.05 9.60792e-17 3.72472e-17 1
SPEC: 8613.05 8615.95 7.39587e-17 3.75046e-17 1
SPEC: 8615.85 8618.75 7.75714e-17 3.78528e-17 1
SPEC: 8618.75 8621.65 1.28330e-16 3.82664e-17 1
SPEC: 8621.65 8624.55 6.70794e-17 3.86449e-17 1
SPEC: 8624.45 8627.35 9.64722e-17 3.90266e-17 1
SPEC: 8627.35 8630.25 1.31167e-16 3.92738e-17 1
SPEC: 8630.25 8633.15 1.44483e-16 3.94328e-17 1
SPEC: 8633.05 8635.95 1.34256e-16 3.93933e-17 1
SPEC: 8635.95 8638.85 8.94403e-17 3.92017e-17 1
SPEC: 8638.85 8641.75 1.17790e-16 3.89046e-17 1
SPEC: 8641.65 8644.55 1.22426e-16 3.84545e-17 1
SPEC: 8644.55 8647.45 2.05443e-16 3.81743e-17 1
SPEC: 8647.45 8650.35 1.71596e-16 3.83439e-17 1
SPEC: 8650.25 8653.15 6.57028e-17 3.88178e-17 1
SPEC: 8653.15 8656.05 1.42650e-16 3.93065e-17 1
SPEC: 8656.05 8658.95 1.80946e-16 3.95086e-17 1
SPEC: 8658.85 8661.75 8.38215e-17 3.96658e-17 1
SPEC: 8661.75 8664.65 7.56821e-17 3.96462e-17 1
SPEC: 8664.65 8667.55 7.75006e-17 3.96451e-17 1
SPEC: 8667.45 8670.35 2.03307e-17 3.95729e-17 1
SPEC: 8670.35 8673.25 1.11477e-16 3.94340e-17 1
SPEC: 8673.25 8676.15 8.43653e-17 3.93344e-17 1
SPEC: 8676.05 8678.95 1.36085e-16 3.90855e-17 1
SPEC: 8678.95 8681.85 1.38737e-16 3.90018e-17 1
SPEC: 8681.85 8684.75 1.19806e-16 3.87864e-17 1
SPEC: 8684.65 8687.55 1.25870e-16 3.87082e-17 1
SPEC: 8687.55 8690.45 1.40172e-16 3.85337e-17 1
SPEC: 8690.45 8693.35 1.32146e-16 3.85035e-17 1
SPEC: 8693.25 8696.15 1.51000e-16 3.84044e-17 1
SPEC: 8696.15 8699.05 1.86794e-16 3.84070e-17 1
SPEC: 8699.05 8701.95 8.34785e-17 3.84453e-17 1
SPEC: 8701.85 8704.75 9.95250e-17 3.85000e-17 1
SPEC: 8704.75 8707.65 4.55745e-17 3.85496e-17 1
SPEC: 8707.65 8710.55 9.98570e-17 3.85785e-17 1
SPEC: 8710.45 8713.35 2.00653e-16 3.85818e-17 1
SPEC: 8713.35 8716.25 1.09516e-16 3.85671e-17 1
SPEC: 8716.25 8719.15 9.38880e-17 3.85142e-17 1
SPEC: 8719.05 8721.95 1.13815e-16 3.85519e-17 1
SPEC: 8721.95 8724.85 7.25477e-17 3.86139e-17 1
SPEC: 8724.85 8727.75 8.46731e-17 3.87058e-17 1
SPEC: 8727.65 8730.55 1.68408e-16 3.87767e-17 1
SPEC: 8730.55 8733.45 1.39148e-16 3.88617e-17 1
SPEC: 8733.45 8736.35 9.94428e-17 3.88927e-17 1
SPEC: 8736.25 8739.15 1.32285e-16 3.89604e-17 1
SPEC: 8739.15 8742.05 1.01549e-16 3.90849e-17 1
SPEC: 8742.05 8744.95 1.58874e-16 3.91612e-17 1
SPEC: 8744.85 8747.75 1.34247e-16 3.92305e-17 1
SPEC: 8747.75 8750.65 1.60841e-16 3.93095e-17 1
SPEC: 8750.65 8753.55 1.16825e-16 3.93705e-17 1
SPEC: 8753.45 8756.35 1.27715e-16 3.94373e-17 1
SPEC: 8756.35 8759.25 1.19253e-16 4.00256e-17 1
SPEC: 8759.25 8762.15 1.08979e-16 4.14323e-17 1
SPEC: 8762.05 8764.95 2.08709e-16 4.22381e-17 1
SPEC: 8764.95 8767.85 1.97428e-16 4.29260e-17 1
SPEC: 8767.85 8770.75 1.69407e-16 4.30237e-17 1
SPEC: 8770.65 8773.55 9.49955e-17 4.27856e-17 1
SPEC: 8773.55 8776.45 9.51894e-17 4.21738e-17 1
SPEC: 8776.45 8779.35 1.13845e-16 4.26314e-17 1
SPEC: 8779.25 8782.15 1.52430e-16 4.32177e-17 1
SPEC: 8782.15 8785.05 1.59480e-16 4.28819e-17 1
SPEC: 8785.05 8787.95 1.34129e-16 4.13785e-17 1
SPEC: 8787.95 8790.85 1.26230e-16 4.09581e-17 1
SPEC: 8790.75 8793.65 1.57621e-16 4.15246e-17 1
SPEC: 8793.65 8796.55 2.35473e-16 4.17266e-17 1
SPEC: 8796.55 8799.45 1.84921e-16 4.13670e-17 1
SPEC: 8799.35 8802.25 1.00790e-16 4.08114e-17 1
SPEC: 8802.25 8805.15 1.55080e-16 4.06983e-17 1
SPEC: 8805.05 8807.95 2.05553e-16 4.07543e-17 1
SPEC: 8807.95 8810.85 1.65305e-16 4.08818e-17 1
SPEC: 8810.85 8813.75 1.57629e-16 4.10578e-17 1
SPEC: 8813.65 8816.55 2.39750e-16 4.11279e-17 1
SPEC: 8816.55 8819.45 2.79469e-16 4.10925e-17 1
SPEC: 8819.45 8822.35 1.72233e-16 4.11396e-17 1
SPEC: 8822.35 8825.25 1.55143e-16 4.18746e-17 1
SPEC: 8825.15 8828.05 1.35808e-16 4.46758e-17 1
SPEC: 8828.05 8830.95 9.31574e-17 4.59893e-17 1
SPEC: 8830.95 8833.85 2.12290e-16 4.60154e-17 1
SPEC: 8833.75 8836.65 2.01280e-16 4.46294e-17 1
SPEC: 8836.65 8839.55 1.40863e-16 4.42440e-17 1
SPEC: 8839.55 8842.45 1.34753e-16 4.41451e-17 1
SPEC: 8842.35 8845.25 6.06928e-17 4.31369e-17 1
SPEC: 8845.25 8848.15 1.42007e-16 4.23197e-17 1
SPEC: 8848.05 8850.95 1.76678e-16 4.26857e-17 1
SPEC: 8850.95 8853.85 1.68271e-16 4.29508e-17 1
SPEC: 8853.85 8856.75 2.32770e-16 4.29314e-17 1
SPEC: 8856.65 8859.55 1.51802e-16 4.24934e-17 1
SPEC: 8859.55 8862.45 1.59626e-16 4.23816e-17 1
SPEC: 8862.45 8865.35 2.52297e-16 4.25658e-17 1
SPEC: 8865.35 8868.25 2.03393e-16 4.35918e-17 1
SPEC: 8868.15 8871.05 1.69898e-16 4.42173e-17 1
SPEC: 8871.05 8873.95 1.63543e-16 4.42402e-17 1
SPEC: 8873.95 8876.85 1.44215e-16 4.34574e-17 1
SPEC: 8876.75 8879.65 1.77928e-16 4.29364e-17 1
SPEC: 8879.65 8882.55 9.54616e-17 4.29077e-17 1
SPEC: 8882.55 8885.45 2.04163e-16 4.44782e-17 1
SPEC: 8885.35 8888.25 2.03011e-16 4.63774e-17 1
SPEC: 8888.25 8891.15 2.50784e-16 4.68702e-17 1
SPEC: 8891.05 8893.95 2.63166e-16 4.58038e-17 1
SPEC: 8893.95 8896.85 1.92601e-16 4.41936e-17 1
SPEC: 8896.85 8899.75 1.70791e-16 4.37146e-17 1
SPEC: 8899.65 8902.55 1.87102e-16 4.44320e-17 1
SPEC: 8902.55 8905.45 2.18760e-16 4.54220e-17 1
SPEC: 8905.45 8908.35 9.38079e-17 4.57348e-17 1
SPEC: 8908.35 8911.25 2.39694e-16 4.52167e-17 1
SPEC: 8911.15 8914.05 1.46328e-16 4.44013e-17 1
SPEC: 8914.05 8916.95 2.03571e-16 4.43556e-17 1
SPEC: 8916.95 8919.85 2.81598e-16 4.66251e-17 1
SPEC: 8919.75 8922.65 1.71710e-16 4.81090e-17 1
SPEC: 8922.65 8925.55 2.43488e-16 4.83007e-17 1
SPEC: 8925.55 8928.45 1.78712e-16 4.67085e-17 1
SPEC: 8928.35 8931.25 2.56173e-16 4.53233e-17 1
SPEC: 8931.25 8934.15 1.58873e-16 4.50237e-17 1
SPEC: 8934.05 8936.95 1.95669e-16 4.49573e-17 1
SPEC: 8936.95 8939.85 2.05271e-16 4.49936e-17 1
SPEC: 8939.85 8942.75 1.86847e-16 4.58224e-17 1
SPEC: 8942.65 8945.55 2.83301e-16 4.67165e-17 1
SPEC: 8945.55 8948.45 2.43614e-16 4.69706e-17 1
SPEC: 8948.45 8951.35 2.23909e-16 4.63835e-17 1
SPEC: 8951.35 8954.25 2.40714e-16 4.56897e-17 1
SPEC: 8954.15 8957.05 2.27671e-16 4.69875e-17 1
SPEC: 8957.05 8959.95 1.04251e-16 4.87097e-17 1
SPEC: 8959.95 8962.85 1.13120e-16 4.91791e-17 1
SPEC: 8962.75 8965.65 1.91810e-16 4.81772e-17 1
SPEC: 8965.65 8968.55 1.36206e-16 4.67542e-17 1
SPEC: 8968.55 8971.45 2.54104e-16 4.63796e-17 1
SPEC: 8971.35 8974.25 1.58821e-16 4.64201e-17 1
SPEC: 8974.25 8977.15 1.38109e-16 4.64785e-17 1
SPEC: 8977.05 8979.95 2.07707e-16 4.65936e-17 1
SPEC: 8979.95 8982.85 1.45604e-16 4.67368e-17 1
SPEC: 8982.85 8985.75 1.02983e-16 4.70809e-17 1
SPEC: 8985.65 8988.55 2.19320e-16 4.79030e-17 1
SPEC: 8988.55 8991.45 2.03001e-16 4.83643e-17 1
SPEC: 8991.45 8994.35 1.37830e-16 4.83157e-17 1
SPEC: 8994.35 8997.25 1.36632e-16 4.77574e-17 1
SPEC: 8997.15 9000.05 1.45341e-16 4.85666e-17 1
SPEC: 9000.05 9002.95 1.65514e-16 4.96366e-17 1
SPEC: 9002.95 9005.85 1.53196e-16 4.99633e-17 1
SPEC: 9005.75 9008.65 1.03851e-16 4.91073e-17 1
SPEC: 9008.65 9011.55 1.67430e-16 4.82133e-17 1
SPEC: 9011.55 9014.45 2.16789e-16 4.80170e-17 1
SPEC: 9014.35 9017.25 1.83226e-16 4.80548e-17 1
SPEC: 9017.25 9020.15 1.68261e-16 4.81867e-17 1
SPEC: 9020.05 9022.95 1.78995e-16 4.83621e-17 1
SPEC: 9022.95 9025.85 1.20078e-16 4.85267e-17 1
SPEC: 9025.85 9028.75 1.59285e-16 4.87050e-17 1
SPEC: 9028.65 9031.55 2.12452e-16 4.88363e-17 1
SPEC: 9031.55 9034.45 1.32521e-16 4.90086e-17 1
SPEC: 9034.45 9037.35 1.18194e-16 4.95842e-17 1
SPEC: 9037.35 9040.25 1.02487e-16 4.99847e-17 1
SPEC: 9040.15 9043.05 1.11000e-16 5.00577e-17 1
SPEC: 9043.05 9045.95 1.42737e-16 4.99726e-17 1
SPEC: 9045.95 9048.85 1.47814e-16 5.07309e-17 1
SPEC: 9048.75 9051.65 1.02482e-16 5.11527e-17 1
SPEC: 9051.65 9054.55 5.23072e-17 5.11167e-17 1
SPEC: 9054.55 9057.45 1.09240e-16 5.05238e-17 1
SPEC: 9057.35 9060.25 1.01341e-16 5.03453e-17 1
SPEC: 9060.25 9063.15 1.61831e-16 5.04563e-17 1
SPEC: 9063.05 9065.95 2.13996e-16 5.05772e-17 1
SPEC: 9065.95 9068.85 1.51982e-16 5.07823e-17 1
SPEC: 9068.85 9071.75 1.43597e-16 5.08946e-17 1
SPEC: 9071.65 9074.55 3.02164e-17 5.09570e-17 1
SPEC: 9074.55 9077.45 1.22956e-16 5.10348e-17 1
SPEC: 9077.45 9080.35 2.93014e-17 5.11575e-17 1
SPEC: 9080.35 9083.25 1.13278e-16 5.13242e-17 1
SPEC: 9083.15 9086.05 1.88470e-16 5.14754e-17 1
SPEC: 9086.05 9088.95 1.19283e-16 5.17699e-17 1
SPEC: 9088.95 9091.85 1.32589e-16 5.22026e-17 1
SPEC: 9091.75 9094.65 7.45512e-17 5.24376e-17 1
SPEC: 9094.65 9097.55 3.44844e-17 5.24615e-17 1
SPEC: 9097.55 9100.45 1.53153e-17 5.27831e-17 1
SPEC: 9100.35 9103.25 7.20200e-17 5.31026e-17 0
SPEC: 9103.25 9106.15 6.45123e-17 5.31423e-17 0
SPEC: 9106.05 9108.95 2.46532e-17 5.28637e-17 0
SPEC: 9108.95 9111.85 9.13675e-17 5.27982e-17 0
SPEC: 9111.85 9114.75 4.81424e-17 5.29084e-17 0
SPEC: 9114.65 9117.55 -2.28643e-18 5.30021e-17 0
SPEC: 9117.55 9120.45 5.90681e-17 5.31156e-17 0
SPEC: 9120.45 9123.35 -1.05145e-17 5.32787e-17 0
SPEC: 9123.35 9126.25 -3.01783e-17 5.34421e-17 0
SPEC: 9126.15 9129.05 7.39117e-17 5.35430e-17 0
SPEC: 9129.05 9131.95 2.03614e-17 5.37282e-17 0
SPEC: 9131.95 9134.85 1.52417e-16 5.39064e-17 0
SPEC: 9134.75 9137.65 1.80124e-16 5.40519e-17 0
SPEC: 9137.65 9140.55 1.81603e-16 5.41692e-17 0
SPEC: 9140.55 9143.45 1.83027e-16 5.43142e-17 0
SPEC: 9143.35 9146.25 1.84406e-16 5.45286e-17 0
SPEC: 9146.25 9149.15 1.85734e-16 5.49240e-17 0
SPEC: 9149.05 9151.95 1.86992e-16 5.51791e-17 0
SPEC: 9151.95 9154.85 1.88136e-16 5.53550e-17 0
SPEC: 9154.85 9157.75 1.89190e-16 5.55384e-17 0
SPEC: 9157.65 9160.55 1.90208e-16 5.56893e-17 0
SPEC: 9160.55 9163.45 1.95504e-16 5.56751e-17 0
SPEC: 9163.45 9166.35 1.96296e-16 5.55311e-17 0
SPECTRUM_END:

