SURVEY: FOUNDATION
SNTYPE: 1
SNID: PS15bzz
RA: 9.4247296
DEC: 1.7628226
MWEBV: 0.017 # MW E(B-V)
FILTERS: griz
REDSHIFT_HELIO: 0.08024 +- 0.00001
REDSHIFT_CMB: 0.07909 +- 0.00001
VPEC: -105.468
VPEC_ERR: 250.000
SEARCH_PEAKMJD: 57284.50289
HOSTGAL_LOGMASS: 9.592 +- 0.053
VPEC_ERR: 250.000
PIXSIZE: 0.25  # arcsec

###########################
#==============================
NOBS: 35
NVAR: 8
VARLIST:      MJD    FLT   FIELD      FLUXCAL     FLUXCALERR       MAG    MAGERR   PSF
OBS: 57284.50289 PS1-g VOID 3873.670 120.040 18.5300 0.0340 1.87
OBS: 57288.42454 PS1-g VOID 3524.593 117.037 18.6320 0.0360 1.69
OBS: 57297.33610 PS1-g VOID 1827.349 125.256 19.3450 0.0740 2.29
OBS: 57305.33397 PS1-g VOID 762.270 94.605 20.2950 0.1340 2.60
OBS: 57308.40527 PS1-g VOID 886.574 106.279 20.1310 0.1290 2.92
OBS: 57314.42149 PS1-g VOID 395.571 86.882 21.0070 0.2370 2.63
OBS: 57324.36132 PS1-g VOID 317.388 137.510 21.2460 0.4680 1.82
OBS: 57284.50329 PS1-r VOID 3738.891 106.535 18.5680 0.0310 1.72
OBS: 57288.42494 PS1-r VOID 3802.158 100.469 18.5500 0.0290 1.47
OBS: 57297.33650 PS1-r VOID 2107.359 101.549 19.1910 0.0520 1.89
OBS: 57305.33438 PS1-r VOID 1873.031 88.716 19.3190 0.0510 2.15
OBS: 57308.40566 PS1-r VOID 1314.253 93.118 19.7030 0.0770 2.58
OBS: 57314.42188 PS1-r VOID 965.806 84.917 20.0380 0.0950 2.30
OBS: 57324.36171 PS1-r VOID 536.886 107.838 20.6750 0.2170 1.90
OBS: 57284.50365 PS1-i VOID 2477.765 95.953 19.0150 0.0420 1.68
OBS: 57288.42531 PS1-i VOID 2694.744 96.969 18.9240 0.0390 1.31
OBS: 57297.33686 PS1-i VOID 1533.491 93.297 19.5360 0.0660 1.66
OBS: 57305.33474 PS1-i VOID 1485.817 94.580 19.5700 0.0690 1.93
OBS: 57308.40603 PS1-i VOID 1661.131 105.811 19.4490 0.0690 2.20
OBS: 57314.42225 PS1-i VOID 1310.875 102.978 19.7060 0.0850 2.44
OBS: 57324.36207 PS1-i VOID 708.000 98.903 20.3750 0.1510 1.56
OBS: 57324.32426 PS1-i VOID 717.205 69.289 20.3610 0.1040 1.66
OBS: 57324.33624 PS1-i VOID 726.045 64.328 20.3480 0.0960 1.75
OBS: 57324.34822 PS1-i VOID 806.817 62.540 20.2330 0.0840 1.58
OBS: 57324.36025 PS1-i VOID 657.481 62.315 20.4550 0.1020 1.65
OBS: 57354.26294 PS1-i VOID 316.073 64.792 21.2510 0.2210 1.74
OBS: 57354.27569 PS1-i VOID 298.974 90.381 21.3110 0.3260 1.98
OBS: 57354.28857 PS1-i VOID 198.551 93.514 21.7550 0.5090 1.96
OBS: 57354.30129 PS1-i VOID 408.640 98.536 20.9720 0.2600 1.82
OBS: 57288.42568 PS1-z VOID 1726.086 106.273 19.4070 0.0670 1.35
OBS: 57297.33721 PS1-z VOID 1052.088 128.316 19.9450 0.1320 1.70
OBS: 57305.33509 PS1-z VOID 1109.994 142.267 19.8870 0.1380 1.93
OBS: 57308.40639 PS1-z VOID 1100.002 168.739 19.8970 0.1660 2.42
OBS: 57314.42261 PS1-z VOID 1248.407 152.241 19.7590 0.1320 2.31
OBS: 57324.36244 PS1-z VOID 840.211 145.938 20.1890 0.1880 1.77
END_PHOTOMETRY:

# =============================================
NSPECTRA: 1 


NVAR_SPEC: 5
VARNAMES_SPEC: LAMMIN LAMMAX  FLAM  FLAMERR SPECFLAG

SPECTRUM_ID: 1
SPECTRUM_NLAM: 1519
SPECTRUM_MJD:  57281.00
SPEC:   3603.40   3606.40 7.08025e-17 1.23181e-17 1
SPEC:   3606.40   3609.40 7.71019e-17 1.23796e-17 1
SPEC:   3609.40   3612.40 7.96964e-17 1.24404e-17 1
SPEC:   3612.40   3615.40 6.88104e-17 1.25002e-17 1
SPEC:   3615.30   3618.30 6.55508e-17 1.25587e-17 1
SPEC:   3618.30   3621.30 7.44031e-17 1.26156e-17 1
SPEC:   3621.30   3624.30 7.06043e-17 1.26706e-17 1
SPEC:   3624.30   3627.30 5.38267e-17 1.27234e-17 1
SPEC:   3627.30   3630.30 6.06372e-17 1.27735e-17 1
SPEC:   3630.30   3633.30 7.32844e-17 1.28207e-17 1
SPEC:   3633.30   3636.30 7.24341e-17 1.28645e-17 1
SPEC:   3636.30   3639.30 8.45649e-17 1.29047e-17 1
SPEC:   3639.30   3642.30 9.58874e-17 1.29409e-17 1
SPEC:   3642.30   3645.30 8.44370e-17 1.29727e-17 1
SPEC:   3645.30   3648.30 7.79445e-17 1.29999e-17 1
SPEC:   3648.30   3651.30 6.64091e-17 1.30221e-17 1
SPEC:   3651.30   3654.30 8.17443e-17 1.30391e-17 1
SPEC:   3654.30   3657.30 6.56461e-17 1.30505e-17 1
SPEC:   3657.30   3660.30 7.47330e-17 1.30562e-17 1
SPEC:   3660.30   3663.30 1.04581e-16 1.30558e-17 1
SPEC:   3663.30   3666.30 1.03224e-16 1.30493e-17 1
SPEC:   3666.20   3669.20 8.13639e-17 1.30365e-17 1
SPEC:   3669.20   3672.20 6.62746e-17 1.30173e-17 1
SPEC:   3672.20   3675.20 7.21571e-17 1.29916e-17 1
SPEC:   3675.20   3678.20 7.30426e-17 1.29594e-17 1
SPEC:   3678.20   3681.20 9.20300e-17 1.29207e-17 1
SPEC:   3681.20   3684.20 9.54006e-17 1.28756e-17 1
SPEC:   3684.20   3687.20 7.10096e-17 1.28241e-17 1
SPEC:   3687.20   3690.20 7.11433e-17 1.27665e-17 1
SPEC:   3690.20   3693.20 6.34094e-17 1.27029e-17 1
SPEC:   3693.20   3696.20 9.22134e-17 1.26336e-17 1
SPEC:   3696.20   3699.20 1.01259e-16 1.25587e-17 1
SPEC:   3699.20   3702.20 7.57316e-17 1.24787e-17 1
SPEC:   3702.20   3705.20 6.67185e-17 1.23939e-17 1
SPEC:   3705.20   3708.20 7.20998e-17 1.23045e-17 1
SPEC:   3708.20   3711.20 9.50600e-17 1.22110e-17 1
SPEC:   3711.10   3714.10 8.14600e-17 1.21138e-17 1
SPEC:   3714.10   3717.10 6.63594e-17 1.20132e-17 1
SPEC:   3717.10   3720.10 9.07230e-17 1.19097e-17 1
SPEC:   3720.10   3723.10 7.78563e-17 1.18037e-17 1
SPEC:   3723.10   3726.10 9.52274e-17 1.16956e-17 1
SPEC:   3726.10   3729.10 8.36947e-17 1.15858e-17 1
SPEC:   3729.10   3732.10 8.96443e-17 1.14747e-17 1
SPEC:   3732.10   3735.10 8.43870e-17 1.13626e-17 1
SPEC:   3735.10   3738.10 7.52584e-17 1.12499e-17 1
SPEC:   3738.10   3741.10 8.38351e-17 1.11370e-17 1
SPEC:   3741.10   3744.10 8.89596e-17 1.10241e-17 1
SPEC:   3744.10   3747.10 9.20398e-17 1.09116e-17 1
SPEC:   3747.10   3750.10 9.27645e-17 1.07996e-17 1
SPEC:   3750.10   3753.10 9.43942e-17 1.06885e-17 1
SPEC:   3753.10   3756.10 9.58831e-17 1.05785e-17 1
SPEC:   3756.00   3759.00 8.70383e-17 1.04697e-17 1
SPEC:   3759.00   3762.00 8.21304e-17 1.03623e-17 1
SPEC:   3762.00   3765.00 8.21514e-17 1.02564e-17 1
SPEC:   3765.00   3768.00 8.50786e-17 1.01522e-17 1
SPEC:   3768.00   3771.00 1.00374e-16 1.00498e-17 1
SPEC:   3771.00   3774.00 1.02784e-16 9.94924e-18 1
SPEC:   3774.00   3777.00 9.51399e-17 9.85065e-18 1
SPEC:   3777.00   3780.00 1.09204e-16 9.75410e-18 1
SPEC:   3780.00   3783.00 1.17115e-16 9.65964e-18 1
SPEC:   3783.00   3786.00 1.04828e-16 9.56733e-18 1
SPEC:   3786.00   3789.00 9.41447e-17 9.47722e-18 1
SPEC:   3789.00   3792.00 8.69746e-17 9.38937e-18 1
SPEC:   3792.00   3795.00 1.00079e-16 9.30382e-18 1
SPEC:   3794.90   3797.90 1.08698e-16 9.22063e-18 1
SPEC:   3797.90   3800.90 9.04755e-17 9.13983e-18 1
SPEC:   3800.90   3803.90 8.88012e-17 9.06148e-18 1
SPEC:   3803.90   3806.90 1.06972e-16 8.98561e-18 1
SPEC:   3806.90   3809.90 1.14248e-16 8.91227e-18 1
SPEC:   3809.90   3812.90 1.09970e-16 8.84150e-18 1
SPEC:   3812.90   3815.90 1.07476e-16 8.77334e-18 1
SPEC:   3815.90   3818.90 1.08442e-16 8.70781e-18 1
SPEC:   3818.90   3821.90 1.07720e-16 8.64493e-18 1
SPEC:   3821.90   3824.90 1.23374e-16 8.58473e-18 1
SPEC:   3824.90   3827.90 1.09223e-16 8.52720e-18 1
SPEC:   3827.90   3830.90 1.07234e-16 8.47234e-18 1
SPEC:   3830.90   3833.90 1.18501e-16 8.42012e-18 1
SPEC:   3833.90   3836.90 1.09086e-16 8.37051e-18 1
SPEC:   3836.90   3839.90 1.05501e-16 8.32347e-18 1
SPEC:   3839.80   3842.80 1.24120e-16 8.27892e-18 1
SPEC:   3842.80   3845.80 1.13982e-16 8.23678e-18 1
SPEC:   3845.80   3848.80 1.14293e-16 8.19695e-18 1
SPEC:   3848.80   3851.80 1.17261e-16 8.15931e-18 1
SPEC:   3851.80   3854.80 1.22115e-16 8.12372e-18 1
SPEC:   3854.80   3857.80 1.24589e-16 8.09004e-18 1
SPEC:   3857.80   3860.80 1.20470e-16 8.05809e-18 1
SPEC:   3860.80   3863.80 1.22546e-16 8.02771e-18 1
SPEC:   3863.80   3866.80 1.18912e-16 7.99869e-18 1
SPEC:   3866.80   3869.80 1.16501e-16 7.97084e-18 1
SPEC:   3869.80   3872.80 1.13698e-16 7.94394e-18 1
SPEC:   3872.80   3875.80 1.32325e-16 7.91779e-18 1
SPEC:   3875.80   3878.80 1.30281e-16 7.89216e-18 1
SPEC:   3878.80   3881.80 1.13383e-16 7.86684e-18 1
SPEC:   3881.80   3884.80 1.15471e-16 7.84160e-18 1
SPEC:   3884.70   3887.70 1.10151e-16 7.81625e-18 1
SPEC:   3887.70   3890.70 1.15535e-16 7.79057e-18 1
SPEC:   3890.70   3893.70 1.14663e-16 7.76437e-18 1
SPEC:   3893.70   3896.70 1.20136e-16 7.73746e-18 1
SPEC:   3896.70   3899.70 1.27831e-16 7.70969e-18 1
SPEC:   3899.70   3902.70 1.23431e-16 7.68090e-18 1
SPEC:   3902.70   3905.70 1.26550e-16 7.65094e-18 1
SPEC:   3905.70   3908.70 1.11757e-16 7.61972e-18 1
SPEC:   3908.70   3911.70 1.05942e-16 7.58713e-18 1
SPEC:   3911.70   3914.70 1.16919e-16 7.55310e-18 1
SPEC:   3914.70   3917.70 1.06931e-16 7.51757e-18 1
SPEC:   3917.70   3920.70 1.03195e-16 7.48052e-18 1
SPEC:   3920.70   3923.70 1.13839e-16 7.44194e-18 1
SPEC:   3923.70   3926.70 1.19526e-16 7.40182e-18 1
SPEC:   3926.70   3929.70 1.22883e-16 7.36022e-18 1
SPEC:   3929.70   3932.70 1.23386e-16 7.31717e-18 1
SPEC:   3932.60   3935.60 1.16410e-16 7.27274e-18 1
SPEC:   3935.60   3938.60 1.18702e-16 7.22702e-18 1
SPEC:   3938.60   3941.60 1.20451e-16 7.18010e-18 1
SPEC:   3941.60   3944.60 1.07798e-16 7.13210e-18 1
SPEC:   3944.60   3947.60 1.10105e-16 7.08314e-18 1
SPEC:   3947.60   3950.60 1.17772e-16 7.03334e-18 1
SPEC:   3950.60   3953.60 1.19946e-16 6.98286e-18 1
SPEC:   3953.60   3956.60 1.06848e-16 6.93182e-18 1
SPEC:   3956.60   3959.60 9.41134e-17 6.88037e-18 1
SPEC:   3959.60   3962.60 9.63930e-17 6.82866e-18 1
SPEC:   3962.60   3965.60 8.79589e-17 6.77684e-18 1
SPEC:   3965.60   3968.60 8.52273e-17 6.72506e-18 1
SPEC:   3968.60   3971.60 8.54524e-17 6.67344e-18 1
SPEC:   3971.60   3974.60 8.21671e-17 6.62212e-18 1
SPEC:   3974.60   3977.60 8.18462e-17 6.57124e-18 1
SPEC:   3977.50   3980.50 7.66573e-17 6.52090e-18 1
SPEC:   3980.50   3983.50 7.40592e-17 6.47122e-18 1
SPEC:   3983.50   3986.50 7.57340e-17 6.42230e-18 1
SPEC:   3986.50   3989.50 6.98351e-17 6.37423e-18 1
SPEC:   3989.50   3992.50 7.65182e-17 6.32709e-18 1
SPEC:   3992.50   3995.50 6.57473e-17 6.28095e-18 1
SPEC:   3995.50   3998.50 5.87148e-17 6.23586e-18 1
SPEC:   3998.50   4001.50 5.72159e-17 6.19188e-18 1
SPEC:   4001.50   4004.50 5.81041e-17 6.18727e-18 1
SPEC:   4004.50   4007.50 5.50045e-17 6.15725e-18 1
SPEC:   4007.50   4010.50 5.54016e-17 6.09191e-18 1
SPEC:   4010.50   4013.50 5.63524e-17 6.05433e-18 1
SPEC:   4013.50   4016.50 5.83760e-17 5.99091e-18 1
SPEC:   4016.50   4019.50 6.56816e-17 5.95715e-18 1
SPEC:   4019.40   4022.40 6.03225e-17 5.91775e-18 1
SPEC:   4022.40   4025.40 5.15753e-17 5.89210e-18 1
SPEC:   4025.40   4028.40 6.15292e-17 5.87092e-18 1
SPEC:   4028.40   4031.40 6.67798e-17 5.84316e-18 1
SPEC:   4031.40   4034.40 6.08835e-17 5.80451e-18 1
SPEC:   4034.40   4037.40 5.93631e-17 5.78004e-18 1
SPEC:   4037.40   4040.40 5.19076e-17 5.75204e-18 1
SPEC:   4040.40   4043.40 5.21965e-17 5.72174e-18 1
SPEC:   4043.40   4046.40 6.31355e-17 5.69652e-18 1
SPEC:   4046.40   4049.40 6.26694e-17 5.66512e-18 1
SPEC:   4049.40   4052.40 4.99843e-17 5.62745e-18 1
SPEC:   4052.40   4055.40 5.33030e-17 5.57081e-18 1
SPEC:   4055.40   4058.40 5.81783e-17 5.56613e-18 1
SPEC:   4058.40   4061.40 5.74940e-17 5.54270e-18 1
SPEC:   4061.40   4064.40 5.81541e-17 5.51916e-18 1
SPEC:   4064.30   4067.30 5.69894e-17 5.51896e-18 1
SPEC:   4067.30   4070.30 6.00835e-17 5.49218e-18 1
SPEC:   4070.30   4073.30 5.91560e-17 5.46111e-18 1
SPEC:   4073.30   4076.30 5.76419e-17 5.43915e-18 1
SPEC:   4076.30   4079.30 6.18992e-17 5.41026e-18 1
SPEC:   4079.30   4082.30 6.42198e-17 5.39875e-18 1
SPEC:   4082.30   4085.30 5.95183e-17 5.38012e-18 1
SPEC:   4085.30   4088.30 4.41858e-17 5.36084e-18 1
SPEC:   4088.30   4091.30 4.68734e-17 5.32681e-18 1
SPEC:   4091.30   4094.30 6.29474e-17 5.29692e-18 1
SPEC:   4094.30   4097.30 6.27717e-17 5.28123e-18 1
SPEC:   4097.30   4100.30 6.16868e-17 5.25572e-18 1
SPEC:   4100.30   4103.30 6.03540e-17 5.23170e-18 1
SPEC:   4103.30   4106.30 5.95089e-17 5.21347e-18 1
SPEC:   4106.30   4109.30 5.40071e-17 5.21208e-18 1
SPEC:   4109.30   4112.30 6.11874e-17 5.17898e-18 1
SPEC:   4112.20   4115.20 6.44390e-17 5.16654e-18 1
SPEC:   4115.20   4118.20 6.92698e-17 5.15011e-18 1
SPEC:   4118.20   4121.20 6.30715e-17 5.14828e-18 1
SPEC:   4121.20   4124.20 6.21422e-17 5.13335e-18 1
SPEC:   4124.20   4127.20 7.02189e-17 5.12313e-18 1
SPEC:   4127.20   4130.20 7.20525e-17 5.11249e-18 1
SPEC:   4130.20   4133.20 7.07608e-17 5.08670e-18 1
SPEC:   4133.20   4136.20 8.27850e-17 5.08055e-18 1
SPEC:   4136.20   4139.20 8.31895e-17 5.06157e-18 1
SPEC:   4139.20   4142.20 7.77864e-17 5.06230e-18 1
SPEC:   4142.20   4145.20 8.64007e-17 5.01186e-18 1
SPEC:   4145.20   4148.20 9.20360e-17 4.98448e-18 1
SPEC:   4148.20   4151.20 9.62659e-17 4.99902e-18 1
SPEC:   4151.20   4154.20 1.00372e-16 4.98996e-18 1
SPEC:   4154.10   4157.10 9.66624e-17 5.00896e-18 1
SPEC:   4157.10   4160.10 9.52085e-17 5.02314e-18 1
SPEC:   4160.10   4163.10 1.10504e-16 5.03304e-18 1
SPEC:   4163.10   4166.10 1.10963e-16 5.05565e-18 1
SPEC:   4166.10   4169.10 1.23786e-16 5.06375e-18 1
SPEC:   4169.10   4172.10 1.19446e-16 5.03542e-18 1
SPEC:   4172.10   4175.10 1.19305e-16 5.02555e-18 1
SPEC:   4175.10   4178.10 1.24581e-16 5.03368e-18 1
SPEC:   4178.10   4181.10 1.30773e-16 5.04273e-18 1
SPEC:   4181.10   4184.10 1.32213e-16 5.03666e-18 1
SPEC:   4184.10   4187.10 1.30975e-16 5.04831e-18 1
SPEC:   4187.10   4190.10 1.34461e-16 5.06022e-18 1
SPEC:   4190.10   4193.10 1.37123e-16 5.06682e-18 1
SPEC:   4193.10   4196.10 1.40019e-16 5.08200e-18 1
SPEC:   4196.10   4199.10 1.46214e-16 5.08925e-18 1
SPEC:   4199.10   4202.10 1.47693e-16 5.08543e-18 1
SPEC:   4202.00   4205.00 1.45271e-16 5.11106e-18 1
SPEC:   4205.00   4208.00 1.41515e-16 5.13942e-18 1
SPEC:   4208.00   4211.00 1.50273e-16 5.14333e-18 1
SPEC:   4211.00   4214.00 1.50708e-16 5.16738e-18 1
SPEC:   4214.00   4217.00 1.48835e-16 5.18408e-18 1
SPEC:   4217.00   4220.00 1.43115e-16 5.19977e-18 1
SPEC:   4220.00   4223.00 1.46928e-16 5.21419e-18 1
SPEC:   4223.00   4226.00 1.56010e-16 5.22401e-18 1
SPEC:   4226.00   4229.00 1.53924e-16 5.23960e-18 1
SPEC:   4229.00   4232.00 1.51019e-16 5.27817e-18 1
SPEC:   4232.00   4235.00 1.51570e-16 5.30945e-18 1
SPEC:   4235.00   4238.00 1.51565e-16 5.30274e-18 1
SPEC:   4238.00   4241.00 1.54943e-16 5.31402e-18 1
SPEC:   4240.90   4243.90 1.56873e-16 5.34261e-18 1
SPEC:   4243.90   4246.90 1.64083e-16 5.35539e-18 1
SPEC:   4246.90   4249.90 1.65235e-16 5.37561e-18 1
SPEC:   4249.90   4252.90 1.59164e-16 5.37960e-18 1
SPEC:   4252.90   4255.90 1.58507e-16 5.40977e-18 1
SPEC:   4255.90   4258.90 1.64275e-16 5.41786e-18 1
SPEC:   4258.90   4261.90 1.74359e-16 5.41060e-18 1
SPEC:   4261.90   4264.90 1.62418e-16 5.42548e-18 1
SPEC:   4264.90   4267.90 1.54897e-16 5.42844e-18 1
SPEC:   4267.90   4270.90 1.50762e-16 5.43541e-18 1
SPEC:   4270.90   4273.90 1.43159e-16 5.42113e-18 1
SPEC:   4273.90   4276.90 1.41526e-16 5.43281e-18 1
SPEC:   4276.90   4279.90 1.42581e-16 5.42597e-18 1
SPEC:   4279.90   4282.90 1.45653e-16 5.40859e-18 1
SPEC:   4282.90   4285.90 1.41049e-16 5.38737e-18 1
SPEC:   4285.90   4288.90 1.38940e-16 5.36985e-18 1
SPEC:   4288.90   4291.90 1.43212e-16 5.35197e-18 1
SPEC:   4291.80   4294.80 1.27825e-16 5.34140e-18 1
SPEC:   4294.80   4297.80 1.23445e-16 5.31823e-18 1
SPEC:   4297.80   4300.80 1.27430e-16 5.28672e-18 1
SPEC:   4300.80   4303.80 1.26252e-16 5.25545e-18 1
SPEC:   4303.80   4306.80 1.22364e-16 5.25191e-18 1
SPEC:   4306.80   4309.80 1.17985e-16 5.23556e-18 1
SPEC:   4309.80   4312.80 1.18205e-16 5.21863e-18 1
SPEC:   4312.80   4315.80 1.17561e-16 5.22119e-18 1
SPEC:   4315.80   4318.80 1.25916e-16 5.20855e-18 1
SPEC:   4318.80   4321.80 1.25968e-16 5.17846e-18 1
SPEC:   4321.80   4324.80 1.24299e-16 5.12302e-18 1
SPEC:   4324.80   4327.80 1.23120e-16 5.11580e-18 1
SPEC:   4327.80   4330.80 1.19164e-16 5.11982e-18 1
SPEC:   4330.70   4333.70 1.14704e-16 5.08868e-18 1
SPEC:   4333.70   4336.70 1.21923e-16 5.06013e-18 1
SPEC:   4336.70   4339.70 1.23377e-16 5.02034e-18 1
SPEC:   4339.70   4342.70 1.17458e-16 5.00303e-18 1
SPEC:   4342.70   4345.70 1.17765e-16 4.99331e-18 1
SPEC:   4345.70   4348.70 1.20945e-16 4.96407e-18 1
SPEC:   4348.70   4351.70 1.22708e-16 4.94393e-18 1
SPEC:   4351.70   4354.70 1.24074e-16 4.90758e-18 1
SPEC:   4354.70   4357.70 1.31969e-16 4.91105e-18 1
SPEC:   4357.70   4360.70 1.29939e-16 4.89784e-18 1
SPEC:   4360.70   4363.70 1.30809e-16 4.88824e-18 1
SPEC:   4363.70   4366.70 1.34153e-16 4.87099e-18 1
SPEC:   4366.70   4369.70 1.38699e-16 4.86206e-18 1
SPEC:   4369.70   4372.70 1.37609e-16 4.85653e-18 1
SPEC:   4372.70   4375.70 1.41868e-16 4.82007e-18 1
SPEC:   4375.60   4378.60 1.42142e-16 4.80097e-18 1
SPEC:   4378.60   4381.60 1.42203e-16 4.78517e-18 1
SPEC:   4381.60   4384.60 1.42328e-16 4.76316e-18 1
SPEC:   4384.60   4387.60 1.42260e-16 4.73926e-18 1
SPEC:   4387.60   4390.60 1.48362e-16 4.74635e-18 1
SPEC:   4390.60   4393.60 1.44739e-16 4.73207e-18 1
SPEC:   4393.60   4396.60 1.41169e-16 4.72775e-18 1
SPEC:   4396.60   4399.60 1.48109e-16 4.72734e-18 1
SPEC:   4399.60   4402.60 1.56405e-16 4.72615e-18 1
SPEC:   4402.60   4405.60 1.50891e-16 4.71573e-18 1
SPEC:   4405.60   4408.60 1.43290e-16 4.72432e-18 1
SPEC:   4408.60   4411.60 1.48857e-16 4.72814e-18 1
SPEC:   4411.60   4414.60 1.51567e-16 4.73032e-18 1
SPEC:   4414.60   4417.60 1.47792e-16 4.71591e-18 1
SPEC:   4417.60   4420.60 1.44037e-16 4.70298e-18 1
SPEC:   4420.60   4423.60 1.47635e-16 4.69334e-18 1
SPEC:   4423.60   4426.60 1.59062e-16 4.67980e-18 1
SPEC:   4426.50   4429.50 1.59106e-16 4.66478e-18 1
SPEC:   4429.50   4432.50 1.49506e-16 4.65158e-18 1
SPEC:   4432.50   4435.50 1.45441e-16 4.62728e-18 1
SPEC:   4435.50   4438.50 1.48135e-16 4.61155e-18 1
SPEC:   4438.50   4441.50 1.51843e-16 4.61723e-18 1
SPEC:   4441.50   4444.50 1.53469e-16 4.59549e-18 1
SPEC:   4444.50   4447.50 1.52136e-16 4.58244e-18 1
SPEC:   4447.50   4450.50 1.41101e-16 4.58391e-18 1
SPEC:   4450.50   4453.50 1.36340e-16 4.54604e-18 1
SPEC:   4453.50   4456.50 1.43679e-16 4.52553e-18 1
SPEC:   4456.50   4459.50 1.40147e-16 4.51774e-18 1
SPEC:   4459.50   4462.50 1.39297e-16 4.48780e-18 1
SPEC:   4462.50   4465.50 1.42368e-16 4.49162e-18 1
SPEC:   4465.40   4468.40 1.31194e-16 4.46260e-18 1
SPEC:   4468.40   4471.40 1.34024e-16 4.44988e-18 1
SPEC:   4471.40   4474.40 1.42238e-16 4.44439e-18 1
SPEC:   4474.40   4477.40 1.35192e-16 4.41054e-18 1
SPEC:   4477.40   4480.40 1.32963e-16 4.39983e-18 1
SPEC:   4480.40   4483.40 1.34976e-16 4.35946e-18 1
SPEC:   4483.40   4486.40 1.34142e-16 4.35073e-18 1
SPEC:   4486.40   4489.40 1.40114e-16 4.33288e-18 1
SPEC:   4489.40   4492.40 1.36273e-16 4.31708e-18 1
SPEC:   4492.40   4495.40 1.33505e-16 4.29479e-18 1
SPEC:   4495.40   4498.40 1.37766e-16 4.27285e-18 1
SPEC:   4498.40   4501.40 1.37845e-16 4.25753e-18 1
SPEC:   4501.40   4504.40 1.35449e-16 4.23302e-18 1
SPEC:   4504.40   4507.40 1.41697e-16 4.21273e-18 1
SPEC:   4507.40   4510.40 1.38570e-16 4.18757e-18 1
SPEC:   4510.40   4513.40 1.39467e-16 4.16211e-18 1
SPEC:   4513.40   4516.40 1.31824e-16 4.14012e-18 1
SPEC:   4516.30   4519.30 1.31452e-16 4.12090e-18 1
SPEC:   4519.30   4522.30 1.33173e-16 4.10329e-18 1
SPEC:   4522.30   4525.30 1.30723e-16 4.08814e-18 1
SPEC:   4525.30   4528.30 1.27280e-16 4.06077e-18 1
SPEC:   4528.30   4531.30 1.27708e-16 4.04599e-18 1
SPEC:   4531.30   4534.30 1.29878e-16 4.01754e-18 1
SPEC:   4534.30   4537.30 1.25651e-16 4.00579e-18 1
SPEC:   4537.30   4540.30 1.29454e-16 3.98860e-18 1
SPEC:   4540.30   4543.30 1.15803e-16 3.96834e-18 1
SPEC:   4543.30   4546.30 1.14316e-16 3.95663e-18 1
SPEC:   4546.30   4549.30 1.19313e-16 3.94005e-18 1
SPEC:   4549.30   4552.30 1.18160e-16 3.92351e-18 1
SPEC:   4552.30   4555.30 1.21092e-16 3.90188e-18 1
SPEC:   4555.30   4558.30 1.16446e-16 3.89196e-18 1
SPEC:   4558.20   4561.20 1.12737e-16 3.88024e-18 1
SPEC:   4561.20   4564.20 1.06560e-16 3.86001e-18 1
SPEC:   4564.20   4567.20 1.12493e-16 3.84372e-18 1
SPEC:   4567.20   4570.20 1.10865e-16 3.82667e-18 1
SPEC:   4570.20   4573.20 1.05446e-16 3.81488e-18 1
SPEC:   4573.20   4576.20 1.04865e-16 3.81746e-18 1
SPEC:   4576.20   4579.20 1.09043e-16 3.79504e-18 1
SPEC:   4579.20   4582.20 1.12409e-16 3.78456e-18 1
SPEC:   4582.20   4585.20 1.03468e-16 3.77501e-18 1
SPEC:   4585.20   4588.20 9.93035e-17 3.76567e-18 1
SPEC:   4588.20   4591.20 9.71388e-17 3.76426e-18 1
SPEC:   4591.20   4594.20 9.66395e-17 3.75215e-18 1
SPEC:   4594.20   4597.20 9.77321e-17 3.75709e-18 1
SPEC:   4597.20   4600.20 9.60758e-17 3.74012e-18 1
SPEC:   4600.10   4603.10 1.00025e-16 3.72475e-18 1
SPEC:   4603.10   4606.10 9.72377e-17 3.73221e-18 1
SPEC:   4606.10   4609.10 8.87707e-17 3.73655e-18 1
SPEC:   4609.10   4612.10 8.83024e-17 3.73725e-18 1
SPEC:   4612.10   4615.10 9.14931e-17 3.73490e-18 1
SPEC:   4615.10   4618.10 9.32947e-17 3.73933e-18 1
SPEC:   4618.10   4621.10 8.96438e-17 3.73882e-18 1
SPEC:   4621.10   4624.10 8.47292e-17 3.74173e-18 1
SPEC:   4624.10   4627.10 8.43061e-17 3.75014e-18 1
SPEC:   4627.10   4630.10 8.21810e-17 3.76000e-18 1
SPEC:   4630.10   4633.10 8.11245e-17 3.74813e-18 1
SPEC:   4633.10   4636.10 8.14599e-17 3.74576e-18 1
SPEC:   4636.10   4639.10 8.19664e-17 3.76921e-18 1
SPEC:   4639.10   4642.10 8.35167e-17 3.77493e-18 1
SPEC:   4642.10   4645.10 8.06168e-17 3.78959e-18 1
SPEC:   4645.10   4648.10 7.88393e-17 3.78989e-18 1
SPEC:   4648.00   4651.00 7.98099e-17 3.81219e-18 1
SPEC:   4651.00   4654.00 8.21646e-17 3.82346e-18 1
SPEC:   4654.00   4657.00 7.91597e-17 3.83526e-18 1
SPEC:   4657.00   4660.00 7.65691e-17 3.85426e-18 1
SPEC:   4660.00   4663.00 8.14227e-17 3.87808e-18 1
SPEC:   4663.00   4666.00 8.50750e-17 3.89049e-18 1
SPEC:   4666.00   4669.00 8.47328e-17 3.90416e-18 1
SPEC:   4669.00   4672.00 8.31957e-17 3.91915e-18 1
SPEC:   4672.00   4675.00 8.63320e-17 3.94760e-18 1
SPEC:   4675.00   4678.00 8.76970e-17 3.96355e-18 1
SPEC:   4678.00   4681.00 8.37698e-17 3.98299e-18 1
SPEC:   4681.00   4684.00 8.82046e-17 4.00413e-18 1
SPEC:   4684.00   4687.00 8.75313e-17 4.02379e-18 1
SPEC:   4687.00   4690.00 9.22024e-17 4.04212e-18 1
SPEC:   4689.90   4692.90 9.77936e-17 4.06246e-18 1
SPEC:   4692.90   4695.90 8.94795e-17 4.08270e-18 1
SPEC:   4695.90   4698.90 8.52658e-17 4.11035e-18 1
SPEC:   4698.90   4701.90 8.49321e-17 4.12495e-18 1
SPEC:   4701.90   4704.90 8.53557e-17 4.14464e-18 1
SPEC:   4704.90   4707.90 9.04274e-17 4.17476e-18 1
SPEC:   4707.90   4710.90 9.53340e-17 4.19345e-18 1
SPEC:   4710.90   4713.90 9.52028e-17 4.21283e-18 1
SPEC:   4713.90   4716.90 9.12920e-17 4.23446e-18 1
SPEC:   4716.90   4719.90 9.46000e-17 4.26709e-18 1
SPEC:   4719.90   4722.90 9.59953e-17 4.27561e-18 1
SPEC:   4722.90   4725.90 9.95462e-17 4.30186e-18 1
SPEC:   4725.90   4728.90 9.54743e-17 4.31654e-18 1
SPEC:   4728.90   4731.90 9.24814e-17 4.33354e-18 1
SPEC:   4731.90   4734.90 9.12667e-17 4.34961e-18 1
SPEC:   4734.90   4737.90 1.01426e-16 4.37222e-18 1
SPEC:   4737.80   4740.80 1.06383e-16 4.38594e-18 1
SPEC:   4740.80   4743.80 1.00716e-16 4.39522e-18 1
SPEC:   4743.80   4746.80 9.81688e-17 4.41022e-18 1
SPEC:   4746.80   4749.80 1.01462e-16 4.43081e-18 1
SPEC:   4749.80   4752.80 9.98795e-17 4.43955e-18 1
SPEC:   4752.80   4755.80 9.66406e-17 4.44679e-18 1
SPEC:   4755.80   4758.80 9.16178e-17 4.45449e-18 1
SPEC:   4758.80   4761.80 9.01908e-17 4.45991e-18 1
SPEC:   4761.80   4764.80 9.38936e-17 4.46055e-18 1
SPEC:   4764.80   4767.80 1.00796e-16 4.47347e-18 1
SPEC:   4767.80   4770.80 9.52209e-17 4.47454e-18 1
SPEC:   4770.80   4773.80 9.25113e-17 4.49081e-18 1
SPEC:   4773.80   4776.80 1.00020e-16 4.49134e-18 1
SPEC:   4776.80   4779.80 9.97096e-17 4.48577e-18 1
SPEC:   4779.70   4782.70 9.35722e-17 4.47984e-18 1
SPEC:   4782.70   4785.70 9.58579e-17 4.47146e-18 1
SPEC:   4785.70   4788.70 9.12194e-17 4.46367e-18 1
SPEC:   4788.70   4791.70 8.62726e-17 4.45203e-18 1
SPEC:   4791.70   4794.70 8.89389e-17 4.43729e-18 1
SPEC:   4794.70   4797.70 8.71123e-17 4.43975e-18 1
SPEC:   4797.70   4800.70 9.35414e-17 4.41872e-18 1
SPEC:   4800.70   4803.70 9.81565e-17 4.40818e-18 1
SPEC:   4803.70   4806.70 9.09596e-17 4.38784e-18 1
SPEC:   4806.70   4809.70 9.06283e-17 4.36050e-18 1
SPEC:   4809.70   4812.70 9.91316e-17 4.34024e-18 1
SPEC:   4812.70   4815.70 1.00403e-16 4.32734e-18 1
SPEC:   4815.70   4818.70 1.01055e-16 4.29895e-18 1
SPEC:   4818.70   4821.70 1.06310e-16 4.27557e-18 1
SPEC:   4821.70   4824.70 1.09550e-16 4.24439e-18 1
SPEC:   4824.60   4827.60 1.06405e-16 4.21269e-18 1
SPEC:   4827.60   4830.60 1.03612e-16 4.18674e-18 1
SPEC:   4830.60   4833.60 1.10296e-16 4.14685e-18 1
SPEC:   4833.60   4836.60 1.13782e-16 4.11635e-18 1
SPEC:   4836.60   4839.60 1.15476e-16 4.07184e-18 1
SPEC:   4839.60   4842.60 1.17111e-16 4.01918e-18 1
SPEC:   4842.60   4845.60 1.11841e-16 3.98237e-18 1
SPEC:   4845.60   4848.60 1.07625e-16 3.94331e-18 1
SPEC:   4848.60   4851.60 1.16690e-16 3.90118e-18 1
SPEC:   4851.60   4854.60 1.23588e-16 3.85019e-18 1
SPEC:   4854.60   4857.60 1.12302e-16 3.78116e-18 1
SPEC:   4857.60   4860.60 1.12889e-16 3.74937e-18 1
SPEC:   4860.60   4863.60 1.18947e-16 3.69387e-18 1
SPEC:   4863.60   4866.60 1.17838e-16 3.64054e-18 1
SPEC:   4866.60   4869.60 1.16638e-16 3.58299e-18 1
SPEC:   4869.60   4872.60 1.15569e-16 3.52350e-18 1
SPEC:   4872.50   4875.50 1.15397e-16 3.46015e-18 1
SPEC:   4875.50   4878.50 1.13283e-16 3.41290e-18 1
SPEC:   4878.50   4881.50 1.17261e-16 3.35300e-18 1
SPEC:   4881.50   4884.50 1.21782e-16 3.29140e-18 1
SPEC:   4884.50   4887.50 1.20589e-16 3.22225e-18 1
SPEC:   4887.50   4890.50 1.19282e-16 3.16457e-18 1
SPEC:   4890.50   4893.50 1.21711e-16 3.10223e-18 1
SPEC:   4893.50   4896.50 1.12772e-16 3.03606e-18 1
SPEC:   4896.50   4899.50 1.13844e-16 2.96568e-18 1
SPEC:   4899.50   4902.50 1.13587e-16 2.89591e-18 1
SPEC:   4902.50   4905.50 1.13459e-16 2.83971e-18 1
SPEC:   4905.50   4908.50 1.17503e-16 2.76335e-18 1
SPEC:   4908.50   4911.50 1.15821e-16 2.68036e-18 1
SPEC:   4911.40   4914.40 1.16168e-16 2.61133e-18 1
SPEC:   4914.40   4917.40 1.12570e-16 2.63724e-18 1
SPEC:   4917.40   4920.40 1.05243e-16 2.54030e-18 1
SPEC:   4920.40   4923.40 1.04432e-16 2.40078e-18 1
SPEC:   4923.40   4926.40 1.06323e-16 2.34828e-18 1
SPEC:   4926.40   4929.40 1.11564e-16 2.27790e-18 1
SPEC:   4929.40   4932.40 1.07873e-16 2.21702e-18 1
SPEC:   4932.40   4935.40 1.07201e-16 2.15525e-18 1
SPEC:   4935.40   4938.40 1.06531e-16 2.09689e-18 1
SPEC:   4938.40   4941.40 1.05863e-16 2.03224e-18 1
SPEC:   4941.40   4944.40 1.05196e-16 1.95698e-18 1
SPEC:   4944.40   4947.40 1.04529e-16 1.89421e-18 1
SPEC:   4947.40   4950.40 1.03865e-16 1.83869e-18 1
SPEC:   4950.40   4953.40 1.03202e-16 1.79489e-18 1
SPEC:   4953.40   4956.40 1.02541e-16 1.73317e-18 1
SPEC:   4956.40   4959.40 1.01882e-16 1.66495e-18 1
SPEC:   4959.40   4962.40 1.01223e-16 1.61898e-18 1
SPEC:   4962.30   4965.30 1.00566e-16 1.57104e-18 1
SPEC:   4965.30   4968.30 9.99108e-17 1.51479e-18 1
SPEC:   4968.30   4971.30 9.92565e-17 1.46691e-18 1
SPEC:   4971.30   4974.30 9.86043e-17 1.42739e-18 1
SPEC:   4974.30   4977.30 9.79526e-17 1.37748e-18 1
SPEC:   4977.30   4980.30 9.73032e-17 1.33451e-18 1
SPEC:   4980.30   4983.30 9.66554e-17 1.29418e-18 1
SPEC:   4983.30   4986.30 9.60093e-17 1.26146e-18 1
SPEC:   4986.30   4989.30 9.53649e-17 1.23959e-18 1
SPEC:   4989.30   4992.30 9.47227e-17 1.20046e-18 1
SPEC:   4992.30   4995.30 9.40816e-17 1.25631e-18 1
SPEC:   4995.30   4998.30 9.34442e-17 1.16343e-18 1
SPEC:   4998.30   5001.30 9.28104e-17 1.13876e-18 1
SPEC:   5001.30   5004.30 9.21820e-17 1.11376e-18 1
SPEC:   5004.30   5007.30 9.15553e-17 1.09630e-18 1
SPEC:   5007.20   5010.20 9.09315e-17 1.09716e-18 1
SPEC:   5010.20   5013.20 9.03090e-17 1.07099e-18 1
SPEC:   5013.20   5016.20 8.96890e-17 1.07143e-18 1
SPEC:   5016.20   5019.20 8.90710e-17 1.07850e-18 1
SPEC:   5019.20   5022.20 8.84544e-17 1.07584e-18 1
SPEC:   5022.20   5025.20 8.78396e-17 1.07803e-18 1
SPEC:   5025.20   5028.20 8.72274e-17 1.07548e-18 1
SPEC:   5028.20   5031.20 8.66162e-17 1.09406e-18 1
SPEC:   5031.20   5034.20 8.60064e-17 1.10969e-18 1
SPEC:   5034.20   5037.20 8.53987e-17 1.12311e-18 1
SPEC:   5037.20   5040.20 8.47922e-17 1.12637e-18 1
SPEC:   5040.20   5043.20 8.41867e-17 1.14228e-18 1
SPEC:   5043.20   5046.20 8.35841e-17 1.17443e-18 1
SPEC:   5046.10   5049.10 8.29814e-17 1.20528e-18 1
SPEC:   5049.10   5052.10 8.23803e-17 1.23601e-18 1
SPEC:   5052.10   5055.10 8.17804e-17 1.27274e-18 1
SPEC:   5055.10   5058.10 8.11825e-17 1.30311e-18 1
SPEC:   5058.10   5061.10 8.05852e-17 1.33720e-18 1
SPEC:   5061.10   5064.10 7.99897e-17 1.37963e-18 1
SPEC:   5064.10   5067.10 7.93946e-17 1.44543e-18 1
SPEC:   5067.10   5070.10 7.88012e-17 1.46124e-18 1
SPEC:   5070.10   5073.10 7.82080e-17 1.49408e-18 1
SPEC:   5073.10   5076.10 7.76171e-17 1.53138e-18 1
SPEC:   5076.10   5079.10 7.70267e-17 1.58798e-18 1
SPEC:   5079.10   5082.10 7.64375e-17 1.63086e-18 1
SPEC:   5082.10   5085.10 7.58494e-17 1.68800e-18 1
SPEC:   5085.10   5088.10 7.52619e-17 1.73940e-18 1
SPEC:   5088.10   5091.10 7.46761e-17 1.79616e-18 1
SPEC:   5091.10   5094.10 7.40907e-17 1.85104e-18 1
SPEC:   5094.10   5097.10 7.35065e-17 1.90285e-18 1
SPEC:   5097.00   5100.00 7.29231e-17 1.94321e-18 1
SPEC:   5100.00   5103.00 7.23409e-17 2.00715e-18 1
SPEC:   5103.00   5106.00 7.17598e-17 2.07245e-18 1
SPEC:   5106.00   5109.00 7.11792e-17 2.12422e-18 1
SPEC:   5109.00   5112.00 7.13526e-17 2.17352e-18 1
SPEC:   5112.00   5115.00 7.34789e-17 2.23902e-18 1
SPEC:   5115.00   5118.00 7.52231e-17 2.29937e-18 1
SPEC:   5118.00   5121.00 7.52444e-17 2.35257e-18 1
SPEC:   5121.00   5124.00 6.72059e-17 2.40020e-18 1
SPEC:   5124.00   5127.00 6.82524e-17 2.45478e-18 1
SPEC:   5127.00   5130.00 6.92749e-17 2.51181e-18 1
SPEC:   5130.00   5133.00 7.27684e-17 2.56912e-18 1
SPEC:   5133.00   5136.00 7.12600e-17 2.61880e-18 1
SPEC:   5135.90   5138.90 7.45689e-17 2.66531e-18 1
SPEC:   5138.90   5141.90 7.31994e-17 2.71214e-18 1
SPEC:   5141.90   5144.90 7.48628e-17 2.76979e-18 1
SPEC:   5144.90   5147.90 7.36851e-17 2.82266e-18 1
SPEC:   5147.90   5150.90 7.26238e-17 2.86840e-18 1
SPEC:   5150.90   5153.90 7.77613e-17 2.92094e-18 1
SPEC:   5153.90   5156.90 6.91434e-17 2.95461e-18 1
SPEC:   5156.90   5159.90 6.79360e-17 2.99363e-18 1
SPEC:   5159.90   5162.90 7.19870e-17 3.04076e-18 1
SPEC:   5162.90   5165.90 6.60745e-17 3.07287e-18 1
SPEC:   5165.90   5168.90 7.01043e-17 3.10422e-18 1
SPEC:   5168.90   5171.90 6.83484e-17 3.13405e-18 1
SPEC:   5171.90   5174.90 7.76448e-17 3.17477e-18 1
SPEC:   5174.90   5177.90 7.25540e-17 3.21404e-18 1
SPEC:   5177.90   5180.90 7.32651e-17 3.24918e-18 1
SPEC:   5180.90   5183.90 7.65769e-17 3.25935e-18 1
SPEC:   5183.90   5186.90 7.62331e-17 3.29550e-18 1
SPEC:   5186.80   5189.80 6.96643e-17 3.33897e-18 1
SPEC:   5189.80   5192.80 6.22141e-17 3.35091e-18 1
SPEC:   5192.80   5195.80 6.63294e-17 3.41355e-18 1
SPEC:   5195.80   5198.80 6.40502e-17 3.57448e-18 1
SPEC:   5198.80   5201.80 6.70133e-17 3.58294e-18 1
SPEC:   5201.80   5204.80 6.73640e-17 3.47508e-18 1
SPEC:   5204.80   5207.80 6.48733e-17 3.44810e-18 1
SPEC:   5207.80   5210.80 6.19025e-17 3.45047e-18 1
SPEC:   5210.80   5213.80 5.67650e-17 3.46367e-18 1
SPEC:   5213.80   5216.80 5.70479e-17 3.47962e-18 1
SPEC:   5216.80   5219.80 5.94825e-17 3.49518e-18 1
SPEC:   5219.80   5222.80 6.24322e-17 3.50633e-18 1
SPEC:   5222.80   5225.80 6.11696e-17 3.50174e-18 1
SPEC:   5225.70   5228.70 5.45691e-17 3.49027e-18 1
SPEC:   5228.70   5231.70 5.19436e-17 3.49054e-18 1
SPEC:   5231.70   5234.70 5.58522e-17 3.49851e-18 1
SPEC:   5234.70   5237.70 5.35933e-17 3.52144e-18 1
SPEC:   5237.70   5240.70 5.89635e-17 3.52747e-18 1
SPEC:   5240.70   5243.70 5.32096e-17 3.50826e-18 1
SPEC:   5243.70   5246.70 5.69123e-17 3.49765e-18 1
SPEC:   5246.70   5249.70 5.26480e-17 3.50579e-18 1
SPEC:   5249.70   5252.70 5.96483e-17 3.49900e-18 1
SPEC:   5252.70   5255.70 6.31907e-17 3.51146e-18 1
SPEC:   5255.70   5258.70 5.59881e-17 3.50959e-18 1
SPEC:   5258.70   5261.70 5.60517e-17 3.49293e-18 1
SPEC:   5261.70   5264.70 5.30589e-17 3.47515e-18 1
SPEC:   5264.70   5267.70 5.61613e-17 3.46790e-18 1
SPEC:   5267.70   5270.70 5.92764e-17 3.45948e-18 1
SPEC:   5270.60   5273.60 6.09441e-17 3.46606e-18 1
SPEC:   5273.60   5276.60 6.24275e-17 3.47107e-18 1
SPEC:   5276.60   5279.60 6.28283e-17 3.45681e-18 1
SPEC:   5279.60   5282.60 6.23906e-17 3.45062e-18 1
SPEC:   5282.60   5285.60 5.90456e-17 3.43793e-18 1
SPEC:   5285.60   5288.60 6.03827e-17 3.42915e-18 1
SPEC:   5288.60   5291.60 6.42054e-17 3.43128e-18 1
SPEC:   5291.60   5294.60 6.69670e-17 3.42363e-18 1
SPEC:   5294.60   5297.60 6.61984e-17 3.41600e-18 1
SPEC:   5297.60   5300.60 6.10114e-17 3.41386e-18 1
SPEC:   5300.60   5303.60 6.43323e-17 3.41848e-18 1
SPEC:   5303.60   5306.60 6.77376e-17 3.41154e-18 1
SPEC:   5306.60   5309.60 6.78845e-17 3.40273e-18 1
SPEC:   5309.60   5312.60 6.59014e-17 3.40072e-18 1
SPEC:   5312.60   5315.60 6.10202e-17 3.39112e-18 1
SPEC:   5315.60   5318.60 6.46248e-17 3.39008e-18 1
SPEC:   5318.50   5321.50 6.60669e-17 3.38653e-18 1
SPEC:   5321.50   5324.50 6.55216e-17 3.38726e-18 1
SPEC:   5324.50   5327.50 7.05861e-17 3.37259e-18 1
SPEC:   5327.50   5330.50 6.89078e-17 3.37154e-18 1
SPEC:   5330.50   5333.50 6.59414e-17 3.37527e-18 1
SPEC:   5333.50   5336.50 6.45731e-17 3.37905e-18 1
SPEC:   5336.50   5339.50 6.66094e-17 3.37344e-18 1
SPEC:   5339.50   5342.50 6.84052e-17 3.38083e-18 1
SPEC:   5342.50   5345.50 6.22793e-17 3.37347e-18 1
SPEC:   5345.50   5348.50 6.48033e-17 3.38714e-18 1
SPEC:   5348.50   5351.50 6.56200e-17 3.38596e-18 1
SPEC:   5351.50   5354.50 6.28839e-17 3.39208e-18 1
SPEC:   5354.50   5357.50 6.36035e-17 3.39025e-18 1
SPEC:   5357.50   5360.50 6.73190e-17 3.39581e-18 1
SPEC:   5360.40   5363.40 6.50381e-17 3.38816e-18 1
SPEC:   5363.40   5366.40 6.11789e-17 3.40086e-18 1
SPEC:   5366.40   5369.40 5.45983e-17 3.40549e-18 1
SPEC:   5369.40   5372.40 6.02741e-17 3.40939e-18 1
SPEC:   5372.40   5375.40 6.28383e-17 3.41643e-18 1
SPEC:   5375.40   5378.40 5.84670e-17 3.42020e-18 1
SPEC:   5378.40   5381.40 6.60849e-17 3.42966e-18 1
SPEC:   5381.40   5384.40 6.56830e-17 3.42800e-18 1
SPEC:   5384.40   5387.40 6.50953e-17 3.43792e-18 1
SPEC:   5387.40   5390.40 6.71750e-17 3.43770e-18 1
SPEC:   5390.40   5393.40 7.03595e-17 3.44122e-18 1
SPEC:   5393.40   5396.40 6.20414e-17 3.46265e-18 1
SPEC:   5396.40   5399.40 6.13012e-17 3.46303e-18 1
SPEC:   5399.40   5402.40 6.89887e-17 3.47328e-18 1
SPEC:   5402.40   5405.40 6.31874e-17 3.47907e-18 1
SPEC:   5405.40   5408.40 6.40087e-17 3.48719e-18 1
SPEC:   5408.30   5411.30 6.96207e-17 3.50014e-18 1
SPEC:   5411.30   5414.30 6.79013e-17 3.50794e-18 1
SPEC:   5414.30   5417.30 6.50012e-17 3.52157e-18 1
SPEC:   5417.30   5420.30 7.10538e-17 3.54163e-18 1
SPEC:   5420.30   5423.30 7.53854e-17 3.53678e-18 1
SPEC:   5423.30   5426.30 7.08630e-17 3.54597e-18 1
SPEC:   5426.30   5429.30 6.77073e-17 3.56163e-18 1
SPEC:   5429.30   5432.30 7.09264e-17 3.56787e-18 1
SPEC:   5432.30   5435.30 6.92900e-17 3.58092e-18 1
SPEC:   5435.30   5438.30 7.05635e-17 3.59319e-18 1
SPEC:   5438.30   5441.30 6.90577e-17 3.60912e-18 1
SPEC:   5441.30   5444.30 7.45716e-17 3.61932e-18 1
SPEC:   5444.30   5447.30 7.06985e-17 3.62562e-18 1
SPEC:   5447.30   5450.30 7.47157e-17 3.63706e-18 1
SPEC:   5450.30   5453.30 7.05606e-17 3.65465e-18 1
SPEC:   5453.20   5456.20 6.98792e-17 3.65839e-18 1
SPEC:   5456.20   5459.20 8.09223e-17 3.67288e-18 1
SPEC:   5459.20   5462.20 8.11559e-17 3.68420e-18 1
SPEC:   5462.20   5465.20 7.60979e-17 3.69569e-18 1
SPEC:   5465.20   5468.20 7.70823e-17 3.70955e-18 1
SPEC:   5468.20   5471.20 7.79336e-17 3.71734e-18 1
SPEC:   5471.20   5474.20 7.75613e-17 3.72403e-18 1
SPEC:   5474.20   5477.20 7.96842e-17 3.74233e-18 1
SPEC:   5477.20   5480.20 8.34591e-17 3.75856e-18 1
SPEC:   5480.20   5483.20 8.32057e-17 3.76862e-18 1
SPEC:   5483.20   5486.20 8.17844e-17 3.77639e-18 1
SPEC:   5486.20   5489.20 8.38052e-17 3.78590e-18 1
SPEC:   5489.20   5492.20 8.38744e-17 3.80100e-18 1
SPEC:   5492.20   5495.20 9.04941e-17 3.80880e-18 1
SPEC:   5495.10   5498.10 9.36302e-17 3.81880e-18 1
SPEC:   5498.10   5501.10 9.10050e-17 3.83662e-18 1
SPEC:   5501.10   5504.10 8.77921e-17 3.84915e-18 1
SPEC:   5504.10   5507.10 8.51076e-17 3.85469e-18 1
SPEC:   5507.10   5510.10 8.42868e-17 3.86678e-18 1
SPEC:   5510.10   5513.10 8.30831e-17 3.87291e-18 1
SPEC:   5513.10   5516.10 8.86195e-17 3.88231e-18 1
SPEC:   5516.10   5519.10 8.58017e-17 3.89251e-18 1
SPEC:   5519.10   5522.10 8.59849e-17 3.90182e-18 1
SPEC:   5522.10   5525.10 9.07400e-17 3.91243e-18 1
SPEC:   5525.10   5528.10 9.73316e-17 3.91477e-18 1
SPEC:   5528.10   5531.10 9.42019e-17 3.92803e-18 1
SPEC:   5531.10   5534.10 8.85241e-17 3.92848e-18 1
SPEC:   5534.10   5537.10 8.95482e-17 3.94348e-18 1
SPEC:   5537.10   5540.10 9.45853e-17 3.95224e-18 1
SPEC:   5540.10   5543.10 8.94718e-17 3.96762e-18 1
SPEC:   5543.00   5546.00 8.25909e-17 3.97950e-18 1
SPEC:   5546.00   5549.00 8.38898e-17 3.98339e-18 1
SPEC:   5549.00   5552.00 8.52744e-17 3.97788e-18 1
SPEC:   5552.00   5555.00 8.35506e-17 3.98192e-18 1
SPEC:   5555.00   5558.00 8.81180e-17 3.98605e-18 1
SPEC:   5558.00   5561.00 8.44306e-17 3.99640e-18 1
SPEC:   5561.00   5564.00 7.87304e-17 4.01665e-18 1
SPEC:   5564.00   5567.00 8.02433e-17 4.02986e-18 1
SPEC:   5567.00   5570.00 8.17546e-17 4.09801e-18 1
SPEC:   5570.00   5573.00 8.32647e-17 4.22685e-18 1
SPEC:   5573.00   5576.00 8.47740e-17 4.87591e-18 1
SPEC:   5576.00   5579.00 8.13852e-17 5.18064e-18 1
SPEC:   5579.00   5582.00 7.93839e-17 4.79317e-18 1
SPEC:   5582.00   5585.00 8.59339e-17 4.20850e-18 1
SPEC:   5584.90   5587.90 9.42039e-17 4.02790e-18 1
SPEC:   5587.90   5590.90 9.42506e-17 4.03712e-18 1
SPEC:   5590.90   5593.90 8.61363e-17 4.02609e-18 1
SPEC:   5593.90   5596.90 8.57157e-17 4.02843e-18 1
SPEC:   5596.90   5599.90 8.48015e-17 4.03392e-18 1
SPEC:   5599.90   5602.90 8.44741e-17 4.03525e-18 1
SPEC:   5602.90   5605.90 8.61643e-17 4.05050e-18 1
SPEC:   5605.90   5608.90 9.14836e-17 4.04514e-18 1
SPEC:   5608.90   5611.90 8.97097e-17 4.03181e-18 1
SPEC:   5611.90   5614.90 8.78796e-17 4.03292e-18 1
SPEC:   5614.90   5617.90 8.37239e-17 4.03520e-18 1
SPEC:   5617.90   5620.90 8.65067e-17 4.03570e-18 1
SPEC:   5620.90   5623.90 8.81734e-17 4.04215e-18 1
SPEC:   5623.90   5626.90 8.71731e-17 4.03997e-18 1
SPEC:   5626.90   5629.90 8.39217e-17 4.03303e-18 1
SPEC:   5629.90   5632.90 8.04345e-17 4.02585e-18 1
SPEC:   5632.80   5635.80 8.37059e-17 4.03131e-18 1
SPEC:   5635.80   5638.80 8.33340e-17 4.02627e-18 1
SPEC:   5638.80   5641.80 8.37414e-17 4.03086e-18 1
SPEC:   5641.80   5644.80 8.30376e-17 4.03739e-18 1
SPEC:   5644.80   5647.80 8.19793e-17 4.03790e-18 1
SPEC:   5647.80   5650.80 8.08144e-17 4.03209e-18 1
SPEC:   5650.80   5653.80 7.77694e-17 4.02444e-18 1
SPEC:   5653.80   5656.80 6.70205e-17 4.02462e-18 1
SPEC:   5656.80   5659.80 7.17365e-17 4.01848e-18 1
SPEC:   5659.80   5662.80 6.80619e-17 4.02142e-18 1
SPEC:   5662.80   5665.80 6.21736e-17 4.02195e-18 1
SPEC:   5665.80   5668.80 6.72537e-17 4.02628e-18 1
SPEC:   5668.80   5671.80 6.61803e-17 4.02727e-18 1
SPEC:   5671.70   5674.70 6.24532e-17 4.02169e-18 1
SPEC:   5674.70   5677.70 6.14442e-17 4.02672e-18 1
SPEC:   5677.70   5680.70 6.18615e-17 4.02228e-18 1
SPEC:   5680.70   5683.70 6.09874e-17 4.02010e-18 1
SPEC:   5683.70   5686.70 6.34280e-17 4.01730e-18 1
SPEC:   5686.70   5689.70 5.71979e-17 4.02107e-18 1
SPEC:   5689.70   5692.70 5.35086e-17 4.01855e-18 1
SPEC:   5692.70   5695.70 5.61435e-17 4.02188e-18 1
SPEC:   5695.70   5698.70 5.74326e-17 4.02110e-18 1
SPEC:   5698.70   5701.70 5.36280e-17 4.01439e-18 1
SPEC:   5701.70   5704.70 5.69136e-17 4.01250e-18 1
SPEC:   5704.70   5707.70 5.54152e-17 4.00859e-18 1
SPEC:   5707.70   5710.70 4.81608e-17 4.00917e-18 1
SPEC:   5710.70   5713.70 5.97962e-17 4.00935e-18 1
SPEC:   5713.70   5716.70 5.13555e-17 4.00766e-18 1
SPEC:   5716.60   5719.60 5.16068e-17 4.01135e-18 1
SPEC:   5719.60   5722.60 6.27037e-17 4.00488e-18 1
SPEC:   5722.60   5725.60 5.90050e-17 4.00479e-18 1
SPEC:   5725.60   5728.60 5.65469e-17 4.00019e-18 1
SPEC:   5728.60   5731.60 5.43045e-17 3.99654e-18 1
SPEC:   5731.60   5734.60 5.64897e-17 3.99911e-18 1
SPEC:   5734.60   5737.60 6.39183e-17 3.99433e-18 1
SPEC:   5737.60   5740.60 4.96767e-17 3.99131e-18 1
SPEC:   5740.60   5743.60 5.18672e-17 3.98991e-18 1
SPEC:   5743.60   5746.60 5.45820e-17 3.98957e-18 1
SPEC:   5746.60   5749.60 5.73090e-17 3.98800e-18 1
SPEC:   5749.60   5752.60 5.96116e-17 3.98456e-18 1
SPEC:   5752.60   5755.60 5.94495e-17 3.98066e-18 1
SPEC:   5755.60   5758.60 5.90300e-17 3.97647e-18 1
SPEC:   5758.60   5761.60 5.15701e-17 3.97926e-18 1
SPEC:   5761.60   5764.60 5.50102e-17 3.97063e-18 1
SPEC:   5764.60   5767.60 5.78038e-17 3.97202e-18 1
SPEC:   5767.50   5770.50 6.05107e-17 3.96728e-18 1
SPEC:   5770.50   5773.50 6.30865e-17 3.96134e-18 1
SPEC:   5773.50   5776.50 6.01246e-17 3.96096e-18 1
SPEC:   5776.50   5779.50 5.77764e-17 3.95476e-18 1
SPEC:   5779.50   5782.50 6.21903e-17 3.94880e-18 1
SPEC:   5782.50   5785.50 6.10138e-17 3.94716e-18 1
SPEC:   5785.50   5788.50 5.52516e-17 3.94429e-18 1
SPEC:   5788.50   5791.50 5.66352e-17 3.94167e-18 1
SPEC:   5791.50   5794.50 6.07457e-17 3.94257e-18 1
SPEC:   5794.50   5797.50 5.87589e-17 3.93124e-18 1
SPEC:   5797.50   5800.50 5.93713e-17 3.93149e-18 1
SPEC:   5800.50   5803.50 6.55107e-17 3.92439e-18 1
SPEC:   5803.50   5806.50 6.41003e-17 3.92535e-18 1
SPEC:   5806.40   5809.40 6.24635e-17 3.91712e-18 1
SPEC:   5809.40   5812.40 5.50594e-17 3.91082e-18 1
SPEC:   5812.40   5815.40 6.33490e-17 3.90511e-18 1
SPEC:   5815.40   5818.40 6.50076e-17 3.90012e-18 1
SPEC:   5818.40   5821.40 6.01063e-17 3.89308e-18 1
SPEC:   5821.40   5824.40 6.06129e-17 3.88947e-18 1
SPEC:   5824.40   5827.40 5.79274e-17 3.88422e-18 1
SPEC:   5827.40   5830.40 5.87135e-17 3.87398e-18 1
SPEC:   5830.40   5833.40 6.11463e-17 3.86808e-18 1
SPEC:   5833.40   5836.40 6.90511e-17 3.85753e-18 1
SPEC:   5836.40   5839.40 6.28388e-17 3.85368e-18 1
SPEC:   5839.40   5842.40 5.93548e-17 3.84704e-18 1
SPEC:   5842.40   5845.40 5.84340e-17 3.83202e-18 1
SPEC:   5845.40   5848.40 5.76397e-17 3.82457e-18 1
SPEC:   5848.40   5851.40 5.43410e-17 3.81352e-18 1
SPEC:   5851.40   5854.40 5.01267e-17 3.80750e-18 1
SPEC:   5854.40   5857.40 4.44643e-17 3.79177e-18 1
SPEC:   5857.30   5860.30 4.42646e-17 3.78658e-18 1
SPEC:   5860.30   5863.30 5.18401e-17 3.78704e-18 1
SPEC:   5863.30   5866.30 5.26646e-17 3.81037e-18 1
SPEC:   5866.30   5869.30 4.79039e-17 3.81160e-18 1
SPEC:   5869.30   5872.30 4.50462e-17 3.77989e-18 1
SPEC:   5872.30   5875.30 4.67511e-17 3.75239e-18 1
SPEC:   5875.30   5878.30 4.66381e-17 3.73659e-18 1
SPEC:   5878.30   5881.30 4.44399e-17 3.72356e-18 1
SPEC:   5881.30   5884.30 4.70849e-17 3.73384e-18 1
SPEC:   5884.30   5887.30 5.26655e-17 3.84375e-18 1
SPEC:   5887.30   5890.30 5.13532e-17 4.01032e-18 1
SPEC:   5890.30   5893.30 5.04415e-17 3.99694e-18 1
SPEC:   5893.30   5896.30 4.94067e-17 3.93701e-18 1
SPEC:   5896.30   5899.30 4.71725e-17 3.83633e-18 1
SPEC:   5899.30   5902.30 4.73227e-17 3.71128e-18 1
SPEC:   5902.20   5905.20 4.20397e-17 3.64476e-18 1
SPEC:   5905.20   5908.20 4.41242e-17 3.63011e-18 1
SPEC:   5908.20   5911.20 4.65601e-17 3.61696e-18 1
SPEC:   5911.20   5914.20 4.41630e-17 3.62404e-18 1
SPEC:   5914.20   5917.20 4.61220e-17 3.62133e-18 1
SPEC:   5917.20   5920.20 4.71924e-17 3.59200e-18 1
SPEC:   5920.20   5923.20 4.57151e-17 3.57425e-18 1
SPEC:   5923.20   5926.20 4.95418e-17 3.56779e-18 1
SPEC:   5926.20   5929.20 4.87110e-17 3.55255e-18 1
SPEC:   5929.20   5932.20 5.09448e-17 3.56729e-18 1
SPEC:   5932.20   5935.20 5.11120e-17 3.56384e-18 1
SPEC:   5935.20   5938.20 5.68535e-17 3.52912e-18 1
SPEC:   5938.20   5941.20 5.44437e-17 3.50140e-18 1
SPEC:   5941.10   5944.10 5.47540e-17 3.49711e-18 1
SPEC:   5944.10   5947.10 5.14686e-17 3.49367e-18 1
SPEC:   5947.10   5950.10 5.36577e-17 3.48553e-18 1
SPEC:   5950.10   5953.10 5.54041e-17 3.49141e-18 1
SPEC:   5953.10   5956.10 5.21912e-17 3.48548e-18 1
SPEC:   5956.10   5959.10 5.54359e-17 3.45440e-18 1
SPEC:   5959.10   5962.10 6.30188e-17 3.43172e-18 1
SPEC:   5962.10   5965.10 5.89992e-17 3.42643e-18 1
SPEC:   5965.10   5968.10 6.54662e-17 3.42012e-18 1
SPEC:   5968.10   5971.10 6.71331e-17 3.41895e-18 1
SPEC:   5971.10   5974.10 5.98611e-17 3.41308e-18 1
SPEC:   5974.10   5977.10 6.29489e-17 3.41659e-18 1
SPEC:   5977.10   5980.10 6.52903e-17 3.40651e-18 1
SPEC:   5980.10   5983.10 6.49655e-17 3.38406e-18 1
SPEC:   5983.10   5986.10 6.00423e-17 3.36885e-18 1
SPEC:   5986.10   5989.10 6.29098e-17 3.36144e-18 1
SPEC:   5989.00   5992.00 6.37582e-17 3.35587e-18 1
SPEC:   5992.00   5995.00 6.43580e-17 3.34685e-18 1
SPEC:   5995.00   5998.00 6.72115e-17 3.34781e-18 1
SPEC:   5998.00   6001.00 6.53020e-17 3.34308e-18 1
SPEC:   6001.00   6004.00 6.26667e-17 3.33709e-18 1
SPEC:   6004.00   6007.00 6.85929e-17 3.32746e-18 1
SPEC:   6007.00   6010.00 6.20028e-17 3.31476e-18 1
SPEC:   6010.00   6013.00 6.12592e-17 3.30362e-18 1
SPEC:   6013.00   6016.00 5.86997e-17 3.29578e-18 1
SPEC:   6016.00   6019.00 6.60061e-17 3.28774e-18 1
SPEC:   6019.00   6022.00 6.30603e-17 3.28350e-18 1
SPEC:   6022.00   6025.00 6.99328e-17 3.27644e-18 1
SPEC:   6025.00   6028.00 6.44152e-17 3.27796e-18 1
SPEC:   6028.00   6031.00 6.51833e-17 3.27130e-18 1
SPEC:   6030.90   6033.90 6.08590e-17 3.26905e-18 1
SPEC:   6033.90   6036.90 6.51390e-17 3.26429e-18 1
SPEC:   6036.90   6039.90 6.73247e-17 3.25069e-18 1
SPEC:   6039.90   6042.90 6.62793e-17 3.24224e-18 1
SPEC:   6042.90   6045.90 6.82501e-17 3.24031e-18 1
SPEC:   6045.90   6048.90 6.61269e-17 3.23337e-18 1
SPEC:   6048.90   6051.90 7.05475e-17 3.22760e-18 1
SPEC:   6051.90   6054.90 6.73384e-17 3.22166e-18 1
SPEC:   6054.90   6057.90 6.37516e-17 3.21697e-18 1
SPEC:   6057.90   6060.90 6.27086e-17 3.20915e-18 1
SPEC:   6060.90   6063.90 6.26874e-17 3.20500e-18 1
SPEC:   6063.90   6066.90 6.67965e-17 3.20536e-18 1
SPEC:   6066.90   6069.90 6.35802e-17 3.20030e-18 1
SPEC:   6069.90   6072.90 6.84299e-17 3.19123e-18 1
SPEC:   6072.90   6075.90 5.90104e-17 3.18802e-18 1
SPEC:   6075.90   6078.90 5.90703e-17 3.17936e-18 1
SPEC:   6078.80   6081.80 6.12576e-17 3.17475e-18 1
SPEC:   6081.80   6084.80 6.75975e-17 3.17374e-18 1
SPEC:   6084.80   6087.80 7.04420e-17 3.16928e-18 1
SPEC:   6087.80   6090.80 6.77758e-17 3.16586e-18 1
SPEC:   6090.80   6093.80 6.87007e-17 3.16399e-18 1
SPEC:   6093.80   6096.80 6.84640e-17 3.15983e-18 1
SPEC:   6096.80   6099.80 6.52048e-17 3.16303e-18 1
SPEC:   6099.80   6102.80 6.84544e-17 3.16098e-18 1
SPEC:   6102.80   6105.80 6.90064e-17 3.15773e-18 1
SPEC:   6105.80   6108.80 7.01122e-17 3.15509e-18 1
SPEC:   6108.80   6111.80 6.80893e-17 3.14864e-18 1
SPEC:   6111.80   6114.80 6.17658e-17 3.14995e-18 1
SPEC:   6114.80   6117.80 6.50781e-17 3.15026e-18 1
SPEC:   6117.80   6120.80 6.72258e-17 3.14835e-18 1
SPEC:   6120.70   6123.70 6.57179e-17 3.14180e-18 1
SPEC:   6123.70   6126.70 6.25132e-17 3.14424e-18 1
SPEC:   6126.70   6129.70 6.55451e-17 3.14593e-18 1
SPEC:   6129.70   6132.70 6.88954e-17 3.14672e-18 1
SPEC:   6132.70   6135.70 6.40863e-17 3.15099e-18 1
SPEC:   6135.70   6138.70 6.50364e-17 3.16090e-18 1
SPEC:   6138.70   6141.70 6.46368e-17 3.16550e-18 1
SPEC:   6141.70   6144.70 6.20071e-17 3.17231e-18 1
SPEC:   6144.70   6147.70 6.62894e-17 3.17016e-18 1
SPEC:   6147.70   6150.70 6.39613e-17 3.16178e-18 1
SPEC:   6150.70   6153.70 6.29801e-17 3.16255e-18 1
SPEC:   6153.70   6156.70 6.15198e-17 3.16503e-18 1
SPEC:   6156.70   6159.70 6.09978e-17 3.16453e-18 1
SPEC:   6159.70   6162.70 5.94296e-17 3.16507e-18 1
SPEC:   6162.70   6165.70 6.20471e-17 3.17036e-18 1
SPEC:   6165.60   6168.60 6.39060e-17 3.18546e-18 1
SPEC:   6168.60   6171.60 5.98196e-17 3.20456e-18 1
SPEC:   6171.60   6174.60 5.77952e-17 3.20391e-18 1
SPEC:   6174.60   6177.60 5.74144e-17 3.20633e-18 1
SPEC:   6177.60   6180.60 5.92924e-17 3.19939e-18 1
SPEC:   6180.60   6183.60 6.30451e-17 3.20959e-18 1
SPEC:   6183.60   6186.60 6.12898e-17 3.21189e-18 1
SPEC:   6186.60   6189.60 5.94511e-17 3.21750e-18 1
SPEC:   6189.60   6192.60 5.39400e-17 3.22565e-18 1
SPEC:   6192.60   6195.60 4.96082e-17 3.23379e-18 1
SPEC:   6195.60   6198.60 5.50910e-17 3.23384e-18 1
SPEC:   6198.60   6201.60 5.51987e-17 3.25010e-18 1
SPEC:   6201.60   6204.60 5.96202e-17 3.25563e-18 1
SPEC:   6204.60   6207.60 6.05834e-17 3.25749e-18 1
SPEC:   6207.60   6210.60 5.10215e-17 3.25876e-18 1
SPEC:   6210.60   6213.60 5.25533e-17 3.26801e-18 1
SPEC:   6213.50   6216.50 5.48521e-17 3.27715e-18 1
SPEC:   6216.50   6219.50 5.38406e-17 3.28666e-18 1
SPEC:   6219.50   6222.50 5.75669e-17 3.29659e-18 1
SPEC:   6222.50   6225.50 5.78130e-17 3.30069e-18 1
SPEC:   6225.50   6228.50 5.38439e-17 3.30129e-18 1
SPEC:   6228.50   6231.50 5.40973e-17 3.31868e-18 1
SPEC:   6231.50   6234.50 5.69068e-17 3.36664e-18 1
SPEC:   6234.50   6237.50 5.82540e-17 3.39069e-18 1
SPEC:   6237.50   6240.50 5.53795e-17 3.38672e-18 1
SPEC:   6240.50   6243.50 5.26848e-17 3.36111e-18 1
SPEC:   6243.50   6246.50 5.77608e-17 3.35244e-18 1
SPEC:   6246.50   6249.50 5.69240e-17 3.34745e-18 1
SPEC:   6249.50   6252.50 5.31733e-17 3.35022e-18 1
SPEC:   6252.50   6255.50 5.00548e-17 3.38004e-18 1
SPEC:   6255.40   6258.40 4.95396e-17 3.41206e-18 1
SPEC:   6258.40   6261.40 5.70246e-17 3.41711e-18 1
SPEC:   6261.40   6264.40 5.43016e-17 3.40368e-18 1
SPEC:   6264.40   6267.40 5.22318e-17 3.39320e-18 1
SPEC:   6267.40   6270.40 5.47558e-17 3.39016e-18 1
SPEC:   6270.40   6273.40 6.07836e-17 3.38746e-18 1
SPEC:   6273.40   6276.40 5.49794e-17 3.38906e-18 1
SPEC:   6276.40   6279.40 5.17542e-17 3.39276e-18 1
SPEC:   6279.40   6282.40 5.64185e-17 3.39305e-18 1
SPEC:   6282.40   6285.40 5.91752e-17 3.41513e-18 1
SPEC:   6285.40   6288.40 5.18763e-17 3.43474e-18 1
SPEC:   6288.40   6291.40 5.39104e-17 3.43203e-18 1
SPEC:   6291.40   6294.40 6.34339e-17 3.44646e-18 1
SPEC:   6294.40   6297.40 6.20456e-17 3.64407e-18 1
SPEC:   6297.40   6300.40 5.27233e-17 3.85295e-18 1
SPEC:   6300.40   6303.40 5.08108e-17 3.83625e-18 1
SPEC:   6303.30   6306.30 5.88347e-17 3.65624e-18 1
SPEC:   6306.30   6309.30 6.07298e-17 3.44519e-18 1
SPEC:   6309.30   6312.30 6.12187e-17 3.42549e-18 1
SPEC:   6312.30   6315.30 6.05478e-17 3.39154e-18 1
SPEC:   6315.30   6318.30 6.12775e-17 3.39407e-18 1
SPEC:   6318.30   6321.30 6.22408e-17 3.40515e-18 1
SPEC:   6321.30   6324.30 5.82184e-17 3.40893e-18 1
SPEC:   6324.30   6327.30 5.63305e-17 3.41566e-18 1
SPEC:   6327.30   6330.30 5.33872e-17 3.42786e-18 1
SPEC:   6330.30   6333.30 5.63615e-17 3.41864e-18 1
SPEC:   6333.30   6336.30 5.69181e-17 3.38946e-18 1
SPEC:   6336.30   6339.30 5.95147e-17 3.37062e-18 1
SPEC:   6339.30   6342.30 6.06477e-17 3.36728e-18 1
SPEC:   6342.30   6345.30 6.15050e-17 3.36701e-18 1
SPEC:   6345.30   6348.30 6.34851e-17 3.37426e-18 1
SPEC:   6348.20   6351.20 5.77826e-17 3.37058e-18 1
SPEC:   6351.20   6354.20 5.69531e-17 3.37654e-18 1
SPEC:   6354.20   6357.20 6.25754e-17 3.37902e-18 1
SPEC:   6357.20   6360.20 5.86225e-17 3.43255e-18 1
SPEC:   6360.20   6363.20 5.65232e-17 3.53150e-18 1
SPEC:   6363.20   6366.20 5.65100e-17 3.53169e-18 1
SPEC:   6366.20   6369.20 5.40885e-17 3.44861e-18 1
SPEC:   6369.20   6372.20 5.59464e-17 3.31907e-18 1
SPEC:   6372.20   6375.20 5.74865e-17 3.30559e-18 1
SPEC:   6375.20   6378.20 5.67097e-17 3.30824e-18 1
SPEC:   6378.20   6381.20 5.97776e-17 3.30339e-18 1
SPEC:   6381.20   6384.20 6.20111e-17 3.30378e-18 1
SPEC:   6384.20   6387.20 6.18608e-17 3.29959e-18 1
SPEC:   6387.10   6390.10 5.89741e-17 3.28872e-18 1
SPEC:   6390.10   6393.10 5.91696e-17 3.27138e-18 1
SPEC:   6393.10   6396.10 6.83783e-17 3.25672e-18 1
SPEC:   6396.10   6399.10 6.09010e-17 3.24829e-18 1
SPEC:   6399.10   6402.10 5.87512e-17 3.23945e-18 1
SPEC:   6402.10   6405.10 6.17541e-17 3.23497e-18 1
SPEC:   6405.10   6408.10 6.44439e-17 3.22620e-18 1
SPEC:   6408.10   6411.10 6.15164e-17 3.22034e-18 1
SPEC:   6411.10   6414.10 5.95090e-17 3.21582e-18 1
SPEC:   6414.10   6417.10 5.82637e-17 3.21055e-18 1
SPEC:   6417.10   6420.10 5.91938e-17 3.20447e-18 1
SPEC:   6420.10   6423.10 5.56963e-17 3.19394e-18 1
SPEC:   6423.10   6426.10 5.55386e-17 3.18304e-18 1
SPEC:   6426.10   6429.10 6.09485e-17 3.17218e-18 1
SPEC:   6429.10   6432.10 6.13964e-17 3.16257e-18 1
SPEC:   6432.10   6435.10 5.55171e-17 3.15459e-18 1
SPEC:   6435.10   6438.10 5.26043e-17 3.14862e-18 1
SPEC:   6438.00   6441.00 5.52960e-17 3.13929e-18 1
SPEC:   6441.00   6444.00 5.41086e-17 3.13127e-18 1
SPEC:   6444.00   6447.00 5.20933e-17 3.12253e-18 1
SPEC:   6447.00   6450.00 5.03994e-17 3.11921e-18 1
SPEC:   6450.00   6453.00 5.79203e-17 3.11193e-18 1
SPEC:   6453.00   6456.00 5.91055e-17 3.10584e-18 1
SPEC:   6456.00   6459.00 5.77997e-17 3.09792e-18 1
SPEC:   6459.00   6462.00 5.64555e-17 3.10513e-18 1
SPEC:   6462.00   6465.00 5.77205e-17 3.11427e-18 1
SPEC:   6465.00   6468.00 5.61227e-17 3.11606e-18 1
SPEC:   6468.00   6471.00 5.27083e-17 3.10614e-18 1
SPEC:   6471.00   6474.00 5.40197e-17 3.08091e-18 1
SPEC:   6474.00   6477.00 5.14805e-17 3.06253e-18 1
SPEC:   6476.90   6479.90 5.23790e-17 3.04312e-18 1
SPEC:   6479.90   6482.90 5.65003e-17 3.03099e-18 1
SPEC:   6482.90   6485.90 4.96200e-17 3.01638e-18 1
SPEC:   6485.90   6488.90 5.01349e-17 3.00950e-18 1
SPEC:   6488.90   6491.90 5.37671e-17 3.00194e-18 1
SPEC:   6491.90   6494.90 5.34967e-17 3.00558e-18 1
SPEC:   6494.90   6497.90 5.05139e-17 3.03809e-18 1
SPEC:   6497.90   6500.90 4.85198e-17 3.03972e-18 1
SPEC:   6500.90   6503.90 4.37144e-17 3.02068e-18 1
SPEC:   6503.90   6506.90 4.51316e-17 2.98686e-18 1
SPEC:   6506.90   6509.90 4.24806e-17 2.96639e-18 1
SPEC:   6509.90   6512.90 4.33555e-17 2.94827e-18 1
SPEC:   6512.90   6515.90 4.18961e-17 2.94119e-18 1
SPEC:   6515.90   6518.90 4.05055e-17 2.93849e-18 1
SPEC:   6518.90   6521.90 4.27856e-17 2.93371e-18 1
SPEC:   6521.90   6524.90 4.12728e-17 2.92965e-18 1
SPEC:   6524.90   6527.90 4.27278e-17 2.91795e-18 1
SPEC:   6527.80   6530.80 4.02080e-17 2.92600e-18 1
SPEC:   6530.80   6533.80 3.45774e-17 2.93916e-18 1
SPEC:   6533.80   6536.80 3.11643e-17 2.92465e-18 1
SPEC:   6536.80   6539.80 2.92036e-17 2.89352e-18 1
SPEC:   6539.80   6542.80 2.94835e-17 2.88868e-18 1
SPEC:   6542.80   6545.80 3.15018e-17 2.88338e-18 1
SPEC:   6545.80   6548.80 3.02555e-17 2.87326e-18 1
SPEC:   6548.80   6551.80 2.52240e-17 2.88317e-18 1
SPEC:   6551.80   6554.80 2.52689e-17 2.88879e-18 1
SPEC:   6554.80   6557.80 2.40629e-17 2.87091e-18 1
SPEC:   6557.80   6560.80 2.13353e-17 2.84026e-18 1
SPEC:   6560.80   6563.80 2.52417e-17 2.82496e-18 1
SPEC:   6563.80   6566.80 2.20128e-17 2.82294e-18 1
SPEC:   6566.70   6569.70 1.83902e-17 2.81341e-18 1
SPEC:   6569.70   6572.70 2.26855e-17 2.80609e-18 1
SPEC:   6572.70   6575.70 2.05990e-17 2.81562e-18 1
SPEC:   6575.70   6578.70 1.84539e-17 2.81417e-18 1
SPEC:   6578.70   6581.70 2.08673e-17 2.80183e-18 1
SPEC:   6581.70   6584.70 2.23507e-17 2.76411e-18 1
SPEC:   6584.70   6587.70 1.97081e-17 2.74654e-18 1
SPEC:   6587.70   6590.70 1.41288e-17 2.73746e-18 1
SPEC:   6590.70   6593.70 1.59538e-17 2.73469e-18 1
SPEC:   6593.70   6596.70 1.76449e-17 2.73173e-18 1
SPEC:   6596.70   6599.70 1.44336e-17 2.72368e-18 1
SPEC:   6599.70   6602.70 2.09048e-17 2.72497e-18 1
SPEC:   6602.70   6605.70 2.06677e-17 2.71660e-18 1
SPEC:   6605.70   6608.70 1.41451e-17 2.70300e-18 1
SPEC:   6608.70   6611.70 1.30333e-17 2.68021e-18 1
SPEC:   6611.60   6614.60 1.58784e-17 2.67036e-18 1
SPEC:   6614.60   6617.60 1.96029e-17 2.66078e-18 1
SPEC:   6617.60   6620.60 1.80580e-17 2.65380e-18 1
SPEC:   6620.60   6623.60 1.80555e-17 2.64566e-18 1
SPEC:   6623.60   6626.60 1.99753e-17 2.63810e-18 1
SPEC:   6626.60   6629.60 1.78483e-17 2.63371e-18 1
SPEC:   6629.60   6632.60 1.77312e-17 2.63156e-18 1
SPEC:   6632.60   6635.60 2.07427e-17 2.61785e-18 1
SPEC:   6635.60   6638.60 1.92554e-17 2.60921e-18 1
SPEC:   6638.60   6641.60 1.59735e-17 2.59611e-18 1
SPEC:   6641.60   6644.60 2.00319e-17 2.58304e-18 1
SPEC:   6644.60   6647.60 1.79090e-17 2.57299e-18 1
SPEC:   6647.60   6650.60 2.16511e-17 2.56548e-18 1
SPEC:   6650.60   6653.60 2.42336e-17 2.55847e-18 1
SPEC:   6653.60   6656.60 1.87431e-17 2.54894e-18 1
SPEC:   6656.60   6659.60 1.88922e-17 2.54558e-18 1
SPEC:   6659.50   6662.50 2.14161e-17 2.53621e-18 1
SPEC:   6662.50   6665.50 2.60631e-17 2.53209e-18 1
SPEC:   6665.50   6668.50 2.83548e-17 2.52172e-18 1
SPEC:   6668.50   6671.50 2.41703e-17 2.51258e-18 1
SPEC:   6671.50   6674.50 2.63203e-17 2.50069e-18 1
SPEC:   6674.50   6677.50 2.69963e-17 2.49089e-18 1
SPEC:   6677.50   6680.50 2.76080e-17 2.48364e-18 1
SPEC:   6680.50   6683.50 2.81666e-17 2.47661e-18 1
SPEC:   6683.50   6686.50 2.83384e-17 2.47241e-18 1
SPEC:   6686.50   6689.50 2.77450e-17 2.46612e-18 1
SPEC:   6689.50   6692.50 2.87776e-17 2.45666e-18 1
SPEC:   6692.50   6695.50 3.08008e-17 2.45311e-18 1
SPEC:   6695.50   6698.50 2.93138e-17 2.44715e-18 1
SPEC:   6698.50   6701.50 3.51930e-17 2.44096e-18 1
SPEC:   6701.40   6704.40 3.30039e-17 2.43578e-18 1
SPEC:   6704.40   6707.40 3.82172e-17 2.42611e-18 1
SPEC:   6707.40   6710.40 3.41542e-17 2.42116e-18 1
SPEC:   6710.40   6713.40 3.97626e-17 2.41500e-18 1
SPEC:   6713.40   6716.40 3.84417e-17 2.40768e-18 1
SPEC:   6716.40   6719.40 3.29989e-17 2.40086e-18 1
SPEC:   6719.40   6722.40 3.46828e-17 2.39182e-18 1
SPEC:   6722.40   6725.40 3.59933e-17 2.38685e-18 1
SPEC:   6725.40   6728.40 3.83850e-17 2.38160e-18 1
SPEC:   6728.40   6731.40 3.71532e-17 2.37624e-18 1
SPEC:   6731.40   6734.40 4.36235e-17 2.36965e-18 1
SPEC:   6734.40   6737.40 4.28559e-17 2.36323e-18 1
SPEC:   6737.40   6740.40 4.07083e-17 2.35930e-18 1
SPEC:   6740.40   6743.40 4.71492e-17 2.35828e-18 1
SPEC:   6743.40   6746.40 4.31706e-17 2.35350e-18 1
SPEC:   6746.40   6749.40 4.37187e-17 2.34650e-18 1
SPEC:   6749.30   6752.30 4.35955e-17 2.34198e-18 1
SPEC:   6752.30   6755.30 4.54238e-17 2.33333e-18 1
SPEC:   6755.30   6758.30 4.22353e-17 2.33401e-18 1
SPEC:   6758.30   6761.30 4.25866e-17 2.32955e-18 1
SPEC:   6761.30   6764.30 4.73013e-17 2.32431e-18 1
SPEC:   6764.30   6767.30 4.58428e-17 2.32327e-18 1
SPEC:   6767.30   6770.30 4.93953e-17 2.31673e-18 1
SPEC:   6770.30   6773.30 4.96233e-17 2.31489e-18 1
SPEC:   6773.30   6776.30 4.87910e-17 2.31386e-18 1
SPEC:   6776.30   6779.30 4.83612e-17 2.31039e-18 1
SPEC:   6779.30   6782.30 4.65339e-17 2.30488e-18 1
SPEC:   6782.30   6785.30 4.92318e-17 2.30543e-18 1
SPEC:   6785.30   6788.30 5.00939e-17 2.30519e-18 1
SPEC:   6788.30   6791.30 4.74634e-17 2.30321e-18 1
SPEC:   6791.30   6794.30 5.03960e-17 2.29673e-18 1
SPEC:   6794.20   6797.20 4.99509e-17 2.29513e-18 1
SPEC:   6797.20   6800.20 5.01948e-17 2.29319e-18 1
SPEC:   6800.20   6803.20 4.98877e-17 2.29540e-18 1
SPEC:   6803.20   6806.20 4.94299e-17 2.29264e-18 1
SPEC:   6806.20   6809.20 5.14001e-17 2.29184e-18 1
SPEC:   6809.20   6812.20 4.98672e-17 2.28842e-18 1
SPEC:   6812.20   6815.20 5.01977e-17 2.29012e-18 1
SPEC:   6815.20   6818.20 4.87532e-17 2.28628e-18 1
SPEC:   6818.20   6821.20 4.99976e-17 2.28783e-18 1
SPEC:   6821.20   6824.20 5.02198e-17 2.30097e-18 1
SPEC:   6824.20   6827.20 4.77036e-17 2.35431e-18 1
SPEC:   6827.20   6830.20 5.24225e-17 2.38901e-18 1
SPEC:   6830.20   6833.20 5.02698e-17 2.41178e-18 1
SPEC:   6833.20   6836.20 4.73476e-17 2.37588e-18 1
SPEC:   6836.10   6839.10 4.74483e-17 2.34874e-18 1
SPEC:   6839.10   6842.10 4.71571e-17 2.31399e-18 1
SPEC:   6842.10   6845.10 4.81377e-17 2.30742e-18 1
SPEC:   6845.10   6848.10 4.65992e-17 2.29324e-18 1
SPEC:   6848.10   6851.10 4.93370e-17 2.29165e-18 1
SPEC:   6851.10   6854.10 5.13606e-17 2.28809e-18 1
SPEC:   6854.10   6857.10 4.62494e-17 2.28529e-18 1
SPEC:   6857.10   6860.10 4.37523e-17 2.32310e-18 1
SPEC:   6860.10   6863.10 4.47412e-17 2.39869e-18 1
SPEC:   6863.10   6866.10 4.25968e-17 2.40885e-18 1
SPEC:   6866.10   6869.10 3.87597e-17 2.36721e-18 1
SPEC:   6869.10   6872.10 3.86526e-17 2.30444e-18 1
SPEC:   6872.10   6875.10 3.84440e-17 2.29286e-18 1
SPEC:   6875.10   6878.10 4.10312e-17 2.29067e-18 1
SPEC:   6878.10   6881.10 4.01836e-17 2.30144e-18 1
SPEC:   6881.10   6884.10 3.87858e-17 2.30585e-18 1
SPEC:   6884.00   6887.00 4.23300e-17 2.31257e-18 1
SPEC:   6887.00   6890.00 4.34390e-17 2.31819e-18 1
SPEC:   6890.00   6893.00 4.38768e-17 2.31194e-18 1
SPEC:   6893.00   6896.00 4.30992e-17 2.29546e-18 1
SPEC:   6896.00   6899.00 4.08958e-17 2.31205e-18 1
SPEC:   6899.00   6902.00 4.31012e-17 2.32194e-18 1
SPEC:   6902.00   6905.00 4.42398e-17 2.31337e-18 1
SPEC:   6905.00   6908.00 3.96713e-17 2.29126e-18 1
SPEC:   6908.00   6911.00 4.34296e-17 2.31524e-18 1
SPEC:   6911.00   6914.00 4.73617e-17 2.32522e-18 1
SPEC:   6914.00   6917.00 4.37857e-17 2.31268e-18 1
SPEC:   6917.00   6920.00 3.88504e-17 2.31767e-18 1
SPEC:   6920.00   6923.00 3.97052e-17 2.35351e-18 1
SPEC:   6923.00   6926.00 4.04500e-17 2.35697e-18 1
SPEC:   6925.90   6928.90 4.06587e-17 2.31250e-18 1
SPEC:   6928.90   6931.90 4.13444e-17 2.27846e-18 1
SPEC:   6931.90   6934.90 4.16959e-17 2.27936e-18 1
SPEC:   6934.90   6937.90 4.20721e-17 2.30551e-18 1
SPEC:   6937.90   6940.90 4.11017e-17 2.31382e-18 1
SPEC:   6940.90   6943.90 3.96547e-17 2.30520e-18 1
SPEC:   6943.90   6946.90 4.03881e-17 2.32979e-18 1
SPEC:   6946.90   6949.90 4.34813e-17 2.35107e-18 1
SPEC:   6949.90   6952.90 4.17930e-17 2.34136e-18 1
SPEC:   6952.90   6955.90 4.14033e-17 2.28453e-18 1
SPEC:   6955.90   6958.90 4.45958e-17 2.26586e-18 1
SPEC:   6958.90   6961.90 4.20309e-17 2.26076e-18 1
SPEC:   6961.90   6964.90 4.03856e-17 2.26142e-18 1
SPEC:   6964.90   6967.90 4.18374e-17 2.27569e-18 1
SPEC:   6967.90   6970.90 4.03481e-17 2.27851e-18 1
SPEC:   6970.90   6973.90 4.58991e-17 2.27725e-18 1
SPEC:   6973.80   6976.80 4.86029e-17 2.29245e-18 1
SPEC:   6976.80   6979.80 4.34320e-17 2.29655e-18 1
SPEC:   6979.80   6982.80 3.94356e-17 2.28104e-18 1
SPEC:   6982.80   6985.80 3.64775e-17 2.24672e-18 1
SPEC:   6985.80   6988.80 3.99190e-17 2.23698e-18 1
SPEC:   6988.80   6991.80 4.21869e-17 2.23121e-18 1
SPEC:   6991.80   6994.80 4.14294e-17 2.22990e-18 1
SPEC:   6994.80   6997.80 4.22911e-17 2.22801e-18 1
SPEC:   6997.80   7000.80 3.89941e-17 2.23254e-18 1
SPEC:   7000.80   7003.80 3.80231e-17 2.23523e-18 1
SPEC:   7003.80   7006.80 3.92462e-17 2.23455e-18 1
SPEC:   7006.80   7009.80 3.78494e-17 2.24181e-18 1
SPEC:   7009.80   7012.80 3.98562e-17 2.23837e-18 1
SPEC:   7012.70   7015.70 3.61893e-17 2.22768e-18 1
SPEC:   7015.70   7018.70 3.40817e-17 2.20633e-18 1
SPEC:   7018.70   7021.70 3.52074e-17 2.19971e-18 1
SPEC:   7021.70   7024.70 3.40093e-17 2.20121e-18 1
SPEC:   7024.70   7027.70 3.58674e-17 2.19911e-18 1
SPEC:   7027.70   7030.70 3.87536e-17 2.20005e-18 1
SPEC:   7030.70   7033.70 4.04565e-17 2.19698e-18 1
SPEC:   7033.70   7036.70 4.24732e-17 2.19434e-18 1
SPEC:   7036.70   7039.70 4.20144e-17 2.20152e-18 1
SPEC:   7039.70   7042.70 3.95243e-17 2.20428e-18 1
SPEC:   7042.70   7045.70 3.76794e-17 2.21712e-18 1
SPEC:   7045.70   7048.70 3.60560e-17 2.22631e-18 1
SPEC:   7048.70   7051.70 3.77704e-17 2.22445e-18 1
SPEC:   7051.70   7054.70 3.78256e-17 2.21061e-18 1
SPEC:   7054.70   7057.70 3.80373e-17 2.19977e-18 1
SPEC:   7057.60   7060.60 3.81802e-17 2.19882e-18 1
SPEC:   7060.60   7063.60 3.48515e-17 2.20352e-18 1
SPEC:   7063.60   7066.60 3.85302e-17 2.20960e-18 1
SPEC:   7066.60   7069.60 3.97334e-17 2.21059e-18 1
SPEC:   7069.60   7072.60 3.47993e-17 2.21105e-18 1
SPEC:   7072.60   7075.60 3.51547e-17 2.21050e-18 1
SPEC:   7075.60   7078.60 3.60522e-17 2.21344e-18 1
SPEC:   7078.60   7081.60 3.60900e-17 2.21684e-18 1
SPEC:   7081.60   7084.60 3.67483e-17 2.22266e-18 1
SPEC:   7084.60   7087.60 3.82164e-17 2.22735e-18 1
SPEC:   7087.60   7090.60 3.65173e-17 2.22642e-18 1
SPEC:   7090.60   7093.60 3.72664e-17 2.22507e-18 1
SPEC:   7093.60   7096.60 3.70723e-17 2.22216e-18 1
SPEC:   7096.60   7099.60 3.61421e-17 2.22336e-18 1
SPEC:   7099.60   7102.60 3.64301e-17 2.22783e-18 1
SPEC:   7102.60   7105.60 3.85606e-17 2.23260e-18 1
SPEC:   7105.60   7108.60 3.87215e-17 2.24088e-18 1
SPEC:   7108.50   7111.50 3.82523e-17 2.24206e-18 1
SPEC:   7111.50   7114.50 3.62864e-17 2.24470e-18 1
SPEC:   7114.50   7117.50 3.38209e-17 2.24918e-18 1
SPEC:   7117.50   7120.50 3.63532e-17 2.25480e-18 1
SPEC:   7120.50   7123.50 3.46931e-17 2.26266e-18 1
SPEC:   7123.50   7126.50 3.62227e-17 2.27111e-18 1
SPEC:   7126.50   7129.50 3.27308e-17 2.28282e-18 1
SPEC:   7129.50   7132.50 3.33474e-17 2.28741e-18 1
SPEC:   7132.50   7135.50 3.42000e-17 2.29054e-18 1
SPEC:   7135.50   7138.50 3.55280e-17 2.29516e-18 1
SPEC:   7138.50   7141.50 3.31028e-17 2.31084e-18 1
SPEC:   7141.50   7144.50 3.33274e-17 2.32413e-18 1
SPEC:   7144.50   7147.50 3.32097e-17 2.33050e-18 1
SPEC:   7147.40   7150.40 3.38408e-17 2.32875e-18 1
SPEC:   7150.40   7153.40 3.34149e-17 2.33145e-18 1
SPEC:   7153.40   7156.40 3.15187e-17 2.33423e-18 1
SPEC:   7156.40   7159.40 3.04069e-17 2.34630e-18 1
SPEC:   7159.40   7162.40 3.23063e-17 2.35247e-18 1
SPEC:   7162.40   7165.40 3.36175e-17 2.36087e-18 1
SPEC:   7165.40   7168.40 3.19291e-17 2.36358e-18 1
SPEC:   7168.40   7171.40 2.99734e-17 2.38850e-18 1
SPEC:   7171.40   7174.40 3.31795e-17 2.37597e-18 1
SPEC:   7174.40   7177.40 3.28696e-17 2.39083e-18 1
SPEC:   7177.40   7180.40 2.50109e-17 2.39426e-18 1
SPEC:   7180.40   7183.40 3.04014e-17 2.39457e-18 1
SPEC:   7183.40   7186.40 2.79426e-17 2.39571e-18 1
SPEC:   7186.40   7189.40 2.47113e-17 2.39709e-18 1
SPEC:   7189.40   7192.40 2.46254e-17 2.40184e-18 1
SPEC:   7192.40   7195.40 2.62026e-17 2.40723e-18 1
SPEC:   7195.40   7198.40 3.00124e-17 2.41246e-18 1
SPEC:   7198.30   7201.30 2.88519e-17 2.41922e-18 1
SPEC:   7201.30   7204.30 2.83299e-17 2.42080e-18 1
SPEC:   7204.30   7207.30 2.37144e-17 2.42290e-18 1
SPEC:   7207.30   7210.30 3.08050e-17 2.42751e-18 1
SPEC:   7210.30   7213.30 3.10512e-17 2.43012e-18 1
SPEC:   7213.30   7216.30 3.02586e-17 2.43598e-18 1
SPEC:   7216.30   7219.30 3.09519e-17 2.44326e-18 1
SPEC:   7219.30   7222.30 3.38273e-17 2.44637e-18 1
SPEC:   7222.30   7225.30 3.47525e-17 2.45163e-18 1
SPEC:   7225.30   7228.30 3.45554e-17 2.45311e-18 1
SPEC:   7228.30   7231.30 3.27760e-17 2.45522e-18 1
SPEC:   7231.30   7234.30 2.92363e-17 2.47233e-18 1
SPEC:   7234.30   7237.30 2.74395e-17 2.57047e-18 1
SPEC:   7237.30   7240.30 3.00156e-17 2.63973e-18 1
SPEC:   7240.30   7243.30 2.60967e-17 2.68771e-18 1
SPEC:   7243.20   7246.20 3.09281e-17 2.63487e-18 1
SPEC:   7246.20   7249.20 2.45786e-17 2.57524e-18 1
SPEC:   7249.20   7252.20 2.23711e-17 2.51500e-18 1
SPEC:   7252.20   7255.20 2.92383e-17 2.50626e-18 1
SPEC:   7255.20   7258.20 2.08542e-17 2.48377e-18 1
SPEC:   7258.20   7261.20 2.61275e-17 2.45902e-18 1
SPEC:   7261.20   7264.20 2.37981e-17 2.45759e-18 1
SPEC:   7264.20   7267.20 2.47406e-17 2.45965e-18 1
SPEC:   7267.20   7270.20 2.58469e-17 2.46327e-18 1
SPEC:   7270.20   7273.20 2.36823e-17 2.57339e-18 1
SPEC:   7273.20   7276.20 2.25759e-17 2.63950e-18 1
SPEC:   7276.20   7279.20 2.68925e-17 2.63248e-18 1
SPEC:   7279.20   7282.20 2.64207e-17 2.55777e-18 1
SPEC:   7282.10   7285.10 2.69519e-17 2.52838e-18 1
SPEC:   7285.10   7288.10 2.63426e-17 2.50235e-18 1
SPEC:   7288.10   7291.10 2.86723e-17 2.44445e-18 1
SPEC:   7291.10   7294.10 3.05410e-17 2.44935e-18 1
SPEC:   7294.10   7297.10 2.36348e-17 2.44603e-18 1
SPEC:   7297.10   7300.10 2.87643e-17 2.45448e-18 1
SPEC:   7300.10   7303.10 3.26556e-17 2.46387e-18 1
SPEC:   7303.10   7306.10 2.87602e-17 2.45973e-18 1
SPEC:   7306.10   7309.10 2.61638e-17 2.42291e-18 1
SPEC:   7309.10   7312.10 2.61387e-17 2.45393e-18 1
SPEC:   7312.10   7315.10 2.64518e-17 2.53891e-18 1
SPEC:   7315.10   7318.10 2.68902e-17 2.54017e-18 1
SPEC:   7318.10   7321.10 2.79653e-17 2.46292e-18 1
SPEC:   7321.10   7324.10 2.91056e-17 2.38639e-18 1
SPEC:   7324.10   7327.10 2.58882e-17 2.43847e-18 1
SPEC:   7327.10   7330.10 3.06620e-17 2.45141e-18 1
SPEC:   7330.10   7333.10 2.92796e-17 2.42350e-18 1
SPEC:   7333.00   7336.00 3.16604e-17 2.40178e-18 1
SPEC:   7336.00   7339.00 2.89220e-17 2.51729e-18 1
SPEC:   7339.00   7342.00 2.53467e-17 2.53599e-18 1
SPEC:   7342.00   7345.00 2.89393e-17 2.48296e-18 1
SPEC:   7345.00   7348.00 2.76297e-17 2.36744e-18 1
SPEC:   7348.00   7351.00 2.70209e-17 2.35237e-18 1
SPEC:   7351.00   7354.00 2.82988e-17 2.36306e-18 1
SPEC:   7354.00   7357.00 2.81042e-17 2.40835e-18 1
SPEC:   7357.00   7360.00 2.37339e-17 2.41137e-18 1
SPEC:   7360.00   7363.00 2.70135e-17 2.38288e-18 1
SPEC:   7363.00   7366.00 2.29848e-17 2.42610e-18 1
SPEC:   7366.00   7369.00 2.72240e-17 2.48451e-18 1
SPEC:   7369.00   7372.00 2.90032e-17 2.48038e-18 1
SPEC:   7371.90   7374.90 2.74361e-17 2.37926e-18 1
SPEC:   7374.90   7377.90 2.84629e-17 2.33282e-18 1
SPEC:   7377.90   7380.90 2.53216e-17 2.32618e-18 1
SPEC:   7380.90   7383.90 2.42840e-17 2.32444e-18 1
SPEC:   7383.90   7386.90 2.52849e-17 2.33067e-18 1
SPEC:   7386.90   7389.90 2.68778e-17 2.37396e-18 1
SPEC:   7389.90   7392.90 2.85430e-17 2.38379e-18 1
SPEC:   7392.90   7395.90 2.74945e-17 2.37091e-18 1
SPEC:   7395.90   7398.90 2.15176e-17 2.40402e-18 1
SPEC:   7398.90   7401.90 2.79265e-17 2.43310e-18 1
SPEC:   7401.90   7404.90 2.84637e-17 2.42307e-18 1
SPEC:   7404.90   7407.90 2.59757e-17 2.35039e-18 1
SPEC:   7407.90   7410.90 2.85063e-17 2.33426e-18 1
SPEC:   7410.90   7413.90 2.78642e-17 2.33937e-18 1
SPEC:   7413.90   7416.90 2.67427e-17 2.34844e-18 1
SPEC:   7416.90   7419.90 2.79456e-17 2.34520e-18 1
SPEC:   7419.80   7422.80 2.58192e-17 2.34462e-18 1
SPEC:   7422.80   7425.80 2.54716e-17 2.36396e-18 1
SPEC:   7425.80   7428.80 2.85278e-17 2.38754e-18 1
SPEC:   7428.80   7431.80 2.60961e-17 2.39139e-18 1
SPEC:   7431.80   7434.80 2.20467e-17 2.40669e-18 1
SPEC:   7434.80   7437.80 2.30116e-17 2.43253e-18 1
SPEC:   7437.80   7440.80 2.37218e-17 2.43525e-18 1
SPEC:   7440.80   7443.80 2.94277e-17 2.39789e-18 1
SPEC:   7443.80   7446.80 2.94334e-17 2.38284e-18 1
SPEC:   7446.80   7449.80 2.69933e-17 2.38922e-18 1
SPEC:   7449.80   7452.80 2.47118e-17 2.39604e-18 1
SPEC:   7452.80   7455.80 2.51401e-17 2.40390e-18 1
SPEC:   7455.80   7458.80 2.67585e-17 2.41723e-18 1
SPEC:   7458.80   7461.80 2.63407e-17 2.43774e-18 1
SPEC:   7461.70   7464.70 2.52535e-17 2.45905e-18 1
SPEC:   7464.70   7467.70 2.43459e-17 2.47825e-18 1
SPEC:   7467.70   7470.70 3.03710e-17 2.50776e-18 1
SPEC:   7470.70   7473.70 2.66950e-17 2.51679e-18 1
SPEC:   7473.70   7476.70 2.33358e-17 2.52982e-18 1
SPEC:   7476.70   7479.70 2.61346e-17 2.54303e-18 1
SPEC:   7479.70   7482.70 2.53620e-17 2.55838e-18 1
SPEC:   7482.70   7485.70 2.26818e-17 2.54156e-18 1
SPEC:   7485.70   7488.70 2.63848e-17 2.51912e-18 1
SPEC:   7488.70   7491.70 2.48143e-17 2.52367e-18 1
SPEC:   7491.70   7494.70 2.47520e-17 2.53307e-18 1
SPEC:   7494.70   7497.70 2.69590e-17 2.53595e-18 1
SPEC:   7497.70   7500.70 2.59538e-17 2.53796e-18 1
SPEC:   7500.70   7503.70 2.65254e-17 2.54536e-18 1
SPEC:   7503.70   7506.70 2.58680e-17 2.55547e-18 1
SPEC:   7506.60   7509.60 2.53853e-17 2.56223e-18 1
SPEC:   7509.60   7512.60 2.17253e-17 2.57561e-18 1
SPEC:   7512.60   7515.60 2.40690e-17 2.59945e-18 1
SPEC:   7515.60   7518.60 2.83352e-17 2.62930e-18 1
SPEC:   7518.60   7521.60 2.64742e-17 2.72023e-18 1
SPEC:   7521.60   7524.60 2.31437e-17 2.74135e-18 1
SPEC:   7524.60   7527.60 2.21323e-17 2.73595e-18 1
SPEC:   7527.60   7530.60 2.48400e-17 2.68434e-18 1
SPEC:   7530.60   7533.60 2.44486e-17 2.68058e-18 1
SPEC:   7533.60   7536.60 2.27673e-17 2.66711e-18 1
SPEC:   7536.60   7539.60 2.35378e-17 2.67743e-18 1
SPEC:   7539.60   7542.60 2.32019e-17 2.68471e-18 1
SPEC:   7542.60   7545.60 2.39256e-17 2.68536e-18 1
SPEC:   7545.60   7548.60 2.90129e-17 2.69134e-18 1
SPEC:   7548.60   7551.60 2.57481e-17 2.70123e-18 1
SPEC:   7551.60   7554.60 1.99398e-17 2.72998e-18 1
SPEC:   7554.50   7557.50 2.34893e-17 2.74829e-18 1
SPEC:   7557.50   7560.50 2.55082e-17 2.74778e-18 1
SPEC:   7560.50   7563.50 2.58214e-17 2.74111e-18 1
SPEC:   7563.50   7566.50 2.68978e-17 2.76498e-18 1
SPEC:   7566.50   7569.50 2.63144e-17 2.83135e-18 1
SPEC:   7569.50   7572.50 2.85533e-17 2.84931e-18 1
SPEC:   7572.50   7575.50 3.03406e-17 2.82983e-18 1
SPEC:   7575.50   7578.50 3.05536e-17 2.77705e-18 1
SPEC:   7578.50   7581.50 2.98129e-17 2.78173e-18 1
SPEC:   7581.50   7584.50 2.77758e-17 2.80922e-18 1
SPEC:   7584.50   7587.50 2.28045e-17 2.81776e-18 1
SPEC:   7587.50   7590.50 2.12614e-17 2.80489e-18 1
SPEC:   7590.50   7593.50 2.23867e-17 2.79582e-18 1
SPEC:   7593.50   7596.50 1.81014e-17 2.83394e-18 1
SPEC:   7596.40   7599.40 1.85399e-17 2.84050e-18 1
SPEC:   7599.40   7602.40 1.87067e-17 2.81774e-18 1
SPEC:   7602.40   7605.40 1.35340e-17 2.78549e-18 1
SPEC:   7605.40   7608.40 1.33007e-17 2.79179e-18 1
SPEC:   7608.40   7611.40 1.32198e-17 2.79570e-18 1
SPEC:   7611.40   7614.40 1.24334e-17 2.81802e-18 1
SPEC:   7614.40   7617.40 1.28372e-17 2.84049e-18 1
SPEC:   7617.40   7620.40 1.26219e-17 2.84659e-18 1
SPEC:   7620.40   7623.40 1.36492e-17 2.83864e-18 1
SPEC:   7623.40   7626.40 1.40821e-17 2.86278e-18 1
SPEC:   7626.40   7629.40 1.74647e-17 2.86686e-18 1
SPEC:   7629.40   7632.40 1.82851e-17 2.84824e-18 1
SPEC:   7632.40   7635.40 1.88926e-17 2.81291e-18 1
SPEC:   7635.40   7638.40 1.96756e-17 2.81143e-18 1
SPEC:   7638.40   7641.40 1.52420e-17 2.81449e-18 1
SPEC:   7641.40   7644.40 1.61490e-17 2.81329e-18 1
SPEC:   7644.30   7647.30 1.77121e-17 2.81202e-18 1
SPEC:   7647.30   7650.30 1.94521e-17 2.82377e-18 1
SPEC:   7650.30   7653.30 2.34591e-17 2.82721e-18 1
SPEC:   7653.30   7656.30 2.35574e-17 2.82299e-18 1
SPEC:   7656.30   7659.30 2.13200e-17 2.83556e-18 1
SPEC:   7659.30   7662.30 2.28573e-17 2.84053e-18 1
SPEC:   7662.30   7665.30 2.31617e-17 2.83600e-18 1
SPEC:   7665.30   7668.30 2.16114e-17 2.80977e-18 1
SPEC:   7668.30   7671.30 2.06215e-17 2.80099e-18 1
SPEC:   7671.30   7674.30 1.99426e-17 2.80082e-18 1
SPEC:   7674.30   7677.30 2.30166e-17 2.80052e-18 1
SPEC:   7677.30   7680.30 2.41325e-17 2.80491e-18 1
SPEC:   7680.30   7683.30 2.59232e-17 2.81155e-18 1
SPEC:   7683.30   7686.30 2.30633e-17 2.81729e-18 1
SPEC:   7686.30   7689.30 2.43721e-17 2.81892e-18 1
SPEC:   7689.20   7692.20 2.58150e-17 2.81303e-18 1
SPEC:   7692.20   7695.20 2.59659e-17 2.81449e-18 1
SPEC:   7695.20   7698.20 2.82309e-17 2.81800e-18 1
SPEC:   7698.20   7701.20 2.16236e-17 2.81503e-18 1
SPEC:   7701.20   7704.20 2.56787e-17 2.79440e-18 1
SPEC:   7704.20   7707.20 2.90577e-17 2.81759e-18 1
SPEC:   7707.20   7710.20 2.83533e-17 2.93884e-18 1
SPEC:   7710.20   7713.20 2.99060e-17 3.03297e-18 1
SPEC:   7713.20   7716.20 2.95344e-17 3.05476e-18 1
SPEC:   7716.20   7719.20 2.69376e-17 2.98423e-18 1
SPEC:   7719.20   7722.20 2.35734e-17 2.89565e-18 1
SPEC:   7722.20   7725.20 2.60085e-17 2.86239e-18 1
SPEC:   7725.20   7728.20 2.68334e-17 2.84987e-18 1
SPEC:   7728.10   7731.10 2.54854e-17 2.80671e-18 1
SPEC:   7731.10   7734.10 2.76849e-17 2.79845e-18 1
SPEC:   7734.10   7737.10 2.69828e-17 2.79705e-18 1
SPEC:   7737.10   7740.10 2.42898e-17 2.78672e-18 1
SPEC:   7740.10   7743.10 2.68493e-17 2.78168e-18 1
SPEC:   7743.10   7746.10 2.79960e-17 2.87449e-18 1
SPEC:   7746.10   7749.10 2.72093e-17 3.00372e-18 1
SPEC:   7749.10   7752.10 2.32822e-17 3.01212e-18 1
SPEC:   7752.10   7755.10 2.15043e-17 2.92623e-18 1
SPEC:   7755.10   7758.10 2.49658e-17 2.88319e-18 1
SPEC:   7758.10   7761.10 2.49305e-17 2.88212e-18 1
SPEC:   7761.10   7764.10 2.31610e-17 2.83856e-18 1
SPEC:   7764.10   7767.10 2.26452e-17 2.78568e-18 1
SPEC:   7767.10   7770.10 2.73743e-17 2.81343e-18 1
SPEC:   7770.10   7773.10 3.08916e-17 2.83058e-18 1
SPEC:   7773.10   7776.10 2.70852e-17 2.84776e-18 1
SPEC:   7776.10   7779.10 2.41810e-17 2.85810e-18 1
SPEC:   7779.00   7782.00 2.45028e-17 2.85929e-18 1
SPEC:   7782.00   7785.00 2.27261e-17 2.82774e-18 1
SPEC:   7785.00   7788.00 2.29808e-17 2.81526e-18 1
SPEC:   7788.00   7791.00 2.68315e-17 2.93516e-18 1
SPEC:   7791.00   7794.00 2.86964e-17 2.97821e-18 1
SPEC:   7794.00   7797.00 3.02059e-17 2.95412e-18 1
SPEC:   7797.00   7800.00 2.79843e-17 2.83534e-18 1
SPEC:   7800.00   7803.00 2.49438e-17 2.80836e-18 1
SPEC:   7803.00   7806.00 2.47428e-17 2.87621e-18 1
SPEC:   7806.00   7809.00 2.27025e-17 2.89536e-18 1
SPEC:   7809.00   7812.00 2.61893e-17 2.88086e-18 1
SPEC:   7812.00   7815.00 2.71778e-17 2.83153e-18 1
SPEC:   7815.00   7818.00 2.42654e-17 2.94685e-18 1
SPEC:   7817.90   7820.90 2.38429e-17 3.02098e-18 1
SPEC:   7820.90   7823.90 2.68517e-17 3.01093e-18 1
SPEC:   7823.90   7826.90 2.90312e-17 2.88373e-18 1
SPEC:   7826.90   7829.90 2.67784e-17 2.81970e-18 1
SPEC:   7829.90   7832.90 2.50740e-17 2.81360e-18 1
SPEC:   7832.90   7835.90 2.42355e-17 2.82558e-18 1
SPEC:   7835.90   7838.90 2.56904e-17 2.88681e-18 1
SPEC:   7838.90   7841.90 2.59264e-17 2.89981e-18 1
SPEC:   7841.90   7844.90 2.43456e-17 2.88185e-18 1
SPEC:   7844.90   7847.90 2.60195e-17 2.88152e-18 1
SPEC:   7847.90   7850.90 1.96438e-17 3.01846e-18 1
SPEC:   7850.90   7853.90 1.67390e-17 3.05108e-18 1
SPEC:   7853.90   7856.90 2.66181e-17 3.03758e-18 1
SPEC:   7856.90   7859.90 3.42636e-17 2.94965e-18 1
SPEC:   7859.90   7862.90 3.44078e-17 2.92372e-18 1
SPEC:   7862.90   7865.90 2.40877e-17 2.90274e-18 1
SPEC:   7865.90   7868.90 2.23974e-17 2.94414e-18 1
SPEC:   7868.80   7871.80 2.72073e-17 2.94079e-18 1
SPEC:   7871.80   7874.80 2.77937e-17 2.90816e-18 1
SPEC:   7874.80   7877.80 2.39586e-17 2.90071e-18 1
SPEC:   7877.80   7880.80 2.28270e-17 2.92000e-18 1
SPEC:   7880.80   7883.80 2.28197e-17 2.89789e-18 1
SPEC:   7883.80   7886.80 1.88489e-17 2.92946e-18 1
SPEC:   7886.80   7889.80 1.96661e-17 2.95087e-18 1
SPEC:   7889.80   7892.80 1.83749e-17 2.93361e-18 1
SPEC:   7892.80   7895.80 1.80747e-17 2.84549e-18 1
SPEC:   7895.80   7898.80 2.49092e-17 2.80822e-18 1
SPEC:   7898.80   7901.80 2.25446e-17 2.79996e-18 1
SPEC:   7901.80   7904.80 2.56698e-17 2.79807e-18 1
SPEC:   7904.80   7907.80 2.77793e-17 2.81969e-18 1
SPEC:   7907.70   7910.70 2.79738e-17 2.97374e-18 1
SPEC:   7910.70   7913.70 2.46670e-17 3.02863e-18 1
SPEC:   7913.70   7916.70 2.12831e-17 3.02526e-18 1
SPEC:   7916.70   7919.70 2.22160e-17 2.94529e-18 1
SPEC:   7919.70   7922.70 2.34766e-17 2.90818e-18 1
SPEC:   7922.70   7925.70 2.27513e-17 2.84539e-18 1
SPEC:   7925.70   7928.70 2.24507e-17 2.84908e-18 1
SPEC:   7928.70   7931.70 2.05765e-17 2.86236e-18 1
SPEC:   7931.70   7934.70 2.35907e-17 2.83624e-18 1
SPEC:   7934.70   7937.70 2.63785e-17 2.76284e-18 1
SPEC:   7937.70   7940.70 2.48086e-17 2.74239e-18 1
SPEC:   7940.70   7943.70 2.23166e-17 2.74870e-18 1
SPEC:   7943.70   7946.70 2.26212e-17 2.78927e-18 1
SPEC:   7946.70   7949.70 2.57915e-17 2.79484e-18 1
SPEC:   7949.70   7952.70 2.18617e-17 2.77215e-18 1
SPEC:   7952.60   7955.60 2.06005e-17 2.71454e-18 1
SPEC:   7955.60   7958.60 2.86970e-17 2.70355e-18 1
SPEC:   7958.60   7961.60 2.19567e-17 2.82169e-18 1
SPEC:   7961.60   7964.60 1.83362e-17 2.88172e-18 1
SPEC:   7964.60   7967.60 2.41104e-17 2.87152e-18 1
SPEC:   7967.60   7970.60 2.68652e-17 2.74645e-18 1
SPEC:   7970.60   7973.60 2.48283e-17 2.69996e-18 1
SPEC:   7973.60   7976.60 1.88471e-17 2.75064e-18 1
SPEC:   7976.60   7979.60 1.51586e-17 2.77225e-18 1
SPEC:   7979.60   7982.60 1.60839e-17 2.74484e-18 1
SPEC:   7982.60   7985.60 1.87028e-17 2.66799e-18 1
SPEC:   7985.60   7988.60 1.57104e-17 2.68373e-18 1
SPEC:   7988.60   7991.60 1.89360e-17 2.82087e-18 1
SPEC:   7991.60   7994.60 2.39844e-17 2.83931e-18 1
SPEC:   7994.60   7997.60 1.92678e-17 2.77236e-18 1
SPEC:   7997.60   8000.60 1.78871e-17 2.63697e-18 1
SPEC:   8000.60   8003.60 1.64108e-17 2.60659e-18 1
SPEC:   8003.50   8006.50 1.91472e-17 2.59101e-18 1
SPEC:   8006.50   8009.50 1.88464e-17 2.59669e-18 1
SPEC:   8009.50   8012.50 1.77910e-17 2.64478e-18 1
SPEC:   8012.50   8015.50 2.00447e-17 2.65152e-18 1
SPEC:   8015.50   8018.50 1.42466e-17 2.62412e-18 1
SPEC:   8018.50   8021.50 1.38563e-17 2.61874e-18 1
SPEC:   8021.50   8024.50 1.58586e-17 2.70625e-18 1
SPEC:   8024.50   8027.50 1.69403e-17 2.71412e-18 1
SPEC:   8027.50   8030.50 1.83727e-17 2.65075e-18 1
SPEC:   8030.50   8033.50 1.84192e-17 2.55050e-18 1
SPEC:   8033.50   8036.50 1.68001e-17 2.51877e-18 1
SPEC:   8036.50   8039.50 1.39580e-17 2.50609e-18 1
SPEC:   8039.50   8042.50 1.41421e-17 2.49308e-18 1
SPEC:   8042.40   8045.40 1.07397e-17 2.48577e-18 1
SPEC:   8045.40   8048.40 1.41485e-17 2.50072e-18 1
SPEC:   8048.40   8051.40 1.50576e-17 2.52354e-18 1
SPEC:   8051.40   8054.40 1.62257e-17 2.51643e-18 1
SPEC:   8054.40   8057.40 1.39947e-17 2.48588e-18 1
SPEC:   8057.40   8060.40 1.33888e-17 2.53009e-18 1
SPEC:   8060.40   8063.40 1.89821e-17 2.53980e-18 1
SPEC:   8063.40   8066.40 1.86137e-17 2.50660e-18 1
SPEC:   8066.40   8069.40 1.64510e-17 2.43288e-18 1
SPEC:   8069.40   8072.40 1.24418e-17 2.41440e-18 1
SPEC:   8072.40   8075.40 1.48043e-17 2.40847e-18 1
SPEC:   8075.40   8078.40 1.60071e-17 2.42958e-18 1
SPEC:   8078.40   8081.40 1.64638e-17 2.40200e-18 1
SPEC:   8081.40   8084.40 1.57167e-17 2.39684e-18 1
SPEC:   8084.40   8087.40 1.70074e-17 2.38711e-18 1
SPEC:   8087.40   8090.40 1.63724e-17 2.38418e-18 1
SPEC:   8090.30   8093.30 1.62053e-17 2.38763e-18 1
SPEC:   8093.30   8096.30 1.81816e-17 2.38183e-18 1
SPEC:   8096.30   8099.30 1.92334e-17 2.38292e-18 1
SPEC:   8099.30   8102.30 1.19223e-17 2.39542e-18 1
SPEC:   8102.30   8105.30 1.35554e-17 2.39094e-18 1
SPEC:   8105.30   8108.30 1.39712e-17 2.35470e-18 1
SPEC:   8108.30   8111.30 1.44521e-17 2.32887e-18 1
SPEC:   8111.30   8114.30 1.23159e-17 2.31481e-18 1
SPEC:   8114.30   8117.30 1.35192e-17 2.30684e-18 1
SPEC:   8117.30   8120.30 1.48351e-17 2.29980e-18 1
SPEC:   8120.30   8123.30 1.52792e-17 2.29688e-18 1
SPEC:   8123.30   8126.30 1.39533e-17 2.29291e-18 1
SPEC:   8126.30   8129.30 1.41338e-17 2.28565e-18 1
SPEC:   8129.30   8132.30 1.30577e-17 2.28319e-18 1
SPEC:   8132.30   8135.30 1.21829e-17 2.28314e-18 1
SPEC:   8135.20   8138.20 1.57690e-17 2.28613e-18 1
SPEC:   8138.20   8141.20 1.56531e-17 2.28216e-18 1
SPEC:   8141.20   8144.20 1.28203e-17 2.28143e-18 1
SPEC:   8144.20   8147.20 1.55275e-17 2.27550e-18 1
SPEC:   8147.20   8150.20 1.88742e-17 2.27034e-18 1
SPECTRUM_END:

